uri:/instrument/1.0/GOOG/chartdata;type=quote;range=1d/csv
ticker:goog
Company-Name:Alphabet Inc.
Exchange-Name:NMS
unit:MIN
timezone:EDT
currency:USD
gmtoffset:-14400
previous_close:724.1200
Timestamp:1464355800,1464379200
labels:1464357600,1464361200,1464364800,1464368400,1464372000,1464375600,1464379200
values:Timestamp,close,high,low,open,volume
close:724.5900,733.8100
high:725.9480,733.9360
low:724.0000,733.8100
open:724.0100,733.9300
volume:0,459900
1464355800,724.5900,725.9480,724.0000,724.0100,49000
1464355884,726.4300,726.4300,725.7400,725.7400,5000
1464355926,727.9590,728.0000,726.1500,726.5290,17000
1464356039,728.2400,728.4920,727.8500,728.0000,11500
1464356040,728.0400,728.8500,727.6700,728.2800,10600
1464356101,728.2000,728.5900,727.7550,727.7750,7200
1464356171,728.1600,728.4500,727.8500,728.4500,8200
1464356221,728.0400,728.1180,727.5100,727.9500,7400
1464356281,728.3200,728.5000,727.9750,727.9750,7100
1464356340,729.1200,729.2460,728.2500,728.2500,16000
1464356404,729.2700,729.4100,728.7700,729.0200,13100
1464356519,729.5000,729.7400,729.2000,729.4100,16800
1464356520,729.9000,729.9000,729.3300,729.4300,10200
1464356581,729.8500,730.0000,729.6000,729.9315,17900
1464356643,729.2200,729.9800,728.8400,729.9400,10900
1464356704,729.4000,729.8100,728.8300,729.3400,4500
1464356763,729.4400,729.9000,729.2800,729.4500,4200
1464356832,729.7400,729.9600,729.4300,729.6900,5700
1464356895,729.6848,729.7500,729.4300,729.6350,7000
1464356961,729.9100,730.0000,729.7000,729.8780,3600
1464357001,730.6000,730.6000,729.8700,730.0000,31000
1464357119,731.0798,731.0798,730.5100,730.7400,8600
1464357120,731.3700,731.5200,731.0600,731.0966,20400
1464357239,731.7100,731.7200,731.3700,731.3700,10000
1464357240,731.6478,731.9300,731.4300,731.7100,10000
1464357308,731.5600,731.8200,731.5600,731.6993,2700
1464357362,731.1300,731.8031,731.0200,731.7124,10500
1464357427,731.1100,731.2150,731.0400,731.1300,1300
1464357480,730.8110,731.3400,730.8110,731.1200,5300
1464357594,730.4900,731.1000,730.2900,730.8800,9900
1464357600,730.8800,730.8800,730.4100,730.6000,7200
1464357662,731.1350,731.2500,730.7000,730.8000,2900
1464357728,730.7800,731.3000,730.7660,731.2500,8400
1464357781,730.9300,731.0000,730.7800,730.9000,2500
1464357899,731.1600,731.4100,730.9800,730.9800,4100
1464357901,731.2800,731.5700,731.1200,731.2800,4700
1464357977,731.4200,731.5700,731.2200,731.3200,4500
1464358021,731.7700,731.7700,731.4200,731.5700,6000
1464358080,731.8450,731.9300,731.6231,731.7700,5400
1464358140,732.0700,732.3000,731.8428,731.9300,19400
1464358203,732.0600,732.3600,732.0192,732.2163,7500
1464358267,731.8100,732.0900,731.8100,731.9400,3700
1464358377,732.0400,732.0900,731.8500,731.8500,1600
1464358382,732.1600,732.4000,731.9250,732.0400,22100
1464358441,732.3000,732.6400,732.3000,732.3800,9900
1464358505,732.0500,732.3900,731.8000,732.2100,12200
1464358560,732.2500,732.4900,731.8000,732.0000,6900
1464358626,732.4500,732.4500,731.8500,732.0100,4200
1464358682,732.0000,732.4200,732.0000,732.3400,3900
1464358763,731.4600,731.6400,731.3300,731.6400,3500
1464358820,730.7000,731.2600,730.1900,731.2400,6200
1464358865,730.7100,730.8900,730.2501,730.5600,3100
1464358927,731.1500,731.1900,730.7500,730.9900,5500
1464358983,730.8800,731.2550,730.8000,731.0500,4200
1464359042,731.3100,731.3100,731.0000,731.0000,3000
1464359102,731.4700,731.4800,731.3400,731.4800,1100
1464359215,731.3300,731.4146,731.1500,731.3800,3400
1464359222,731.1200,731.7750,731.1200,731.3900,5900
1464359283,731.4600,731.5100,731.3300,731.4600,3500
1464359351,730.9200,731.4300,730.6500,731.4300,6800
1464359406,731.1800,731.1999,730.9200,731.0000,3100
1464359482,731.0705,731.2700,731.0705,731.1900,2700
1464359578,731.4000,731.5300,731.1300,731.1600,2800
1464359638,731.4300,731.6099,731.2500,731.4600,2800
1464359642,731.5200,731.6600,731.2900,731.2900,3500
1464359700,731.5400,731.6700,731.4500,731.4500,1700
1464359762,731.9401,732.2000,731.4000,731.4000,8400
1464359822,731.9200,732.0000,731.7400,731.7400,1000
1464359892,732.3900,732.3900,731.9100,731.9100,2600
1464359947,732.3000,732.3800,732.1500,732.3800,3300
1464360055,732.4050,732.5000,732.1900,732.1901,2300
1464360061,732.4000,732.5000,732.3000,732.4800,1700
1464360120,732.4800,732.4800,732.1900,732.4100,3700
1464360191,732.7300,732.7300,732.3865,732.3865,6200
1464360245,732.9150,733.0500,732.7136,732.7136,10900
1464360319,732.9300,733.1100,732.6940,732.9200,459900
1464360380,733.0000,733.0000,732.8600,732.8600,3000
1464360428,733.0100,733.0100,732.7626,732.8300,2100
1464360539,732.9025,733.1000,732.9025,733.0300,2000
1464360593,732.8200,732.9900,732.6000,732.8500,4400
1464360603,732.9100,733.0900,732.8083,732.8800,6900
1464360663,732.6750,732.9199,732.6000,732.8400,2600
1464360742,732.7500,732.8100,732.6100,732.8100,2500
1464360782,732.9200,733.0000,732.5301,732.7210,6500
1464360840,733.1500,733.2500,732.9200,732.9300,5500
1464360901,733.0200,733.3200,733.0000,733.1800,6500
1464361015,732.9200,733.0000,732.9200,733.0000,1700
1464361020,732.8500,733.1300,732.8000,732.9600,5300
1464361088,732.7100,733.1500,732.7100,732.8100,1200
1464361150,732.1600,732.9500,732.1600,732.4700,5900
1464361258,732.1000,732.7700,732.0400,732.3300,6200
1464361260,732.8200,732.8200,732.1550,732.1550,4500
1464361325,732.6800,732.9600,732.5200,732.7054,2900
1464361396,732.4000,732.6000,732.1679,732.6000,2800
1464361443,732.6920,732.9400,732.3900,732.3900,2600
1464361513,732.8500,733.0800,732.7700,732.9000,5700
1464361563,732.8785,733.1600,732.8000,732.8700,4800
1464361623,732.5000,733.0600,732.5000,733.0200,3300
1464361739,733.1900,733.2000,732.6500,732.6500,3400
1464361742,732.9500,733.2100,732.8400,733.1800,6600
1464361803,732.6900,732.7900,732.5400,732.7500,3600
1464361871,733.1500,733.2300,732.7800,732.7800,5800
1464361979,733.2650,733.3500,733.0300,733.0300,6800
1464361980,733.1200,733.2900,732.8600,733.2650,7000
1464362045,733.0600,733.0600,732.8500,732.9700,600
1464362120,732.6800,732.8120,732.6800,732.8120,900
1464362219,732.7200,732.9900,732.7000,732.9600,1400
1464362220,732.7600,733.1000,732.7300,732.7825,6800
1464362293,732.7300,732.7300,732.6500,732.7100,800
1464362378,732.8350,732.9600,732.8350,732.9600,700
1464362400,732.4300,732.8700,732.4000,732.8600,4500
1464362463,732.3200,732.6500,732.3200,732.4000,3700
1464362529,732.4800,732.5000,732.1200,732.1900,4200
1464362582,732.0700,732.5000,732.0700,732.4800,6800
1464362653,731.7100,732.4150,731.7100,732.1200,6300
1464362701,732.1600,732.1600,731.7600,731.8800,4400
1464362763,731.8650,732.3229,731.8600,732.2000,7300
1464362825,732.0600,732.0700,731.8549,731.8600,5200
1464362897,731.9400,732.0400,731.8100,732.0400,2700
1464362942,732.1050,732.1050,731.8300,731.9800,0
1464363000,732.4900,732.6700,732.2000,732.2000,3900
1464363072,732.6000,732.6000,732.4450,732.5000,1100
1464363132,732.7150,732.8310,732.5700,732.5700,3800
1464363196,732.8260,732.8260,732.6100,732.7200,1900
1464363245,732.6300,732.7900,732.3500,732.6800,9600
1464363301,732.2600,732.6800,732.2600,732.3600,4100
1464363364,732.3600,732.6700,732.2900,732.4850,1800
1464363426,732.7300,732.7300,732.3300,732.5665,2500
1464363486,732.4500,732.7100,732.4500,732.5600,2200
1464363547,732.4300,732.4300,732.4300,732.4300,800
1464363600,732.3320,732.3660,732.3320,732.3660,800
1464363667,732.7350,732.7400,732.5100,732.5100,4100
1464363729,732.5000,732.6300,732.4500,732.5700,2200
1464363785,732.6600,732.6960,732.5700,732.6600,1400
1464363847,732.7400,732.7400,732.5800,732.5800,1500
1464363959,733.0100,733.2000,732.6932,732.7500,3900
1464363964,732.9400,733.1100,732.9400,733.1100,1800
1464364022,732.8380,733.0000,732.8100,732.8600,1500
1464364106,732.8300,732.8500,732.8300,732.8500,500
1464364177,732.6700,732.7200,732.6700,732.7200,900
1464364203,732.7800,733.0100,732.6900,732.7700,2900
1464364303,732.9800,732.9800,732.7020,732.7020,1000
1464364322,732.8100,733.0200,732.7400,733.0200,3700
1464364410,732.7200,732.8150,732.7200,732.8150,1100
1464364489,732.9200,732.9900,732.9100,732.9499,2400
1464364500,732.6974,733.0300,732.6800,733.0300,2600
1464364571,732.7900,732.8300,732.7200,732.7200,1600
1464364633,732.6820,732.8100,732.6600,732.8100,1100
1464364689,732.7300,732.7300,732.6000,732.6200,1400
1464364740,732.5300,732.7306,732.5300,732.7306,2700
1464364807,732.2700,732.7450,732.2600,732.7450,1500
1464364893,732.5800,732.5800,732.4200,732.4200,300
1464364920,732.1300,732.5400,732.1300,732.5400,1400
1464364980,732.4700,732.4900,732.1200,732.2400,4300
1464365050,732.6600,732.6600,732.4000,732.4000,700
1464365107,732.3900,732.5739,732.3800,732.5739,1600
1464365164,732.3600,732.3600,732.1100,732.1200,800
1464365224,732.6250,732.6250,732.4000,732.4000,2100
1464365300,732.5600,732.5600,732.4950,732.5600,1200
1464365350,732.3200,732.4200,732.3200,732.3900,1000
1464365401,732.6000,732.7000,732.4317,732.4400,1600
1464365469,732.6850,732.7400,732.6100,732.6400,2700
1464365526,732.6300,732.7100,732.6300,732.7100,2000
1464365585,732.6300,732.6300,732.4800,732.4800,300
1464365652,732.6299,732.6299,732.3800,732.5578,2000
1464365706,732.5500,732.5500,732.4200,732.5400,1900
1464365773,732.8400,732.8400,732.4810,732.6500,4700
1464365831,732.7300,732.7400,732.7201,732.7201,1600
1464365892,732.5800,732.8900,732.5800,732.8900,2700
1464365956,732.8200,732.8260,732.5700,732.6020,800
1464366020,732.6500,732.6850,732.5500,732.6850,600
1464366097,732.6500,732.6500,732.6500,732.6500,200
1464366126,732.6800,732.7899,732.5800,732.6750,2800
1464366185,732.6400,732.8200,732.5500,732.7600,5900
1464366253,732.6950,732.7300,732.6100,732.6300,2600
1464366360,733.0000,733.0000,732.7400,732.7400,7200
1464366421,732.9400,732.9750,732.8500,732.9550,4100
1464366485,732.9000,733.0500,732.8155,732.9900,6500
1464366559,732.9000,732.9000,732.7935,732.7935,400
1464366600,732.6700,733.0000,732.6700,732.9150,2100
1464366685,732.7300,732.7300,732.6300,732.6900,1300
1464366782,732.6201,732.6300,732.6201,732.6300,700
1464366855,732.7700,732.9100,732.7700,732.7800,3200
1464366916,732.7200,732.7700,732.6800,732.7400,3100
1464367012,732.6750,732.8500,732.6750,732.8500,300
1464367020,732.7500,732.9000,732.7500,732.8000,2800
1464367089,732.9000,732.9500,732.7300,732.9500,1700
1464367149,732.7200,732.8000,732.5400,732.7400,4900
1464367212,732.7800,732.7800,732.6200,732.7200,500
1464367270,732.5400,732.7150,732.5400,732.6300,2700
1464367325,732.7750,732.8300,732.6500,732.6500,5300
1464367385,732.7760,732.8500,732.7210,732.7300,1800
1464367444,732.8900,732.8900,732.8050,732.8050,1000
1464367558,732.7202,732.7816,732.6700,732.7700,1900
1464367560,732.7800,732.8900,732.7419,732.7600,3200
1464367640,732.9500,732.9900,732.8700,732.8700,7300
1464367680,732.8300,732.8900,732.8300,732.8800,2100
1464367750,732.6900,732.7900,732.6900,732.7900,1800
1464367808,732.7400,732.7400,732.5500,732.6700,3700
1464367862,732.9300,732.9300,732.6625,732.7600,2300
1464367922,732.7500,732.8760,732.6200,732.7500,3500
1464367987,732.9400,732.9400,732.8000,732.8000,2600
1464368096,733.0000,733.0700,732.9200,733.0200,1500
1464368101,732.7350,733.0000,732.7350,733.0000,400
1464368160,733.2000,733.2000,732.7750,732.9500,1800
1464368223,733.0868,733.2400,733.0300,733.2100,3400
1464368297,733.2800,733.3000,733.1300,733.1300,1700
1464368350,733.3500,733.3600,733.2500,733.3000,2700
1464368421,733.2700,733.2800,733.2000,733.2600,2000
1464368477,733.0801,733.2400,733.0801,733.1275,2200
1464368529,733.0900,733.2700,733.0900,733.2700,5800
1464368580,732.8000,733.0900,732.8000,733.0900,2300
1464368655,733.1000,733.1700,732.7700,732.7800,4200
1464368746,733.1600,733.3700,733.1400,733.3700,1400
1464368774,733.2500,733.4985,733.2415,733.3800,2900
1464368843,733.4600,733.4600,733.4600,733.4600,600
1464368947,733.1500,733.4300,733.1500,733.4300,1400
1464369021,733.0700,733.0832,733.0600,733.0832,700
1464369060,733.1000,733.1700,732.9300,733.0000,3400
1464369136,733.1000,733.1700,732.9845,732.9845,1400
1464369189,732.9700,733.1200,732.9700,733.1000,600
1464369246,733.4000,733.4000,733.1000,733.1700,2100
1464369310,733.3650,733.3700,733.2200,733.2200,1600
1464369417,733.4263,733.4800,733.3600,733.4200,600
1464369423,733.5000,733.5300,733.3350,733.4263,6100
1464369480,733.6100,733.6100,733.5000,733.5000,2000
1464369543,733.8000,733.8500,733.5600,733.6120,5700
1464369624,733.8000,733.8800,733.8000,733.8800,1900
1464369686,733.8100,733.9360,733.8100,733.9300,1900
1464369726,733.6600,733.9200,733.6200,733.7600,2900
1464369787,733.7045,733.7800,733.7045,733.7400,1800
1464369843,733.5000,733.8000,733.3500,733.7200,4200
1464369906,733.4800,733.5500,733.2900,733.5000,5900
1464369963,733.3071,733.6100,733.2400,733.5700,6100
1464370034,733.1000,733.4250,733.0000,733.4250,2800
1464370090,733.2600,733.2600,733.0100,733.1400,1300
1464370147,732.9700,733.3200,732.9600,733.3200,1900
1464370210,732.8300,732.8300,732.8300,732.8300,300
1464370264,733.0400,733.0400,732.8200,732.9900,2100
1464370322,733.3200,733.3200,733.2400,733.2400,500
1464370380,732.7500,733.1100,732.7500,733.1100,1500
1464370442,732.7783,732.9100,732.6600,732.6600,1900
1464370508,732.6500,733.1000,732.5500,732.8400,4300
1464370560,732.2075,732.4329,732.2075,732.4300,2400
1464370620,732.3900,732.6900,732.1400,732.1400,6300
1464370680,732.2900,732.5400,732.2900,732.4000,2100
1464370742,731.8000,732.4300,731.8000,732.3567,4500
1464370800,732.0800,732.1000,731.8900,731.9200,4700
1464370862,732.0500,732.0500,732.0500,732.0500,800
1464370922,731.9500,732.1800,731.9500,732.1700,3600
1464370983,732.0000,732.2400,731.9500,732.1800,5900
1464371046,731.9600,732.1900,731.8800,732.0300,5100
1464371104,732.7200,732.7200,732.0550,732.0550,4700
1464371166,732.3900,732.6000,732.2100,732.6000,2900
1464371274,732.3600,732.3700,732.1200,732.2000,2000
1464371281,732.1400,732.3200,732.0400,732.2450,3800
1464371352,731.8700,732.1716,731.8700,732.1400,1900
1464371403,731.7700,732.0100,731.7000,731.9700,4100
1464371466,731.9700,731.9700,731.5400,731.6400,3600
1464371524,731.5200,732.0100,731.5200,731.9800,2500
1464371581,731.6400,731.8700,731.5900,731.8000,2900
1464371646,731.5500,731.7299,731.5000,731.6000,4800
1464371716,731.5700,731.7100,731.5000,731.5000,2700
1464371776,731.5400,731.7300,731.5400,731.7300,1400
1464371821,731.5000,731.6000,731.3700,731.5500,4500
1464371880,731.4300,731.7400,731.4300,731.6200,3300
1464371949,731.4100,731.8250,731.4100,731.6531,2100
1464372000,731.0500,731.6099,730.9700,731.4100,9200
1464372072,730.8000,730.9600,730.8000,730.9600,2200
1464372179,731.0000,731.1300,730.8750,730.8750,5800
1464372227,731.0000,731.1300,730.8400,731.1100,4600
1464372240,731.2100,731.2100,730.9082,730.9900,3100
1464372357,731.2300,731.2600,731.0300,731.1400,4500
1464372362,731.2000,731.2700,731.2000,731.2200,900
1464372428,731.2900,731.4300,731.2000,731.2100,3200
1464372487,731.0590,731.3150,730.9900,731.3150,3500
1464372541,730.9600,731.1100,730.9600,730.9600,2000
1464372608,731.3400,731.3400,731.0000,731.0000,8600
1464372670,731.2900,731.2900,730.9900,731.1700,3100
1464372734,731.4050,731.5680,731.2100,731.2900,3100
1464372819,731.4400,731.4900,731.4400,731.4900,300
1464372848,731.7000,731.8200,731.4900,731.5800,3900
1464372903,731.8200,731.8800,731.5000,731.8499,2700
1464372973,732.2200,732.2800,731.9700,732.0000,5200
1464373041,732.4950,732.4950,732.1950,732.2600,1700
1464373081,732.5700,732.5700,732.2600,732.3101,2400
1464373140,732.5000,732.5000,732.3500,732.4600,1800
1464373211,732.5300,732.5500,732.2350,732.3400,3900
1464373261,732.6100,732.6800,732.5140,732.5140,2800
1464373329,732.6700,732.7800,732.6700,732.7800,1000
1464373414,732.6200,732.7600,732.5600,732.7500,3800
1464373442,732.4500,732.6100,732.4500,732.5400,1000
1464373507,732.7400,732.7400,732.5000,732.5000,2700
1464373563,732.9480,732.9480,732.4700,732.7000,1400
1464373637,732.8710,732.9000,732.5250,732.7912,600
1464373683,732.7300,732.8500,732.6100,732.6600,1800
1464373741,732.4947,732.6100,732.3900,732.5100,2300
1464373814,732.5125,732.6100,732.4700,732.4700,1700
1464373867,732.4550,732.6000,732.3101,732.5400,2800
1464373930,732.5009,732.5600,732.4600,732.4600,600
1464374000,732.5400,732.5700,732.3700,732.3700,2800
1464374049,732.4700,732.5100,732.4700,732.5100,300
1464374101,732.4700,732.6600,732.2800,732.6400,12700
1464374175,732.7500,732.7500,732.3910,732.5400,9500
1464374263,732.7300,732.7600,732.6500,732.6500,2500
1464374288,732.4700,732.8900,732.3400,732.6950,6900
1464374396,732.5900,732.7400,732.4300,732.4300,5200
1464374402,732.3000,732.6100,732.2800,732.5400,2900
1464374483,732.9300,732.9300,732.5075,732.5900,2000
1464374521,732.7600,732.9386,732.7400,732.8600,8000
1464374595,732.6400,732.9400,732.6200,732.7800,2200
1464374642,732.6700,732.8225,732.6200,732.6700,4600
1464374706,732.7100,732.8300,732.6600,732.7150,4500
1464374761,732.6500,732.6800,732.4050,732.6800,5200
1464374821,732.7500,732.7500,732.4000,732.7000,3200
1464374888,732.4800,732.6400,732.4300,732.5594,5100
1464374942,732.9000,732.9000,732.6400,732.6400,3500
1464375007,732.7700,732.9200,732.6400,732.9200,1900
1464375067,732.8100,732.8900,732.6900,732.7600,2400
1464375120,732.7300,732.8200,732.7200,732.7200,1100
1464375180,732.7900,732.9400,732.7400,732.9200,3500
1464375261,733.1100,733.1100,732.9500,732.9500,2500
1464375304,733.2500,733.3850,733.0700,733.1000,2700
1464375365,732.9100,733.1900,732.9100,733.1900,3300
1464375427,732.8000,733.0900,732.8000,733.0900,1700
1464375480,732.9600,732.9600,732.7900,732.8700,3100
1464375564,732.8700,732.9999,732.7300,732.7350,900
1464375602,732.6100,732.9000,732.6100,732.7700,6000
1464375670,732.8600,732.8600,732.6485,732.6485,2100
1464375756,732.7800,732.8800,732.7700,732.8800,800
1464375781,732.6900,732.8700,732.6300,732.7400,4100
1464375840,732.6550,732.6600,732.5000,732.6100,2200
1464375900,732.5600,732.8000,732.5600,732.7415,4000
1464375964,732.4200,732.6300,732.4200,732.5300,4200
1464376020,732.4000,732.5500,732.3000,732.5300,4700
1464376083,732.8400,732.8500,732.4000,732.4000,2000
1464376160,732.5800,732.7800,732.5800,732.7800,2100
1464376226,732.6900,732.7000,732.6500,732.6800,1600
1464376271,732.6300,732.6800,732.6300,732.6800,900
1464376328,732.6600,732.8500,732.5900,732.8000,4600
1464376394,732.6950,732.8500,732.6700,732.7300,1900
1464376443,732.4900,732.7522,732.4900,732.7522,1600
1464376501,732.5300,732.6800,732.4600,732.4720,2100
1464376570,732.2900,732.5000,732.2800,732.4800,5300
1464376647,732.2275,732.3800,732.2275,732.3750,1800
1464376684,732.2300,732.3000,732.0800,732.2550,7600
1464376740,731.9700,732.2400,731.9700,732.1750,6000
1464376859,731.7400,732.1000,731.6000,731.9800,19400
1464376860,731.5400,731.6600,731.4000,731.5700,7100
1464376924,731.6500,731.6900,731.5000,731.5000,3600
1464377036,731.6200,731.6800,731.3200,731.6500,5700
1464377040,731.6700,731.6800,731.4044,731.4100,5100
1464377101,731.6500,731.8500,731.6293,731.6700,2300
1464377168,731.7300,731.8200,731.5500,731.6550,4300
1464377233,731.7800,731.8500,731.6000,731.7900,4800
1464377285,731.6300,731.9000,731.5900,731.6480,7900
1464377340,731.3500,731.6900,731.3400,731.6700,6700
1464377402,731.2000,731.7500,731.1900,731.5500,9900
1464377461,731.4600,731.5900,731.2300,731.2300,6800
1464377525,731.6400,731.6400,731.4100,731.4500,3800
1464377581,731.7150,731.8700,731.6200,731.8600,3100
1464377647,731.7400,731.7900,731.6100,731.6520,3900
1464377700,732.0400,732.0900,731.7100,731.7400,8100
1464377765,731.9500,732.0000,731.9000,731.9200,5400
1464377875,731.9200,732.2299,731.8000,731.9500,10000
1464377882,731.8600,731.9400,731.8600,731.9100,5100
1464377943,731.9600,731.9600,731.8300,731.9500,4800
1464378001,732.3800,732.3800,731.9700,731.9900,7000
1464378061,732.2400,732.3900,732.2000,732.3400,7200
1464378130,732.0900,732.2500,732.0801,732.2400,5900
1464378181,732.1900,732.3500,732.0400,732.0800,10300
1464378243,732.2100,732.3000,732.0900,732.1900,7100
1464378306,732.3101,732.4400,732.2600,732.2600,3900
1464378360,732.5900,732.6800,732.3100,732.3100,5500
1464378427,732.6200,732.6800,732.5500,732.6800,3800
1464378488,732.5000,732.6500,732.5000,732.6300,3300
1464378543,732.4900,732.5700,732.4200,732.5700,4500
1464378600,732.4500,732.7400,732.4500,732.5300,10000
1464378719,732.2500,732.6200,732.2500,732.4600,8400
1464378720,732.3700,732.4300,732.2500,732.3150,12400
1464378838,732.4800,732.4800,732.3100,732.3700,17800
1464378840,732.5200,732.5732,732.4000,732.4800,13200
1464378901,732.6600,732.8800,732.5400,732.5900,19600
1464378961,732.4350,732.7400,732.4200,732.6700,17300
1464379020,732.4100,732.4925,732.2600,732.4600,18900
1464379080,732.0300,732.5100,731.9400,732.3950,44900
1464379140,732.6600,732.6800,731.8801,732.1400,76300
1464379200,732.6600,732.6600,732.6600,732.6600,81600
