uri:/instrument/1.0/CMG/chartdata;type=quote;range=1d/csv
ticker:cmg
Company-Name:Chipotle Mexican Grill, Inc. Co
Exchange-Name:NYQ
unit:MIN
timezone:EDT
currency:USD
gmtoffset:-14400
previous_close:390.3100
Timestamp:1466083800,1466107200
labels:1466085600,1466089200,1466092800,1466096400,1466100000,1466103600,1466107200
values:Timestamp,close,high,low,open,volume
close:389.5900,396.2950
high:389.5900,396.6699
low:389.5900,395.8900
open:389.5900,396.4500
volume:100,25800
1466083952,392.5300,392.5300,392.5300,392.5300,4200
1466084000,392.6500,392.6500,392.6500,392.6500,100
1466084082,393.6400,393.6400,391.8900,392.2900,25800
1466084107,393.0600,393.9200,393.0600,393.9200,1900
1466084164,393.4583,393.4583,392.9300,393.0716,3400
1466084225,393.9800,394.7500,393.3700,393.3700,7000
1466084287,393.8173,393.8173,392.5039,393.2500,6400
1466084365,393.4100,393.4100,393.1400,393.3100,3800
1466084404,393.4150,393.7600,393.1700,393.4000,6200
1466084461,392.9950,393.0700,392.5101,392.9100,5200
1466084533,393.5650,393.8500,393.1980,393.1980,5200
1466084642,392.7200,394.0000,392.7200,394.0000,5800
1466084741,392.3001,393.0000,392.3001,393.0000,4300
1466084766,393.6100,393.6199,392.3389,392.8700,8900
1466084826,393.7100,393.7100,393.1020,393.2900,4500
1466084884,394.4700,394.4700,393.6376,393.7999,7900
1466084946,393.5600,394.3500,393.5000,394.0101,7600
1466085001,394.1592,394.3399,393.5300,393.7400,7600
1466085066,394.2700,394.4999,393.8700,394.0000,5800
1466085128,394.4700,394.6100,394.1100,394.1700,5200
1466085238,395.2900,395.7099,394.6900,394.6900,12100
1466085241,395.7750,396.0300,395.1001,395.4000,8800
1466085313,395.4300,396.0000,394.8400,395.7750,9800
1466085375,395.0300,395.2050,395.0000,395.2050,3200
1466085442,395.2850,395.3500,395.0000,395.3500,1300
1466085497,395.3762,395.4101,394.8850,395.3075,2400
1466085549,395.4194,395.4194,394.8200,395.2840,3200
1466085602,394.5200,395.4900,394.5000,394.7500,4300
1466085668,394.5800,394.8005,394.2001,394.3200,6100
1466085728,394.5500,394.9400,394.5500,394.9400,1300
1466085794,394.4940,394.8350,394.4940,394.6400,2100
1466085897,393.5500,394.4700,393.5301,394.4700,5900
1466085903,394.3200,394.3200,393.3500,393.5500,3100
1466085980,394.5950,394.5950,394.2450,394.2450,2200
1466086079,394.8800,395.4200,394.5500,394.6550,4500
1466086089,395.3274,395.4900,395.1300,395.1500,4100
1466086141,396.1701,396.6699,395.3250,395.3250,18300
1466086201,395.7100,396.1500,395.4500,395.8300,5000
1466086261,395.4500,395.8100,395.1500,395.3800,6900
1466086373,395.2700,395.4401,395.0900,395.0900,1800
1466086383,395.6600,395.9253,395.2600,395.2600,4100
1466086444,396.2950,396.4600,395.4800,395.4800,4600
1466086504,395.7880,396.4500,395.7880,396.4500,4600
1466086613,395.4600,395.9899,395.3700,395.7600,2000
1466086620,395.2600,395.6975,395.2600,395.3800,4800
1466086698,396.2000,396.2000,395.4050,395.4811,4700
1466086799,395.8900,396.4000,395.8900,396.2140,3200
1466086802,396.0000,396.0970,395.7000,395.7001,2400
1466086868,395.3300,396.2839,395.3300,395.7500,3400
1466086941,395.0900,395.9410,395.0900,395.9410,1800
1466086994,395.0000,395.0400,394.9800,395.0400,4100
1466087062,394.2500,395.1599,394.2500,394.7100,2800
1466087108,394.0092,394.3700,394.0000,394.0900,2300
1466087164,393.7380,394.3199,393.7200,394.3199,2200
1466087277,394.0000,394.6200,393.6500,393.6500,7700
1466087293,393.9560,394.0500,393.7250,393.7800,4700
1466087351,394.5000,394.9800,393.6700,393.9670,8500
1466087456,394.0600,394.5630,394.0001,394.0500,4000
1466087460,393.9100,394.5100,393.8500,394.0700,3100
1466087528,393.6301,394.0700,393.6301,394.0700,2500
1466087583,393.8600,394.1799,393.6400,393.6400,2300
1466087665,393.5700,394.0300,393.5700,394.0300,1600
1466087700,394.1900,394.2334,393.2600,393.3633,3700
1466087774,393.5700,394.2375,393.5700,394.0600,1900
1466087829,393.7211,393.8700,393.5700,393.6100,1500
1466087895,393.0000,393.8700,393.0000,393.8700,4100
1466087940,392.9700,393.1500,392.9700,392.9700,4100
1466088043,392.9500,393.3300,392.9500,393.2900,3200
1466088119,392.2800,393.1694,392.2800,392.7900,3600
1466088120,392.3200,392.7200,392.3200,392.5550,2000
1466088233,392.3900,392.6800,392.3463,392.4400,2100
1466088249,391.8300,392.5936,391.8300,392.3737,5200
1466088313,391.9300,391.9500,391.8500,391.9000,1900
1466088418,391.8500,392.0671,391.7800,392.0671,1200
1466088476,391.5100,391.9800,391.5100,391.8500,1600
1466088484,391.5900,391.9799,391.5700,391.9799,1100
1466088548,391.8228,391.8228,391.5900,391.7900,1400
1466088600,391.5000,391.5300,391.5000,391.5300,2500
1466088717,391.3800,391.3900,391.3800,391.3900,200
1466088723,391.2550,391.4750,391.2550,391.4300,2200
1466088787,391.0800,391.3100,391.0800,391.3100,1700
1466088874,391.0600,391.0600,391.0600,391.0600,100
1466088913,391.7880,391.7880,391.1701,391.3200,3100
1466088968,392.4975,392.7200,391.6527,391.8200,6900
1466089033,392.4500,392.7000,392.3100,392.7000,2900
1466089090,392.5350,392.7000,392.2200,392.3600,3500
1466089140,392.7000,393.0300,392.4200,392.7200,6500
1466089208,392.0400,392.4200,392.0400,392.4200,1000
1466089264,392.0000,392.2420,391.9500,392.0800,1400
1466089327,391.9200,392.0000,391.9200,392.0000,2400
1466089438,391.8300,392.0122,391.8200,391.8700,1800
1466089443,391.8700,392.1400,391.8200,391.9500,1800
1466089501,391.9500,392.3300,391.6500,392.0900,4500
1466089572,392.4500,392.4500,392.1705,392.1705,300
1466089630,391.8200,392.0600,391.6200,392.0300,3800
1466089704,391.5600,391.8860,391.5600,391.8860,400
1466089799,391.6400,391.8400,391.6100,391.6100,800
1466089810,391.4400,391.6100,391.4100,391.6000,2500
1466089868,391.4300,391.6200,391.4300,391.4500,1000
1466089923,391.8600,391.8600,391.4100,391.4100,2500
1466089987,392.0600,392.0600,391.7000,392.0600,2600
1466090050,392.1700,392.2600,392.1700,392.1700,1200
1466090154,392.0700,392.3200,392.0300,392.2100,3200
1466090163,392.2300,392.4400,392.0400,392.0400,400
1466090223,391.9300,392.3050,391.9300,392.1600,1300
1466090339,392.1100,392.1100,391.2900,391.6300,3500
1466090343,391.7300,391.9550,391.7300,391.9000,2300
1466090437,392.0100,392.0100,391.7200,391.7200,400
1466090462,391.9900,392.2400,391.8500,391.8500,900
1466090533,392.0325,392.0325,391.9100,391.9200,900
1466090608,392.5500,392.5500,391.8300,391.8300,1900
1466090686,392.4650,392.5100,392.1900,392.5000,6200
1466090708,392.7100,392.8500,392.2100,392.2400,8000
1466090815,393.2800,393.2800,392.8000,392.9900,5100
1466090823,393.1800,393.2000,392.7500,393.0300,8900
1466090893,392.9600,393.1000,392.9600,393.0850,2500
1466090957,392.7400,392.8900,392.7300,392.8900,1000
1466091007,392.7200,393.0100,392.7200,393.0000,1600
1466091083,392.7100,392.7100,392.7100,392.7100,100
1466091145,392.9000,393.0550,392.7300,393.0550,2000
1466091188,392.3300,392.6300,392.3300,392.6300,400
1466091255,392.7950,392.9400,392.0900,392.5675,3700
1466091307,392.8000,393.0600,392.6300,393.0600,2400
1466091371,392.4896,392.5850,392.3100,392.5850,1200
1466091448,392.3400,392.3500,392.2900,392.2900,700
1466091528,392.2000,392.2000,392.2000,392.2000,300
1466091544,391.8200,392.2100,391.7900,392.1400,2600
1466091619,391.7225,392.0500,391.4800,392.0200,1300
1466091669,391.3600,391.6700,391.2300,391.4800,6400
1466091722,391.0325,391.4850,390.5700,391.2400,6900
1466091786,391.1700,391.1700,390.8200,391.1600,2000
1466091879,391.0400,391.0400,391.0400,391.0400,100
1466091904,391.1300,391.1300,391.0400,391.0400,1000
1466092014,390.8900,391.0000,390.8900,391.0000,1300
1466092039,390.7700,391.0000,390.7700,390.8400,2800
1466092135,391.4900,391.4900,390.8700,390.8700,2600
1466092195,391.6800,391.8500,391.1700,391.3500,10000
1466092202,391.0600,391.8000,390.9900,391.8000,5700
1466092262,391.2200,391.3700,391.0500,391.1100,1800
1466092391,390.8900,391.4850,390.8900,391.3600,1600
1466092459,391.0100,391.0100,391.0000,391.0000,300
1466092509,390.9700,391.2100,390.9700,390.9900,800
1466092591,390.8700,390.8700,390.7700,390.7700,600
1466092623,390.5300,390.5800,390.5300,390.5600,900
1466092687,390.5700,390.9650,390.5300,390.7194,800
1466092752,390.5600,390.6000,390.5300,390.5300,1200
1466092859,390.2740,390.8400,390.2400,390.8400,3400
1466092862,390.1500,390.3075,390.1500,390.1700,1100
1466092994,390.6700,390.6700,390.2650,390.2650,1300
1466093065,391.0500,391.0999,390.5200,390.5200,1600
1466093103,391.0700,391.4700,390.7000,391.1050,5900
1466093225,391.1200,391.1200,390.9000,390.9000,3000
1466093283,390.7301,390.7301,390.7301,390.7301,400
1466093399,391.1100,391.1400,391.0500,391.0500,300
1466093411,391.0300,391.1900,390.6100,391.1000,3000
1466093536,390.6500,391.0000,390.6400,390.6800,3000
1466093637,390.8050,390.8100,390.8050,390.8100,300
1466093641,390.8650,390.8650,390.5800,390.8100,2500
1466093707,391.1900,391.1900,390.8600,390.8900,3500
1466093761,390.6000,391.1800,390.6000,390.8900,4100
1466093892,391.1400,391.1800,390.8900,390.9650,2000
1466093949,391.1450,391.4000,390.9400,390.9500,4900
1466094029,391.4900,391.4900,391.4900,391.4900,400
1466094102,390.7600,391.3350,390.7600,391.3350,1900
1466094125,391.2300,391.3100,390.8400,390.8400,2600
1466094191,391.2350,391.2350,391.0600,391.1300,2900
1466094241,391.3400,391.3400,391.2650,391.3100,600
1466094310,390.9900,391.0700,390.9800,391.0700,1000
1466094394,390.8500,390.8700,390.8500,390.8700,500
1466094443,390.7800,391.0100,390.7800,391.0100,1700
1466094517,390.7000,390.8600,390.6600,390.7127,4400
1466094547,390.5200,391.2600,390.5200,391.0800,1400
1466094601,390.5600,391.0600,390.5600,391.0600,800
1466094683,390.6000,390.6288,390.5100,390.6288,1800
1466094778,390.2675,390.6900,390.0900,390.5200,3300
1466094782,390.1400,390.4100,390.1100,390.4100,1700
1466094899,390.5200,390.6922,390.0300,390.0300,3200
1466094907,390.2200,390.5300,390.1700,390.3550,700
1466095016,389.9000,390.3625,389.8100,390.3391,7400
1466095079,390.2800,390.2800,389.8100,389.9400,4000
1466095094,390.2569,390.2569,390.1950,390.1950,900
1466095195,390.6975,390.7600,389.9900,389.9900,3000
1466095215,390.7225,390.7225,390.7175,390.7175,200
1466095318,390.6100,390.7300,390.4900,390.7300,1900
1466095335,390.4950,390.4950,390.4950,390.4950,100
1466095424,390.3821,390.3900,390.2800,390.3900,3400
1466095494,390.9700,390.9700,390.4600,390.4900,2600
1466095552,390.8500,391.1599,390.5500,390.8700,7300
1466095619,390.5201,390.8700,390.5201,390.7900,3000
1466095670,390.5000,390.6416,390.5000,390.6416,800
1466095739,390.4800,390.5700,390.2800,390.2800,1900
1466095848,390.3900,390.5560,390.3900,390.5560,1100
1466095905,390.2300,390.2500,390.2100,390.2400,1800
1466095930,390.1300,390.2299,389.9400,390.1675,3000
1466096050,390.1675,390.1675,390.1675,390.1675,1400
1466096116,390.2600,390.2600,389.9500,390.0000,300
1466096186,390.0200,390.0300,389.9100,390.0200,1800
1466096267,390.2800,390.2800,390.2800,390.2800,100
1466096321,390.1385,390.4199,389.9900,389.9900,900
1466096341,390.0650,390.1700,389.9000,390.0800,2000
1466096412,390.3300,390.3300,390.3300,390.3300,100
1466096466,390.9000,390.9100,390.3150,390.3200,4200
1466096567,390.8548,390.8548,390.6450,390.6450,600
1466096582,390.7000,390.7300,390.6600,390.7000,2100
1466096665,390.8360,390.8360,390.8360,390.8360,1200
1466096784,390.4300,390.6800,390.4300,390.5200,1300
1466096845,390.1500,390.5300,390.1500,390.5300,2900
1466096895,390.2200,390.3800,390.0818,390.0818,3500
1466096985,390.1100,390.1100,390.1100,390.1100,400
1466097085,390.0000,390.4200,389.9500,390.3000,2500
1466097127,390.4423,390.4423,390.0000,390.0000,4000
1466097187,390.1200,390.4200,390.1200,390.4200,800
1466097251,390.0000,390.1300,389.6500,390.0100,3500
1466097333,390.1700,390.1700,390.1700,390.1700,200
1466097362,389.7700,390.1099,389.7500,389.8800,3100
1466097462,389.5900,389.5900,389.5900,389.5900,100
1466097498,389.7600,389.7600,389.7550,389.7550,400
1466097598,390.3000,390.3000,389.8050,389.9200,2300
1466097600,390.1150,390.3100,390.0500,390.3100,1700
1466097680,390.3020,390.3020,389.8800,389.8800,300
1466097728,390.2800,390.2800,389.9100,389.9100,2000
1466097834,390.2700,390.2700,390.2700,390.2700,200
1466097950,390.3000,390.3000,390.2000,390.2400,900
1466097961,390.0300,390.3000,390.0300,390.2600,1100
1466098034,390.0000,390.1244,390.0000,390.1244,1900
1466098139,390.0000,390.0400,389.8100,389.8700,2100
1466098142,390.1900,390.2400,390.0000,390.1900,3900
1466098245,390.3425,390.3425,390.3425,390.3425,100
1466098260,390.2600,390.2700,390.2600,390.2700,1100
1466098335,390.0000,390.3000,390.0000,390.0600,1300
1466098385,390.0000,390.1700,389.8901,389.9000,2300
1466098498,390.1800,390.3300,389.8800,389.9950,6800
1466098502,390.0800,390.6000,389.9900,390.6000,3900
1466098561,390.3749,390.3749,390.1350,390.2200,1400
1466098654,390.4856,390.4856,390.4856,390.4856,100
1466098685,391.0100,391.1900,390.6599,390.6599,4300
1466098765,391.2800,391.2800,391.0900,391.0900,2500
1466098807,391.1800,391.3900,391.0000,391.3900,1200
1466098895,391.2850,391.4200,391.2850,391.4100,1600
1466098982,391.1700,391.5100,391.1700,391.5100,1100
1466099126,391.3100,391.3100,391.2600,391.2600,800
1466099160,390.8300,391.2800,390.8300,391.2800,1900
1466099357,390.9100,391.0000,390.6200,391.0000,700
1466099404,391.0100,391.1350,390.8800,390.9000,1200
1466099462,390.7700,390.8700,390.7700,390.8700,600
1466099565,390.8100,390.8100,390.8100,390.8100,200
1466099624,390.6260,390.9200,390.6260,390.7600,1100
1466099688,391.1500,391.1500,390.5000,390.5000,600
1466099700,391.1100,391.1200,391.1100,391.1200,300
1466099806,391.1400,391.1400,391.1400,391.1400,300
1466099847,390.8100,390.8100,390.7900,390.8100,1300
1466099893,390.9950,391.0000,390.5600,390.5600,1800
1466099998,390.8000,390.8000,390.8000,390.8000,100
1466100053,390.9797,390.9797,390.6200,390.6300,900
1466100064,391.5600,391.5899,390.9700,390.9700,1700
1466100159,391.2500,391.2500,391.2500,391.2500,100
1466100187,391.7800,391.7800,391.2700,391.4800,2000
1466100258,391.7899,391.7899,391.2601,391.2601,500
1466100304,392.1399,392.1399,391.5268,391.5268,4400
1466100379,391.7300,392.1250,391.6601,391.6601,2300
1466100478,391.6421,391.7100,391.4201,391.7100,1100
1466100485,391.4900,391.8700,391.4900,391.6850,1900
1466100593,391.8500,391.8600,391.6300,391.6300,1100
1466100635,391.8700,392.0300,391.7650,391.7650,900
1466100671,392.4600,392.4600,392.2200,392.2200,900
1466100778,392.9750,393.1600,392.7101,392.9000,2600
1466100780,392.7101,392.9515,392.7101,392.9515,700
1466100860,392.4400,392.7000,392.4400,392.4579,2300
1466100906,392.6600,392.8100,392.3400,392.6300,3200
1466100991,393.0600,393.0600,392.8241,392.8241,500
1466101043,393.0499,393.0500,392.8400,392.8600,700
1466101136,393.4300,393.4500,393.0493,393.1100,1600
1466101140,393.2637,393.2637,393.0100,393.0100,1200
1466101214,392.9800,393.1700,392.7200,393.1300,2700
1466101265,392.7600,392.8001,392.7600,392.8000,1400
1466101330,392.7000,392.7000,392.5200,392.5200,400
1466101381,393.0600,393.2330,392.6200,392.7900,2700
1466101461,392.9911,392.9911,392.9911,392.9911,200
1466101544,392.9900,393.2700,392.9900,393.2700,1000
1466101605,393.0000,393.0600,393.0000,393.0600,300
1466101635,392.8200,393.0200,392.8200,392.9500,1800
1466101681,392.6200,392.8350,392.5800,392.8350,3500
1466101749,392.7300,392.7410,392.7300,392.7410,200
1466101845,393.2800,393.2800,392.9000,392.9000,1900
1466101869,393.4100,393.7500,393.3200,393.3200,3300
1466101964,393.2301,393.2301,393.2301,393.2301,100
1466102039,393.6800,393.6800,393.5100,393.6000,500
1466102044,393.6800,393.7598,393.2600,393.4600,2700
1466102159,393.7148,394.0584,393.6800,393.6800,4500
1466102160,393.7300,393.7300,393.5101,393.5110,2100
1466102266,393.5700,393.5700,393.5700,393.5700,300
1466102288,393.2900,393.5700,393.2900,393.5700,2900
1466102399,392.9276,393.3500,392.9276,393.2300,6800
1466102402,393.1400,393.4600,392.8800,392.8900,3700
1466102465,393.2800,393.5150,392.9650,393.3200,6400
1466102550,393.3528,393.3528,393.1500,393.1500,1000
1466102615,393.2300,393.2300,393.2300,393.2300,900
1466102655,393.2534,393.3350,393.0600,393.0650,1700
1466102759,393.1300,393.2500,393.0500,393.1500,5900
1466102760,393.4650,393.4701,393.2100,393.3100,2600
1466102834,393.6999,393.6999,393.6999,393.6999,700
1466102889,393.6850,393.7000,393.3000,393.3000,1400
1466102959,394.1899,394.1899,393.7333,393.8400,2000
1466103010,393.8801,394.4900,393.8801,394.1900,4100
1466103069,394.0000,394.0000,394.0000,394.0000,400
1466103179,394.7175,394.8099,394.1400,394.2700,4400
1466103181,394.3900,394.8293,394.3900,394.8000,2600
1466103298,394.5500,394.7200,394.3900,394.4165,2500
1466103300,394.0101,394.5550,394.0101,394.5525,3600
1466103408,393.3500,394.2300,393.3500,394.2300,2100
1466103429,393.4900,393.7300,393.3900,393.6000,3300
1466103528,393.5600,393.7000,393.3650,393.5450,4500
1466103549,393.1200,393.5600,393.1200,393.5600,2800
1466103659,393.8100,393.9800,393.1400,393.5400,4300
1466103664,393.9900,393.9999,393.8050,393.9999,700
1466103743,394.4300,394.4300,394.1700,394.1700,1800
1466103799,394.2600,394.2700,393.8601,393.8601,1500
1466103860,394.0500,394.2700,393.9500,394.2599,1100
1466103922,393.9101,394.1200,393.9101,394.1200,1200
1466103964,393.6840,394.2000,393.5820,394.2000,2200
1466104022,393.7800,393.8000,393.5100,393.8000,400
1466104098,393.7900,394.0300,393.7500,393.7900,2400
1466104143,394.1200,394.1996,393.8750,394.1996,800
1466104227,393.6500,393.9900,393.5601,393.9700,1300
1466104291,394.0100,394.0800,393.8900,393.9200,2000
1466104356,394.1800,394.1800,394.1800,394.1800,500
1466104406,393.8300,394.0500,393.7901,393.7901,800
1466104446,394.4700,394.7361,394.4600,394.4600,3600
1466104516,394.2150,394.4900,394.0400,394.4900,2500
1466104575,394.2700,394.2700,394.1145,394.1145,2000
1466104625,394.5000,394.5000,394.2700,394.2700,800
1466104697,394.5000,394.5099,394.3700,394.4600,2100
1466104740,394.4550,394.5600,394.3650,394.3650,4400
1466104822,393.7702,394.3400,393.7702,394.2400,1900
1466104890,394.0800,394.2100,393.9650,393.9650,1500
1466104964,394.0000,394.1299,394.0000,394.0550,900
1466104983,394.5600,394.5700,394.0600,394.0600,3300
1466105049,394.1500,394.2200,393.8200,394.2200,5600
1466105159,394.1200,394.1900,394.1200,394.1900,1500
1466105209,393.7501,394.1200,393.7501,394.1100,3000
1466105223,393.5000,393.9700,393.2000,393.7900,7600
1466105281,393.4550,393.5200,393.1300,393.4300,3700
1466105366,393.5350,393.6400,393.5150,393.5150,900
1466105400,393.6300,393.6400,393.5079,393.6400,1900
1466105499,393.9500,393.9500,393.6500,393.6500,1400
1466105549,393.8550,393.8550,393.6900,393.7600,1300
1466105589,394.0100,394.0100,393.7600,393.8000,1900
1466105640,394.0000,394.0100,394.0000,394.0100,900
1466105716,393.4650,393.4901,393.2601,393.4901,1600
1466105764,393.1003,393.6699,393.1001,393.6699,3800
1466105846,393.2450,393.3500,393.2400,393.2500,1300
1466105899,393.1200,393.3099,392.8350,393.3099,5600
1466105997,393.2499,393.2499,392.9100,392.9400,2500
1466106007,393.5400,393.5400,393.1600,393.2714,2100
1466106094,393.1300,393.2750,393.1300,393.2750,200
1466106127,392.9300,393.3400,392.9300,393.3400,3400
1466106199,393.6799,393.6799,393.6799,393.6799,1200
1466106295,393.4450,393.6000,393.4400,393.4400,600
1466106311,393.4600,393.6000,393.2800,393.5800,4600
1466106383,393.0600,393.4550,393.0600,393.4450,2800
1466106435,393.5800,393.5800,393.2700,393.3000,2700
1466106480,393.7200,393.9200,393.5000,393.5300,5200
1466106599,393.5000,393.7200,393.5000,393.7200,2400
1466106618,393.5900,393.5900,393.1700,393.3500,6000
1466106703,393.1700,393.2800,393.1700,393.2800,1900
1466106774,393.3300,393.4280,393.1500,393.4280,600
1466106786,393.5200,393.5200,393.1600,393.1600,3300
1466106845,393.5700,393.5700,393.4400,393.5400,5700
1466106958,393.7900,393.7900,393.4900,393.5300,7400
1466106963,393.7775,393.8600,393.5400,393.5400,6800
1466107079,393.8350,394.1000,393.8250,393.9300,8100
1466107084,393.9400,393.9400,393.8400,393.9400,5500
1466107162,393.5000,393.5500,393.2700,393.5500,17300
1466107200,393.5500,393.5500,393.5500,393.5500,10200
