uri:/instrument/1.0/SCHB/chartdata;type=quote;range=1d/csv
ticker:schb
Company-Name:Schwab U.S. Broad Market ETF
Exchange-Name:PCX
unit:MIN
timezone:EDT
currency:USD
gmtoffset:-14400
previous_close:50.0700
Timestamp:1466170200,1466193600
labels:1466172000,1466175600,1466179200,1466182800,1466186400,1466190000,1466193600
values:Timestamp,close,high,low,open,volume
close:49.7400,50.0200
high:49.7400,50.0200
low:49.7300,50.0170
open:49.7320,50.0170
volume:0,60800
1466170248,50.0107,50.0107,50.0107,50.0107,9900
1466170338,49.9900,49.9900,49.9900,49.9900,500
1466170419,50.0100,50.0100,50.0100,50.0100,100
1466170467,49.9900,49.9900,49.9900,49.9900,100
1466170537,49.9700,49.9700,49.9500,49.9500,300
1466170575,49.9300,49.9300,49.9300,49.9300,300
1466170705,49.9200,49.9377,49.9200,49.9377,1100
1466170749,49.9260,49.9260,49.9260,49.9260,100
1466170802,49.8771,49.8771,49.8771,49.8771,300
1466170917,49.9477,49.9477,49.9477,49.9477,1400
1466171091,49.9700,49.9700,49.9700,49.9700,200
1466171129,49.9800,49.9800,49.9799,49.9800,400
1466171165,49.9200,49.9300,49.9200,49.9300,1700
1466171355,49.9320,49.9320,49.9320,49.9320,200
1466171433,49.9500,49.9500,49.9499,49.9499,1100
1466171517,49.9720,49.9720,49.9720,49.9720,100
1466171552,50.0000,50.0000,50.0000,50.0000,8200
1466171620,49.9800,49.9800,49.9800,49.9800,100
1466171737,49.9578,49.9578,49.9578,49.9578,1500
1466171811,49.9500,49.9500,49.9500,49.9500,100
1466171850,49.9680,49.9680,49.9680,49.9680,100
1466171974,49.9800,49.9801,49.9800,49.9801,200
1466172054,49.9500,49.9500,49.9500,49.9500,1600
1466172154,49.9900,49.9900,49.9900,49.9900,400
1466172233,49.9800,49.9800,49.9800,49.9800,100
1466172259,49.9500,49.9500,49.9300,49.9500,1700
1466172315,49.9599,49.9599,49.9599,49.9599,300
1466172378,49.9600,49.9801,49.9600,49.9740,2200
1466172575,49.9507,49.9507,49.9507,49.9507,500
1466172614,50.0200,50.0200,49.9720,49.9720,2400
1466172805,49.9970,49.9970,49.9970,49.9970,400
1466172962,50.0200,50.0200,50.0100,50.0110,1500
1466173048,50.0000,50.0099,50.0000,50.0099,800
1466173084,50.0190,50.0190,50.0170,50.0170,7200
1466173273,50.0111,50.0111,50.0111,50.0111,800
1466173452,49.9699,49.9699,49.9699,49.9699,600
1466173503,49.9499,49.9690,49.9499,49.9690,1400
1466173585,49.9599,49.9599,49.9501,49.9599,1900
1466173673,49.9541,49.9541,49.9541,49.9541,100
1466173690,49.9400,49.9600,49.9400,49.9600,900
1466173829,49.8530,49.8956,49.8530,49.8956,1100
1466173898,49.8200,49.8300,49.8200,49.8300,900
1466173931,49.8300,49.8300,49.8300,49.8300,300
1466173981,49.8411,49.8411,49.8411,49.8411,600
1466174068,49.8600,49.8600,49.8600,49.8600,200
1466174254,49.8899,49.8899,49.8799,49.8799,800
1466174285,49.8883,49.8883,49.8875,49.8875,200
1466174403,49.8700,49.8967,49.8700,49.8967,1500
1466174630,49.8899,49.8899,49.8883,49.8883,900
1466174697,49.8900,49.8900,49.8900,49.8900,200
1466174789,49.9300,49.9300,49.9300,49.9300,200
1466174901,49.9300,49.9459,49.9300,49.9459,200
1466174976,49.9399,49.9400,49.9310,49.9310,600
1466175005,49.9257,49.9257,49.9257,49.9257,500
1466175083,49.9100,49.9100,49.9100,49.9100,400
1466175226,49.9020,49.9020,49.9020,49.9020,100
1466175269,49.8999,49.8999,49.8999,49.8999,700
1466175338,49.9099,49.9099,49.8959,49.8959,400
1466175442,49.8983,49.9020,49.8983,49.9020,1700
1466175550,49.8800,49.8800,49.8800,49.8800,500
1466175612,49.8700,49.8750,49.8700,49.8750,3400
1466175706,49.8567,49.8567,49.8567,49.8567,200
1466175759,49.8340,49.8340,49.8340,49.8340,300
1466175912,49.8070,49.8070,49.7967,49.7967,2100
1466176094,49.8290,49.8290,49.8290,49.8290,200
1466176263,49.8100,49.8100,49.8100,49.8100,100
1466176343,49.7733,49.7800,49.7600,49.7800,4000
1466176384,49.7600,49.7690,49.7600,49.7642,1900
1466176494,49.7800,49.7800,49.7800,49.7800,200
1466176590,49.7600,49.7600,49.7600,49.7600,100
1466176715,49.8100,49.8100,49.8000,49.8000,700
1466176810,49.8200,49.8200,49.8200,49.8200,800
1466176862,49.8200,49.8300,49.8100,49.8300,1900
1466177094,49.8100,49.8100,49.8100,49.8100,100
1466177142,49.8099,49.8099,49.8099,49.8099,400
1466177199,49.8034,49.8034,49.8034,49.8034,3400
1466177321,49.7658,49.7658,49.7620,49.7640,1200
1466177356,49.7400,49.7500,49.7400,49.7500,400
1466177404,49.7400,49.7400,49.7300,49.7320,1600
1466177501,49.7500,49.7500,49.7475,49.7500,1300
1466177541,49.7590,49.7590,49.7590,49.7590,500
1466177585,49.7617,49.7617,49.7617,49.7617,100
1466177644,49.7700,49.7700,49.7600,49.7600,1000
1466177721,49.7700,49.7700,49.7700,49.7700,1800
1466177786,49.7400,49.7500,49.7301,49.7500,700
1466177852,49.7699,49.7699,49.7699,49.7699,300
1466177905,49.7800,49.7800,49.7800,49.7800,1200
1466177970,49.7810,49.7899,49.7810,49.7899,700
1466178009,49.8020,49.8020,49.7808,49.7808,1100
1466178086,49.8000,49.8000,49.8000,49.8000,200
1466178213,49.8064,49.8100,49.8064,49.8100,200
1466178334,49.8099,49.8099,49.8099,49.8099,500
1466178578,49.8299,49.8299,49.8299,49.8299,200
1466178659,49.8390,49.8390,49.8390,49.8390,100
1466178715,49.8400,49.8400,49.8200,49.8200,900
1466178823,49.8142,49.8142,49.8142,49.8142,1000
1466178858,49.8140,49.8140,49.8140,49.8140,2100
1466179104,49.8000,49.8000,49.8000,49.8000,300
1466179143,49.8058,49.8197,49.8058,49.8197,1100
1466179209,49.8100,49.8100,49.8100,49.8100,200
1466179273,49.8190,49.8190,49.8190,49.8190,100
1466179372,49.8558,49.8558,49.8500,49.8500,1400
1466179384,49.8500,49.8500,49.8500,49.8500,300
1466179509,49.8400,49.8500,49.8400,49.8500,500
1466179563,49.8500,49.8500,49.8499,49.8499,600
1466179635,49.8500,49.8500,49.8500,49.8500,600
1466179738,49.8900,49.8900,49.8900,49.8900,200
1466179763,49.8900,49.8900,49.8900,49.8900,1400
1466179804,49.9200,49.9200,49.9100,49.9100,3100
1466179870,49.9179,49.9179,49.9179,49.9179,2500
1466179946,49.9059,49.9059,49.9059,49.9059,100
1466180020,49.9099,49.9099,49.9099,49.9099,200
1466180127,49.9200,49.9200,49.9200,49.9200,1000
1466180200,49.8800,49.8900,49.8800,49.8900,200
1466180301,49.8800,49.8800,49.8700,49.8700,800
1466180423,49.9000,49.9000,49.9000,49.9000,900
1466180518,49.8800,49.9000,49.8800,49.9000,300
1466180588,49.8841,49.8850,49.8790,49.8790,1000
1466180677,49.8681,49.8681,49.8681,49.8681,1100
1466180731,49.8799,49.8799,49.8799,49.8799,300
1466180934,49.8600,49.8600,49.8600,49.8600,200
1466180978,49.8759,49.8759,49.8759,49.8759,1100
1466181013,49.8950,49.8950,49.8950,49.8950,400
1466181170,49.8880,49.8890,49.8800,49.8890,1300
1466181193,49.8661,49.8661,49.8661,49.8661,300
1466181250,49.8659,49.8659,49.8600,49.8600,300
1466181332,49.8561,49.8561,49.8561,49.8561,700
1466181457,49.8799,49.8799,49.8799,49.8799,300
1466181670,49.8550,49.8699,49.8550,49.8699,1300
1466181777,49.8600,49.8600,49.8600,49.8600,400
1466181864,49.8699,49.8699,49.8699,49.8699,400
1466181934,49.8680,49.8680,49.8680,49.8680,200
1466181993,49.8700,49.8800,49.8700,49.8800,500
1466182093,49.8400,49.8400,49.8400,49.8400,200
1466182173,49.8299,49.8300,49.8299,49.8300,600
1466182289,49.8259,49.8259,49.8259,49.8259,400
1466182374,49.8100,49.8100,49.8100,49.8100,400
1466182405,49.8159,49.8159,49.8159,49.8159,100
1466182449,49.8200,49.8200,49.8180,49.8180,500
1466182567,49.8259,49.8259,49.8259,49.8259,1500
1466182662,49.8080,49.8080,49.8080,49.8080,100
1466182741,49.8100,49.8100,49.8100,49.8100,300
1466182813,49.8200,49.8220,49.8200,49.8210,600
1466182908,49.8000,49.8000,49.8000,49.8000,400
1466182938,49.7700,49.7700,49.7700,49.7700,400
1466182992,49.7759,49.7759,49.7759,49.7759,200
1466183129,49.7800,49.7800,49.7800,49.7800,500
1466183278,49.8100,49.8100,49.8100,49.8100,100
1466183291,49.8300,49.8300,49.8100,49.8100,900
1466183376,49.8500,49.8500,49.8500,49.8500,100
1466183453,49.8500,49.8500,49.8500,49.8500,200
1466183515,49.8400,49.8500,49.8400,49.8500,400
1466183530,49.8359,49.8359,49.8359,49.8359,200
1466183658,49.8600,49.8600,49.8600,49.8600,100
1466183848,49.8574,49.8574,49.8574,49.8574,100
1466183932,49.8800,49.8800,49.8800,49.8800,400
1466184078,49.8880,49.8880,49.8880,49.8880,300
1466184156,49.8790,49.8790,49.8759,49.8759,400
1466184243,49.8900,49.8900,49.8700,49.8700,13900
1466184348,49.9000,49.9000,49.9000,49.9000,300
1466184369,49.9100,49.9100,49.9100,49.9100,200
1466184475,49.8941,49.8941,49.8900,49.8900,1900
1466184518,49.8910,49.8999,49.8910,49.8999,600
1466184759,49.8764,49.8900,49.8764,49.8900,300
1466184822,49.8641,49.8641,49.8641,49.8641,400
1466184858,49.8780,49.8780,49.8780,49.8780,200
1466184973,49.8582,49.8582,49.8582,49.8582,300
1466185180,49.8690,49.8690,49.8690,49.8690,100
1466185270,49.8900,49.8900,49.8900,49.8900,200
1466185410,49.8900,49.8900,49.8900,49.8900,1100
1466185449,49.8859,49.8890,49.8800,49.8890,11000
1466185618,49.8900,49.8900,49.8900,49.8900,100
1466185747,49.9090,49.9090,49.9090,49.9090,200
1466185873,49.9300,49.9300,49.9300,49.9300,600
1466186107,49.9000,49.9000,49.9000,49.9000,200
1466186284,49.8990,49.9000,49.8990,49.9000,400
1466186375,49.9041,49.9041,49.9041,49.9041,100
1466186414,49.8990,49.8990,49.8990,49.8990,100
1466186465,49.9176,49.9278,49.9100,49.9100,2400
1466186591,49.9161,49.9200,49.9161,49.9200,1000
1466186664,49.9000,49.9000,49.9000,49.9000,800
1466186709,49.8800,49.8900,49.8800,49.8900,3300
1466186777,49.8659,49.8659,49.8659,49.8659,200
1466186838,49.8601,49.8650,49.8601,49.8650,5400
1466187058,49.8941,49.8941,49.8941,49.8941,800
1466187118,49.9100,49.9100,49.8980,49.9000,2100
1466187196,49.8899,49.8999,49.8899,49.8999,5200
1466187331,49.9000,49.9000,49.9000,49.9000,100
1466187429,49.9200,49.9259,49.9200,49.9259,300
1466187535,49.9100,49.9100,49.9100,49.9100,400
1466187549,49.9100,49.9100,49.9100,49.9100,400
1466187650,49.8910,49.8999,49.8910,49.8999,3000
1466187737,49.8900,49.8900,49.8700,49.8700,600
1466187793,49.9000,49.9000,49.9000,49.9000,2200
1466187859,49.9300,49.9301,49.9300,49.9300,5300
1466188029,49.9400,49.9400,49.9400,49.9400,200
1466188160,49.9300,49.9300,49.9300,49.9300,100
1466188212,49.9310,49.9310,49.9310,49.9310,1400
1466188367,49.9600,49.9690,49.9500,49.9500,4900
1466188410,49.9800,49.9800,49.9800,49.9800,400
1466188454,49.9741,49.9790,49.9741,49.9790,500
1466188504,49.9800,49.9800,49.9800,49.9800,200
1466188575,49.9800,49.9800,49.9800,49.9800,600
1466188643,49.9699,49.9738,49.9699,49.9738,1700
1466188706,49.9700,49.9734,49.9700,49.9700,1100
1466188908,49.9500,49.9500,49.9500,49.9500,100
1466189072,50.0000,50.0000,49.9900,49.9900,1200
1466189143,49.9900,49.9900,49.9900,49.9900,1500
1466189172,49.9900,49.9900,49.9814,49.9900,600
1466189246,49.9720,49.9800,49.9700,49.9800,600
1466189307,49.9800,49.9800,49.9710,49.9710,400
1466189399,49.9900,49.9900,49.9899,49.9899,1200
1466189453,49.9900,49.9900,49.9900,49.9900,900
1466189477,49.9900,49.9990,49.9900,49.9990,2700
1466189541,50.0000,50.0000,50.0000,50.0000,200
1466189627,49.9900,49.9900,49.9859,49.9859,1000
1466189688,49.9900,49.9900,49.9900,49.9900,200
1466189804,49.9800,49.9800,49.9800,49.9800,200
1466189871,49.9700,49.9800,49.9700,49.9800,1300
1466189900,49.9710,49.9710,49.9700,49.9700,300
1466189989,49.9700,49.9700,49.9700,49.9700,400
1466190128,49.9700,49.9710,49.9700,49.9710,600
1466190225,49.9600,49.9600,49.9600,49.9600,1300
1466190251,49.9501,49.9541,49.9501,49.9531,2700
1466190355,49.9500,49.9500,49.9500,49.9500,200
1466190475,49.9441,49.9441,49.9441,49.9441,200
1466190555,49.9327,49.9327,49.9310,49.9310,900
1466190649,49.9390,49.9390,49.9390,49.9390,100
1466190670,49.9369,49.9369,49.9369,49.9369,3800
1466190762,49.9400,49.9400,49.9400,49.9400,600
1466190818,49.9499,49.9499,49.9499,49.9499,300
1466190862,49.9415,49.9415,49.9415,49.9415,200
1466190930,49.9260,49.9400,49.9220,49.9400,1900
1466190966,49.9290,49.9300,49.9290,49.9300,1500
1466191039,49.8999,49.9100,49.8999,49.9100,1700
1466191223,49.9383,49.9383,49.9383,49.9383,1600
1466191391,49.9200,49.9200,49.9200,49.9200,60800
1466191443,49.9260,49.9260,49.9260,49.9260,500
1466191556,49.9101,49.9101,49.9101,49.9101,1100
1466191625,49.9300,49.9300,49.9300,49.9300,800
1466191833,49.9000,49.9000,49.9000,49.9000,100
1466191873,49.9100,49.9100,49.9100,49.9100,600
1466191984,49.9200,49.9300,49.9200,49.9200,1200
1466192256,49.9200,49.9200,49.9200,49.9200,700
1466192448,49.8999,49.8999,49.8999,49.8999,1900
1466192494,49.8700,49.8700,49.8700,49.8700,1200
1466192544,49.8800,49.8800,49.8700,49.8800,13800
1466192638,49.9040,49.9099,49.8859,49.8859,1200
1466192683,49.9090,49.9090,49.9000,49.9000,200
1466192750,49.9100,49.9100,49.9100,49.9100,900
1466192778,49.9100,49.9100,49.9060,49.9100,1100
1466192889,49.9000,49.9000,49.9000,49.9000,200
1466192941,49.8900,49.8900,49.8900,49.8900,500
1466193043,49.8900,49.8990,49.8900,49.8990,900
1466193128,49.9100,49.9100,49.8910,49.8910,4300
1466193197,49.9190,49.9190,49.9190,49.9190,100
1466193270,49.9100,49.9100,49.9100,49.9100,1000
1466193318,49.9099,49.9099,49.9090,49.9090,300
1466193418,49.9000,49.9000,49.9000,49.9000,600
1466193449,49.9199,49.9200,49.9199,49.9200,500
1466193523,49.9191,49.9191,49.9140,49.9140,400
1466193541,49.9100,49.9219,49.9100,49.9182,6400
1466193600,49.9000,49.9000,49.9000,49.9000,0
