uri:/instrument/1.0/VUG/chartdata;type=quote;range=1d/csv
ticker:vug
Company-Name:Vanguard Growth ETF - DNQ
Exchange-Name:PCX
unit:MIN
timezone:EDT
currency:USD
gmtoffset:-14400
previous_close:107.8800
Timestamp:1465824600,1465848000
labels:1465826400,1465830000,1465833600,1465837200,1465840800,1465844400,1465848000
values:Timestamp,close,high,low,open,volume
close:107.1200,108.2100
high:107.1300,108.2100
low:107.1101,108.1600
open:107.1101,108.1600
volume:0,44200
1465824749,107.7984,107.8300,107.7984,107.8300,39400
1465824949,107.8500,107.8600,107.8200,107.8200,2100
1465824978,107.8795,107.8795,107.8500,107.8500,600
1465825076,107.8000,107.8100,107.8000,107.8100,400
1465825136,107.8500,107.8500,107.8000,107.8100,1700
1465825181,107.7800,107.8418,107.7800,107.8418,400
1465825238,107.8295,107.8295,107.8200,107.8200,200
1465825307,107.8646,107.8646,107.8300,107.8300,600
1465825351,107.8901,107.8901,107.8901,107.8901,200
1465825417,107.8960,107.9219,107.8800,107.9219,1700
1465825467,107.8100,107.8300,107.8100,107.8300,400
1465825509,107.7823,107.7823,107.7601,107.7601,500
1465825581,107.8700,107.8700,107.8558,107.8558,700
1465825671,107.9300,107.9300,107.8700,107.8700,1200
1465825730,107.9450,107.9900,107.9200,107.9600,1700
1465825780,108.0150,108.0200,107.9100,107.9200,2600
1465825853,108.0900,108.0900,108.0300,108.0400,1600
1465825903,108.1200,108.1200,108.0700,108.0900,1600
1465825973,108.0501,108.0800,108.0300,108.0800,2400
1465826017,108.1308,108.1500,108.1100,108.1100,11400
1465826099,108.0800,108.0800,108.0800,108.0800,100
1465826135,108.0600,108.0600,108.0600,108.0600,200
1465826212,108.0960,108.0960,108.0920,108.0920,900
1465826439,108.1140,108.1140,108.1000,108.1000,1100
1465826487,108.2100,108.2100,108.1600,108.1600,200
1465826592,108.0600,108.0600,108.0600,108.0600,500
1465826699,107.9601,107.9601,107.9601,107.9601,200
1465826772,107.9800,107.9800,107.9800,107.9800,800
1465827045,107.8800,107.8900,107.8800,107.8900,300
1465827105,107.9400,107.9400,107.9400,107.9400,400
1465827185,107.9639,107.9639,107.9639,107.9639,600
1465827256,107.9100,107.9100,107.8800,107.9000,1000
1465827387,107.9500,107.9600,107.9500,107.9600,900
1465827458,107.9530,107.9530,107.9530,107.9530,200
1465827499,107.9599,107.9599,107.9400,107.9400,700
1465827672,107.9600,107.9600,107.9600,107.9600,100
1465827731,107.9900,108.0000,107.9900,108.0000,500
1465827876,107.9440,107.9456,107.9350,107.9456,400
1465827905,107.9549,107.9549,107.9549,107.9549,100
1465827973,107.9100,107.9999,107.9100,107.9999,1200
1465828120,107.9940,107.9940,107.9940,107.9940,600
1465828208,108.0400,108.0400,108.0400,108.0400,200
1465828286,108.1300,108.1400,108.0924,108.0924,1600
1465828330,108.1100,108.1400,108.1100,108.1400,300
1465828413,108.1150,108.1150,108.1100,108.1100,300
1465828590,108.1300,108.1300,108.1101,108.1101,700
1465828668,108.0800,108.0800,108.0800,108.0800,200
1465828762,108.0500,108.0600,108.0500,108.0600,1400
1465828843,108.0400,108.0400,108.0400,108.0400,500
1465828883,108.0700,108.0700,108.0699,108.0699,1100
1465828958,108.0452,108.0452,108.0452,108.0452,300
1465829178,108.0600,108.0677,108.0600,108.0677,900
1465829357,108.0100,108.0100,108.0100,108.0100,100
1465829451,107.9500,107.9500,107.9457,107.9457,2800
1465829470,107.9300,107.9300,107.9300,107.9300,100
1465829523,107.9900,107.9900,107.9600,107.9600,400
1465829666,107.9400,107.9400,107.9400,107.9400,500
1465829820,107.9400,107.9400,107.9400,107.9400,300
1465829931,107.9600,107.9600,107.9600,107.9600,700
1465829972,107.9600,107.9700,107.9600,107.9700,300
1465830018,107.8700,107.9300,107.8700,107.9300,2400
1465830187,107.8744,107.9300,107.8744,107.8989,800
1465830318,107.8796,107.8900,107.8750,107.8750,700
1465830395,107.8200,107.8200,107.8200,107.8200,300
1465830459,107.8900,107.8900,107.8650,107.8650,1000
1465830508,107.8540,107.8600,107.8540,107.8600,400
1465830570,107.8395,107.8395,107.8395,107.8395,500
1465830742,107.8720,107.8980,107.8720,107.8980,2100
1465830940,107.8499,107.8499,107.8499,107.8499,700
1465830987,107.8900,107.8900,107.8800,107.8800,200
1465831035,107.8456,107.8456,107.8456,107.8456,400
1465831184,107.8370,107.8370,107.8296,107.8296,2100
1465831231,107.8200,107.8200,107.7826,107.7826,1100
1465831288,107.8600,107.8600,107.8600,107.8600,400
1465831373,107.8500,107.8500,107.8500,107.8500,100
1465831384,107.8300,107.8300,107.8300,107.8300,200
1465831506,107.8200,107.8400,107.8200,107.8200,500
1465831603,107.8150,107.8150,107.8150,107.8150,1500
1465831682,107.8819,107.8899,107.8100,107.8100,500
1465831867,107.8200,107.8400,107.8200,107.8400,400
1465831933,107.7950,107.8200,107.7900,107.8200,1400
1465832077,107.7300,107.7374,107.7300,107.7300,1300
1465832123,107.7445,107.7445,107.7192,107.7192,600
1465832212,107.7700,107.7800,107.7700,107.7800,600
1465832235,107.7000,107.7560,107.7000,107.7560,1000
1465832328,107.6876,107.6876,107.6500,107.6500,3800
1465832391,107.6500,107.6500,107.6400,107.6400,2100
1465832403,107.6400,107.6400,107.6400,107.6400,1000
1465832467,107.6800,107.6800,107.6400,107.6500,4700
1465832569,107.7100,107.7100,107.7100,107.7100,200
1465832612,107.6850,107.6900,107.6601,107.6601,5200
1465832644,107.6601,107.6700,107.6601,107.6700,1200
1465832703,107.6500,107.6500,107.6500,107.6500,100
1465832760,107.6100,107.6200,107.6100,107.6200,400
1465832830,107.6470,107.6470,107.6400,107.6400,400
1465832905,107.6455,107.6455,107.6455,107.6455,600
1465832950,107.6400,107.6400,107.6400,107.6400,1000
1465833020,107.5700,107.5900,107.5700,107.5900,1200
1465833086,107.5800,107.5800,107.5800,107.5800,100
1465833231,107.5100,107.5100,107.5100,107.5100,1800
1465833263,107.5099,107.5099,107.4900,107.4900,2700
1465833374,107.4869,107.4900,107.4869,107.4900,700
1465833437,107.4908,107.5042,107.4908,107.5042,1400
1465833495,107.4400,107.4900,107.4400,107.4900,2500
1465833607,107.4400,107.4458,107.4400,107.4458,900
1465833718,107.5000,107.5000,107.4600,107.4600,1400
1465833723,107.5400,107.5400,107.5000,107.5000,700
1465833797,107.5100,107.5100,107.5100,107.5100,500
1465833911,107.4900,107.4999,107.4800,107.4980,2600
1465834054,107.5299,107.5299,107.5299,107.5299,500
1465834088,107.5362,107.5362,107.5362,107.5362,200
1465834172,107.4900,107.4900,107.4900,107.4900,100
1465834225,107.5240,107.5240,107.4926,107.4926,500
1465834266,107.5359,107.5359,107.5348,107.5348,600
1465834323,107.5246,107.5246,107.5142,107.5142,600
1465834436,107.5248,107.5248,107.5248,107.5248,300
1465834606,107.5800,107.5800,107.5800,107.5800,100
1465834743,107.5950,107.6042,107.5900,107.6042,600
1465834917,107.6000,107.7450,107.5600,107.5600,2100
1465834924,107.5400,107.5400,107.5300,107.5300,1000
1465835016,107.5531,107.5531,107.5200,107.5200,500
1465835059,107.6100,107.6100,107.6100,107.6100,800
1465835194,107.5372,107.5372,107.5372,107.5372,300
1465835477,107.6393,107.6393,107.6393,107.6393,700
1465835576,107.5800,107.5800,107.5800,107.5800,200
1465835783,107.6300,107.6400,107.6300,107.6400,500
1465835872,107.5900,107.5900,107.5900,107.5900,200
1465835898,107.6140,107.6140,107.6103,107.6103,400
1465835994,107.6101,107.6250,107.6101,107.6250,1800
1465836072,107.6699,107.6800,107.6505,107.6800,1800
1465836125,107.6700,107.6700,107.6400,107.6400,300
1465836213,107.7300,107.7300,107.7300,107.7300,300
1465836268,107.6859,107.7000,107.6859,107.7000,800
1465836310,107.6986,107.6986,107.6986,107.6986,200
1465836368,107.6500,107.6899,107.6500,107.6800,800
1465836723,107.6800,107.6800,107.6799,107.6799,300
1465836948,107.6900,107.6940,107.6900,107.6940,900
1465836989,107.7400,107.7400,107.7400,107.7400,100
1465837079,107.7442,107.7800,107.7442,107.7800,1400
1465837137,107.7548,107.7548,107.7548,107.7548,100
1465837193,107.7335,107.7799,107.7335,107.7799,800
1465837222,107.7600,107.7600,107.7600,107.7600,300
1465837357,107.7140,107.7140,107.7140,107.7140,700
1465837403,107.7060,107.7060,107.7060,107.7060,200
1465837515,107.6800,107.6800,107.6800,107.6800,200
1465837616,107.7150,107.7300,107.7150,107.7300,800
1465837626,107.7220,107.7220,107.7220,107.7220,700
1465837695,107.6826,107.7000,107.6826,107.7000,500
1465837836,107.6787,107.6787,107.6787,107.6787,300
1465837998,107.6800,107.6800,107.6800,107.6800,300
1465838093,107.6800,107.6800,107.6800,107.6800,1100
1465838310,107.6101,107.6101,107.6101,107.6101,500
1465838382,107.5908,107.5908,107.5908,107.5908,1100
1465838426,107.6326,107.6326,107.6292,107.6292,500
1465838501,107.6500,107.6500,107.6313,107.6313,2300
1465838547,107.7000,107.7000,107.6426,107.6426,5000
1465838647,107.7040,107.7040,107.6900,107.6900,400
1465838702,107.6800,107.6800,107.6800,107.6800,200
1465838762,107.7300,107.7300,107.6612,107.6612,800
1465838828,107.7080,107.7329,107.7080,107.7329,600
1465839059,107.7000,107.7104,107.7000,107.7000,1100
1465839089,107.7294,107.7400,107.7000,107.7000,700
1465839127,107.7072,107.7119,107.7010,107.7010,2000
1465839228,107.7000,107.7300,107.7000,107.7300,1100
1465839244,107.6860,107.7100,107.6800,107.6900,25100
1465839348,107.6280,107.6786,107.6280,107.6786,500
1465839369,107.6200,107.6308,107.6200,107.6276,1300
1465839434,107.6100,107.6100,107.6100,107.6100,400
1465839505,107.5900,107.5991,107.5521,107.5521,800
1465839540,107.5601,107.6000,107.5601,107.5900,1600
1465839648,107.5700,107.5700,107.5700,107.5700,300
1465839710,107.5589,107.5589,107.5589,107.5589,100
1465839724,107.5800,107.5800,107.5600,107.5600,300
1465839869,107.6600,107.6600,107.6300,107.6400,1200
1465840065,107.6701,107.7099,107.6701,107.6740,1100
1465840094,107.6999,107.6999,107.6805,107.6850,1400
1465840151,107.6797,107.6797,107.6650,107.6700,1500
1465840211,107.6480,107.6700,107.6480,107.6700,800
1465840275,107.6000,107.6154,107.6000,107.6154,600
1465840320,107.6083,107.6120,107.5940,107.5940,1100
1465840424,107.5400,107.5799,107.5400,107.5799,600
1465840496,107.4928,107.5035,107.4928,107.5035,1200
1465840501,107.4900,107.5081,107.4540,107.5081,2000
1465840563,107.4800,107.4800,107.4700,107.4700,1200
1465840624,107.4760,107.4760,107.4760,107.4760,200
1465840689,107.5200,107.5200,107.5200,107.5200,100
1465840785,107.4740,107.4740,107.4740,107.4740,200
1465840813,107.4905,107.5300,107.4905,107.5120,3800
1465840876,107.4926,107.4926,107.4800,107.4800,200
1465840979,107.4200,107.4899,107.4200,107.4899,21500
1465840987,107.4500,107.4500,107.4500,107.4500,100
1465841125,107.4819,107.4819,107.4819,107.4819,1700
1465841207,107.5150,107.5150,107.5150,107.5150,1600
1465841279,107.5250,107.5250,107.4901,107.4901,2200
1465841316,107.5500,107.5500,107.5500,107.5500,400
1465841364,107.5506,107.5700,107.5506,107.5700,1000
1465841453,107.5700,107.5885,107.5458,107.5458,2100
1465841477,107.5570,107.5772,107.5550,107.5772,1400
1465841536,107.6005,107.6400,107.6005,107.6100,3500
1465841592,107.6185,107.6200,107.5800,107.6200,700
1465841690,107.6147,107.6300,107.6147,107.6199,800
1465841701,107.6000,107.6300,107.6000,107.6300,1800
1465841877,107.5501,107.6026,107.5501,107.6026,1700
1465841914,107.5500,107.5840,107.5500,107.5840,800
1465841940,107.5601,107.5699,107.5550,107.5550,1800
1465842017,107.5273,107.5600,107.5273,107.5600,1700
1465842060,107.5248,107.5248,107.5248,107.5248,300
1465842149,107.5100,107.5100,107.5100,107.5100,700
1465842213,107.5161,107.5161,107.5147,107.5148,2100
1465842286,107.5187,107.5187,107.5187,107.5187,800
1465842306,107.4800,107.5000,107.4800,107.5000,1300
1465842533,107.5258,107.5258,107.5107,107.5150,5700
1465842545,107.5100,107.5400,107.5100,107.5400,600
1465842705,107.5350,107.5350,107.5350,107.5350,200
1465842722,107.5800,107.5800,107.5460,107.5460,800
1465842781,107.6300,107.6300,107.5748,107.5748,1200
1465842851,107.6620,107.6700,107.6600,107.6700,1500
1465842986,107.6601,107.6601,107.6601,107.6601,300
1465843097,107.6800,107.6800,107.6800,107.6800,2800
1465843172,107.6480,107.6480,107.6480,107.6480,500
1465843405,107.7343,107.7343,107.7040,107.7040,8200
1465843488,107.7300,107.7300,107.7300,107.7300,100
1465843550,107.6899,107.7330,107.6899,107.7330,1400
1465843562,107.6543,107.6543,107.6543,107.6543,700
1465843672,107.6600,107.6800,107.6600,107.6799,1200
1465843730,107.6699,107.6699,107.6505,107.6505,400
1465843753,107.6470,107.6690,107.6470,107.6690,3200
1465843853,107.6540,107.6540,107.6495,107.6495,1700
1465843865,107.6200,107.6620,107.6200,107.6620,1700
1465844038,107.6000,107.6000,107.5460,107.5534,19800
1465844082,107.6060,107.6060,107.5903,107.6000,1800
1465844118,107.6100,107.6100,107.6100,107.6100,1100
1465844185,107.6399,107.6399,107.6399,107.6399,200
1465844246,107.6000,107.6000,107.6000,107.6000,11100
1465844290,107.5800,107.5800,107.5800,107.5800,400
1465844342,107.5500,107.5640,107.5500,107.5640,400
1465844415,107.5540,107.5540,107.5540,107.5540,200
1465844473,107.5705,107.5705,107.5660,107.5660,2400
1465844579,107.5350,107.5405,107.5350,107.5405,900
1465844637,107.5100,107.5380,107.5100,107.5260,1200
1465844657,107.5299,107.5299,107.5299,107.5299,400
1465844726,107.4500,107.5100,107.4500,107.5100,2300
1465844777,107.4642,107.4642,107.4500,107.4500,1400
1465844845,107.4352,107.4500,107.4352,107.4500,9000
1465844905,107.4400,107.4400,107.4400,107.4400,700
1465844994,107.3750,107.4400,107.3750,107.4400,2600
1465845033,107.4050,107.4050,107.4050,107.4050,100
1465845087,107.4500,107.4500,107.4500,107.4500,400
1465845123,107.4105,107.4105,107.4105,107.4105,500
1465845189,107.3400,107.3590,107.3400,107.3500,700
1465845257,107.3500,107.3500,107.3400,107.3400,1800
1465845345,107.4000,107.4000,107.3801,107.3801,700
1465845383,107.3823,107.3823,107.3823,107.3823,400
1465845469,107.3755,107.3900,107.3400,107.3900,5000
1465845486,107.3840,107.3900,107.3501,107.3900,3900
1465845648,107.4101,107.4101,107.4101,107.4101,300
1465845769,107.4288,107.4288,107.4227,107.4227,300
1465845836,107.4301,107.4600,107.4301,107.4600,1000
1465845849,107.3900,107.4520,107.3900,107.4520,29100
1465845945,107.4400,107.4400,107.4200,107.4200,900
1465845991,107.4000,107.4300,107.4000,107.4300,6300
1465846024,107.3600,107.4000,107.3600,107.4000,900
1465846131,107.3800,107.3800,107.3785,107.3785,900
1465846226,107.3900,107.3900,107.3900,107.3900,100
1465846272,107.4092,107.4100,107.3980,107.4099,10500
1465846335,107.4599,107.4599,107.4300,107.4300,1300
1465846398,107.4100,107.4332,107.4100,107.4268,1100
1465846472,107.4350,107.4350,107.4225,107.4225,2400
1465846534,107.3811,107.3811,107.3811,107.3811,100
1465846564,107.3501,107.3601,107.3501,107.3601,500
1465846637,107.3440,107.3600,107.3317,107.3600,800
1465846722,107.3250,107.3250,107.3250,107.3250,100
1465846744,107.3236,107.3395,107.3236,107.3395,6000
1465846843,107.3095,107.3095,107.3095,107.3095,500
1465846937,107.3000,107.3000,107.3000,107.3000,1100
1465846996,107.2130,107.2600,107.2130,107.2600,1100
1465847096,107.2399,107.2399,107.2399,107.2399,200
1465847109,107.2115,107.2357,107.2115,107.2280,1700
1465847285,107.2300,107.2300,107.2200,107.2200,500
1465847354,107.2399,107.2400,107.2399,107.2400,500
1465847400,107.1900,107.2200,107.1900,107.2200,1600
1465847483,107.1600,107.1800,107.1600,107.1800,800
1465847540,107.1400,107.1500,107.1400,107.1400,1200
1465847583,107.1200,107.1300,107.1101,107.1101,3100
1465847663,107.1500,107.1500,107.1337,107.1337,2700
1465847743,107.1400,107.1400,107.1400,107.1400,200
1465847810,107.1600,107.1700,107.1600,107.1600,700
1465847832,107.1600,107.1600,107.1500,107.1500,2200
1465847881,107.1600,107.2100,107.1600,107.1700,2700
1465847944,107.1900,107.2300,107.1800,107.1800,44200
1465848000,107.1500,107.1500,107.1500,107.1500,0
