uri:/instrument/1.0/VIA/chartdata;type=quote;range=1d/csv
ticker:via
Company-Name:Viacom Inc.
Exchange-Name:NMS
unit:MIN
timezone:EDT
currency:USD
gmtoffset:-14400
previous_close:46.2200
Timestamp:1465824600,1465848000
labels:1465826400,1465830000,1465833600,1465837200,1465840800,1465844400,1465848000
values:Timestamp,close,high,low,open,volume
close:45.9200,46.7300
high:45.9200,46.7300
low:45.9200,46.7300
open:45.9200,46.7300
volume:100,4800
1465824600,46.2500,46.2500,46.2500,46.2500,2200
1465824708,46.2400,46.2400,46.2400,46.2400,1400
1465824748,46.2400,46.2400,46.2400,46.2400,100
1465824780,46.1350,46.3000,46.1350,46.2023,400
1465824945,46.2100,46.2100,46.1700,46.1700,500
1465825096,46.1800,46.1800,46.1800,46.1800,200
1465825149,46.0644,46.0644,46.0644,46.0644,500
1465825265,46.0800,46.0800,46.0800,46.0800,300
1465825511,46.1750,46.1750,46.0400,46.0400,200
1465825560,46.2100,46.3200,46.2100,46.3200,400
1465826417,46.4100,46.4100,46.2400,46.2400,600
1465826515,46.5000,46.5000,46.5000,46.5000,100
1465826566,46.4000,46.4100,46.4000,46.4100,700
1465826615,46.4500,46.4500,46.4000,46.4000,200
1465826660,46.4300,46.4300,46.4300,46.4300,100
1465826893,46.4400,46.4400,46.4400,46.4400,100
1465827290,46.4500,46.4500,46.4500,46.4500,400
1465827866,46.5303,46.5303,46.5303,46.5303,1000
1465827995,46.5380,46.5500,46.5380,46.5380,900
1465828070,46.5300,46.5300,46.5100,46.5100,200
1465828149,46.5500,46.5500,46.5500,46.5500,400
1465828585,46.6400,46.6400,46.6400,46.6400,100
1465828698,46.7300,46.7300,46.7300,46.7300,100
1465828763,46.5700,46.6100,46.5700,46.6100,200
1465828818,46.5600,46.6300,46.5600,46.6300,400
1465828907,46.5642,46.5642,46.5200,46.5200,1100
1465828971,46.5300,46.5400,46.5300,46.5400,200
1465829033,46.5200,46.5200,46.5200,46.5200,200
1465829065,46.5200,46.5200,46.5200,46.5200,200
1465829459,46.5500,46.5500,46.5200,46.5200,1500
1465829462,46.4800,46.5600,46.4800,46.5600,1600
1465829524,46.5000,46.5000,46.5000,46.5000,400
1465829665,46.4100,46.4700,46.4000,46.4700,1100
1465829730,46.4100,46.4400,46.4100,46.4400,1400
1465829909,46.4100,46.4900,46.4100,46.4900,700
1465830346,46.4200,46.4200,46.4200,46.4200,200
1465830455,46.4100,46.4100,46.4100,46.4100,700
1465830636,46.4900,46.4900,46.4300,46.4300,200
1465830700,46.5000,46.5000,46.4900,46.4900,300
1465830881,46.4400,46.4400,46.4400,46.4400,100
1465831252,46.4000,46.4000,46.4000,46.4000,600
1465831336,46.4600,46.4600,46.4600,46.4600,100
1465831393,46.4000,46.4000,46.4000,46.4000,100
1465831552,46.4000,46.4100,46.4000,46.4000,2600
1465831619,46.4200,46.4200,46.4100,46.4100,300
1465831868,46.4000,46.4000,46.4000,46.4000,1200
1465831971,46.4000,46.4000,46.4000,46.4000,2500
1465832039,46.4000,46.4000,46.4000,46.4000,3000
1465832087,46.4000,46.4000,46.4000,46.4000,800
1465832178,46.4100,46.4100,46.4100,46.4100,3500
1465832337,46.4300,46.4400,46.4000,46.4000,400
1465832440,46.4244,46.4244,46.4244,46.4244,100
1465832508,46.4400,46.4400,46.4400,46.4400,100
1465832648,46.4000,46.4100,46.4000,46.4000,4800
1465832707,46.4000,46.4000,46.4000,46.4000,1300
1465832774,46.4000,46.4000,46.4000,46.4000,400
1465832844,46.4000,46.4000,46.4000,46.4000,100
1465832902,46.4000,46.4000,46.4000,46.4000,600
1465832999,46.4000,46.4000,46.4000,46.4000,2200
1465833000,46.3600,46.4000,46.3600,46.4000,2300
1465833175,46.3200,46.3200,46.3200,46.3200,100
1465833232,46.2700,46.2900,46.2700,46.2899,700
1465833256,46.1900,46.2100,46.1900,46.2100,700
1465833631,46.1600,46.2000,46.1600,46.2000,400
1465833742,46.1900,46.1900,46.1900,46.1900,100
1465834873,46.3800,46.3800,46.3700,46.3700,300
1465835134,46.2500,46.2500,46.2500,46.2500,200
1465835507,46.3400,46.3400,46.3400,46.3400,300
1465836114,46.3100,46.3100,46.3100,46.3100,100
1465836269,46.2600,46.2600,46.2600,46.2600,300
1465836575,46.2600,46.2600,46.2600,46.2600,300
1465837252,46.2400,46.2400,46.2400,46.2400,100
1465837486,46.2200,46.2400,46.2200,46.2400,200
1465837822,46.1300,46.1300,46.1300,46.1300,100
1465838302,46.1600,46.1600,46.1600,46.1600,600
1465839049,46.1600,46.1600,46.1600,46.1600,100
1465839181,46.2804,46.2804,46.2804,46.2804,200
1465839446,46.1200,46.1200,46.1200,46.1200,100
1465839513,46.1100,46.1100,46.0500,46.0500,400
1465840387,46.0300,46.0500,46.0300,46.0500,200
1465840445,46.0000,46.0000,46.0000,46.0000,100
1465840667,45.9500,45.9500,45.9500,45.9500,100
1465840954,45.9500,45.9500,45.9300,45.9500,400
1465841255,46.1099,46.1099,46.1099,46.1099,200
1465841585,45.9900,45.9900,45.9900,45.9900,100
1465842072,46.0300,46.0300,46.0300,46.0300,100
1465842365,45.9400,45.9400,45.9300,45.9300,200
1465842433,46.0100,46.0100,46.0100,46.0100,200
1465842964,46.1300,46.1300,46.1300,46.1300,100
1465843164,46.1700,46.2200,46.1700,46.2200,600
1465843310,46.1700,46.1700,46.1700,46.1700,100
1465843574,46.2200,46.2200,46.1500,46.1500,200
1465844309,46.0600,46.1100,46.0600,46.1100,200
1465844740,46.0600,46.0600,46.0600,46.0600,200
1465844857,46.0200,46.0200,46.0200,46.0200,200
1465845226,46.0100,46.0100,46.0100,46.0100,100
1465845951,46.0400,46.0500,46.0400,46.0400,600
1465846109,46.0600,46.0600,46.0100,46.0100,500
1465846415,46.0400,46.0400,46.0300,46.0300,200
1465846680,46.0700,46.0700,46.0700,46.0700,100
1465846770,46.0500,46.0500,45.9801,45.9801,400
1465846845,46.0500,46.0500,46.0500,46.0500,100
1465847026,45.9200,46.0000,45.9200,46.0000,200
1465847243,45.9800,45.9800,45.9800,45.9800,100
1465847351,45.9800,45.9800,45.9800,45.9800,1500
1465847425,45.9200,45.9200,45.9200,45.9200,100
1465847476,45.9700,45.9700,45.9700,45.9700,600
1465847692,45.9800,45.9800,45.9800,45.9800,100
1465847743,45.9700,45.9700,45.9300,45.9300,200
1465847808,46.0100,46.0100,46.0100,46.0100,100
1465847846,46.0200,46.0200,46.0100,46.0100,300
1465847930,45.9950,45.9950,45.9950,45.9950,200
1465847942,45.9900,46.0400,45.9500,45.9700,2400
1465848000,46.0100,46.0100,46.0100,46.0100,1200
