uri:/instrument/1.0/ACWI/chartdata;type=quote;range=1d/csv
ticker:acwi
Company-Name:iShares MSCI ACWI Index Fund
Exchange-Name:NGM
unit:MIN
timezone:EDT
currency:USD
gmtoffset:-14400
previous_close:56.7100
Timestamp:1465824600,1465848000
labels:1465826400,1465830000,1465833600,1465837200,1465840800,1465844400,1465848000
values:Timestamp,close,high,low,open,volume
close:56.0700,56.6400
high:56.0800,56.6400
low:56.0700,56.6300
open:56.0700,56.6400
volume:0,169900
1465824654,56.3050,56.3300,56.2100,56.2600,24900
1465824678,56.3400,56.3400,56.3200,56.3200,14300
1465824777,56.3900,56.4000,56.3500,56.3500,14100
1465824834,56.4200,56.4200,56.3850,56.3900,9900
1465824851,56.3900,56.4100,56.3900,56.4050,5300
1465824926,56.3900,56.3900,56.3900,56.3900,2800
1465825012,56.4000,56.4100,56.3900,56.4000,4700
1465825071,56.3900,56.3900,56.3900,56.3900,1100
1465825138,56.3700,56.3800,56.3500,56.3800,2500
1465825199,56.3400,56.3800,56.3370,56.3600,2500
1465825240,56.3495,56.3500,56.3400,56.3400,4000
1465825317,56.3900,56.4000,56.3600,56.3600,1200
1465825377,56.4400,56.4400,56.4000,56.4000,3800
1465825433,56.4300,56.4600,56.4300,56.4500,8500
1465825487,56.3900,56.4300,56.3900,56.4200,12700
1465825555,56.4000,56.4000,56.3900,56.3900,2100
1465825609,56.4300,56.4400,56.4200,56.4200,4300
1465825670,56.4600,56.4700,56.4400,56.4500,3600
1465825739,56.4500,56.4800,56.4500,56.4600,1900
1465825796,56.5000,56.5000,56.4600,56.4600,3500
1465825856,56.5300,56.5300,56.5000,56.5000,14700
1465825914,56.5400,56.5499,56.5300,56.5300,7300
1465825932,56.5100,56.5300,56.5000,56.5300,2800
1465826038,56.5200,56.5300,56.5200,56.5200,1200
1465826097,56.5300,56.5400,56.5200,56.5200,5300
1465826102,56.5100,56.5400,56.5100,56.5400,4900
1465826187,56.5100,56.5200,56.5100,56.5200,300
1465826274,56.5100,56.5200,56.5000,56.5200,1600
1465826280,56.4900,56.5100,56.4900,56.5100,600
1465826398,56.5000,56.5000,56.4900,56.4900,700
1465826444,56.5200,56.5200,56.4950,56.5100,2400
1465826517,56.5700,56.5700,56.5400,56.5400,6700
1465826561,56.5500,56.5700,56.5500,56.5700,1000
1465826629,56.5300,56.5300,56.5300,56.5300,700
1465826697,56.5000,56.5100,56.5000,56.5100,2000
1465826756,56.4980,56.5100,56.4907,56.5000,4100
1465826813,56.4900,56.4900,56.4900,56.4900,6400
1465826833,56.4700,56.4900,56.4700,56.4900,600
1465826916,56.4700,56.4700,56.4700,56.4700,1400
1465826947,56.4800,56.4900,56.4800,56.4800,400
1465827046,56.4600,56.4800,56.4600,56.4700,1500
1465827116,56.4900,56.4900,56.4600,56.4600,2000
1465827169,56.4900,56.4900,56.4800,56.4900,500
1465827233,56.5100,56.5100,56.4900,56.4900,900
1465827247,56.4800,56.5000,56.4800,56.5000,700
1465827344,56.4800,56.4900,56.4800,56.4800,900
1465827417,56.5300,56.5300,56.4900,56.4900,1000
1465827479,56.5200,56.5300,56.5200,56.5300,1600
1465827525,56.5080,56.5080,56.5000,56.5000,3200
1465827590,56.5000,56.5000,56.5000,56.5000,900
1465827650,56.5000,56.5000,56.4900,56.5000,1900
1465827712,56.5400,56.5400,56.5100,56.5100,6200
1465827770,56.5400,56.5600,56.5400,56.5400,1700
1465827838,56.5400,56.5500,56.5400,56.5400,3100
1465827842,56.5500,56.5500,56.5400,56.5400,800
1465827947,56.5400,56.5600,56.5400,56.5600,1000
1465828015,56.5250,56.5500,56.5200,56.5500,3900
1465828078,56.5400,56.5400,56.5200,56.5200,1500
1465828139,56.5700,56.5700,56.5400,56.5400,4800
1465828153,56.5900,56.5900,56.5900,56.5900,10600
1465828254,56.6200,56.6200,56.6000,56.6000,1900
1465828319,56.6400,56.6400,56.6200,56.6200,900
1465828350,56.6300,56.6300,56.6300,56.6300,200
1465828398,56.6300,56.6400,56.6300,56.6400,400
1465828497,56.6200,56.6300,56.6200,56.6300,500
1465828551,56.6200,56.6300,56.6200,56.6300,1700
1465828609,56.6300,56.6400,56.6300,56.6300,1600
1465828665,56.6200,56.6200,56.6200,56.6200,700
1465828706,56.6100,56.6200,56.6100,56.6200,1000
1465828763,56.5900,56.6100,56.5900,56.6100,2200
1465828857,56.5800,56.5800,56.5800,56.5800,2300
1465828878,56.5900,56.6000,56.5900,56.5900,700
1465828958,56.5800,56.5900,56.5800,56.5800,1100
1465829004,56.5900,56.5900,56.5800,56.5800,500
1465829084,56.5700,56.5800,56.5700,56.5800,600
1465829118,56.5900,56.5900,56.5850,56.5850,1500
1465829210,56.6200,56.6200,56.6100,56.6100,1300
1465829271,56.6100,56.6100,56.6100,56.6100,800
1465829339,56.5900,56.6000,56.5900,56.6000,3200
1465829399,56.5800,56.5800,56.5800,56.5800,1000
1465829420,56.5700,56.5700,56.5699,56.5700,600
1465829516,56.5700,56.5700,56.5400,56.5500,18000
1465829562,56.5700,56.5900,56.5700,56.5700,3400
1465829589,56.5900,56.5900,56.5700,56.5700,1200
1465829699,56.5800,56.5900,56.5700,56.5900,5500
1465829737,56.5900,56.6000,56.5800,56.5800,10800
1465829803,56.5900,56.6000,56.5900,56.6000,500
1465829869,56.5500,56.5800,56.5500,56.5800,1100
1465829936,56.5800,56.5800,56.5600,56.5600,800
1465829997,56.5700,56.5900,56.5700,56.5900,1600
1465830057,56.5250,56.5700,56.5250,56.5700,2500
1465830116,56.5400,56.5401,56.5300,56.5300,2200
1465830175,56.5300,56.5400,56.5300,56.5400,1000
1465830205,56.5400,56.5400,56.5300,56.5300,500
1465830271,56.5400,56.5400,56.5400,56.5400,400
1465830307,56.5400,56.5400,56.5400,56.5400,300
1465830404,56.5200,56.5400,56.5200,56.5400,800
1465830461,56.5400,56.5400,56.5400,56.5400,100
1465830514,56.5250,56.5400,56.5250,56.5400,1100
1465830560,56.5300,56.5300,56.5100,56.5100,1100
1465830656,56.5500,56.5500,56.5400,56.5400,300
1465830719,56.5500,56.5500,56.5400,56.5400,1300
1465830766,56.5200,56.5400,56.5200,56.5400,2000
1465830802,56.5000,56.5100,56.5000,56.5100,400
1465830859,56.5030,56.5030,56.5030,56.5030,400
1465830959,56.4900,56.5000,56.4871,56.5000,900
1465830988,56.5000,56.5000,56.4929,56.4929,400
1465831071,56.4800,56.5000,56.4800,56.4900,3200
1465831093,56.4900,56.5000,56.4900,56.5000,1400
1465831152,56.4900,56.4900,56.4900,56.4900,300
1465831238,56.4900,56.4900,56.4900,56.4900,500
1465831317,56.4900,56.4900,56.4900,56.4900,1100
1465831377,56.5000,56.5000,56.4900,56.4900,600
1465831384,56.4900,56.4900,56.4900,56.4900,200
1465831471,56.4800,56.4800,56.4800,56.4800,1300
1465831502,56.4800,56.4800,56.4800,56.4800,800
1465831577,56.4700,56.4700,56.4700,56.4700,100
1465831735,56.5100,56.5100,56.4700,56.4700,1900
1465831795,56.5100,56.5200,56.5100,56.5200,600
1465831852,56.5000,56.5100,56.5000,56.5100,8700
1465831916,56.4800,56.4800,56.4800,56.4800,1100
1465831947,56.4600,56.4700,56.4600,56.4700,400
1465832017,56.4200,56.4200,56.4200,56.4200,1400
1465832095,56.4200,56.4200,56.4100,56.4200,700
1465832156,56.4000,56.4100,56.3900,56.4100,5500
1465832169,56.4100,56.4200,56.4000,56.4000,2500
1465832259,56.3538,56.4000,56.3500,56.4000,8600
1465832337,56.3400,56.3600,56.3400,56.3500,6200
1465832393,56.3200,56.3500,56.3200,56.3450,4100
1465832453,56.3300,56.3400,56.3200,56.3200,2200
1465832518,56.3300,56.3500,56.3300,56.3400,1600
1465832574,56.3400,56.3400,56.3300,56.3300,1700
1465832630,56.3400,56.3400,56.3300,56.3300,800
1465832644,56.3300,56.3400,56.3300,56.3400,800
1465832712,56.3200,56.3200,56.3200,56.3200,800
1465832813,56.3300,56.3300,56.3001,56.3100,6700
1465832879,56.3200,56.3300,56.3200,56.3300,7800
1465832930,56.3300,56.3300,56.3200,56.3200,16800
1465832990,56.3200,56.3300,56.3100,56.3300,3900
1465833038,56.3000,56.3050,56.3000,56.3050,900
1465833076,56.3100,56.3100,56.3100,56.3100,800
1465833161,56.3100,56.3100,56.3100,56.3100,300
1465833238,56.3000,56.3000,56.3000,56.3000,700
1465833284,56.2800,56.3000,56.2701,56.3000,11100
1465833331,56.2638,56.2799,56.2638,56.2799,3000
1465833415,56.2700,56.2700,56.2600,56.2600,1900
1465833472,56.2600,56.2700,56.2600,56.2700,600
1465833481,56.2400,56.2600,56.2300,56.2600,3600
1465833590,56.2400,56.2400,56.2300,56.2300,2200
1465833637,56.2200,56.2300,56.2150,56.2300,9900
1465833703,56.2400,56.2400,56.2300,56.2300,2300
1465833760,56.2800,56.2800,56.2600,56.2600,1700
1465833826,56.2700,56.2700,56.2700,56.2700,1100
1465833899,56.2700,56.2700,56.2700,56.2700,800
1465833958,56.2700,56.2700,56.2600,56.2600,700
1465834002,56.2800,56.2800,56.2600,56.2700,2100
1465834069,56.2800,56.2800,56.2800,56.2800,900
1465834193,56.2700,56.2800,56.2700,56.2800,2000
1465834234,56.2800,56.2800,56.2800,56.2800,2000
1465834312,56.2900,56.2900,56.2900,56.2900,1200
1465834376,56.2800,56.2800,56.2800,56.2800,700
1465834400,56.2732,56.2800,56.2732,56.2800,1500
1465834472,56.2900,56.2900,56.2800,56.2800,900
1465834538,56.2900,56.3000,56.2900,56.2900,1600
1465834560,56.2950,56.3000,56.2900,56.2900,800
1465834673,56.3100,56.3100,56.3000,56.3000,800
1465834704,56.3100,56.3100,56.3100,56.3100,200
1465834781,56.3000,56.3100,56.3000,56.3100,2200
1465834825,56.2900,56.3000,56.2900,56.3000,0
1465834919,56.2900,56.3900,56.2900,56.2900,62300
1465834979,56.3100,56.3200,56.2800,56.2900,18600
1465835035,56.3000,56.3150,56.2600,56.2900,11400
1465835095,56.3000,56.3300,56.3000,56.3000,5400
1465835149,56.3000,56.3100,56.3000,56.3100,1200
1465835218,56.2900,56.3000,56.2900,56.3000,10100
1465835273,56.3100,56.3100,56.2900,56.2900,600
1465835339,56.3100,56.3300,56.3100,56.3300,3000
1465835396,56.3100,56.3300,56.3100,56.3100,4500
1465835458,56.3300,56.3300,56.3200,56.3200,400
1465835485,56.3100,56.3300,56.3100,56.3300,300
1465835553,56.3100,56.3200,56.3100,56.3100,700
1465835615,56.3000,56.3100,56.2900,56.2900,3300
1465835678,56.3000,56.3000,56.3000,56.3000,2300
1465835739,56.3000,56.3000,56.3000,56.3000,1100
1465835780,56.3100,56.3100,56.3100,56.3100,400
1465835872,56.3000,56.3300,56.3000,56.3200,4600
1465835938,56.3120,56.3120,56.3000,56.3000,700
1465835945,56.3041,56.3100,56.3041,56.3100,1500
1465836050,56.3400,56.3400,56.3100,56.3100,800
1465836119,56.3300,56.3400,56.3300,56.3400,1100
1465836175,56.3500,56.3500,56.3300,56.3300,900
1465836206,56.3500,56.3500,56.3400,56.3400,1000
1465836296,56.3400,56.3500,56.3400,56.3500,600
1465836354,56.3500,56.3600,56.3500,56.3500,1200
1465836362,56.3400,56.3500,56.3400,56.3500,2000
1465836475,56.3400,56.3400,56.3315,56.3400,6200
1465836539,56.3300,56.3400,56.3300,56.3300,1600
1465836598,56.3200,56.3400,56.3200,56.3300,1500
1465836648,56.3400,56.3400,56.3300,56.3300,400
1465836660,56.3400,56.3400,56.3400,56.3400,100
1465836722,56.3300,56.3300,56.3300,56.3300,400
1465836959,56.3500,56.3500,56.3400,56.3500,500
1465837002,56.3700,56.3800,56.3500,56.3500,3100
1465837049,56.3700,56.3700,56.3700,56.3700,100
1465837129,56.3700,56.3700,56.3600,56.3600,800
1465837184,56.3600,56.3600,56.3600,56.3600,300
1465837247,56.3700,56.3700,56.3600,56.3600,800
1465837313,56.3500,56.3600,56.3500,56.3600,700
1465837354,56.3600,56.3600,56.3500,56.3500,400
1465837430,56.3300,56.3500,56.3300,56.3500,700
1465837440,56.3300,56.3300,56.3300,56.3300,100
1465837515,56.3300,56.3300,56.3300,56.3300,500
1465837611,56.3400,56.3400,56.3350,56.3400,1200
1465837678,56.3400,56.3400,56.3400,56.3400,300
1465837738,56.3300,56.3300,56.3300,56.3300,100
1465837797,56.3300,56.3300,56.3300,56.3300,500
1465837826,56.3300,56.3300,56.3300,56.3300,2200
1465837877,56.3100,56.3100,56.3100,56.3100,0
1465837921,56.3100,56.3100,56.3000,56.3000,500
1465838043,56.3200,56.3200,56.3200,56.3200,500
1465838110,56.3000,56.3000,56.3000,56.3000,200
1465838278,56.3000,56.3000,56.2950,56.2950,200
1465838312,56.2900,56.2900,56.2900,56.2900,900
1465838376,56.2780,56.2780,56.2780,56.2780,600
1465838456,56.2900,56.2900,56.2800,56.2800,400
1465838534,56.3200,56.3200,56.3000,56.3000,3000
1465838625,56.3200,56.3300,56.3200,56.3300,1800
1465838669,56.3200,56.3200,56.3200,56.3200,100
1465838727,56.3200,56.3200,56.3200,56.3200,300
1465838797,56.3300,56.3300,56.3000,56.3000,18200
1465838857,56.3300,56.3400,56.3300,56.3400,800
1465838908,56.3400,56.3400,56.3400,56.3400,200
1465838980,56.3300,56.3300,56.3201,56.3300,500
1465839093,56.3500,56.3500,56.3400,56.3400,800
1465839163,56.3300,56.3300,56.3300,56.3300,400
1465839221,56.3200,56.3300,56.3200,56.3300,5700
1465839272,56.3200,56.3200,56.3200,56.3200,3300
1465839345,56.2900,56.3100,56.2900,56.3100,200
1465839416,56.2700,56.2800,56.2700,56.2800,500
1465839462,56.2700,56.2765,56.2700,56.2765,2100
1465839531,56.2800,56.2800,56.2600,56.2600,600
1465839599,56.2600,56.2800,56.2600,56.2800,1400
1465839629,56.2500,56.2500,56.2500,56.2500,400
1465839685,56.2500,56.2500,56.2500,56.2500,300
1465839724,56.2800,56.2800,56.2600,56.2600,1200
1465839874,56.3200,56.3200,56.2750,56.2800,6100
1465839948,56.3200,56.3250,56.3200,56.3250,300
1465840004,56.3100,56.3100,56.3100,56.3100,300
1465840065,56.3000,56.3000,56.3000,56.3000,200
1465840124,56.3000,56.3050,56.3000,56.3000,5300
1465840151,56.2900,56.3000,56.2900,56.3000,600
1465840248,56.2800,56.2950,56.2800,56.2900,700
1465840270,56.2500,56.2700,56.2500,56.2700,1400
1465840355,56.2600,56.2600,56.2500,56.2500,600
1465840431,56.2200,56.2500,56.2200,56.2500,700
1465840498,56.2150,56.2300,56.2100,56.2200,1900
1465840550,56.2100,56.2200,56.2000,56.2113,6200
1465840596,56.2000,56.2100,56.2000,56.2100,2200
1465840678,56.2200,56.2200,56.2100,56.2100,300
1465840701,56.2200,56.2200,56.2200,56.2200,300
1465840787,56.2100,56.2100,56.2100,56.2100,400
1465840807,56.2300,56.2400,56.2200,56.2200,900
1465840908,56.2200,56.2200,56.2200,56.2200,400
1465840964,56.2000,56.2200,56.2000,56.2200,1500
1465841019,56.2200,56.2200,56.2000,56.2000,3700
1465841054,56.2200,56.2200,56.2200,56.2200,100
1465841128,56.2200,56.2200,56.2200,56.2200,400
1465841202,56.2400,56.2400,56.2293,56.2300,3000
1465841270,56.2400,56.2400,56.2300,56.2300,1400
1465841339,56.2600,56.2600,56.2400,56.2400,1300
1465841370,56.2535,56.2535,56.2535,56.2535,700
1465841410,56.2600,56.2600,56.2500,56.2500,600
1465841502,56.2600,56.2600,56.2600,56.2600,700
1465841562,56.2900,56.2900,56.2700,56.2700,2700
1465841608,56.2900,56.2900,56.2800,56.2800,600
1465841643,56.2900,56.2900,56.2900,56.2900,100
1465841709,56.2800,56.2900,56.2800,56.2900,400
1465841819,56.2800,56.2800,56.2800,56.2800,1900
1465841875,56.2700,56.2700,56.2600,56.2700,800
1465841919,56.2500,56.2700,56.2500,56.2700,300
1465841940,56.2500,56.2500,56.2500,56.2500,700
1465842018,56.2450,56.2650,56.2450,56.2600,3900
1465842081,56.2200,56.2200,56.2200,56.2200,600
1465842177,56.2200,56.2200,56.2200,56.2200,500
1465842195,56.2300,56.2300,56.2300,56.2300,100
1465842290,56.2300,56.2400,56.2300,56.2300,1000
1465842352,56.2000,56.2200,56.2000,56.2200,1000
1465842405,56.2200,56.2200,56.2100,56.2100,400
1465842475,56.2200,56.2300,56.2200,56.2300,900
1465842527,56.2400,56.2400,56.2300,56.2300,800
1465842547,56.2300,56.2400,56.2300,56.2400,11200
1465842653,56.2200,56.2300,56.2200,56.2300,2300
1465842703,56.2300,56.2300,56.2200,56.2200,1500
1465842777,56.2400,56.2400,56.2300,56.2373,14600
1465842839,56.2800,56.2800,56.2500,56.2500,4500
1465842893,56.2860,56.2900,56.2800,56.2800,1000
1465842907,56.2850,56.2900,56.2850,56.2900,800
1465843018,56.3100,56.3100,56.3000,56.3000,700
1465843044,56.2900,56.3000,56.2900,56.3000,300
1465843109,56.2900,56.2900,56.2900,56.2900,400
1465843157,56.2900,56.2900,56.2800,56.2800,300
1465843235,56.3000,56.3000,56.2900,56.2900,400
1465843317,56.3000,56.3000,56.2920,56.2920,3000
1465843379,56.3000,56.3100,56.3000,56.3031,2300
1465843393,56.3100,56.3100,56.3000,56.3100,1700
1465843481,56.3137,56.3137,56.3137,56.3137,300
1465843557,56.2800,56.3000,56.2800,56.3000,2600
1465843590,56.2800,56.2800,56.2800,56.2800,1500
1465843671,56.2900,56.2900,56.2800,56.2800,1700
1465843738,56.2800,56.2800,56.2800,56.2800,600
1465843755,56.2800,56.2800,56.2800,56.2800,100
1465843858,56.2700,56.2800,56.2700,56.2800,500
1465843915,56.2600,56.2700,56.2600,56.2700,1100
1465843978,56.2400,56.2600,56.2400,56.2600,1200
1465844026,56.2400,56.2400,56.2300,56.2400,2200
1465844081,56.2600,56.2600,56.2550,56.2600,7900
1465844101,56.2700,56.2700,56.2600,56.2700,1200
1465844217,56.2600,56.2600,56.2600,56.2600,100
1465844252,56.2600,56.2600,56.2600,56.2600,500
1465844325,56.2400,56.2400,56.2300,56.2400,1300
1465844371,56.2300,56.2300,56.2150,56.2300,4500
1465844401,56.2300,56.2300,56.2300,56.2300,3900
1465844463,56.2393,56.2499,56.2300,56.2300,1200
1465844560,56.2400,56.2450,56.2400,56.2400,1000
1465844635,56.2200,56.2200,56.2200,56.2200,300
1465844697,56.2300,56.2300,56.2300,56.2300,100
1465844722,56.1900,56.2300,56.1800,56.2250,4100
1465844805,56.1840,56.1900,56.1800,56.1800,3600
1465844831,56.1800,56.1800,56.1800,56.1800,500
1465844935,56.1800,56.1850,56.1750,56.1750,1200
1465844984,56.1500,56.1800,56.1500,56.1800,2400
1465845030,56.1600,56.1600,56.1500,56.1500,800
1465845066,56.1700,56.1800,56.1700,56.1700,1200
1465845237,56.1300,56.1500,56.1300,56.1500,4600
1465845288,56.1400,56.1400,56.1300,56.1300,400
1465845300,56.1600,56.1600,56.1400,56.1400,1600
1465845408,56.1501,56.1600,56.1501,56.1600,800
1465845467,56.1500,56.1500,56.1401,56.1500,2100
1465845486,56.1500,56.1500,56.1500,56.1500,8700
1465845598,56.1700,56.1700,56.1600,56.1600,1900
1465845635,56.1700,56.1800,56.1700,56.1700,1500
1465845719,56.1850,56.1850,56.1700,56.1750,1700
1465845777,56.1900,56.1900,56.1800,56.1850,1500
1465845831,56.1900,56.1900,56.1850,56.1850,8100
1465845874,56.1800,56.1950,56.1800,56.1950,1000
1465845959,56.1900,56.1900,56.1800,56.1800,1200
1465846009,56.1800,56.1800,56.1800,56.1800,600
1465846061,56.1600,56.1800,56.1600,56.1800,600
1465846114,56.1600,56.1600,56.1400,56.1500,2900
1465846196,56.1700,56.1700,56.1500,56.1650,10800
1465846226,56.1700,56.1700,56.1600,56.1600,900
1465846317,56.1850,56.1900,56.1800,56.1800,1800
1465846379,56.1901,56.1901,56.1900,56.1900,3300
1465846421,56.1900,56.2000,56.1800,56.2000,2700
1465846497,56.1800,56.1900,56.1800,56.1800,2400
1465846558,56.1800,56.1800,56.1700,56.1700,1500
1465846560,56.1700,56.1700,56.1700,56.1700,1100
1465846666,56.1500,56.1600,56.1400,56.1600,4100
1465846682,56.1400,56.1400,56.1300,56.1400,1400
1465846798,56.1400,56.1500,56.1300,56.1500,1400
1465846858,56.1200,56.1400,56.1200,56.1300,1700
1465846915,56.1400,56.1400,56.1200,56.1200,1100
1465846928,56.1300,56.1450,56.1300,56.1400,3300
1465847023,56.1100,56.1200,56.1100,56.1200,3700
1465847099,56.1100,56.1150,56.1000,56.1000,2300
1465847114,56.1000,56.1100,56.1000,56.1100,0
1465847196,56.1100,56.1100,56.0901,56.1000,24000
1465847240,56.1000,56.1000,56.1000,56.1000,3100
1465847339,56.1200,56.1200,56.1100,56.1100,6800
1465847379,56.1100,56.1100,56.1100,56.1100,2100
1465847401,56.1000,56.1050,56.0900,56.1000,6400
1465847497,56.0900,56.0900,56.0900,56.0900,5500
1465847578,56.0800,56.0900,56.0800,56.0800,3700
1465847638,56.0700,56.0800,56.0700,56.0700,3700
1465847698,56.1000,56.1000,56.0800,56.0800,4300
1465847700,56.1000,56.1000,56.0900,56.1000,5800
1465847810,56.1000,56.1000,56.1000,56.1000,10200
1465847822,56.1050,56.1050,56.0900,56.1000,5500
1465847935,56.1200,56.1300,56.1100,56.1100,5500
1465847944,56.1100,56.1500,56.1100,56.1200,169900
1465848000,56.1100,56.1100,56.1100,56.1100,0
