uri:/instrument/1.0/SNE/chartdata;type=quote;range=1d/csv
ticker:sne
Company-Name:Sony Corporation Common Stock
Exchange-Name:NYQ
unit:MIN
timezone:EDT
currency:USD
gmtoffset:-14400
previous_close:28.7700
Timestamp:1465565400,1465588800
labels:1465567200,1465570800,1465574400,1465578000,1465581600,1465585200,1465588800
values:Timestamp,close,high,low,open,volume
close:27.8969,28.2850
high:27.9000,28.2850
low:27.8900,28.2850
open:27.9000,28.2850
volume:100,23100
1465565434,28.2850,28.2850,28.2850,28.2850,17400
1465565503,28.2057,28.2850,28.2000,28.2600,14700
1465565572,28.2200,28.2200,28.2200,28.2200,100
1465565633,28.2200,28.2200,28.2100,28.2100,700
1465565672,28.2200,28.2200,28.2150,28.2150,300
1465565745,28.1800,28.2200,28.1800,28.2150,10700
1465565805,28.1720,28.1800,28.1500,28.1700,4300
1465565864,28.1800,28.1800,28.1800,28.1800,2500
1465565932,28.1700,28.1800,28.1650,28.1800,3600
1465565993,28.1500,28.1700,28.1500,28.1700,2700
1465566006,28.1400,28.1450,28.1300,28.1400,5900
1465566164,28.1400,28.1500,28.1400,28.1435,1200
1465566234,28.1700,28.1700,28.1350,28.1400,6400
1465566297,28.2000,28.2000,28.1700,28.1700,1400
1465566344,28.1900,28.1932,28.1700,28.1932,4400
1465566391,28.1900,28.1900,28.1850,28.1900,1400
1465566421,28.1900,28.2100,28.1900,28.1900,7700
1465566511,28.1900,28.1900,28.1900,28.1900,800
1465566551,28.1900,28.2000,28.1900,28.2000,4900
1465566654,28.1500,28.1800,28.1500,28.1800,14300
1465566712,28.1500,28.1600,28.1350,28.1450,5000
1465566778,28.1800,28.1800,28.1650,28.1650,6900
1465566829,28.1968,28.1968,28.1800,28.1900,10000
1465566864,28.1800,28.1900,28.1800,28.1900,600
1465566902,28.2100,28.2200,28.1725,28.1800,9200
1465566983,28.2300,28.2300,28.2000,28.2000,11300
1465567072,28.2200,28.2200,28.2200,28.2200,1900
1465567138,28.2202,28.2300,28.2150,28.2150,3500
1465567141,28.1950,28.2200,28.1950,28.2200,3400
1465567253,28.2100,28.2100,28.1950,28.2000,5300
1465567260,28.2000,28.2100,28.2000,28.2100,2700
1465567339,28.2000,28.2000,28.1900,28.1900,1200
1465567427,28.1800,28.2000,28.1800,28.2000,1100
1465567497,28.1500,28.1700,28.1500,28.1700,1200
1465567510,28.1400,28.1500,28.1400,28.1500,3400
1465567619,28.1500,28.1500,28.1400,28.1400,9700
1465567662,28.1500,28.1600,28.1450,28.1450,1800
1465567735,28.1590,28.1600,28.1590,28.1600,1300
1465567762,28.1600,28.1600,28.1600,28.1600,300
1465567815,28.1600,28.1650,28.1600,28.1650,5000
1465567862,28.1350,28.1600,28.1350,28.1600,2000
1465567957,28.1400,28.1400,28.1400,28.1400,100
1465568037,28.1500,28.1500,28.1400,28.1400,800
1465568072,28.1400,28.1400,28.1400,28.1400,800
1465568145,28.1500,28.1500,28.1450,28.1500,800
1465568274,28.1532,28.1532,28.1532,28.1532,200
1465568334,28.1650,28.1700,28.1500,28.1500,7000
1465568341,28.1800,28.1800,28.1650,28.1650,8200
1465568517,28.1500,28.1600,28.1450,28.1600,4700
1465568545,28.1500,28.1600,28.1500,28.1600,1200
1465568638,28.1500,28.1500,28.1435,28.1435,5800
1465568668,28.1850,28.1850,28.1600,28.1600,3700
1465568708,28.1800,28.2000,28.1800,28.1900,3900
1465568800,28.2000,28.2000,28.1900,28.1900,400
1465568840,28.2000,28.2000,28.1900,28.2000,900
1465568948,28.1800,28.1900,28.1710,28.1900,7100
1465569049,28.1900,28.1900,28.1850,28.1900,3300
1465569119,28.1800,28.1850,28.1800,28.1850,700
1465569174,28.2000,28.2000,28.1850,28.1850,3200
1465569224,28.2200,28.2200,28.2100,28.2100,3100
1465569297,28.2150,28.2250,28.2150,28.2200,3600
1465569319,28.2200,28.2200,28.2200,28.2200,1500
1465569418,28.2000,28.2150,28.2000,28.2100,1000
1465569558,28.2000,28.2000,28.2000,28.2000,600
1465569717,28.2000,28.2100,28.2000,28.2000,3900
1465569729,28.2100,28.2100,28.2000,28.2000,1300
1465569834,28.2000,28.2000,28.1900,28.2000,2300
1465569888,28.2100,28.2200,28.2100,28.2100,2400
1465569910,28.1900,28.2000,28.1900,28.2000,1000
1465570005,28.1900,28.1900,28.1900,28.1900,400
1465570079,28.1900,28.1935,28.1900,28.1900,2300
1465570104,28.1900,28.1900,28.1900,28.1900,400
1465570142,28.1800,28.1800,28.1800,28.1800,100
1465570208,28.1900,28.2100,28.1900,28.1900,5400
1465570294,28.1900,28.1900,28.1900,28.1900,2300
1465570377,28.1900,28.2064,28.1850,28.2064,4000
1465570409,28.1900,28.1900,28.1900,28.1900,200
1465570446,28.1850,28.1900,28.1850,28.1900,1300
1465570547,28.2100,28.2100,28.2000,28.2000,300
1465570580,28.2200,28.2200,28.2200,28.2200,1000
1465570642,28.2300,28.2300,28.2300,28.2300,1200
1465570711,28.2300,28.2300,28.2300,28.2300,100
1465570768,28.2300,28.2300,28.2300,28.2300,100
1465570837,28.2300,28.2338,28.2300,28.2300,900
1465570896,28.2400,28.2400,28.2400,28.2400,100
1465570937,28.2200,28.2300,28.2200,28.2300,5500
1465571023,28.2100,28.2101,28.2100,28.2101,1700
1465571096,28.2300,28.2300,28.2200,28.2200,3000
1465571124,28.2200,28.2200,28.2200,28.2200,100
1465571195,28.2200,28.2200,28.2200,28.2200,100
1465571231,28.2300,28.2300,28.2300,28.2300,1400
1465571312,28.2400,28.2400,28.2400,28.2400,300
1465571385,28.2500,28.2500,28.2400,28.2400,2100
1465571400,28.2499,28.2500,28.2499,28.2500,1400
1465571470,28.2500,28.2500,28.2400,28.2400,2700
1465571573,28.2600,28.2690,28.2500,28.2600,5500
1465571584,28.2500,28.2500,28.2500,28.2500,400
1465571652,28.2601,28.2601,28.2600,28.2600,1000
1465571750,28.2600,28.2600,28.2600,28.2600,800
1465571805,28.2500,28.2550,28.2500,28.2500,2200
1465571820,28.2400,28.2500,28.2400,28.2450,6800
1465571966,28.2350,28.2350,28.2350,28.2350,100
1465572044,28.2200,28.2500,28.2200,28.2400,10300
1465572076,28.2300,28.2300,28.2200,28.2200,1400
1465572145,28.2350,28.2400,28.2300,28.2300,3400
1465572279,28.2500,28.2500,28.2400,28.2400,3900
1465572306,28.2300,28.2500,28.2300,28.2500,3400
1465572391,28.2100,28.2200,28.2100,28.2200,1500
1465572433,28.2100,28.2250,28.2100,28.2200,4900
1465572480,28.1950,28.2000,28.1900,28.2000,2000
1465572559,28.1750,28.1963,28.1750,28.1963,5200
1465572634,28.1800,28.1800,28.1800,28.1800,100
1465572685,28.1950,28.2000,28.1900,28.1900,3300
1465572770,28.1900,28.1900,28.1900,28.1900,1600
1465572826,28.1750,28.1800,28.1750,28.1800,2100
1465572978,28.1700,28.1700,28.1700,28.1700,700
1465573022,28.1700,28.1700,28.1700,28.1700,700
1465573128,28.1400,28.1700,28.1400,28.1700,5700
1465573140,28.1350,28.1350,28.1350,28.1350,500
1465573251,28.1300,28.1300,28.1300,28.1300,5300
1465573293,28.1500,28.1500,28.1400,28.1400,2400
1465573320,28.1500,28.1550,28.1500,28.1500,1500
1465573436,28.1450,28.1500,28.1450,28.1500,1700
1465573485,28.1400,28.1500,28.1400,28.1400,1800
1465573544,28.1300,28.1300,28.1300,28.1300,800
1465573613,28.1400,28.1400,28.1400,28.1400,1600
1465573646,28.1500,28.1500,28.1400,28.1400,300
1465573713,28.1600,28.1600,28.1500,28.1500,400
1465573782,28.1500,28.1599,28.1500,28.1599,1900
1465573850,28.1201,28.1400,28.1201,28.1400,1400
1465573910,28.1400,28.1400,28.1300,28.1300,1300
1465573991,28.1350,28.1350,28.1350,28.1350,300
1465574156,28.1500,28.1500,28.1430,28.1500,500
1465574176,28.1500,28.1500,28.1500,28.1500,600
1465574227,28.1500,28.1500,28.1500,28.1500,700
1465574314,28.1500,28.1550,28.1500,28.1550,3300
1465574696,28.1200,28.1350,28.1200,28.1350,3400
1465574702,28.1400,28.1400,28.1150,28.1200,10600
1465574791,28.1350,28.1350,28.1350,28.1350,400
1465574974,28.1300,28.1300,28.1300,28.1300,400
1465575054,28.1400,28.1400,28.1400,28.1400,700
1465575086,28.1500,28.1500,28.1437,28.1450,1200
1465575235,28.1200,28.1425,28.1200,28.1425,5700
1465575288,28.1200,28.1200,28.1200,28.1200,2000
1465575311,28.1200,28.1200,28.1200,28.1200,100
1465575401,28.1150,28.1150,28.1150,28.1150,100
1465575463,28.1200,28.1200,28.1200,28.1200,1000
1465575494,28.1000,28.1200,28.1000,28.1200,3700
1465575543,28.1000,28.1000,28.0900,28.0900,2200
1465575632,28.0800,28.0900,28.0800,28.0900,1100
1465575718,28.0963,28.1000,28.0963,28.1000,1100
1465575770,28.0958,28.1000,28.0958,28.1000,200
1465575806,28.1050,28.1100,28.1000,28.1000,2700
1465575857,28.1000,28.1050,28.0900,28.1050,2300
1465575944,28.1000,28.1000,28.0800,28.0900,3400
1465575974,28.1000,28.1000,28.0999,28.1000,600
1465576053,28.1100,28.1100,28.1100,28.1100,600
1465576087,28.1200,28.1200,28.1150,28.1190,700
1465576142,28.1101,28.1200,28.1100,28.1200,1300
1465576242,28.1000,28.1150,28.1000,28.1150,800
1465576315,28.1000,28.1000,28.1000,28.1000,500
1465576341,28.0900,28.0900,28.0900,28.0900,400
1465576435,28.0700,28.0950,28.0700,28.0950,5300
1465576468,28.0700,28.0700,28.0700,28.0700,300
1465576551,28.0700,28.0700,28.0700,28.0700,100
1465576613,28.0900,28.0900,28.0800,28.0800,2200
1465576659,28.0950,28.0950,28.0950,28.0950,100
1465576717,28.0900,28.0950,28.0900,28.0900,1400
1465576764,28.0736,28.1000,28.0736,28.0900,2500
1465576844,28.0700,28.0700,28.0700,28.0700,500
1465576904,28.0700,28.0700,28.0700,28.0700,1000
1465576921,28.1000,28.1000,28.0736,28.0736,2300
1465577081,28.0950,28.1000,28.0930,28.0930,3000
1465577113,28.0900,28.0900,28.0900,28.0900,300
1465577209,28.1100,28.1100,28.0950,28.0950,2400
1465577226,28.1000,28.1100,28.1000,28.1050,3500
1465577356,28.0900,28.1000,28.0900,28.1000,2500
1465577452,28.0900,28.0900,28.0900,28.0900,1100
1465577473,28.1000,28.1000,28.0950,28.0950,400
1465577639,28.1050,28.1100,28.0900,28.0900,2200
1465577686,28.1099,28.1100,28.1025,28.1100,500
1465577751,28.1000,28.1000,28.1000,28.1000,200
1465577800,28.1000,28.1000,28.1000,28.1000,100
1465577875,28.0900,28.1100,28.0900,28.1100,3700
1465577880,28.0900,28.0900,28.0900,28.0900,400
1465577991,28.1100,28.1100,28.1000,28.1000,2600
1465578017,28.1001,28.1001,28.1001,28.1001,200
1465578227,28.1050,28.1100,28.1050,28.1100,800
1465578298,28.1000,28.1050,28.1000,28.1050,1100
1465578351,28.1000,28.1100,28.0963,28.0963,3300
1465578479,28.0700,28.1050,28.0700,28.1050,2300
1465578481,28.0600,28.0600,28.0600,28.0600,1300
1465578628,28.0700,28.0700,28.0600,28.0600,1400
1465578709,28.0600,28.0800,28.0600,28.0750,1800
1465578766,28.0637,28.0637,28.0637,28.0637,200
1465578786,28.0700,28.0700,28.0700,28.0700,400
1465578873,28.0800,28.0800,28.0800,28.0800,600
1465578959,28.0800,28.0900,28.0800,28.0800,1500
1465578978,28.0700,28.0800,28.0700,28.0800,1300
1465579073,28.0750,28.0750,28.0750,28.0750,200
1465579135,28.0800,28.0850,28.0800,28.0800,1200
1465579179,28.0700,28.0800,28.0700,28.0800,1100
1465579243,28.0701,28.0750,28.0701,28.0750,300
1465579319,28.0500,28.0700,28.0500,28.0700,3500
1465579328,28.0700,28.0700,28.0600,28.0600,1100
1465579407,28.0800,28.0800,28.0800,28.0800,200
1465579497,28.0800,28.0800,28.0800,28.0800,1100
1465579555,28.0700,28.0750,28.0700,28.0750,300
1465579570,28.0764,28.0764,28.0764,28.0764,100
1465579671,28.0700,28.0700,28.0700,28.0700,1200
1465579728,28.0600,28.0600,28.0600,28.0600,200
1465579842,28.0301,28.0500,28.0301,28.0500,2900
1465579864,28.0465,28.0465,28.0300,28.0300,2100
1465580096,28.0215,28.0400,28.0150,28.0400,6700
1465580109,28.0100,28.0200,28.0100,28.0200,1000
1465580190,28.0100,28.0100,28.0100,28.0100,100
1465580274,28.0300,28.0300,28.0200,28.0200,2200
1465580317,28.0200,28.0300,28.0200,28.0300,2900
1465580355,28.0200,28.0200,28.0200,28.0200,100
1465580448,28.0200,28.0200,28.0200,28.0200,1300
1465580505,28.0300,28.0300,28.0300,28.0300,100
1465580612,28.0300,28.0300,28.0300,28.0300,200
1465580673,28.0250,28.0250,28.0250,28.0250,200
1465580752,27.9800,28.0000,27.9800,28.0000,9200
1465580766,27.9700,27.9800,27.9700,27.9750,2200
1465580828,27.9800,27.9800,27.9700,27.9700,2700
1465580891,27.9600,27.9725,27.9600,27.9700,2200
1465580992,27.9600,27.9600,27.9600,27.9600,4200
1465581083,27.9650,27.9650,27.9610,27.9610,500
1465581158,27.9700,27.9700,27.9650,27.9650,400
1465581237,27.9500,27.9600,27.9450,27.9600,4900
1465581270,27.9600,27.9600,27.9550,27.9600,2200
1465581314,27.9700,27.9700,27.9600,27.9600,1200
1465581413,27.9650,27.9750,27.9650,27.9750,3400
1465581443,27.9700,27.9700,27.9600,27.9600,200
1465581528,27.9500,27.9600,27.9500,27.9600,3000
1465581654,27.9450,27.9475,27.9450,27.9475,400
1465581662,27.9500,27.9500,27.9500,27.9500,1000
1465581727,27.9400,27.9500,27.9250,27.9500,5600
1465581829,27.9500,27.9500,27.9500,27.9500,1000
1465581899,27.9400,27.9550,27.9400,27.9532,4000
1465581901,27.9500,27.9500,27.9300,27.9400,6600
1465581991,27.9400,27.9400,27.9400,27.9400,400
1465582064,27.9150,27.9479,27.9150,27.9479,6000
1465582133,27.9037,27.9100,27.8900,27.9100,4400
1465582140,27.9050,27.9050,27.9050,27.9050,300
1465582259,27.8969,27.9100,27.8969,27.9100,2300
1465582268,27.9000,27.9000,27.9000,27.9000,800
1465582379,27.9200,27.9200,27.9100,27.9100,2300
1465582439,27.9300,27.9300,27.9236,27.9300,2300
1465582496,27.9400,27.9400,27.9300,27.9300,3500
1465582501,27.9400,27.9400,27.9300,27.9300,800
1465582617,27.9400,27.9400,27.9300,27.9300,1800
1465582679,27.9200,27.9350,27.9200,27.9300,5100
1465582736,27.9170,27.9170,27.9100,27.9100,1200
1465582784,27.9200,27.9200,27.9199,27.9200,1000
1465582807,27.9300,27.9300,27.9250,27.9250,3700
1465582865,27.9200,27.9268,27.9200,27.9268,300
1465582926,27.9400,27.9400,27.9250,27.9250,1400
1465582997,27.9500,27.9500,27.9400,27.9400,700
1465583075,27.9600,27.9600,27.9400,27.9500,2700
1465583145,27.9500,27.9550,27.9400,27.9500,3500
1465583203,27.9500,27.9500,27.9500,27.9500,100
1465583245,27.9489,27.9500,27.9489,27.9500,800
1465583320,27.9500,27.9500,27.9400,27.9400,1000
1465583382,27.9500,27.9500,27.9500,27.9500,1100
1465583413,27.9500,27.9600,27.9400,27.9600,2400
1465583507,27.9650,27.9700,27.9500,27.9500,2200
1465583568,27.9700,27.9700,27.9700,27.9700,1100
1465583581,27.9700,27.9700,27.9600,27.9600,1500
1465583661,27.9700,27.9800,27.9600,27.9800,2100
1465583754,27.9800,27.9800,27.9700,27.9700,2800
1465583816,28.0100,28.0100,27.9900,27.9900,3400
1465583846,28.0200,28.0200,28.0100,28.0100,2000
1465583922,28.0000,28.0200,28.0000,28.0200,3600
1465583994,28.0200,28.0200,28.0100,28.0100,1000
1465584054,28.0000,28.0200,28.0000,28.0200,2000
1465584142,28.0050,28.0050,28.0050,28.0050,200
1465584342,27.9900,28.0000,27.9900,28.0000,3000
1465584413,27.9800,27.9900,27.9800,27.9900,3600
1465584477,27.9750,27.9750,27.9700,27.9700,500
1465584525,27.9801,27.9801,27.9750,27.9750,1100
1465584584,27.9800,27.9800,27.9800,27.9800,100
1465584656,27.9741,27.9850,27.9741,27.9850,1700
1465584719,27.9700,27.9700,27.9600,27.9700,2400
1465584771,27.9700,27.9750,27.9700,27.9750,1400
1465584832,27.9700,27.9700,27.9600,27.9600,300
1465584952,27.9750,27.9800,27.9750,27.9800,700
1465584992,27.9700,27.9700,27.9700,27.9700,100
1465585022,27.9700,27.9700,27.9600,27.9700,2400
1465585097,27.9700,27.9700,27.9650,27.9700,1000
1465585183,27.9600,27.9600,27.9600,27.9600,200
1465585208,27.9700,27.9700,27.9650,27.9650,2100
1465585309,27.9750,27.9750,27.9700,27.9700,500
1465585373,27.9600,27.9700,27.9600,27.9700,800
1465585383,27.9836,27.9836,27.9700,27.9700,1600
1465585473,27.9800,27.9900,27.9800,27.9900,500
1465585597,27.9800,27.9850,27.9800,27.9800,1000
1465585639,27.9601,27.9700,27.9600,27.9700,1000
1465585718,27.9700,27.9700,27.9600,27.9600,900
1465585784,27.9700,27.9700,27.9699,27.9699,600
1465585854,27.9600,27.9750,27.9600,27.9750,2500
1465585907,27.9490,27.9500,27.9490,27.9500,900
1465585930,27.9441,27.9441,27.9441,27.9441,400
1465586037,27.9501,27.9501,27.9400,27.9400,800
1465586057,27.9350,27.9500,27.9350,27.9500,800
1465586104,27.9500,27.9500,27.9329,27.9329,3100
1465586218,27.9650,27.9700,27.9500,27.9500,2100
1465586269,27.9600,27.9650,27.9600,27.9650,500
1465586285,27.9550,27.9600,27.9500,27.9600,900
1465586350,27.9450,27.9550,27.9400,27.9550,3400
1465586437,27.9400,27.9470,27.9400,27.9450,2100
1465586468,27.9600,27.9600,27.9500,27.9500,1400
1465586643,27.9600,27.9650,27.9550,27.9650,3700
1465586736,27.9750,27.9750,27.9700,27.9700,400
1465586812,27.9750,27.9750,27.9650,27.9700,1600
1465586840,27.9800,27.9800,27.9700,27.9700,400
1465586908,27.9700,27.9701,27.9600,27.9700,2300
1465586995,27.9700,27.9700,27.9600,27.9600,700
1465587027,27.9750,27.9790,27.9700,27.9790,1900
1465587115,27.9800,27.9950,27.9800,27.9800,4200
1465587127,27.9850,27.9850,27.9800,27.9800,600
1465587236,28.0050,28.0050,27.9950,27.9950,2900
1465587293,28.0050,28.0100,28.0050,28.0100,1200
1465587354,28.0100,28.0100,28.0075,28.0075,200
1465587414,27.9950,28.0100,27.9900,28.0050,5100
1465587426,28.0000,28.0000,27.9900,27.9900,900
1465587536,27.9800,27.9900,27.9700,27.9900,9500
1465587593,27.9800,27.9899,27.9700,27.9812,16000
1465587610,27.9800,27.9800,27.9800,27.9800,100
1465587670,27.9850,27.9850,27.9800,27.9800,500
1465587774,27.9850,27.9900,27.9850,27.9850,1000
1465587818,27.9900,27.9900,27.9900,27.9900,200
1465587874,27.9900,27.9900,27.9900,27.9900,200
1465587954,27.9850,27.9900,27.9800,27.9850,1800
1465587961,28.0050,28.0050,27.9900,27.9900,2300
1465588079,28.0150,28.0150,28.0050,28.0100,2000
1465588133,28.0350,28.0350,28.0200,28.0200,13700
1465588192,28.0400,28.0400,28.0300,28.0400,1000
1465588237,28.0200,28.0400,28.0200,28.0400,10600
1465588275,28.0350,28.0400,28.0200,28.0200,3500
1465588378,28.0350,28.0350,28.0300,28.0300,2600
1465588391,28.0300,28.0350,28.0300,28.0300,5000
1465588491,28.0350,28.0350,28.0300,28.0301,2400
1465588559,28.0200,28.0400,28.0200,28.0400,7800
1465588612,28.0250,28.0250,28.0200,28.0200,1500
1465588624,28.0200,28.0250,28.0200,28.0200,5600
1465588680,28.0100,28.0250,28.0100,28.0250,7400
1465588799,28.0300,28.0300,28.0100,28.0150,23100
1465588800,28.0200,28.0200,28.0200,28.0200,100
