uri:/instrument/1.0/VEA/chartdata;type=quote;range=1d/csv
ticker:vea
Company-Name:Vanguard FTSE Developed Markets
Exchange-Name:PCX
unit:MIN
timezone:EDT
currency:USD
gmtoffset:-14400
previous_close:37.0600
Timestamp:1465565400,1465588800
labels:1465567200,1465570800,1465574400,1465578000,1465581600,1465585200,1465588800
values:Timestamp,close,high,low,open,volume
close:35.9500,36.4000
high:35.9600,36.4000
low:35.9500,36.3850
open:35.9500,36.3900
volume:100,163800
1465565455,36.3800,36.3800,36.3700,36.3800,132500
1465565513,36.3700,36.3900,36.3700,36.3900,50500
1465565521,36.4000,36.4000,36.3800,36.3800,26400
1465565638,36.3850,36.3900,36.3850,36.3900,2500
1465565658,36.3801,36.3900,36.3800,36.3850,10500
1465565746,36.3700,36.3900,36.3700,36.3900,13000
1465565765,36.3600,36.3800,36.3600,36.3750,12700
1465565825,36.3500,36.3600,36.3500,36.3600,18000
1465565885,36.3550,36.3600,36.3401,36.3401,2500
1465565940,36.3450,36.3550,36.3400,36.3500,6800
1465566008,36.3150,36.3331,36.3150,36.3325,8700
1465566066,36.3000,36.3101,36.2800,36.3101,20000
1465566178,36.3100,36.3100,36.3000,36.3000,1400
1465566183,36.3200,36.3200,36.3000,36.3000,13800
1465566297,36.3300,36.3300,36.3210,36.3250,6200
1465566300,36.3300,36.3300,36.3227,36.3300,10000
1465566416,36.3300,36.3400,36.3263,36.3263,15800
1465566476,36.3300,36.3350,36.3300,36.3350,19700
1465566490,36.3100,36.3265,36.3100,36.3265,23000
1465566540,36.3050,36.3100,36.3000,36.3100,7800
1465566658,36.2850,36.3037,36.2800,36.3037,13300
1465566719,36.2550,36.2805,36.2550,36.2805,18700
1465566725,36.2800,36.2800,36.2550,36.2600,40900
1465566839,36.2900,36.2900,36.2800,36.2800,11600
1465566842,36.2900,36.2900,36.2800,36.2900,6700
1465566958,36.3101,36.3197,36.2900,36.2900,11000
1465567019,36.3135,36.3135,36.2950,36.3100,10100
1465567079,36.3050,36.3176,36.3050,36.3150,12900
1465567088,36.3300,36.3300,36.3019,36.3050,20800
1465567151,36.3200,36.3300,36.3200,36.3250,5900
1465567202,36.3350,36.3350,36.3100,36.3200,21000
1465567262,36.3199,36.3350,36.3100,36.3300,13800
1465567324,36.3200,36.3200,36.3100,36.3199,11000
1465567381,36.3000,36.3200,36.3000,36.3199,17100
1465567440,36.2801,36.3010,36.2801,36.2999,26400
1465567509,36.2733,36.2899,36.2733,36.2850,5300
1465567619,36.2771,36.2799,36.2700,36.2701,17400
1465567677,36.2700,36.2800,36.2640,36.2800,17200
1465567680,36.2799,36.2800,36.2700,36.2800,13600
1465567740,36.2650,36.2900,36.2650,36.2700,18400
1465567802,36.2650,36.2700,36.2600,36.2600,22000
1465567860,36.2600,36.2699,36.2550,36.2670,45700
1465567920,36.2510,36.2601,36.2500,36.2600,6500
1465567984,36.2500,36.2600,36.2450,36.2599,17200
1465568048,36.2601,36.2601,36.2500,36.2532,9100
1465568156,36.2525,36.2600,36.2500,36.2600,24500
1465568160,36.2699,36.2699,36.2450,36.2500,10100
1465568222,36.2501,36.2699,36.2501,36.2699,10300
1465568283,36.2700,36.2700,36.2544,36.2544,13900
1465568344,36.2800,36.2800,36.2600,36.2700,14700
1465568400,36.2750,36.2800,36.2750,36.2750,3100
1465568461,36.2800,36.2800,36.2600,36.2730,17200
1465568528,36.2800,36.2801,36.2701,36.2800,34500
1465568580,36.2800,36.2890,36.2800,36.2801,9400
1465568645,36.3000,36.3000,36.2800,36.2875,5800
1465568759,36.3200,36.3200,36.3000,36.3000,61000
1465568760,36.3299,36.3299,36.3001,36.3200,21500
1465568820,36.3100,36.3250,36.3100,36.3200,7000
1465568885,36.3050,36.3100,36.3000,36.3100,8700
1465568946,36.3000,36.3050,36.2901,36.3001,13800
1465569005,36.3150,36.3199,36.3000,36.3050,10800
1465569063,36.3200,36.3200,36.3101,36.3101,13100
1465569123,36.3150,36.3299,36.3100,36.3200,9300
1465569239,36.3440,36.3490,36.3150,36.3199,25100
1465569298,36.3450,36.3500,36.3350,36.3400,15500
1465569300,36.3400,36.3499,36.3350,36.3350,7200
1465569366,36.3399,36.3500,36.3301,36.3401,29300
1465569429,36.3200,36.3344,36.3200,36.3300,20500
1465569485,36.3199,36.3199,36.3100,36.3100,5800
1465569549,36.2950,36.3100,36.2850,36.3050,9900
1465569606,36.2800,36.2900,36.2750,36.2900,4700
1465569664,36.2801,36.2900,36.2800,36.2800,5900
1465569720,36.2999,36.3000,36.2900,36.2900,7400
1465569781,36.2844,36.3000,36.2750,36.2956,12500
1465569865,36.2956,36.3000,36.2900,36.3000,1400
1465569950,36.2700,36.2900,36.2700,36.2900,11400
1465570012,36.2550,36.2700,36.2550,36.2700,2800
1465570073,36.2500,36.2566,36.2450,36.2500,9200
1465570137,36.2550,36.2600,36.2500,36.2500,7700
1465570141,36.2600,36.2600,36.2500,36.2500,4100
1465570257,36.2600,36.2700,36.2600,36.2650,12500
1465570306,36.2765,36.2765,36.2650,36.2650,3300
1465570376,36.2700,36.2800,36.2600,36.2800,24600
1465570380,36.2590,36.2699,36.2550,36.2600,14900
1465570454,36.2499,36.2600,36.2450,36.2586,13000
1465570510,36.2500,36.2562,36.2500,36.2500,2700
1465570560,36.2501,36.2600,36.2500,36.2500,2500
1465570632,36.2650,36.2750,36.2600,36.2600,17600
1465570730,36.2750,36.2800,36.2600,36.2650,3800
1465570797,36.2750,36.2800,36.2668,36.2750,22300
1465570800,36.2800,36.2800,36.2700,36.2800,3500
1465570885,36.2800,36.2900,36.2800,36.2800,2500
1465570979,36.2650,36.2800,36.2600,36.2800,11300
1465571039,36.2636,36.2658,36.2600,36.2600,14400
1465571041,36.2950,36.2950,36.2650,36.2650,11900
1465571100,36.2800,36.2900,36.2800,36.2900,1600
1465571211,36.2800,36.2874,36.2800,36.2874,2800
1465571231,36.2900,36.2900,36.2800,36.2800,1100
1465571282,36.3000,36.3000,36.2900,36.2900,2000
1465571398,36.3000,36.3100,36.3000,36.3000,24100
1465571402,36.3100,36.3100,36.3000,36.3050,12700
1465571464,36.3100,36.3100,36.3050,36.3050,2200
1465571578,36.3000,36.3200,36.3000,36.3100,35100
1465571631,36.2800,36.3000,36.2800,36.3000,11400
1465571643,36.2901,36.2970,36.2850,36.2900,6000
1465571749,36.2892,36.3000,36.2800,36.2900,7800
1465571778,36.2650,36.2800,36.2650,36.2800,8300
1465571873,36.2700,36.2764,36.2650,36.2650,18100
1465571885,36.2750,36.2775,36.2700,36.2740,3200
1465571941,36.2799,36.2799,36.2736,36.2750,1500
1465572044,36.2600,36.2700,36.2550,36.2700,7400
1465572069,36.2700,36.2700,36.2550,36.2600,4200
1465572126,36.2800,36.2800,36.2750,36.2800,7000
1465572239,36.2700,36.2861,36.2700,36.2840,6200
1465572240,36.2801,36.2801,36.2700,36.2700,15700
1465572358,36.2700,36.2900,36.2700,36.2876,39200
1465572412,36.2464,36.2700,36.2450,36.2700,16300
1465572479,36.2358,36.2550,36.2350,36.2500,11500
1465572538,36.2350,36.2450,36.2300,36.2300,17800
1465572544,36.2400,36.2500,36.2350,36.2350,4800
1465572601,36.2454,36.2500,36.2350,36.2450,15300
1465572660,36.2600,36.2700,36.2450,36.2500,22200
1465572772,36.2400,36.2550,36.2400,36.2550,2300
1465572788,36.2100,36.2400,36.2100,36.2400,11200
1465572841,36.2036,36.2260,36.2036,36.2200,6000
1465572954,36.2100,36.2100,36.2050,36.2100,600
1465573019,36.2001,36.2100,36.2000,36.2058,7400
1465573076,36.2200,36.2200,36.2100,36.2100,12200
1465573117,36.2050,36.2276,36.2050,36.2158,15200
1465573145,36.2101,36.2200,36.2100,36.2100,3700
1465573214,36.2100,36.2100,36.2050,36.2100,2900
1465573273,36.2150,36.2200,36.2100,36.2100,2600
1465573375,36.2200,36.2200,36.2000,36.2150,6100
1465573380,36.2100,36.2260,36.2100,36.2200,8300
1465573441,36.2000,36.2200,36.2000,36.2100,18800
1465573552,36.1962,36.2099,36.1900,36.2000,18600
1465573574,36.2062,36.2062,36.1950,36.2000,15100
1465573679,36.2059,36.2063,36.2000,36.2000,2700
1465573680,36.1901,36.2000,36.1900,36.2000,10000
1465573789,36.1976,36.1994,36.1900,36.1994,3300
1465573806,36.1900,36.1900,36.1750,36.1900,17600
1465573860,36.1962,36.2050,36.1900,36.1900,12900
1465573933,36.1900,36.1950,36.1900,36.1950,1000
1465574013,36.2000,36.2000,36.1900,36.1900,1300
1465574048,36.2000,36.2000,36.1900,36.1900,600
1465574155,36.2000,36.2000,36.1900,36.1910,3500
1465574165,36.2050,36.2050,36.2001,36.2001,2700
1465574273,36.2086,36.2100,36.2000,36.2000,23700
1465574280,36.2100,36.2100,36.2000,36.2100,6700
1465574345,36.2050,36.2150,36.2000,36.2150,4700
1465574401,36.2130,36.2171,36.2100,36.2100,1700
1465574462,36.2150,36.2199,36.2100,36.2199,2700
1465574540,36.2150,36.2163,36.2100,36.2162,3200
1465574630,36.2100,36.2150,36.2100,36.2150,2400
1465574698,36.2100,36.2100,36.2000,36.2100,4200
1465574742,36.2000,36.2076,36.2000,36.2050,6200
1465574818,36.1900,36.2000,36.1900,36.2000,7600
1465574827,36.1899,36.1900,36.1800,36.1900,6100
1465574882,36.1854,36.1854,36.1850,36.1850,2000
1465574990,36.1750,36.1850,36.1750,36.1810,16300
1465575057,36.1700,36.1800,36.1700,36.1700,50600
1465575112,36.1700,36.1700,36.1700,36.1700,1200
1465575172,36.1600,36.1799,36.1600,36.1775,51000
1465575182,36.1500,36.1699,36.1500,36.1600,52200
1465575294,36.1469,36.1500,36.1400,36.1466,12700
1465575306,36.1429,36.1500,36.1400,36.1500,2000
1465575394,36.1475,36.1475,36.1475,36.1475,100
1465575474,36.1470,36.1500,36.1401,36.1450,3500
1465575486,36.1500,36.1500,36.1500,36.1500,4600
1465575592,36.1350,36.1500,36.1300,36.1400,19000
1465575622,36.1375,36.1375,36.1300,36.1300,21700
1465575672,36.1400,36.1400,36.1350,36.1350,2400
1465575735,36.1300,36.1350,36.1300,36.1310,6000
1465575794,36.1350,36.1400,36.1350,36.1400,4300
1465575898,36.1300,36.1400,36.1300,36.1361,2800
1465575900,36.1399,36.1399,36.1399,36.1399,1300
1465576005,36.1400,36.1400,36.1300,36.1350,1000
1465576021,36.1400,36.1400,36.1335,36.1350,4200
1465576082,36.1450,36.1450,36.1400,36.1400,3500
1465576155,36.1450,36.1453,36.1450,36.1450,5200
1465576257,36.1400,36.1489,36.1300,36.1450,9700
1465576266,36.1300,36.1400,36.1250,36.1400,34900
1465576375,36.1200,36.1299,36.1150,36.1250,2600
1465576392,36.1200,36.1300,36.1101,36.1101,3200
1465576467,36.1299,36.1299,36.1275,36.1275,900
1465576552,36.1250,36.1300,36.1200,36.1205,36300
1465576561,36.1400,36.1400,36.1300,36.1300,3600
1465576621,36.1335,36.1400,36.1301,36.1399,3700
1465576689,36.1350,36.1350,36.1300,36.1350,6500
1465576746,36.1350,36.1399,36.1300,36.1367,4700
1465576858,36.1350,36.1367,36.1324,36.1350,2700
1465576860,36.1350,36.1371,36.1350,36.1350,3900
1465576977,36.1500,36.1500,36.1300,36.1350,10500
1465577039,36.1500,36.1559,36.1450,36.1461,9000
1465577099,36.1519,36.1550,36.1500,36.1500,2500
1465577154,36.1500,36.1599,36.1400,36.1550,31800
1465577164,36.1550,36.1550,36.1529,36.1550,800
1465577231,36.1589,36.1589,36.1500,36.1500,1000
1465577337,36.1540,36.1550,36.1500,36.1550,2500
1465577393,36.1500,36.1550,36.1400,36.1550,2600
1465577418,36.1500,36.1500,36.1450,36.1450,2100
1465577509,36.1464,36.1500,36.1450,36.1500,3200
1465577545,36.1400,36.1458,36.1400,36.1436,10000
1465577584,36.1500,36.1500,36.1400,36.1400,3900
1465577696,36.1500,36.1500,36.1400,36.1500,10800
1465577701,36.1589,36.1600,36.1500,36.1500,5600
1465577796,36.1600,36.1600,36.1550,36.1550,500
1465577820,36.1543,36.1600,36.1532,36.1600,2300
1465577891,36.1557,36.1600,36.1500,36.1501,5800
1465577940,36.1550,36.1600,36.1515,36.1600,6200
1465578058,36.1499,36.1599,36.1400,36.1500,10900
1465578073,36.1500,36.1500,36.1400,36.1450,6600
1465578135,36.1370,36.1400,36.1350,36.1400,2500
1465578197,36.1500,36.1500,36.1400,36.1400,1500
1465578290,36.1410,36.1541,36.1400,36.1541,5400
1465578300,36.1499,36.1499,36.1400,36.1400,10500
1465578410,36.1350,36.1441,36.1350,36.1400,2600
1465578424,36.1300,36.1300,36.1216,36.1300,3300
1465578534,36.1200,36.1280,36.1200,36.1280,3600
1465578592,36.1258,36.1300,36.1150,36.1200,4500
1465578607,36.1359,36.1359,36.1299,36.1300,1100
1465578712,36.1250,36.1499,36.1250,36.1400,14700
1465578775,36.1300,36.1394,36.1250,36.1250,8000
1465578834,36.1350,36.1400,36.1331,36.1350,3300
1465578886,36.1375,36.1389,36.1300,36.1300,2100
1465578959,36.1400,36.1400,36.1300,36.1320,1500
1465579019,36.1400,36.1400,36.1317,36.1400,9400
1465579022,36.1463,36.1463,36.1400,36.1400,1100
1465579086,36.1400,36.1500,36.1400,36.1450,3900
1465579169,36.1350,36.1450,36.1350,36.1450,10800
1465579203,36.1399,36.1400,36.1300,36.1350,5500
1465579315,36.1264,36.1399,36.1200,36.1300,15800
1465579328,36.1400,36.1400,36.1230,36.1299,9100
1465579385,36.1499,36.1499,36.1400,36.1400,5900
1465579485,36.1401,36.1499,36.1401,36.1441,2100
1465579506,36.1550,36.1600,36.1450,36.1450,4300
1465579573,36.1550,36.1550,36.1500,36.1550,2700
1465579638,36.1400,36.1400,36.1400,36.1400,1300
1465579708,36.1335,36.1360,36.1335,36.1360,900
1465579802,36.1250,36.1399,36.1200,36.1300,7200
1465579882,36.1200,36.1286,36.1200,36.1200,3800
1465579944,36.1200,36.1271,36.1200,36.1271,12800
1465579980,36.1101,36.1170,36.1100,36.1100,15900
1465580099,36.1050,36.1100,36.1000,36.1100,5500
1465580145,36.1190,36.1190,36.1000,36.1010,22000
1465580217,36.1100,36.1100,36.1000,36.1100,15000
1465580228,36.1100,36.1200,36.1050,36.1100,24800
1465580319,36.1100,36.1150,36.1050,36.1100,11900
1465580340,36.1000,36.1070,36.0950,36.1055,6900
1465580400,36.1050,36.1099,36.1000,36.1099,1900
1465580517,36.0900,36.1000,36.0900,36.1000,2600
1465580567,36.0900,36.1000,36.0900,36.0950,3200
1465580631,36.0900,36.0975,36.0900,36.0975,5100
1465580645,36.0800,36.0993,36.0800,36.0900,21000
1465580703,36.0546,36.0725,36.0546,36.0725,4000
1465580770,36.0450,36.0600,36.0436,36.0550,4500
1465580820,36.0464,36.0499,36.0400,36.0460,7800
1465580935,36.0200,36.0500,36.0200,36.0400,17000
1465580998,36.0249,36.0265,36.0200,36.0265,3700
1465581000,36.0151,36.0200,36.0100,36.0200,11000
1465581063,36.0000,36.0193,36.0000,36.0155,12300
1465581131,35.9900,36.0099,35.9900,36.0099,18800
1465581234,35.9658,35.9800,35.9600,35.9800,23000
1465581291,35.9800,35.9800,35.9600,35.9600,8000
1465581358,36.0101,36.0200,35.9900,35.9900,4900
1465581415,36.0071,36.0200,36.0001,36.0200,8600
1465581441,36.0100,36.0100,36.0050,36.0100,10400
1465581485,36.0000,36.0199,36.0000,36.0199,9400
1465581541,36.0100,36.0100,36.0000,36.0088,7500
1465581609,36.0105,36.0150,36.0105,36.0141,700
1465581673,36.0100,36.0200,36.0100,36.0199,3500
1465581722,36.0000,36.0150,36.0000,36.0150,5300
1465581789,36.0000,36.0000,35.9900,36.0000,44600
1465581899,35.9900,36.0000,35.9900,36.0000,12600
1465581905,35.9950,36.0000,35.9800,35.9900,6200
1465582019,35.9850,35.9956,35.9838,35.9900,6300
1465582075,35.9700,35.9875,35.9650,35.9850,32100
1465582132,35.9700,35.9700,35.9600,35.9700,3900
1465582179,35.9600,35.9641,35.9600,35.9641,700
1465582200,35.9550,35.9690,35.9501,35.9600,2900
1465582311,35.9700,35.9700,35.9562,35.9600,25800
1465582372,35.9750,35.9775,35.9600,35.9650,16800
1465582438,35.9764,35.9795,35.9700,35.9750,5900
1465582498,35.9650,35.9799,35.9600,35.9700,11000
1465582559,35.9501,35.9690,35.9501,35.9610,18900
1465582562,35.9600,35.9650,35.9550,35.9568,5900
1465582677,35.9650,35.9700,35.9600,35.9700,7800
1465582681,35.9600,35.9600,35.9500,35.9600,22400
1465582741,35.9500,35.9600,35.9500,35.9600,20700
1465582858,35.9600,35.9650,35.9500,35.9500,11300
1465582913,35.9670,35.9697,35.9600,35.9621,9100
1465582967,35.9801,35.9801,35.9700,35.9700,3500
1465582984,35.9800,35.9900,35.9800,35.9864,2900
1465583098,35.9950,35.9953,35.9810,35.9900,18000
1465583155,35.9850,35.9988,35.9800,35.9950,20600
1465583216,35.9800,35.9900,35.9800,35.9850,1300
1465583279,35.9850,35.9859,35.9800,35.9800,3900
1465583291,35.9850,35.9899,35.9800,35.9800,2300
1465583398,35.9899,35.9900,35.9800,35.9850,4900
1465583456,35.9751,35.9850,35.9700,35.9850,14500
1465583505,35.9750,35.9800,35.9700,35.9725,2300
1465583576,35.9600,35.9741,35.9600,35.9741,2400
1465583635,35.9675,35.9700,35.9600,35.9600,6400
1465583695,35.9650,35.9700,35.9601,35.9700,41000
1465583753,35.9650,35.9700,35.9600,35.9650,143000
1465583810,35.9850,35.9900,35.9620,35.9700,36900
1465583878,35.9950,35.9950,35.9801,35.9899,12700
1465583886,36.0000,36.0000,35.9900,36.0000,5700
1465583992,36.0050,36.0050,35.9950,36.0000,36200
1465584059,36.0050,36.0070,36.0000,36.0015,15100
1465584119,36.0063,36.0100,36.0000,36.0064,19400
1465584177,36.0100,36.0100,36.0000,36.0085,30100
1465584181,36.0185,36.0200,36.0100,36.0100,10400
1465584258,36.0100,36.0200,36.0100,36.0150,15400
1465584301,35.9950,36.0199,35.9900,36.0150,38100
1465584361,35.9800,36.0000,35.9800,35.9950,14700
1465584431,35.9800,35.9860,35.9800,35.9850,4800
1465584534,35.9859,35.9900,35.9800,35.9885,5200
1465584554,35.9801,35.9900,35.9801,35.9900,1100
1465584652,35.9800,35.9900,35.9800,35.9800,5700
1465584719,35.9800,35.9800,35.9700,35.9800,8900
1465584720,35.9850,35.9885,35.9800,35.9805,6700
1465584785,35.9900,35.9900,35.9800,35.9899,19700
1465584899,35.9950,35.9985,35.9901,35.9941,2200
1465584958,35.9900,36.0000,35.9900,36.0000,4000
1465585019,35.9850,36.0000,35.9800,35.9938,19600
1465585022,35.9832,35.9900,35.9800,35.9800,13300
1465585138,35.9900,35.9900,35.9850,35.9850,5300
1465585140,35.9999,36.0000,35.9805,35.9805,11300
1465585255,35.9801,35.9950,35.9800,35.9900,8000
1465585316,35.9850,35.9875,35.9800,35.9800,4400
1465585372,35.9750,35.9899,35.9700,35.9856,17000
1465585382,35.9800,35.9890,35.9725,35.9764,13400
1465585498,35.9800,35.9900,35.9800,35.9832,10500
1465585556,35.9899,35.9899,35.9800,35.9800,3800
1465585561,35.9850,35.9890,35.9805,35.9850,4200
1465585651,35.9799,35.9800,35.9750,35.9800,5800
1465585706,35.9800,35.9800,35.9750,35.9750,20600
1465585750,35.9875,35.9900,35.9799,35.9799,5800
1465585804,35.9800,35.9850,35.9800,35.9850,2000
1465585861,35.9800,35.9800,35.9700,35.9800,14900
1465585941,35.9799,35.9799,35.9701,35.9701,700
1465585987,35.9780,35.9800,35.9700,35.9800,5200
1465586099,35.9775,35.9790,35.9700,35.9773,8100
1465586155,35.9900,35.9900,35.9700,35.9736,11100
1465586216,36.0000,36.0099,35.9900,35.9900,11700
1465586278,36.0037,36.0050,36.0000,36.0050,11200
1465586333,35.9999,36.0000,35.9938,36.0000,4000
1465586385,35.9900,35.9965,35.9900,35.9950,2700
1465586445,35.9941,35.9990,35.9900,35.9990,4700
1465586516,36.0000,36.0000,35.9941,35.9960,5900
1465586525,36.0000,36.0050,35.9901,35.9960,5600
1465586633,36.0100,36.0100,36.0000,36.0014,2600
1465586691,36.0001,36.0099,36.0000,36.0036,7400
1465586701,36.0038,36.0060,36.0000,36.0025,4300
1465586813,36.0010,36.0100,36.0000,36.0100,3400
1465586831,36.0050,36.0100,36.0000,36.0050,13600
1465586935,36.0100,36.0200,36.0050,36.0100,7900
1465586999,36.0050,36.0100,36.0000,36.0100,19600
1465587059,36.0092,36.0100,36.0050,36.0050,64700
1465587116,36.0150,36.0200,36.0050,36.0100,39600
1465587120,36.0300,36.0300,36.0150,36.0164,11100
1465587182,36.0250,36.0300,36.0200,36.0250,4700
1465587244,36.0250,36.0300,36.0200,36.0300,11100
1465587302,36.0300,36.0300,36.0200,36.0250,5300
1465587413,36.0300,36.0300,36.0200,36.0300,23900
1465587478,36.0250,36.0300,36.0201,36.0300,10800
1465587539,36.0250,36.0300,36.0200,36.0250,19300
1465587598,36.0300,36.0350,36.0200,36.0300,7800
1465587655,36.0250,36.0389,36.0200,36.0350,9700
1465587717,36.0285,36.0300,36.0200,36.0200,6900
1465587722,36.0200,36.0300,36.0200,36.0300,4800
1465587784,36.0250,36.0300,36.0224,36.0250,4300
1465587895,36.0250,36.0250,36.0200,36.0250,6500
1465587956,36.0300,36.0400,36.0250,36.0250,16700
1465587960,36.0668,36.0700,36.0400,36.0400,7700
1465588077,36.0650,36.0700,36.0500,36.0650,58900
1465588081,36.0800,36.0800,36.0650,36.0650,27800
1465588141,36.0899,36.0899,36.0711,36.0800,18400
1465588201,36.0700,36.0800,36.0650,36.0800,16000
1465588262,36.0601,36.0700,36.0601,36.0650,1900
1465588379,36.0685,36.0700,36.0600,36.0600,7300
1465588380,36.0550,36.0699,36.0550,36.0650,20100
1465588447,36.0600,36.0600,36.0501,36.0599,12500
1465588500,36.0700,36.0789,36.0600,36.0600,36600
1465588561,36.0650,36.0700,36.0600,36.0700,13300
1465588620,36.0600,36.0700,36.0600,36.0650,32500
1465588680,36.0601,36.0700,36.0600,36.0600,26800
1465588740,36.0700,36.0800,36.0600,36.0700,163800
1465588800,36.0600,36.0600,36.0600,36.0600,6100
