uri:/instrument/1.0/RE/chartdata;type=quote;range=1d/csv
ticker:re
Company-Name:Everest Re Group, Ltd. Common S
Exchange-Name:NYQ
unit:MIN
timezone:EDT
currency:USD
gmtoffset:-14400
previous_close:171.7300
Timestamp:1466083800,1466107200
labels:1466085600,1466089200,1466092800,1466096400,1466100000,1466103600,1466107200
values:Timestamp,close,high,low,open,volume
close:170.3150,173.1200
high:170.3150,173.1200
low:170.3150,173.1000
open:170.3150,173.1000
volume:100,22200
1466083831,170.3150,170.3150,170.3150,170.3150,2100
1466083998,170.8300,170.8300,170.7900,170.7900,1500
1466084117,171.1100,171.1100,170.8100,170.8100,2000
1466084201,171.0800,171.0800,171.0800,171.0800,100
1466084276,171.0200,171.0200,170.9200,170.9200,300
1466084658,171.2250,171.2250,171.2250,171.2250,200
1466084804,171.3100,171.3200,171.3100,171.3200,300
1466085108,171.1300,171.1900,171.0500,171.0500,1900
1466085149,171.2500,171.2500,171.2300,171.2300,200
1466085278,171.2000,171.2000,171.2000,171.2000,100
1466085309,171.0100,171.0100,171.0100,171.0100,400
1466085494,170.9900,170.9900,170.9900,170.9900,800
1466085586,170.9450,170.9450,170.7500,170.7500,600
1466085607,171.0160,171.0160,171.0160,171.0160,1100
1466085706,171.3000,171.3000,171.3000,171.3000,1200
1466085905,171.3200,171.3200,171.1300,171.1300,500
1466086078,171.3900,171.3900,171.3900,171.3900,600
1466086291,171.4500,171.4500,171.4500,171.4500,300
1466086368,171.5800,171.5800,171.5800,171.5800,400
1466086543,171.7100,171.7100,171.7100,171.7100,100
1466086561,171.7700,171.7700,171.7200,171.7200,800
1466086779,171.3600,171.5800,171.3600,171.5600,700
1466086802,171.3800,171.4350,171.3500,171.3800,1600
1466086864,171.5300,171.5300,171.3300,171.3300,2100
1466086939,171.2200,171.2200,171.2100,171.2100,400
1466087041,171.3500,171.3700,171.3000,171.3400,1900
1466087122,171.3800,171.3800,171.3800,171.3800,200
1466087182,171.3800,171.3800,171.3800,171.3800,100
1466087238,171.6200,171.6200,171.5900,171.5900,600
1466087316,171.7000,171.7000,171.7000,171.7000,500
1466087460,171.4800,171.6200,171.4800,171.6200,1400
1466087576,171.4900,171.4900,171.3900,171.3900,700
1466087588,171.5800,171.7200,171.4500,171.4900,3000
1466087769,171.6400,171.6400,171.5900,171.5900,400
1466087876,171.4700,171.6900,171.4700,171.4800,3900
1466087939,171.5100,171.5550,171.4600,171.5200,3500
1466087956,171.4200,171.4900,171.4200,171.4900,300
1466088078,171.5900,171.6200,171.5900,171.6200,1700
1466088179,171.5200,171.5600,171.5200,171.5600,200
1466088182,171.5000,171.5100,171.4900,171.5100,600
1466088282,171.5900,171.5900,171.5600,171.5600,1000
1466088310,171.7400,171.7400,171.7400,171.7400,200
1466088595,171.4900,171.6000,171.4900,171.6000,800
1466088606,171.5500,171.5500,171.4800,171.5100,700
1466088731,171.5800,171.5800,171.3600,171.3600,1000
1466088810,171.5900,171.5900,171.5900,171.5900,100
1466089035,171.5600,171.5600,171.5600,171.5600,100
1466089086,171.4700,171.5200,171.3800,171.4850,1200
1466089197,171.4100,171.4400,171.4000,171.4400,1400
1466089212,171.5000,171.5500,171.4200,171.4600,1300
1466089260,171.5500,171.5700,171.4500,171.5700,3900
1466089359,171.5450,171.5500,171.5450,171.5500,500
1466089421,171.6700,171.6700,171.6500,171.6500,400
1466089475,171.6700,171.6700,171.6700,171.6700,100
1466089506,171.7000,171.7000,171.7000,171.7000,300
1466089598,171.9300,171.9300,171.8300,171.9100,1200
1466089678,172.0500,172.0500,171.9200,171.9200,900
1466089727,172.1799,172.1799,172.1500,172.1500,200
1466089764,172.3000,172.3000,172.2000,172.2000,1300
1466089844,172.0800,172.2500,172.0700,172.0800,800
1466089871,172.2700,172.2700,172.0800,172.0800,1500
1466089954,172.3400,172.3400,172.3100,172.3100,600
1466090018,172.3310,172.3310,172.3310,172.3310,200
1466090071,172.3300,172.3300,172.2900,172.2900,400
1466090108,172.3800,172.3800,172.3800,172.3800,100
1466090254,172.2400,172.2400,172.2160,172.2160,1800
1466090339,172.0600,172.1700,171.9200,172.1300,1700
1466090412,172.0200,172.0200,172.0200,172.0200,100
1466090709,172.1000,172.1000,172.1000,172.1000,100
1466090858,172.4400,172.4400,172.4250,172.4250,700
1466091026,172.5300,172.5300,172.5300,172.5300,500
1466091083,172.3700,172.5000,172.3400,172.5000,900
1466091129,172.4300,172.4300,172.3800,172.3800,300
1466091206,172.4500,172.4500,172.2690,172.2690,2100
1466091243,172.1900,172.1900,172.1900,172.1900,400
1466091426,172.2400,172.2500,172.2300,172.2500,600
1466091722,172.3900,172.3900,172.1400,172.1400,400
1466091909,172.1200,172.2800,172.1200,172.2800,500
1466092107,171.9500,172.0100,171.9500,172.0100,400
1466092155,172.1100,172.1100,172.0400,172.0400,700
1466092205,172.0800,172.0800,172.0800,172.0800,100
1466092349,172.0500,172.0500,172.0500,172.0500,100
1466092422,171.9300,172.0150,171.9300,172.0150,200
1466092612,171.8200,171.8200,171.8200,171.8200,200
1466092743,171.8100,171.9000,171.8100,171.9000,200
1466092820,171.8100,171.9350,171.8100,171.9350,200
1466092861,171.7900,171.7900,171.7900,171.7900,200
1466093123,172.1000,172.1100,172.1000,172.1100,400
1466093213,172.0800,172.0800,172.0800,172.0800,100
1466093254,172.2900,172.2900,172.2900,172.2900,100
1466093306,172.2600,172.2600,172.2600,172.2600,100
1466093507,172.2300,172.2300,172.1500,172.1850,800
1466093534,172.1100,172.1100,172.1100,172.1100,200
1466093589,172.1050,172.1050,172.0100,172.0100,200
1466093664,172.1000,172.1100,172.0400,172.0900,600
1466093734,172.1800,172.1800,172.1800,172.1800,400
1466093799,172.2300,172.2400,172.1500,172.1500,400
1466093878,172.3800,172.3800,172.1600,172.1900,3700
1466093883,172.3400,172.3400,172.3400,172.3400,800
1466093956,172.3000,172.4000,172.3000,172.4000,400
1466094057,172.2000,172.3600,172.2000,172.3300,2700
1466094081,172.0600,172.2000,172.0600,172.2000,1600
1466094141,172.1900,172.1900,172.1300,172.1300,500
1466094204,172.3100,172.3100,172.3100,172.3100,300
1466094371,172.2850,172.2950,172.2850,172.2950,200
1466094461,172.4050,172.4050,172.4050,172.4050,100
1466094672,172.4600,172.4600,172.3900,172.3900,800
1466094734,172.4300,172.4300,172.2800,172.3200,3200
1466094784,172.2700,172.2800,172.2700,172.2800,200
1466094871,172.4500,172.4500,172.3600,172.3600,600
1466094935,172.4600,172.4600,172.4600,172.4600,100
1466095075,172.4400,172.4650,172.3700,172.3800,1000
1466095083,172.4800,172.4900,172.4800,172.4800,300
1466095266,172.7300,172.7300,172.7300,172.7300,600
1466095460,172.8500,172.8500,172.7150,172.7150,300
1466095524,172.9300,173.0100,172.8300,173.0100,1900
1466095598,172.6600,172.6600,172.6600,172.6600,100
1466095662,172.6700,172.6700,172.6700,172.6700,300
1466095727,172.6100,172.6200,172.6100,172.6200,1000
1466095850,172.6200,172.6200,172.6200,172.6200,200
1466095966,172.4550,172.4550,172.3100,172.3100,800
1466096028,172.2000,172.2000,172.2000,172.2000,100
1466096045,172.4650,172.5900,172.3400,172.3400,900
1466096105,172.5300,172.5300,172.5300,172.5300,200
1466096170,172.6800,172.6800,172.6800,172.6800,100
1466096230,172.6500,172.6500,172.6500,172.6500,200
1466096292,172.7500,172.7500,172.5800,172.5800,700
1466096409,172.7300,172.7300,172.7300,172.7300,300
1466096478,172.8100,172.8100,172.7200,172.7200,300
1466096525,172.8450,172.8500,172.8000,172.8000,1400
1466096637,172.9300,172.9300,172.8400,172.8800,600
1466096649,172.7200,172.7200,172.7200,172.7200,600
1466096816,172.4300,172.5000,172.4300,172.5000,1100
1466096823,172.4200,172.4200,172.4200,172.4200,100
1466096928,172.3100,172.3100,172.3100,172.3100,100
1466097054,172.5400,172.5400,172.4600,172.4600,700
1466097082,172.5700,172.5700,172.5700,172.5700,100
1466097163,172.6400,172.6400,172.6400,172.6400,100
1466097211,172.5900,172.5900,172.5300,172.5300,600
1466097278,172.5200,172.5200,172.5200,172.5200,1000
1466097390,172.5000,172.5000,172.4000,172.4000,200
1466097534,172.5800,172.5800,172.5800,172.5800,400
1466097833,172.4421,172.4421,172.4421,172.4421,800
1466097922,172.5500,172.5500,172.5100,172.5100,700
1466097961,172.5000,172.6000,172.5000,172.6000,200
1466098022,172.4600,172.5400,172.4300,172.5400,700
1466098173,172.3700,172.3700,172.3700,172.3700,900
1466098337,172.4200,172.4200,172.4200,172.4200,100
1466098381,172.1800,172.2600,172.1800,172.2600,400
1466098558,172.3200,172.3200,172.3200,172.3200,300
1466098613,172.4300,172.4300,172.3900,172.3900,400
1466098628,172.4300,172.4300,172.4300,172.4300,300
1466098848,172.5600,172.5600,172.5600,172.5600,100
1466098944,172.4000,172.5200,172.3800,172.5200,600
1466099076,172.4200,172.4200,172.4200,172.4200,100
1466099208,172.3900,172.3900,172.2900,172.3000,300
1466099269,172.2200,172.2800,172.1700,172.2800,2000
1466099281,172.2800,172.2800,172.2800,172.2800,100
1466099340,172.3500,172.3500,172.1600,172.1600,800
1466099505,172.4400,172.4400,172.3250,172.3250,200
1466099524,172.3629,172.3629,172.3629,172.3629,1300
1466099635,172.4000,172.4000,172.4000,172.4000,100
1466099756,172.3200,172.4100,172.3200,172.3418,1000
1466099828,172.4000,172.4000,172.4000,172.4000,300
1466100016,172.3300,172.3300,172.3300,172.3300,1300
1466100227,172.4200,172.5100,172.4200,172.4200,700
1466100252,172.4900,172.4900,172.4100,172.4100,200
1466100322,172.4800,172.5700,172.4800,172.5700,500
1466100360,172.3800,172.5100,172.3800,172.4600,1400
1466100456,172.3800,172.3800,172.3800,172.3800,100
1466100480,172.5200,172.5200,172.3200,172.3200,600
1466100556,172.5100,172.5100,172.5100,172.5100,100
1466100650,172.5600,172.6000,172.5400,172.5400,1200
1466100881,172.8200,172.8200,172.8200,172.8200,100
1466101135,172.8700,172.8700,172.7700,172.7700,600
1466101245,172.8700,172.8700,172.8700,172.8700,100
1466101278,172.6000,172.6000,172.6000,172.6000,1200
1466101505,172.6100,172.6100,172.6100,172.6100,500
1466101630,172.6000,172.6000,172.6000,172.6000,100
1466101747,172.5800,172.5800,172.5600,172.5600,500
1466101820,172.6500,172.6500,172.6300,172.6300,700
1466101894,172.9100,172.9100,172.6800,172.6800,200
1466101930,172.7700,172.7900,172.7520,172.7520,500
1466102029,172.7000,172.7000,172.7000,172.7000,1100
1466102081,172.6000,172.6000,172.5900,172.5900,500
1466102339,172.5900,172.6000,172.5900,172.6000,600
1466102408,172.4600,172.4700,172.4600,172.4700,200
1466102598,172.5400,172.5900,172.5400,172.5900,600
1466102694,172.5600,172.5800,172.4900,172.5300,700
1466102925,172.6600,172.6600,172.6050,172.6100,700
1466103150,172.7500,172.7500,172.6900,172.6900,200
1466103288,172.9900,172.9900,172.9900,172.9900,600
1466103403,172.8300,172.8300,172.8300,172.8300,1000
1466103564,172.7800,172.7800,172.7700,172.7700,200
1466103643,172.6600,172.6600,172.6600,172.6600,100
1466103898,172.8500,172.8500,172.8100,172.8100,600
1466103928,172.7600,172.8400,172.7600,172.8400,1200
1466103997,172.8050,172.8050,172.8050,172.8050,300
1466104061,172.8700,172.8700,172.8700,172.8700,200
1466104096,172.9000,172.9000,172.8500,172.8500,300
1466104186,172.7900,172.7900,172.7900,172.7900,100
1466104337,172.7601,172.7601,172.7601,172.7601,100
1466104396,172.7700,172.7700,172.7700,172.7700,100
1466104445,172.8900,172.8900,172.8900,172.8900,600
1466104551,172.8000,172.9100,172.8000,172.9000,400
1466104651,172.7500,172.8500,172.7500,172.8400,1200
1466104701,172.9299,172.9299,172.7600,172.7650,1400
1466104793,172.8000,172.9000,172.8000,172.8500,2200
1466104879,172.8400,172.8600,172.7350,172.7350,900
1466105028,172.9500,172.9500,172.8700,172.8700,900
1466105178,172.9500,172.9700,172.9200,172.9200,500
1466105231,173.0400,173.0400,172.9300,172.9300,800
1466105321,173.0500,173.0500,173.0500,173.0500,500
1466105405,173.0650,173.0650,173.0650,173.0650,100
1466105502,173.0650,173.0650,173.0650,173.0650,100
1466105556,173.1200,173.1200,173.1000,173.1000,300
1466105591,173.1100,173.1100,173.0300,173.0900,1700
1466105656,173.0400,173.0900,172.9600,173.0500,3100
1466105751,172.9100,172.9100,172.9100,172.9100,100
1466105794,172.8500,172.8500,172.8500,172.8500,100
1466105879,172.6800,172.7000,172.6800,172.7000,600
1466105903,172.9000,172.9000,172.7100,172.7200,1100
1466106036,172.7100,172.7100,172.7100,172.7100,300
1466106075,172.8900,172.8900,172.7700,172.7700,300
1466106147,172.9100,172.9100,172.9000,172.9000,700
1466106185,172.8800,172.9400,172.8000,172.9400,800
1466106300,172.8500,173.0000,172.8500,172.9600,3200
1466106415,172.9300,172.9300,172.7600,172.8400,2200
1466106491,172.8000,172.8000,172.8000,172.8000,100
1466106543,172.9100,172.9100,172.8300,172.8300,1000
1466106601,172.7300,172.8550,172.7300,172.8550,2300
1466106715,172.7600,172.7600,172.7350,172.7350,1200
1466106773,172.6600,172.7400,172.6100,172.7400,3200
1466106812,172.6900,172.6900,172.6900,172.6900,600
1466106845,172.7200,172.7500,172.6900,172.6900,2600
1466106923,172.7800,172.7800,172.7800,172.7800,100
1466106971,172.8300,172.8900,172.8100,172.8100,3900
1466107033,172.8800,172.8800,172.8800,172.8800,2000
1466107084,172.8600,172.8900,172.7700,172.8900,6200
1466107176,172.8900,172.8900,172.7900,172.7900,4600
1466107200,172.9200,172.9200,172.9200,172.9200,22200
