uri:/instrument/1.0/VIA/chartdata;type=quote;range=1d/csv
ticker:via
Company-Name:Viacom Inc.
Exchange-Name:NMS
unit:MIN
timezone:EDT
currency:USD
gmtoffset:-14400
previous_close:49.3200
Timestamp:1466170200,1466193600
labels:1466172000,1466175600,1466179200,1466182800,1466186400,1466190000,1466193600
values:Timestamp,close,high,low,open,volume
close:49.3635,50.5400
high:49.3635,50.5700
low:49.3635,50.4870
open:49.3635,50.4870
volume:0,17000
1466170258,49.3635,49.3635,49.3635,49.3635,14400
1466170280,49.9800,49.9800,49.4900,49.4900,1300
1466170338,49.9200,50.0000,49.9200,50.0000,4600
1466170437,49.8999,49.9000,49.7884,49.8796,4500
1466170452,49.9600,49.9600,49.7000,49.9000,1300
1466170507,49.7700,49.9600,49.7700,49.9600,400
1466170603,49.9250,50.0000,49.8500,50.0000,1800
1466170621,50.0000,50.0000,49.9990,50.0000,2400
1466170693,49.9000,49.9000,49.8750,49.9000,3000
1466170753,49.8899,49.8899,49.7000,49.7000,900
1466170834,49.5200,49.5200,49.5200,49.5200,100
1466170912,49.5370,49.5370,49.5370,49.5370,200
1466171037,49.6200,49.6200,49.6200,49.6200,200
1466171147,49.7368,49.7368,49.5300,49.5300,1000
1466171199,49.6300,49.8400,49.6200,49.8400,400
1466171264,49.6900,49.7700,49.6000,49.7000,900
1466171286,49.6400,49.7200,49.6000,49.6100,1200
1466171360,49.7000,49.7000,49.6000,49.6000,300
1466171441,49.7000,49.7000,49.7000,49.7000,100
1466171463,49.6300,49.6300,49.6300,49.6300,100
1466171573,49.7833,49.8800,49.7833,49.8400,1000
1466171610,49.8600,49.8600,49.8600,49.8600,200
1466171730,49.8438,49.8900,49.8438,49.8600,400
1466171806,49.9000,49.9000,49.8900,49.8900,1200
1466171854,49.8000,49.9000,49.8000,49.9000,800
1466171892,49.8000,49.8000,49.8000,49.8000,1000
1466171974,49.8000,49.8000,49.8000,49.8000,100
1466172031,49.7700,49.7700,49.7442,49.7442,300
1466172106,49.6500,49.7500,49.6200,49.7500,2100
1466172152,49.7740,49.7900,49.7740,49.7900,200
1466172239,49.8000,49.8000,49.6765,49.8000,1600
1466172242,49.7700,49.8000,49.7700,49.8000,500
1466172311,49.8950,49.9700,49.7900,49.7900,2300
1466172383,50.0000,50.0000,50.0000,50.0000,1000
1466172424,50.0000,50.2699,49.9900,50.0200,3200
1466172491,50.0100,50.0200,50.0000,50.0100,1100
1466172646,50.1325,50.2600,49.9732,50.0000,1100
1466172688,50.1995,50.1995,50.1995,50.1995,700
1466172743,50.2500,50.2500,50.1300,50.1300,600
1466172849,50.3500,50.3500,50.2700,50.2700,4300
1466172913,50.2750,50.3500,50.1600,50.1600,1100
1466173055,50.3300,50.3300,50.3300,50.3300,100
1466173118,50.1500,50.3300,50.1500,50.2920,1200
1466173191,50.1950,50.3400,50.1950,50.3000,500
1466173206,50.2815,50.2815,50.2815,50.2815,100
1466173310,50.2200,50.2200,50.2200,50.2200,100
1466173340,50.3400,50.3400,50.3400,50.3400,100
1466173472,50.3200,50.3200,50.3012,50.3012,1100
1466173560,50.2220,50.2220,50.2220,50.2220,1000
1466173644,50.2100,50.2650,50.2100,50.2101,500
1466173837,50.1194,50.1194,50.1194,50.1194,700
1466173866,49.8700,49.8700,49.8700,49.8700,100
1466173962,50.0975,50.0975,50.0975,50.0975,100
1466174034,50.2178,50.2178,50.1250,50.1250,1500
1466174051,50.2700,50.2700,50.1902,50.1902,1000
1466174111,50.2800,50.2800,50.2800,50.2800,100
1466174215,50.0200,50.2000,50.0200,50.1500,1600
1466174246,49.9200,50.1000,49.9100,50.1000,1100
1466174321,50.0100,50.0100,49.8590,50.0000,1800
1466174380,49.9600,50.1300,49.9100,49.9100,1500
1466174439,49.9100,50.0100,49.8800,50.0100,800
1466174550,49.9600,50.0350,49.9500,50.0350,1000
1466174587,50.0530,50.0530,50.0530,50.0530,800
1466174653,49.9400,49.9400,49.9400,49.9400,100
1466174741,50.0750,50.0750,50.0000,50.0000,200
1466174769,50.1500,50.1500,50.0900,50.0900,2600
1466174919,50.0500,50.1500,50.0500,50.1500,1100
1466174957,49.9600,50.0300,49.9600,50.0300,400
1466175022,50.1200,50.1200,50.0250,50.0250,400
1466175298,50.0700,50.0700,50.0700,50.0700,200
1466175313,50.1400,50.1400,50.0360,50.0600,2400
1466175383,50.0650,50.0650,50.0600,50.0600,300
1466175497,50.0400,50.0400,50.0000,50.0000,400
1466175549,50.0000,50.0000,50.0000,50.0000,200
1466175729,49.7000,49.8572,49.7000,49.8572,2400
1466175783,49.7260,49.7260,49.6600,49.6600,600
1466175867,49.6388,49.6388,49.6388,49.6388,300
1466175962,49.6203,49.6500,49.6203,49.6500,400
1466176037,49.6210,49.6210,49.6140,49.6140,1000
1466176125,49.7008,49.7008,49.7008,49.7008,100
1466176146,49.8300,49.8300,49.7800,49.7800,400
1466176247,49.8550,49.8550,49.8550,49.8550,100
1466176371,49.7600,49.7600,49.7600,49.7600,100
1466176473,49.8500,49.8500,49.8500,49.8500,100
1466176585,49.9500,49.9500,49.8500,49.8500,200
1466176627,49.8680,49.8680,49.8680,49.8680,500
1466176700,50.0000,50.0000,49.9900,49.9900,700
1466176772,50.1200,50.1200,50.1200,50.1200,100
1466176851,50.2000,50.2000,50.2000,50.2000,200
1466176927,50.1250,50.1250,50.1250,50.1250,500
1466177072,50.1200,50.1200,50.1200,50.1200,100
1466177159,49.9798,49.9798,49.9798,49.9798,100
1466177276,49.9900,49.9900,49.9900,49.9900,200
1466177514,49.8800,49.8800,49.8800,49.8800,300
1466177658,49.9300,49.9300,49.9300,49.9300,200
1466177869,49.9820,49.9820,49.9820,49.9820,600
1466178363,50.0825,50.1100,50.0428,50.0667,2300
1466178436,50.0900,50.1500,50.0900,50.1500,1100
1466178605,50.0100,50.0195,50.0100,50.0189,1500
1466178768,50.0400,50.0400,50.0300,50.0300,200
1466178798,50.0370,50.0370,50.0370,50.0370,200
1466179015,49.8905,49.8905,49.8905,49.8905,100
1466179063,49.9200,49.9300,49.9000,49.9000,500
1466179091,49.9500,49.9500,49.9200,49.9200,200
1466179246,49.8800,50.0000,49.8800,50.0000,400
1466179360,50.3100,50.4900,49.9950,49.9950,12900
1466179437,50.4200,50.4200,50.1200,50.1200,4900
1466179490,50.5400,50.5400,50.3500,50.4200,9600
1466179552,50.3200,50.4735,50.3200,50.4735,700
1466179594,50.1900,50.2400,50.1300,50.2300,8200
1466179645,50.2657,50.4500,50.2200,50.2200,3300
1466179831,50.4500,50.4500,50.4500,50.4500,300
1466179919,50.3930,50.4470,50.3300,50.3600,800
1466179950,50.2600,50.3300,50.2600,50.3300,300
1466180001,50.1600,50.2906,50.1600,50.2906,400
1466180042,50.2200,50.2200,50.2200,50.2200,100
1466180246,50.0500,50.1440,50.0500,50.1440,1200
1466180298,50.1990,50.1990,50.1990,50.1990,100
1466180395,50.2040,50.2040,50.0400,50.0400,300
1466180432,50.1200,50.2900,50.1200,50.2100,1400
1466180516,50.1700,50.1700,50.1600,50.1600,300
1466180938,50.2400,50.2400,50.1900,50.1900,200
1466180978,50.1400,50.2025,50.1400,50.2025,1000
1466181000,50.1950,50.1950,50.1950,50.1950,400
1466181177,50.2200,50.2599,50.1800,50.2599,500
1466181182,50.1700,50.1700,50.1700,50.1700,200
1466181286,50.3600,50.5700,50.2181,50.2300,12800
1466181336,50.4870,50.4870,50.4870,50.4870,200
1466181368,50.5000,50.5000,50.3910,50.3910,500
1466181429,50.2670,50.4000,50.2670,50.3900,1300
1466181514,50.3496,50.3496,50.3496,50.3496,300
1466181567,50.4000,50.4499,50.4000,50.4499,400
1466181632,50.4500,50.4500,50.4070,50.4070,1100
1466181661,50.2280,50.4600,50.2280,50.4300,2100
1466181790,50.3700,50.3700,50.3700,50.3700,100
1466181948,50.3100,50.5400,50.2743,50.3100,1700
1466182196,50.1765,50.1765,50.1765,50.1765,300
1466182230,50.1700,50.1700,50.1200,50.1200,500
1466182263,50.1800,50.1800,50.1300,50.1500,400
1466182345,50.1200,50.1200,50.1000,50.1000,500
1466182388,50.0000,50.0000,50.0000,50.0000,700
1466182581,49.9201,49.9201,49.9201,49.9201,100
1466182624,49.7600,49.9400,49.7400,49.9300,6900
1466182917,49.8100,49.8100,49.7900,49.7900,1100
1466182921,49.7700,49.8400,49.7700,49.8400,400
1466183058,49.9000,49.9000,49.9000,49.9000,100
1466183167,49.8600,49.8600,49.8600,49.8600,400
1466183432,49.8600,49.8600,49.8600,49.8600,800
1466184031,49.9800,49.9800,49.9800,49.9800,100
1466184078,49.9000,49.9200,49.8750,49.8750,1000
1466184243,49.8900,49.8900,49.8900,49.8900,100
1466184319,49.9600,49.9600,49.9258,49.9258,200
1466184466,49.9350,49.9350,49.9350,49.9350,200
1466184704,49.9068,49.9068,49.9068,49.9068,100
1466184893,49.8300,49.8300,49.8300,49.8300,200
1466185031,49.7990,49.8100,49.7500,49.8100,400
1466185122,49.6800,49.7750,49.6800,49.7750,200
1466185193,49.7900,49.7900,49.7900,49.7900,200
1466185231,49.8000,49.8000,49.8000,49.8000,100
1466185278,49.9399,49.9399,49.8000,49.8000,700
1466185386,49.8100,49.9099,49.8100,49.9099,500
1466185462,49.7000,49.7000,49.7000,49.7000,100
1466185746,49.7140,49.7140,49.7140,49.7140,400
1466185906,49.7893,49.7893,49.7893,49.7893,100
1466186022,49.8350,49.8350,49.8350,49.8350,500
1466186206,49.7999,49.7999,49.7999,49.7999,200
1466186432,49.7900,49.7900,49.7900,49.7900,200
1466186487,49.7900,49.7900,49.7500,49.7500,200
1466186813,49.8900,49.8900,49.8842,49.8842,400
1466186871,49.8900,49.8900,49.8900,49.8900,100
1466187205,49.8200,49.8200,49.8200,49.8200,100
1466187478,49.8400,49.8400,49.8300,49.8400,1800
1466187587,49.8340,49.8340,49.8340,49.8340,500
1466187631,49.7690,49.8300,49.7300,49.8300,9800
1466187848,49.9050,49.9050,49.9050,49.9050,100
1466187978,49.8638,49.8638,49.8638,49.8638,100
1466188150,49.8700,49.8700,49.8700,49.8700,200
1466188288,49.8800,49.8800,49.8800,49.8800,100
1466188377,49.8550,49.8550,49.8550,49.8550,100
1466188417,49.9000,49.9200,49.8310,49.8400,2300
1466188487,49.9200,49.9200,49.8900,49.8900,500
1466188581,49.9300,49.9300,49.9100,49.9100,700
1466188667,49.8580,49.8580,49.8580,49.8580,1000
1466188823,49.8100,49.8100,49.8100,49.8100,100
1466189206,49.8400,49.8400,49.8400,49.8400,100
1466189421,49.8300,49.8300,49.8300,49.8300,200
1466189751,49.7807,49.7807,49.7807,49.7807,500
1466189916,49.7100,49.7100,49.7100,49.7100,300
1466190266,49.6463,49.6600,49.6463,49.6600,1300
1466190714,49.6000,49.6150,49.6000,49.6000,4000
1466190732,49.6200,49.6200,49.5900,49.6000,2700
1466190809,49.6400,49.6400,49.6400,49.6400,100
1466190916,49.6300,49.6300,49.6300,49.6300,200
1466191072,49.6100,49.6100,49.6000,49.6000,700
1466191088,49.6000,49.6000,49.6000,49.6000,200
1466191151,49.6110,49.6300,49.6110,49.6300,300
1466191254,49.6100,49.6100,49.6100,49.6100,100
1466191414,49.6200,49.6200,49.6200,49.6200,100
1466191646,49.7500,49.7500,49.7500,49.7500,300
1466191831,49.6800,49.7000,49.6800,49.7000,500
1466191867,49.7000,49.7000,49.6900,49.6900,700
1466191922,49.6500,49.6500,49.6500,49.6500,100
1466192032,49.6750,49.6750,49.6750,49.6750,200
1466192046,49.7100,49.7100,49.7100,49.7100,100
1466192123,49.7000,49.7000,49.7000,49.7000,100
1466192163,49.6500,49.6808,49.6500,49.6808,400
1466192235,49.6450,49.6450,49.6200,49.6200,1300
1466192341,49.6000,49.6300,49.6000,49.6300,5000
1466192403,49.5700,49.5700,49.5600,49.5600,600
1466192579,49.5000,49.5100,49.5000,49.5100,300
1466192604,49.4800,49.4800,49.4000,49.4800,400
1466192678,49.5400,49.5400,49.4900,49.4900,1200
1466192703,49.6000,49.6000,49.6000,49.6000,600
1466192973,49.4700,49.4700,49.4700,49.4700,700
1466193074,49.6200,49.6300,49.5800,49.5900,2900
1466193153,49.6137,49.6137,49.6137,49.6137,400
1466193228,49.6200,49.6300,49.5700,49.6100,4600
1466193250,49.5600,49.5900,49.5600,49.5900,1300
1466193386,49.5800,49.5800,49.5800,49.5800,300
1466193467,49.5750,49.5750,49.5750,49.5750,300
1466193484,49.5700,49.5900,49.5700,49.5900,2900
1466193589,49.5900,49.5900,49.5700,49.5700,17000
1466193600,49.5900,49.5900,49.5900,49.5900,0
