uri:/instrument/1.0/VIA/chartdata;type=quote;range=1d/csv
ticker:via
Company-Name:Viacom Inc.
Exchange-Name:NMS
unit:MIN
timezone:EDT
currency:USD
gmtoffset:-14400
previous_close:48.4200
Timestamp:1465565400,1465588800
labels:1465567200,1465570800,1465574400,1465578000,1465581600,1465585200,1465588800
values:Timestamp,close,high,low,open,volume
close:45.7000,47.3700
high:45.7000,47.6200
low:45.6960,47.3700
open:45.6960,47.6200
volume:0,9000
1465565657,47.3700,47.6200,47.3700,47.6200,2000
1465565705,47.2000,47.5200,47.2000,47.5150,1600
1465565760,47.0800,47.2000,47.0800,47.2000,1400
1465565931,46.7500,46.9600,46.7300,46.8800,1600
1465565962,46.9600,46.9600,46.9600,46.9600,500
1465566014,46.8100,46.8100,46.8100,46.8100,600
1465566149,46.9000,46.9000,46.9000,46.9000,500
1465566311,46.9700,46.9700,46.9700,46.9700,100
1465566454,46.9000,46.9000,46.9000,46.9000,100
1465566679,47.0300,47.0300,46.8900,46.8900,300
1465567202,47.2000,47.2300,47.1800,47.1800,900
1465567261,47.1900,47.1900,47.1900,47.1900,300
1465568085,47.1101,47.1101,47.1101,47.1101,100
1465568374,47.2400,47.2400,47.2300,47.2300,400
1465569008,47.2411,47.2411,47.2411,47.2411,500
1465569713,47.3000,47.3000,47.3000,47.3000,1200
1465571024,47.0800,47.0800,47.0800,47.0800,300
1465571411,47.2200,47.2200,47.2200,47.2200,200
1465571612,47.1100,47.1100,47.1100,47.1100,200
1465572601,47.2899,47.2899,47.2899,47.2899,1000
1465572999,47.1100,47.1100,47.1100,47.1100,100
1465573154,47.1000,47.1100,47.1000,47.1100,700
1465573227,47.1100,47.1100,47.1100,47.1100,100
1465573366,47.1858,47.1858,47.1858,47.1858,300
1465573638,47.1343,47.1343,47.1343,47.1343,200
1465574601,47.1396,47.1396,47.1300,47.1300,700
1465574663,47.1000,47.1000,47.1000,47.1000,300
1465574826,47.0900,47.0900,47.0900,47.0900,500
1465575594,46.8200,46.8200,46.8200,46.8200,100
1465575668,46.8500,46.8500,46.8500,46.8500,100
1465576317,46.8300,46.8300,46.8300,46.8300,200
1465576845,46.7700,46.7700,46.7700,46.7700,100
1465576972,46.8600,46.8600,46.8600,46.8600,400
1465578553,46.7100,46.7100,46.7100,46.7100,200
1465579741,46.6000,46.6000,46.6000,46.6000,100
1465580257,46.5910,46.5910,46.5910,46.5910,500
1465580929,46.3600,46.3700,46.3600,46.3700,1000
1465582042,46.2000,46.2000,46.2000,46.2000,200
1465582130,46.1200,46.1200,46.1200,46.1200,100
1465582141,46.0610,46.1200,46.0610,46.1200,700
1465582448,46.2000,46.2000,46.2000,46.2000,100
1465582686,46.1302,46.1302,46.1302,46.1302,200
1465583386,46.1000,46.1000,46.1000,46.1000,800
1465583776,46.0500,46.0500,46.0500,46.0500,200
1465583900,46.0500,46.0500,46.0500,46.0500,1000
1465584133,45.9550,46.0100,45.9550,46.0100,1100
1465584273,45.9700,45.9700,45.9600,45.9700,1200
1465584322,45.9500,45.9500,45.9500,45.9500,800
1465584509,45.9200,45.9200,45.9200,45.9200,200
1465584840,45.8600,45.8800,45.8600,45.8800,1300
1465584940,45.8865,45.9100,45.8865,45.9000,1100
1465585109,45.8900,45.8900,45.8900,45.8900,100
1465585315,45.8900,45.8900,45.8900,45.8900,300
1465585338,45.8060,45.8060,45.8060,45.8060,200
1465585709,45.8000,45.8100,45.8000,45.8100,2700
1465585857,45.7000,45.7000,45.7000,45.7000,300
1465586090,45.7453,45.7800,45.6960,45.6960,1300
1465586574,45.7900,45.9000,45.7900,45.8800,400
1465586714,45.8960,45.8960,45.8646,45.8900,400
1465587612,45.9900,45.9900,45.9900,45.9900,100
1465587704,46.0192,46.2800,46.0184,46.0300,9000
1465587734,46.0400,46.0400,46.0400,46.0400,100
1465587860,46.2100,46.2100,46.2100,46.2100,100
1465587920,46.1100,46.1100,46.1100,46.1100,100
1465588141,46.2800,46.4000,46.2000,46.2000,3900
1465588216,46.2300,46.2300,46.2300,46.2300,200
1465588272,46.2300,46.2300,46.2300,46.2300,100
1465588471,46.2000,46.2700,46.2000,46.2700,600
1465588617,46.2100,46.2800,46.2100,46.2800,400
1465588629,46.2400,46.2800,46.2400,46.2800,600
1465588690,46.2700,46.2700,46.2700,46.2700,600
1465588760,46.2500,46.2500,46.2500,46.2500,2300
1465588800,46.2200,46.2200,46.2200,46.2200,0
