uri:/instrument/1.0/VUG/chartdata;type=quote;range=1d/csv
ticker:vug
Company-Name:Vanguard Growth ETF - DNQ
Exchange-Name:PCX
unit:MIN
timezone:EDT
currency:USD
gmtoffset:-14400
previous_close:106.8200
Timestamp:1465911000,1465934400
labels:1465912800,1465916400,1465920000,1465923600,1465927200,1465930800,1465934400
values:Timestamp,close,high,low,open,volume
close:106.1500,107.0400
high:106.1632,107.0400
low:106.1400,107.0400
open:106.1400,107.0400
volume:0,28800
1465911120,106.7500,106.7500,106.7500,106.7500,28800
1465911283,106.7501,106.8020,106.7501,106.8020,300
1465911377,106.7900,106.7900,106.7800,106.7800,1800
1465911426,106.8101,106.8101,106.8101,106.8101,100
1465911517,106.8800,106.8800,106.8800,106.8800,2300
1465911607,106.9300,106.9300,106.9069,106.9069,2400
1465911933,106.9900,106.9900,106.9900,106.9900,300
1465912075,106.9472,106.9472,106.9472,106.9472,400
1465912192,106.9275,106.9275,106.8800,106.8900,2000
1465912204,106.9040,106.9040,106.9040,106.9040,300
1465912263,106.9100,106.9100,106.9100,106.9100,100
1465912328,106.8200,106.8200,106.8200,106.8200,400
1465912521,106.8501,106.8501,106.8501,106.8501,1200
1465912769,106.9300,106.9300,106.9100,106.9100,500
1465912835,106.9100,106.9100,106.9100,106.9100,100
1465912897,107.0400,107.0400,107.0400,107.0400,500
1465912920,106.9388,106.9800,106.9388,106.9800,600
1465913031,106.9040,106.9040,106.9040,106.9040,100
1465913057,106.8800,106.8800,106.8800,106.8800,100
1465913192,106.8400,106.8800,106.8400,106.8800,4900
1465913271,106.8246,106.8500,106.8200,106.8200,1200
1465913334,106.8500,106.8500,106.8258,106.8258,400
1465913392,106.8000,106.8000,106.8000,106.8000,100
1465913433,106.8500,106.8500,106.8500,106.8500,1200
1465913508,106.8900,106.8900,106.8600,106.8600,200
1465913571,106.7700,106.8000,106.7400,106.8000,1100
1465913628,106.7535,106.8100,106.7535,106.8100,300
1465913680,106.7700,106.7700,106.7700,106.7700,400
1465913718,106.7145,106.7300,106.7145,106.7300,900
1465913763,106.6848,106.6848,106.6848,106.6848,200
1465913836,106.6500,106.6500,106.6500,106.6500,300
1465914006,106.5900,106.5900,106.5500,106.5500,800
1465914127,106.5697,106.5697,106.5697,106.5697,300
1465914281,106.5500,106.5749,106.5200,106.5749,300
1465914317,106.4800,106.5200,106.4800,106.5200,500
1465914408,106.4655,106.4655,106.4506,106.4506,400
1465914450,106.5200,106.5200,106.5200,106.5200,2200
1465914789,106.5900,106.6101,106.5900,106.6101,1900
1465914927,106.6206,106.6206,106.6206,106.6206,200
1465914977,106.5100,106.5100,106.5100,106.5100,100
1465915031,106.4700,106.4700,106.4100,106.4500,2900
1465915126,106.4415,106.4415,106.4415,106.4415,1000
1465915259,106.5603,106.5603,106.5603,106.5603,100
1465915276,106.5100,106.5285,106.5100,106.5285,1000
1465915350,106.5600,106.5600,106.5600,106.5600,300
1465915393,106.6204,106.6204,106.6102,106.6102,1200
1465915466,106.5700,106.6028,106.5700,106.6028,2600
1465915511,106.5303,106.5303,106.5303,106.5303,300
1465915693,106.4100,106.4825,106.4100,106.4825,1000
1465915798,106.4232,106.4545,106.4201,106.4500,1700
1465915857,106.4101,106.4499,106.4101,106.4499,900
1465915949,106.3960,106.3960,106.3960,106.3960,1600
1465916080,106.3000,106.3000,106.3000,106.3000,200
1465916151,106.2600,106.2600,106.2600,106.2600,500
1465916209,106.2300,106.2300,106.2200,106.2200,600
1465916240,106.2400,106.2400,106.2400,106.2400,100
1465916291,106.2300,106.2300,106.2212,106.2212,1400
1465916400,106.2223,106.2500,106.2110,106.2500,2100
1465916488,106.2000,106.2000,106.2000,106.2000,100
1465916548,106.1500,106.1632,106.1500,106.1632,900
1465916600,106.1992,106.1992,106.1860,106.1860,200
1465916661,106.2200,106.2200,106.2199,106.2200,1300
1465916911,106.3300,106.3510,106.3000,106.3350,1000
1465917015,106.3504,106.3504,106.3200,106.3400,700
1465917161,106.3360,106.3360,106.3360,106.3360,100
1465917181,106.3418,106.3418,106.3418,106.3418,100
1465917253,106.2699,106.2952,106.2660,106.2952,1000
1465917316,106.2383,106.2383,106.2383,106.2383,200
1465917374,106.2299,106.2299,106.2299,106.2299,300
1465917433,106.2180,106.2301,106.2180,106.2301,1300
1465917554,106.1700,106.1700,106.1400,106.1400,800
1465917693,106.2379,106.2379,106.2379,106.2379,500
1465917738,106.3100,106.3100,106.3100,106.3100,600
1465918008,106.2400,106.2400,106.2000,106.2400,13400
1465918075,106.1800,106.1800,106.1800,106.1800,900
1465918123,106.2400,106.2400,106.1900,106.1900,1500
1465918181,106.1800,106.1800,106.1800,106.1800,100
1465918258,106.1900,106.2319,106.1900,106.1900,4000
1465918264,106.1974,106.1974,106.1520,106.1520,2900
1465918405,106.2647,106.2647,106.2600,106.2600,1000
1465918488,106.3083,106.3083,106.2880,106.2880,500
1465918614,106.3601,106.3900,106.3601,106.3784,800
1465918673,106.3500,106.3600,106.3500,106.3600,300
1465918684,106.3200,106.3200,106.3200,106.3200,400
1465918943,106.4400,106.4400,106.4259,106.4259,2000
1465919060,106.4000,106.4000,106.4000,106.4000,100
1465919185,106.3717,106.3717,106.3717,106.3717,100
1465919230,106.3800,106.3800,106.3742,106.3742,1400
1465919388,106.3508,106.3640,106.3440,106.3640,1200
1465919457,106.3500,106.3500,106.3300,106.3300,600
1465919499,106.3501,106.3520,106.3501,106.3520,600
1465919562,106.3419,106.3500,106.3419,106.3500,400
1465919633,106.3600,106.3700,106.3134,106.3134,900
1465919697,106.3830,106.4070,106.3800,106.3800,800
1465919706,106.3552,106.3940,106.3552,106.3940,700
1465919841,106.3499,106.3499,106.3499,106.3499,300
1465919968,106.3100,106.3100,106.3100,106.3100,600
1465920005,106.3600,106.3600,106.2910,106.2910,800
1465920177,106.2983,106.2983,106.2983,106.2983,100
1465920217,106.3001,106.3001,106.3001,106.3001,600
1465920250,106.3700,106.3700,106.3500,106.3500,600
1465920346,106.3276,106.3276,106.3276,106.3276,1300
1465920419,106.2999,106.2999,106.2600,106.2800,900
1465920469,106.3038,106.3038,106.3000,106.3000,400
1465920514,106.2900,106.2921,106.2900,106.2921,400
1465920566,106.3060,106.3060,106.3060,106.3060,100
1465920600,106.3348,106.3348,106.3006,106.3006,1000
1465920758,106.3400,106.3400,106.3300,106.3300,400
1465920792,106.3900,106.3900,106.3600,106.3600,300
1465920846,106.4200,106.4200,106.4000,106.4000,300
1465920915,106.4394,106.4394,106.4280,106.4280,2200
1465921015,106.4410,106.4500,106.4350,106.4379,800
1465921034,106.4700,106.4754,106.4500,106.4500,1000
1465921137,106.4481,106.4481,106.4481,106.4481,400
1465921162,106.4200,106.4200,106.4200,106.4200,200
1465921201,106.4600,106.4600,106.4400,106.4400,400
1465921308,106.5100,106.5100,106.5100,106.5100,100
1465921361,106.5080,106.5080,106.5080,106.5080,300
1465921430,106.5500,106.5500,106.5500,106.5500,400
1465921492,106.5800,106.5800,106.5800,106.5800,300
1465921517,106.6218,106.6218,106.6218,106.6218,300
1465921633,106.6601,106.6825,106.6601,106.6789,1200
1465921694,106.6900,106.6900,106.6900,106.6900,100
1465921764,106.6820,106.6950,106.6820,106.6950,300
1465921849,106.6200,106.6200,106.6200,106.6200,200
1465921879,106.6540,106.6540,106.6450,106.6450,300
1465921959,106.6100,106.6100,106.6100,106.6100,100
1465922035,106.6200,106.6304,106.6140,106.6140,500
1465922077,106.6034,106.6034,106.6034,106.6034,300
1465922149,106.6145,106.6200,106.6145,106.6200,800
1465922300,106.6000,106.6000,106.6000,106.6000,100
1465922415,106.5600,106.5900,106.5600,106.5900,1500
1465922513,106.5700,106.5700,106.5700,106.5700,100
1465922561,106.5717,106.5717,106.5717,106.5717,200
1465922617,106.5500,106.5600,106.5500,106.5500,700
1465922656,106.5400,106.5400,106.5152,106.5152,400
1465922751,106.5407,106.5407,106.5197,106.5197,400
1465922873,106.5580,106.5580,106.5396,106.5396,800
1465922888,106.5500,106.5500,106.5500,106.5500,500
1465922955,106.5600,106.5600,106.5600,106.5600,300
1465923114,106.5999,106.5999,106.5793,106.5793,1500
1465923293,106.5600,106.5804,106.5600,106.5804,400
1465923315,106.5800,106.5800,106.5603,106.5603,900
1465923372,106.5883,106.5883,106.5883,106.5883,400
1465923435,106.5540,106.5858,106.5540,106.5858,800
1465923511,106.4900,106.4950,106.4900,106.4950,300
1465923592,106.5000,106.5200,106.5000,106.5096,1800
1465923726,106.5500,106.5699,106.5500,106.5600,400
1465923814,106.5825,106.5900,106.5487,106.5586,1900
1465923849,106.5500,106.5700,106.5500,106.5654,2800
1465923998,106.5488,106.5699,106.5488,106.5699,300
1465924060,106.5699,106.5699,106.5699,106.5699,100
1465924115,106.5117,106.5300,106.5000,106.5300,700
1465924192,106.4881,106.4950,106.4881,106.4950,200
1465924204,106.4461,106.4825,106.4461,106.4825,1300
1465924329,106.4301,106.4301,106.4264,106.4264,400
1465924406,106.4201,106.4500,106.4201,106.4500,300
1465924444,106.4434,106.4434,106.4200,106.4200,700
1465924530,106.3982,106.4000,106.3982,106.4000,400
1465924618,106.3939,106.3939,106.3939,106.3939,300
1465924663,106.4601,106.4800,106.4001,106.4001,1400
1465924705,106.4687,106.4687,106.4500,106.4500,700
1465924750,106.4242,106.4300,106.4242,106.4300,400
1465924821,106.4301,106.4301,106.4301,106.4301,200
1465924918,106.4700,106.4800,106.4700,106.4800,300
1465924921,106.4517,106.4558,106.4517,106.4558,1500
1465925012,106.4586,106.4628,106.4500,106.4500,1000
1465925097,106.4719,106.4799,106.4581,106.4799,2000
1465925106,106.4790,106.4790,106.4501,106.4613,1300
1465925180,106.4222,106.4400,106.4222,106.4400,4400
1465925332,106.4392,106.4392,106.4392,106.4392,700
1465925458,106.4000,106.4000,106.4000,106.4000,200
1465925555,106.4440,106.4440,106.4440,106.4440,200
1465925749,106.5423,106.5423,106.5423,106.5423,400
1465925760,106.5250,106.5250,106.5250,106.5250,300
1465925951,106.4881,106.4881,106.4881,106.4881,500
1465926035,106.4400,106.4400,106.4221,106.4221,500
1465926191,106.4899,106.4960,106.4301,106.4301,6300
1465926264,106.4484,106.4484,106.4420,106.4461,1300
1465926420,106.4558,106.4558,106.4508,106.4508,800
1465926714,106.3597,106.3699,106.3400,106.3400,600
1465926722,106.3600,106.3800,106.3600,106.3601,4300
1465926866,106.3260,106.3260,106.3260,106.3260,200
1465926927,106.3108,106.3108,106.3108,106.3108,4000
1465926983,106.3300,106.3300,106.3090,106.3200,3000
1465927034,106.3111,106.3307,106.3111,106.3260,8500
1465927089,106.3299,106.3299,106.3299,106.3299,1300
1465927204,106.2950,106.3046,106.2800,106.2800,700
1465927350,106.3200,106.3200,106.2996,106.2996,900
1465927438,106.3317,106.3499,106.3100,106.3363,900
1465927477,106.3100,106.3383,106.3100,106.3294,1900
1465927504,106.3600,106.3600,106.3245,106.3300,1600
1465927619,106.3212,106.3212,106.3212,106.3212,1200
1465927620,106.3300,106.3300,106.3142,106.3300,16300
1465927709,106.3476,106.3500,106.3476,106.3500,2600
1465927799,106.3600,106.3600,106.3500,106.3500,1800
1465927852,106.3300,106.3420,106.3300,106.3420,500
1465927899,106.3100,106.3200,106.3000,106.3200,700
1465927978,106.3500,106.3500,106.3209,106.3300,2300
1465928038,106.4100,106.4100,106.3500,106.3500,1000
1465928056,106.4500,106.4500,106.4500,106.4500,300
1465928100,106.4501,106.4600,106.4400,106.4500,1200
1465928190,106.4300,106.4700,106.4300,106.4700,1800
1465928260,106.4301,106.4301,106.4301,106.4301,100
1465928318,106.4629,106.4629,106.4629,106.4629,700
1465928341,106.5200,106.5200,106.4701,106.4701,1100
1465928444,106.5001,106.5187,106.5000,106.5179,2100
1465928676,106.5100,106.5100,106.4950,106.4950,400
1465928759,106.5500,106.5500,106.5100,106.5354,900
1465928762,106.4900,106.5300,106.4900,106.5200,1100
1465928841,106.4896,106.4896,106.4896,106.4896,300
1465928895,106.5300,106.5300,106.5026,106.5026,5500
1465928942,106.5805,106.5805,106.5311,106.5311,700
1465929038,106.6000,106.6000,106.6000,106.6000,200
1465929061,106.5481,106.5800,106.5481,106.5800,1100
1465929169,106.5500,106.5500,106.5499,106.5499,900
1465929183,106.5580,106.5700,106.5580,106.5700,200
1465929275,106.4700,106.4950,106.4700,106.4950,1700
1465929336,106.4553,106.4553,106.4553,106.4553,400
1465929416,106.4200,106.4400,106.4200,106.4400,1800
1465929455,106.4140,106.4140,106.4140,106.4140,800
1465929480,106.4272,106.4319,106.4001,106.4010,2500
1465929550,106.4597,106.4599,106.4400,106.4400,3000
1465929621,106.4940,106.4940,106.4700,106.4700,700
1465929714,106.5300,106.5300,106.5300,106.5300,200
1465929743,106.5107,106.5199,106.5107,106.5199,9000
1465929835,106.5000,106.5000,106.5000,106.5000,1100
1465929843,106.5290,106.5290,106.5290,106.5290,300
1465929916,106.5229,106.5229,106.5008,106.5008,1100
1465930015,106.4452,106.5299,106.4100,106.5299,3600
1465930021,106.4700,106.4700,106.4200,106.4499,7700
1465930084,106.4178,106.4178,106.4100,106.4100,1000
1465930173,106.4100,106.4176,106.4100,106.4176,400
1465930238,106.4092,106.4228,106.4092,106.4228,1500
1465930280,106.4100,106.4100,106.4100,106.4100,100
1465930325,106.4000,106.4080,106.4000,106.4080,700
1465930496,106.3699,106.3699,106.3540,106.3540,1700
1465930505,106.3500,106.3626,106.3500,106.3620,1000
1465930599,106.3200,106.3200,106.3200,106.3200,800
1465930670,106.2940,106.2940,106.2940,106.2940,200
1465930768,106.3199,106.3199,106.2828,106.2828,1500
1465930815,106.3000,106.3000,106.3000,106.3000,200
1465930861,106.2500,106.2900,106.2500,106.2900,1600
1465930941,106.3001,106.3100,106.2800,106.2800,1200
1465930993,106.3800,106.3946,106.3160,106.3240,1300
1465931080,106.3960,106.3960,106.3960,106.3960,200
1465931102,106.4700,106.4700,106.4300,106.4300,500
1465931177,106.5200,106.5200,106.4875,106.4875,500
1465931261,106.5543,106.5543,106.5543,106.5543,300
1465931295,106.5750,106.5750,106.5750,106.5750,1300
1465931370,106.5700,106.5800,106.5500,106.5500,1400
1465931424,106.5410,106.5410,106.5410,106.5410,400
1465931516,106.6300,106.6300,106.6300,106.6300,200
1465931625,106.5500,106.5500,106.5400,106.5400,2400
1465931649,106.5760,106.5800,106.5760,106.5800,3900
1465931774,106.6900,106.7100,106.6900,106.7060,1700
1465931916,106.7000,106.7150,106.7000,106.7100,800
1465931991,106.6560,106.6700,106.6560,106.6700,700
1465932010,106.6989,106.6989,106.6780,106.6780,900
1465932113,106.7200,106.7300,106.7200,106.7300,1300
1465932125,106.6820,106.7200,106.6700,106.7200,1200
1465932247,106.6300,106.6999,106.6300,106.6808,5300
1465932317,106.6148,106.6499,106.6148,106.6340,2100
1465932372,106.6800,106.6800,106.6004,106.6004,2900
1465932426,106.7180,106.7200,106.7080,106.7100,1400
1465932491,106.7000,106.7000,106.6900,106.6900,400
1465932551,106.7600,106.7600,106.7300,106.7300,600
1465932688,106.7570,106.7570,106.7201,106.7537,900
1465932750,106.7400,106.7400,106.7300,106.7300,11800
1465932783,106.8200,106.8200,106.7800,106.7800,2000
1465932847,106.7948,106.7948,106.7924,106.7924,3900
1465932940,106.8078,106.8078,106.8040,106.8040,400
1465933011,106.7500,106.7700,106.7500,106.7700,1000
1465933075,106.7200,106.7436,106.7150,106.7300,2400
1465933081,106.7500,106.7500,106.6980,106.6980,1900
1465933223,106.7660,106.7660,106.7660,106.7660,400
1465933294,106.7899,106.7899,106.7899,106.7899,400
1465933324,106.7400,106.7400,106.7400,106.7400,500
1465933395,106.8000,106.8200,106.7704,106.7704,1900
1465933469,106.8200,106.8608,106.8200,106.8500,3500
1465933548,106.7200,106.7200,106.7200,106.7200,600
1465933584,106.6800,106.6800,106.6800,106.6800,400
1465933655,106.7252,106.7252,106.6823,106.6823,1100
1465933714,106.6800,106.6800,106.6700,106.6800,2900
1465933766,106.6880,106.7000,106.6800,106.6800,900
1465933851,106.7100,106.7100,106.7100,106.7100,100
1465933896,106.6700,106.6700,106.6500,106.6500,1600
1465933979,106.7011,106.7011,106.6800,106.6800,1500
1465933998,106.7100,106.7100,106.6800,106.6977,2500
1465934099,106.7401,106.7402,106.7342,106.7342,1300
1465934126,106.7600,106.7800,106.7600,106.7800,700
1465934206,106.7747,106.7800,106.7700,106.7700,900
1465934226,106.7600,106.7899,106.7600,106.7899,700
1465934280,106.8100,106.8100,106.7907,106.7907,3000
1465934363,106.8000,106.8300,106.7900,106.8100,20400
1465934400,106.8100,106.8100,106.8100,106.8100,0
