uri:/instrument/1.0/VIA/chartdata;type=quote;range=1d/csv
ticker:via
Company-Name:Viacom Inc.
Exchange-Name:NMS
unit:MIN
timezone:EDT
currency:USD
gmtoffset:-14400
previous_close:49.6200
Timestamp:1466515800,1466539200
labels:1466517600,1466521200,1466524800,1466528400,1466532000,1466535600,1466539200
values:Timestamp,close,high,low,open,volume
close:48.0300,49.7425
high:48.0300,49.7425
low:48.0100,49.7425
open:48.0100,49.7425
volume:0,2700
1466515852,49.7425,49.7425,49.7425,49.7425,900
1466515863,49.5400,49.6100,49.5400,49.6100,600
1466516013,49.3200,49.4800,49.3200,49.4800,800
1466516136,49.1900,49.3500,49.1900,49.2700,700
1466516225,49.1200,49.1200,49.1100,49.1100,300
1466516461,49.1200,49.1200,49.1100,49.1100,500
1466516537,48.9800,48.9800,48.8700,48.8840,300
1466516941,48.8060,48.8060,48.8000,48.8000,300
1466517131,48.8400,48.8400,48.8400,48.8400,200
1466517183,48.7700,48.7700,48.7700,48.7700,100
1466517496,48.6000,48.6000,48.6000,48.6000,200
1466517541,48.4911,48.5685,48.4100,48.5600,1000
1466517623,48.6400,48.6400,48.5200,48.6100,800
1466517678,48.5100,48.5100,48.5100,48.5100,100
1466517723,48.4400,48.4600,48.3500,48.3800,1000
1466518101,48.2500,48.2500,48.2500,48.2500,300
1466518186,48.2600,48.2600,48.1200,48.1200,1100
1466518387,48.4116,48.4116,48.3900,48.3900,300
1466518960,48.1600,48.1600,48.1600,48.1600,100
1466519205,48.2500,48.2500,48.2500,48.2500,600
1466519286,48.3600,48.3600,48.3600,48.3600,100
1466519439,48.3000,48.3000,48.3000,48.3000,200
1466519502,48.4000,48.4000,48.4000,48.4000,100
1466519551,48.4300,48.4300,48.4300,48.4300,200
1466519588,48.5000,48.5000,48.5000,48.5000,300
1466520110,48.4000,48.4110,48.4000,48.4100,1100
1466520128,48.3800,48.3800,48.3800,48.3800,100
1466520332,48.4000,48.4001,48.4000,48.4001,800
1466520373,48.4000,48.4000,48.4000,48.4000,200
1466520558,48.2565,48.2565,48.2565,48.2565,200
1466520770,48.1800,48.1800,48.1800,48.1800,100
1466521051,48.2028,48.2028,48.1700,48.1800,300
1466521097,48.1700,48.2100,48.1700,48.2100,1200
1466521204,48.1600,48.1600,48.1600,48.1600,300
1466521391,48.3500,48.3500,48.2352,48.3400,1400
1466521523,48.4600,48.4600,48.4300,48.4300,200
1466521617,48.5300,48.5300,48.5300,48.5300,200
1466521856,48.6600,48.6600,48.6600,48.6600,100
1466521975,48.6800,48.6800,48.6800,48.6800,200
1466522108,48.8000,48.8000,48.8000,48.8000,100
1466522353,49.0000,49.0000,48.8800,48.9400,1100
1466522694,48.9700,48.9700,48.9700,48.9700,100
1466522960,49.0900,49.0900,49.0800,49.0800,200
1466523009,48.9200,48.9300,48.8800,48.9300,600
1466523256,48.5800,48.5900,48.5800,48.5900,300
1466523349,48.5700,48.5700,48.5700,48.5700,200
1466523690,48.4100,48.4100,48.4100,48.4100,100
1466524155,48.3100,48.3200,48.2300,48.2300,1200
1466524244,48.2300,48.2500,48.2300,48.2500,200
1466524519,48.2300,48.2300,48.2300,48.2300,200
1466525038,48.2700,48.2700,48.2000,48.2000,900
1466525069,48.1800,48.2500,48.1700,48.2400,400
1466525129,48.0700,48.0900,48.0700,48.0900,200
1466525195,48.0300,48.0300,48.0100,48.0100,500
1466525236,48.1300,48.1300,48.1300,48.1300,100
1466525286,48.1400,48.1400,48.1400,48.1400,100
1466525357,48.2800,48.2800,48.0500,48.0500,600
1466525407,48.1600,48.1800,48.1600,48.1800,500
1466525521,48.3700,48.3800,48.1800,48.1800,1700
1466525703,48.5300,48.5300,48.5300,48.5300,100
1466526101,48.3600,48.3600,48.3600,48.3600,200
1466526595,48.4600,48.4600,48.4600,48.4600,400
1466526606,48.4900,48.4900,48.4900,48.4900,200
1466526955,48.4484,48.4484,48.4484,48.4484,100
1466527010,48.3800,48.4100,48.3600,48.4100,600
1466527231,48.4600,48.4600,48.4600,48.4600,100
1466527329,48.4800,48.4900,48.4800,48.4900,300
1466527849,48.4200,48.5100,48.4200,48.5100,200
1466527940,48.3300,48.3700,48.3300,48.3700,300
1466528777,48.4200,48.4200,48.4000,48.4000,700
1466529030,48.4000,48.4000,48.4000,48.4000,300
1466529112,48.3996,48.3996,48.3996,48.3996,400
1466529686,48.3200,48.3200,48.3200,48.3200,100
1466530231,48.3700,48.3700,48.3700,48.3700,100
1466530376,48.2300,48.3500,48.2300,48.3500,200
1466530428,48.2660,48.2660,48.2660,48.2660,500
1466530576,48.2365,48.2365,48.1500,48.2300,1600
1466530853,48.3124,48.3124,48.3124,48.3124,300
1466531157,48.2516,48.2516,48.2516,48.2516,100
1466531204,48.2100,48.2100,48.2100,48.2100,100
1466531375,48.1900,48.1900,48.1900,48.1900,200
1466531508,48.1961,48.1961,48.1500,48.1500,300
1466531622,48.2500,48.2500,48.2500,48.2500,200
1466532312,48.2800,48.2800,48.2800,48.2800,200
1466532773,48.3700,48.3700,48.2801,48.2801,400
1466532831,48.2800,48.3000,48.2800,48.3000,800
1466532909,48.3700,48.3700,48.3700,48.3700,200
1466533166,48.3700,48.3700,48.3700,48.3700,200
1466533633,48.3490,48.3490,48.3490,48.3490,200
1466533731,48.4400,48.4400,48.4100,48.4100,500
1466533932,48.4100,48.4100,48.4100,48.4100,300
1466534512,48.6400,48.6400,48.6400,48.6400,100
1466534576,48.5830,48.6000,48.5830,48.6000,500
1466534655,48.5200,48.5200,48.5200,48.5200,200
1466534700,48.5000,48.5000,48.5000,48.5000,100
1466534780,48.4240,48.4240,48.4240,48.4240,500
1466535594,48.5500,48.5500,48.5500,48.5500,200
1466535755,48.4200,48.4600,48.4200,48.4600,600
1466536048,48.3900,48.4600,48.3900,48.4600,400
1466536476,48.4099,48.4099,48.4099,48.4099,600
1466536830,48.4200,48.4200,48.4100,48.4100,700
1466536910,48.4600,48.4600,48.4500,48.4500,200
1466536942,48.3300,48.3700,48.3300,48.3700,600
1466537033,48.4200,48.4200,48.4200,48.4200,100
1466537355,48.4510,48.4510,48.4510,48.4510,800
1466537573,48.3800,48.3800,48.3800,48.3800,100
1466537744,48.4499,48.4499,48.4499,48.4499,1000
1466537902,48.3800,48.3800,48.3800,48.3800,100
1466538031,48.3700,48.3800,48.3700,48.3800,900
1466538125,48.2400,48.2600,48.2400,48.2600,700
1466538374,48.2800,48.2800,48.2287,48.2287,2700
1466538460,48.3047,48.3047,48.3047,48.3047,800
1466538537,48.2600,48.2600,48.2600,48.2600,100
1466538579,48.2950,48.2950,48.2950,48.2950,200
1466538704,48.2480,48.3200,48.2400,48.3200,800
1466538877,48.2900,48.2900,48.2799,48.2800,1000
1466538910,48.3500,48.3500,48.3500,48.3500,100
1466539064,48.2200,48.2800,48.2200,48.2800,1900
1466539094,48.2400,48.2500,48.2400,48.2500,1000
1466539144,48.1800,48.2300,48.1800,48.2300,2600
1466539200,48.1800,48.1800,48.1800,48.1800,0
