uri:/instrument/1.0/SCHB/chartdata;type=quote;range=1d/csv
ticker:schb
Company-Name:Schwab U.S. Broad Market ETF
Exchange-Name:PCX
unit:MIN
timezone:EDT
currency:USD
gmtoffset:-14400
previous_close:50.6900
Timestamp:1466775000,1466798400
labels:1466776800,1466780400,1466784000,1466787600,1466791200,1466794800,1466798400
values:Timestamp,close,high,low,open,volume
close:48.7690,49.7099
high:48.7800,49.7176
low:48.7520,49.6600
open:48.7520,49.7100
volume:0,204400
1466775138,49.0550,49.0558,49.0400,49.0400,204400
1466775209,49.0856,49.0856,49.0752,49.0752,25700
1466775266,49.1500,49.1500,49.1499,49.1499,7400
1466775357,49.1900,49.2020,49.1400,49.1636,24100
1466775419,49.2400,49.2400,49.2000,49.2190,15900
1466775477,49.2290,49.2290,49.2000,49.2195,19700
1466775481,49.2900,49.2900,49.2101,49.2177,59200
1466775562,49.3100,49.3100,49.2650,49.2650,13900
1466775608,49.3300,49.3500,49.2800,49.3000,34800
1466775666,49.3900,49.3900,49.3020,49.3020,19500
1466775724,49.4000,49.4000,49.3400,49.3400,7500
1466775780,49.4377,49.4377,49.3800,49.3800,4900
1466775847,49.4518,49.4700,49.4200,49.4660,10400
1466775904,49.3955,49.4499,49.3875,49.4200,35800
1466775982,49.3770,49.3770,49.3580,49.3770,6700
1466776074,49.3150,49.3600,49.2725,49.3600,17700
1466776083,49.4100,49.4100,49.2901,49.2901,4400
1466776150,49.4190,49.4190,49.3880,49.3880,3200
1466776207,49.3524,49.3800,49.3200,49.3800,33800
1466776260,49.3550,49.3670,49.3200,49.3390,2200
1466776324,49.3101,49.3599,49.3100,49.3570,3400
1466776438,49.4060,49.4100,49.3360,49.3360,3800
1466776452,49.4020,49.4020,49.3801,49.3980,8100
1466776514,49.4490,49.4500,49.4300,49.4300,800
1466776618,49.5220,49.5300,49.5000,49.5300,5900
1466776674,49.4560,49.4940,49.4500,49.4850,6200
1466776681,49.5099,49.5099,49.4800,49.4800,10500
1466776776,49.5470,49.5470,49.5300,49.5436,1000
1466776801,49.5279,49.5400,49.4700,49.5190,8800
1466776917,49.5700,49.5700,49.5289,49.5290,4600
1466776932,49.5980,49.6100,49.5980,49.6100,8500
1466777018,49.5840,49.5900,49.5700,49.5800,5500
1466777073,49.6218,49.6700,49.6218,49.6500,4100
1466777120,49.5810,49.5899,49.5500,49.5899,9200
1466777169,49.5500,49.5900,49.5500,49.5900,7600
1466777223,49.5577,49.5700,49.5260,49.5560,4700
1466777310,49.6190,49.6190,49.5900,49.5900,3300
1466777372,49.6685,49.6685,49.6250,49.6300,4100
1466777415,49.7099,49.7099,49.6600,49.6600,6000
1466777477,49.6600,49.7176,49.6600,49.7100,17100
1466777534,49.6380,49.6700,49.6380,49.6700,5900
1466777581,49.6200,49.6359,49.6200,49.6359,6400
1466777654,49.6377,49.6400,49.6210,49.6210,6700
1466777715,49.5990,49.6300,49.5800,49.6300,10100
1466777762,49.6100,49.6100,49.5860,49.5860,6800
1466777836,49.5950,49.5950,49.5710,49.5800,3400
1466777902,49.5560,49.5699,49.5500,49.5680,7300
1466777999,49.5237,49.5400,49.5100,49.5400,1000
1466778002,49.5200,49.5350,49.5100,49.5100,7900
1466778067,49.5000,49.5100,49.4882,49.5100,10900
1466778123,49.4700,49.5000,49.4700,49.5000,3100
1466778182,49.4600,49.4600,49.4600,49.4600,3700
1466778299,49.5050,49.5200,49.4500,49.4700,8600
1466778302,49.4699,49.5062,49.4500,49.4900,8800
1466778378,49.4600,49.4600,49.4459,49.4599,1400
1466778422,49.4500,49.4590,49.4500,49.4500,1100
1466778481,49.5100,49.5200,49.4700,49.4700,5100
1466778553,49.5100,49.5190,49.5100,49.5190,1900
1466778607,49.5200,49.5518,49.5200,49.5290,3800
1466778672,49.5200,49.5200,49.5100,49.5190,1800
1466778727,49.5400,49.5400,49.5200,49.5200,2300
1466778792,49.4850,49.5490,49.4850,49.5490,4800
1466778849,49.4600,49.5000,49.4600,49.5000,5200
1466778902,49.4800,49.5000,49.4500,49.4500,7400
1466778972,49.4700,49.5000,49.4700,49.4960,3800
1466779023,49.4850,49.4882,49.4699,49.4799,7400
1466779098,49.4700,49.4999,49.4680,49.4780,1700
1466779197,49.5800,49.5800,49.4800,49.4800,7700
1466779202,49.5159,49.5850,49.5159,49.5700,3700
1466779267,49.5000,49.5400,49.5000,49.5400,2400
1466779326,49.4900,49.5100,49.4600,49.4800,12100
1466779384,49.5100,49.5200,49.4982,49.4982,5700
1466779447,49.5290,49.5359,49.5200,49.5259,3100
1466779502,49.4910,49.5201,49.4910,49.5200,2300
1466779566,49.5350,49.5400,49.4950,49.5000,4600
1466779624,49.5200,49.5400,49.5200,49.5350,3400
1466779714,49.5250,49.5300,49.5250,49.5300,600
1466779742,49.5001,49.5100,49.4900,49.5100,4700
1466779821,49.5100,49.5201,49.5000,49.5050,5200
1466779862,49.5000,49.5199,49.4990,49.5199,3200
1466779935,49.5000,49.5000,49.4900,49.4900,3500
1466779982,49.5080,49.5080,49.4900,49.4900,1200
1466780046,49.5200,49.5200,49.4900,49.5000,3200
1466780115,49.5400,49.5599,49.5300,49.5300,10800
1466780162,49.5300,49.5350,49.5300,49.5300,2000
1466780222,49.4690,49.5299,49.4690,49.5200,7300
1466780287,49.4800,49.4959,49.4800,49.4959,3200
1466780372,49.4200,49.4799,49.4200,49.4799,2300
1466780417,49.4100,49.4500,49.4100,49.4500,3200
1466780478,49.3899,49.4199,49.3800,49.4100,11700
1466780572,49.3400,49.3500,49.3400,49.3500,2400
1466780580,49.3600,49.3600,49.3420,49.3500,2300
1466780685,49.3100,49.3400,49.3100,49.3400,900
1466780702,49.3500,49.3500,49.3200,49.3200,7100
1466780760,49.3300,49.3499,49.3300,49.3499,6100
1466780821,49.3500,49.3500,49.3200,49.3400,8600
1466780937,49.3900,49.3900,49.3600,49.3600,6600
1466780995,49.4100,49.4100,49.3900,49.3900,2000
1466781002,49.3735,49.4100,49.3735,49.4100,5500
1466781075,49.4090,49.4090,49.3600,49.3600,7100
1466781174,49.4090,49.4090,49.3800,49.4000,5600
1466781229,49.3959,49.4000,49.3800,49.4000,3100
1466781244,49.4100,49.4190,49.3900,49.4000,5300
1466781352,49.4090,49.4090,49.3860,49.3900,2800
1466781415,49.3790,49.4000,49.3790,49.4000,1800
1466781423,49.3390,49.3700,49.3390,49.3700,2400
1466781539,49.3600,49.3600,49.3300,49.3300,6200
1466781555,49.3600,49.3600,49.3518,49.3518,3000
1466781602,49.3400,49.3490,49.3400,49.3490,4100
1466781686,49.3300,49.3300,49.3300,49.3300,200
1466781777,49.3100,49.3200,49.3000,49.3000,5500
1466781784,49.2900,49.3000,49.2800,49.3000,10700
1466781897,49.2701,49.2890,49.2700,49.2890,5500
1466781959,49.2600,49.2790,49.2500,49.2790,7800
1466781965,49.2700,49.2800,49.2500,49.2500,6700
1466782026,49.2890,49.2900,49.2750,49.2756,1100
1466782135,49.3200,49.3200,49.2859,49.2900,8200
1466782145,49.3460,49.3460,49.3200,49.3200,6800
1466782252,49.3500,49.3600,49.3443,49.3600,2700
1466782260,49.3590,49.3590,49.3490,49.3580,2300
1466782322,49.3943,49.4000,49.3543,49.3543,8100
1466782390,49.3500,49.3700,49.3500,49.3700,2900
1466782492,49.3300,49.3500,49.3200,49.3500,2400
1466782502,49.3490,49.3490,49.3400,49.3400,2100
1466782568,49.3390,49.3500,49.3300,49.3500,13900
1466782627,49.3390,49.3443,49.3200,49.3443,3800
1466782700,49.3180,49.3225,49.3143,49.3200,3000
1466782748,49.3499,49.3590,49.3400,49.3400,9200
1466782810,49.3500,49.3643,49.3500,49.3500,3600
1466782874,49.3300,49.3390,49.3300,49.3390,2000
1466782931,49.3500,49.3500,49.3390,49.3400,1600
1466783031,49.3200,49.3300,49.3099,49.3300,7900
1466783043,49.3500,49.3500,49.3300,49.3300,1300
1466783106,49.4300,49.4300,49.3700,49.3700,6100
1466783164,49.4088,49.4400,49.3901,49.4360,3400
1466783270,49.3600,49.3990,49.3600,49.3900,1500
1466783287,49.3490,49.3642,49.3490,49.3642,1000
1466783398,49.3391,49.3460,49.3300,49.3390,4200
1466783407,49.3200,49.3600,49.3200,49.3490,7300
1466783484,49.3299,49.3300,49.3000,49.3000,1800
1466783575,49.3200,49.3390,49.3188,49.3390,2300
1466783633,49.3300,49.3300,49.3090,49.3100,6500
1466783645,49.3100,49.3224,49.3100,49.3224,1400
1466783759,49.3390,49.3400,49.3300,49.3300,5100
1466783765,49.3480,49.3500,49.3400,49.3499,1200
1466783877,49.3399,49.3490,49.3399,49.3400,2500
1466783883,49.3400,49.3426,49.3400,49.3426,1400
1466783948,49.3700,49.3700,49.3342,49.3400,2100
1466784056,49.3700,49.3710,49.3600,49.3642,4600
1466784115,49.3642,49.3795,49.3600,49.3790,19100
1466784129,49.3799,49.3799,49.3780,49.3780,500
1466784238,49.3300,49.3600,49.3200,49.3600,5700
1466784241,49.3100,49.3300,49.3100,49.3300,1800
1466784342,49.3290,49.3290,49.3280,49.3280,200
1466784376,49.3110,49.3110,49.3100,49.3100,2200
1466784424,49.3190,49.3199,49.3100,49.3100,1100
1466784531,49.3159,49.3200,49.3159,49.3200,2800
1466784580,49.2835,49.2900,49.2835,49.2900,2700
1466784604,49.2400,49.2650,49.2400,49.2650,16900
1466784677,49.2341,49.2400,49.2182,49.2300,7600
1466784743,49.2100,49.2300,49.2100,49.2300,1500
1466784785,49.1882,49.2100,49.1882,49.2010,8400
1466784894,49.2100,49.2150,49.1935,49.1935,43300
1466784908,49.2000,49.2150,49.2000,49.2141,10100
1466784965,49.2180,49.2180,49.2088,49.2088,200
1466785077,49.2100,49.2100,49.2000,49.2100,7400
1466785080,49.2100,49.2215,49.2086,49.2100,2000
1466785150,49.2100,49.2100,49.1900,49.2000,14100
1466785243,49.2300,49.2300,49.2200,49.2200,3500
1466785269,49.2300,49.2300,49.2200,49.2200,1000
1466785338,49.2600,49.2600,49.2200,49.2200,6000
1466785383,49.2300,49.2700,49.2300,49.2700,2000
1466785504,49.2360,49.2390,49.2290,49.2290,1300
1466785582,49.2490,49.2490,49.2300,49.2359,1200
1466785675,49.2650,49.2653,49.2500,49.2500,2300
1466785694,49.2700,49.2700,49.2520,49.2600,5000
1466785742,49.2620,49.2620,49.2590,49.2590,1100
1466785803,49.2420,49.2590,49.2420,49.2590,700
1466785874,49.2700,49.2700,49.2559,49.2559,5400
1466785921,49.2559,49.2590,49.2500,49.2500,2100
1466785994,49.2150,49.2400,49.2100,49.2400,10200
1466786058,49.1900,49.2090,49.1900,49.2090,1100
1466786159,49.2090,49.2200,49.1900,49.1900,2700
1466786170,49.2090,49.2118,49.2000,49.2118,1600
1466786232,49.2100,49.2190,49.2100,49.2190,1500
1466786318,49.2000,49.2000,49.2000,49.2000,700
1466786351,49.2000,49.2000,49.2000,49.2000,100
1466786407,49.1800,49.1859,49.1790,49.1790,1100
1466786466,49.1643,49.1759,49.1643,49.1759,400
1466786575,49.1743,49.1900,49.1743,49.1900,1900
1466786593,49.1700,49.1899,49.1700,49.1899,2200
1466786679,49.1220,49.1600,49.1220,49.1600,5100
1466786758,49.0920,49.1400,49.0920,49.1400,8000
1466786766,49.1064,49.1100,49.0800,49.1000,13200
1466786853,49.0900,49.0999,49.0900,49.0999,3000
1466786933,49.0900,49.0900,49.0700,49.0800,16300
1466786953,49.0990,49.0990,49.0900,49.0900,1100
1466787010,49.1000,49.1047,49.0900,49.1000,5100
1466787084,49.0999,49.0999,49.0900,49.0900,3000
1466787123,49.0900,49.0990,49.0900,49.0990,5500
1466787181,49.0740,49.0800,49.0700,49.0800,7200
1466787299,49.1200,49.1200,49.0800,49.0800,8400
1466787306,49.1241,49.1241,49.1100,49.1200,1000
1466787413,49.1000,49.1210,49.0900,49.1210,3400
1466787420,49.0900,49.1090,49.0900,49.1000,4500
1466787487,49.0600,49.0747,49.0600,49.0747,1000
1466787583,49.1000,49.1000,49.0500,49.0600,7100
1466787654,49.0850,49.1000,49.0801,49.0928,4700
1466787660,49.1100,49.1300,49.0967,49.0967,2700
1466787735,49.1100,49.1100,49.1000,49.1100,1500
1466787787,49.1300,49.1300,49.1200,49.1200,7200
1466787864,49.1200,49.1250,49.1200,49.1250,500
1466787901,49.1000,49.1100,49.1000,49.1100,1000
1466787962,49.1100,49.1100,49.0840,49.0900,4400
1466788041,49.0701,49.1047,49.0701,49.1047,1200
1466788117,49.0680,49.0680,49.0680,49.0680,1600
1466788195,49.0690,49.0700,49.0690,49.0700,1700
1466788201,49.0800,49.0800,49.0600,49.0600,2700
1466788313,49.0600,49.0700,49.0600,49.0700,1900
1466788338,49.0747,49.0800,49.0747,49.0800,1300
1466788432,49.0900,49.0900,49.0900,49.0900,6700
1466788453,49.1400,49.1400,49.1000,49.1000,13700
1466788519,49.1400,49.1500,49.1400,49.1500,800
1466788616,49.1090,49.1300,49.1059,49.1300,2000
1466788626,49.0900,49.1199,49.0900,49.1199,1200
1466788730,49.1200,49.1290,49.1100,49.1100,3000
1466788753,49.1248,49.1290,49.1200,49.1290,2100
1466788807,49.1399,49.1500,49.1348,49.1348,7400
1466788910,49.1248,49.1248,49.1100,49.1200,3800
1466788965,49.1199,49.1200,49.1199,49.1200,600
1466789014,49.1048,49.1199,49.1000,49.1148,1100
1466789043,49.1318,49.1318,49.1000,49.1100,10600
1466789159,49.1200,49.1300,49.1200,49.1290,2600
1466789160,49.1200,49.1300,49.1100,49.1200,3800
1466789266,49.1400,49.1459,49.1300,49.1300,2400
1466789281,49.1200,49.1400,49.1200,49.1300,55200
1466789398,49.1450,49.1500,49.1201,49.1300,10800
1466789402,49.1400,49.1500,49.1400,49.1490,19100
1466789517,49.1500,49.1500,49.1400,49.1400,5500
1466789567,49.1900,49.1900,49.1500,49.1500,39900
1466789632,49.1900,49.2000,49.1900,49.2000,3400
1466789640,49.2000,49.2000,49.1999,49.1999,3500
1466789700,49.2300,49.2400,49.1800,49.1800,6100
1466789777,49.2200,49.2200,49.2200,49.2200,1700
1466789849,49.2390,49.2390,49.2259,49.2290,1500
1466789923,49.2400,49.2420,49.2300,49.2300,4400
1466789990,49.2248,49.2400,49.2248,49.2400,2700
1466790018,49.1940,49.2200,49.1940,49.2200,6600
1466790082,49.1900,49.1948,49.1900,49.1948,3200
1466790161,49.1700,49.1700,49.1700,49.1700,1600
1466790185,49.1900,49.1900,49.1796,49.1880,3000
1466790296,49.1800,49.2000,49.1800,49.1890,2900
1466790305,49.1600,49.1799,49.1600,49.1799,700
1466790362,49.1780,49.1800,49.1600,49.1690,9300
1466790456,49.1500,49.1700,49.1480,49.1700,2600
1466790536,49.1300,49.1401,49.1200,49.1400,2800
1466790550,49.1590,49.1590,49.1300,49.1300,2500
1466790601,49.1400,49.1618,49.1400,49.1600,3200
1466790681,49.1300,49.1490,49.1300,49.1490,4900
1466790779,49.1448,49.1499,49.1200,49.1200,1700
1466790785,49.1500,49.1580,49.1500,49.1500,3700
1466790848,49.1600,49.1600,49.1600,49.1600,500
1466790956,49.1700,49.1860,49.1700,49.1750,5500
1466790988,49.1600,49.1700,49.1600,49.1700,2100
1466791025,49.1500,49.1600,49.1500,49.1550,1400
1466791118,49.1300,49.1318,49.1300,49.1318,700
1466791147,49.1700,49.1700,49.1353,49.1353,5400
1466791202,49.2000,49.2000,49.1800,49.1800,5900
1466791267,49.2107,49.2107,49.2000,49.2000,4800
1466791357,49.2000,49.2090,49.2000,49.2090,800
1466791386,49.1759,49.2000,49.1700,49.2000,3900
1466791494,49.2000,49.2000,49.1900,49.1900,3000
1466791504,49.2000,49.2100,49.1900,49.2000,4000
1466791616,49.2000,49.2099,49.1975,49.2099,14500
1466791625,49.1800,49.1948,49.1800,49.1948,1500
1466791684,49.1600,49.1800,49.1600,49.1800,3200
1466791763,49.1899,49.1899,49.1700,49.1700,2100
1466791844,49.1900,49.2000,49.1900,49.2000,900
1466791865,49.1800,49.1990,49.1800,49.1948,2800
1466791941,49.1850,49.1900,49.1800,49.1890,1500
1466791989,49.1800,49.1890,49.1800,49.1890,1400
1466792049,49.2000,49.2090,49.1900,49.1900,6000
1466792119,49.1850,49.1900,49.1850,49.1900,300
1466792160,49.1300,49.1690,49.1300,49.1600,5400
1466792231,49.1390,49.1390,49.1353,49.1360,5200
1466792331,49.1400,49.1448,49.1390,49.1390,3200
1466792340,49.1400,49.1463,49.1400,49.1463,6200
1466792402,49.1100,49.1300,49.1100,49.1200,10000
1466792472,49.1090,49.1190,49.1000,49.1190,3100
1466792532,49.0700,49.1000,49.0700,49.1000,3800
1466792583,49.0400,49.0690,49.0400,49.0610,7700
1466792699,49.0490,49.0590,49.0490,49.0490,2700
1466792704,49.0490,49.0500,49.0348,49.0449,4000
1466792761,49.0787,49.0800,49.0599,49.0599,12200
1466792828,49.0499,49.0790,49.0459,49.0790,3700
1466792894,49.0349,49.0460,49.0349,49.0460,1700
1466792999,49.0400,49.0400,49.0380,49.0390,1500
1466793003,49.0000,49.0349,49.0000,49.0349,19100
1466793089,48.9800,48.9900,48.9800,48.9900,9600
1466793128,48.9720,48.9800,48.9649,48.9800,33400
1466793213,48.9500,48.9699,48.9500,48.9699,3400
1466793251,48.9500,48.9590,48.9400,48.9500,15100
1466793353,48.9300,48.9520,48.9300,48.9520,2100
1466793360,48.9400,48.9500,48.9200,48.9200,11400
1466793426,48.9300,48.9490,48.9110,48.9300,5900
1466793488,48.9687,48.9699,48.9400,48.9400,24700
1466793599,48.9750,48.9900,48.9620,48.9700,7600
1466793601,48.9600,48.9790,48.9600,48.9700,9700
1466793664,48.9790,48.9790,48.9600,48.9600,200
1466793725,49.0000,49.0000,48.9800,48.9800,14200
1466793794,48.9800,48.9800,48.9700,48.9700,3100
1466793870,48.9600,48.9640,48.9600,48.9640,1700
1466793914,48.9300,48.9400,48.9200,48.9400,2200
1466793971,48.9300,48.9300,48.9249,48.9249,3300
1466794033,48.9100,48.9499,48.9100,48.9400,3200
1466794087,48.9600,48.9600,48.9400,48.9400,6600
1466794198,48.9700,48.9700,48.9500,48.9500,9500
1466794207,48.9859,48.9900,48.9700,48.9700,6200
1466794318,48.9500,48.9800,48.9500,48.9800,4600
1466794326,48.9800,48.9900,48.9500,48.9500,7900
1466794426,48.9850,48.9900,48.9850,48.9900,1600
1466794440,49.0424,49.0449,48.9920,49.0000,14800
1466794512,49.0749,49.0949,49.0500,49.0500,9600
1466794608,49.0800,49.1000,49.0800,49.1000,1600
1466794664,49.0500,49.0800,49.0500,49.0800,1800
1466794730,49.0449,49.0620,49.0400,49.0620,1300
1466794749,49.0250,49.0359,49.0250,49.0359,3000
1466794811,49.0200,49.0300,49.0000,49.0000,4700
1466794916,49.0200,49.0200,49.0200,49.0200,9600
1466794920,49.0600,49.0610,49.0300,49.0300,5600
1466795038,49.0190,49.0659,49.0149,49.0649,3400
1466795043,49.0200,49.0200,48.9990,49.0100,6300
1466795151,49.0100,49.0300,49.0000,49.0300,2500
1466795168,48.9900,49.0100,48.9900,49.0100,1800
1466795233,49.0000,49.0000,48.9820,48.9859,5300
1466795288,48.9859,49.0100,48.9859,49.0090,2200
1466795341,48.9849,48.9899,48.9759,48.9899,5800
1466795451,48.9400,48.9700,48.9400,48.9700,3400
1466795464,48.9300,48.9400,48.9300,48.9390,8800
1466795574,48.8900,48.9390,48.8900,48.9390,3200
1466795591,48.8799,48.8962,48.8799,48.8962,6300
1466795695,48.8950,48.8950,48.8600,48.8749,12800
1466795700,48.8800,48.9000,48.8759,48.9000,1800
1466795781,48.8310,48.8700,48.8300,48.8700,4700
1466795823,48.8200,48.8350,48.8190,48.8200,14500
1466795882,48.8100,48.8280,48.8100,48.8101,7600
1466795966,48.7690,48.7800,48.7520,48.7520,8600
1466796008,48.7949,48.7960,48.7700,48.7700,22300
1466796066,48.8499,48.8499,48.8000,48.8000,9500
1466796132,48.8500,48.8500,48.8301,48.8400,12700
1466796191,48.8590,48.8599,48.8400,48.8400,3300
1466796244,48.8100,48.8500,48.8100,48.8500,8700
1466796312,48.8500,48.8500,48.8259,48.8259,1600
1466796360,48.8190,48.8500,48.8100,48.8500,1700
1466796476,48.8199,48.8300,48.8099,48.8100,10800
1466796482,48.8199,48.8400,48.8199,48.8200,4200
1466796589,48.8300,48.8400,48.8250,48.8350,7400
1466796604,48.8290,48.8400,48.8190,48.8200,4500
1466796672,48.8500,48.8600,48.8400,48.8499,4000
1466796720,48.8562,48.8700,48.8562,48.8600,2400
1466796787,48.8600,48.8600,48.8200,48.8380,3600
1466796895,48.9050,48.9050,48.8690,48.8690,12000
1466796959,48.9599,48.9800,48.9059,48.9059,11700
1466796960,48.9487,48.9600,48.9400,48.9600,4700
1466797020,48.8999,48.9300,48.8900,48.9300,5500
1466797085,48.8725,48.8900,48.8700,48.8895,9600
1466797152,48.8800,48.8800,48.8550,48.8700,2100
1466797257,48.9050,48.9050,48.8690,48.8820,5800
1466797266,48.9790,48.9790,48.9000,48.9001,2000
1466797378,48.9700,48.9700,48.9400,48.9700,5200
1466797439,48.9900,48.9900,48.9550,48.9890,7400
1466797498,48.9700,48.9990,48.9500,48.9900,5200
1466797512,49.0000,49.0000,48.9580,48.9820,33300
1466797560,49.0000,49.0100,48.9900,48.9900,3800
1466797624,49.0100,49.0100,48.9725,48.9850,8200
1466797690,49.0600,49.0600,48.9959,49.0063,45600
1466797742,49.0220,49.0500,49.0220,49.0500,6900
1466797806,49.0420,49.0500,49.0299,49.0320,4600
1466797919,49.1213,49.1300,49.0700,49.0799,14200
1466797925,49.1200,49.1200,49.1000,49.1200,4400
1466798037,49.1000,49.1300,49.1000,49.1259,3900
1466798044,49.0800,49.0990,49.0700,49.0920,5400
1466798105,49.0800,49.0900,49.0800,49.0900,7200
1466798162,49.0200,49.0390,49.0190,49.0300,1900
1466798233,48.9799,49.0260,48.9700,49.0200,13800
1466798332,48.8999,48.9700,48.8999,48.9700,5200
1466798342,48.8700,48.9200,48.8650,48.9000,106400
1466798400,48.8900,48.8900,48.8900,48.8900,0
