uri:/instrument/1.0/VIA/chartdata;type=quote;range=1d/csv
ticker:via
Company-Name:Viacom Inc.
Exchange-Name:NMS
unit:MIN
timezone:EDT
currency:USD
gmtoffset:-14400
previous_close:48.8600
Timestamp:1466688600,1466712000
labels:1466690400,1466694000,1466697600,1466701200,1466704800,1466708400,1466712000
values:Timestamp,close,high,low,open,volume
close:47.8500,49.3200
high:47.8500,49.3200
low:47.8500,49.3200
open:47.8500,49.3200
volume:100,2100
1466688721,49.3200,49.3200,49.3200,49.3200,300
1466688781,49.0330,49.2300,49.0330,49.2300,1000
1466688871,48.9900,49.0300,48.9700,49.0300,900
1466689280,49.0000,49.0000,49.0000,49.0000,100
1466689416,48.9800,48.9800,48.9800,48.9800,1300
1466689703,48.7600,48.8800,48.7600,48.8800,200
1466689807,48.7700,48.7700,48.7700,48.7700,100
1466690025,48.6800,48.6800,48.6800,48.6800,100
1466690113,48.5900,48.5900,48.5800,48.5800,200
1466690458,48.4300,48.4300,48.4300,48.4300,100
1466690471,48.4600,48.4600,48.4600,48.4600,100
1466690769,48.5000,48.5000,48.5000,48.5000,500
1466690888,48.4200,48.4200,48.4200,48.4200,200
1466691002,48.4100,48.4100,48.4100,48.4100,100
1466691141,48.5100,48.5100,48.3300,48.3500,1600
1466691268,48.2500,48.3200,48.2500,48.3200,900
1466691631,48.2900,48.2900,48.2900,48.2900,200
1466691767,48.2900,48.2900,48.2900,48.2900,200
1466691786,48.3100,48.3100,48.1983,48.1983,600
1466692054,48.1200,48.1200,48.1200,48.1200,100
1466692175,48.2434,48.2434,48.2434,48.2434,200
1466692422,48.2352,48.2352,48.2352,48.2352,1000
1466692441,48.1200,48.1400,48.1200,48.1400,300
1466692571,48.1100,48.1200,48.1100,48.1200,300
1466693076,48.2200,48.2200,48.2100,48.2100,600
1466693262,48.1650,48.1650,48.1650,48.1650,100
1466693334,48.1724,48.1724,48.1724,48.1724,100
1466693430,48.2200,48.2200,48.2200,48.2200,600
1466694020,48.2552,48.2552,48.2552,48.2552,200
1466694106,48.3000,48.3000,48.3000,48.3000,700
1466694238,48.2800,48.3000,48.2800,48.3000,300
1466694593,48.2100,48.2100,48.1900,48.2100,900
1466694984,48.3000,48.3000,48.3000,48.3000,300
1466695042,48.3000,48.3000,48.3000,48.3000,200
1466695159,48.3000,48.3000,48.3000,48.3000,100
1466695245,48.2440,48.2440,48.2300,48.2300,400
1466695285,48.2500,48.2500,48.2500,48.2500,100
1466695512,48.2200,48.2200,48.2200,48.2200,200
1466695677,48.2500,48.2500,48.2500,48.2500,100
1466696087,48.2900,48.3000,48.2800,48.2800,500
1466696115,48.3000,48.3000,48.3000,48.3000,100
1466696219,48.3000,48.3000,48.3000,48.3000,100
1466696252,48.3000,48.3000,48.3000,48.3000,200
1466696340,48.2936,48.3000,48.2936,48.3000,1700
1466696462,48.2400,48.2400,48.2400,48.2400,800
1466696559,48.2900,48.2900,48.2900,48.2900,100
1466696670,48.2700,48.2700,48.2700,48.2700,200
1466696791,48.2700,48.2700,48.2700,48.2700,100
1466696882,48.2800,48.2800,48.2800,48.2800,100
1466696941,48.2900,48.2900,48.2900,48.2900,200
1466697008,48.3000,48.3000,48.3000,48.3000,300
1466697127,48.3000,48.3000,48.3000,48.3000,100
1466697208,48.3000,48.3000,48.3000,48.3000,100
1466697265,48.2025,48.2100,48.1700,48.2100,1000
1466697339,48.3000,48.3000,48.3000,48.3000,100
1466697458,48.2800,48.2800,48.2800,48.2800,100
1466697526,48.3000,48.3000,48.3000,48.3000,100
1466697596,48.3000,48.3000,48.3000,48.3000,100
1466697612,48.3000,48.3000,48.3000,48.3000,200
1466697672,48.3000,48.3000,48.3000,48.3000,100
1466697745,48.3000,48.3000,48.3000,48.3000,100
1466697793,48.3000,48.3000,48.2900,48.2900,700
1466697996,48.2604,48.3000,48.2604,48.3000,300
1466698065,48.3000,48.3000,48.3000,48.3000,1200
1466698126,48.3000,48.3000,48.3000,48.3000,100
1466698280,48.2401,48.2401,48.2401,48.2401,500
1466698496,48.3000,48.3000,48.3000,48.3000,700
1466698545,48.3000,48.3000,48.2900,48.2900,600
1466698594,48.2900,48.2900,48.2900,48.2900,100
1466698646,48.2800,48.2900,48.2800,48.2900,300
1466699182,48.2300,48.2300,48.2300,48.2300,300
1466699408,48.1520,48.1520,48.1520,48.1520,100
1466699567,48.2490,48.2490,48.2490,48.2490,200
1466699678,48.2300,48.2300,48.2300,48.2300,100
1466699707,48.2700,48.2700,48.2700,48.2700,100
1466700190,48.2040,48.2040,48.2040,48.2040,100
1466700477,48.2750,48.2750,48.2100,48.2100,400
1466700812,48.2800,48.2800,48.2800,48.2800,500
1466700945,48.3000,48.3000,48.3000,48.3000,200
1466701147,48.2900,48.2900,48.2900,48.2900,200
1466701778,48.2400,48.2950,48.2400,48.2800,600
1466701855,48.3000,48.3000,48.3000,48.3000,300
1466701891,48.2900,48.3000,48.2900,48.3000,200
1466702015,48.2800,48.2900,48.2800,48.2900,500
1466702080,48.3000,48.3000,48.2900,48.2900,700
1466702494,48.3000,48.3000,48.3000,48.3000,600
1466702585,48.2800,48.2800,48.2800,48.2800,200
1466702695,48.3000,48.3000,48.3000,48.3000,100
1466702753,48.3000,48.3000,48.3000,48.3000,600
1466702858,48.3000,48.3000,48.3000,48.3000,800
1466703012,48.2900,48.2900,48.2900,48.2900,600
1466703606,48.2859,48.2859,48.2859,48.2859,300
1466703804,48.2900,48.2900,48.2900,48.2900,100
1466703914,48.3000,48.3000,48.3000,48.3000,500
1466704176,48.1900,48.2300,48.1900,48.2300,1200
1466704714,48.1400,48.1400,48.1400,48.1400,100
1466704922,48.2100,48.2100,48.2000,48.2000,600
1466705180,48.1700,48.1700,48.1700,48.1700,300
1466705319,48.1400,48.1400,48.1400,48.1400,100
1466705361,48.1400,48.1400,48.1400,48.1400,100
1466705838,48.1800,48.2700,48.1800,48.2700,300
1466705999,48.2000,48.2000,48.2000,48.2000,500
1466706020,48.1400,48.1400,48.1400,48.1400,300
1466706231,48.1100,48.1100,48.1100,48.1100,100
1466706596,48.1100,48.1100,48.1100,48.1100,600
1466707139,48.1245,48.1245,48.1245,48.1245,300
1466707330,48.1800,48.1800,48.1500,48.1500,200
1466707506,48.1100,48.1100,48.1100,48.1100,100
1466707707,48.0900,48.0900,48.0900,48.0900,200
1466708564,48.0001,48.0100,48.0001,48.0100,200
1466708677,48.0000,48.0100,48.0000,48.0000,1900
1466708749,47.9700,47.9700,47.9700,47.9700,200
1466708827,47.9500,47.9864,47.9500,47.9864,500
1466708933,47.9275,47.9275,47.9275,47.9275,200
1466709126,47.9371,47.9371,47.9371,47.9371,100
1466709501,47.9400,47.9400,47.9400,47.9400,300
1466709682,47.8600,47.9000,47.8600,47.9000,500
1466710404,47.8500,47.8500,47.8500,47.8500,1000
1466710457,47.9500,47.9500,47.9500,47.9500,100
1466710643,47.9007,47.9600,47.9007,47.9600,2100
1466710739,47.8900,47.8900,47.8900,47.8900,400
1466710987,47.9699,47.9699,47.9699,47.9699,300
1466711079,47.9700,47.9700,47.9700,47.9700,500
1466711200,47.9600,47.9700,47.9600,47.9700,600
1466711394,47.9600,47.9600,47.9600,47.9600,100
1466711400,48.0100,48.0200,48.0000,48.0000,600
1466711460,48.0272,48.0272,48.0272,48.0272,700
1466711684,48.0900,48.0900,48.0900,48.0900,100
1466711713,48.0800,48.0800,48.0800,48.0800,900
1466711769,48.0000,48.0400,48.0000,48.0400,300
1466711916,48.0800,48.1200,48.0700,48.0780,800
1466711946,48.1500,48.1500,48.0900,48.1005,1500
1466712000,48.1500,48.1500,48.1500,48.1500,200
