uri:/instrument/1.0/XLU/chartdata;type=quote;range=1d/csv
ticker:xlu
Company-Name:SPDR Select Sector Fund - Utili
Exchange-Name:PCX
unit:MIN
timezone:EDT
currency:USD
gmtoffset:-14400
previous_close:51.0300
Timestamp:1467120600,1467144000
labels:1467122400,1467126000,1467129600,1467133200,1467136800,1467140400,1467144000
values:Timestamp,close,high,low,open,volume
close:50.6400,51.2400
high:50.6600,51.2500
low:50.6300,51.2200
open:50.6400,51.2300
volume:0,2538700
1467120612,50.8400,51.0400,50.8300,50.9900,213300
1467120719,50.7300,50.8400,50.7300,50.7800,137300
1467120777,50.6600,50.7200,50.6400,50.7200,83100
1467120838,50.6600,50.7000,50.6400,50.6500,138900
1467120898,50.7300,50.7900,50.6800,50.6800,107200
1467120959,50.9300,50.9300,50.7400,50.7400,74300
1467120962,50.9200,50.9300,50.8500,50.9300,141500
1467121079,50.9700,50.9700,50.9200,50.9300,31900
1467121139,51.0300,51.0350,50.9700,50.9700,56100
1467121198,51.0100,51.0800,50.9900,51.0500,61600
1467121257,51.0501,51.0600,50.9900,51.0200,55400
1467121317,51.0400,51.0800,51.0300,51.0600,54500
1467121377,51.0600,51.0899,51.0500,51.0500,35800
1467121439,51.0300,51.0663,50.9900,51.0663,84100
1467121499,51.0200,51.0611,51.0200,51.0400,29400
1467121501,51.0400,51.0500,51.0200,51.0200,44300
1467121617,51.0600,51.0700,51.0200,51.0400,47400
1467121620,51.0600,51.1050,51.0600,51.0700,54900
1467121735,51.0800,51.0941,51.0700,51.0800,39500
1467121790,51.0600,51.0900,51.0600,51.0800,27900
1467121803,51.0500,51.0700,51.0500,51.0600,20800
1467121919,51.0200,51.0600,51.0200,51.0550,24300
1467121976,51.0400,51.0401,51.0200,51.0300,35500
1467121984,51.0300,51.0500,51.0200,51.0400,20600
1467122098,51.0100,51.0200,50.9900,51.0200,32500
1467122156,50.9700,51.0000,50.9500,51.0000,44000
1467122217,50.9250,50.9700,50.9100,50.9700,103700
1467122278,50.8600,50.9200,50.8600,50.9200,66800
1467122339,50.7950,50.8700,50.7950,50.8600,129100
1467122340,50.7900,50.8000,50.7450,50.7950,97200
1467122453,50.7800,50.8100,50.7601,50.8000,177100
1467122462,50.7600,50.7700,50.7500,50.7700,40800
1467122577,50.7101,50.7800,50.7100,50.7500,56000
1467122583,50.7100,50.7300,50.7100,50.7150,22700
1467122698,50.7200,50.7200,50.6900,50.7150,23900
1467122755,50.7450,50.7600,50.7200,50.7200,31600
1467122819,50.7200,50.7495,50.6970,50.7300,32400
1467122878,50.7600,50.7600,50.7200,50.7200,17000
1467122939,50.7600,50.8000,50.7500,50.7900,66000
1467122999,50.7500,50.7700,50.7500,50.7700,14300
1467123058,50.7400,50.7500,50.7200,50.7500,8600
1467123119,50.7200,50.7500,50.7200,50.7400,24500
1467123121,50.6950,50.7200,50.6950,50.7200,23000
1467123184,50.7200,50.7200,50.6900,50.7000,23600
1467123298,50.7300,50.7401,50.7100,50.7300,69700
1467123359,50.7100,50.7300,50.7050,50.7300,20400
1467123417,50.6900,50.7100,50.6700,50.7050,28200
1467123479,50.6625,50.6900,50.6500,50.6900,41600
1467123532,50.6650,50.6700,50.6400,50.6510,24000
1467123545,50.6800,50.6800,50.6600,50.6600,25400
1467123654,50.6810,50.6950,50.6800,50.6800,24100
1467123661,50.6600,50.6800,50.6400,50.6800,40300
1467123779,50.6700,50.6800,50.6500,50.6600,36600
1467123839,50.6400,50.6800,50.6400,50.6700,52900
1467123840,50.6550,50.6610,50.6300,50.6400,30600
1467123916,50.6850,50.7000,50.6534,50.6534,31700
1467123963,50.6600,50.7000,50.6500,50.6950,48900
1467124076,50.6600,50.6700,50.6500,50.6600,15900
1467124132,50.6500,50.6600,50.6400,50.6500,11700
1467124199,50.6600,50.6600,50.6300,50.6450,11900
1467124251,50.7200,50.7200,50.6600,50.6600,28500
1467124314,50.7250,50.7250,50.7150,50.7200,14500
1467124377,50.7600,50.7700,50.7300,50.7300,35000
1467124436,50.7650,50.7700,50.7300,50.7600,19400
1467124493,50.8200,50.8200,50.7600,50.7600,18400
1467124555,50.8000,50.8100,50.7900,50.8100,17500
1467124613,50.8000,50.8000,50.7850,50.7900,4800
1467124679,50.8225,50.8300,50.6500,50.8000,55600
1467124728,50.7800,50.8200,50.7800,50.8200,24400
1467124795,50.8200,50.8300,50.7800,50.7800,47300
1467124852,50.8300,50.8400,50.8100,50.8150,30000
1467124918,50.8300,50.8400,50.8200,50.8300,36000
1467124978,50.8500,50.8500,50.8200,50.8300,17800
1467125036,50.8650,50.8800,50.8560,50.8600,25700
1467125092,50.8544,50.8650,50.8401,50.8600,15700
1467125106,50.8300,50.8500,50.8201,50.8500,20500
1467125210,50.8310,50.8400,50.8100,50.8300,9300
1467125279,50.8500,50.8500,50.8200,50.8300,17100
1467125334,50.8700,50.8700,50.8400,50.8401,22500
1467125340,50.8900,50.9150,50.8700,50.8800,35300
1467125458,50.9200,50.9275,50.8950,50.8986,62800
1467125480,50.9250,50.9350,50.9200,50.9300,8400
1467125577,50.9265,50.9300,50.9100,50.9200,14500
1467125632,50.9200,50.9300,50.9100,50.9300,9700
1467125667,50.9400,50.9400,50.9250,50.9300,7800
1467125702,50.9400,50.9500,50.9300,50.9499,7100
1467125814,50.9200,50.9341,50.9100,50.9341,16400
1467125876,50.9000,50.9199,50.8900,50.9199,21700
1467125939,50.9000,50.9050,50.8900,50.9000,69100
1467125997,50.8900,50.9000,50.8750,50.8950,18500
1467126058,50.8726,50.8900,50.8726,50.8850,13600
1467126119,50.8550,50.8750,50.8500,50.8750,16800
1467126179,50.8600,50.8700,50.8400,50.8600,17000
1467126180,50.8600,50.8650,50.8500,50.8600,11800
1467126246,50.8350,50.8600,50.8300,50.8600,12500
1467126358,50.8300,50.8379,50.8260,50.8300,8200
1467126419,50.8200,50.8300,50.8150,50.8300,11800
1467126420,50.8201,50.8400,50.8164,50.8164,14700
1467126539,50.8400,50.8400,50.8200,50.8200,15800
1467126599,50.8000,50.8400,50.7900,50.8400,19200
1467126600,50.8050,50.8200,50.7934,50.8000,17200
1467126716,50.8150,50.8150,50.8100,50.8100,3000
1467126721,50.8500,50.8600,50.8100,50.8100,55400
1467126839,50.8600,50.8799,50.8500,50.8550,17700
1467126841,50.8636,50.8636,50.8450,50.8500,6900
1467126947,50.8960,50.8960,50.8618,50.8700,18100
1467126960,50.8600,50.8900,50.8600,50.8900,5500
1467127077,50.8800,50.8900,50.8600,50.8600,14100
1467127085,50.8900,50.9000,50.8870,50.8870,9200
1467127199,50.8900,50.8900,50.8750,50.8800,7900
1467127259,50.8885,50.8972,50.8800,50.8934,13500
1467127319,50.8963,50.9200,50.8850,50.8900,20400
1467127377,50.9000,50.9000,50.8900,50.9000,3900
1467127395,50.8700,50.8800,50.8650,50.8800,4100
1467127445,50.8700,50.8700,50.8600,50.8600,8200
1467127553,50.8750,50.8760,50.8600,50.8700,10000
1467127561,50.9000,50.9000,50.8800,50.8800,8100
1467127677,50.8900,50.9100,50.8801,50.8900,19400
1467127690,50.8700,50.8866,50.8650,50.8866,11100
1467127799,50.9000,50.9000,50.8700,50.8700,63300
1467127855,50.9000,50.9050,50.8900,50.9050,9400
1467127862,50.9000,50.9000,50.8800,50.8900,13600
1467127924,50.9200,50.9200,50.8950,50.9000,9400
1467127984,50.9300,50.9400,50.9100,50.9200,21300
1467128097,50.9201,50.9400,50.9100,50.9300,7600
1467128155,50.9250,50.9300,50.9150,50.9200,6100
1467128210,50.9300,50.9400,50.9200,50.9200,25400
1467128275,50.9200,50.9300,50.9150,50.9300,10800
1467128336,50.9100,50.9200,50.9100,50.9200,13600
1467128390,50.9262,50.9350,50.9100,50.9100,29000
1467128456,50.9200,50.9259,50.9200,50.9200,6600
1467128517,50.9300,50.9300,50.9200,50.9200,22400
1467128521,50.9300,50.9350,50.9250,50.9250,6200
1467128639,50.9600,50.9600,50.9300,50.9300,11400
1467128640,50.9800,50.9900,50.9650,50.9700,26700
1467128754,51.0100,51.0100,50.9750,50.9770,37200
1467128819,51.0000,51.0100,50.9900,51.0100,26600
1467128878,51.0200,51.0400,51.0000,51.0000,56800
1467128924,50.9900,51.0200,50.9900,51.0200,41400
1467128997,51.0000,51.0000,50.9800,50.9900,13600
1467129059,50.9800,51.0050,50.9750,50.9950,14100
1467129101,50.9900,51.0000,50.9700,50.9800,18200
1467129179,50.9900,51.0000,50.9900,51.0000,7200
1467129235,51.0000,51.0000,50.9900,50.9900,11500
1467129240,51.0000,51.0150,50.9930,50.9930,26500
1467129329,50.9963,51.0050,50.9900,50.9900,17300
1467129366,51.0050,51.0100,50.9900,50.9900,9800
1467129426,51.0100,51.0110,51.0000,51.0000,27600
1467129538,51.0300,51.0350,51.0100,51.0100,46700
1467129540,51.0600,51.0600,51.0300,51.0300,49500
1467129600,51.0300,51.0500,51.0300,51.0500,12900
1467129699,51.0400,51.0500,51.0300,51.0300,12700
1467129772,51.0200,51.0301,51.0200,51.0300,8400
1467129839,51.0450,51.0500,51.0250,51.0300,22600
1467129898,51.0400,51.0650,51.0400,51.0450,39600
1467129955,51.0400,51.0600,51.0350,51.0400,16900
1467130019,51.0250,51.0450,51.0250,51.0400,7200
1467130034,51.0350,51.0400,51.0200,51.0250,38800
1467130135,51.0150,51.0350,51.0100,51.0300,5200
1467130144,51.0100,51.0150,50.9900,51.0100,6400
1467130202,51.0300,51.0300,51.0100,51.0100,8700
1467130308,51.0100,51.0250,51.0000,51.0200,9300
1467130376,51.0100,51.0250,51.0000,51.0050,21900
1467130435,51.0200,51.0290,51.0100,51.0200,6900
1467130498,51.0200,51.0300,51.0150,51.0200,44000
1467130559,51.0500,51.0500,51.0200,51.0240,9400
1467130562,51.0500,51.0600,51.0400,51.0500,18500
1467130676,51.0300,51.0500,51.0300,51.0450,22200
1467130739,51.0250,51.0300,51.0200,51.0265,5800
1467130743,51.0350,51.0400,51.0300,51.0300,20600
1467130801,51.0500,51.0500,51.0300,51.0350,23700
1467130919,51.0600,51.0690,51.0500,51.0500,27000
1467130979,51.0600,51.0700,51.0500,51.0600,15600
1467131039,51.0850,51.0900,51.0700,51.0700,35100
1467131096,51.0900,51.0990,51.0800,51.0900,8500
1467131157,51.0885,51.1000,51.0750,51.0877,14500
1467131214,51.0900,51.1050,51.0790,51.0800,45100
1467131271,51.0900,51.1000,51.0800,51.0950,14200
1467131337,51.0950,51.0985,51.0785,51.0985,19100
1467131340,51.1100,51.1100,51.0900,51.1000,48000
1467131411,51.0950,51.1000,51.0900,51.1000,3700
1467131519,51.1000,51.1100,51.0900,51.1000,2900
1467131522,51.1100,51.1100,51.1000,51.1000,11000
1467131618,51.1100,51.1100,51.1000,51.1000,11600
1467131699,51.1200,51.1300,51.1100,51.1200,18400
1467131759,51.1100,51.1260,51.1100,51.1250,3100
1467131811,51.1159,51.1159,51.1000,51.1100,11500
1467131873,51.1200,51.1350,51.1100,51.1101,33400
1467131938,51.1300,51.1400,51.1200,51.1300,14000
1467131999,51.1350,51.1350,51.1250,51.1300,6500
1467132049,51.1200,51.1400,51.1100,51.1350,22300
1467132117,51.1300,51.1450,51.1200,51.1240,16000
1467132137,51.1100,51.1250,51.1100,51.1250,24600
1467132238,51.1100,51.1250,51.1100,51.1100,16700
1467132296,51.1100,51.1200,51.1000,51.1100,28500
1467132353,51.1100,51.1250,51.1100,51.1171,20700
1467132361,51.1200,51.1300,51.1067,51.1067,15100
1467132424,51.1100,51.1300,51.1100,51.1300,13700
1467132535,51.1200,51.1300,51.1200,51.1200,11800
1467132543,51.1350,51.1350,51.1300,51.1300,4700
1467132607,51.1269,51.1400,51.1269,51.1386,16500
1467132719,51.1600,51.1700,51.1300,51.1300,16100
1467132778,51.1600,51.1750,51.1600,51.1700,7300
1467132839,51.1550,51.1700,51.1550,51.1600,6800
1467132848,51.1620,51.1750,51.1550,51.1600,11900
1467132958,51.1893,51.1893,51.1650,51.1650,8200
1467133019,51.1600,51.1850,51.1560,51.1800,15200
1467133079,51.1600,51.1700,51.1501,51.1600,5500
1467133132,51.1700,51.1750,51.1600,51.1610,8600
1467133140,51.1800,51.1850,51.1700,51.1700,5900
1467133259,51.1600,51.1900,51.1600,51.1900,8700
1467133303,51.1600,51.1600,51.1600,51.1600,1400
1467133379,51.1800,51.1800,51.1700,51.1800,11700
1467133436,51.1850,51.1850,51.1700,51.1700,6200
1467133492,51.1900,51.1900,51.1800,51.1856,7300
1467133549,51.1967,51.1967,51.1900,51.1900,2300
1467133614,51.1800,51.1950,51.1800,51.1900,15500
1467133679,51.2000,51.2000,51.1860,51.1900,7400
1467133718,51.1900,51.2000,51.1700,51.2000,17100
1467133796,51.1741,51.1800,51.1741,51.1800,5600
1467133852,51.1750,51.1770,51.1700,51.1770,700
1467133873,51.2000,51.2050,51.1700,51.1750,13400
1467133974,51.2000,51.2100,51.2000,51.2000,3000
1467134033,51.1900,51.2063,51.1800,51.2035,10500
1467134092,51.1800,51.1963,51.1800,51.1900,12300
1467134100,51.1800,51.2000,51.1800,51.1800,11200
1467134181,51.1865,51.1865,51.1800,51.1800,3800
1467134277,51.1750,51.1870,51.1700,51.1870,8400
1467134332,51.1500,51.1800,51.1500,51.1800,21800
1467134396,51.1600,51.1700,51.1500,51.1500,14200
1467134459,51.1500,51.1660,51.1500,51.1530,10100
1467134511,51.1400,51.1600,51.1400,51.1600,2200
1467134521,51.1550,51.1570,51.1400,51.1500,38000
1467134633,51.1200,51.1500,51.1200,51.1500,26800
1467134653,51.1100,51.1265,51.1100,51.1265,3200
1467134755,51.0900,51.1000,51.0700,51.1000,19100
1467134817,51.1050,51.1068,51.0950,51.0950,9500
1467134879,51.0999,51.1090,51.0900,51.1000,6500
1467134938,51.1200,51.1200,51.0908,51.0970,11500
1467134999,51.0900,51.1200,51.0800,51.1200,18300
1467135058,51.0559,51.0900,51.0300,51.0900,23900
1467135119,51.0400,51.0600,51.0300,51.0500,22400
1467135120,51.0600,51.0600,51.0400,51.0400,6800
1467135238,51.0600,51.1000,51.0500,51.0700,32100
1467135298,51.0500,51.0570,51.0500,51.0500,2400
1467135354,51.0500,51.0550,51.0400,51.0500,6300
1467135419,51.0400,51.0500,51.0400,51.0400,5800
1467135478,51.0350,51.0400,51.0350,51.0400,8900
1467135539,51.0200,51.0301,51.0100,51.0301,10500
1467135599,51.0400,51.0400,51.0200,51.0200,10500
1467135659,51.0450,51.0600,51.0331,51.0331,2538700
1467135661,51.0600,51.0600,51.0500,51.0500,6100
1467135776,51.0650,51.0700,51.0500,51.0500,7100
1467135837,51.0700,51.0750,51.0650,51.0700,6600
1467135888,51.1000,51.1000,51.0750,51.0750,1900
1467135905,51.0900,51.1050,51.0800,51.1000,11400
1467135962,51.0800,51.1100,51.0800,51.1000,4800
1467136020,51.0900,51.0900,51.0800,51.0800,9700
1467136137,51.0700,51.0850,51.0600,51.0800,9900
1467136198,51.0900,51.0950,51.0700,51.0700,10600
1467136206,51.1000,51.1000,51.0800,51.0900,9200
1467136319,51.0900,51.1150,51.0900,51.1100,10200
1467136367,51.1100,51.1136,51.1000,51.1000,10500
1467136380,51.1000,51.1150,51.1000,51.1100,6700
1467136490,51.0850,51.1000,51.0800,51.1000,8200
1467136557,51.0950,51.1000,51.0800,51.0800,18700
1467136611,51.0900,51.0950,51.0900,51.0900,8800
1467136670,51.0800,51.1050,51.0800,51.0900,11900
1467136739,51.0700,51.0900,51.0700,51.0885,13700
1467136798,51.0800,51.0800,51.0690,51.0700,24300
1467136859,51.0700,51.0800,51.0600,51.0750,14400
1467136919,51.0800,51.0950,51.0700,51.0700,32400
1467136979,51.0850,51.0850,51.0600,51.0800,13600
1467137035,51.0400,51.0850,51.0400,51.0800,7200
1467137040,51.0300,51.0500,51.0300,51.0400,6100
1467137158,51.0200,51.0400,51.0150,51.0300,10800
1467137160,51.0300,51.0350,51.0200,51.0200,9500
1467137279,51.0400,51.0400,51.0226,51.0300,8800
1467137287,51.0400,51.0450,51.0300,51.0400,8900
1467137363,51.0300,51.0350,51.0200,51.0300,11000
1467137458,51.0350,51.0400,51.0200,51.0300,34800
1467137460,51.0300,51.0300,51.0200,51.0300,6600
1467137579,51.0300,51.0400,51.0300,51.0300,6600
1467137585,51.0200,51.0250,51.0125,51.0200,8700
1467137697,51.0300,51.0350,51.0101,51.0200,23300
1467137714,51.0600,51.0600,51.0300,51.0300,7100
1467137772,51.0600,51.0699,51.0500,51.0500,9600
1467137879,51.0600,51.0800,51.0501,51.0600,14700
1467137920,51.0600,51.0650,51.0523,51.0600,5200
1467137998,51.0800,51.0800,51.0600,51.0600,12200
1467138058,51.0800,51.0900,51.0664,51.0800,9500
1467138118,51.0900,51.0900,51.0600,51.0750,8400
1467138177,51.0900,51.0900,51.0800,51.0800,12500
1467138237,51.0941,51.1100,51.0900,51.0900,43800
1467138286,51.0936,51.1000,51.0800,51.0950,7100
1467138358,51.0750,51.1000,51.0650,51.1000,16000
1467138418,51.0850,51.0861,51.0700,51.0700,9500
1467138479,51.0890,51.0900,51.0800,51.0870,2900
1467138539,51.1000,51.1065,51.0850,51.0870,13500
1467138593,51.1010,51.1100,51.0965,51.0999,11400
1467138601,51.1000,51.1150,51.1000,51.1000,21700
1467138719,51.0929,51.1100,51.0929,51.1100,5200
1467138721,51.1200,51.1300,51.0850,51.0900,29400
1467138838,51.1110,51.1250,51.1100,51.1200,10800
1467138840,51.1300,51.1350,51.1150,51.1150,10000
1467138958,51.1000,51.1200,51.1000,51.1200,6900
1467139018,51.1200,51.1200,51.1000,51.1099,17300
1467139020,51.1300,51.1300,51.1200,51.1200,10900
1467139083,51.1250,51.1370,51.1190,51.1300,11200
1467139199,51.1100,51.1300,51.1100,51.1200,8600
1467139210,51.1100,51.1101,51.1000,51.1100,11000
1467139318,51.1100,51.1250,51.1100,51.1150,31600
1467139366,51.1300,51.1300,51.1100,51.1100,24100
1467139437,51.1300,51.1400,51.1200,51.1200,10800
1467139447,51.1450,51.1500,51.1300,51.1300,5800
1467139559,51.1500,51.1550,51.1434,51.1500,14200
1467139562,51.1250,51.1700,51.1250,51.1500,33200
1467139679,51.1100,51.1300,51.1100,51.1250,19100
1467139682,51.1500,51.1500,51.1195,51.1195,178300
1467139792,51.1600,51.1690,51.1500,51.1600,24600
1467139847,51.1700,51.1900,51.1570,51.1650,36800
1467139919,51.1750,51.1850,51.1650,51.1700,7500
1467139979,51.1600,51.1700,51.1500,51.1700,12200
1467139980,51.1735,51.1800,51.1500,51.1600,21100
1467140045,51.1900,51.1950,51.1800,51.1800,12600
1467140155,51.1900,51.2000,51.1750,51.1900,19800
1467140161,51.1969,51.2100,51.1800,51.1800,37500
1467140278,51.1850,51.2000,51.1800,51.1900,42400
1467140282,51.1800,51.1900,51.1760,51.1890,29400
1467140397,51.1800,51.2000,51.1800,51.1900,15000
1467140457,51.1600,51.1800,51.1600,51.1800,8500
1467140516,51.1500,51.1750,51.1500,51.1600,11100
1467140577,51.1500,51.1600,51.1500,51.1500,11000
1467140632,51.1450,51.1580,51.1400,51.1580,13200
1467140699,51.1400,51.1500,51.1400,51.1500,10100
1467140749,51.1600,51.1600,51.1400,51.1400,22100
1467140811,51.1500,51.1650,51.1500,51.1600,14200
1467140879,51.1300,51.1450,51.1300,51.1418,8400
1467140924,51.1400,51.1400,51.1200,51.1300,10200
1467140998,51.1000,51.1400,51.1000,51.1400,16800
1467141056,51.1100,51.1250,51.1000,51.1000,11200
1467141114,51.1100,51.1250,51.1100,51.1200,11700
1467141129,51.1400,51.1400,51.1100,51.1100,11900
1467141239,51.1550,51.1650,51.1300,51.1350,28300
1467141290,51.1500,51.1650,51.1400,51.1500,8300
1467141304,51.1400,51.1600,51.1400,51.1500,21300
1467141369,51.1300,51.1450,51.1200,51.1400,14100
1467141421,51.1250,51.1400,51.1200,51.1300,18600
1467141534,51.1200,51.1359,51.1199,51.1250,41700
1467141540,51.1100,51.1250,51.1000,51.1200,11700
1467141655,51.1250,51.1250,51.1100,51.1101,13200
1467141660,51.1300,51.1400,51.1200,51.1250,12600
1467141774,51.1300,51.1400,51.1150,51.1350,16100
1467141781,51.1100,51.1300,51.1100,51.1300,5300
1467141898,51.1100,51.1300,51.1100,51.1141,18800
1467141955,51.1000,51.1299,51.1000,51.1100,24600
1467142017,51.1000,51.1001,51.0800,51.1000,20300
1467142078,51.0900,51.1200,51.0900,51.0989,15300
1467142086,51.1000,51.1050,51.0900,51.1000,14300
1467142192,51.1200,51.1200,51.1000,51.1000,7800
1467142257,51.1300,51.1300,51.1000,51.1200,20600
1467142316,51.1169,51.1250,51.1000,51.1200,12800
1467142321,51.1205,51.1300,51.1100,51.1150,9200
1467142439,51.0950,51.1300,51.0900,51.1300,42800
1467142498,51.1100,51.1100,51.0800,51.1000,26500
1467142559,51.1200,51.1200,51.1000,51.1050,21200
1467142618,51.1168,51.1250,51.1050,51.1150,17900
1467142679,51.1450,51.1450,51.1100,51.1100,12200
1467142738,51.1400,51.1550,51.1200,51.1500,22200
1467142791,51.1400,51.1700,51.1363,51.1400,31400
1467142801,51.1550,51.1600,51.1450,51.1450,16300
1467142864,51.1500,51.1600,51.1400,51.1500,18800
1467142977,51.1600,51.1600,51.1500,51.1500,16700
1467142981,51.1700,51.1800,51.1400,51.1550,55400
1467143098,51.1550,51.1750,51.1300,51.1700,32600
1467143100,51.1900,51.1900,51.1600,51.1600,36600
1467143161,51.1900,51.2100,51.1800,51.1900,29400
1467143222,51.2000,51.2050,51.1800,51.2000,28400
1467143338,51.1899,51.2100,51.1800,51.2000,36600
1467143399,51.2090,51.2100,51.1800,51.1850,34300
1467143401,51.2000,51.2100,51.2000,51.2050,75000
1467143519,51.1850,51.2000,51.1800,51.2000,18500
1467143579,51.1700,51.1900,51.1700,51.1800,31400
1467143580,51.1950,51.2000,51.1700,51.1700,34700
1467143697,51.2050,51.2100,51.1900,51.2000,37600
1467143759,51.2300,51.2400,51.2150,51.2200,62000
1467143819,51.2200,51.2400,51.2200,51.2300,48500
1467143879,51.2400,51.2400,51.2200,51.2200,55800
1467143938,51.2250,51.2350,51.2100,51.2300,69400
1467143941,51.2400,51.2500,51.2100,51.2250,1526000
1467144000,51.2200,51.2200,51.2200,51.2200,0
