uri:/instrument/1.0/XLU/chartdata;type=quote;range=1d/csv
ticker:xlu
Company-Name:SPDR Select Sector Fund - Utili
Exchange-Name:PCX
unit:MIN
timezone:EDT
currency:USD
gmtoffset:-14400
previous_close:50.3300
Timestamp:1466775000,1466798400
labels:1466776800,1466780400,1466784000,1466787600,1466791200,1466794800,1466798400
values:Timestamp,close,high,low,open,volume
close:49.9400,50.8600
high:49.9700,50.8600
low:49.8300,50.8400
open:49.8800,50.8599
volume:100,510400
1466775050,49.9400,49.9700,49.8300,49.8800,510400
1466775119,50.0200,50.0600,49.9100,49.9100,215400
1466775179,50.0500,50.0800,49.9600,50.0200,290200
1466775239,50.0600,50.0800,49.9800,50.0300,234300
1466775288,50.1701,50.1750,50.0500,50.0550,241300
1466775359,50.1500,50.2300,50.1400,50.1950,247700
1466775419,50.1299,50.1900,50.1000,50.1800,148800
1466775476,50.1100,50.1400,50.1000,50.1200,180700
1466775538,50.1600,50.1700,50.1000,50.1100,98000
1466775599,50.1300,50.1800,50.1000,50.1800,176900
1466775653,50.0200,50.1350,50.0200,50.1300,287400
1466775664,50.0500,50.0700,50.0000,50.0000,71000
1466775779,50.0700,50.0700,50.0400,50.0500,74500
1466775837,50.1300,50.1300,50.0650,50.0650,60000
1466775867,50.1600,50.1600,50.1400,50.1500,81900
1466775959,50.1300,50.1600,50.1200,50.1500,133700
1466776017,50.1500,50.1500,50.1200,50.1300,51800
1466776079,50.1000,50.1500,50.0900,50.1500,37800
1466776135,50.1700,50.1700,50.1000,50.1000,65600
1466776198,50.2000,50.2000,50.1600,50.1700,72800
1466776252,50.2300,50.2400,50.1901,50.2000,96600
1466776318,50.3000,50.3099,50.2500,50.2600,114600
1466776379,50.3600,50.3700,50.2900,50.3000,173200
1466776438,50.4400,50.4400,50.3600,50.3600,88300
1466776499,50.4500,50.4600,50.4200,50.4500,99400
1466776556,50.5100,50.5100,50.4500,50.4500,61700
1466776618,50.5622,50.5622,50.5100,50.5200,106900
1466776679,50.4900,50.5600,50.4900,50.5600,88800
1466776736,50.5600,50.5600,50.4900,50.4950,93400
1466776799,50.5800,50.5900,50.5500,50.5500,138900
1466776804,50.5500,50.5800,50.5500,50.5700,96800
1466776860,50.6801,50.6801,50.5600,50.5600,193500
1466776979,50.7000,50.7200,50.7000,50.7100,59100
1466777013,50.6700,50.7100,50.6700,50.7100,92300
1466777072,50.7500,50.7500,50.6900,50.7000,104300
1466777153,50.6800,50.7450,50.6450,50.7450,287800
1466777209,50.6800,50.6900,50.6700,50.6750,51200
1466777276,50.6850,50.6900,50.6300,50.6600,67100
1466777339,50.7200,50.7200,50.6800,50.6900,97100
1466777369,50.7100,50.7150,50.7000,50.7100,62200
1466777423,50.8190,50.8200,50.8100,50.8100,149100
1466777518,50.7400,50.8200,50.7400,50.8100,103100
1466777568,50.7300,50.7700,50.7300,50.7500,39500
1466777639,50.6800,50.7100,50.6700,50.7000,57000
1466777697,50.6400,50.6725,50.6300,50.6700,50200
1466777750,50.6300,50.6500,50.6100,50.6340,55200
1466777819,50.6000,50.6500,50.6000,50.6201,51400
1466777879,50.6050,50.6300,50.5850,50.6050,71800
1466777937,50.5800,50.6025,50.5700,50.6000,70500
1466777999,50.5350,50.5850,50.5200,50.5850,138700
1466778057,50.5100,50.5350,50.5100,50.5300,84800
1466778118,50.5400,50.5400,50.4900,50.5200,71000
1466778178,50.5300,50.5500,50.5150,50.5400,58700
1466778239,50.4800,50.5400,50.4800,50.5400,54500
1466778299,50.5397,50.5500,50.4600,50.4800,80700
1466778357,50.5800,50.5800,50.5400,50.5400,27800
1466778362,50.5700,50.5800,50.5500,50.5700,32300
1466778471,50.6000,50.6150,50.5600,50.5800,121000
1466778538,50.6550,50.6600,50.6100,50.6101,48800
1466778598,50.6300,50.6700,50.6300,50.6550,46100
1466778654,50.6700,50.6900,50.6299,50.6400,32600
1466778713,50.6700,50.6700,50.6500,50.6600,24600
1466778773,50.6600,50.6700,50.6500,50.6700,23200
1466778839,50.6300,50.6601,50.6300,50.6600,13900
1466778895,50.5800,50.6364,50.5800,50.6300,42100
1466778957,50.6200,50.6301,50.5800,50.5900,18200
1466779019,50.6101,50.6450,50.6000,50.6400,33000
1466779020,50.6336,50.6401,50.6000,50.6100,36500
1466779138,50.6300,50.6450,50.6100,50.6300,28500
1466779140,50.7100,50.7100,50.6300,50.6300,35900
1466779259,50.6300,50.7200,50.6300,50.7200,28500
1466779319,50.5800,50.6350,50.5800,50.6300,21600
1466779375,50.5700,50.5800,50.5301,50.5700,25500
1466779439,50.5600,50.5850,50.5400,50.5700,21700
1466779499,50.5600,50.5800,50.5500,50.5600,13700
1466779500,50.5400,50.5700,50.5400,50.5600,12900
1466779619,50.5601,50.5601,50.5300,50.5300,16900
1466779677,50.5400,50.5800,50.5300,50.5600,32900
1466779736,50.5500,50.5700,50.5500,50.5500,13200
1466779798,50.5850,50.5850,50.5400,50.5600,26900
1466779800,50.6200,50.6200,50.5850,50.5900,40900
1466779862,50.6100,50.6200,50.6000,50.6131,19800
1466779974,50.6190,50.6200,50.5900,50.6100,25900
1466779986,50.6341,50.6350,50.6100,50.6199,9700
1466780095,50.6800,50.6800,50.6300,50.6400,17000
1466780104,50.7100,50.7250,50.6950,50.6950,14100
1466780217,50.7200,50.7400,50.7100,50.7100,17900
1466780277,50.6600,50.7100,50.6500,50.7100,24400
1466780338,50.6800,50.7100,50.6700,50.6800,40100
1466780395,50.6500,50.6856,50.6500,50.6700,24500
1466780403,50.6300,50.6800,50.6300,50.6600,23500
1466780513,50.6200,50.6500,50.6100,50.6300,16400
1466780575,50.5800,50.6200,50.5700,50.6100,42600
1466780637,50.6000,50.6090,50.5900,50.5900,25000
1466780696,50.5600,50.6000,50.5500,50.6000,20600
1466780757,50.5800,50.6060,50.5500,50.5500,24100
1466780818,50.5800,50.5900,50.5600,50.5800,25500
1466780879,50.5800,50.5950,50.5500,50.5800,23100
1466780937,50.5900,50.6000,50.5800,50.5800,50800
1466780994,50.6000,50.6000,50.5750,50.5900,16500
1466781056,50.5800,50.6100,50.5800,50.6000,20000
1466781119,50.6100,50.6150,50.5700,50.5800,22300
1466781172,50.6100,50.6200,50.6000,50.6050,13600
1466781238,50.6400,50.6400,50.6100,50.6200,14200
1466781250,50.6500,50.6600,50.6400,50.6400,7200
1466781301,50.6400,50.6500,50.6300,50.6400,10700
1466781409,50.6237,50.6550,50.6200,50.6401,6500
1466781470,50.5900,50.6200,50.5900,50.6200,46800
1466781483,50.6200,50.6350,50.5900,50.5960,6700
1466781556,50.6300,50.6350,50.6300,50.6300,3900
1466781603,50.5900,50.6300,50.5900,50.6250,15000
1466781716,50.5900,50.6100,50.5900,50.5950,11100
1466781779,50.5900,50.6200,50.5800,50.6000,26500
1466781784,50.5900,50.6050,50.5800,50.5900,31300
1466781888,50.5500,50.5900,50.5300,50.5895,16900
1466781951,50.5200,50.5500,50.5200,50.5500,21700
1466782009,50.5600,50.5650,50.5200,50.5290,13000
1466782063,50.5600,50.5800,50.5600,50.5600,9000
1466782137,50.5750,50.6000,50.5650,50.5650,13600
1466782146,50.6000,50.6280,50.5800,50.5800,15100
1466782258,50.5950,50.6150,50.5800,50.5900,17400
1466782316,50.5932,50.6065,50.5900,50.5900,11500
1466782323,50.6300,50.6400,50.6000,50.6000,17100
1466782439,50.5800,50.6200,50.5800,50.6200,17400
1466782442,50.5700,50.5850,50.5600,50.5850,17400
1466782556,50.5600,50.5800,50.5572,50.5800,43200
1466782565,50.5700,50.5800,50.5600,50.5650,4800
1466782678,50.5500,50.5700,50.5400,50.5700,13200
1466782736,50.5400,50.5600,50.5400,50.5500,7600
1466782796,50.5451,50.5600,50.5400,50.5400,27400
1466782855,50.5500,50.5900,50.5400,50.5400,15500
1466782919,50.5500,50.5550,50.5400,50.5500,19400
1466782979,50.6239,50.6300,50.5600,50.5600,23700
1466783036,50.5900,50.6250,50.5800,50.6250,26700
1466783043,50.6500,50.6500,50.6000,50.6000,13500
1466783159,50.7100,50.7100,50.6500,50.6500,26300
1466783218,50.7100,50.7400,50.7000,50.7150,21200
1466783278,50.7200,50.7200,50.6800,50.7100,21500
1466783338,50.7073,50.7250,50.6900,50.7200,15600
1466783396,50.7100,50.7200,50.6900,50.7063,13100
1466783456,50.7100,50.7356,50.7100,50.7200,17300
1466783512,50.7200,50.7200,50.7000,50.7100,12500
1466783577,50.7200,50.7410,50.7100,50.7200,8900
1466783638,50.7180,50.7200,50.7000,50.7100,17500
1466783689,50.7000,50.7200,50.6950,50.7100,46200
1466783704,50.7250,50.7250,50.7100,50.7100,7100
1466783817,50.7200,50.7450,50.7000,50.7300,23400
1466783823,50.7000,50.7250,50.7000,50.7250,14600
1466783932,50.6800,50.7100,50.6800,50.7000,19600
1466783944,50.7100,50.7250,50.6800,50.6800,33700
1466784059,50.7200,50.7350,50.7100,50.7200,76900
1466784119,50.7300,50.7300,50.7200,50.7300,9800
1466784120,50.7250,50.7500,50.7200,50.7300,29800
1466784180,50.7200,50.7380,50.7042,50.7380,57600
1466784299,50.6950,50.7100,50.6700,50.7100,17200
1466784358,50.7000,50.7100,50.6800,50.6900,33900
1466784363,50.6800,50.7050,50.6790,50.7000,23700
1466784420,50.6800,50.6999,50.6700,50.6800,16400
1466784490,50.6963,50.6963,50.6800,50.6800,4000
1466784599,50.6600,50.6950,50.6600,50.6900,23600
1466784653,50.6200,50.6650,50.6200,50.6600,26800
1466784719,50.6300,50.6450,50.6100,50.6211,16700
1466784775,50.6200,50.6400,50.6100,50.6300,15600
1466784782,50.5950,50.6200,50.5900,50.6200,18700
1466784844,50.6000,50.6100,50.5900,50.6000,19200
1466784914,50.5900,50.6000,50.5800,50.5900,5200
1466784960,50.6100,50.6100,50.5900,50.5900,6700
1466785079,50.6000,50.6100,50.5900,50.6000,13800
1466785139,50.6200,50.6300,50.6050,50.6050,5800
1466785140,50.6200,50.6200,50.5959,50.6127,20200
1466785256,50.6400,50.6400,50.6100,50.6200,5400
1466785317,50.6400,50.6500,50.6400,50.6400,15700
1466785379,50.7100,50.7100,50.6500,50.6500,26000
1466785436,50.6700,50.7100,50.6700,50.7100,23900
1466785499,50.6600,50.6800,50.6600,50.6700,5400
1466785556,50.6600,50.6650,50.6500,50.6600,7600
1466785560,50.6671,50.6700,50.6450,50.6500,7200
1466785679,50.7000,50.7100,50.6600,50.6600,8500
1466785739,50.7100,50.7100,50.6950,50.7000,12400
1466785799,50.7150,50.7250,50.7100,50.7100,35700
1466785859,50.7163,50.7199,50.7100,50.7150,47400
1466785919,50.7200,50.7300,50.7100,50.7100,22400
1466785979,50.7150,50.7200,50.7100,50.7200,26600
1466785983,50.6700,50.7199,50.6700,50.7150,48700
1466786053,50.6600,50.6800,50.6553,50.6800,13800
1466786113,50.6750,50.6880,50.6554,50.6554,8000
1466786165,50.6800,50.6850,50.6700,50.6800,9600
1466786279,50.6800,50.6900,50.6700,50.6771,8000
1466786280,50.6600,50.6700,50.6450,50.6700,7300
1466786390,50.6500,50.6650,50.6352,50.6650,10300
1466786458,50.6400,50.6400,50.6350,50.6400,16300
1466786518,50.6500,50.6500,50.6300,50.6300,13800
1466786572,50.6568,50.6700,50.6500,50.6500,6300
1466786639,50.6500,50.6600,50.6500,50.6600,8400
1466786696,50.6100,50.6400,50.5900,50.6400,30900
1466786759,50.5800,50.6150,50.5800,50.6100,15600
1466786819,50.5800,50.5900,50.5700,50.5700,16300
1466786874,50.5700,50.5900,50.5700,50.5800,6500
1466786938,50.5800,50.5800,50.5600,50.5700,7700
1466786940,50.5900,50.5900,50.5710,50.5800,11800
1466787010,50.5800,50.6100,50.5750,50.5900,16200
1466787118,50.6000,50.6000,50.5900,50.5900,8700
1466787179,50.5950,50.6050,50.5900,50.6000,8900
1466787239,50.6000,50.6000,50.5800,50.5900,8000
1466787292,50.6300,50.6400,50.5900,50.5900,19800
1466787359,50.6500,50.6600,50.6200,50.6400,23100
1466787419,50.6500,50.6600,50.6499,50.6550,11000
1466787479,50.6300,50.6550,50.6300,50.6500,8300
1466787481,50.6300,50.6300,50.6100,50.6300,18500
1466787599,50.6600,50.6600,50.6300,50.6300,17500
1466787659,50.6700,50.6700,50.6500,50.6570,26100
1466787717,50.6700,50.6900,50.6600,50.6600,18300
1466787779,50.6500,50.6800,50.6500,50.6700,9500
1466787839,50.6800,50.6870,50.6600,50.6600,15600
1466787845,50.6600,50.6800,50.6600,50.6800,8300
1466787958,50.6500,50.6600,50.6500,50.6600,12900
1466787960,50.6600,50.6600,50.6400,50.6550,15100
1466788077,50.6500,50.6664,50.6400,50.6600,87800
1466788138,50.6300,50.6550,50.6300,50.6550,14500
1466788197,50.6400,50.6450,50.6300,50.6400,3700
1466788249,50.6500,50.6500,50.6300,50.6450,11000
1466788319,50.6300,50.6500,50.6300,50.6500,9700
1466788320,50.6500,50.6500,50.6300,50.6400,14900
1466788437,50.6600,50.6900,50.6500,50.6600,10000
1466788497,50.7030,50.7100,50.6600,50.6600,26200
1466788558,50.7048,50.7300,50.7000,50.7100,25500
1466788618,50.6800,50.7050,50.6600,50.7050,53400
1466788679,50.6900,50.7100,50.6800,50.6900,111800
1466788739,50.7000,50.7000,50.6850,50.6850,7000
1466788799,50.7000,50.7100,50.6900,50.7100,8900
1466788859,50.7100,50.7250,50.7000,50.7000,20700
1466788860,50.7000,50.7200,50.6950,50.7100,16900
1466788978,50.7099,50.7150,50.7000,50.7000,16100
1466789038,50.7000,50.7100,50.6900,50.7000,9800
1466789096,50.7300,50.7300,50.6969,50.7000,19400
1466789157,50.7300,50.7390,50.7200,50.7300,13100
1466789209,50.7300,50.7500,50.7201,50.7201,21700
1466789279,50.7450,50.7600,50.7300,50.7300,20500
1466789339,50.7500,50.7600,50.7480,50.7500,9300
1466789395,50.7700,50.7700,50.7500,50.7500,8000
1466789454,50.7500,50.7800,50.7500,50.7600,11400
1466789499,50.7700,50.7700,50.7500,50.7500,4900
1466789577,50.8000,50.8050,50.7600,50.7600,33700
1466789639,50.8100,50.8300,50.7929,50.7929,46000
1466789699,50.8100,50.8252,50.8050,50.8100,29400
1466789759,50.8500,50.8600,50.8100,50.8100,20400
1466789819,50.8300,50.8600,50.8300,50.8599,25200
1466789879,50.8300,50.8450,50.8300,50.8300,13300
1466789939,50.8450,50.8500,50.8248,50.8300,14800
1466789940,50.8200,50.8450,50.8200,50.8400,22000
1466790057,50.7900,50.8200,50.7900,50.8200,16800
1466790114,50.8000,50.8100,50.7901,50.7901,30000
1466790176,50.8072,50.8150,50.7900,50.8000,22600
1466790238,50.8250,50.8250,50.8100,50.8100,13500
1466790299,50.8300,50.8300,50.8200,50.8200,24300
1466790356,50.8300,50.8400,50.8200,50.8300,32500
1466790416,50.8200,50.8300,50.8190,50.8200,8300
1466790475,50.7700,50.8250,50.7700,50.8200,25800
1466790537,50.7700,50.7799,50.7500,50.7750,19700
1466790542,50.7800,50.7850,50.7700,50.7768,5600
1466790603,50.7600,50.7859,50.7500,50.7859,18500
1466790677,50.7600,50.7625,50.7500,50.7600,10300
1466790721,50.7750,50.7750,50.7500,50.7600,15400
1466790835,50.7900,50.8000,50.7750,50.7750,11900
1466790892,50.8000,50.8100,50.7900,50.7900,6700
1466790900,50.8150,50.8200,50.8000,50.8001,10600
1466791019,50.8000,50.8300,50.7900,50.8100,57900
1466791076,50.7900,50.8000,50.7800,50.7900,6000
1466791136,50.7700,50.7950,50.7600,50.7900,22100
1466791198,50.8100,50.8100,50.7700,50.7700,25800
1466791255,50.8400,50.8500,50.8200,50.8200,14800
1466791267,50.8600,50.8600,50.8400,50.8400,2200
1466791327,50.8400,50.8600,50.8400,50.8581,18200
1466791438,50.8250,50.8450,50.7950,50.8450,192400
1466791499,50.8500,50.8500,50.8100,50.8200,29200
1466791502,50.8200,50.8500,50.8100,50.8450,45100
1466791614,50.8000,50.8200,50.7970,50.8200,21600
1466791676,50.7700,50.8048,50.7700,50.8000,22200
1466791739,50.7500,50.7800,50.7500,50.7800,15300
1466791740,50.7800,50.7850,50.7500,50.7500,17500
1466791855,50.7850,50.8000,50.7800,50.7800,17800
1466791919,50.7500,50.7800,50.7500,50.7800,6200
1466791972,50.7700,50.7700,50.7500,50.7500,18900
1466791980,50.7700,50.7800,50.7600,50.7600,14200
1466792087,50.7800,50.7800,50.7600,50.7700,16900
1466792158,50.7500,50.7800,50.7500,50.7700,12200
1466792219,50.6940,50.7500,50.6940,50.7500,34100
1466792221,50.7200,50.7200,50.7000,50.7000,23100
1466792338,50.7200,50.7250,50.7152,50.7152,6200
1466792399,50.7100,50.7300,50.7100,50.7200,14100
1466792400,50.6800,50.7000,50.6800,50.7000,12600
1466792516,50.6600,50.6900,50.6600,50.6900,10500
1466792522,50.6352,50.6750,50.6352,50.6700,12200
1466792639,50.6100,50.6300,50.6099,50.6300,38500
1466792699,50.6100,50.6250,50.6050,50.6100,14200
1466792754,50.6000,50.6100,50.5900,50.6100,32200
1466792816,50.6200,50.6300,50.6000,50.6000,27600
1466792873,50.5750,50.6300,50.5700,50.6300,22200
1466792937,50.5703,50.5800,50.5700,50.5800,23000
1466792994,50.5653,50.5800,50.5653,50.5700,5800
1466793055,50.5300,50.5650,50.5200,50.5600,35700
1466793068,50.5200,50.5350,50.5200,50.5200,13900
1466793123,50.5000,50.5300,50.5000,50.5100,23100
1466793233,50.4699,50.5050,50.4600,50.5000,30000
1466793297,50.4728,50.4800,50.4500,50.4600,28500
1466793358,50.4100,50.4700,50.4100,50.4700,39000
1466793414,50.4400,50.4499,50.4100,50.4200,23400
1466793420,50.4300,50.4500,50.4100,50.4400,22400
1466793539,50.4600,50.4600,50.4300,50.4300,9600
1466793541,50.5000,50.5100,50.4600,50.4600,28900
1466793600,50.4700,50.5000,50.4600,50.5000,16600
1466793717,50.4900,50.5000,50.4550,50.4700,12700
1466793778,50.5200,50.5300,50.4800,50.4900,19500
1466793838,50.4931,50.5250,50.4895,50.5200,30800
1466793840,50.4700,50.5000,50.4700,50.4900,13200
1466793956,50.4500,50.4800,50.4500,50.4800,16500
1466793960,50.4650,50.4700,50.4500,50.4520,31200
1466794079,50.4300,50.4700,50.4200,50.4700,31100
1466794080,50.4699,50.4700,50.4300,50.4400,27000
1466794140,50.4600,50.4700,50.4500,50.4600,28500
1466794207,50.4800,50.4800,50.4600,50.4650,14900
1466794263,50.4700,50.4850,50.4600,50.4700,29300
1466794379,50.5100,50.5200,50.4700,50.4700,34800
1466794381,50.5200,50.5250,50.5100,50.5100,10300
1466794440,50.5700,50.5750,50.5250,50.5300,30400
1466794559,50.5900,50.6200,50.5700,50.5700,42700
1466794617,50.5800,50.6100,50.5700,50.5900,25000
1466794679,50.5700,50.5900,50.5600,50.5800,21700
1466794680,50.5300,50.5800,50.5200,50.5701,43100
1466794796,50.5100,50.5350,50.5100,50.5250,20600
1466794859,50.5100,50.5200,50.4800,50.5100,29000
1466794919,50.5200,50.5200,50.4900,50.5100,15700
1466794978,50.5500,50.5500,50.5250,50.5300,100800
1466795038,50.5300,50.5650,50.5200,50.5500,36700
1466795099,50.5450,50.5500,50.5000,50.5286,27500
1466795157,50.5100,50.5450,50.5000,50.5400,25300
1466795209,50.4900,50.5150,50.4850,50.5150,25600
1466795279,50.4900,50.4990,50.4800,50.4900,26200
1466795280,50.4700,50.4950,50.4650,50.4900,24700
1466795399,50.4400,50.4700,50.4400,50.4700,25400
1466795454,50.3800,50.4499,50.3800,50.4499,37500
1466795515,50.3800,50.4000,50.3700,50.3700,42900
1466795578,50.3100,50.3900,50.3050,50.3800,42700
1466795638,50.2900,50.3325,50.2900,50.3200,40600
1466795698,50.3147,50.3150,50.2800,50.2959,46300
1466795701,50.2900,50.3200,50.2800,50.3100,31300
1466795819,50.2300,50.2850,50.2250,50.2800,28900
1466795878,50.2101,50.2358,50.2100,50.2200,50100
1466795939,50.1950,50.2200,50.1900,50.2100,41600
1466795995,50.1500,50.2000,50.1300,50.1900,69700
1466796004,50.1800,50.1800,50.1400,50.1600,63600
1466796118,50.2200,50.2300,50.1830,50.1830,45300
1466796179,50.2700,50.2700,50.2300,50.2300,90600
1466796239,50.2600,50.2700,50.2600,50.2600,79900
1466796294,50.2150,50.2650,50.2000,50.2600,110900
1466796300,50.2800,50.2800,50.2200,50.2200,39700
1466796369,50.2450,50.2850,50.2400,50.2800,56300
1466796476,50.2600,50.2786,50.2400,50.2500,46100
1466796539,50.2800,50.2950,50.2600,50.2700,20300
1466796540,50.2900,50.3100,50.2800,50.2850,46400
1466796656,50.3000,50.3000,50.2700,50.2950,60200
1466796718,50.3400,50.3600,50.3000,50.3100,38000
1466796777,50.3300,50.3700,50.3300,50.3400,45900
1466796839,50.3600,50.3600,50.3200,50.3300,48500
1466796840,50.3950,50.3950,50.3568,50.3568,27700
1466796956,50.4300,50.4700,50.4000,50.4000,131200
1466796960,50.4100,50.4486,50.4100,50.4400,15500
1466797020,50.3700,50.4150,50.3600,50.4100,31400
1466797138,50.3500,50.3700,50.3400,50.3600,46500
1466797196,50.3400,50.3550,50.3100,50.3400,42100
1466797253,50.3800,50.3900,50.3250,50.3400,43700
1466797318,50.4400,50.4400,50.3700,50.3850,53600
1466797320,50.4400,50.4450,50.4000,50.4450,55700
1466797380,50.4300,50.4400,50.3900,50.4400,52900
1466797499,50.4150,50.4400,50.3800,50.4400,59200
1466797559,50.4500,50.4600,50.3900,50.4100,78600
1466797560,50.4500,50.4750,50.4200,50.4400,47200
1466797677,50.4740,50.4790,50.4300,50.4450,39100
1466797739,50.5400,50.5499,50.4600,50.4700,34800
1466797798,50.5300,50.5450,50.5250,50.5400,23800
1466797859,50.5700,50.5700,50.5100,50.5300,51400
1466797919,50.6200,50.6200,50.5600,50.5700,47700
1466797978,50.5900,50.6200,50.5700,50.6100,52400
1466798039,50.5800,50.6100,50.5650,50.6000,54900
1466798040,50.5750,50.5800,50.5500,50.5700,77000
1466798100,50.5600,50.5900,50.5500,50.5800,71900
1466798160,50.5250,50.5550,50.5200,50.5500,177400
1466798278,50.5000,50.5400,50.5000,50.5300,114300
1466798280,50.4300,50.5000,50.4150,50.4900,361100
1466798399,50.4000,50.4700,50.3900,50.4350,404000
1466798400,50.4100,50.4100,50.4100,50.4100,100
