uri:/instrument/1.0/VEA/chartdata;type=quote;range=1d/csv
ticker:vea
Company-Name:Vanguard FTSE Developed Markets
Exchange-Name:PCX
unit:MIN
timezone:EDT
currency:USD
gmtoffset:-14400
previous_close:34.0800
Timestamp:1467034200,1467057600
labels:1467036000,1467039600,1467043200,1467046800,1467050400,1467054000,1467057600
values:Timestamp,close,high,low,open,volume
close:33.0200,33.6099
high:33.0301,33.6200
low:33.0162,33.6000
open:33.0201,33.6168
volume:3400,1736200
1467034259,33.6000,33.6168,33.6000,33.6168,222700
1467034260,33.5700,33.6037,33.5600,33.6000,75200
1467034330,33.5500,33.5839,33.5500,33.5650,14600
1467034439,33.5600,33.5700,33.5400,33.5460,15400
1467034498,33.6000,33.6032,33.5549,33.5600,12900
1467034559,33.5801,33.6000,33.5800,33.6000,6500
1467034619,33.6099,33.6200,33.5860,33.5900,33100
1467034679,33.5650,33.6100,33.5600,33.6100,56300
1467034739,33.5300,33.5700,33.5300,33.5700,21500
1467034740,33.5500,33.5640,33.5369,33.5400,11200
1467034802,33.5250,33.5590,33.5200,33.5510,16700
1467034867,33.5000,33.5260,33.4900,33.5260,35700
1467034922,33.5000,33.5000,33.4900,33.4950,6300
1467035039,33.4900,33.5043,33.4900,33.5000,20900
1467035099,33.4949,33.5100,33.4934,33.4970,19100
1467035158,33.5100,33.5250,33.4850,33.4900,9400
1467035162,33.5370,33.5370,33.5030,33.5100,26400
1467035276,33.5200,33.5492,33.5200,33.5400,15000
1467035339,33.4657,33.5300,33.4650,33.5200,58700
1467035342,33.4200,33.4600,33.4000,33.4600,81700
1467035407,33.4600,33.4600,33.4150,33.4150,26400
1467035519,33.4450,33.4653,33.4400,33.4500,62000
1467035520,33.4700,33.4800,33.4290,33.4400,22500
1467035637,33.4800,33.5000,33.4760,33.4760,23600
1467035695,33.4450,33.5000,33.4450,33.4850,30200
1467035703,33.4500,33.4600,33.4300,33.4500,46900
1467035819,33.4350,33.4500,33.4200,33.4500,100100
1467035823,33.4400,33.4500,33.4300,33.4300,16400
1467035939,33.4200,33.4400,33.4100,33.4400,38200
1467035999,33.4200,33.4300,33.4051,33.4200,50500
1467036000,33.4500,33.4500,33.4100,33.4200,36900
1467036061,33.4450,33.4601,33.4401,33.4401,34400
1467036121,33.4400,33.4666,33.4400,33.4400,52800
1467036180,33.4300,33.4460,33.4200,33.4400,68400
1467036298,33.4101,33.4400,33.4101,33.4301,22600
1467036300,33.4100,33.4300,33.4100,33.4199,21400
1467036363,33.4200,33.4200,33.3900,33.4000,51300
1467036420,33.4001,33.4200,33.4000,33.4200,51000
1467036480,33.3801,33.4100,33.3801,33.4001,40200
1467036544,33.3701,33.3900,33.3701,33.3800,22400
1467036609,33.3799,33.3799,33.3601,33.3700,28400
1467036660,33.3800,33.3900,33.3601,33.3700,30700
1467036723,33.3640,33.3899,33.3600,33.3800,17500
1467036780,33.3601,33.3740,33.3550,33.3700,28200
1467036840,33.3400,33.3650,33.3400,33.3601,24400
1467036903,33.3299,33.3400,33.3150,33.3400,41800
1467036964,33.3500,33.3540,33.3201,33.3300,74200
1467037021,33.3301,33.3500,33.3300,33.3500,32000
1467037080,33.3100,33.3373,33.3000,33.3330,37500
1467037141,33.3244,33.3300,33.3000,33.3100,41200
1467037206,33.3500,33.3510,33.3201,33.3301,32300
1467037319,33.3400,33.3599,33.3300,33.3500,64400
1467037320,33.3600,33.3600,33.3301,33.3450,47500
1467037380,33.3300,33.3600,33.3300,33.3600,41500
1467037440,33.3001,33.3301,33.2800,33.3301,169000
1467037502,33.2801,33.3050,33.2800,33.3050,132900
1467037560,33.2800,33.3000,33.2701,33.2850,35300
1467037620,33.2700,33.2900,33.2500,33.2840,45300
1467037684,33.2401,33.2699,33.2400,33.2650,55300
1467037740,33.2400,33.2445,33.2201,33.2401,27600
1467037800,33.2401,33.2500,33.2301,33.2400,65700
1467037861,33.2401,33.2561,33.2400,33.2401,25000
1467037920,33.2601,33.2699,33.2301,33.2401,52000
1467037980,33.2500,33.2600,33.2400,33.2600,46600
1467038040,33.2600,33.2699,33.2400,33.2501,65300
1467038100,33.2800,33.2801,33.2550,33.2700,76900
1467038162,33.2700,33.2801,33.2700,33.2800,65800
1467038224,33.2700,33.2800,33.2600,33.2701,61100
1467038280,33.2800,33.2800,33.2601,33.2700,179500
1467038343,33.2400,33.2800,33.2200,33.2700,41100
1467038401,33.2501,33.2700,33.2400,33.2401,46500
1467038463,33.2201,33.2500,33.2101,33.2500,49900
1467038522,33.2101,33.2288,33.2000,33.2201,50500
1467038580,33.2201,33.2399,33.2001,33.2101,46400
1467038699,33.2271,33.2301,33.2150,33.2201,33300
1467038700,33.1701,33.2200,33.1701,33.2200,134600
1467038760,33.1700,33.1800,33.1550,33.1750,48400
1467038820,33.1699,33.1799,33.1600,33.1700,64500
1467038939,33.1400,33.1600,33.1301,33.1600,48000
1467038999,33.1300,33.1401,33.1201,33.1400,63300
1467039000,33.1101,33.1399,33.1100,33.1300,129300
1467039061,33.0900,33.1200,33.0900,33.1150,109200
1467039120,33.0900,33.1001,33.0801,33.0901,41800
1467039180,33.1001,33.1100,33.0800,33.0901,30000
1467039241,33.1000,33.1100,33.0980,33.1099,30200
1467039303,33.1090,33.1199,33.1000,33.1099,62100
1467039360,33.0750,33.1100,33.0700,33.1001,28800
1467039420,33.0501,33.0800,33.0500,33.0800,46500
1467039480,33.0799,33.0800,33.0400,33.0500,68100
1467039542,33.0645,33.0700,33.0500,33.0650,120400
1467039600,33.0500,33.0648,33.0350,33.0645,41800
1467039660,33.0800,33.0899,33.0401,33.0401,82900
1467039721,33.0850,33.0999,33.0700,33.0701,42800
1467039781,33.1199,33.1299,33.0900,33.0900,56700
1467039841,33.1100,33.1270,33.1000,33.1200,32100
1467039900,33.1363,33.1363,33.1000,33.1153,112500
1467039962,33.1340,33.1499,33.1300,33.1400,61800
1467040020,33.1417,33.1599,33.1301,33.1301,43000
1467040081,33.1401,33.1500,33.1300,33.1499,36400
1467040144,33.1500,33.1600,33.1300,33.1401,31700
1467040200,33.1210,33.1599,33.1201,33.1500,18700
1467040260,33.0901,33.1299,33.0900,33.1201,30700
1467040321,33.0900,33.0999,33.0600,33.0945,70300
1467040381,33.0800,33.1000,33.0800,33.0900,38100
1467040499,33.0701,33.1099,33.0600,33.0999,69500
1467040500,33.0500,33.0700,33.0500,33.0700,34500
1467040562,33.0600,33.0700,33.0550,33.0550,58300
1467040620,33.0800,33.0800,33.0600,33.0615,43200
1467040681,33.0601,33.0800,33.0501,33.0750,122200
1467040746,33.0600,33.0700,33.0501,33.0501,49100
1467040800,33.0700,33.0701,33.0501,33.0600,12100
1467040860,33.0400,33.0800,33.0400,33.0800,48400
1467040921,33.0400,33.0501,33.0400,33.0400,11400
1467041039,33.0300,33.0432,33.0200,33.0400,40200
1467041040,33.0200,33.0399,33.0181,33.0301,13300
1467041101,33.0200,33.0301,33.0162,33.0201,100000
1467041219,33.0601,33.0690,33.0300,33.0300,36600
1467041279,33.0950,33.1000,33.0600,33.0700,33100
1467041280,33.1201,33.1300,33.0900,33.0900,21000
1467041343,33.1600,33.1601,33.1250,33.1300,50300
1467041400,33.1900,33.1900,33.1501,33.1601,27100
1467041463,33.1970,33.2000,33.1700,33.1800,17100
1467041520,33.1902,33.2050,33.1900,33.2000,28000
1467041583,33.2100,33.2176,33.1900,33.1901,69000
1467041644,33.1700,33.2201,33.1700,33.2100,26300
1467041700,33.1700,33.1800,33.1500,33.1700,37100
1467041761,33.1301,33.1699,33.1301,33.1699,44000
1467041821,33.1770,33.1800,33.1300,33.1350,71900
1467041880,33.1829,33.2100,33.1701,33.1800,20300
1467041945,33.1901,33.1960,33.1800,33.1900,15400
1467042004,33.2000,33.2100,33.1800,33.2000,57100
1467042119,33.2000,33.2100,33.1901,33.1901,20100
1467042120,33.2000,33.2090,33.1900,33.2001,17000
1467042180,33.2200,33.2200,33.2000,33.2001,14800
1467042299,33.2275,33.2275,33.2063,33.2200,28800
1467042300,33.2110,33.2299,33.2001,33.2270,39600
1467042419,33.2300,33.2390,33.2150,33.2199,22700
1467042420,33.2600,33.2663,33.2300,33.2370,34100
1467042480,33.2500,33.2600,33.2401,33.2501,22400
1467042546,33.2563,33.2660,33.2400,33.2401,52500
1467042600,33.2600,33.2700,33.2501,33.2550,34400
1467042666,33.2400,33.2600,33.2300,33.2600,30200
1467042726,33.2300,33.2399,33.2200,33.2350,12800
1467042781,33.2101,33.2399,33.2100,33.2201,10800
1467042843,33.2301,33.2301,33.2001,33.2100,23400
1467042959,33.2500,33.2500,33.2301,33.2301,31200
1467042960,33.2600,33.2750,33.2500,33.2599,16100
1467043020,33.2400,33.2700,33.2400,33.2700,20300
1467043081,33.2400,33.2401,33.2300,33.2400,30900
1467043197,33.2400,33.2600,33.2400,33.2500,25000
1467043200,33.2336,33.2500,33.2300,33.2400,31800
1467043262,33.2400,33.2400,33.2201,33.2331,152200
1467043321,33.2600,33.2600,33.2400,33.2499,118200
1467043382,33.2600,33.2700,33.2401,33.2699,13800
1467043443,33.2700,33.2700,33.2500,33.2700,15700
1467043528,33.2700,33.2899,33.2700,33.2850,14300
1467043564,33.2601,33.2700,33.2300,33.2700,31300
1467043621,33.2800,33.2801,33.2601,33.2601,19700
1467043680,33.2801,33.2885,33.2600,33.2800,19300
1467043742,33.2601,33.2800,33.2600,33.2800,6800
1467043806,33.2700,33.2700,33.2569,33.2601,14000
1467043917,33.2700,33.2800,33.2600,33.2700,9600
1467043974,33.2438,33.2700,33.2401,33.2700,10100
1467043980,33.2463,33.2500,33.2301,33.2400,46800
1467044046,33.2500,33.2500,33.2400,33.2400,15100
1467044100,33.2601,33.2700,33.2401,33.2550,23300
1467044164,33.2690,33.2700,33.2600,33.2700,8600
1467044220,33.2900,33.2901,33.2700,33.2700,37500
1467044282,33.3050,33.3050,33.2900,33.2950,13400
1467044344,33.2900,33.3001,33.2800,33.3001,27800
1467044459,33.3100,33.3100,33.2900,33.2900,4800
1467044515,33.2999,33.3000,33.2760,33.3000,12200
1467044579,33.3100,33.3100,33.3000,33.3000,7200
1467044585,33.3100,33.3150,33.3063,33.3100,7700
1467044644,33.2900,33.3050,33.2801,33.3050,15800
1467044700,33.3000,33.3000,33.2800,33.2900,21400
1467044765,33.3100,33.3100,33.2929,33.3000,18200
1467044835,33.3000,33.3100,33.3000,33.3050,137700
1467044880,33.3100,33.3138,33.2901,33.2901,8200
1467044945,33.3001,33.3100,33.3000,33.3060,10000
1467045046,33.3200,33.3299,33.3200,33.3201,5300
1467045066,33.3170,33.3290,33.3170,33.3200,13100
1467045122,33.3100,33.3200,33.3000,33.3101,20900
1467045181,33.2999,33.3089,33.2850,33.3089,35200
1467045242,33.3050,33.3050,33.2901,33.2950,3700
1467045300,33.3050,33.3100,33.3000,33.3000,5200
1467045361,33.2899,33.3100,33.2899,33.3064,20400
1467045421,33.2900,33.3000,33.2800,33.2900,33600
1467045487,33.2870,33.2999,33.2830,33.2999,3700
1467045545,33.2731,33.2900,33.2731,33.2862,10100
1467045601,33.2650,33.2800,33.2600,33.2700,12000
1467045664,33.2650,33.2699,33.2600,33.2600,5700
1467045726,33.2600,33.2800,33.2600,33.2686,8400
1467045784,33.2700,33.2700,33.2500,33.2601,14600
1467045843,33.2430,33.2700,33.2400,33.2601,23000
1467045902,33.2499,33.2500,33.2300,33.2400,12400
1467045966,33.2490,33.2500,33.2300,33.2400,6900
1467046024,33.2600,33.2600,33.2450,33.2500,15500
1467046093,33.2500,33.2699,33.2500,33.2639,50000
1467046145,33.2700,33.2700,33.2510,33.2600,14000
1467046200,33.2800,33.2800,33.2650,33.2700,16800
1467046265,33.2570,33.2899,33.2500,33.2800,14200
1467046329,33.2599,33.2600,33.2400,33.2532,9400
1467046383,33.2799,33.2799,33.2590,33.2590,26600
1467046440,33.2800,33.2800,33.2638,33.2800,18500
1467046558,33.3100,33.3100,33.2800,33.2800,27700
1467046560,33.3199,33.3200,33.3069,33.3100,1520900
1467046621,33.3100,33.3200,33.3050,33.3200,17200
1467046680,33.3400,33.3400,33.3100,33.3100,61500
1467046744,33.3300,33.3400,33.3300,33.3400,5800
1467046819,33.3200,33.3300,33.3150,33.3200,12200
1467046861,33.3300,33.3400,33.3101,33.3200,38200
1467046975,33.3330,33.3400,33.3230,33.3300,9200
1467046981,33.3400,33.3400,33.3200,33.3300,12000
1467047044,33.3190,33.3400,33.3100,33.3400,16900
1467047119,33.3200,33.3200,33.3150,33.3200,5100
1467047215,33.3199,33.3200,33.3030,33.3190,4200
1467047279,33.3153,33.3200,33.3120,33.3200,16100
1467047280,33.3250,33.3250,33.3101,33.3101,9800
1467047399,33.3150,33.3200,33.3125,33.3200,7300
1467047456,33.3100,33.3100,33.3000,33.3100,5600
1467047509,33.3200,33.3285,33.3010,33.3010,11000
1467047527,33.3200,33.3300,33.3150,33.3150,23200
1467047625,33.3100,33.3200,33.3100,33.3100,45100
1467047641,33.3200,33.3200,33.3190,33.3190,4300
1467047704,33.3400,33.3500,33.3141,33.3190,24200
1467047818,33.3300,33.3500,33.3300,33.3400,16800
1467047822,33.3400,33.3400,33.3250,33.3300,23000
1467047884,33.3300,33.3400,33.3200,33.3400,39800
1467047946,33.3261,33.3300,33.3200,33.3236,15400
1467048004,33.3300,33.3400,33.3200,33.3250,12300
1467048073,33.3100,33.3364,33.3100,33.3364,4300
1467048176,33.3170,33.3170,33.3100,33.3100,18100
1467048236,33.3201,33.3330,33.3200,33.3200,11000
1467048242,33.3300,33.3301,33.3201,33.3300,12400
1467048303,33.3300,33.3350,33.3200,33.3300,4200
1467048365,33.3450,33.3450,33.3300,33.3350,5100
1467048478,33.3290,33.3360,33.3250,33.3300,13400
1467048536,33.3200,33.3299,33.3200,33.3250,6700
1467048599,33.3100,33.3263,33.3090,33.3230,8600
1467048602,33.2950,33.3127,33.2950,33.3100,22900
1467048668,33.2800,33.2901,33.2700,33.2901,24900
1467048721,33.2600,33.2800,33.2600,33.2800,9500
1467048833,33.2600,33.2700,33.2501,33.2700,12800
1467048840,33.2700,33.2700,33.2501,33.2650,23100
1467048959,33.2600,33.2800,33.2600,33.2700,20600
1467049019,33.2600,33.2699,33.2600,33.2600,14000
1467049021,33.2660,33.2700,33.2400,33.2600,13300
1467049138,33.2801,33.2850,33.2600,33.2600,15800
1467049141,33.2600,33.2800,33.2600,33.2800,8000
1467049205,33.2500,33.2600,33.2500,33.2506,18300
1467049319,33.2300,33.2500,33.2300,33.2499,20900
1467049325,33.2100,33.2400,33.2064,33.2360,26400
1467049439,33.2000,33.2099,33.1900,33.2001,26000
1467049441,33.1850,33.2090,33.1850,33.1910,16600
1467049559,33.2175,33.2200,33.1800,33.1837,24500
1467049561,33.2000,33.2200,33.1939,33.2200,16400
1467049622,33.2100,33.2131,33.1900,33.2000,10600
1467049738,33.1972,33.2000,33.1900,33.2000,31700
1467049743,33.2100,33.2150,33.1950,33.1990,17500
1467049801,33.2000,33.2000,33.1900,33.2000,7100
1467049911,33.2050,33.2099,33.2000,33.2070,3600
1467049923,33.2100,33.2100,33.2000,33.2050,3400
1467049982,33.2300,33.2300,33.2004,33.2200,43700
1467050097,33.2200,33.2300,33.2170,33.2300,34200
1467050101,33.1900,33.2200,33.1900,33.2150,7000
1467050211,33.2000,33.2000,33.1900,33.1900,19400
1467050279,33.1900,33.2000,33.1837,33.1900,5000
1467050338,33.2200,33.2200,33.1959,33.1963,19400
1467050399,33.2099,33.2300,33.2039,33.2300,15900
1467050400,33.2250,33.2250,33.1900,33.2000,61300
1467050460,33.2300,33.2400,33.2100,33.2200,22100
1467050577,33.2400,33.2400,33.2300,33.2400,5000
1467050580,33.2100,33.2300,33.2050,33.2300,13100
1467050668,33.2200,33.2399,33.2200,33.2300,7600
1467050707,33.2300,33.2300,33.2100,33.2199,25600
1467050762,33.2100,33.2200,33.2100,33.2200,31600
1467050821,33.2000,33.2100,33.1900,33.2100,18800
1467050883,33.1900,33.2100,33.1900,33.1950,6800
1467050999,33.1900,33.1900,33.1800,33.1900,29200
1467051008,33.1730,33.1900,33.1700,33.1900,18900
1467051069,33.1999,33.2000,33.1775,33.1775,8500
1467051177,33.1900,33.1913,33.1701,33.1900,69600
1467051181,33.1700,33.1800,33.1700,33.1800,28600
1467051243,33.1550,33.1600,33.1400,33.1600,8800
1467051303,33.1301,33.1599,33.1301,33.1580,14200
1467051366,33.1570,33.1570,33.1359,33.1359,4800
1467051472,33.1400,33.1600,33.1400,33.1600,39800
1467051537,33.1206,33.1400,33.1100,33.1400,11900
1467051597,33.1200,33.1299,33.1149,33.1250,6400
1467051605,33.1600,33.1600,33.1200,33.1300,41900
1467051661,33.1500,33.1656,33.1330,33.1650,25600
1467051721,33.1400,33.1501,33.1315,33.1500,8900
1467051827,33.1601,33.1700,33.1500,33.1500,47700
1467051843,33.1500,33.1600,33.1430,33.1600,21400
1467051902,33.1500,33.1600,33.1430,33.1430,10000
1467052019,33.1900,33.1900,33.1500,33.1583,87500
1467052024,33.2000,33.2000,33.1700,33.1800,31600
1467052080,33.2399,33.2399,33.2000,33.2000,24700
1467052140,33.2400,33.2480,33.2300,33.2400,62300
1467052255,33.2200,33.2400,33.2200,33.2300,8700
1467052306,33.2300,33.2300,33.2100,33.2185,15300
1467052325,33.2300,33.2499,33.2250,33.2361,17000
1467052382,33.2200,33.2300,33.2040,33.2300,58200
1467052446,33.2300,33.2550,33.2200,33.2200,44600
1467052500,33.2500,33.2600,33.2200,33.2300,32000
1467052618,33.2500,33.2500,33.2400,33.2500,18900
1467052677,33.2761,33.2761,33.2599,33.2599,41800
1467052682,33.3000,33.3099,33.2700,33.2700,17000
1467052793,33.2600,33.2934,33.2600,33.2900,24300
1467052859,33.2700,33.2870,33.2600,33.2699,19100
1467052916,33.2600,33.2786,33.2500,33.2760,23300
1467052979,33.2400,33.2675,33.2400,33.2601,28600
1467052983,33.2600,33.2650,33.2400,33.2500,15800
1467053043,33.2600,33.2600,33.2499,33.2599,15700
1467053101,33.2527,33.2700,33.2450,33.2700,28100
1467053219,33.2350,33.2567,33.2350,33.2567,70400
1467053228,33.2206,33.2400,33.2200,33.2400,15300
1467053280,33.1900,33.2200,33.1900,33.2200,15800
1467053342,33.2090,33.2099,33.1900,33.1901,9800
1467053404,33.2100,33.2100,33.1900,33.2000,19300
1467053464,33.1800,33.2000,33.1700,33.2000,23600
1467053579,33.1734,33.1900,33.1700,33.1800,10300
1467053585,33.1700,33.1800,33.1700,33.1800,23700
1467053640,33.1500,33.1700,33.1438,33.1650,38400
1467053702,33.1563,33.1600,33.1350,33.1500,23400
1467053762,33.1599,33.1600,33.1500,33.1500,30500
1467053821,33.1400,33.1590,33.1301,33.1500,18000
1467053881,33.1492,33.1500,33.1400,33.1500,22900
1467053997,33.1450,33.1500,33.1300,33.1492,58800
1467054059,33.1500,33.1800,33.1500,33.1600,26100
1467054060,33.1550,33.1600,33.1400,33.1500,21300
1467054136,33.1700,33.1700,33.1513,33.1513,11700
1467054180,33.1900,33.1900,33.1540,33.1700,24700
1467054299,33.2000,33.2000,33.1800,33.1899,19600
1467054300,33.1900,33.2000,33.1850,33.2000,18900
1467054367,33.2000,33.2000,33.1800,33.1800,13700
1467054474,33.2062,33.2099,33.1801,33.2075,14400
1467054486,33.2200,33.2230,33.2050,33.2050,4900
1467054596,33.1950,33.2199,33.1800,33.2100,31500
1467054655,33.2200,33.2350,33.1900,33.1963,45500
1467054662,33.2462,33.2467,33.2250,33.2300,19000
1467054720,33.2400,33.2450,33.2300,33.2400,21500
1467054837,33.2526,33.2599,33.2300,33.2400,21600
1467054895,33.2492,33.2600,33.2400,33.2500,16700
1467054900,33.2000,33.2500,33.2000,33.2500,28400
1467054960,33.2200,33.2200,33.1855,33.2000,19900
1467055020,33.2200,33.2300,33.2200,33.2300,42800
1467055138,33.1950,33.2100,33.1900,33.2100,28200
1467055141,33.1986,33.2040,33.1900,33.2000,26600
1467055209,33.1900,33.2039,33.1800,33.1939,22400
1467055319,33.2099,33.2100,33.1900,33.1900,39800
1467055320,33.1900,33.2060,33.1855,33.2042,100000
1467055384,33.1699,33.1900,33.1600,33.1850,21100
1467055440,33.1641,33.1700,33.1500,33.1600,38500
1467055512,33.1800,33.1864,33.1700,33.1700,23700
1467055563,33.2000,33.2000,33.1800,33.1900,16100
1467055641,33.2050,33.2050,33.1901,33.1901,9300
1467055681,33.2100,33.2236,33.1934,33.2000,28900
1467055742,33.2000,33.2100,33.2000,33.2100,6500
1467055859,33.1900,33.1950,33.1800,33.1940,34700
1467055918,33.2090,33.2100,33.1900,33.1950,29400
1467055922,33.2200,33.2200,33.2000,33.2000,35200
1467056036,33.2102,33.2299,33.2100,33.2200,38000
1467056099,33.2064,33.2250,33.2064,33.2200,29000
1467056157,33.2300,33.2300,33.2000,33.2050,52300
1467056219,33.2150,33.2300,33.2100,33.2300,37900
1467056266,33.2400,33.2484,33.2100,33.2150,66300
1467056338,33.2650,33.2800,33.2400,33.2536,121700
1467056399,33.3050,33.3150,33.2600,33.2650,62000
1467056459,33.3000,33.3100,33.2900,33.3000,75500
1467056517,33.3050,33.3196,33.3000,33.3000,50800
1467056522,33.3000,33.3200,33.2950,33.3050,66800
1467056639,33.2900,33.3040,33.2850,33.2935,17000
1467056695,33.3200,33.3200,33.2850,33.2900,14600
1467056759,33.3250,33.3300,33.3050,33.3100,58400
1467056819,33.3041,33.3300,33.3041,33.3250,33500
1467056820,33.3400,33.3400,33.3100,33.3100,25600
1467056934,33.3510,33.3650,33.3300,33.3350,83700
1467056942,33.3700,33.3700,33.3500,33.3600,35100
1467057051,33.3401,33.3600,33.3400,33.3500,49100
1467057063,33.3427,33.3550,33.3427,33.3500,32500
1467057122,33.3600,33.3600,33.3400,33.3499,26300
1467057239,33.3700,33.3750,33.3400,33.3485,41300
1467057298,33.3750,33.3800,33.3650,33.3768,21400
1467057359,33.3899,33.3899,33.3600,33.3700,42100
1467057419,33.3799,33.3899,33.3650,33.3800,39100
1467057479,33.4150,33.4200,33.3700,33.3750,75100
1467057539,33.4168,33.4200,33.4001,33.4200,55500
1467057542,33.4200,33.4200,33.4200,33.4200,46700
1467057600,33.4200,33.4200,33.4200,33.4200,1736200
