uri:/instrument/1.0/ACWI/chartdata;type=quote;range=1d/csv
ticker:acwi
Company-Name:iShares MSCI ACWI Index Fund
Exchange-Name:NGM
unit:MIN
timezone:EDT
currency:USD
gmtoffset:-14400
previous_close:55.9400
Timestamp:1466170200,1466193600
labels:1466172000,1466175600,1466179200,1466182800,1466186400,1466190000,1466193600
values:Timestamp,close,high,low,open,volume
close:55.7550,56.2000
high:55.7700,56.2100
low:55.7400,56.2000
open:55.7500,56.2100
volume:100,186200
1466170258,56.0300,56.0800,56.0200,56.0800,67400
1466170315,56.0200,56.0500,56.0000,56.0400,20100
1466170375,56.0500,56.0500,56.0050,56.0200,13200
1466170436,56.0700,56.0800,56.0400,56.0600,7500
1466170495,56.0200,56.0500,56.0100,56.0500,26400
1466170559,56.0100,56.0100,55.9900,56.0000,6500
1466170619,55.9900,56.0000,55.9800,56.0000,23800
1466170678,55.9700,55.9900,55.9700,55.9800,2900
1466170729,55.9600,55.9800,55.9400,55.9600,12000
1466170796,55.9400,55.9700,55.9300,55.9400,10500
1466170802,55.9400,55.9400,55.9300,55.9300,1600
1466170864,55.9800,55.9800,55.9400,55.9400,2300
1466170928,55.9800,56.0000,55.9800,55.9900,2000
1466171035,56.0100,56.0150,55.9950,56.0000,6600
1466171098,56.0200,56.0300,56.0050,56.0100,7000
1466171125,56.0100,56.0200,56.0050,56.0200,1400
1466171201,55.9500,56.0100,55.9500,56.0100,6700
1466171276,55.9900,55.9900,55.9600,55.9600,1300
1466171334,55.9800,55.9900,55.9800,55.9900,2300
1466171379,55.9800,55.9800,55.9700,55.9700,1000
1466171401,55.9800,55.9900,55.9800,55.9800,900
1466171466,56.0100,56.0100,55.9800,55.9800,1000
1466171572,56.0400,56.0500,56.0100,56.0200,13000
1466171613,56.0300,56.0400,56.0300,56.0400,5100
1466171699,56.0000,56.0200,55.9900,56.0200,6300
1466171748,56.0000,56.0000,56.0000,56.0000,2100
1466171769,55.9850,56.0000,55.9850,55.9900,700
1466171873,55.9800,56.0000,55.9800,55.9800,4600
1466171931,55.9800,56.0200,55.9800,55.9800,186200
1466171998,56.0200,56.0300,55.9900,55.9900,8900
1466172059,56.0000,56.0200,55.9900,56.0200,72900
1466172115,56.0000,56.0000,55.9800,56.0000,39000
1466172178,56.0100,56.0300,56.0100,56.0100,19600
1466172233,56.0000,56.0200,56.0000,56.0100,9600
1466172295,55.9900,56.0000,55.9699,56.0000,27300
1466172359,56.0100,56.0100,55.9800,55.9900,5500
1466172360,56.0000,56.0200,56.0000,56.0200,3600
1466172477,56.0300,56.0300,56.0000,56.0000,2800
1466172537,56.0200,56.0350,56.0167,56.0200,11500
1466172558,56.0300,56.0300,56.0100,56.0100,700
1466172659,56.0700,56.0700,56.0400,56.0400,4000
1466172669,56.0767,56.0800,56.0600,56.0600,5800
1466172777,56.0400,56.0700,56.0400,56.0700,2100
1466172835,56.0400,56.0550,56.0300,56.0400,3900
1466172845,56.0500,56.0500,56.0500,56.0500,400
1466172900,56.0600,56.0600,56.0500,56.0500,600
1466172960,56.0700,56.0700,56.0600,56.0600,1200
1466173024,56.0700,56.0800,56.0700,56.0800,1700
1466173103,56.0900,56.1000,56.0800,56.0800,1400
1466173190,56.0800,56.0800,56.0700,56.0800,800
1466173204,56.0700,56.0800,56.0700,56.0800,800
1466173267,56.0400,56.0700,56.0250,56.0700,1800
1466173371,56.0500,56.0500,56.0500,56.0500,500
1466173433,56.0100,56.0400,56.0100,56.0400,1600
1466173498,56.0100,56.0200,56.0000,56.0200,4100
1466173521,55.9900,56.0000,55.9900,56.0000,1800
1466173570,55.9900,56.0000,55.9900,56.0000,1500
1466173677,55.9900,55.9900,55.9900,55.9900,800
1466173683,55.9625,55.9950,55.9600,55.9900,2300
1466173794,55.9300,55.9650,55.9300,55.9600,2900
1466173852,55.8800,55.9250,55.8800,55.9200,2800
1466173862,55.8400,55.8600,55.8400,55.8550,1500
1466173936,55.8600,55.8600,55.8450,55.8450,1100
1466174036,55.8850,55.8850,55.8700,55.8700,2500
1466174096,55.8800,55.8900,55.8800,55.8800,12500
1466174152,55.9000,55.9000,55.8600,55.8800,3400
1466174183,55.9100,55.9150,55.9050,55.9100,2200
1466174227,55.9200,55.9200,55.9100,55.9100,1600
1466174331,55.9100,55.9200,55.9100,55.9200,2400
1466174383,55.9100,55.9250,55.9000,55.9100,1900
1466174458,55.9000,55.9250,55.9000,55.9200,5000
1466174519,55.9200,55.9400,55.9065,55.9065,6700
1466174576,55.9300,55.9300,55.9200,55.9200,1600
1466174583,55.9200,55.9300,55.9200,55.9300,6600
1466174686,55.9200,55.9200,55.9100,55.9200,1300
1466174750,55.9400,55.9450,55.9300,55.9300,3600
1466174807,55.9650,55.9650,55.9450,55.9450,1700
1466174855,55.9650,55.9750,55.9600,55.9750,3700
1466174937,55.9500,55.9650,55.9500,55.9600,2100
1466174996,55.9600,55.9650,55.9500,55.9500,1600
1466175058,55.9600,55.9600,55.9400,55.9500,5600
1466175060,55.9300,55.9550,55.9300,55.9500,3800
1466175144,55.9300,55.9450,55.9300,55.9400,3700
1466175239,55.9300,55.9400,55.9200,55.9200,5800
1466175291,55.9300,55.9300,55.9100,55.9250,4400
1466175309,55.9300,55.9300,55.9201,55.9300,2700
1466175362,55.9300,55.9400,55.9200,55.9200,4900
1466175476,55.9150,55.9450,55.9101,55.9400,6700
1466175535,55.9200,55.9200,55.9100,55.9100,600
1466175578,55.9100,55.9200,55.9100,55.9200,2400
1466175657,55.8900,55.9150,55.8900,55.9100,2900
1466175685,55.8800,55.8965,55.8800,55.8900,2600
1466175732,55.8600,55.8850,55.8600,55.8800,2700
1466175810,55.8400,55.8500,55.8400,55.8500,2300
1466175888,55.8373,55.8450,55.8300,55.8300,3500
1466175953,55.8200,55.8350,55.8200,55.8300,2600
1466175967,55.8400,55.8400,55.8150,55.8200,2800
1466176051,55.8663,55.8663,55.8500,55.8500,600
1466176138,55.8700,55.8800,55.8600,55.8650,3500
1466176192,55.8600,55.8700,55.8600,55.8700,700
1466176203,55.8600,55.8600,55.8500,55.8600,5100
1466176309,55.8400,55.8600,55.8400,55.8600,7900
1466176377,55.8100,55.8300,55.8000,55.8300,11000
1466176435,55.8100,55.8150,55.7900,55.8100,2400
1466176448,55.8100,55.8150,55.8000,55.8150,1900
1466176555,55.8100,55.8150,55.8100,55.8150,2000
1466176567,55.7950,55.8100,55.7850,55.8050,1800
1466176665,55.8050,55.8100,55.7800,55.7900,4600
1466176725,55.8400,55.8500,55.8100,55.8100,2300
1466176797,55.8500,55.8500,55.8400,55.8450,11000
1466176801,55.8600,55.8650,55.8500,55.8500,5600
1466176867,55.8700,55.8701,55.8500,55.8600,5000
1466176969,55.8600,55.8700,55.8600,55.8700,2100
1466177015,55.8350,55.8550,55.8350,55.8550,2200
1466177094,55.8400,55.8650,55.8400,55.8400,3800
1466177129,55.8300,55.8350,55.8250,55.8250,1300
1466177167,55.8250,55.8500,55.8250,55.8400,1700
1466177233,55.8000,55.8200,55.8000,55.8200,900
1466177338,55.7800,55.8100,55.7800,55.8000,4000
1466177399,55.7550,55.7700,55.7550,55.7700,4000
1466177450,55.7700,55.7700,55.7400,55.7500,9100
1466177482,55.7800,55.7900,55.7600,55.7600,2800
1466177526,55.8000,55.8000,55.7900,55.7900,2400
1466177636,55.7900,55.8000,55.7800,55.8000,7500
1466177677,55.8100,55.8200,55.8000,55.8000,5000
1466177756,55.7900,55.8150,55.7900,55.8000,11100
1466177762,55.8100,55.8100,55.7800,55.8000,2700
1466177858,55.8100,55.8100,55.8100,55.8100,900
1466177936,55.8400,55.8400,55.8200,55.8200,1000
1466177952,55.8400,55.8500,55.8400,55.8400,4200
1466178008,55.8600,55.8700,55.8300,55.8300,5300
1466178065,55.8450,55.8600,55.8450,55.8600,1900
1466178124,55.8650,55.8700,55.8500,55.8500,8900
1466178199,55.8600,55.8600,55.8600,55.8600,3000
1466178283,55.8700,55.8750,55.8700,55.8700,800
1466178305,55.8600,55.8700,55.8600,55.8700,3600
1466178368,55.8650,55.8650,55.8600,55.8600,2400
1466178447,55.8740,55.8740,55.8700,55.8700,800
1466178485,55.8700,55.8750,55.8700,55.8750,3400
1466178548,55.8800,55.8800,55.8750,55.8750,11600
1466178658,55.8800,55.8800,55.8800,55.8800,100
1466178718,55.8900,55.9000,55.8800,55.8800,3200
1466178721,55.8600,55.8800,55.8600,55.8800,400
1466178819,55.8550,55.8600,55.8550,55.8600,300
1466178875,55.8600,55.8650,55.8600,55.8600,1000
1466178900,55.8500,55.8600,55.8500,55.8600,6000
1466178981,55.8200,55.8300,55.8200,55.8300,200
1466179026,55.8500,55.8500,55.8400,55.8400,1000
1466179137,55.8700,55.8700,55.8400,55.8500,6800
1466179199,55.8600,55.8750,55.8600,55.8700,3500
1466179208,55.8800,55.8800,55.8700,55.8700,1600
1466179274,55.9000,55.9000,55.8800,55.8800,6300
1466179331,55.9300,55.9300,55.9050,55.9050,10800
1466179439,55.9250,55.9250,55.9200,55.9200,900
1466179491,55.9200,55.9300,55.9200,55.9300,7800
1466179505,55.9200,55.9200,55.9200,55.9200,600
1466179577,55.9400,55.9400,55.9300,55.9300,2000
1466179675,55.9500,55.9550,55.9200,55.9300,6000
1466179736,55.9750,55.9750,55.9450,55.9500,4900
1466179798,55.9750,55.9800,55.9700,55.9800,3200
1466179802,56.0000,56.0100,55.9750,55.9800,12900
1466179872,56.0050,56.0050,56.0000,56.0050,4300
1466179947,55.9900,55.9900,55.9900,55.9900,500
1466179992,56.0000,56.0050,55.9900,56.0050,8900
1466180083,56.0000,56.0000,56.0000,56.0000,800
1466180110,56.0100,56.0200,56.0050,56.0100,4800
1466180166,55.9900,56.0100,55.9900,56.0100,800
1466180279,55.9750,55.9800,55.9750,55.9800,700
1466180338,55.9950,55.9950,55.9750,55.9750,33800
1466180391,56.0000,56.0000,56.0000,56.0000,3700
1466180449,56.0000,56.0100,56.0000,56.0100,1100
1466180514,56.0000,56.0100,56.0000,56.0000,3000
1466180521,55.9900,56.0050,55.9900,56.0000,9500
1466180625,55.9950,56.0000,55.9950,55.9950,3700
1466180698,55.9800,56.0000,55.9800,56.0000,1200
1466180719,55.9900,55.9900,55.9900,55.9900,1000
1466180792,55.9800,55.9800,55.9800,55.9800,300
1466180821,55.9850,55.9865,55.9800,55.9800,2500
1466180939,55.9850,55.9850,55.9800,55.9800,3600
1466180994,56.0100,56.0100,55.9800,55.9850,16300
1466181001,56.0000,56.0150,56.0000,56.0100,6300
1466181125,56.0000,56.0065,56.0000,56.0065,1500
1466181233,55.9750,55.9750,55.9700,55.9700,300
1466181298,55.9700,55.9850,55.9700,55.9700,9000
1466181356,55.9800,55.9800,55.9600,55.9600,2000
1466181362,55.9850,55.9900,55.9800,55.9800,9500
1466181479,55.9800,55.9850,55.9800,55.9850,600
1466181485,55.9700,55.9900,55.9700,55.9900,1000
1466181591,55.9650,55.9650,55.9600,55.9650,3600
1466181618,55.9700,55.9700,55.9600,55.9600,2900
1466181706,55.9750,55.9800,55.9700,55.9800,9700
1466181771,55.9800,55.9800,55.9700,55.9700,1600
1466181838,55.9700,55.9800,55.9700,55.9800,1100
1466181890,55.9900,55.9900,55.9800,55.9800,1400
1466181956,56.0000,56.0000,55.9850,55.9900,1600
1466182000,55.9800,56.0100,55.9800,56.0100,6300
1466182020,55.9800,55.9800,55.9800,55.9800,200
1466182083,55.9600,55.9600,55.9500,55.9600,3100
1466182174,55.9500,55.9500,55.9500,55.9500,1100
1466182202,55.9600,55.9600,55.9500,55.9500,600
1466182286,55.9550,55.9550,55.9500,55.9500,1200
1466182372,55.9500,55.9550,55.9400,55.9500,4200
1466182403,55.9500,55.9500,55.9500,55.9500,800
1466182498,55.9500,55.9500,55.9400,55.9500,2300
1466182500,55.9500,55.9500,55.9500,55.9500,100
1466182565,55.9600,55.9600,55.9600,55.9600,3300
1466182677,55.9500,55.9600,55.9400,55.9535,3300
1466182734,55.9500,55.9550,55.9400,55.9400,3900
1466182786,55.9600,55.9600,55.9600,55.9600,800
1466182817,55.9600,55.9650,55.9500,55.9600,5400
1466182909,55.9300,55.9600,55.9300,55.9600,1900
1466182921,55.9100,55.9300,55.9100,55.9300,2100
1466183029,55.9400,55.9400,55.9200,55.9200,5200
1466183050,55.9300,55.9300,55.9300,55.9300,1100
1466183150,55.9250,55.9250,55.9200,55.9200,1400
1466183167,55.9350,55.9350,55.9300,55.9300,2100
1466183279,55.9450,55.9450,55.9400,55.9400,3400
1466183281,55.9700,55.9700,55.9450,55.9450,8100
1466183378,55.9900,55.9900,55.9800,55.9800,1900
1466183409,55.9900,55.9900,55.9900,55.9900,2800
1466183468,55.9800,55.9800,55.9700,55.9800,1000
1466183532,55.9700,55.9770,55.9700,55.9700,5100
1466183631,55.9800,55.9800,55.9700,55.9700,1100
1466183646,55.9900,55.9900,55.9900,55.9900,400
1466183706,55.9900,55.9950,55.9900,55.9900,11000
1466183772,56.0000,56.0000,55.9900,55.9900,3200
1466183876,56.0100,56.0100,56.0000,56.0000,2400
1466183916,56.0200,56.0200,56.0200,56.0200,4000
1466183972,56.0200,56.0200,56.0200,56.0200,1000
1466184026,56.0250,56.0250,56.0250,56.0250,100
1466184060,56.0300,56.0300,56.0300,56.0300,1600
1466184125,56.0200,56.0200,56.0159,56.0200,1800
1466184238,56.0050,56.0100,56.0050,56.0100,1800
1466184295,56.0200,56.0200,56.0100,56.0100,2500
1466184352,56.0500,56.0500,56.0300,56.0300,1500
1466184376,56.0400,56.0500,56.0400,56.0500,1200
1466184466,56.0400,56.0400,56.0400,56.0400,100
1466184492,56.0500,56.0500,56.0500,56.0500,100
1466184599,56.0200,56.0400,56.0200,56.0400,2000
1466184651,56.0200,56.0200,56.0200,56.0200,1500
1466184670,56.0250,56.0300,56.0191,56.0200,2800
1466184727,56.0300,56.0300,56.0300,56.0300,500
1466184796,56.0150,56.0200,56.0100,56.0200,1700
1466184845,56.0250,56.0250,56.0200,56.0200,1300
1466184917,56.0100,56.0200,56.0100,56.0200,7100
1466185003,56.0200,56.0200,56.0100,56.0100,1500
1466185035,56.0100,56.0100,56.0100,56.0100,600
1466185139,56.0200,56.0200,56.0000,56.0000,3900
1466185145,56.0100,56.0100,56.0100,56.0100,6400
1466185255,56.0500,56.0500,56.0300,56.0300,5400
1466185283,56.0700,56.0700,56.0600,56.0600,2800
1466185375,56.0600,56.0700,56.0600,56.0700,1900
1466185406,56.0500,56.0600,56.0500,56.0600,700
1466185497,56.0500,56.0600,56.0400,56.0400,6900
1466185535,56.0500,56.0500,56.0500,56.0500,100
1466185592,56.0500,56.0500,56.0500,56.0500,1900
1466185627,56.0500,56.0500,56.0500,56.0500,100
1466185704,56.0600,56.0600,56.0600,56.0600,2900
1466185742,56.0600,56.0600,56.0600,56.0600,1900
1466185820,56.0700,56.0700,56.0600,56.0600,700
1466185873,56.0950,56.0950,56.0800,56.0800,5000
1466185973,56.0950,56.0950,56.0900,56.0900,600
1466186014,56.0900,56.1000,56.0900,56.1000,4300
1466186097,56.0600,56.0900,56.0600,56.0900,1700
1466186156,56.0700,56.0700,56.0600,56.0600,4300
1466186219,56.0750,56.0750,56.0750,56.0750,100
1466186273,56.0700,56.0700,56.0700,56.0700,300
1466186298,56.0650,56.0650,56.0600,56.0600,2100
1466186375,56.0700,56.0700,56.0600,56.0600,200
1466186400,56.0800,56.0800,56.0700,56.0700,5800
1466186519,56.0850,56.0900,56.0800,56.0800,3200
1466186578,56.1000,56.1000,56.0900,56.0900,2500
1466186639,56.0700,56.0950,56.0700,56.0950,2200
1466186649,56.0700,56.0738,56.0700,56.0738,1000
1466186703,56.0650,56.0650,56.0600,56.0600,3300
1466186761,56.0400,56.0400,56.0300,56.0325,7300
1466186871,56.0300,56.0400,56.0300,56.0400,4200
1466186925,56.0300,56.0300,56.0200,56.0200,6100
1466186998,56.0600,56.0600,56.0400,56.0400,2900
1466187003,56.0800,56.0800,56.0600,56.0600,3100
1466187102,56.0900,56.0900,56.0800,56.0800,2500
1466187126,56.0900,56.0990,56.0900,56.0990,2300
1466187232,56.0700,56.0850,56.0700,56.0800,5300
1466187284,56.0900,56.0900,56.0800,56.0800,1200
1466187312,56.1100,56.1100,56.0700,56.0800,700
1466187361,56.1200,56.1200,56.1100,56.1100,300
1466187461,56.1100,56.1100,56.1100,56.1100,400
1466187535,56.1000,56.1130,56.1000,56.1130,1200
1466187599,56.0700,56.0900,56.0700,56.0900,1000
1466187649,56.0800,56.0850,56.0700,56.0700,3900
1466187662,56.0700,56.0800,56.0700,56.0800,4200
1466187779,56.0800,56.0950,56.0700,56.0700,4400
1466187836,56.1300,56.1300,56.0900,56.0900,4700
1466187840,56.1300,56.1350,56.1300,56.1300,1000
1466187901,56.1100,56.1250,56.1050,56.1250,5000
1466188019,56.1400,56.1400,56.1200,56.1200,4500
1466188020,56.1392,56.1400,56.1230,56.1400,6400
1466188098,56.1400,56.1400,56.1400,56.1400,500
1466188195,56.1400,56.1400,56.1400,56.1400,500
1466188200,56.1344,56.1400,56.1329,56.1400,600
1466188286,56.1400,56.1500,56.1400,56.1400,800
1466188368,56.1700,56.1750,56.1550,56.1550,10000
1466188386,56.1900,56.1900,56.1800,56.1800,6700
1466188486,56.1900,56.1900,56.1900,56.1900,100
1466188557,56.2000,56.2000,56.1800,56.1800,300
1466188617,56.1900,56.2000,56.1900,56.2000,900
1466188629,56.1800,56.1800,56.1800,56.1800,400
1466188738,56.1850,56.1870,56.1800,56.1800,4000
1466188795,56.1800,56.1850,56.1800,56.1800,6000
1466188800,56.1800,56.1800,56.1700,56.1800,12200
1466188886,56.1500,56.1800,56.1500,56.1800,1800
1466188945,56.1700,56.1700,56.1500,56.1500,900
1466189004,56.1700,56.1700,56.1700,56.1700,400
1466189088,56.1900,56.2100,56.1800,56.1800,8500
1466189114,56.2000,56.2000,56.1900,56.1900,900
1466189274,56.1800,56.1900,56.1800,56.1900,7900
1466189297,56.1800,56.1900,56.1800,56.1900,800
1466189354,56.1900,56.1950,56.1900,56.1950,200
1466189426,56.2000,56.2000,56.2000,56.2000,400
1466189579,56.2000,56.2100,56.2000,56.2100,600
1466189581,56.1901,56.2050,56.1901,56.2050,1300
1466189685,56.1850,56.1900,56.1850,56.1900,1200
1466189759,56.1800,56.1900,56.1800,56.1900,3800
1466189760,56.1750,56.1850,56.1750,56.1850,4200
1466189820,56.1600,56.1700,56.1600,56.1700,9100
1466189915,56.1500,56.1500,56.1500,56.1500,100
1466189992,56.1600,56.1693,56.1600,56.1600,600
1466190001,56.1700,56.1750,56.1600,56.1600,3700
1466190060,56.1600,56.1700,56.1600,56.1700,8100
1466190143,56.1600,56.1650,56.1600,56.1600,1100
1466190194,56.1533,56.1650,56.1501,56.1650,1300
1466190275,56.1522,56.1522,56.1522,56.1522,100
1466190355,56.1500,56.1550,56.1500,56.1550,2800
1466190385,56.1400,56.1400,56.1400,56.1400,100
1466190421,56.1400,56.1400,56.1400,56.1400,200
1466190520,56.1450,56.1450,56.1450,56.1450,400
1466190554,56.1350,56.1450,56.1350,56.1450,2700
1466190656,56.1400,56.1400,56.1400,56.1400,900
1466190661,56.1325,56.1400,56.1325,56.1400,600
1466190732,56.1400,56.1400,56.1325,56.1325,800
1466190798,56.1450,56.1500,56.1400,56.1400,1000
1466190897,56.1400,56.1559,56.1400,56.1559,6400
1466190958,56.1300,56.1400,56.1200,56.1400,1800
1466191018,56.1200,56.1300,56.1200,56.1300,5700
1466191077,56.1100,56.1250,56.0950,56.1250,22100
1466191135,56.1000,56.1050,56.0900,56.1000,4100
1466191169,56.1100,56.1150,56.1000,56.1000,9000
1466191201,56.1300,56.1300,56.1200,56.1200,1400
1466191263,56.1100,56.1250,56.1001,56.1201,2600
1466191323,56.1300,56.1300,56.1200,56.1200,200
1466191431,56.1250,56.1250,56.1200,56.1250,3500
1466191442,56.1200,56.1350,56.1200,56.1300,3900
1466191556,56.1250,56.1250,56.1200,56.1200,2400
1466191569,56.1300,56.1300,56.1250,56.1250,700
1466191677,56.1100,56.1350,56.1100,56.1300,4100
1466191687,56.1100,56.1150,56.1000,56.1150,1300
1466191793,56.1200,56.1200,56.1150,56.1150,2000
1466191837,56.1000,56.1200,56.1000,56.1200,6500
1466191860,56.1100,56.1100,56.1000,56.1000,1500
1466191973,56.1100,56.1150,56.1100,56.1100,1700
1466191982,56.1300,56.1300,56.1200,56.1200,5300
1466192098,56.1200,56.1250,56.1200,56.1200,5600
1466192106,56.1300,56.1400,56.1300,56.1300,7200
1466192215,56.1100,56.1300,56.1100,56.1300,6500
1466192277,56.1150,56.1200,56.1100,56.1100,1400
1466192286,56.1200,56.1250,56.1200,56.1200,3900
1466192343,56.1150,56.1200,56.1100,56.1150,3100
1466192450,56.1100,56.1100,56.1000,56.1100,2200
1466192471,56.1000,56.1050,56.0800,56.1000,11400
1466192578,56.0950,56.0950,56.0900,56.0900,700
1466192580,56.1000,56.1000,56.0950,56.0950,500
1466192652,56.1100,56.1100,56.1000,56.1000,3600
1466192724,56.1150,56.1150,56.1100,56.1150,1600
1466192819,56.1150,56.1200,56.1100,56.1100,9600
1466192873,56.1000,56.1100,56.1000,56.1100,1900
1466192885,56.0900,56.1000,56.0900,56.1000,6100
1466192993,56.1050,56.1050,56.1000,56.1000,6200
1466193045,56.0900,56.1100,56.0900,56.1000,8600
1466193113,56.1000,56.1000,56.1000,56.1000,2100
1466193167,56.1200,56.1200,56.0950,56.0950,12600
1466193237,56.1100,56.1250,56.1050,56.1250,6900
1466193298,56.1150,56.1150,56.1050,56.1100,9600
1466193359,56.1000,56.1150,56.1000,56.1110,6600
1466193418,56.1100,56.1150,56.1050,56.1050,18300
1466193478,56.1200,56.1250,56.1100,56.1100,8500
1466193539,56.1200,56.1250,56.1200,56.1200,7500
1466193541,56.1200,56.1300,56.1100,56.1200,17400
1466193600,56.0900,56.0900,56.0900,56.0900,8900
