uri:/instrument/1.0/KO/chartdata;type=quote;range=1d/csv
ticker:ko
Company-Name:Coca-Cola Company (The) Common 
Exchange-Name:NYQ
unit:MIN
timezone:EDT
currency:USD
gmtoffset:-14400
previous_close:44.8600
Timestamp:1466688600,1466712000
labels:1466690400,1466694000,1466697600,1466701200,1466704800,1466708400,1466712000
values:Timestamp,close,high,low,open,volume
close:44.8500,45.1500
high:44.8600,45.1700
low:44.8400,45.1300
open:44.8500,45.1700
volume:1800,726600
1466688659,45.1475,45.1500,45.0800,45.0800,304400
1466688718,45.0900,45.1700,45.0800,45.1700,46000
1466688777,45.1500,45.1600,45.1100,45.1100,28000
1466688784,45.0700,45.1400,45.0600,45.1400,17100
1466688842,45.1500,45.1500,45.0693,45.0700,25900
1466688904,45.1400,45.1600,45.1300,45.1600,22300
1466689019,45.1450,45.1600,45.1200,45.1400,23300
1466689079,45.1300,45.1500,45.1300,45.1400,27400
1466689138,45.1000,45.1400,45.1000,45.1300,22800
1466689143,45.0800,45.1000,45.0600,45.0900,37800
1466689256,45.1050,45.1100,45.0800,45.0900,23400
1466689319,45.0600,45.1250,45.0600,45.1000,47100
1466689331,45.0700,45.0800,45.0500,45.0600,30000
1466689380,45.0899,45.1000,45.0700,45.0700,21700
1466689496,45.1050,45.1100,45.0800,45.0800,17200
1466689506,45.1400,45.1450,45.1000,45.1100,42800
1466689617,45.0900,45.1430,45.0900,45.1430,21000
1466689679,45.0600,45.0900,45.0400,45.0800,48300
1466689738,45.0600,45.0800,45.0500,45.0800,26200
1466689742,45.0700,45.0800,45.0500,45.0550,30000
1466689858,45.0250,45.0600,45.0200,45.0600,32100
1466689869,45.0300,45.0400,45.0100,45.0200,28300
1466689929,45.0400,45.0500,45.0200,45.0400,34000
1466690038,45.0300,45.0500,45.0300,45.0500,24500
1466690096,45.0350,45.0400,45.0300,45.0400,8400
1466690159,45.0200,45.0300,45.0100,45.0300,41800
1466690219,45.0200,45.0300,45.0000,45.0200,272000
1466690222,45.0300,45.0350,45.0100,45.0157,26600
1466690286,45.0100,45.0400,45.0100,45.0300,11700
1466690395,45.0093,45.0200,45.0000,45.0200,5800
1466690458,45.0450,45.0450,45.0000,45.0000,32900
1466690517,45.0700,45.0800,45.0400,45.0400,15900
1466690576,45.0800,45.0900,45.0700,45.0800,17700
1466690581,45.0500,45.1000,45.0500,45.0750,31000
1466690693,45.0600,45.0728,45.0400,45.0461,26900
1466690759,45.0300,45.0700,45.0300,45.0600,14600
1466690768,45.0600,45.0650,45.0300,45.0300,44100
1466690820,45.0500,45.0800,45.0500,45.0700,33500
1466690882,45.0500,45.0538,45.0400,45.0401,20500
1466690945,45.0450,45.0500,45.0400,45.0439,7000
1466691058,45.0500,45.0600,45.0400,45.0499,24100
1466691118,45.0200,45.0450,45.0200,45.0400,13500
1466691120,45.0150,45.0300,45.0100,45.0267,32800
1466691238,45.0150,45.0200,45.0100,45.0200,5200
1466691299,45.0600,45.0600,45.0100,45.0100,26200
1466691300,45.0350,45.0700,45.0350,45.0600,23000
1466691366,45.0100,45.0400,45.0000,45.0400,24900
1466691477,45.0300,45.0300,44.9900,45.0050,24700
1466691538,45.0300,45.0400,45.0200,45.0250,16400
1466691541,45.0100,45.0268,45.0000,45.0268,6800
1466691658,45.0199,45.0200,45.0000,45.0050,28400
1466691661,45.0100,45.0250,44.9900,45.0141,39700
1466691775,44.9950,45.0100,44.9800,45.0100,32600
1466691838,45.0100,45.0127,44.9900,45.0100,12700
1466691898,44.9950,45.0100,44.9920,45.0100,9700
1466691959,45.0300,45.0400,44.9900,45.0000,37100
1466692013,45.0400,45.0500,45.0400,45.0450,11200
1466692077,45.0200,45.0400,45.0200,45.0400,8100
1466692139,45.0350,45.0400,45.0200,45.0200,23900
1466692141,45.0100,45.0350,45.0000,45.0350,14900
1466692209,44.9950,45.0100,44.9900,45.0100,12200
1466692319,44.9900,45.0200,44.9900,45.0000,28300
1466692375,44.9900,44.9961,44.9800,44.9961,4100
1466692437,44.9800,44.9900,44.9800,44.9900,5400
1466692441,44.9700,44.9750,44.9600,44.9700,10300
1466692559,44.9800,44.9800,44.9500,44.9700,16800
1466692568,45.0000,45.0000,44.9800,44.9850,10400
1466692673,45.0000,45.0000,44.9800,45.0000,26300
1466692680,45.0325,45.0400,45.0000,45.0000,28100
1466692742,45.0100,45.0300,45.0100,45.0300,18000
1466692811,45.0400,45.0500,45.0300,45.0300,15000
1466692865,45.0339,45.0450,45.0300,45.0372,6600
1466692979,45.0450,45.0500,45.0300,45.0400,8800
1466693039,45.0300,45.0500,45.0232,45.0400,11600
1466693042,45.0030,45.0300,45.0030,45.0300,16500
1466693153,45.0099,45.0100,45.0000,45.0050,4600
1466693219,44.9700,45.0100,44.9700,45.0100,10300
1466693222,44.9800,44.9800,44.9700,44.9750,4900
1466693289,44.9600,44.9750,44.9600,44.9750,10900
1466693399,44.9800,44.9800,44.9600,44.9600,17600
1466693403,44.9650,44.9800,44.9600,44.9800,9200
1466693517,44.9700,44.9725,44.9650,44.9700,4500
1466693524,44.9700,44.9700,44.9600,44.9650,5900
1466693638,44.9700,44.9800,44.9600,44.9700,16100
1466693640,44.9950,45.0000,44.9700,44.9800,25700
1466693712,44.9700,44.9950,44.9600,44.9950,122800
1466693808,44.9500,44.9700,44.9500,44.9699,10100
1466693826,44.9625,44.9700,44.9500,44.9550,18200
1466693889,44.9700,44.9700,44.9600,44.9700,26700
1466693999,44.9600,44.9800,44.9600,44.9799,10600
1466694055,44.9500,44.9700,44.9500,44.9650,7200
1466694119,44.9700,44.9700,44.9500,44.9600,24800
1466694175,44.9700,44.9700,44.9607,44.9700,11900
1466694239,44.9700,44.9800,44.9700,44.9800,12500
1466694299,44.9800,44.9800,44.9700,44.9775,4500
1466694304,44.9900,44.9900,44.9707,44.9707,23800
1466694362,44.9800,44.9900,44.9701,44.9850,21600
1466694423,44.9750,44.9900,44.9750,44.9840,24500
1466694483,44.9799,44.9800,44.9600,44.9700,27500
1466694592,44.9800,44.9800,44.9700,44.9710,3600
1466694608,44.9800,44.9800,44.9700,44.9800,6400
1466694661,44.9800,44.9900,44.9500,44.9750,52800
1466694729,44.9800,44.9900,44.9750,44.9900,36600
1466694835,44.9740,44.9800,44.9700,44.9800,9200
1466694843,44.9850,44.9900,44.9700,44.9750,13800
1466694959,44.9900,44.9900,44.9800,44.9900,25900
1466694960,45.0000,45.0000,44.9800,44.9900,34900
1466695078,45.0000,45.0000,44.9900,45.0000,10200
1466695084,44.9950,45.0000,44.9900,45.0000,14800
1466695142,44.9900,45.0000,44.9900,45.0000,8000
1466695202,44.9900,45.0000,44.9900,44.9950,6800
1466695262,44.9901,44.9999,44.9900,44.9950,4100
1466695373,44.9950,45.0000,44.9900,45.0000,14000
1466695382,45.0150,45.0200,44.9900,45.0000,39900
1466695499,45.0250,45.0300,45.0200,45.0200,19300
1466695503,45.0200,45.0300,45.0200,45.0250,19500
1466695561,45.0250,45.0300,45.0100,45.0200,42800
1466695622,45.0300,45.0300,45.0200,45.0250,20100
1466695737,45.0500,45.0500,45.0300,45.0350,17200
1466695799,45.0550,45.0600,45.0400,45.0500,18500
1466695857,45.0550,45.0600,45.0500,45.0600,8400
1466695912,45.0650,45.0700,45.0500,45.0500,33500
1466695978,45.0600,45.0700,45.0500,45.0600,13200
1466695986,45.0600,45.0700,45.0500,45.0600,16200
1466696097,45.0600,45.0700,45.0500,45.0500,19900
1466696157,45.0600,45.0700,45.0600,45.0600,12600
1466696219,45.0600,45.0700,45.0600,45.0600,9200
1466696276,45.0650,45.0700,45.0600,45.0600,8500
1466696335,45.0400,45.0700,45.0400,45.0600,18400
1466696396,45.0300,45.0500,45.0300,45.0400,11800
1466696403,45.0550,45.0600,45.0300,45.0350,28100
1466696463,45.0700,45.0700,45.0500,45.0550,14000
1466696571,45.0750,45.0800,45.0700,45.0700,6700
1466696634,45.0550,45.0750,45.0501,45.0750,12100
1466696696,45.0550,45.0550,45.0400,45.0550,11100
1466696753,45.0400,45.0550,45.0400,45.0550,6400
1466696762,45.0450,45.0500,45.0400,45.0400,6400
1466696879,45.0250,45.0400,45.0200,45.0350,9300
1466696881,45.0150,45.0250,45.0100,45.0250,15200
1466696998,45.0050,45.0150,45.0000,45.0150,6800
1466697059,45.0150,45.0200,45.0000,45.0100,28300
1466697118,45.0150,45.0175,45.0100,45.0150,4500
1466697178,45.0200,45.0300,45.0100,45.0100,14100
1466697183,45.0250,45.0299,45.0200,45.0250,4500
1466697293,45.0150,45.0300,45.0100,45.0250,22700
1466697358,45.0150,45.0200,45.0100,45.0150,6200
1466697361,45.0250,45.0250,45.0100,45.0150,18800
1466697476,45.0250,45.0250,45.0200,45.0200,1900
1466697539,45.0200,45.0300,45.0200,45.0250,6700
1466697543,45.0200,45.0300,45.0200,45.0300,3900
1466697600,45.0200,45.0300,45.0200,45.0200,13900
1466697669,45.0200,45.0299,45.0200,45.0250,1800
1466697725,45.0300,45.0300,45.0200,45.0200,14200
1466697830,45.0171,45.0300,45.0100,45.0300,12500
1466697840,45.0175,45.0200,45.0100,45.0100,4400
1466697951,45.0100,45.0200,45.0100,45.0150,3000
1466698017,45.0200,45.0200,45.0100,45.0170,5700
1466698022,45.0100,45.0200,45.0100,45.0100,5800
1466698086,45.0100,45.0200,45.0100,45.0100,2400
1466698199,45.0100,45.0200,45.0100,45.0100,5000
1466698204,45.0100,45.0200,45.0100,45.0100,18700
1466698260,45.0150,45.0200,45.0100,45.0150,22500
1466698322,45.0100,45.0199,45.0100,45.0150,7400
1466698382,45.0000,45.0100,44.9900,45.0100,14600
1466698498,44.9800,44.9961,44.9800,44.9900,13900
1466698555,44.9800,44.9900,44.9800,44.9800,12600
1466698617,44.9750,44.9850,44.9700,44.9800,3200
1466698677,44.9750,44.9800,44.9700,44.9750,38100
1466698686,44.9728,44.9800,44.9700,44.9800,3400
1466698793,44.9750,44.9800,44.9700,44.9750,6200
1466698854,44.9700,44.9800,44.9700,44.9716,35000
1466698918,44.9800,44.9900,44.9750,44.9800,15100
1466698979,44.9850,44.9900,44.9800,44.9800,3800
1466699039,44.9800,44.9900,44.9800,44.9800,2600
1466699045,44.9800,44.9850,44.9800,44.9850,8600
1466699100,44.9850,44.9900,44.9800,44.9800,7300
1466699212,45.0000,45.0000,44.9800,44.9800,15200
1466699221,44.9900,45.0000,44.9900,45.0000,6400
1466699338,44.9900,45.0000,44.9900,45.0000,5500
1466699394,44.9950,45.0000,44.9900,44.9950,2600
1466699400,44.9800,45.0000,44.9800,44.9900,11000
1466699460,44.9844,44.9900,44.9800,44.9800,5400
1466699532,44.9850,44.9900,44.9800,44.9850,6300
1466699585,44.9850,44.9900,44.9800,44.9900,17200
1466699645,44.9700,44.9900,44.9700,44.9800,41200
1466699756,44.9750,44.9800,44.9700,44.9700,4800
1466699763,44.9550,44.9800,44.9500,44.9799,74700
1466699879,44.9300,44.9550,44.9300,44.9500,19200
1466699939,44.9550,44.9550,44.9350,44.9400,23100
1466699945,44.9550,44.9600,44.9500,44.9600,7800
1466700010,44.9575,44.9600,44.9500,44.9500,1900
1466700063,44.9650,44.9700,44.9550,44.9550,16300
1466700120,44.9450,44.9700,44.9450,44.9700,58000
1466700182,44.9650,44.9700,44.9450,44.9500,14500
1466700295,44.9650,44.9700,44.9600,44.9650,4700
1466700306,44.9650,44.9700,44.9600,44.9650,3600
1466700416,44.9650,44.9700,44.9600,44.9650,2300
1466700476,44.9600,44.9700,44.9600,44.9650,3700
1466700535,44.9800,44.9800,44.9600,44.9650,11600
1466700599,44.9700,44.9900,44.9700,44.9850,10100
1466700602,44.9850,44.9900,44.9735,44.9735,5600
1466700717,44.9850,44.9900,44.9800,44.9850,9300
1466700775,44.9900,44.9900,44.9800,44.9850,4800
1466700832,44.9850,44.9900,44.9800,44.9900,5400
1466700892,44.9850,44.9900,44.9818,44.9850,4900
1466700900,44.9850,44.9900,44.9800,44.9900,5300
1466701018,44.9850,44.9900,44.9800,44.9850,4100
1466701020,44.9850,44.9900,44.9800,44.9850,6000
1466701136,44.9950,45.0000,44.9800,44.9850,21600
1466701199,45.0000,45.0000,44.9937,45.0000,16000
1466701203,44.9950,45.0000,44.9900,44.9950,17200
1466701319,44.9950,45.0000,44.9900,44.9900,6900
1466701321,44.9900,45.0000,44.9900,44.9950,6100
1466701436,45.0000,45.0000,44.9907,45.0000,8900
1466701491,44.9950,45.0000,44.9950,45.0000,4200
1466701502,44.9950,45.0000,44.9900,44.9950,5000
1466701614,44.9950,45.0000,44.9900,44.9950,4300
1466701622,44.9950,45.0000,44.9937,45.0000,5500
1466701737,44.9950,45.0000,44.9901,44.9950,7100
1466701788,45.0050,45.0050,44.9900,44.9950,27700
1466701855,45.0099,45.0100,45.0048,45.0050,6400
1466701864,45.0050,45.0100,45.0000,45.0048,6800
1466701979,44.9990,45.0100,44.9900,45.0050,10200
1466702031,44.9850,44.9950,44.9800,44.9950,9700
1466702099,44.9710,44.9900,44.9700,44.9850,16000
1466702101,44.9650,44.9800,44.9600,44.9750,14000
1466702175,44.9600,44.9700,44.9600,44.9650,4800
1466702277,44.9650,44.9700,44.9600,44.9700,10600
1466702335,44.9650,44.9700,44.9600,44.9650,8300
1466702340,44.9700,44.9900,44.9600,44.9600,42000
1466702402,44.9650,44.9700,44.9600,44.9600,16000
1466702464,44.9700,44.9800,44.9650,44.9700,36300
1466702570,44.9750,44.9800,44.9700,44.9800,6100
1466702580,44.9750,44.9800,44.9700,44.9750,11400
1466702695,44.9800,44.9800,44.9700,44.9750,6900
1466702757,44.9700,44.9800,44.9600,44.9750,25700
1466702818,44.9700,44.9750,44.9600,44.9700,15500
1466702868,44.9720,44.9800,44.9700,44.9750,10100
1466702883,44.9775,44.9800,44.9700,44.9750,1900
1466702996,44.9799,44.9800,44.9750,44.9750,24800
1466703003,44.9750,44.9801,44.9700,44.9750,12200
1466703114,44.9750,44.9800,44.9700,44.9750,4600
1466703167,44.9800,44.9900,44.9800,44.9800,9100
1466703238,44.9739,44.9900,44.9700,44.9900,14900
1466703299,44.9650,44.9750,44.9600,44.9750,11200
1466703359,44.9600,44.9700,44.9600,44.9650,6200
1466703417,44.9650,44.9700,44.9600,44.9650,61000
1466703421,44.9500,44.9650,44.9500,44.9630,9700
1466703480,44.9400,44.9500,44.9400,44.9500,7500
1466703590,44.9450,44.9525,44.9400,44.9499,32900
1466703657,44.9300,44.9500,44.9300,44.9428,12800
1466703713,44.9200,44.9350,44.9200,44.9300,6700
1466703773,44.9200,44.9250,44.9100,44.9250,13300
1466703780,44.9150,44.9300,44.9150,44.9250,14500
1466703850,44.9250,44.9300,44.9112,44.9112,15200
1466703957,44.9140,44.9300,44.9140,44.9250,8800
1466704016,44.9150,44.9150,44.9100,44.9101,2400
1466704076,44.9110,44.9200,44.9110,44.9150,9700
1466704139,44.9200,44.9200,44.9100,44.9150,10600
1466704140,44.9250,44.9300,44.9150,44.9150,23500
1466704201,44.9150,44.9300,44.9100,44.9250,11500
1466704309,44.9250,44.9300,44.9100,44.9150,13000
1466704378,44.9200,44.9300,44.9200,44.9300,5300
1466704435,44.9250,44.9250,44.9200,44.9250,3300
1466704496,44.9200,44.9300,44.9200,44.9300,15600
1466704549,44.9100,44.9250,44.9000,44.9200,45500
1466704560,44.9000,44.9100,44.9000,44.9050,11400
1466704620,44.9000,44.9099,44.9000,44.9000,15100
1466704683,44.8900,44.9050,44.8900,44.9050,10100
1466704741,44.9000,44.9000,44.8900,44.8950,6800
1466704806,44.8900,44.9000,44.8900,44.8950,11800
1466704860,44.8700,44.9000,44.8700,44.8999,24600
1466704921,44.8600,44.8772,44.8600,44.8700,11200
1466705038,44.8510,44.8700,44.8500,44.8600,16300
1466705096,44.8510,44.8650,44.8500,44.8599,61700
1466705103,44.8598,44.8600,44.8500,44.8501,37900
1466705170,44.8530,44.8600,44.8500,44.8550,16500
1466705223,44.8550,44.8600,44.8500,44.8500,8700
1466705337,44.8550,44.8600,44.8500,44.8550,12600
1466705342,44.8600,44.8600,44.8400,44.8550,29200
1466705402,44.8800,44.8800,44.8600,44.8600,52500
1466705519,44.8701,44.8800,44.8700,44.8750,15300
1466705579,44.8800,44.8800,44.8700,44.8750,10700
1466705580,44.8800,44.8900,44.8800,44.8800,15400
1466705697,44.8850,44.8900,44.8800,44.8800,11600
1466705759,44.8856,44.8900,44.8800,44.8800,10800
1466705760,44.8750,44.8900,44.8700,44.8850,52300
1466705877,44.8900,44.8900,44.8700,44.8750,36600
1466705937,44.8801,44.8900,44.8800,44.8900,15900
1466705999,44.8700,44.8868,44.8700,44.8850,13100
1466706001,44.8950,44.9000,44.8700,44.8750,11300
1466706063,44.8900,44.9000,44.8900,44.8950,5400
1466706121,44.8950,44.9000,44.8900,44.8950,7800
1466706238,44.8700,44.9000,44.8700,44.8900,28900
1466706298,44.8700,44.8800,44.8700,44.8750,10600
1466706359,44.8700,44.8800,44.8700,44.8700,10000
1466706364,44.8700,44.8800,44.8700,44.8700,6400
1466706434,44.8700,44.8800,44.8700,44.8700,5000
1466706539,44.8800,44.8800,44.8700,44.8800,6200
1466706540,44.8750,44.8800,44.8700,44.8800,7700
1466706605,44.8700,44.8800,44.8700,44.8744,9800
1466706714,44.8950,44.9000,44.8700,44.8750,30700
1466706723,44.8800,44.8999,44.8800,44.8950,25200
1466706839,44.8750,44.8750,44.8700,44.8710,9500
1466706840,44.8750,44.8800,44.8700,44.8750,5300
1466706901,44.8800,44.8800,44.8700,44.8800,18400
1466706967,44.8700,44.8800,44.8700,44.8728,7700
1466707022,44.8700,44.8800,44.8700,44.8750,5700
1466707139,44.8700,44.8800,44.8700,44.8700,8200
1466707140,44.8700,44.8800,44.8700,44.8750,7900
1466707205,44.8750,44.8850,44.8700,44.8700,54400
1466707319,44.8700,44.8800,44.8700,44.8800,21600
1466707320,44.8800,44.8800,44.8700,44.8750,11400
1466707380,44.8650,44.8800,44.8600,44.8750,27300
1466707498,44.8500,44.8700,44.8500,44.8650,21300
1466707559,44.8600,44.8700,44.8600,44.8600,12000
1466707619,44.8600,44.8700,44.8600,44.8650,46400
1466707620,44.8850,44.8850,44.8600,44.8650,40900
1466707738,44.8890,44.8900,44.8800,44.8850,19700
1466707740,44.8700,44.8800,44.8700,44.8800,15700
1466707859,44.8750,44.8800,44.8700,44.8700,6900
1466707860,44.8700,44.8800,44.8700,44.8750,33800
1466707979,44.8700,44.8800,44.8700,44.8800,13500
1466708036,44.8600,44.8799,44.8600,44.8700,23700
1466708095,44.8650,44.8700,44.8600,44.8600,7300
1466708105,44.8750,44.8800,44.8600,44.8650,34300
1466708163,44.8750,44.8800,44.8700,44.8750,7600
1466708220,44.8750,44.8775,44.8700,44.8700,6700
1466708337,44.8600,44.8800,44.8600,44.8772,21100
1466708397,44.8600,44.8700,44.8600,44.8600,9600
1466708459,44.8575,44.8650,44.8500,44.8650,39500
1466708460,44.8500,44.8600,44.8500,44.8550,10100
1466708520,44.8700,44.8700,44.8500,44.8550,50300
1466708583,44.8650,44.8700,44.8600,44.8700,5500
1466708646,44.8600,44.8700,44.8600,44.8650,4500
1466708757,44.8650,44.8700,44.8600,44.8650,10900
1466708819,44.8650,44.8700,44.8600,44.8600,12900
1466708820,44.8675,44.8700,44.8600,44.8650,7200
1466708935,44.8650,44.8700,44.8600,44.8700,17500
1466708997,44.8750,44.8800,44.8600,44.8600,32000
1466709059,44.8750,44.8800,44.8700,44.8750,13600
1466709119,44.8700,44.8800,44.8700,44.8750,19200
1466709122,44.8700,44.8800,44.8700,44.8750,12400
1466709238,44.8750,44.8800,44.8700,44.8750,17700
1466709241,44.8750,44.8800,44.8700,44.8775,13500
1466709359,44.8850,44.8900,44.8700,44.8700,27700
1466709419,44.8875,44.8900,44.8800,44.8899,28400
1466709420,44.8600,44.8850,44.8600,44.8850,64900
1466709537,44.8600,44.8700,44.8600,44.8700,14200
1466709540,44.8700,44.8700,44.8600,44.8600,21900
1466709659,44.8500,44.8700,44.8500,44.8600,69000
1466709661,44.8610,44.8700,44.8500,44.8550,52600
1466709723,44.8600,44.8700,44.8600,44.8700,61500
1466709783,44.8850,44.8850,44.8600,44.8600,48100
1466709899,44.8850,44.8900,44.8800,44.8900,11800
1466709959,44.8850,44.8900,44.8800,44.8900,13400
1466710019,44.8700,44.9000,44.8600,44.8900,90700
1466710078,44.8600,44.8700,44.8500,44.8700,44700
1466710085,44.8650,44.8800,44.8650,44.8700,31600
1466710198,44.8900,44.8900,44.8600,44.8700,29500
1466710257,44.8900,44.8900,44.8800,44.8900,14300
1466710260,44.9000,44.9000,44.8838,44.8850,30100
1466710377,44.9200,44.9200,44.8900,44.9000,25400
1466710439,44.9200,44.9250,44.9150,44.9200,45300
1466710497,44.9300,44.9300,44.9150,44.9200,16600
1466710559,44.9200,44.9300,44.9100,44.9300,39300
1466710619,44.9210,44.9250,44.9100,44.9200,27000
1466710624,44.9200,44.9300,44.9100,44.9300,39700
1466710739,44.9300,44.9300,44.9200,44.9250,20800
1466710740,44.9250,44.9300,44.9150,44.9200,61100
1466710808,44.9348,44.9400,44.9200,44.9200,44500
1466710916,44.9250,44.9400,44.9200,44.9400,30600
1466710979,44.9500,44.9500,44.9250,44.9300,40700
1466711038,44.9650,44.9700,44.9450,44.9500,39100
1466711040,44.9900,44.9900,44.9600,44.9700,68500
1466711159,45.0000,45.0000,44.9800,44.9900,50500
1466711219,45.0100,45.0150,44.9901,44.9950,53100
1466711278,45.0100,45.0100,45.0000,45.0080,32100
1466711285,45.0000,45.0100,45.0000,45.0100,25500
1466711344,45.0150,45.0200,45.0050,45.0100,53900
1466711458,45.0400,45.0450,45.0150,45.0150,87700
1466711469,45.0400,45.0500,45.0300,45.0400,74400
1466711579,45.0400,45.0400,45.0300,45.0336,22200
1466711585,45.0500,45.0500,45.0300,45.0350,109800
1466711651,45.0540,45.0600,45.0500,45.0550,50600
1466711757,45.0600,45.0600,45.0500,45.0550,66400
1466711819,45.0600,45.0600,45.0400,45.0550,117500
1466711878,45.0550,45.0600,45.0500,45.0550,70400
1466711939,45.0600,45.0600,45.0500,45.0550,71800
1466711942,45.0700,45.0800,45.0550,45.0550,251200
1466712000,45.0800,45.0800,45.0800,45.0800,726600
