uri:/instrument/1.0/XLU/chartdata;type=quote;range=1d/csv
ticker:xlu
Company-Name:SPDR Select Sector Fund - Utili
Exchange-Name:PCX
unit:MIN
timezone:EDT
currency:USD
gmtoffset:-14400
previous_close:50.1900
Timestamp:1466688600,1466712000
labels:1466690400,1466694000,1466697600,1466701200,1466704800,1466708400,1466712000
values:Timestamp,close,high,low,open,volume
close:49.9962,50.3400
high:50.0050,50.3500
low:49.9900,50.3300
open:49.9926,50.3400
volume:100,687000
1466688609,50.2500,50.2900,50.2000,50.2000,103300
1466688717,50.1500,50.2300,50.1500,50.2300,51300
1466688778,50.1950,50.2000,50.1100,50.1400,50400
1466688839,50.1400,50.1900,50.1300,50.1900,28900
1466688840,50.1495,50.1500,50.1200,50.1400,19900
1466688955,50.1200,50.1400,50.1000,50.1400,68100
1466689018,50.1200,50.1300,50.1200,50.1200,6800
1466689079,50.1400,50.1500,50.1000,50.1250,55900
1466689138,50.1000,50.1500,50.0900,50.1500,22100
1466689199,50.1300,50.1500,50.0900,50.0900,20300
1466689259,50.1900,50.1900,50.1200,50.1300,85200
1466689319,50.1950,50.2200,50.1697,50.1810,74300
1466689323,50.2100,50.2100,50.1700,50.1900,29900
1466689436,50.1750,50.2000,50.1700,50.2000,21500
1466689495,50.1900,50.1950,50.1581,50.1739,26900
1466689558,50.1900,50.2100,50.1800,50.1900,10100
1466689563,50.2100,50.2250,50.1900,50.1900,25700
1466689628,50.2000,50.2100,50.1900,50.2100,9500
1466689685,50.1900,50.2000,50.1800,50.2000,49400
1466689796,50.2000,50.2200,50.1800,50.1800,52300
1466689856,50.1806,50.2000,50.1800,50.1900,12400
1466689919,50.2000,50.2000,50.1700,50.1900,18800
1466689958,50.1800,50.2001,50.1800,50.2000,6000
1466690033,50.1500,50.1800,50.1400,50.1800,37000
1466690099,50.1800,50.1800,50.1600,50.1600,11000
1466690102,50.1800,50.1900,50.1600,50.1900,16200
1466690162,50.1600,50.1700,50.1500,50.1700,9500
1466690277,50.1700,50.1700,50.1500,50.1600,13300
1466690333,50.1500,50.1600,50.1400,50.1600,5700
1466690397,50.1200,50.1500,50.1100,50.1500,6300
1466690406,50.1500,50.1599,50.1200,50.1300,12300
1466690467,50.1700,50.1700,50.1500,50.1500,12200
1466690574,50.1700,50.1800,50.1600,50.1800,14600
1466690634,50.1800,50.2100,50.1700,50.1800,125200
1466690694,50.1800,50.2000,50.1800,50.1800,14400
1466690759,50.1650,50.1900,50.1600,50.1700,28300
1466690817,50.1700,50.1800,50.1600,50.1600,9400
1466690820,50.1300,50.1800,50.1300,50.1700,11700
1466690936,50.1200,50.1450,50.1050,50.1300,16100
1466690999,50.1400,50.1500,50.1150,50.1250,13100
1466691056,50.1400,50.1600,50.1300,50.1450,11200
1466691115,50.1350,50.1400,50.1300,50.1400,12500
1466691123,50.1300,50.1400,50.1300,50.1350,2600
1466691185,50.1200,50.1300,50.1200,50.1300,9800
1466691299,50.1300,50.1500,50.1250,50.1300,10300
1466691301,50.1150,50.1350,50.1100,50.1300,16300
1466691417,50.1000,50.1300,50.1000,50.1150,17900
1466691478,50.0900,50.1050,50.0900,50.1000,8200
1466691485,50.0950,50.1100,50.0900,50.0900,10800
1466691597,50.0799,50.1000,50.0700,50.1000,6200
1466691601,50.0600,50.0900,50.0450,50.0800,56200
1466691718,50.0600,50.0600,50.0525,50.0600,27700
1466691776,50.0600,50.0700,50.0600,50.0650,4900
1466691838,50.0600,50.0700,50.0500,50.0600,14400
1466691845,50.0400,50.0600,50.0400,50.0600,6300
1466691905,50.0700,50.0800,50.0450,50.0450,24800
1466691960,50.1000,50.1050,50.0700,50.0700,120000
1466692027,50.0900,50.1000,50.0890,50.1000,687000
1466692082,50.1100,50.1111,50.0819,50.0819,24300
1466692199,50.1000,50.1000,50.0800,50.1000,13500
1466692201,50.1000,50.1100,50.0900,50.1000,36200
1466692260,50.0950,50.1100,50.0900,50.1000,17900
1466692378,50.1100,50.1100,50.0900,50.0900,6800
1466692439,50.0980,50.1100,50.0900,50.1100,5200
1466692442,50.0900,50.1000,50.0710,50.1000,10700
1466692558,50.1300,50.1300,50.0900,50.1000,84900
1466692619,50.1500,50.1500,50.1290,50.1300,14800
1466692679,50.1200,50.1500,50.1200,50.1500,20400
1466692739,50.1450,50.1500,50.1200,50.1200,7300
1466692799,50.1550,50.1600,50.1300,50.1400,12300
1466692859,50.1700,50.1700,50.1550,50.1550,14300
1466692917,50.2000,50.2000,50.1600,50.1700,30200
1466692978,50.1750,50.2000,50.1750,50.2000,20700
1466693039,50.1900,50.2000,50.1700,50.1750,60600
1466693040,50.2000,50.2000,50.1800,50.1900,12500
1466693159,50.1650,50.1900,50.1600,50.1900,28800
1466693211,50.1500,50.1750,50.1500,50.1700,22200
1466693220,50.1550,50.1550,50.1450,50.1550,10700
1466693285,50.1550,50.1600,50.1450,50.1600,7400
1466693395,50.1500,50.1599,50.1500,50.1550,2400
1466693457,50.1200,50.1500,50.1200,50.1500,14700
1466693519,50.1100,50.1201,50.1100,50.1201,9700
1466693531,50.1100,50.1100,50.1000,50.1030,5000
1466693635,50.0900,50.1050,50.0900,50.1000,10100
1466693698,50.0950,50.1000,50.0600,50.0900,14000
1466693754,50.0850,50.0900,50.0700,50.0900,9600
1466693802,50.0800,50.0900,50.0800,50.0850,2100
1466693868,50.1200,50.1200,50.0850,50.0895,12600
1466693881,50.1250,50.1250,50.1200,50.1200,3300
1466693998,50.1000,50.1250,50.1000,50.1250,10200
1466694000,50.0900,50.0950,50.0800,50.0900,8800
1466694117,50.1200,50.1200,50.1000,50.1000,12600
1466694157,50.1211,50.1211,50.1211,50.1211,100
1466694202,50.1300,50.1300,50.1200,50.1300,9200
1466694251,50.1301,50.1301,50.1300,50.1300,2200
1466694355,50.1500,50.1535,50.1250,50.1300,6600
1466694418,50.1450,50.1500,50.1400,50.1500,5400
1466694431,50.1400,50.1500,50.1400,50.1400,6500
1466694537,50.1500,50.1500,50.1300,50.1400,10300
1466694542,50.1500,50.1500,50.1400,50.1500,3700
1466694614,50.1500,50.1500,50.1400,50.1400,9800
1466694685,50.1400,50.1400,50.1300,50.1400,6600
1466694777,50.1550,50.1650,50.1500,50.1500,13500
1466694781,50.1600,50.1700,50.1500,50.1500,5300
1466694848,50.1800,50.1800,50.1700,50.1700,5500
1466694957,50.1800,50.1900,50.1800,50.1801,15400
1466695012,50.1800,50.1800,50.1729,50.1800,7800
1466695057,50.1800,50.1800,50.1700,50.1700,400
1466695134,50.1600,50.1750,50.1600,50.1700,3000
1466695142,50.1700,50.1780,50.1700,50.1700,1900
1466695259,50.1700,50.1750,50.1600,50.1700,22400
1466695310,50.1800,50.1900,50.1700,50.1700,5200
1466695379,50.1900,50.1900,50.1800,50.1800,14700
1466695381,50.1900,50.1900,50.1850,50.1900,3900
1466695449,50.1900,50.1999,50.1800,50.1900,3400
1466695551,50.1801,50.1907,50.1800,50.1900,13800
1466695560,50.1450,50.1894,50.1400,50.1800,91900
1466695671,50.1400,50.1450,50.1300,50.1400,6100
1466695739,50.1500,50.1600,50.1350,50.1400,13600
1466695740,50.2000,50.2100,50.1500,50.1500,76000
1466695849,50.2100,50.2150,50.2100,50.2100,7700
1466695918,50.2050,50.2250,50.2000,50.2200,19900
1466695968,50.2025,50.2163,50.2025,50.2100,9500
1466696007,50.2000,50.2000,50.2000,50.2000,1600
1466696099,50.2100,50.2100,50.1900,50.2000,15400
1466696157,50.2250,50.2266,50.2100,50.2100,5000
1466696214,50.2200,50.2300,50.2100,50.2300,6800
1466696277,50.2000,50.2300,50.1900,50.2300,67700
1466696335,50.1700,50.1950,50.1650,50.1900,34800
1466696341,50.1750,50.1800,50.1700,50.1700,8100
1466696455,50.1950,50.2050,50.1750,50.1750,19900
1466696516,50.2250,50.2250,50.1950,50.2000,39400
1466696575,50.2100,50.2200,50.2050,50.2200,35900
1466696639,50.2050,50.2150,50.2050,50.2050,47300
1466696699,50.2100,50.2100,50.1930,50.2100,51100
1466696755,50.2000,50.2100,50.1800,50.2100,18300
1466696819,50.2000,50.2062,50.2000,50.2000,7300
1466696877,50.1841,50.2000,50.1841,50.2000,11400
1466696932,50.1900,50.1950,50.1750,50.1800,16800
1466696941,50.2000,50.2000,50.1800,50.1900,9400
1466697058,50.2000,50.2100,50.1900,50.1950,11100
1466697062,50.1950,50.2050,50.1928,50.2000,4200
1466697177,50.2000,50.2100,50.1950,50.2000,42600
1466697197,50.2000,50.2000,50.1900,50.1950,3900
1466697298,50.1850,50.2000,50.1772,50.1950,8400
1466697355,50.1750,50.1899,50.1700,50.1800,38900
1466697361,50.1900,50.2000,50.1700,50.1700,33200
1466697476,50.1950,50.2000,50.1900,50.1950,6500
1466697536,50.1850,50.1975,50.1800,50.1975,11800
1466697544,50.1700,50.1900,50.1700,50.1900,17300
1466697658,50.1600,50.1800,50.1600,50.1800,42400
1466697715,50.1500,50.1650,50.1400,50.1650,11500
1466697777,50.1600,50.1650,50.1450,50.1500,29700
1466697835,50.1550,50.1550,50.1500,50.1550,14600
1466697899,50.1550,50.1600,50.1500,50.1500,3500
1466697905,50.1450,50.1600,50.1450,50.1500,19000
1466698013,50.1400,50.1500,50.1400,50.1400,2100
1466698075,50.1450,50.1500,50.1400,50.1400,7600
1466698133,50.1600,50.1600,50.1450,50.1450,21800
1466698199,50.1600,50.1600,50.1550,50.1550,1700
1466698254,50.1600,50.1600,50.1500,50.1600,10300
1466698319,50.1700,50.1700,50.1600,50.1650,12300
1466698379,50.1700,50.1800,50.1626,50.1750,7700
1466698436,50.1500,50.1700,50.1500,50.1700,11200
1466698491,50.1300,50.1550,50.1300,50.1500,6600
1466698547,50.1300,50.1400,50.1300,50.1337,3500
1466698617,50.1300,50.1350,50.1200,50.1300,3500
1466698679,50.1350,50.1350,50.1200,50.1300,1900
1466698680,50.1300,50.1350,50.1234,50.1300,11000
1466698798,50.1150,50.1300,50.1100,50.1300,7500
1466698801,50.1200,50.1200,50.1200,50.1200,3400
1466698874,50.1400,50.1500,50.1300,50.1300,7600
1466698929,50.1400,50.1450,50.1300,50.1300,17400
1466698981,50.1385,50.1450,50.1385,50.1400,2400
1466699048,50.1300,50.1300,50.1300,50.1300,6100
1466699157,50.1300,50.1328,50.1300,50.1300,1800
1466699165,50.1250,50.1400,50.1200,50.1300,12900
1466699279,50.1200,50.1300,50.1200,50.1250,3700
1466699337,50.1200,50.1200,50.1150,50.1200,6400
1466699399,50.1200,50.1300,50.1200,50.1200,4400
1466699452,50.1200,50.1200,50.1150,50.1200,10700
1466699518,50.1200,50.1232,50.1100,50.1100,3200
1466699523,50.1100,50.1200,50.1100,50.1200,7200
1466699637,50.1100,50.1150,50.1100,50.1100,3900
1466699697,50.1150,50.1200,50.1100,50.1100,3300
1466699759,50.1137,50.1200,50.1100,50.1150,2300
1466699812,50.1150,50.1200,50.1100,50.1100,1400
1466699879,50.1050,50.1250,50.1050,50.1150,12400
1466699933,50.1100,50.1150,50.1100,50.1100,4900
1466699988,50.1000,50.1150,50.1000,50.1100,22400
1466700050,50.1100,50.1100,50.1000,50.1000,1300
1466700117,50.1100,50.1150,50.1000,50.1050,9800
1466700176,50.0761,50.1100,50.0750,50.1100,7300
1466700237,50.0850,50.0900,50.0789,50.0789,37200
1466700287,50.0900,50.0900,50.0900,50.0900,100
1466700354,50.0900,50.0900,50.0800,50.0800,6400
1466700413,50.0800,50.0872,50.0800,50.0800,13500
1466700421,50.0724,50.0800,50.0700,50.0800,14300
1466700500,50.0900,50.0900,50.0700,50.0800,3300
1466700589,50.0700,50.0900,50.0700,50.0800,7600
1466700600,50.0763,50.0800,50.0700,50.0700,1300
1466700689,50.0900,50.0900,50.0750,50.0750,1100
1466700732,50.0800,50.0850,50.0800,50.0800,10800
1466700839,50.0800,50.0850,50.0800,50.0800,6600
1466700899,50.0500,50.0850,50.0500,50.0800,66800
1466700959,50.0300,50.0700,50.0300,50.0600,74400
1466701019,50.0000,50.0300,50.0000,50.0300,63300
1466701079,50.0000,50.0150,50.0000,50.0000,53400
1466701132,49.9962,50.0100,49.9962,50.0000,39000
1466701149,50.0000,50.0050,49.9900,49.9926,39700
1466701251,50.0200,50.0250,50.0000,50.0000,15500
1466701313,50.0200,50.0200,50.0199,50.0200,5100
1466701323,50.0100,50.0300,50.0100,50.0200,11000
1466701435,50.0300,50.0300,50.0100,50.0100,7800
1466701443,50.0100,50.0250,50.0100,50.0250,4500
1466701506,50.0100,50.0200,50.0100,50.0100,2300
1466701613,50.0300,50.0400,50.0100,50.0200,10400
1466701676,50.0200,50.0300,50.0200,50.0300,5100
1466701702,50.0300,50.0300,50.0200,50.0200,2000
1466701775,50.0200,50.0200,50.0137,50.0200,5300
1466701806,50.0300,50.0340,50.0200,50.0238,4800
1466701894,50.0201,50.0300,50.0200,50.0200,1900
1466701963,50.0371,50.0371,50.0200,50.0300,2600
1466702039,50.0300,50.0300,50.0300,50.0300,3700
1466702095,50.0300,50.0400,50.0300,50.0300,1700
1466702153,50.0238,50.0350,50.0100,50.0300,20700
1466702219,50.0424,50.0424,50.0300,50.0300,6400
1466702276,50.0500,50.0500,50.0500,50.0500,200
1466702288,50.0500,50.0500,50.0400,50.0400,4000
1466702397,50.0500,50.0500,50.0500,50.0500,2600
1466702459,50.0500,50.0500,50.0450,50.0500,3700
1466702517,50.0700,50.0700,50.0500,50.0500,5400
1466702569,50.0650,50.0650,50.0600,50.0600,3500
1466702638,50.0600,50.0700,50.0600,50.0650,3700
1466702697,50.0400,50.0650,50.0400,50.0600,12000
1466702756,50.0400,50.0400,50.0344,50.0400,4300
1466702762,50.0450,50.0500,50.0300,50.0300,4000
1466702874,50.0450,50.0500,50.0400,50.0450,1700
1466702936,50.0500,50.0500,50.0500,50.0500,800
1466702947,50.0500,50.0600,50.0450,50.0500,12300
1466703043,50.0500,50.0500,50.0450,50.0450,1800
1466703107,50.0500,50.0600,50.0500,50.0550,1700
1466703124,50.0550,50.0550,50.0500,50.0550,2400
1466703181,50.0300,50.0550,50.0300,50.0550,8800
1466703298,50.0450,50.0450,50.0390,50.0400,3900
1466703354,50.0400,50.0450,50.0400,50.0437,1000
1466703362,50.0350,50.0490,50.0350,50.0450,7900
1466703473,50.0400,50.0500,50.0400,50.0400,8500
1466703537,50.0400,50.0400,50.0400,50.0400,2700
1466703547,50.0300,50.0400,50.0250,50.0400,9400
1466703639,50.0300,50.0300,50.0250,50.0250,1400
1466703717,50.0100,50.0250,50.0000,50.0250,12200
1466703722,50.0100,50.0161,50.0000,50.0100,6700
1466703787,50.0300,50.0300,50.0100,50.0100,6500
1466703894,50.0200,50.0300,50.0050,50.0300,17800
1466703900,50.0200,50.0200,50.0100,50.0200,14000
1466704002,50.0100,50.0100,50.0100,50.0100,1600
1466704076,50.0150,50.0150,50.0000,50.0000,2400
1466704137,50.0200,50.0300,50.0200,50.0200,6000
1466704148,50.0236,50.0350,50.0200,50.0250,4900
1466704256,50.0250,50.0250,50.0100,50.0200,5900
1466704296,50.0300,50.0300,50.0210,50.0210,1100
1466704340,50.0300,50.0400,50.0263,50.0263,17700
1466704436,50.0250,50.0399,50.0250,50.0300,5300
1466704487,50.0300,50.0300,50.0200,50.0250,4700
1466704503,50.0390,50.0390,50.0340,50.0350,300
1466704561,50.0350,50.0400,50.0300,50.0350,3900
1466704623,50.0400,50.0400,50.0324,50.0400,3400
1466704735,50.0400,50.0400,50.0350,50.0400,1900
1466704795,50.0300,50.0400,50.0300,50.0400,4300
1466704800,50.0400,50.0450,50.0250,50.0300,22100
1466704865,50.0300,50.0400,50.0200,50.0300,4200
1466704922,50.0399,50.0399,50.0300,50.0300,2200
1466705017,50.0401,50.0450,50.0350,50.0400,7200
1466705050,50.0600,50.0600,50.0450,50.0450,3800
1466705113,50.0600,50.0600,50.0500,50.0600,2900
1466705219,50.0600,50.0600,50.0550,50.0600,3900
1466705225,50.0600,50.0600,50.0531,50.0600,7900
1466705336,50.0650,50.0700,50.0600,50.0600,38500
1466705395,50.0800,50.0800,50.0624,50.0700,8500
1466705455,50.0950,50.1032,50.0900,50.0900,18300
1466705466,50.1099,50.1099,50.0950,50.1000,1300
1466705551,50.1000,50.1050,50.1000,50.1000,800
1466705601,50.1000,50.1050,50.1000,50.1050,700
1466705696,50.1001,50.1131,50.1000,50.1000,14200
1466705759,50.1000,50.1115,50.1000,50.1000,16500
1466705762,50.1100,50.1100,50.0901,50.1000,4500
1466705821,50.1299,50.1300,50.1100,50.1100,27200
1466705913,50.1150,50.1300,50.1150,50.1250,7300
1466705942,50.1200,50.1200,50.1100,50.1150,10600
1466706059,50.1200,50.1200,50.1200,50.1200,400
1466706110,50.1200,50.1299,50.1200,50.1200,3500
1466706178,50.1200,50.1300,50.1150,50.1300,4100
1466706238,50.0900,50.1200,50.0900,50.1200,12400
1466706298,50.0996,50.1000,50.0950,50.0950,7300
1466706309,50.1100,50.1200,50.1000,50.1000,4900
1466706419,50.1100,50.1150,50.1100,50.1100,9500
1466706432,50.1050,50.1100,50.1000,50.1100,14700
1466706535,50.1200,50.1200,50.1100,50.1100,3600
1466706548,50.1250,50.1300,50.1200,50.1200,2700
1466706607,50.1200,50.1300,50.1190,50.1200,5300
1466706719,50.1300,50.1400,50.1200,50.1200,5000
1466706776,50.1200,50.1300,50.1200,50.1300,3200
1466706839,50.1200,50.1250,50.1200,50.1200,4300
1466706856,50.1250,50.1250,50.1200,50.1200,4800
1466706955,50.1300,50.1350,50.1250,50.1300,3500
1466707016,50.1300,50.1300,50.1200,50.1300,5900
1466707054,50.1300,50.1300,50.1200,50.1300,800
1466707132,50.1300,50.1300,50.1250,50.1300,4200
1466707198,50.1400,50.1400,50.1300,50.1300,5100
1466707258,50.1600,50.1600,50.1350,50.1400,6600
1466707314,50.1600,50.1600,50.1550,50.1600,2200
1466707379,50.1600,50.1650,50.1500,50.1600,7800
1466707385,50.1600,50.1700,50.1600,50.1700,5500
1466707491,50.1700,50.1700,50.1600,50.1600,10100
1466707559,50.1700,50.1750,50.1620,50.1700,8200
1466707618,50.1700,50.1700,50.1600,50.1700,10900
1466707679,50.1800,50.1800,50.1700,50.1700,7700
1466707736,50.1800,50.1818,50.1790,50.1790,5600
1466707793,50.1800,50.1800,50.1750,50.1800,7000
1466707802,50.1900,50.1900,50.1767,50.1800,7400
1466707860,50.2035,50.2200,50.1900,50.1900,15800
1466707920,50.2110,50.2200,50.2100,50.2100,7300
1466707981,50.2100,50.2200,50.2000,50.2200,15000
1466708046,50.2033,50.2100,50.2000,50.2100,5900
1466708156,50.2000,50.2100,50.2000,50.2050,3500
1466708218,50.1900,50.2100,50.1900,50.2016,11700
1466708278,50.1900,50.1950,50.1900,50.1900,9900
1466708283,50.1700,50.1900,50.1700,50.1900,24600
1466708388,50.1600,50.1750,50.1600,50.1700,18600
1466708450,50.1700,50.1750,50.1600,50.1650,12400
1466708460,50.1800,50.1800,50.1700,50.1800,3000
1466708565,50.1900,50.1950,50.1800,50.1800,12800
1466708638,50.2000,50.2000,50.1900,50.2000,11900
1466708697,50.1850,50.2000,50.1850,50.1900,6500
1466708755,50.1800,50.1900,50.1800,50.1850,8600
1466708806,50.1800,50.1801,50.1700,50.1800,17000
1466708861,50.1800,50.1800,50.1800,50.1800,2700
1466708933,50.1901,50.1950,50.1800,50.1850,12100
1466708942,50.2100,50.2200,50.1900,50.1950,19000
1466709006,50.2180,50.2200,50.2063,50.2100,8100
1466709062,50.2100,50.2135,50.2100,50.2128,16900
1466709174,50.2100,50.2200,50.2100,50.2150,4100
1466709237,50.2100,50.2200,50.2100,50.2100,6100
1466709296,50.2200,50.2250,50.2100,50.2100,8800
1466709359,50.2250,50.2250,50.2100,50.2200,7300
1466709419,50.2150,50.2250,50.2100,50.2250,5700
1466709425,50.2050,50.2171,50.2000,50.2171,4600
1466709532,50.1950,50.2058,50.1950,50.2058,5300
1466709597,50.2050,50.2050,50.1900,50.1900,9300
1466709600,50.2150,50.2150,50.2050,50.2050,3000
1466709718,50.2250,50.2300,50.2130,50.2200,6900
1466709779,50.2250,50.2300,50.2200,50.2250,22400
1466709780,50.2200,50.2300,50.2200,50.2200,1600
1466709899,50.2200,50.2395,50.2200,50.2300,14200
1466709958,50.2250,50.2250,50.2170,50.2200,19200
1466709963,50.2300,50.2300,50.2200,50.2250,3500
1466710057,50.2300,50.2300,50.2200,50.2250,21300
1466710139,50.2263,50.2300,50.2200,50.2300,12000
1466710195,50.2400,50.2400,50.2200,50.2200,30700
1466710200,50.2400,50.2400,50.2300,50.2350,7600
1466710260,50.2500,50.2500,50.2300,50.2300,44000
1466710374,50.2600,50.2600,50.2400,50.2400,27300
1466710380,50.2600,50.2600,50.2500,50.2600,15800
1466710498,50.2900,50.2900,50.2700,50.2700,63900
1466710558,50.2800,50.2900,50.2800,50.2900,12400
1466710606,50.2800,50.2866,50.2700,50.2800,14100
1466710677,50.2550,50.2900,50.2500,50.2900,8600
1466710736,50.2400,50.2600,50.2400,50.2600,8700
1466710796,50.2400,50.2450,50.2400,50.2400,6100
1466710859,50.2300,50.2400,50.2300,50.2300,10800
1466710914,50.2200,50.2250,50.2150,50.2200,13400
1466710920,50.2300,50.2300,50.2200,50.2200,3700
1466711036,50.2350,50.2400,50.2300,50.2300,5600
1466711099,50.2650,50.2700,50.2350,50.2350,51800
1466711159,50.2700,50.2799,50.2625,50.2700,51400
1466711214,50.2750,50.2800,50.2600,50.2700,7500
1466711260,50.2700,50.2800,50.2650,50.2800,4900
1466711338,50.2700,50.2700,50.2600,50.2650,7400
1466711340,50.2700,50.2800,50.2700,50.2700,6900
1466711457,50.2900,50.2999,50.2700,50.2700,17200
1466711518,50.2900,50.3100,50.2900,50.3000,18900
1466711578,50.2950,50.3000,50.2900,50.2900,26900
1466711580,50.3100,50.3200,50.2800,50.2900,36600
1466711648,50.3150,50.3200,50.3100,50.3200,13200
1466711759,50.3200,50.3300,50.3100,50.3100,20200
1466711819,50.3300,50.3300,50.3100,50.3200,29600
1466711879,50.3400,50.3450,50.3300,50.3300,29400
1466711939,50.3350,50.3500,50.3300,50.3400,27400
1466711999,50.3400,50.3500,50.3300,50.3300,105300
1466712000,50.3300,50.3300,50.3300,50.3300,24600
