uri:/instrument/1.0/PGP/chartdata;type=quote;range=1d/csv
ticker:pgp
Company-Name:Pimco Global Stocksplus & Incom
Exchange-Name:NYQ
unit:MIN
timezone:EDT
currency:USD
gmtoffset:-14400
previous_close:19.1000
Timestamp:1467120600,1467144000
labels:1467122400,1467126000,1467129600,1467133200,1467136800,1467140400,1467144000
values:Timestamp,close,high,low,open,volume
close:19.0667,19.3982
high:19.0667,19.3982
low:19.0667,19.3982
open:19.0667,19.3982
volume:100,5200
1467121404,19.1200,19.1200,19.1200,19.1200,5200
1467121650,19.0667,19.0667,19.0667,19.0667,1400
1467121794,19.0900,19.1100,19.0900,19.0900,1500
1467121880,19.1699,19.1699,19.1699,19.1699,1700
1467121978,19.1900,19.1900,19.1900,19.1900,200
1467122455,19.1580,19.1580,19.1580,19.1580,400
1467122716,19.1900,19.1900,19.1900,19.1900,200
1467123159,19.1899,19.1899,19.1899,19.1899,1000
1467123564,19.1892,19.1892,19.1892,19.1892,300
1467124069,19.1300,19.1840,19.1300,19.1840,600
1467124353,19.1700,19.1700,19.1700,19.1700,1400
1467124619,19.1899,19.1899,19.1899,19.1899,1000
1467124652,19.1630,19.1630,19.1630,19.1630,500
1467124772,19.1794,19.1794,19.1794,19.1794,200
1467125307,19.1600,19.1600,19.1600,19.1600,200
1467125406,19.1500,19.1600,19.1500,19.1600,500
1467125495,19.1100,19.1100,19.0800,19.1100,300
1467125948,19.1100,19.1100,19.1100,19.1100,100
1467126003,19.1100,19.1100,19.1100,19.1100,100
1467126466,19.1400,19.1400,19.1400,19.1400,200
1467126534,19.1550,19.1600,19.1500,19.1500,800
1467127023,19.1500,19.1500,19.1401,19.1401,1200
1467128020,19.1401,19.1401,19.1401,19.1401,2400
1467128978,19.2213,19.2213,19.2213,19.2213,100
1467130161,19.2100,19.2100,19.2000,19.2000,600
1467133374,19.2800,19.2800,19.2800,19.2800,1700
1467133512,19.3982,19.3982,19.3982,19.3982,100
1467134301,19.2590,19.3799,19.2590,19.3799,2400
1467134579,19.2815,19.2815,19.2815,19.2815,100
1467137076,19.3060,19.3299,19.2900,19.3299,2100
1467137533,19.3299,19.3299,19.3299,19.3299,600
1467137726,19.3060,19.3060,19.3060,19.3060,1100
1467138153,19.3045,19.3300,19.3045,19.3200,1400
1467138278,19.3200,19.3200,19.3200,19.3200,100
1467138934,19.3280,19.3700,19.3200,19.3200,1000
1467139387,19.2500,19.2500,19.2500,19.2500,100
1467139636,19.2300,19.2500,19.2300,19.2500,700
1467139963,19.2258,19.2258,19.2258,19.2258,2000
1467140137,19.2800,19.2800,19.2800,19.2800,200
1467140611,19.3390,19.3390,19.3390,19.3390,200
1467140872,19.3400,19.3400,19.3400,19.3400,500
1467141223,19.3151,19.3151,19.2500,19.2500,700
1467141923,19.2847,19.2847,19.2847,19.2847,400
1467142263,19.2701,19.2701,19.2701,19.2701,500
1467142962,19.2700,19.2700,19.2700,19.2700,800
1467142992,19.2700,19.2700,19.2700,19.2700,400
1467143381,19.2600,19.2600,19.2600,19.2600,200
1467143731,19.2200,19.2200,19.2200,19.2200,1100
1467143998,19.3300,19.3300,19.3300,19.3300,1400
1467144000,19.3300,19.3300,19.3300,19.3300,300
