uri:/instrument/1.0/VUG/chartdata;type=quote;range=1d/csv
ticker:vug
Company-Name:Vanguard Growth ETF - DNQ
Exchange-Name:PCX
unit:MIN
timezone:EDT
currency:USD
gmtoffset:-14400
previous_close:106.7900
Timestamp:1466688600,1466712000
labels:1466690400,1466694000,1466697600,1466701200,1466704800,1466708400,1466712000
values:Timestamp,close,high,low,open,volume
close:107.3300,108.0700
high:107.3300,108.0900
low:107.2800,108.0600
open:107.3000,108.0700
volume:100,26900
1466688687,107.5700,107.6338,107.5700,107.6338,26900
1466688736,107.5941,107.5941,107.5941,107.5941,200
1466688783,107.5100,107.5999,107.5100,107.5400,400
1466688854,107.5240,107.5240,107.5164,107.5164,900
1466688911,107.5000,107.5000,107.4600,107.5000,1100
1466689040,107.4802,107.4900,107.4802,107.4900,700
1466689089,107.4015,107.4015,107.3700,107.3700,1000
1466689172,107.4400,107.4400,107.4200,107.4200,800
1466689273,107.3301,107.3800,107.3301,107.3800,900
1466689591,107.4100,107.4100,107.4100,107.4100,200
1466689670,107.3709,107.3709,107.3709,107.3709,100
1466689737,107.3700,107.3700,107.3700,107.3700,500
1466689802,107.3701,107.3701,107.3700,107.3700,700
1466689890,107.3500,107.3500,107.3500,107.3500,700
1466689960,107.3560,107.3560,107.3268,107.3500,1200
1466689983,107.3300,107.3300,107.2800,107.3000,1500
1466690123,107.3500,107.3500,107.3280,107.3280,300
1466690191,107.3675,107.3675,107.3675,107.3675,500
1466690327,107.3601,107.3601,107.3601,107.3601,400
1466690397,107.4100,107.4100,107.4100,107.4100,700
1466690420,107.4100,107.4100,107.3900,107.3900,400
1466690467,107.4500,107.4500,107.4100,107.4100,700
1466690556,107.5150,107.5150,107.5100,107.5100,700
1466690633,107.4800,107.4800,107.4800,107.4800,800
1466690657,107.5600,107.5600,107.5200,107.5200,700
1466690757,107.5499,107.5499,107.5499,107.5499,600
1466690820,107.5240,107.5300,107.5000,107.5000,800
1466690921,107.5000,107.5000,107.4900,107.4900,300
1466690981,107.4800,107.4800,107.4800,107.4800,100
1466691054,107.4808,107.4900,107.4600,107.4600,400
1466691061,107.5200,107.5200,107.5000,107.5000,300
1466691139,107.5200,107.5200,107.4850,107.4850,600
1466691223,107.5100,107.5300,107.5100,107.5300,200
1466691314,107.5400,107.5400,107.5100,107.5100,300
1466691411,107.4200,107.5100,107.4150,107.5100,1800
1466691452,107.4900,107.4900,107.4275,107.4500,1100
1466691495,107.4500,107.5100,107.4500,107.4999,6800
1466691543,107.4100,107.4593,107.4100,107.4593,600
1466691670,107.4800,107.4800,107.4300,107.4300,1000
1466691762,107.4701,107.4701,107.4701,107.4701,300
1466691800,107.4739,107.4900,107.4739,107.4900,300
1466691854,107.4990,107.4990,107.4900,107.4900,500
1466691901,107.5200,107.5200,107.5000,107.5000,300
1466692004,107.5200,107.5200,107.5200,107.5200,400
1466692044,107.5188,107.5400,107.5188,107.5400,300
1466692112,107.5400,107.5400,107.5084,107.5181,2200
1466692196,107.4900,107.5238,107.4800,107.5238,400
1466692201,107.4200,107.5004,107.3816,107.5000,2600
1466692273,107.4600,107.4600,107.4300,107.4300,900
1466692379,107.4300,107.4300,107.3800,107.3800,1100
1466692413,107.3900,107.4000,107.3900,107.4000,500
1466692498,107.3900,107.4000,107.3600,107.4000,1700
1466692501,107.3700,107.3900,107.3562,107.3820,1900
1466692605,107.3800,107.3800,107.3500,107.3600,1000
1466692687,107.4200,107.4200,107.3800,107.4000,600
1466692741,107.4300,107.4490,107.4260,107.4300,1200
1466692811,107.4400,107.4400,107.4300,107.4300,300
1466692914,107.4100,107.4100,107.4100,107.4100,800
1466692946,107.4400,107.4400,107.4400,107.4400,100
1466693035,107.4361,107.4600,107.4361,107.4600,800
1466693057,107.4440,107.4700,107.4440,107.4600,500
1466693134,107.4100,107.4100,107.4100,107.4100,600
1466693185,107.4100,107.4100,107.3900,107.3900,200
1466693275,107.4300,107.4300,107.4200,107.4200,400
1466693307,107.4000,107.4300,107.4000,107.4137,2100
1466693366,107.4200,107.4200,107.3800,107.3992,2300
1466693429,107.4500,107.4500,107.4500,107.4500,300
1466693477,107.4900,107.5000,107.4900,107.5000,500
1466693586,107.4700,107.4700,107.4700,107.4700,300
1466693700,107.5600,107.5600,107.5600,107.5600,100
1466693773,107.5301,107.5500,107.5301,107.5500,400
1466693859,107.5800,107.5800,107.5567,107.5567,400
1466693903,107.5838,107.6035,107.5838,107.6035,400
1466693952,107.5548,107.5800,107.5500,107.5600,1600
1466694187,107.6111,107.6111,107.6001,107.6001,1700
1466694284,107.6300,107.6300,107.6300,107.6300,200
1466694317,107.6300,107.6300,107.6300,107.6300,100
1466694386,107.6201,107.6201,107.6201,107.6201,1000
1466694431,107.6400,107.6400,107.6182,107.6182,800
1466694554,107.6400,107.6400,107.6266,107.6266,500
1466694615,107.5900,107.6000,107.5900,107.6000,400
1466694693,107.6100,107.6100,107.5847,107.5847,1100
1466694807,107.6538,107.6538,107.6254,107.6400,4400
1466694891,107.6502,107.6502,107.6502,107.6502,100
1466694939,107.7000,107.7000,107.6900,107.6900,7100
1466695001,107.7124,107.7283,107.7124,107.7283,200
1466695030,107.6800,107.6900,107.6800,107.6900,500
1466695178,107.6809,107.6809,107.6809,107.6809,300
1466695314,107.6800,107.6855,107.6601,107.6601,1000
1466695326,107.6525,107.6699,107.6525,107.6637,700
1466695381,107.6600,107.6900,107.6600,107.6900,300
1466695460,107.6701,107.7000,107.6701,107.7000,1100
1466695546,107.6901,107.6901,107.6901,107.6901,100
1466695566,107.6900,107.6900,107.6400,107.6800,2100
1466695919,107.7300,107.7800,107.7300,107.7320,1900
1466695922,107.7300,107.7300,107.7300,107.7300,100
1466695988,107.7599,107.7599,107.7301,107.7301,500
1466696059,107.7700,107.7700,107.7301,107.7301,600
1466696105,107.7600,107.7800,107.7600,107.7800,300
1466696329,107.7200,107.7586,107.7200,107.7586,400
1466696345,107.7590,107.7590,107.7500,107.7500,200
1466696413,107.7515,107.7700,107.7402,107.7700,2200
1466696497,107.7600,107.7600,107.7350,107.7350,600
1466696538,107.7500,107.7500,107.7500,107.7500,800
1466696634,107.7000,107.7000,107.7000,107.7000,200
1466696678,107.6869,107.7161,107.6869,107.7161,1300
1466696738,107.6900,107.6900,107.6700,107.6811,900
1466696814,107.7100,107.7100,107.6965,107.6983,1100
1466696860,107.7099,107.7099,107.7099,107.7099,4800
1466696886,107.7300,107.7300,107.6921,107.7099,1300
1466697020,107.7575,107.7575,107.7575,107.7575,100
1466697082,107.7720,107.7720,107.7720,107.7720,600
1466697129,107.7801,107.8100,107.7771,107.7900,10800
1466697194,107.7700,107.7800,107.7700,107.7800,400
1466697265,107.7600,107.7600,107.7600,107.7600,700
1466697319,107.7600,107.7600,107.7600,107.7600,600
1466697375,107.7504,107.7504,107.7504,107.7504,200
1466697484,107.7700,107.7700,107.7414,107.7414,600
1466697605,107.7600,107.7800,107.7600,107.7700,3600
1466697662,107.7711,107.7711,107.7500,107.7501,6100
1466697727,107.7800,107.7900,107.7800,107.7900,600
1466697796,107.7358,107.7400,107.7358,107.7400,500
1466697912,107.7400,107.7400,107.7252,107.7252,700
1466698030,107.7251,107.7400,107.7251,107.7400,800
1466698087,107.7420,107.7420,107.7420,107.7420,900
1466698153,107.7550,107.7550,107.7401,107.7401,600
1466698203,107.7550,107.7800,107.7550,107.7700,400
1466698309,107.7600,107.7600,107.7600,107.7600,500
1466698349,107.7600,107.7600,107.7500,107.7500,500
1466698389,107.7496,107.7496,107.7496,107.7496,300
1466698455,107.7700,107.7700,107.7301,107.7390,1700
1466698524,107.7680,107.7680,107.7680,107.7680,100
1466698612,107.7599,107.7599,107.7599,107.7599,100
1466698636,107.7350,107.7400,107.7350,107.7400,400
1466698686,107.7488,107.7700,107.7484,107.7608,1500
1466698763,107.7314,107.7314,107.7314,107.7314,1100
1466698824,107.7401,107.7401,107.7401,107.7401,300
1466698985,107.7400,107.7468,107.7400,107.7401,400
1466699062,107.7599,107.7599,107.7599,107.7599,600
1466699107,107.7484,107.7534,107.7484,107.7534,1000
1466699204,107.7510,107.7510,107.7510,107.7510,400
1466699272,107.7640,107.7640,107.7640,107.7640,300
1466699289,107.7534,107.7534,107.7534,107.7534,700
1466699417,107.7100,107.7100,107.7100,107.7100,400
1466699471,107.7112,107.7150,107.7112,107.7150,300
1466699528,107.7101,107.7101,107.7101,107.7101,1500
1466699658,107.7204,107.7204,107.7200,107.7200,800
1466699869,107.7200,107.7300,107.7200,107.7300,500
1466699907,107.7300,107.7300,107.7100,107.7100,400
1466700002,107.7113,107.7113,107.7113,107.7113,500
1466700069,107.7399,107.7399,107.7300,107.7300,700
1466700122,107.6800,107.7350,107.6800,107.7350,1200
1466700221,107.7000,107.7000,107.7000,107.7000,100
1466700395,107.6200,107.6200,107.6200,107.6200,100
1466700503,107.6300,107.6300,107.6200,107.6300,2700
1466700579,107.6000,107.6300,107.6000,107.6300,1700
1466700633,107.6299,107.6299,107.6299,107.6299,100
1466700692,107.6800,107.6800,107.6599,107.6599,600
1466700820,107.6660,107.6660,107.6660,107.6660,100
1466700953,107.6513,107.6680,107.6401,107.6680,1800
1466700992,107.6500,107.6500,107.6300,107.6300,700
1466701034,107.6300,107.6301,107.6300,107.6301,1800
1466701138,107.6510,107.6510,107.6510,107.6510,100
1466701147,107.6413,107.6643,107.6400,107.6420,9000
1466701218,107.6900,107.6900,107.6501,107.6501,2100
1466701404,107.6999,107.6999,107.6713,107.6713,400
1466701572,107.6450,107.6500,107.6356,107.6356,600
1466701662,107.6611,107.6611,107.6450,107.6450,800
1466701737,107.6602,107.6770,107.6560,107.6770,1000
1466701792,107.7000,107.7000,107.6700,107.6700,700
1466701859,107.7100,107.7100,107.7100,107.7100,400
1466701901,107.6800,107.6800,107.6800,107.6800,200
1466701935,107.6701,107.6701,107.6701,107.6701,100
1466701998,107.6611,107.6680,107.6611,107.6680,800
1466702098,107.6800,107.6835,107.6700,107.6700,800
1466702100,107.6400,107.6800,107.6400,107.6800,1800
1466702206,107.6650,107.6700,107.6401,107.6550,5600
1466702229,107.6505,107.6505,107.6505,107.6505,100
1466702299,107.6800,107.6800,107.6800,107.6800,100
1466702344,107.7100,107.7100,107.7100,107.7100,900
1466702578,107.7349,107.7349,107.7349,107.7349,100
1466702613,107.7220,107.7250,107.7203,107.7203,600
1466702697,107.6900,107.6900,107.6900,107.6900,100
1466702728,107.6800,107.6800,107.6800,107.6800,100
1466702788,107.7007,107.7007,107.7007,107.7007,1700
1466702884,107.7120,107.7120,107.7120,107.7120,400
1466702982,107.7100,107.7100,107.7000,107.7000,600
1466703006,107.7300,107.7300,107.7300,107.7300,200
1466703089,107.7016,107.7016,107.7016,107.7016,200
1466703178,107.7200,107.7200,107.7200,107.7200,100
1466703197,107.6800,107.7100,107.6800,107.7100,2800
1466703269,107.6847,107.6847,107.6847,107.6847,200
1466703300,107.6584,107.6702,107.6512,107.6700,3000
1466703451,107.6200,107.6400,107.6200,107.6400,200
1466703550,107.6103,107.6196,107.6103,107.6196,300
1466703675,107.6000,107.6100,107.6000,107.6100,700
1466703721,107.6087,107.6100,107.5883,107.6100,700
1466703828,107.6300,107.6500,107.5999,107.5999,1700
1466703852,107.6550,107.6600,107.6200,107.6200,500
1466703907,107.6220,107.6450,107.6200,107.6450,1600
1466704029,107.6490,107.6490,107.6480,107.6480,400
1466704130,107.6358,107.6411,107.6328,107.6328,900
1466704157,107.6300,107.6300,107.6300,107.6300,300
1466704203,107.5894,107.6000,107.5894,107.6000,2900
1466704299,107.6400,107.6400,107.6288,107.6288,600
1466704367,107.6199,107.6200,107.6199,107.6200,600
1466704422,107.6320,107.6320,107.6320,107.6320,100
1466704441,107.6400,107.6400,107.6400,107.6400,100
1466704553,107.6380,107.6380,107.6380,107.6380,100
1466704562,107.6520,107.6599,107.6375,107.6375,2900
1466704678,107.6300,107.6420,107.6300,107.6420,1900
1466704680,107.6200,107.6350,107.6200,107.6300,1000
1466704752,107.6303,107.6303,107.6198,107.6271,500
1466704840,107.6400,107.6400,107.6400,107.6400,200
1466704868,107.6000,107.6200,107.6000,107.6200,2600
1466704922,107.6200,107.6300,107.6200,107.6300,600
1466705067,107.6201,107.6287,107.6200,107.6200,700
1466705112,107.6300,107.6360,107.6300,107.6360,1300
1466705185,107.6400,107.6400,107.6200,107.6300,4600
1466705263,107.6100,107.6500,107.6100,107.6368,3400
1466705290,107.6599,107.6599,107.6500,107.6500,1100
1466705345,107.6600,107.6600,107.6372,107.6387,3600
1466705407,107.6700,107.6900,107.6616,107.6616,1400
1466705463,107.6800,107.7100,107.6750,107.7000,900
1466705553,107.6800,107.7100,107.6800,107.7100,300
1466705625,107.6900,107.7200,107.6900,107.7142,500
1466705697,107.7000,107.7100,107.6900,107.7100,12800
1466705713,107.7000,107.7000,107.7000,107.7000,600
1466705776,107.7000,107.7000,107.6700,107.6800,3000
1466705887,107.6900,107.7000,107.6800,107.6921,1900
1466705967,107.6799,107.6799,107.6799,107.6799,500
1466706030,107.6926,107.7000,107.6926,107.7000,500
1466706149,107.7099,107.7100,107.7099,107.7100,500
1466706233,107.6200,107.6980,107.6200,107.6980,3400
1466706287,107.6200,107.6378,107.6200,107.6230,900
1466706347,107.6572,107.6572,107.6100,107.6100,2300
1466706362,107.6700,107.6700,107.6604,107.6604,2200
1466706432,107.6900,107.6900,107.6900,107.6900,100
1466706499,107.6701,107.6701,107.6701,107.6701,100
1466706565,107.6804,107.6955,107.6804,107.6955,6700
1466706607,107.6900,107.6900,107.6737,107.6737,500
1466706707,107.7100,107.7100,107.6900,107.6900,1600
1466706726,107.6884,107.6884,107.6884,107.6884,500
1466706832,107.6600,107.6700,107.6500,107.6500,1500
1466706896,107.6900,107.6900,107.6700,107.6700,1300
1466707007,107.6800,107.7000,107.6788,107.6788,14600
1466707071,107.6899,107.6899,107.6684,107.6766,1400
1466707132,107.6800,107.6800,107.6716,107.6800,1300
1466707191,107.6893,107.6986,107.6846,107.6900,1600
1466707224,107.7100,107.7200,107.6922,107.6922,1900
1466707265,107.6800,107.7000,107.6800,107.7000,800
1466707404,107.6700,107.6998,107.6700,107.6998,1000
1466707454,107.6844,107.6844,107.6844,107.6844,100
1466707512,107.6816,107.6870,107.6816,107.6870,300
1466707612,107.7300,107.7500,107.7080,107.7080,2200
1466707622,107.7644,107.7644,107.7200,107.7200,3500
1466707681,107.7700,107.7700,107.7644,107.7644,3300
1466707744,107.7600,107.7600,107.7500,107.7500,300
1466707802,107.7496,107.7496,107.7424,107.7424,1900
1466707868,107.7886,107.8000,107.7700,107.7700,8500
1466707922,107.7800,107.8100,107.7800,107.8000,900
1466707994,107.7999,107.7999,107.7701,107.7720,9300
1466708042,107.7850,107.8099,107.7800,107.8000,3600
1466708111,107.7900,107.8100,107.7900,107.7926,9100
1466708198,107.7811,107.7811,107.7811,107.7811,200
1466708223,107.7886,107.7886,107.7886,107.7886,900
1466708283,107.7500,107.7700,107.7500,107.7700,400
1466708385,107.7301,107.7580,107.7301,107.7489,800
1466708434,107.7660,107.7660,107.7300,107.7300,800
1466708465,107.7600,107.7800,107.7600,107.7800,700
1466708610,107.7799,107.7799,107.7799,107.7799,200
1466708657,107.7214,107.7646,107.7214,107.7646,1300
1466708746,107.7316,107.7316,107.7316,107.7316,100
1466708772,107.7300,107.7300,107.7211,107.7211,200
1466708840,107.7011,107.7200,107.7011,107.7100,1600
1466708927,107.7200,107.7200,107.7050,107.7050,1300
1466708987,107.7200,107.7400,107.7200,107.7400,400
1466709025,107.7400,107.7400,107.6997,107.6997,2600
1466709064,107.7222,107.7222,107.7222,107.7222,100
1466709147,107.7420,107.7500,107.7200,107.7250,1700
1466709202,107.7300,107.7390,107.7300,107.7362,1900
1466709247,107.7332,107.7500,107.7332,107.7361,800
1466709318,107.7200,107.7200,107.7200,107.7200,300
1466709395,107.7400,107.7400,107.7280,107.7280,300
1466709423,107.7100,107.7370,107.7100,107.7264,1300
1466709525,107.7000,107.7000,107.7000,107.7000,500
1466709597,107.6900,107.7010,107.6900,107.7000,500
1466709613,107.6999,107.6999,107.6999,107.6999,600
1466709679,107.6900,107.6900,107.6800,107.6900,500
1466709721,107.6989,107.6989,107.6800,107.6800,1800
1466709787,107.6701,107.6701,107.6701,107.6701,100
1466709869,107.6700,107.7099,107.6700,107.7099,300
1466709959,107.6590,107.6590,107.6401,107.6401,1600
1466709961,107.6700,107.6798,107.6700,107.6798,500
1466710077,107.6595,107.6595,107.6500,107.6500,300
1466710134,107.6600,107.6700,107.6600,107.6700,1500
1466710143,107.6600,107.6600,107.6500,107.6500,300
1466710284,107.6600,107.6840,107.6600,107.6724,2300
1466710378,107.7070,107.7070,107.6600,107.6600,2900
1466710404,107.7100,107.7100,107.7100,107.7100,600
1466710492,107.7400,107.7400,107.7400,107.7400,200
1466710503,107.7250,107.7300,107.7200,107.7300,2500
1466710566,107.7421,107.7421,107.7200,107.7200,500
1466710667,107.7100,107.7400,107.7000,107.7400,3600
1466710682,107.7000,107.7200,107.6950,107.7200,1700
1466710740,107.7100,107.7100,107.6900,107.7000,1400
1466710856,107.7300,107.7400,107.7000,107.7100,5400
1466710898,107.7290,107.7290,107.7200,107.7200,1200
1466710936,107.7281,107.7281,107.7274,107.7274,900
1466710987,107.7700,107.7800,107.7490,107.7490,3100
1466711059,107.8100,107.8100,107.7800,107.8100,6700
1466711101,107.8800,107.8800,107.8400,107.8400,2300
1466711177,107.8900,107.9100,107.8701,107.8804,4800
1466711261,107.8800,107.9030,107.8800,107.9030,900
1466711281,107.8701,107.8900,107.8701,107.8900,3000
1466711408,107.9700,107.9700,107.9400,107.9500,3400
1466711514,107.9800,108.0000,107.9700,107.9700,3300
1466711520,107.9900,107.9900,107.9600,107.9700,1300
1466711596,107.9801,107.9999,107.9801,107.9999,2200
1466711651,108.0300,108.0480,108.0200,108.0200,1700
1466711738,108.0320,108.0320,108.0320,108.0320,100
1466711767,108.0200,108.0300,107.9900,107.9900,2800
1466711824,108.0400,108.0600,108.0200,108.0200,1700
1466711939,108.0700,108.0700,108.0400,108.0600,4200
1466711940,108.0700,108.0900,108.0300,108.0700,7100
1466712000,108.0600,108.0600,108.0600,108.0600,2300
