uri:/instrument/1.0/VIA/chartdata;type=quote;range=1d/csv
ticker:via
Company-Name:Viacom Inc.
Exchange-Name:NMS
unit:MIN
timezone:EDT
currency:USD
gmtoffset:-14400
previous_close:44.8300
Timestamp:1467207000,1467230400
labels:1467208800,1467212400,1467216000,1467219600,1467223200,1467226800,1467230400
values:Timestamp,close,high,low,open,volume
close:44.2209,45.3640
high:44.2209,45.3640
low:44.1900,45.3300
open:44.1900,45.3400
volume:0,4100
1467207084,44.9700,45.1000,44.9300,45.1000,2800
1467207169,45.1500,45.2400,45.1500,45.1500,300
1467207189,45.0450,45.0450,45.0450,45.0450,300
1467207244,45.0700,45.0700,45.0700,45.0700,900
1467207359,44.9200,45.1300,44.9200,45.1300,4100
1467207407,44.8020,44.8020,44.5700,44.5700,600
1467207465,44.6700,44.7200,44.6700,44.7200,400
1467207480,44.4200,44.7100,44.3900,44.5800,2900
1467207553,44.4700,44.5300,44.4230,44.4230,2400
1467207638,44.3900,44.4100,44.3900,44.4100,500
1467207676,44.2400,44.2500,44.2300,44.2300,2100
1467207735,44.3800,44.3800,44.1900,44.1900,1100
1467207829,44.2700,44.2900,44.2500,44.2900,700
1467207896,44.2209,44.2209,44.2209,44.2209,800
1467207900,44.2774,44.2774,44.2774,44.2774,500
1467208004,44.3100,44.3600,44.2800,44.2800,700
1467208075,44.3300,44.3300,44.2400,44.2900,1000
1467208084,44.3400,44.3400,44.3100,44.3100,300
1467208285,44.3401,44.3598,44.3401,44.3598,400
1467208394,44.4400,44.4600,44.4400,44.4600,400
1467208607,44.3700,44.3800,44.3228,44.3800,800
1467208794,44.4000,44.4000,44.4000,44.4000,200
1467208828,44.3800,44.3800,44.3600,44.3600,300
1467208876,44.4000,44.4000,44.4000,44.4000,100
1467208993,44.5100,44.5100,44.5100,44.5100,100
1467209158,44.4690,44.4690,44.4690,44.4690,100
1467209327,44.3800,44.3800,44.3800,44.3800,600
1467209485,44.4500,44.4600,44.3700,44.3700,900
1467209766,44.4692,44.4692,44.4692,44.4692,100
1467209901,44.5380,44.5380,44.5380,44.5380,200
1467210373,44.5720,44.5720,44.5720,44.5720,1100
1467210494,44.5200,44.5200,44.5200,44.5200,200
1467210591,44.5500,44.5500,44.5500,44.5500,100
1467210613,44.4700,44.4700,44.4700,44.4700,100
1467210930,44.5700,44.6000,44.5700,44.6000,600
1467210981,44.5900,44.5900,44.5900,44.5900,300
1467211169,44.6000,44.6000,44.6000,44.6000,500
1467211665,44.6500,44.6500,44.6500,44.6500,300
1467211694,44.7400,44.7400,44.7000,44.7000,300
1467212412,44.9200,44.9200,44.9200,44.9200,300
1467212945,45.0600,45.0600,44.9600,44.9600,2600
1467213036,45.0300,45.0300,45.0200,45.0200,400
1467213064,45.0300,45.0300,45.0300,45.0300,400
1467213404,45.1800,45.1800,45.0600,45.0600,200
1467213567,45.1700,45.1700,45.1700,45.1700,100
1467213886,45.1400,45.1400,45.1400,45.1400,300
1467213911,45.2700,45.2700,45.1500,45.1500,700
1467214069,45.3200,45.3200,45.2600,45.2600,600
1467214193,45.2900,45.2900,45.2800,45.2800,400
1467214219,45.3640,45.3640,45.3300,45.3300,2100
1467214269,45.3300,45.3300,45.3000,45.3000,500
1467214338,45.3300,45.3300,45.3300,45.3300,100
1467214410,45.3200,45.3200,45.3200,45.3200,400
1467214470,45.3000,45.3400,45.3000,45.3400,2100
1467214561,45.2301,45.2301,45.2301,45.2301,200
1467215195,45.1400,45.1400,45.1400,45.1400,200
1467215417,45.1400,45.1400,45.1400,45.1400,100
1467215460,45.1900,45.1900,45.1900,45.1900,100
1467215593,45.2000,45.2000,45.2000,45.2000,100
1467215810,45.1800,45.1800,45.1800,45.1800,400
1467216118,45.1500,45.2600,45.1500,45.2400,900
1467216197,45.1800,45.1800,45.1600,45.1600,300
1467216982,45.2168,45.2168,45.2168,45.2168,500
1467217162,45.1800,45.2200,45.1800,45.2200,300
1467217488,45.1800,45.1800,45.1800,45.1800,400
1467218002,45.1987,45.1987,45.1987,45.1987,100
1467218764,45.2000,45.2699,45.1800,45.1800,700
1467219302,45.1000,45.1000,45.1000,45.1000,700
1467219632,45.1400,45.1400,45.1400,45.1400,100
1467220102,45.0200,45.0366,45.0200,45.0366,400
1467220325,45.0462,45.0462,45.0462,45.0462,200
1467220714,44.9800,44.9800,44.9800,44.9800,200
1467220946,44.9300,44.9600,44.9300,44.9600,400
1467221291,44.8500,44.8600,44.8500,44.8600,500
1467222034,44.9399,44.9399,44.9399,44.9399,100
1467222211,44.9600,44.9600,44.9600,44.9600,100
1467222482,45.0080,45.0080,45.0080,45.0080,100
1467222540,45.0300,45.0300,45.0300,45.0300,100
1467222631,45.0200,45.0200,45.0200,45.0200,300
1467223510,44.9800,44.9800,44.9800,44.9800,200
1467223811,44.9040,44.9040,44.9040,44.9040,200
1467223881,44.9300,44.9300,44.9300,44.9300,200
1467224431,44.9900,44.9900,44.9900,44.9900,200
1467224620,44.9600,44.9700,44.9600,44.9700,400
1467225403,44.9800,44.9800,44.9800,44.9800,700
1467226183,44.9800,44.9800,44.9800,44.9800,100
1467226283,45.0000,45.0000,45.0000,45.0000,900
1467227535,45.1700,45.1800,45.1700,45.1800,800
1467227656,45.1800,45.1800,45.1800,45.1800,1000
1467227734,45.1900,45.1900,45.1900,45.1900,400
1467227790,45.1880,45.1880,45.1880,45.1880,100
1467227833,45.1700,45.1700,45.1700,45.1700,200
1467227912,45.1200,45.1600,45.1200,45.1600,1000
1467227952,45.1700,45.1700,45.1600,45.1600,600
1467228116,45.1400,45.1400,45.1400,45.1400,200
1467228302,45.0900,45.0900,45.0900,45.0900,400
1467228745,45.1000,45.1000,45.1000,45.1000,200
1467228884,45.1432,45.1432,45.1432,45.1432,500
1467229135,45.2100,45.2100,45.2100,45.2100,100
1467229231,45.2200,45.2200,45.2200,45.2200,100
1467229276,45.1300,45.1400,45.1100,45.1400,900
1467229389,45.0700,45.0700,45.0700,45.0700,100
1467229530,45.1258,45.1258,45.1258,45.1258,500
1467229840,45.2020,45.2020,45.1500,45.1500,200
1467229899,45.1500,45.2300,45.1500,45.2300,200
1467229953,45.1500,45.2200,45.1500,45.2200,700
1467230019,45.1300,45.1300,45.1300,45.1300,100
1467230081,45.1700,45.1700,45.1700,45.1700,400
1467230254,45.2100,45.2100,45.2100,45.2100,100
1467230293,45.2300,45.2300,45.2300,45.2300,1100
1467230376,45.2300,45.2300,45.2300,45.2300,1800
1467230400,45.2300,45.2300,45.2300,45.2300,0
