uri:/instrument/1.0/RE/chartdata;type=quote;range=1d/csv
ticker:re
Company-Name:Everest Re Group, Ltd. Common S
Exchange-Name:NYQ
unit:MIN
timezone:EDT
currency:USD
gmtoffset:-14400
previous_close:174.0100
Timestamp:1467207000,1467230400
labels:1467208800,1467212400,1467216000,1467219600,1467223200,1467226800,1467230400
values:Timestamp,close,high,low,open,volume
close:173.6100,175.7100
high:173.6400,175.8900
low:173.5800,175.7100
open:173.5900,175.8900
volume:100,31000
1467207131,175.3300,175.3300,175.3300,175.3300,1800
1467207578,175.4900,175.5600,175.4900,175.4950,600
1467207602,175.7100,175.7100,175.7100,175.7100,100
1467207854,175.1000,175.8900,174.9100,175.8900,6400
1467208057,175.5000,175.5000,175.5000,175.5000,100
1467208119,175.2300,175.2300,175.2300,175.2300,100
1467208160,175.2500,175.2800,175.2500,175.2800,400
1467208421,175.2250,175.2250,175.2250,175.2250,7200
1467208554,175.0000,175.2000,175.0000,175.2000,900
1467208598,175.0400,175.0400,175.0400,175.0400,100
1467208671,174.9800,174.9800,174.9800,174.9800,100
1467208710,174.8700,174.8700,174.8000,174.8300,400
1467208854,174.6000,174.6000,174.4500,174.4500,400
1467208897,174.5100,174.6200,174.3100,174.3100,2600
1467208974,174.5500,174.5500,174.5500,174.5500,700
1467209091,174.4225,174.4550,174.2100,174.3200,2300
1467209139,174.3300,174.5000,174.1350,174.3800,1800
1467209210,174.4300,174.4300,174.4300,174.4300,100
1467209294,174.3250,174.4300,174.3250,174.4300,700
1467209467,174.5400,174.5400,174.4300,174.4300,4400
1467209535,174.7200,174.7200,174.6100,174.6100,200
1467209638,174.5400,174.8200,174.5400,174.7400,1800
1467209655,174.4300,174.7950,174.4300,174.6600,2200
1467209901,174.7550,174.7550,174.6200,174.6200,1300
1467210031,174.7100,174.8400,174.7100,174.7900,600
1467210091,174.6400,174.8500,174.6400,174.8500,4900
1467210226,174.6300,174.6300,174.5250,174.6100,1300
1467210244,174.6800,174.6800,174.5701,174.6400,1500
1467210300,174.7200,174.7200,174.7200,174.7200,200
1467210407,174.8600,174.8600,174.7500,174.7500,9300
1467210525,174.8900,174.8900,174.8400,174.8400,700
1467210594,174.8500,174.8500,174.8500,174.8500,1500
1467210656,174.8500,174.8500,174.8400,174.8400,3700
1467210747,175.2350,175.2350,175.2350,175.2350,100
1467210790,174.8950,175.1000,174.8950,175.1000,700
1467210867,175.0450,175.0800,174.9800,174.9800,3600
1467210914,175.1300,175.1300,175.0200,175.0300,600
1467210972,174.9900,174.9900,174.9900,174.9900,100
1467211079,174.7500,174.7500,174.7500,174.7500,100
1467211089,174.8750,174.8800,174.8750,174.8800,200
1467211191,174.9800,175.0000,174.8000,175.0000,600
1467211230,174.6400,174.6400,174.6400,174.6400,100
1467211319,174.6200,174.6200,174.6200,174.6200,100
1467211431,174.8000,174.8050,174.7993,174.7993,1100
1467211517,174.7100,174.7200,174.7100,174.7200,600
1467211597,174.6700,174.6700,174.6700,174.6700,100
1467211621,174.8100,174.8800,174.8100,174.8300,1700
1467211730,174.8500,174.8600,174.8300,174.8600,6000
1467211805,174.8200,175.0400,174.7400,175.0400,900
1467211879,174.8050,174.8050,174.8000,174.8000,200
1467211973,174.9400,174.9400,174.9400,174.9400,100
1467212050,174.9250,174.9250,174.9250,174.9250,400
1467212300,174.8100,174.9400,174.8100,174.9400,1500
1467212415,174.7864,174.7864,174.7864,174.7864,200
1467212480,174.7600,174.7600,174.7600,174.7600,100
1467212520,174.4900,174.7200,174.4900,174.7200,2300
1467212607,174.7800,174.7900,174.6300,174.6800,1600
1467212642,175.0800,175.0800,174.9700,174.9700,400
1467212705,174.9900,175.0400,174.9200,175.0400,12100
1467212885,174.8500,174.8500,174.8400,174.8400,600
1467213075,175.0400,175.0400,175.0400,175.0400,100
1467213148,174.8500,174.8500,174.8500,174.8500,200
1467213239,174.8800,174.8800,174.8800,174.8800,200
1467213262,175.0000,175.0000,175.0000,175.0000,300
1467213326,174.9900,174.9900,174.9900,174.9900,800
1467213574,174.8100,174.8300,174.7600,174.8300,1100
1467213652,174.7200,174.7200,174.7100,174.7101,300
1467213713,174.7200,174.7300,174.7200,174.7300,200
1467213766,174.7500,174.7500,174.7500,174.7500,100
1467213798,174.7400,174.7400,174.7400,174.7400,100
1467213924,174.7000,174.7001,174.7000,174.7001,300
1467213987,174.6000,174.7000,174.6000,174.7000,400
1467214138,174.6100,174.6100,174.6100,174.6100,100
1467214225,174.6100,174.6100,174.6100,174.6100,200
1467214300,174.7500,174.8500,174.7500,174.8500,200
1467214334,174.5300,174.6100,174.5300,174.6100,1700
1467214481,174.5700,174.5800,174.5700,174.5700,700
1467214527,174.5701,174.5701,174.5701,174.5701,200
1467214603,174.5900,174.5900,174.5900,174.5900,100
1467214665,174.6800,174.6800,174.5800,174.5800,300
1467214715,174.6900,174.7500,174.6400,174.6400,2600
1467214790,174.6300,174.7800,174.6300,174.7800,200
1467214809,174.7000,174.7900,174.6501,174.7900,700
1467214899,174.7900,174.7900,174.7900,174.7900,100
1467214972,174.6400,174.7000,174.6400,174.6700,1300
1467215019,174.5400,174.5400,174.5400,174.5400,400
1467215279,174.4200,174.6112,174.4200,174.5500,1800
1467215280,174.3400,174.6700,174.3100,174.6230,3100
1467215463,174.3500,174.3700,174.3500,174.3700,800
1467215586,174.5500,174.5500,174.4400,174.5000,2900
1467215697,174.5000,174.5500,174.4500,174.5500,400
1467215760,174.4700,174.5500,174.4400,174.4950,3500
1467215821,174.4600,174.5200,174.4600,174.5200,800
1467215893,174.4200,174.5000,174.4200,174.5000,500
1467216005,174.4200,174.4200,174.4200,174.4200,1200
1467216126,174.4945,174.4945,174.3500,174.4350,500
1467216256,174.5100,174.5100,174.5100,174.5100,100
1467216324,174.4400,174.5100,174.3700,174.4800,1300
1467216380,174.5000,174.5000,174.5000,174.5000,900
1467216447,174.3400,174.3600,174.3400,174.3600,400
1467216536,174.3850,174.3850,174.3850,174.3850,100
1467216543,174.2900,174.3000,174.2900,174.3000,200
1467216605,174.3000,174.3000,174.3000,174.3000,100
1467216672,174.3500,174.3500,174.3500,174.3500,100
1467216775,174.5500,174.5600,174.2500,174.3301,18600
1467216788,174.3700,174.5500,174.3700,174.5500,700
1467216910,174.4950,174.4950,174.4950,174.4950,100
1467217005,174.3901,174.3901,174.3901,174.3901,100
1467217247,174.3400,174.5050,174.3400,174.5050,1200
1467217379,174.5600,174.5600,174.3900,174.3900,200
1467217435,174.4000,174.4000,174.4000,174.4000,100
1467217512,174.6750,174.7100,174.4000,174.5150,4500
1467217569,174.7300,174.7300,174.7300,174.7300,100
1467217856,174.6738,174.6738,174.5800,174.6600,800
1467217898,174.6500,174.6650,174.6500,174.6650,200
1467217978,174.5450,174.7300,174.5450,174.6450,2000
1467218035,174.5900,174.6800,174.4700,174.5450,2700
1467218068,174.6600,174.6600,174.4600,174.4600,2000
1467218129,174.5800,174.5800,174.5750,174.5750,300
1467218190,174.5200,174.5200,174.5200,174.5200,100
1467218411,174.5750,174.5850,174.5750,174.5850,300
1467218543,174.4900,174.5000,174.4900,174.5000,200
1467218709,174.5350,174.5900,174.4800,174.5450,1200
1467218819,174.4500,174.5200,174.4500,174.4800,900
1467218934,174.4100,174.4100,174.4100,174.4100,600
1467219013,174.3200,174.3200,174.3150,174.3150,300
1467219068,174.3700,174.4500,174.3700,174.3900,2400
1467219147,174.4500,174.4500,174.4500,174.4500,100
1467219181,174.3900,174.3900,174.3900,174.3900,100
1467219384,174.3000,174.3000,174.3000,174.3000,600
1467219555,174.3450,174.3450,174.2600,174.2600,200
1467219654,174.2400,174.4300,174.2400,174.4300,2600
1467219673,174.2600,174.4200,174.2400,174.3800,2900
1467219782,174.2200,174.2300,174.2200,174.2300,300
1467219868,174.3100,174.3700,174.1700,174.2700,600
1467219913,174.1500,174.1600,174.1500,174.1600,200
1467220021,173.9800,174.1700,173.9800,174.1700,500
1467220192,173.8000,174.0000,173.8000,173.9300,9000
1467220202,173.7400,173.7400,173.7400,173.7400,100
1467220271,173.7200,173.7200,173.7200,173.7200,300
1467220333,173.7400,173.9100,173.6800,173.9000,1700
1467220444,173.7500,173.7700,173.7500,173.7700,400
1467220571,173.7900,173.8600,173.7900,173.8600,600
1467220756,173.9000,173.9000,173.8300,173.8300,400
1467220823,173.7800,173.8550,173.7800,173.8550,300
1467220902,173.8200,173.9200,173.8200,173.9200,300
1467220942,173.8000,173.8000,173.8000,173.8000,300
1467221033,173.7900,173.7900,173.7900,173.7900,100
1467221070,173.7800,173.7800,173.7800,173.7800,200
1467221135,173.7300,173.8000,173.7300,173.8000,1000
1467221187,173.8800,173.8800,173.7300,173.7300,200
1467221221,173.7000,173.8000,173.7000,173.8000,500
1467221310,173.6100,173.6800,173.6100,173.6800,1200
1467221422,173.6400,173.7400,173.6400,173.6650,1900
1467221490,173.7400,173.7700,173.7400,173.7600,1200
1467221582,173.7100,173.7900,173.7100,173.7800,900
1467221723,173.7400,173.7400,173.7400,173.7400,100
1467221778,173.8200,173.8300,173.7400,173.7800,3500
1467221873,173.8300,173.8800,173.8150,173.8300,1000
1467221927,173.7900,173.9100,173.7900,173.9100,1100
1467221963,173.9500,173.9500,173.9500,173.9500,100
1467222030,173.9300,173.9300,173.9300,173.9300,200
1467222101,173.8400,173.8650,173.7900,173.8100,2100
1467222174,173.8400,173.8850,173.8200,173.8700,4200
1467222227,173.7700,173.8400,173.7500,173.8000,1800
1467222242,173.7250,173.7900,173.7100,173.7900,2000
1467222360,173.7200,173.7200,173.7200,173.7200,100
1467222421,173.7250,173.7300,173.7200,173.7200,400
1467222695,173.6700,173.6700,173.6700,173.6700,200
1467222734,173.6700,173.6700,173.6700,173.6700,400
1467222876,173.6400,173.6400,173.5800,173.6000,600
1467222945,173.6450,173.6450,173.6000,173.6000,1200
1467222996,173.6850,173.7100,173.5900,173.5900,1300
1467223038,173.7900,173.7900,173.6900,173.7400,900
1467223096,173.8200,173.8200,173.8200,173.8200,200
1467223340,173.7540,173.7540,173.7540,173.7540,200
1467223497,173.8350,173.8400,173.7900,173.7900,4200
1467223509,173.9200,173.9600,173.8900,173.8900,700
1467223602,173.9650,174.0000,173.9550,173.9700,700
1467223621,173.9900,174.0300,173.9900,174.0300,600
1467223702,174.0700,174.0700,174.0350,174.0500,2600
1467223957,173.9750,174.0600,173.9200,173.9800,11100
1467224062,173.9350,173.9350,173.9350,173.9350,100
1467224115,173.9400,173.9400,173.8650,173.9300,1000
1467224284,173.7700,173.9300,173.7700,173.9300,1000
1467224497,173.8400,173.9500,173.8400,173.8700,2600
1467224542,173.9700,173.9700,173.9700,173.9700,100
1467224584,173.8600,173.8600,173.8600,173.8600,300
1467224664,173.8900,173.8900,173.8900,173.8900,100
1467224879,173.9150,173.9150,173.9150,173.9150,100
1467224927,173.9800,173.9800,173.9800,173.9800,600
1467224990,173.9350,173.9800,173.9350,173.9800,1600
1467225013,174.1200,174.1200,174.1050,174.1050,700
1467225064,174.1700,174.1700,174.1200,174.1200,800
1467225192,174.1100,174.1100,174.1100,174.1100,100
1467225268,174.2600,174.2600,174.2000,174.2000,1600
1467225414,174.2200,174.2200,174.1800,174.2100,600
1467225457,174.1400,174.1400,174.1400,174.1400,700
1467225862,174.1000,174.1200,174.1000,174.1200,500
1467225959,174.1000,174.1000,174.1000,174.1000,300
1467226000,174.0300,174.0400,174.0300,174.0400,600
1467226074,174.0701,174.0701,174.0701,174.0701,500
1467226089,174.0700,174.2100,174.0700,174.1800,1600
1467226164,173.9500,174.0600,173.9500,174.0600,1200
1467226290,173.9700,173.9700,173.9700,173.9700,200
1467226370,174.0000,174.0000,173.8500,173.9600,600
1467226382,173.8600,173.8700,173.8600,173.8700,300
1467226444,174.0000,174.0600,173.8700,173.9900,2800
1467226540,174.0300,174.0300,174.0100,174.0100,200
1467226598,174.0600,174.0600,174.0500,174.0500,300
1467226674,174.1000,174.1300,174.1000,174.1300,200
1467226686,174.0700,174.1600,174.0700,174.1400,900
1467226783,174.1900,174.1900,174.1900,174.1900,200
1467226822,174.1200,174.1800,174.1200,174.1800,200
1467226903,174.1900,174.1900,174.1900,174.1900,200
1467226937,174.2500,174.2500,174.2100,174.2100,400
1467226987,174.2400,174.3000,174.2400,174.3000,1600
1467227174,174.1600,174.1600,174.1600,174.1600,100
1467227283,174.1800,174.2600,174.1800,174.2300,2500
1467227413,174.2800,174.3000,174.1800,174.2200,2100
1467227517,174.2400,174.3000,174.2300,174.3000,1200
1467227548,174.2100,174.2300,174.2100,174.2300,700
1467227740,174.2700,174.2700,174.2700,174.2700,300
1467227773,174.1800,174.2000,174.1800,174.2000,300
1467227842,174.2700,174.2800,174.1800,174.1800,1500
1467227890,174.2800,174.2800,174.2300,174.2300,700
1467227950,174.1600,174.1700,174.1600,174.1700,700
1467228030,174.2000,174.2000,174.1600,174.1600,900
1467228124,174.0300,174.0900,174.0000,174.0900,4400
1467228234,174.0100,174.0100,174.0100,174.0100,100
1467228240,174.0100,174.0100,174.0100,174.0100,100
1467228315,174.0200,174.0800,173.9900,174.0800,1400
1467228379,173.9400,173.9600,173.9400,173.9600,600
1467228471,173.9900,174.0250,173.9900,174.0250,600
1467228485,173.9800,174.0200,173.9800,174.0200,2200
1467228552,174.0200,174.0900,174.0200,174.0350,3200
1467228647,174.0800,174.0900,174.0800,174.0900,2200
1467228714,174.0400,174.0400,174.0400,174.0400,600
1467228733,173.9700,174.0000,173.9100,174.0000,12700
1467228788,173.9800,173.9800,173.9100,173.9700,1500
1467228848,174.0200,174.0400,173.9800,173.9800,3300
1467228941,174.0100,174.0200,174.0100,174.0200,1000
1467229014,174.0200,174.0200,174.0200,174.0200,300
1467229075,173.9800,173.9800,173.9800,173.9800,400
1467229090,173.9900,173.9900,173.9900,173.9900,200
1467229148,173.9400,174.0000,173.9400,174.0000,2300
1467229232,174.0100,174.0300,174.0000,174.0000,6300
1467229281,173.9200,173.9200,173.8800,173.9200,2200
1467229348,173.9200,173.9700,173.9100,173.9600,2300
1467229398,173.9000,173.9600,173.8900,173.9600,1100
1467229495,173.8600,173.8800,173.8600,173.8800,1500
1467229500,173.8200,173.9250,173.8100,173.9250,5500
1467229561,174.0000,174.0000,173.8700,173.9000,4400
1467229627,173.9200,173.9900,173.9200,173.9900,4500
1467229781,173.9300,174.0100,173.9300,174.0100,2000
1467229810,173.9900,174.0200,173.9900,174.0200,1200
1467229910,173.8401,173.8950,173.8401,173.8800,5000
1467229952,173.9500,173.9500,173.8800,173.8800,1900
1467230039,173.7500,173.8400,173.7500,173.8400,2200
1467230042,173.8350,173.8350,173.7500,173.7600,12400
1467230147,173.9400,173.9400,173.8600,173.8600,5800
1467230187,173.8200,173.8800,173.8200,173.8600,3900
1467230255,173.8500,173.8600,173.7500,173.7500,9400
1467230310,173.8900,173.8900,173.8900,173.8900,7400
1467230364,173.9100,173.9100,173.9100,173.9100,7500
1467230400,173.8800,173.8800,173.8800,173.8800,31000
