uri:/instrument/1.0/VIA/chartdata;type=quote;range=1d/csv
ticker:via
Company-Name:Viacom Inc.
Exchange-Name:NMS
unit:MIN
timezone:EDT
currency:USD
gmtoffset:-14400
previous_close:45.2300
Timestamp:1467293400,1467316800
labels:1467295200,1467298800,1467302400,1467306000,1467309600,1467313200,1467316800
values:Timestamp,close,high,low,open,volume
close:44.6600,46.4200
high:44.7000,46.4200
low:44.6600,46.4200
open:44.6800,46.4200
volume:0,10100
1467293480,45.0800,45.0800,45.0800,45.0800,1800
1467293546,44.7500,44.8200,44.7500,44.8200,400
1467293597,44.6600,44.7000,44.6600,44.6800,1200
1467293719,44.8900,45.0600,44.8350,44.9800,1800
1467293815,44.9700,44.9700,44.9700,44.9700,200
1467293886,44.8500,44.8700,44.8500,44.8700,1000
1467293969,45.2000,45.2000,45.1800,45.2000,300
1467294235,45.3800,45.3800,45.3800,45.3800,300
1467294293,45.2700,45.3000,45.2700,45.3000,800
1467294514,45.1500,45.1500,45.1500,45.1500,200
1467294662,45.1568,45.1568,45.1568,45.1568,100
1467294892,45.2370,45.2370,45.2370,45.2370,100
1467294981,45.2600,45.2800,45.2600,45.2800,400
1467295170,45.3300,45.4800,45.2850,45.3300,2900
1467295211,45.3600,45.3600,45.3600,45.3600,200
1467295340,45.4200,45.4200,45.4200,45.4200,200
1467295449,45.3800,45.4200,45.3800,45.4200,400
1467295657,45.1600,45.1800,45.1500,45.1800,600
1467295815,45.2900,45.2900,45.2800,45.2800,300
1467296083,45.3800,45.3800,45.3800,45.3800,100
1467296432,45.4600,45.4600,45.4600,45.4600,300
1467296748,45.3700,45.4700,45.3700,45.4700,500
1467297093,45.4600,45.4600,45.4600,45.4600,100
1467297333,45.4906,45.4906,45.4906,45.4906,900
1467298739,45.6094,45.6094,45.6094,45.6094,100
1467298831,45.5700,45.5700,45.5700,45.5700,100
1467298965,45.6500,45.6500,45.6500,45.6500,400
1467299374,45.6800,45.6800,45.6800,45.6800,100
1467299413,45.7395,45.7395,45.7395,45.7395,300
1467299857,45.4900,45.4900,45.4900,45.4900,500
1467300429,45.4900,45.4900,45.4900,45.4900,200
1467300718,45.6200,45.6200,45.6200,45.6200,500
1467301833,45.5650,45.5650,45.5650,45.5650,100
1467301942,45.4700,45.4700,45.4700,45.4700,100
1467302051,45.4508,45.4508,45.4508,45.4508,500
1467302276,45.4000,45.4000,45.4000,45.4000,100
1467302332,45.4300,45.4300,45.4300,45.4300,100
1467302613,45.4600,45.4600,45.4600,45.4600,300
1467303038,45.3982,45.3982,45.3982,45.3982,100
1467303378,45.3900,45.3900,45.3900,45.3900,900
1467304530,45.5300,45.5300,45.5300,45.5300,400
1467305186,45.4700,45.4700,45.4700,45.4700,400
1467305763,45.6200,45.6200,45.6200,45.6200,200
1467306140,45.7300,45.7300,45.7300,45.7300,200
1467306428,45.6800,45.6800,45.6800,45.6800,700
1467307976,45.6650,45.6650,45.6650,45.6650,600
1467310013,45.9500,45.9500,45.8700,45.8700,300
1467310042,45.8700,45.8700,45.8700,45.8700,500
1467311267,45.9406,45.9406,45.9406,45.9406,100
1467311388,45.9025,45.9025,45.9025,45.9025,700
1467311639,45.9940,45.9940,45.9940,45.9940,200
1467312033,46.0600,46.0600,46.0600,46.0600,500
1467312790,46.0700,46.0700,46.0700,46.0700,600
1467313494,46.1604,46.1604,46.1604,46.1604,1100
1467313810,46.1250,46.1250,46.1150,46.1150,500
1467313943,46.0500,46.0600,46.0500,46.0500,800
1467314654,46.0300,46.0300,46.0300,46.0300,300
1467315169,46.0400,46.0800,46.0400,46.0700,500
1467315418,46.1050,46.1050,45.9900,46.0700,2500
1467315421,46.1400,46.1400,46.1050,46.1050,1800
1467315534,46.1700,46.1700,46.1700,46.1700,400
1467315549,46.1900,46.2100,46.1700,46.1700,1500
1467315608,46.2400,46.2400,46.2000,46.2000,1600
1467315704,46.2000,46.2000,46.2000,46.2000,100
1467315798,46.2384,46.2384,46.2000,46.2000,500
1467315861,46.2000,46.2122,46.2000,46.2122,800
1467316135,46.1800,46.1800,46.1300,46.1300,400
1467316200,46.2700,46.2700,46.2700,46.2700,3300
1467316279,46.2800,46.2800,46.2600,46.2600,400
1467316380,46.3300,46.3300,46.3300,46.3300,300
1467316441,46.3800,46.3800,46.3800,46.3800,300
1467316516,46.3500,46.3600,46.3500,46.3600,1300
1467316569,46.3700,46.3700,46.3500,46.3500,1200
1467316691,46.3800,46.4000,46.3800,46.4000,2600
1467316791,46.3900,46.3900,46.3900,46.3900,10100
1467316800,46.4200,46.4200,46.4200,46.4200,0
