uri:/instrument/1.0/VEA/chartdata;type=quote;range=1d/csv
ticker:vea
Company-Name:Vanguard FTSE Developed Markets
Exchange-Name:PCX
unit:MIN
timezone:EDT
currency:USD
gmtoffset:-14400
previous_close:34.9300
Timestamp:1467293400,1467316800
labels:1467295200,1467298800,1467302400,1467306000,1467309600,1467313200,1467316800
values:Timestamp,close,high,low,open,volume
close:34.8800,35.3700
high:34.8900,35.3700
low:34.8700,35.3600
open:34.8800,35.3600
volume:0,3636800
1467293440,34.9800,35.0000,34.9800,35.0000,141600
1467293513,34.9500,34.9800,34.9500,34.9662,8600
1467293579,34.9400,34.9600,34.9366,34.9600,4100
1467293638,34.9420,34.9600,34.9300,34.9300,16400
1467293699,34.9600,34.9600,34.9450,34.9500,22400
1467293759,34.9800,34.9900,34.9700,34.9700,13900
1467293819,34.9300,34.9700,34.9300,34.9700,12300
1467293871,34.9600,34.9700,34.9300,34.9300,21800
1467293938,34.9600,34.9700,34.9500,34.9600,20000
1467293945,34.9700,34.9700,34.9520,34.9600,5800
1467294051,34.9400,34.9700,34.9400,34.9700,12700
1467294117,34.9400,34.9400,34.9201,34.9400,16900
1467294176,34.9421,34.9600,34.9421,34.9500,31600
1467294234,34.9576,34.9700,34.9500,34.9500,9000
1467294240,34.9500,34.9549,34.9200,34.9549,56600
1467294300,34.9600,34.9700,34.9200,34.9400,15400
1467294419,34.9800,34.9800,34.9562,34.9600,14900
1467294420,34.9400,34.9800,34.9341,34.9700,32500
1467294539,34.9599,34.9700,34.9400,34.9400,16500
1467294599,34.9650,34.9800,34.9500,34.9599,8400
1467294657,34.9300,34.9650,34.9300,34.9600,14300
1467294716,34.9050,34.9300,34.9050,34.9300,8000
1467294720,34.9100,34.9200,34.9000,34.9050,19700
1467294827,34.9200,34.9200,34.9100,34.9100,3800
1467294843,34.9039,34.9200,34.9039,34.9200,4700
1467294958,34.9100,34.9199,34.9000,34.9100,4900
1467294961,34.9200,34.9200,34.9000,34.9000,5800
1467295076,34.9299,34.9300,34.9123,34.9200,22300
1467295080,34.9200,34.9300,34.9150,34.9300,18200
1467295198,34.9400,34.9400,34.9200,34.9200,28600
1467295200,34.9400,34.9599,34.9400,34.9400,19600
1467295260,34.9400,34.9600,34.9400,34.9500,16900
1467295321,34.9400,34.9500,34.9200,34.9400,14800
1467295382,34.9500,34.9600,34.9300,34.9400,8600
1467295445,34.9299,34.9500,34.9200,34.9400,10600
1467295505,34.9000,34.9399,34.9000,34.9300,18200
1467295561,34.8800,34.9100,34.8800,34.9100,34000
1467295676,34.9000,34.9100,34.8800,34.8850,24300
1467295681,34.9000,34.9000,34.8900,34.8930,10700
1467295741,34.9100,34.9100,34.8900,34.9000,7700
1467295859,34.9450,34.9500,34.9000,34.9000,46400
1467295860,34.9300,34.9550,34.9300,34.9500,25200
1467295920,34.9200,34.9350,34.9000,34.9350,34100
1467295981,34.9200,34.9200,34.9100,34.9138,20900
1467296043,34.9400,34.9400,34.9150,34.9200,17600
1467296100,34.9600,34.9650,34.9450,34.9450,8200
1467296160,34.9600,34.9700,34.9500,34.9599,11600
1467296220,34.9500,34.9700,34.9494,34.9600,17400
1467296284,34.9400,34.9500,34.9300,34.9400,11700
1467296341,34.9400,34.9450,34.9300,34.9400,27800
1467296401,34.9562,34.9600,34.9400,34.9400,14000
1467296466,34.9299,34.9500,34.9250,34.9500,16200
1467296574,34.9200,34.9250,34.9100,34.9200,19900
1467296581,34.9300,34.9350,34.9200,34.9250,30300
1467296643,34.9300,34.9300,34.9100,34.9200,22100
1467296703,34.9299,34.9300,34.9199,34.9300,32300
1467296761,34.8900,34.9300,34.8900,34.9300,36700
1467296826,34.8800,34.9000,34.8800,34.8900,27000
1467296883,34.8800,34.8900,34.8720,34.8800,21800
1467296940,34.9000,34.9000,34.8700,34.8800,12300
1467297057,34.9300,34.9300,34.9000,34.9000,35200
1467297117,34.9400,34.9400,34.9200,34.9200,13900
1467297177,34.9600,34.9600,34.9336,34.9500,17200
1467297181,34.9350,34.9500,34.9300,34.9500,11500
1467297242,34.9400,34.9500,34.9400,34.9400,3100
1467297301,34.9400,34.9450,34.9315,34.9400,14000
1467297406,34.9400,34.9500,34.9400,34.9400,4900
1467297479,34.9500,34.9500,34.9300,34.9360,7500
1467297538,34.9700,34.9800,34.9500,34.9500,18100
1467297540,34.9750,34.9800,34.9700,34.9710,9000
1467297601,34.9400,34.9800,34.9400,34.9800,30800
1467297718,34.9600,34.9600,34.9400,34.9467,26300
1467297723,34.9800,34.9800,34.9600,34.9700,11100
1467297838,35.0000,35.0050,34.9800,34.9800,22900
1467297844,35.0000,35.0000,34.9900,35.0000,14000
1467297955,34.9900,35.0100,34.9900,34.9900,12300
1467298017,35.0000,35.0050,34.9900,34.9950,10600
1467298078,35.0200,35.0200,34.9900,35.0000,19300
1467298139,35.0100,35.0200,34.9965,35.0100,12500
1467298141,35.0300,35.0400,35.0100,35.0100,75400
1467298256,35.0499,35.0500,35.0399,35.0400,10300
1467298262,35.0400,35.0500,35.0400,35.0450,12100
1467298376,35.0500,35.0500,35.0400,35.0400,8000
1467298380,35.0250,35.0500,35.0250,35.0418,15900
1467298498,35.0200,35.0300,35.0100,35.0300,18300
1467298559,35.0500,35.0500,35.0100,35.0120,9600
1467298564,35.0600,35.0600,35.0500,35.0500,30300
1467298678,35.1000,35.1000,35.0600,35.0600,11300
1467298680,35.0751,35.1000,35.0741,35.0900,10200
1467298796,35.0800,35.0900,35.0800,35.0800,13400
1467298859,35.0300,35.0900,35.0190,35.0900,68700
1467298860,35.0099,35.0300,34.9750,35.0300,50500
1467298921,35.0200,35.0400,35.0000,35.0050,51500
1467298983,35.0100,35.0200,35.0000,35.0200,47500
1467299097,35.0300,35.0400,35.0050,35.0100,56600
1467299159,35.0500,35.0600,35.0300,35.0300,26600
1467299219,35.0700,35.0784,35.0500,35.0500,17300
1467299220,35.0600,35.0800,35.0500,35.0699,40000
1467299339,35.0900,35.0900,35.0600,35.0600,19200
1467299340,35.1100,35.1200,35.0800,35.0800,16000
1467299459,35.1450,35.1450,35.1000,35.1100,56300
1467299460,35.1200,35.1450,35.1200,35.1400,37700
1467299577,35.1040,35.1100,35.0900,35.1000,20700
1467299580,35.1200,35.1200,35.1000,35.1100,21600
1467299697,35.1300,35.1300,35.0950,35.1200,36600
1467299759,35.1500,35.1600,35.1300,35.1400,41900
1467299812,35.1400,35.1600,35.1300,35.1595,17300
1467299877,35.1200,35.1400,35.1200,35.1300,21000
1467299938,35.0400,35.1100,35.0400,35.1100,46200
1467299998,35.0400,35.0550,35.0300,35.0300,26500
1467300053,35.0200,35.0500,35.0200,35.0400,40300
1467300063,35.0325,35.0500,35.0100,35.0200,38100
1467300123,35.0100,35.0300,35.0100,35.0300,15300
1467300237,35.0061,35.0300,35.0000,35.0200,16600
1467300296,35.0000,35.0100,34.9901,35.0000,20700
1467300301,35.0199,35.0300,35.0000,35.0100,12600
1467300366,35.0100,35.0400,35.0001,35.0300,81100
1467300478,35.0300,35.0300,35.0100,35.0200,31200
1467300538,35.1000,35.1000,35.0400,35.0400,54900
1467300599,35.1100,35.1200,35.0900,35.1000,25100
1467300659,35.1800,35.1900,35.1200,35.1200,68200
1467300663,35.1300,35.1900,35.1300,35.1700,55400
1467300775,35.1400,35.1500,35.1264,35.1300,21200
1467300834,35.1550,35.1600,35.1100,35.1300,58400
1467300899,35.1500,35.1700,35.1400,35.1600,34100
1467300959,35.1399,35.1600,35.1200,35.1600,35800
1467301019,35.1100,35.1500,35.1100,35.1400,57100
1467301076,35.1000,35.1150,35.0900,35.1100,50100
1467301139,35.1270,35.1300,35.0980,35.1000,28100
1467301140,35.1150,35.1300,35.1057,35.1200,18500
1467301207,35.1000,35.1200,35.0900,35.1200,33100
1467301318,35.0800,35.1000,35.0700,35.0900,56900
1467301379,35.0715,35.0899,35.0640,35.0800,16100
1467301380,35.0815,35.1000,35.0700,35.0700,20700
1467301499,35.0600,35.0900,35.0600,35.0800,16800
1467301559,35.0738,35.0900,35.0700,35.0700,20900
1467301615,35.0700,35.0783,35.0567,35.0700,39100
1467301677,35.0600,35.0800,35.0600,35.0800,8600
1467301737,35.0750,35.0800,35.0600,35.0600,14000
1467301794,35.0900,35.0900,35.0726,35.0800,126600
1467301859,35.0900,35.0968,35.0800,35.0900,29500
1467301918,35.0900,35.0900,35.0743,35.0865,424200
1467301975,35.0900,35.1000,35.0600,35.0800,3636800
1467302039,35.0976,35.1000,35.0900,35.0990,8800
1467302099,35.1000,35.1000,35.0820,35.0900,7100
1467302103,35.1193,35.1200,35.1000,35.1000,10900
1467302164,35.1300,35.1400,35.1200,35.1200,15200
1467302276,35.1050,35.1300,35.0999,35.1300,29900
1467302339,35.1000,35.1050,35.0650,35.1050,322100
1467302398,35.1200,35.1200,35.0600,35.0900,46300
1467302400,35.1700,35.1788,35.1050,35.1100,90000
1467302519,35.2161,35.2200,35.1561,35.1600,39600
1467302577,35.2600,35.2600,35.2000,35.2199,123400
1467302580,35.2100,35.2600,35.2000,35.2500,34900
1467302699,35.1800,35.2200,35.1800,35.2100,35000
1467302701,35.1400,35.1700,35.1368,35.1700,93400
1467302815,35.1319,35.1500,35.1259,35.1400,68300
1467302879,35.1700,35.1700,35.1300,35.1300,42100
1467302939,35.1500,35.1800,35.1300,35.1700,112000
1467302999,35.1600,35.1800,35.1250,35.1500,68800
1467303002,35.2250,35.2250,35.1592,35.1592,77700
1467303119,35.2000,35.2200,35.1700,35.2200,79800
1467303121,35.1700,35.1950,35.1700,35.1900,147200
1467303238,35.1600,35.1800,35.1600,35.1600,65700
1467303298,35.1800,35.1900,35.1500,35.1500,36900
1467303350,35.2000,35.2100,35.1800,35.1850,35700
1467303360,35.2200,35.2200,35.1700,35.2050,38500
1467303424,35.2450,35.2500,35.2200,35.2200,17900
1467303538,35.2499,35.2600,35.2400,35.2500,21400
1467303548,35.2500,35.2650,35.2467,35.2500,20000
1467303654,35.2500,35.2500,35.2200,35.2400,31600
1467303660,35.2002,35.2450,35.2000,35.2400,18700
1467303720,35.2200,35.2200,35.1900,35.2000,12600
1467303836,35.2400,35.2400,35.2150,35.2200,39900
1467303899,35.2650,35.2700,35.2500,35.2500,8200
1467303957,35.2700,35.2800,35.2500,35.2600,18900
1467304013,35.2700,35.2800,35.2607,35.2700,7000
1467304021,35.2600,35.2700,35.2600,35.2600,41500
1467304083,35.2900,35.3000,35.2600,35.2600,27800
1467304193,35.2800,35.2900,35.2700,35.2800,11400
1467304259,35.2900,35.2900,35.2762,35.2800,46600
1467304263,35.3100,35.3100,35.2877,35.2932,20100
1467304377,35.3300,35.3300,35.3000,35.3000,12300
1467304380,35.3300,35.3400,35.3160,35.3300,14500
1467304440,35.3400,35.3400,35.3200,35.3201,16600
1467304503,35.3176,35.3400,35.3100,35.3400,21800
1467304561,35.3200,35.3200,35.3100,35.3100,25400
1467304678,35.3100,35.3200,35.3029,35.3100,27200
1467304738,35.3000,35.3200,35.2999,35.3150,25200
1467304744,35.2800,35.3000,35.2800,35.3000,22900
1467304855,35.2600,35.3000,35.2450,35.2900,23300
1467304919,35.2500,35.2650,35.2400,35.2650,15600
1467304976,35.2450,35.2550,35.2450,35.2500,7100
1467304984,35.2320,35.2600,35.2320,35.2500,13000
1467305041,35.2300,35.2400,35.2200,35.2400,10500
1467305106,35.2300,35.2500,35.2300,35.2300,9900
1467305219,35.2461,35.2500,35.2300,35.2300,16800
1467305220,35.2900,35.2900,35.2450,35.2500,14100
1467305338,35.2700,35.2900,35.2700,35.2900,12300
1467305396,35.2900,35.3000,35.2700,35.2799,18600
1467305455,35.3150,35.3150,35.2900,35.3000,18000
1467305464,35.3100,35.3200,35.3000,35.3100,53500
1467305579,35.2900,35.3200,35.2800,35.3200,35100
1467305637,35.3000,35.3000,35.2840,35.2840,11200
1467305697,35.3000,35.3100,35.2905,35.2971,23500
1467305759,35.3300,35.3300,35.3000,35.3000,11500
1467305816,35.3300,35.3300,35.3200,35.3242,5300
1467305879,35.3200,35.3300,35.3000,35.3200,12000
1467305938,35.3200,35.3300,35.3200,35.3200,6400
1467305942,35.3200,35.3300,35.3100,35.3101,9100
1467306058,35.3200,35.3290,35.3020,35.3100,26700
1467306119,35.3300,35.3300,35.3100,35.3200,98600
1467306175,35.3200,35.3400,35.3200,35.3300,23300
1467306182,35.3100,35.3400,35.3100,35.3200,10600
1467306248,35.3050,35.3100,35.3000,35.3100,1500
1467306356,35.2950,35.3000,35.2850,35.2950,9800
1467306418,35.2900,35.3000,35.2800,35.2900,14100
1467306477,35.3000,35.3000,35.2800,35.2900,5400
1467306534,35.3050,35.3100,35.2906,35.3000,22700
1467306599,35.3000,35.3071,35.2854,35.3071,9500
1467306656,35.2800,35.2900,35.2800,35.2900,7800
1467306714,35.2700,35.2800,35.2700,35.2800,7700
1467306779,35.2500,35.2800,35.2500,35.2800,10400
1467306836,35.2550,35.2600,35.2500,35.2500,6300
1467306843,35.2500,35.2600,35.2400,35.2500,15300
1467306959,35.2700,35.2700,35.2500,35.2500,25500
1467307015,35.2750,35.2799,35.2700,35.2700,18100
1467307079,35.2700,35.2800,35.2638,35.2800,13200
1467307138,35.2750,35.2800,35.2690,35.2750,23200
1467307143,35.2550,35.2800,35.2550,35.2800,26100
1467307202,35.2587,35.2650,35.2550,35.2600,19300
1467307317,35.2500,35.2600,35.2500,35.2600,6200
1467307374,35.2500,35.2600,35.2400,35.2500,12800
1467307433,35.2400,35.2500,35.2350,35.2500,24800
1467307497,35.2400,35.2450,35.2301,35.2400,13400
1467307558,35.2238,35.2500,35.2200,35.2400,13900
1467307619,35.2400,35.2400,35.2200,35.2300,4800
1467307677,35.2201,35.2400,35.2201,35.2350,8100
1467307733,35.2200,35.2300,35.2100,35.2300,7100
1467307798,35.2300,35.2300,35.2100,35.2200,8100
1467307801,35.2400,35.2400,35.2280,35.2280,8000
1467307916,35.2496,35.2500,35.2400,35.2400,16800
1467307978,35.2500,35.2500,35.2400,35.2500,7500
1467307981,35.2500,35.2600,35.2500,35.2500,10100
1467308043,35.2300,35.2500,35.2300,35.2500,17100
1467308157,35.2300,35.2300,35.2250,35.2300,7300
1467308160,35.2200,35.2299,35.2100,35.2293,47700
1467308278,35.2199,35.2299,35.2100,35.2138,17800
1467308337,35.2000,35.2200,35.1950,35.2200,11300
1467308394,35.2100,35.2100,35.1999,35.1999,7500
1467308458,35.2210,35.2300,35.2039,35.2100,21600
1467308518,35.2249,35.2300,35.2200,35.2250,9900
1467308576,35.2201,35.2300,35.2200,35.2300,2800
1467308582,35.2400,35.2400,35.2300,35.2300,18200
1467308694,35.2500,35.2550,35.2340,35.2350,24500
1467308703,35.2600,35.2600,35.2500,35.2500,17300
1467308818,35.2600,35.2600,35.2500,35.2510,25000
1467308826,35.2600,35.2600,35.2500,35.2600,9200
1467308939,35.2500,35.2600,35.2500,35.2600,3700
1467308998,35.2550,35.2600,35.2500,35.2550,3400
1467309006,35.2700,35.2700,35.2500,35.2550,26400
1467309109,35.2550,35.2700,35.2550,35.2700,11300
1467309178,35.2500,35.2600,35.2500,35.2600,10000
1467309188,35.2400,35.2500,35.2301,35.2450,2300
1467309242,35.2450,35.2500,35.2400,35.2400,21700
1467309357,35.2300,35.2400,35.2300,35.2400,6600
1467309414,35.2350,35.2400,35.2250,35.2300,10100
1467309479,35.2450,35.2450,35.2300,35.2300,5500
1467309539,35.2435,35.2600,35.2400,35.2450,9600
1467309595,35.2500,35.2600,35.2400,35.2401,11400
1467309658,35.2600,35.2600,35.2500,35.2550,8300
1467309716,35.2650,35.2650,35.2501,35.2600,27600
1467309723,35.2700,35.2799,35.2601,35.2650,11100
1467309838,35.2750,35.2750,35.2600,35.2700,20900
1467309895,35.2850,35.2900,35.2750,35.2750,13100
1467309902,35.2538,35.2880,35.2500,35.2800,16500
1467310018,35.2700,35.2700,35.2550,35.2600,6300
1467310075,35.2700,35.2771,35.2700,35.2700,4400
1467310138,35.2700,35.2700,35.2620,35.2700,59400
1467310140,35.2750,35.2900,35.2700,35.2700,68400
1467310203,35.2700,35.2800,35.2700,35.2750,17300
1467310311,35.2800,35.2800,35.2700,35.2700,22500
1467310379,35.2800,35.2800,35.2701,35.2800,2800
1467310435,35.2800,35.2800,35.2750,35.2800,1900
1467310499,35.2800,35.2800,35.2700,35.2800,3600
1467310556,35.2850,35.2850,35.2701,35.2800,37200
1467310617,35.2850,35.2900,35.2800,35.2824,15000
1467310678,35.3000,35.3000,35.2802,35.2900,26300
1467310686,35.3000,35.3000,35.2900,35.3000,11700
1467310799,35.3100,35.3200,35.3000,35.3000,10500
1467310801,35.3250,35.3300,35.3100,35.3150,5700
1467310915,35.3350,35.3400,35.3100,35.3300,23200
1467310976,35.3300,35.3390,35.3200,35.3390,12500
1467311038,35.3233,35.3350,35.3200,35.3350,7500
1467311045,35.3250,35.3300,35.3200,35.3250,4600
1467311102,35.3000,35.3250,35.2938,35.3250,29200
1467311219,35.2899,35.3000,35.2800,35.3000,50000
1467311278,35.2800,35.2900,35.2800,35.2900,11400
1467311339,35.2700,35.2800,35.2601,35.2800,5400
1467311396,35.2650,35.2699,35.2530,35.2600,12800
1467311404,35.2800,35.2900,35.2700,35.2700,14900
1467311518,35.2900,35.2900,35.2700,35.2800,12900
1467311523,35.2900,35.2900,35.2800,35.2800,9800
1467311634,35.2800,35.2900,35.2800,35.2900,3600
1467311696,35.2600,35.2899,35.2600,35.2800,37700
1467311706,35.2750,35.2800,35.2600,35.2600,31600
1467311763,35.2800,35.2850,35.2701,35.2800,11900
1467311870,35.2800,35.2899,35.2800,35.2899,4900
1467311882,35.2600,35.2849,35.2600,35.2849,18100
1467311999,35.2690,35.2700,35.2537,35.2699,9400
1467312057,35.2750,35.2800,35.2700,35.2700,16700
1467312118,35.2850,35.2900,35.2700,35.2750,8500
1467312120,35.2900,35.2900,35.2800,35.2900,2900
1467312235,35.2601,35.2900,35.2601,35.2900,15300
1467312299,35.2900,35.2900,35.2700,35.2700,31500
1467312302,35.2850,35.2900,35.2800,35.2900,4100
1467312419,35.2900,35.2900,35.2800,35.2850,8000
1467312421,35.2900,35.3100,35.2900,35.2900,14200
1467312539,35.3200,35.3300,35.3000,35.3000,17700
1467312599,35.3150,35.3300,35.3100,35.3234,12200
1467312659,35.3350,35.3350,35.3150,35.3200,11400
1467312719,35.3200,35.3400,35.3200,35.3300,24500
1467312777,35.3200,35.3250,35.3100,35.3180,19000
1467312780,35.3200,35.3250,35.3100,35.3200,14300
1467312840,35.3350,35.3400,35.3200,35.3200,17400
1467312904,35.3300,35.3400,35.3300,35.3300,11000
1467312961,35.3200,35.3400,35.3200,35.3200,27200
1467313025,35.3100,35.3200,35.3100,35.3200,11700
1467313139,35.3100,35.3200,35.3050,35.3100,18800
1467313199,35.3200,35.3200,35.3000,35.3055,21700
1467313257,35.3300,35.3300,35.3101,35.3200,31600
1467313319,35.3237,35.3400,35.3201,35.3300,14200
1467313379,35.3200,35.3300,35.3100,35.3200,11600
1467313437,35.3100,35.3300,35.3100,35.3100,16700
1467313498,35.3150,35.3250,35.3100,35.3100,31200
1467313559,35.3150,35.3200,35.3100,35.3150,9000
1467313617,35.3200,35.3200,35.3110,35.3200,14000
1467313672,35.3150,35.3200,35.3100,35.3200,21300
1467313737,35.3200,35.3200,35.3050,35.3200,10200
1467313795,35.3200,35.3200,35.3100,35.3200,2400
1467313859,35.2850,35.3150,35.2850,35.3100,25200
1467313917,35.2900,35.2900,35.2800,35.2800,3500
1467313925,35.3100,35.3100,35.2850,35.2900,17200
1467314039,35.3100,35.3100,35.3000,35.3100,7800
1467314096,35.3000,35.3100,35.2900,35.3100,9500
1467314153,35.2900,35.3100,35.2800,35.3000,14700
1467314162,35.2900,35.3000,35.2830,35.2900,12100
1467314279,35.2800,35.2900,35.2700,35.2890,12600
1467314338,35.2890,35.2890,35.2743,35.2800,10600
1467314398,35.2850,35.2900,35.2737,35.2850,32800
1467314400,35.2760,35.2900,35.2700,35.2841,15000
1467314461,35.2800,35.2900,35.2640,35.2800,49000
1467314579,35.2900,35.3000,35.2801,35.2900,7000
1467314582,35.2950,35.3000,35.2838,35.2990,11300
1467314643,35.2900,35.3099,35.2900,35.3000,20300
1467314700,35.3200,35.3200,35.2900,35.3000,20900
1467314760,35.3300,35.3400,35.3200,35.3200,15400
1467314831,35.3200,35.3300,35.3150,35.3300,22100
1467314939,35.3150,35.3300,35.3150,35.3300,13900
1467314996,35.3100,35.3200,35.3100,35.3200,9800
1467315059,35.2900,35.3200,35.2850,35.3200,27600
1467315060,35.3000,35.3000,35.2900,35.2900,29100
1467315123,35.2950,35.3000,35.2900,35.2950,3900
1467315238,35.3200,35.3200,35.2900,35.2901,29000
1467315296,35.3200,35.3200,35.3099,35.3158,17300
1467315359,35.3000,35.3300,35.3000,35.3200,24600
1467315419,35.2900,35.3000,35.2800,35.3000,7600
1467315422,35.2850,35.2900,35.2800,35.2850,10000
1467315482,35.2650,35.2900,35.2650,35.2850,12900
1467315597,35.2750,35.2950,35.2700,35.2700,24800
1467315600,35.2800,35.2900,35.2700,35.2800,56100
1467315719,35.2710,35.2800,35.2700,35.2700,11000
1467315720,35.2650,35.2800,35.2650,35.2700,28400
1467315785,35.2500,35.2700,35.2500,35.2700,16000
1467315843,35.2350,35.2500,35.2300,35.2500,32500
1467315957,35.2265,35.2300,35.2200,35.2300,21800
1467315965,35.2600,35.2600,35.2200,35.2300,21700
1467316079,35.2800,35.2800,35.2599,35.2600,16300
1467316136,35.2650,35.2750,35.2600,35.2750,103800
1467316198,35.2700,35.2700,35.2600,35.2650,5400
1467316259,35.2900,35.2950,35.2750,35.2750,97000
1467316318,35.2850,35.3000,35.2800,35.2900,43400
1467316379,35.3050,35.3100,35.2800,35.2800,69500
1467316438,35.3250,35.3300,35.3050,35.3050,43400
1467316444,35.3450,35.3500,35.3200,35.3200,43400
1467316558,35.3300,35.3450,35.3200,35.3450,94100
1467316616,35.3150,35.3350,35.3150,35.3300,88000
1467316679,35.3250,35.3300,35.3100,35.3200,61200
1467316738,35.3300,35.3400,35.3181,35.3200,78000
1467316740,35.3700,35.3700,35.3200,35.3200,2136500
1467316800,35.3600,35.3600,35.3600,35.3600,0
