uri:/instrument/1.0/VEA/chartdata;type=quote;range=1d/csv
ticker:vea
Company-Name:Vanguard FTSE Developed Markets
Exchange-Name:PCX
unit:MIN
timezone:EDT
currency:USD
gmtoffset:-14400
previous_close:35.5600
Timestamp:1468330200,1468353600
labels:1468332000,1468335600,1468339200,1468342800,1468346400,1468350000,1468353600
values:Timestamp,close,high,low,open,volume
close:35.9900,36.1849
high:35.9900,36.1885
low:35.9800,36.1801
open:35.9896,36.1859
volume:100,459900
1468330210,36.0700,36.0700,36.0450,36.0500,125400
1468330318,36.0600,36.0800,36.0600,36.0800,1800
1468330326,36.0500,36.0561,36.0300,36.0500,16100
1468330438,36.0877,36.0877,36.0600,36.0600,6700
1468330440,36.0750,36.0864,36.0650,36.0800,13900
1468330555,36.0900,36.0900,36.0750,36.0800,9400
1468330619,36.0700,36.0900,36.0650,36.0800,13100
1468330620,36.0650,36.0700,36.0635,36.0700,4300
1468330719,36.0600,36.0700,36.0600,36.0700,10500
1468330792,36.0650,36.0700,36.0600,36.0600,7500
1468330855,36.0700,36.0715,36.0607,36.0615,10300
1468330860,36.0726,36.0750,36.0600,36.0700,13800
1468330974,36.0800,36.0800,36.0700,36.0800,10400
1468330983,36.0750,36.0800,36.0700,36.0775,5400
1468331096,36.0834,36.0850,36.0750,36.0800,11300
1468331107,36.1000,36.1000,36.0800,36.0800,9200
1468331163,36.0900,36.1000,36.0801,36.0900,8600
1468331243,36.0699,36.0750,36.0665,36.0700,14400
1468331339,36.0700,36.0700,36.0600,36.0600,6800
1468331340,36.0600,36.0700,36.0600,36.0700,9000
1468331400,36.0601,36.0601,36.0600,36.0600,3400
1468331517,36.0800,36.0800,36.0700,36.0700,81200
1468331545,36.0849,36.0899,36.0800,36.0810,1600
1468331635,36.0900,36.0900,36.0800,36.0850,5800
1468331691,36.1000,36.1000,36.0839,36.0900,31400
1468331700,36.0800,36.1176,36.0800,36.1000,6300
1468331818,36.0865,36.0900,36.0801,36.0900,9000
1468331871,36.0799,36.0800,36.0750,36.0800,2400
1468331892,36.0700,36.0750,36.0700,36.0750,1200
1468331967,36.0500,36.0699,36.0500,36.0699,9400
1468332004,36.0599,36.0600,36.0500,36.0500,29900
1468332061,36.0600,36.0600,36.0533,36.0599,12500
1468332122,36.0601,36.0669,36.0500,36.0600,13100
1468332187,36.0700,36.0796,36.0600,36.0620,9200
1468332244,36.0690,36.0700,36.0599,36.0650,11100
1468332300,36.0600,36.0699,36.0500,36.0690,7000
1468332364,36.0500,36.0590,36.0450,36.0590,5000
1468332431,36.0400,36.0592,36.0400,36.0500,4500
1468332517,36.0296,36.0296,36.0200,36.0201,5200
1468332549,36.0100,36.0299,36.0100,36.0200,5100
1468332600,36.0200,36.0250,36.0050,36.0165,5600
1468332662,35.9900,36.0200,35.9800,36.0200,35400
1468332724,35.9900,35.9900,35.9900,35.9900,4300
1468332803,36.0000,36.0000,35.9890,35.9896,3200
1468332846,36.0050,36.0090,36.0000,36.0000,8600
1468332902,36.0100,36.0161,36.0000,36.0000,21000
1468333019,36.0000,36.0199,36.0000,36.0100,7000
1468333022,36.0000,36.0099,35.9901,36.0096,7200
1468333092,36.0140,36.0296,36.0100,36.0100,7000
1468333140,36.0090,36.0296,36.0010,36.0296,4400
1468333200,36.0000,36.0099,35.9933,36.0000,4600
1468333287,36.0000,36.0100,36.0000,36.0099,4200
1468333376,36.0000,36.0165,36.0000,36.0000,7300
1468333380,36.0090,36.0167,36.0000,36.0000,18900
1468333441,36.0138,36.0190,35.9975,36.0100,10600
1468333501,35.9990,36.0100,35.9950,36.0100,19900
1468333571,35.9900,35.9900,35.9849,35.9900,6000
1468333620,36.0050,36.0100,35.9975,36.0000,15900
1468333683,36.0249,36.0249,36.0030,36.0030,5100
1468333747,36.0237,36.0300,36.0237,36.0250,5700
1468333803,36.0400,36.0400,36.0300,36.0300,4600
1468333892,36.0434,36.0460,36.0434,36.0439,1100
1468333921,36.0400,36.0500,36.0400,36.0400,16700
1468334038,36.0499,36.0535,36.0401,36.0500,7000
1468334089,36.0600,36.0600,36.0450,36.0500,4900
1468334103,36.0600,36.0600,36.0500,36.0550,21500
1468334173,36.0501,36.0550,36.0500,36.0500,1600
1468334220,36.0463,36.0500,36.0400,36.0500,22100
1468334325,36.0400,36.0500,36.0400,36.0400,3800
1468334379,36.0500,36.0500,36.0400,36.0400,1700
1468334401,36.0500,36.0500,36.0450,36.0450,8800
1468334463,36.0599,36.0599,36.0500,36.0500,8700
1468334577,36.0430,36.0550,36.0400,36.0550,11700
1468334588,36.0500,36.0500,36.0500,36.0500,4200
1468334642,36.0510,36.0600,36.0500,36.0501,11000
1468334707,36.0600,36.0634,36.0600,36.0600,10200
1468334804,36.0750,36.0799,36.0660,36.0660,7200
1468334820,36.0850,36.0900,36.0735,36.0735,31300
1468334935,36.0850,36.0900,36.0800,36.0800,13100
1468334998,36.0790,36.0896,36.0701,36.0850,33000
1468335006,36.0755,36.0800,36.0700,36.0750,4300
1468335066,36.0700,36.0700,36.0620,36.0700,7600
1468335132,36.0550,36.0640,36.0500,36.0640,4500
1468335181,36.0567,36.0600,36.0500,36.0590,2600
1468335299,36.0600,36.0600,36.0500,36.0500,800
1468335307,36.0301,36.0552,36.0300,36.0500,48200
1468335419,36.0300,36.0400,36.0300,36.0300,5900
1468335423,36.0250,36.0250,36.0250,36.0250,400
1468335481,36.0300,36.0300,36.0250,36.0250,1000
1468335541,36.0350,36.0400,36.0200,36.0200,12900
1468335618,36.0300,36.0400,36.0300,36.0300,1300
1468335690,36.0339,36.0400,36.0250,36.0301,3900
1468335723,36.0300,36.0400,36.0300,36.0300,25000
1468335786,36.0240,36.0300,36.0200,36.0200,23700
1468335840,36.0300,36.0300,36.0200,36.0200,2300
1468335901,36.0400,36.0400,36.0201,36.0300,17900
1468335969,36.0400,36.0400,36.0400,36.0400,2000
1468336077,36.0350,36.0500,36.0350,36.0450,37400
1468336138,36.0400,36.0500,36.0300,36.0400,33400
1468336191,36.0350,36.0414,36.0300,36.0400,23900
1468336201,36.0427,36.0480,36.0400,36.0400,6100
1468336317,36.0485,36.0485,36.0400,36.0450,800
1468336379,36.0438,36.0500,36.0300,36.0365,22600
1468336381,36.0400,36.0500,36.0400,36.0450,36300
1468336498,36.0450,36.0450,36.0400,36.0450,3400
1468336508,36.0450,36.0500,36.0400,36.0450,5100
1468336572,36.0400,36.0473,36.0400,36.0400,3700
1468336626,36.0300,36.0500,36.0300,36.0401,64800
1468336739,36.0400,36.0490,36.0350,36.0350,11900
1468336799,36.0300,36.0400,36.0300,36.0400,11500
1468336801,36.0371,36.0377,36.0250,36.0250,8000
1468336868,36.0350,36.0400,36.0350,36.0400,9500
1468336973,36.0457,36.0499,36.0300,36.0300,19400
1468337039,36.0450,36.0490,36.0400,36.0470,6400
1468337040,36.0500,36.0500,36.0400,36.0450,6100
1468337102,36.0700,36.0730,36.0401,36.0500,97300
1468337166,36.0704,36.0800,36.0700,36.0800,38600
1468337231,36.0600,36.0700,36.0600,36.0700,45900
1468337337,36.0400,36.0699,36.0400,36.0600,46200
1468337398,36.0500,36.0600,36.0450,36.0500,75700
1468337444,36.0450,36.0501,36.0313,36.0500,24700
1468337467,36.0500,36.0600,36.0470,36.0500,25600
1468337524,36.0500,36.0500,36.0500,36.0500,6700
1468337586,36.0560,36.0600,36.0510,36.0600,2700
1468337650,36.0650,36.0699,36.0500,36.0600,11000
1468337709,36.0500,36.0600,36.0500,36.0524,3700
1468337816,36.0650,36.0650,36.0401,36.0500,8600
1468337823,36.0676,36.0700,36.0600,36.0700,2600
1468337884,36.0700,36.0700,36.0600,36.0600,5900
1468337987,36.0700,36.0700,36.0601,36.0700,11400
1468338010,36.0800,36.0850,36.0780,36.0780,2100
1468338068,36.0800,36.0867,36.0800,36.0850,3900
1468338172,36.0850,36.0850,36.0750,36.0800,7500
1468338180,36.0800,36.0847,36.0800,36.0847,2800
1468338264,36.1000,36.1000,36.0900,36.0900,13500
1468338301,36.0749,36.0939,36.0749,36.0939,6800
1468338362,36.0814,36.0814,36.0770,36.0770,3300
1468338446,36.0850,36.0865,36.0800,36.0850,5200
1468338539,36.0850,36.0899,36.0800,36.0894,20600
1468338595,36.0965,36.0965,36.0850,36.0850,29100
1468338659,36.0950,36.1000,36.0910,36.0999,11500
1468338660,36.1000,36.1000,36.0950,36.0950,4600
1468338723,36.0900,36.1000,36.0850,36.1000,4200
1468338837,36.0914,36.1050,36.0900,36.0965,49800
1468338846,36.1000,36.1000,36.0950,36.0950,2500
1468338931,36.1150,36.1200,36.1034,36.1100,10500
1468338984,36.1200,36.1200,36.1135,36.1200,5900
1468339024,36.1100,36.1200,36.1100,36.1180,7100
1468339139,36.1200,36.1300,36.1150,36.1150,5600
1468339141,36.1100,36.1250,36.1100,36.1213,9000
1468339257,36.1150,36.1200,36.1101,36.1113,4100
1468339265,36.1250,36.1300,36.1127,36.1127,10700
1468339330,36.1291,36.1300,36.1201,36.1300,19000
1468339388,36.1200,36.1250,36.1200,36.1200,2400
1468339441,36.1106,36.1200,36.1100,36.1200,15800
1468339557,36.1106,36.1200,36.1106,36.1200,4400
1468339565,36.1200,36.1200,36.1199,36.1200,1400
1468339640,36.1150,36.1200,36.1110,36.1200,2600
1468339739,36.1250,36.1270,36.1200,36.1200,4400
1468339790,36.1200,36.1300,36.1200,36.1250,6800
1468339844,36.1201,36.1300,36.1201,36.1250,3500
1468339860,36.1210,36.1300,36.1200,36.1200,1900
1468339965,36.1349,36.1400,36.1205,36.1205,21200
1468340038,36.1300,36.1351,36.1300,36.1335,6400
1468340041,36.1233,36.1233,36.1233,36.1233,300
1468340075,36.1250,36.1299,36.1233,36.1233,459900
1468340158,36.1336,36.1390,36.1271,36.1271,12900
1468340204,36.1400,36.1400,36.1350,36.1350,1200
1468340274,36.1500,36.1500,36.1400,36.1400,6400
1468340327,36.1499,36.1499,36.1350,36.1399,9600
1468340387,36.1360,36.1400,36.1350,36.1400,10500
1468340442,36.1300,36.1450,36.1300,36.1450,7600
1468340484,36.1468,36.1500,36.1300,36.1301,6500
1468340578,36.1401,36.1500,36.1401,36.1499,9500
1468340624,36.1600,36.1600,36.1401,36.1500,25400
1468340679,36.1650,36.1699,36.1606,36.1661,9600
1468340749,36.1849,36.1849,36.1700,36.1700,10000
1468340797,36.1800,36.1800,36.1701,36.1701,3000
1468340842,36.1801,36.1885,36.1801,36.1859,4800
1468340937,36.1700,36.1700,36.1651,36.1700,10400
1468340987,36.1795,36.1795,36.1700,36.1727,7000
1468341003,36.1735,36.1735,36.1735,36.1735,100
