uri:/instrument/1.0/SPGI/chartdata;type=quote;range=1d/csv
ticker:spgi
Company-Name:S&P Global Inc. Common Stock
Exchange-Name:NYQ
unit:MIN
timezone:EDT
currency:USD
gmtoffset:-14400
previous_close:115.6400
Timestamp:1468848600,1468872000
labels:1468850400,1468854000,1468857600,1468861200,1468864800,1468868400,1468872000
values:Timestamp,close,high,low,open,volume
close:116.1300,116.9200
high:116.1500,116.9600
low:116.1200,116.9000
open:116.1500,116.9300
volume:100,16700
1468848609,116.7300,116.7300,116.5900,116.5900,7500
1468848844,116.6300,116.6300,116.1600,116.4700,3100
1468848947,116.3600,116.6100,116.3600,116.6100,1000
1468849010,116.4600,116.5300,116.4600,116.5300,600
1468849028,116.5300,116.5300,116.3300,116.4600,1600
1468849126,116.6100,116.6200,116.5200,116.5200,1000
1468849196,116.5700,116.5700,116.4000,116.4000,700
1468849207,116.6200,116.6600,116.5700,116.5700,600
1468849260,116.4800,116.5700,116.4200,116.5700,4500
1468849403,116.4400,116.4400,116.2000,116.2000,2100
1468849495,116.4080,116.4080,116.4080,116.4080,400
1468849512,116.4100,116.4100,116.2600,116.2600,500
1468849611,116.3800,116.3800,116.3800,116.3800,200
1468849622,116.4900,116.4900,116.3000,116.4300,5900
1468849739,116.2700,116.3200,116.2700,116.3200,900
1468849780,116.2400,116.2600,116.2400,116.2400,1200
1468849806,116.3350,116.3350,116.3100,116.3100,700
1468849900,116.3400,116.4000,116.2900,116.3000,1900
1468849974,116.2400,116.3800,116.2400,116.3800,1900
1468850037,116.2100,116.2300,116.2100,116.2300,200
1468850113,116.3200,116.3530,116.3200,116.3530,1000
1468850332,116.3300,116.3400,116.2500,116.3400,1700
1468850374,116.2800,116.3200,116.2700,116.2800,1200
1468850406,116.1300,116.2850,116.1200,116.2800,4700
1468850463,116.2000,116.2000,116.1550,116.1550,1400
1468850552,116.3300,116.3300,116.3300,116.3300,400
1468850599,116.2900,116.2900,116.2900,116.2900,600
1468850757,116.2900,116.3500,116.2900,116.2900,3300
1468850782,116.2400,116.3300,116.2400,116.2700,1000
1468850835,116.2400,116.2738,116.2400,116.2738,400
1468850935,116.2400,116.2892,116.2400,116.2892,1400
1468850944,116.3000,116.3000,116.2900,116.2900,800
1468851056,116.3300,116.3300,116.2600,116.3000,5000
1468851060,116.1900,116.2500,116.1900,116.2500,3000
1468851173,116.1900,116.2400,116.1400,116.1700,1000
1468851182,116.2800,116.2800,116.2300,116.2300,1000
1468851246,116.3200,116.3200,116.2650,116.2650,2600
1468851355,116.5500,116.5600,116.4700,116.5150,1000
1468851391,116.5200,116.5200,116.4800,116.4900,1000
1468851454,116.5400,116.5400,116.5350,116.5350,800
1468851529,116.6100,116.6100,116.5300,116.5300,900
1468851585,116.6100,116.7500,116.6100,116.6100,3900
1468851654,116.6800,116.6800,116.6000,116.6000,700
1468851673,116.4900,116.6800,116.4900,116.6800,2300
1468851780,116.4700,116.5000,116.4100,116.4900,1300
1468851930,116.4700,116.4700,116.4700,116.4700,200
1468852018,116.5400,116.5400,116.5000,116.5000,1200
1468852024,116.5700,116.5700,116.5100,116.5700,1600
1468852188,116.6000,116.6000,116.6000,116.6000,200
1468852248,116.5600,116.5900,116.5200,116.5900,3900
1468852265,116.5900,116.6400,116.5400,116.5500,2400
1468852356,116.5400,116.5400,116.5400,116.5400,200
1468852411,116.7600,116.7600,116.5900,116.5900,2200
1468852493,116.6200,116.6700,116.5900,116.6700,3400
1468852553,116.6500,116.6500,116.6000,116.6300,400
1468852564,116.6400,116.6400,116.5900,116.5900,1400
1468852661,116.5700,116.6299,116.5700,116.6299,600
1468852727,116.6600,116.6600,116.6050,116.6200,1500
1468852757,116.7900,116.7900,116.6600,116.6600,3100
1468852858,116.6600,116.7400,116.6500,116.7100,4600
1468852861,116.6700,116.6700,116.6100,116.6400,700
1468853064,116.5500,116.5500,116.5500,116.5500,200
1468853131,116.6100,116.6100,116.5600,116.5600,500
1468853277,116.5600,116.6300,116.5600,116.6200,1700
1468853326,116.5700,116.5700,116.5100,116.5100,400
1468853393,116.3600,116.5350,116.3600,116.5100,2100
1468853449,116.3600,116.4000,116.3600,116.3600,800
1468853548,116.4350,116.4700,116.4002,116.4200,2400
1468853590,116.3800,116.4700,116.3800,116.4700,4200
1468853643,116.3900,116.4200,116.3900,116.4100,1000
1468853783,116.3303,116.4100,116.3303,116.4000,1300
1468853861,116.4500,116.4500,116.4100,116.4100,1000
1468853906,116.3700,116.4300,116.3700,116.4300,1500
1468853970,116.3300,116.3400,116.3300,116.3400,300
1468854035,116.3301,116.3301,116.3201,116.3201,2200
1468854078,116.4600,116.4600,116.4000,116.4500,900
1468854142,116.4600,116.4600,116.4600,116.4600,2200
1468854215,116.3700,116.4600,116.3700,116.4600,3500
1468854249,116.3600,116.4200,116.3600,116.4000,600
1468854338,116.4300,116.4300,116.4200,116.4200,700
1468854378,116.3700,116.4500,116.3700,116.4500,2200
1468854463,116.3900,116.3900,116.3900,116.3900,300
1468854533,116.4100,116.4100,116.3500,116.3600,300
1468854588,116.3600,116.4100,116.3600,116.4100,400
1468854646,116.3850,116.3850,116.3500,116.3500,300
1468854721,116.3600,116.4100,116.3400,116.3500,2700
1468854839,116.3750,116.4100,116.3600,116.3900,3100
1468854887,116.4100,116.4100,116.3700,116.3800,3000
1468854903,116.4800,116.5100,116.4200,116.4200,1500
1468854981,116.4800,116.4800,116.4800,116.4800,300
1468855025,116.5000,116.5000,116.4800,116.4800,2100
1468855085,116.5600,116.5800,116.5200,116.5200,700
1468855193,116.5600,116.5600,116.5600,116.5600,300
1468855229,116.5600,116.5600,116.5600,116.5600,10400
1468855313,116.6500,116.6500,116.6000,116.6000,1400
1468855342,116.6400,116.6500,116.6400,116.6500,300
1468855386,116.6300,116.6500,116.5800,116.5800,2300
1468855449,116.6300,116.6300,116.5900,116.6300,2200
1468855552,116.5100,116.6100,116.5100,116.6000,3500
1468855562,116.5600,116.5600,116.5200,116.5300,900
1468855627,116.5000,116.5720,116.5000,116.5720,800
1468855731,116.4950,116.4950,116.4950,116.4950,100
1468855776,116.5000,116.5200,116.4600,116.4600,1100
1468855820,116.4700,116.4700,116.4500,116.4500,400
1468855909,116.3600,116.4000,116.3600,116.4000,900
1468855933,116.4000,116.4000,116.3500,116.3600,1300
1468855986,116.4000,116.4000,116.4000,116.4000,300
1468856090,116.4900,116.4900,116.4400,116.4400,1000
1468856107,116.3700,116.4550,116.3300,116.4550,4400
1468856167,116.4600,116.4600,116.3400,116.3750,1500
1468856279,116.4600,116.4600,116.4600,116.4600,100
1468856322,116.4600,116.4600,116.3900,116.4300,800
1468856372,116.4650,116.5300,116.4650,116.5300,500
1468856552,116.4900,116.4900,116.4600,116.4600,300
1468856640,116.4900,116.4900,116.4900,116.4900,2600
1468856700,116.5000,116.5500,116.5000,116.5150,500
1468856760,116.4600,116.4925,116.4200,116.4925,3300
1468856873,116.4300,116.4300,116.4300,116.4300,100
1468856898,116.4450,116.4450,116.4450,116.4450,200
1468856978,116.4350,116.4350,116.4350,116.4350,100
1468857001,116.4300,116.4300,116.3900,116.3900,700
1468857074,116.3900,116.4600,116.3900,116.4600,200
1468857120,116.4300,116.4500,116.3900,116.3900,800
1468857182,116.3900,116.4700,116.3900,116.4700,1300
1468857299,116.3800,116.4500,116.3800,116.4050,4300
1468857307,116.3500,116.3800,116.3500,116.3600,800
1468857386,116.3400,116.3400,116.3400,116.3400,100
1468857475,116.3900,116.3900,116.3400,116.3400,2300
1468857532,116.3200,116.3550,116.3200,116.3500,1100
1468857559,116.3100,116.3800,116.3100,116.3400,1200
1468857623,116.3000,116.3000,116.3000,116.3000,100
1468857712,116.2500,116.3000,116.2500,116.3000,1600
1468857726,116.2000,116.2800,116.2000,116.2300,1600
1468857801,116.1900,116.2200,116.1900,116.2200,600
1468857861,116.1800,116.2300,116.1800,116.2200,1000
1468857945,116.1400,116.1800,116.1400,116.1800,3500
1468858011,116.1500,116.1500,116.1500,116.1500,100
1468858030,116.2300,116.2300,116.1800,116.1800,1300
1468858149,116.1800,116.1800,116.1800,116.1800,200
1468858227,116.2400,116.2400,116.2300,116.2300,800
1468858303,116.2000,116.2700,116.2000,116.2700,200
1468858346,116.2100,116.2700,116.2000,116.2700,1200
1468858420,116.2050,116.2050,116.1800,116.1800,400
1468858443,116.1800,116.1800,116.1800,116.1800,400
1468858526,116.2400,116.2400,116.1900,116.2100,1800
1468858621,116.2800,116.2800,116.2200,116.2200,1400
1468858685,116.2100,116.2600,116.2100,116.2600,1200
1468858792,116.2000,116.2200,116.1900,116.2100,3100
1468858807,116.2100,116.2100,116.1900,116.1931,1700
1468858864,116.2200,116.2200,116.2000,116.2100,1400
1468858976,116.2300,116.2300,116.2300,116.2300,400
1468859017,116.2304,116.2700,116.2304,116.2500,300
1468859098,116.3700,116.3700,116.2700,116.2700,6400
1468859100,116.4300,116.4300,116.3700,116.3800,1800
1468859185,116.4400,116.4400,116.4200,116.4300,700
1468859271,116.4900,116.4900,116.4600,116.4600,400
1468859316,116.5300,116.5300,116.4600,116.4900,900
1468859342,116.5160,116.5160,116.5160,116.5160,100
1468859403,116.4600,116.5300,116.4400,116.5300,4600
1468859464,116.4650,116.4650,116.4400,116.4400,700
1468859618,116.5100,116.5100,116.5000,116.5000,900
1468859746,116.4200,116.5200,116.4200,116.4950,2400
1468859818,116.3900,116.4450,116.3900,116.4300,1300
1468859879,116.3000,116.4150,116.2600,116.4150,7500
1468859919,116.3000,116.3000,116.3000,116.3000,300
1468859941,116.3000,116.3250,116.3000,116.3250,1300
1468860017,116.1800,116.3000,116.1600,116.3000,4900
1468860062,116.1900,116.1900,116.1900,116.1900,900
1468860148,116.2000,116.2400,116.1900,116.2075,500
1468860185,116.2500,116.2500,116.2500,116.2500,600
1468860271,116.2200,116.2200,116.2200,116.2200,200
1468860311,116.2700,116.2700,116.2700,116.2700,400
1468860392,116.2800,116.3200,116.2800,116.3200,200
1468860476,116.2600,116.2600,116.2500,116.2500,600
1468860537,116.2700,116.2800,116.2600,116.2650,1100
1468860540,116.3000,116.3000,116.2700,116.2900,3200
1468860610,116.2800,116.3100,116.2800,116.3100,2100
1468860667,116.3000,116.3100,116.3000,116.3100,900
1468860766,116.3100,116.3100,116.2900,116.2900,500
1468860797,116.3800,116.3800,116.3100,116.3300,1500
1468860857,116.4000,116.4000,116.4000,116.4000,300
1468860975,116.4400,116.4400,116.4400,116.4400,100
1468861078,116.4800,116.4800,116.4100,116.4400,1100
1468861112,116.4600,116.4600,116.4000,116.4000,300
1468861157,116.4600,116.4600,116.4600,116.4600,300
1468861220,116.4500,116.4500,116.4275,116.4500,1200
1468861270,116.4900,116.4900,116.4300,116.4300,1600
1468861350,116.5400,116.5400,116.5400,116.5400,400
1468861422,116.6100,116.6100,116.6000,116.6000,200
1468861453,116.6300,116.6300,116.5764,116.5950,800
1468861586,116.5900,116.6200,116.5900,116.6199,1000
1468861677,116.5800,116.6000,116.5500,116.6000,4600
1468861730,116.5600,116.5700,116.5400,116.5600,1100
1468861794,116.5100,116.5400,116.5100,116.5300,1000
1468861807,116.4700,116.5000,116.4700,116.5000,800
1468861952,116.4375,116.4375,116.4375,116.4375,100
1468862003,116.4100,116.4350,116.4100,116.4100,2000
1468862097,116.3600,116.4300,116.3600,116.4100,1400
1468862102,116.3800,116.3800,116.3600,116.3600,900
1468862165,116.3300,116.3300,116.3300,116.3300,100
1468862239,116.4100,116.4100,116.3600,116.3600,1300
1468862333,116.4400,116.4400,116.3983,116.3983,400
1468862358,116.4400,116.4400,116.4400,116.4400,400
1468862490,116.4900,116.4900,116.4325,116.4325,1100
1468862562,116.4900,116.4900,116.4900,116.4900,100
1468862601,116.4458,116.4458,116.4200,116.4300,800
1468862695,116.4800,116.4800,116.4800,116.4800,100
1468862755,116.4600,116.4600,116.4200,116.4400,1700
1468862761,116.4600,116.4600,116.4500,116.4500,400
1468862835,116.4400,116.4700,116.4100,116.4600,2800
1468862883,116.3300,116.4100,116.3300,116.3900,1800
1468862968,116.3800,116.3800,116.3200,116.3200,200
1468863034,116.3600,116.4100,116.3350,116.3550,1400
1468863184,116.4700,116.4700,116.4200,116.4200,800
1468863358,116.4700,116.4800,116.4700,116.4800,600
1468863363,116.5100,116.5100,116.4700,116.4700,900
1468863500,116.5200,116.5200,116.5100,116.5100,800
1468863565,116.5600,116.5600,116.5600,116.5600,100
1468863644,116.5600,116.5600,116.5150,116.5600,500
1468863685,116.5600,116.5600,116.5600,116.5600,200
1468863726,116.6000,116.6000,116.5900,116.5900,300
1468863822,116.5800,116.5800,116.5800,116.5800,100
1468863841,116.6400,116.6400,116.5300,116.5300,2300
1468863942,116.6300,116.6300,116.6300,116.6300,100
1468863961,116.6400,116.6400,116.6400,116.6400,300
1468864075,116.6400,116.6500,116.6100,116.6100,2000
1468864081,116.5900,116.6300,116.5400,116.6200,4500
1468864168,116.5100,116.5200,116.5000,116.5200,1400
1468864235,116.5500,116.5500,116.5300,116.5300,900
1468864378,116.5400,116.5700,116.5400,116.5700,1200
1468864435,116.6200,116.6200,116.5400,116.5400,5300
1468864493,116.6000,116.6200,116.6000,116.6200,1600
1468864559,116.5700,116.6000,116.5300,116.6000,1800
1468864619,116.6100,116.6100,116.5500,116.5700,2500
1468864620,116.5300,116.6500,116.5300,116.6300,7700
1468864738,116.5000,116.5200,116.5000,116.5200,1000
1468864775,116.5250,116.5600,116.5250,116.5600,600
1468864919,116.5800,116.5800,116.5400,116.5400,1600
1468864920,116.6300,116.6300,116.5900,116.5900,4200
1468865092,116.6100,116.6200,116.6100,116.6100,1900
1468865124,116.6100,116.6190,116.6100,116.6100,400
1468865166,116.6200,116.6500,116.6125,116.6200,2800
1468865279,116.6400,116.6400,116.6400,116.6400,100
1468865333,116.6225,116.6500,116.6100,116.6400,1300
1468865345,116.6300,116.6400,116.6200,116.6400,3900
1468865404,116.6000,116.6350,116.6000,116.6300,3600
1468865487,116.6175,116.6400,116.6175,116.6300,700
1468865633,116.6400,116.6400,116.6150,116.6150,600
1468865671,116.6200,116.6250,116.6000,116.6100,2500
1468865727,116.5559,116.5800,116.5559,116.5800,1000
1468865775,116.5000,116.5300,116.4900,116.5300,1500
1468865825,116.5200,116.5300,116.5100,116.5100,800
1468865920,116.5200,116.5200,116.5200,116.5200,300
1468865951,116.4900,116.5125,116.4800,116.5000,3200
1468866050,116.5000,116.5000,116.5000,116.5000,200
1468866078,116.5200,116.5200,116.4850,116.5000,1700
1468866123,116.5400,116.5400,116.5100,116.5289,900
1468866189,116.6100,116.6300,116.5300,116.5450,3600
1468866289,116.6400,116.6400,116.6400,116.6400,800
1468866359,116.6700,116.6700,116.6500,116.6500,900
1468866375,116.6400,116.6800,116.6400,116.6800,300
1468866471,116.7000,116.7000,116.7000,116.7000,100
1468866536,116.7600,116.7600,116.7000,116.7000,2900
1468866543,116.7500,116.7600,116.7000,116.7600,3400
1468866656,116.7500,116.7600,116.7500,116.7600,700
1468866709,116.7100,116.7500,116.7100,116.7500,2200
1468866735,116.7100,116.7100,116.7100,116.7100,400
1468866798,116.7088,116.7300,116.7000,116.7300,500
1468866869,116.7400,116.7400,116.6900,116.6900,4200
1468867127,116.7200,116.7225,116.7200,116.7225,200
1468867140,116.7300,116.7500,116.7300,116.7500,500
1468867200,116.7650,116.7800,116.7500,116.7500,1700
1468867317,116.8300,116.8300,116.7650,116.7650,4200
1468867375,116.8300,116.8300,116.8300,116.8300,100
1468867390,116.7800,116.8050,116.7800,116.7900,3400
1468867459,116.7900,116.7900,116.7900,116.7900,500
1468867500,116.7950,116.8100,116.7950,116.8100,500
1468867609,116.7700,116.7700,116.7700,116.7700,1000
1468867672,116.7900,116.7900,116.7700,116.7700,700
1468867707,116.8100,116.8100,116.8000,116.8000,800
1468867774,116.7732,116.8100,116.7732,116.8100,2400
1468867801,116.8150,116.8400,116.8150,116.8300,700
1468867934,116.8200,116.8300,116.8000,116.8000,1300
1468867984,116.8300,116.8300,116.8000,116.8100,1500
1468868041,116.8500,116.8500,116.8400,116.8400,500
1468868115,116.8400,116.8500,116.8200,116.8500,2300
1468868169,116.8600,116.8800,116.8377,116.8377,5000
1468868255,116.8600,116.8600,116.8600,116.8600,300
1468868330,116.9000,116.9000,116.8800,116.8800,600
1468868361,116.9000,116.9000,116.8500,116.8900,1000
1468868430,116.9000,116.9300,116.8800,116.8800,4900
1468868518,116.8750,116.9200,116.8700,116.9200,3200
1468868555,116.8400,116.8700,116.8400,116.8700,1600
1468868595,116.8100,116.8300,116.8100,116.8300,700
1468868695,116.8000,116.8000,116.7950,116.7950,200
1468868702,116.8100,116.8400,116.8100,116.8100,2100
1468868763,116.7700,116.8150,116.7700,116.8000,900
1468868831,116.7875,116.7875,116.7800,116.7800,300
1468868896,116.7800,116.8100,116.7800,116.8100,200
1468868993,116.8200,116.8200,116.7975,116.8100,1500
1468869008,116.8200,116.8300,116.8200,116.8300,400
1468869074,116.8300,116.8300,116.8250,116.8300,600
1468869120,116.8500,116.8500,116.8200,116.8300,2100
1468869238,116.8500,116.8700,116.8400,116.8400,700
1468869299,116.8400,116.8500,116.8400,116.8500,400
1468869350,116.8400,116.8500,116.8300,116.8500,3200
1468869414,116.9200,116.9200,116.8400,116.8400,1100
1468869422,116.9100,116.9200,116.8800,116.9000,1900
1468869505,116.8900,116.9300,116.8800,116.8900,5800
1468869549,116.8900,116.9200,116.8900,116.9100,2000
1468869623,116.9000,116.9100,116.9000,116.9100,1500
1468869667,116.8910,116.9200,116.8910,116.9000,2200
1468869744,116.9000,116.9100,116.8900,116.9050,3200
1468869785,116.8800,116.9100,116.8800,116.9100,4500
1468869898,116.8900,116.9000,116.8900,116.8900,700
1468869916,116.8900,116.8900,116.8900,116.8900,200
1468870008,116.8900,116.8999,116.8800,116.8900,3200
1468870023,116.9100,116.9100,116.8800,116.8900,1900
1468870098,116.9100,116.9125,116.9000,116.9100,3700
1468870140,116.9200,116.9600,116.9000,116.9100,7800
1468870201,116.8600,116.9300,116.8600,116.9300,2900
1468870270,116.8800,116.8900,116.8700,116.8700,3800
1468870327,116.8800,116.9000,116.8750,116.8800,3500
1468870397,116.9100,116.9100,116.8800,116.8800,2000
1468870444,116.9050,116.9050,116.9000,116.9000,700
1468870559,116.9000,116.9000,116.8900,116.8950,800
1468870574,116.8900,116.8900,116.8800,116.8900,3600
1468870679,116.8800,116.8850,116.8700,116.8800,5800
1468870680,116.8800,116.8900,116.8800,116.8801,2900
1468870745,116.8400,116.8700,116.8300,116.8700,4700
1468870855,116.8400,116.8500,116.8400,116.8400,3700
1468870861,116.8400,116.8425,116.8300,116.8400,3200
1468870924,116.8050,116.8400,116.8000,116.8350,2000
1468870982,116.8000,116.8100,116.7900,116.8000,2700
1468871046,116.8000,116.8100,116.7950,116.8050,3400
1468871100,116.8600,116.8700,116.8000,116.8100,16300
1468871219,116.8600,116.8600,116.8500,116.8500,2400
1468871222,116.8800,116.8900,116.8600,116.8600,3600
1468871282,116.8800,116.8800,116.8700,116.8800,2900
1468871340,116.8500,116.9000,116.8500,116.8800,13100
1468871459,116.8000,116.8400,116.8000,116.8400,3700
1468871460,116.8200,116.8300,116.8100,116.8100,6400
1468871533,116.8350,116.8400,116.8100,116.8200,5900
1468871582,116.8400,116.8400,116.8300,116.8300,4400
1468871698,116.8700,116.8700,116.8400,116.8400,9800
1468871700,116.8700,116.8900,116.8600,116.8700,11800
1468871818,116.8800,116.8800,116.8700,116.8700,10600
1468871820,116.8900,116.8900,116.8700,116.8700,9600
1468871880,116.8300,116.9100,116.8300,116.8900,16700
1468871998,116.8400,116.8500,116.8100,116.8300,13200
1468872000,116.8500,116.8500,116.8500,116.8500,800
