uri:/instrument/1.0/GDX/chartdata;type=quote;range=1d/csv
ticker:gdx
Company-Name:VanEck Vectors Gold Miners ETF
Exchange-Name:PCX
unit:MIN
timezone:EDT
currency:USD
gmtoffset:-14400
previous_close:29.6100
Timestamp:1467984600,1468008000
labels:1467986400,1467990000,1467993600,1467997200,1468000800,1468004400,1468008000
values:Timestamp,close,high,low,open,volume
close:29.4700,30.6800
high:29.5600,30.6800
low:29.4305,30.6500
open:29.4600,30.6800
volume:10500,13976900
1467984651,29.7500,29.9000,29.6700,29.6800,4198600
1467984719,30.0200,30.0800,29.8300,29.8300,341900
1467984779,29.9000,30.0350,29.9000,30.0100,333100
1467984839,29.8700,29.9400,29.8450,29.9000,216200
1467984899,29.9600,29.9700,29.8700,29.8700,156300
1467984959,30.0150,30.0200,29.9600,29.9600,219400
1467985019,29.9700,30.0500,29.9600,30.0200,193400
1467985021,29.9300,29.9800,29.9100,29.9800,166200
1467985139,29.9300,30.0000,29.9250,29.9350,126900
1467985199,29.9500,29.9510,29.9000,29.9250,166200
1467985259,29.8401,29.9500,29.8000,29.9500,198100
1467985319,29.7500,29.8500,29.7200,29.8400,290400
1467985379,29.6500,29.7500,29.6500,29.7405,272500
1467985439,29.4900,29.6500,29.4305,29.6500,438000
1467985440,29.5800,29.5900,29.4600,29.4800,200100
1467985559,29.6400,29.6500,29.5600,29.5800,193600
1467985560,29.7600,29.7600,29.6307,29.6400,434000
1467985679,29.6600,29.7600,29.6400,29.7550,123800
1467985739,29.6750,29.7095,29.6200,29.6600,142600
1467985799,29.6400,29.6900,29.6300,29.6799,200500
1467985859,29.5700,29.6366,29.5600,29.6350,163200
1467985919,29.5692,29.6400,29.5550,29.5700,185600
1467985979,29.5800,29.6000,29.5500,29.5500,87200
1467985980,29.5400,29.6200,29.5381,29.5800,126900
1467986098,29.5600,29.5700,29.5200,29.5300,147100
1467986159,29.6099,29.6100,29.5500,29.5600,125700
1467986219,29.5400,29.6600,29.5400,29.6000,189500
1467986220,29.5700,29.5700,29.5300,29.5500,129000
1467986339,29.4700,29.5600,29.4700,29.5600,163800
1467986399,29.5100,29.5600,29.4600,29.4600,147700
1467986458,29.5693,29.6061,29.5000,29.5100,154500
1467986460,29.5800,29.6000,29.5400,29.5699,76400
1467986521,29.6200,29.6300,29.5600,29.5800,76400
1467986638,29.6100,29.6300,29.5900,29.6200,82500
1467986699,29.5950,29.6300,29.5650,29.6100,105800
1467986759,29.5600,29.5900,29.5100,29.5900,135200
1467986817,29.5850,29.5900,29.5400,29.5700,90100
1467986879,29.5900,29.6000,29.5600,29.5800,75600
1467986939,29.6500,29.6500,29.5900,29.5900,172900
1467986999,29.6290,29.6750,29.6100,29.6500,136900
1467987002,29.6401,29.6500,29.6100,29.6300,32500
1467987060,29.6550,29.7100,29.6400,29.6400,154300
1467987178,29.6900,29.7250,29.6500,29.6550,107300
1467987181,29.7800,29.7850,29.7036,29.7036,134600
1467987298,29.7900,29.8100,29.7600,29.7900,81100
1467987359,29.7106,29.7900,29.7100,29.7800,83200
1467987360,29.7600,29.7900,29.7000,29.7100,143900
1467987479,29.7600,29.7758,29.7400,29.7700,115600
1467987535,29.7700,29.7800,29.7450,29.7600,52900
1467987599,29.8200,29.8400,29.7600,29.7600,130100
1467987659,29.8400,29.8701,29.8100,29.8199,162600
1467987716,29.8420,29.8500,29.8150,29.8400,179800
1467987720,29.8736,29.8736,29.8100,29.8400,89700
1467987784,29.8600,29.8900,29.8500,29.8700,72200
1467987841,29.8300,29.8700,29.8050,29.8650,143600
1467987958,29.8200,29.8365,29.8050,29.8200,55300
1467988019,29.7974,29.8300,29.7600,29.8100,86800
1467988078,29.8400,29.8400,29.7700,29.7900,115900
1467988135,29.7650,29.8400,29.7600,29.8400,93300
1467988198,29.7650,29.7800,29.7299,29.7700,136000
1467988259,29.7408,29.7800,29.7400,29.7600,83500
1467988318,29.7300,29.7700,29.7200,29.7500,89500
1467988379,29.7078,29.7300,29.7000,29.7200,72900
1467988439,29.7700,29.7764,29.7010,29.7010,55800
1467988498,29.8100,29.8100,29.7600,29.7700,79300
1467988500,29.8300,29.8600,29.8050,29.8100,113000
1467988618,29.8350,29.8600,29.8050,29.8200,83000
1467988679,29.8250,29.8600,29.8200,29.8300,63800
1467988739,29.8400,29.8500,29.8100,29.8200,79300
1467988741,29.9100,29.9200,29.8400,29.8400,110300
1467988859,29.8700,29.9200,29.8600,29.9100,97600
1467988919,29.8787,29.8800,29.8500,29.8799,91200
1467988979,29.8550,29.8900,29.8500,29.8700,51900
1467989039,29.8800,29.8900,29.8500,29.8550,60300
1467989098,29.8400,29.8700,29.8300,29.8700,38800
1467989157,29.8000,29.8350,29.8000,29.8301,106000
1467989218,29.7800,29.7900,29.7500,29.7900,99500
1467989279,29.7950,29.8200,29.7800,29.7800,89700
1467989338,29.8100,29.8300,29.7900,29.8000,30900
1467989399,29.8100,29.8600,29.8100,29.8200,52100
1467989456,29.8200,29.8250,29.8001,29.8100,42800
1467989517,29.8200,29.8399,29.8100,29.8150,21200
1467989579,29.8100,29.8400,29.8033,29.8299,64900
1467989639,29.8350,29.8400,29.7987,29.8100,57000
1467989698,29.8300,29.8425,29.8200,29.8200,64400
1467989759,29.8900,29.9000,29.8340,29.8340,79800
1467989817,29.9100,29.9300,29.8900,29.8900,109900
1467989879,29.9100,29.9200,29.9000,29.9100,30900
1467989938,29.9200,29.9200,29.9000,29.9100,134300
1467989998,29.9200,29.9390,29.9100,29.9200,39600
1467990004,29.9300,29.9450,29.9100,29.9300,59900
1467990119,29.9300,29.9365,29.9100,29.9250,53800
1467990179,29.9100,29.9500,29.9100,29.9300,66100
1467990237,29.8950,29.9200,29.8700,29.9100,100900
1467990298,29.9100,29.9200,29.8900,29.8900,50400
1467990358,29.9150,29.9300,29.9050,29.9050,74000
1467990360,29.8860,29.9100,29.8837,29.9100,30500
1467990474,29.8959,29.9050,29.8700,29.8850,47500
1467990539,29.9100,29.9100,29.8900,29.8960,48300
1467990599,29.9400,29.9600,29.9000,29.9100,113300
1467990659,29.9300,29.9500,29.9200,29.9350,85700
1467990660,29.9200,29.9400,29.8900,29.9300,62600
1467990776,29.9200,29.9300,29.9050,29.9200,27600
1467990837,29.9100,29.9300,29.9000,29.9188,66500
1467990899,29.9200,29.9500,29.9100,29.9100,39800
1467990959,29.9360,29.9400,29.9000,29.9251,39500
1467991018,29.9500,29.9500,29.9300,29.9350,21900
1467991079,29.9100,29.9550,29.9100,29.9500,26100
1467991139,29.9100,29.9150,29.8900,29.9100,77800
1467991141,29.8850,29.9300,29.8850,29.9100,61600
1467991259,29.8950,29.9190,29.8800,29.8800,58400
1467991260,29.9008,29.9050,29.8800,29.9000,62000
1467991377,29.8900,29.9050,29.8850,29.9000,22900
1467991439,29.8850,29.9200,29.8800,29.8999,63000
1467991498,29.8500,29.8950,29.8450,29.8850,74200
1467991500,29.8000,29.8590,29.8000,29.8500,90200
1467991618,29.7700,29.8100,29.7700,29.8000,63900
1467991677,29.8200,29.8262,29.7550,29.7700,79200
1467991739,29.8399,29.8400,29.8100,29.8170,27000
1467991798,29.7700,29.8400,29.7700,29.8300,102200
1467991859,29.7900,29.8050,29.7600,29.7790,120400
1467991919,29.8100,29.8300,29.7850,29.7900,96000
1467991979,29.8050,29.8300,29.8000,29.8020,67500
1467992037,29.8040,29.8350,29.8000,29.8068,54700
1467992099,29.8300,29.8400,29.8000,29.8100,33800
1467992101,29.8401,29.8500,29.8250,29.8300,541600
1467992160,29.8500,29.8550,29.8200,29.8400,30000
1467992277,29.8499,29.8688,29.8401,29.8500,34400
1467992280,29.8600,29.8700,29.8500,29.8500,40400
1467992399,29.8800,29.8850,29.8600,29.8700,30200
1467992459,29.9050,29.9100,29.8900,29.8900,74800
1467992519,29.9000,29.9000,29.8800,29.8900,26200
1467992578,29.8950,29.9000,29.8500,29.9000,43600
1467992639,29.9300,29.9300,29.8800,29.9000,55900
1467992697,29.9000,29.9400,29.9000,29.9300,33200
1467992759,29.8750,29.9200,29.8700,29.9100,47400
1467992819,29.8510,29.8800,29.8400,29.8750,57200
1467992879,29.8700,29.8960,29.8507,29.8600,25900
1467992937,29.8700,29.8800,29.8600,29.8732,14900
1467992999,29.8300,29.8800,29.8200,29.8700,65000
1467993053,29.8450,29.8600,29.8300,29.8300,42000
1467993119,29.8700,29.8800,29.8400,29.8499,30300
1467993177,29.8950,29.9000,29.8650,29.8800,37500
1467993239,29.9100,29.9100,29.8900,29.9000,29100
1467993298,29.8900,29.9150,29.8800,29.9100,24000
1467993358,29.8667,29.8900,29.8600,29.8900,19500
1467993408,29.8949,29.9000,29.8600,29.8630,19000
1467993478,29.9200,29.9300,29.8950,29.9000,59100
1467993536,29.9190,29.9200,29.9100,29.9200,10500
1467993599,29.9550,29.9600,29.9200,29.9200,116900
1467993657,29.9500,29.9890,29.9450,29.9539,126400
1467993662,29.9467,29.9550,29.9300,29.9460,23100
1467993730,29.9550,29.9600,29.9500,29.9500,22000
1467993789,29.9290,29.9550,29.9250,29.9550,35900
1467993898,29.9300,29.9300,29.9100,29.9200,20900
1467993957,29.9400,29.9400,29.9151,29.9300,35200
1467994019,29.9500,29.9600,29.9400,29.9400,44900
1467994079,29.9400,29.9500,29.9350,29.9457,16200
1467994134,29.9400,29.9600,29.9400,29.9400,32000
1467994199,29.9400,29.9500,29.9300,29.9400,62400
1467994200,29.9240,29.9500,29.9200,29.9400,12600
1467994319,29.9100,29.9300,29.9100,29.9200,14100
1467994379,29.8611,29.9150,29.8500,29.9100,55000
1467994438,29.8900,29.8990,29.8500,29.8506,61000
1467994495,29.9000,29.9000,29.8700,29.8900,23100
1467994556,29.8650,29.9000,29.8600,29.9000,28500
1467994616,29.8650,29.8750,29.8600,29.8700,15300
1467994679,29.8650,29.8700,29.8400,29.8600,44400
1467994680,29.8550,29.8600,29.8401,29.8600,27100
1467994795,29.8850,29.8850,29.8550,29.8600,17500
1467994856,29.8700,29.9000,29.8700,29.8900,13300
1467994916,29.8600,29.8800,29.8600,29.8750,20300
1467994975,29.8900,29.9100,29.8600,29.8600,32300
1467995039,29.9100,29.9184,29.8900,29.8950,10700
1467995099,29.9600,29.9600,29.9100,29.9100,49600
1467995156,29.9299,29.9600,29.9200,29.9600,35600
1467995217,29.9200,29.9350,29.9000,29.9200,48500
1467995278,29.9600,29.9650,29.9261,29.9261,155200
1467995337,29.9485,29.9751,29.9400,29.9600,81300
1467995392,29.9450,29.9550,29.9300,29.9450,41800
1467995459,29.9400,29.9600,29.9350,29.9500,37400
1467995460,29.9300,29.9500,29.9200,29.9400,26300
1467995520,29.9500,29.9600,29.9300,29.9400,25900
1467995629,29.9650,29.9700,29.9500,29.9500,66900
1467995691,29.9600,29.9800,29.9600,29.9700,40300
1467995758,29.9911,30.0150,29.9700,29.9700,120300
1467995760,30.0100,30.0150,29.9900,30.0000,28300
1467995822,30.0200,30.0200,30.0000,30.0100,34800
1467995939,30.0400,30.0400,30.0150,30.0199,63300
1467995998,30.0500,30.0700,30.0400,30.0400,100500
1467996058,30.0800,30.0900,30.0500,30.0500,45400
1467996110,30.1000,30.1200,30.0800,30.0800,175900
1467996178,30.1000,30.1250,30.0900,30.0964,60600
1467996180,30.1100,30.1300,30.0950,30.0950,37100
1467996299,30.0900,30.1200,30.0900,30.1200,57900
1467996358,30.1150,30.1200,30.0915,30.0915,42500
1467996417,30.1200,30.1300,30.1000,30.1190,47700
1467996479,30.1775,30.1800,30.1200,30.1200,110300
1467996539,30.1700,30.2000,30.1700,30.1800,69400
1467996599,30.1700,30.1900,30.1400,30.1750,82000
1467996600,30.1600,30.1750,30.1500,30.1700,52800
1467996717,30.1700,30.1700,30.1501,30.1600,22000
1467996779,30.1300,30.1700,30.1300,30.1700,27900
1467996839,30.1400,30.1400,30.1200,30.1200,39100
1467996840,30.1600,30.1700,30.1300,30.1300,74700
1467996901,30.1750,30.1800,30.1600,30.1700,36100
1467997012,30.1700,30.1900,30.1600,30.1800,52400
1467997077,30.1700,30.1700,30.1550,30.1700,31900
1467997138,30.2000,30.2100,30.1616,30.1700,81200
1467997199,30.1900,30.2000,30.1690,30.1950,48900
1467997258,30.2292,30.2500,30.1850,30.1850,99800
1467997319,30.2600,30.2600,30.2200,30.2300,74500
1467997379,30.2700,30.2700,30.2500,30.2600,69300
1467997438,30.2500,30.2700,30.2250,30.2650,59600
1467997496,30.2501,30.2900,30.2500,30.2500,58500
1467997559,30.2900,30.2900,30.2500,30.2540,38100
1467997560,30.3500,30.3600,30.2850,30.2900,96700
1467997679,30.3500,30.3650,30.3100,30.3600,108900
1467997739,30.3400,30.3550,30.3300,30.3500,87400
1467997799,30.3950,30.3950,30.3400,30.3400,142000
1467997859,30.3800,30.4200,30.3600,30.3950,117600
1467997919,30.3500,30.4000,30.3500,30.3800,74900
1467997979,30.3200,30.3600,30.3200,30.3550,48100
1467998039,30.3050,30.3400,30.2900,30.3300,142700
1467998099,30.3600,30.3600,30.3050,30.3050,104200
1467998158,30.3500,30.3700,30.3400,30.3600,75100
1467998219,30.3499,30.3600,30.3300,30.3600,53100
1467998279,30.3600,30.3700,30.3400,30.3500,61800
1467998339,30.3700,30.3700,30.3400,30.3600,60300
1467998398,30.3800,30.3900,30.3600,30.3700,86300
1467998457,30.3650,30.3800,30.3400,30.3750,60900
1467998519,30.3800,30.3900,30.3600,30.3650,65900
1467998576,30.3900,30.4000,30.3750,30.3800,67500
1467998639,30.4200,30.4300,30.3800,30.3900,137800
1467998697,30.4300,30.4500,30.4200,30.4200,183600
1467998757,30.4400,30.4500,30.4201,30.4300,124900
1467998817,30.4450,30.4500,30.4100,30.4393,92500
1467998879,30.4400,30.4500,30.4201,30.4450,57000
1467998880,30.3800,30.4350,30.3700,30.4350,76900
1467998940,30.3600,30.3900,30.3501,30.3700,118200
1467999059,30.3499,30.3650,30.3100,30.3600,176700
1467999061,30.3900,30.4000,30.3450,30.3450,103100
1467999179,30.3900,30.3900,30.3700,30.3850,74200
1467999180,30.3900,30.3900,30.3600,30.3900,82000
1467999298,30.4000,30.4200,30.3899,30.3900,107700
1467999359,30.3900,30.4200,30.3900,30.4000,86400
1467999419,30.4300,30.4300,30.3800,30.4000,68600
1467999478,30.4086,30.4250,30.3900,30.4200,70900
1467999539,30.4200,30.4200,30.3800,30.4000,114800
1467999599,30.4200,30.4500,30.4100,30.4100,200900
1467999659,30.3950,30.4200,30.3800,30.4200,83300
1467999719,30.3850,30.4200,30.3450,30.3908,86800
1467999777,30.4200,30.4200,30.3800,30.3900,54600
1467999838,30.4200,30.4350,30.4100,30.4165,88000
1467999898,30.4000,30.4300,30.3900,30.4200,37100
1467999959,30.4250,30.4400,30.3911,30.3950,110100
1468000018,30.4050,30.4300,30.3900,30.4300,71900
1468000078,30.3950,30.4050,30.3800,30.4000,84200
1468000139,30.4300,30.4300,30.3901,30.4000,45700
1468000140,30.4300,30.4300,30.4200,30.4300,52400
1468000253,30.4263,30.4300,30.4200,30.4200,108800
1468000319,30.4200,30.4300,30.4200,30.4250,42900
1468000379,30.3800,30.4300,30.3800,30.4300,80500
1468000382,30.4200,30.4300,30.3800,30.3800,88000
1468000498,30.4250,30.4400,30.4100,30.4200,107300
1468000556,30.4399,30.4600,30.4250,30.4300,68100
1468000619,30.4400,30.4600,30.4150,30.4400,88600
1468000678,30.4550,30.4800,30.4200,30.4350,90700
1468000739,30.4700,30.4800,30.4550,30.4550,75200
1468000799,30.4500,30.4800,30.4400,30.4700,70600
1468000859,30.3750,30.4600,30.3700,30.4500,131500
1468000918,30.3800,30.3800,30.3400,30.3750,118800
1468000978,30.4000,30.4100,30.3750,30.3800,64600
1468001039,30.4100,30.4170,30.3800,30.3950,122400
1468001098,30.4426,30.4550,30.4056,30.4100,136200
1468001159,30.4700,30.4800,30.4500,30.4500,111400
1468001219,30.4700,30.4950,30.4600,30.4700,116000
1468001278,30.4600,30.4800,30.4411,30.4800,65900
1468001338,30.4550,30.4700,30.4400,30.4600,76800
1468001396,30.4700,30.4750,30.4500,30.4600,58000
1468001458,30.4581,30.4700,30.4567,30.4650,46400
1468001460,30.4300,30.4700,30.4300,30.4600,76300
1468001521,30.4450,30.4600,30.4210,30.4400,59000
1468001639,30.4400,30.4500,30.4200,30.4500,82300
1468001699,30.3950,30.4400,30.3900,30.4400,80100
1468001759,30.4050,30.4100,30.3900,30.3950,76900
1468001818,30.4000,30.4250,30.3942,30.4050,73800
1468001879,30.3500,30.4000,30.3500,30.4000,119600
1468001939,30.3700,30.3800,30.3500,30.3500,99400
1468001998,30.3950,30.4000,30.3700,30.3800,58100
1468002059,30.3900,30.4300,30.3900,30.4000,102400
1468002119,30.3900,30.4000,30.3800,30.3950,84700
1468002178,30.4050,30.4100,30.3800,30.3850,86800
1468002239,30.4250,30.4300,30.4000,30.4050,144700
1468002298,30.4350,30.4500,30.4250,30.4300,72300
1468002358,30.4300,30.4550,30.4300,30.4300,100300
1468002418,30.4000,30.4300,30.4000,30.4300,61200
1468002479,30.4300,30.4300,30.4000,30.4050,57800
1468002539,30.4300,30.4500,30.4219,30.4300,72000
1468002540,30.4450,30.4550,30.4200,30.4391,98700
1468002659,30.4450,30.4650,30.4200,30.4450,98500
1468002717,30.4564,30.4800,30.4400,30.4450,134300
1468002779,30.4550,30.4700,30.4550,30.4570,106400
1468002839,30.4600,30.4763,30.4600,30.4600,88700
1468002899,30.4750,30.4750,30.4500,30.4600,89500
1468002959,30.4787,30.4850,30.4700,30.4750,62100
1468003019,30.4850,30.4885,30.4600,30.4700,80100
1468003079,30.4678,30.4866,30.4600,30.4835,104700
1468003138,30.4550,30.4750,30.4500,30.4650,51100
1468003199,30.5150,30.5200,30.4550,30.4550,118100
1468003259,30.5300,30.5300,30.5000,30.5200,105200
1468003317,30.4800,30.5250,30.4650,30.5200,72700
1468003379,30.4950,30.5100,30.4800,30.4800,98000
1468003439,30.4800,30.4950,30.4700,30.4950,50700
1468003497,30.4900,30.4900,30.4750,30.4800,24900
1468003556,30.5100,30.5100,30.4899,30.4900,42500
1468003560,30.5200,30.5250,30.5025,30.5025,104600
1468003677,30.5100,30.5300,30.5050,30.5250,61200
1468003736,30.5300,30.5300,30.5001,30.5050,54400
1468003796,30.5450,30.5500,30.5200,30.5250,71300
1468003858,30.5450,30.5600,30.5400,30.5500,53200
1468003918,30.5450,30.5550,30.5300,30.5450,95800
1468003974,30.5150,30.5500,30.5000,30.5450,57200
1468003980,30.5308,30.5400,30.5100,30.5140,60500
1468004099,30.5300,30.5400,30.5200,30.5300,46900
1468004159,30.5100,30.5350,30.5000,30.5327,91600
1468004219,30.5650,30.5699,30.5100,30.5150,127200
1468004278,30.5603,30.5700,30.5450,30.5635,79900
1468004339,30.5650,30.5854,30.5500,30.5600,80100
1468004398,30.5710,30.5800,30.5650,30.5699,48100
1468004400,30.5850,30.5950,30.5701,30.5800,76700
1468004516,30.5850,30.6000,30.5800,30.5800,73400
1468004579,30.5950,30.6000,30.5700,30.5850,74200
1468004637,30.6211,30.6250,30.5900,30.5950,135300
1468004699,30.6350,30.6500,30.6100,30.6300,95600
1468004759,30.6500,30.6500,30.6300,30.6400,82000
1468004818,30.6150,30.6500,30.6001,30.6450,116100
1468004879,30.6150,30.6450,30.6100,30.6200,82100
1468004937,30.6300,30.6500,30.6110,30.6150,173400
1468004999,30.6400,30.6600,30.6300,30.6300,174500
1468005059,30.6600,30.6700,30.6300,30.6450,164300
1468005119,30.6400,30.6800,30.6400,30.6600,94800
1468005179,30.6350,30.6700,30.6300,30.6400,106700
1468005239,30.6350,30.6600,30.6300,30.6399,77700
1468005299,30.6100,30.6367,30.6100,30.6350,76000
1468005359,30.6474,30.6600,30.6100,30.6160,117500
1468005419,30.6390,30.6500,30.6200,30.6450,98800
1468005479,30.6250,30.6500,30.6200,30.6350,338700
1468005482,30.5800,30.6400,30.5800,30.6200,133200
1468005599,30.6166,30.6400,30.5800,30.5850,137300
1468005658,30.5950,30.6450,30.5950,30.6150,189300
1468005718,30.6201,30.6300,30.5900,30.5950,52700
1468005778,30.6363,30.6400,30.6000,30.6200,55700
1468005837,30.6400,30.6400,30.6200,30.6350,81300
1468005899,30.6600,30.6600,30.6200,30.6300,57600
1468005957,30.6600,30.6770,30.6500,30.6550,80900
1468006019,30.6800,30.6800,30.6500,30.6650,79200
1468006079,30.6650,30.6800,30.6500,30.6800,87100
1468006080,30.6350,30.6676,30.6150,30.6650,87000
1468006142,30.6050,30.6366,30.6000,30.6350,86600
1468006258,30.6050,30.6400,30.6000,30.6050,126600
1468006319,30.5802,30.6300,30.5700,30.6050,146500
1468006378,30.6000,30.6000,30.5700,30.5850,151500
1468006439,30.6300,30.6400,30.6000,30.6000,153100
1468006499,30.6000,30.6450,30.6000,30.6300,102900
1468006559,30.6350,30.6400,30.6000,30.6000,130900
1468006560,30.6350,30.6450,30.6200,30.6350,238700
1468006679,30.6250,30.6400,30.6200,30.6350,151000
1468006739,30.6500,30.6500,30.6200,30.6250,133600
1468006740,30.6250,30.6500,30.6200,30.6450,112200
1468006859,30.6050,30.6266,30.6000,30.6200,127800
1468006860,30.5900,30.6150,30.5800,30.6050,128800
1468006979,30.6050,30.6100,30.5800,30.5800,89600
1468006980,30.6150,30.6300,30.6000,30.6100,110400
1468007040,30.6250,30.6400,30.6100,30.6100,1191600
1468007159,30.6350,30.6350,30.6200,30.6250,144500
1468007219,30.6400,30.6400,30.6200,30.6250,87300
1468007279,30.6400,30.6450,30.6200,30.6370,161300
1468007339,30.6300,30.6500,30.6200,30.6450,197700
1468007340,30.6150,30.6300,30.6100,30.6250,181000
1468007459,30.6000,30.6199,30.5900,30.6132,244000
1468007519,30.6450,30.6500,30.5950,30.6000,204000
1468007520,30.6485,30.6550,30.6400,30.6450,190700
1468007639,30.6500,30.6600,30.6300,30.6500,113000
1468007699,30.6300,30.6500,30.6200,30.6450,163400
1468007759,30.6150,30.6400,30.6000,30.6300,263400
1468007819,30.6300,30.6400,30.6100,30.6100,237700
1468007879,30.6150,30.6400,30.6100,30.6250,259200
1468007939,30.5900,30.6300,30.5700,30.6150,854100
1468007999,30.5000,30.6297,30.4800,30.5700,1014200
1468008000,30.5500,30.5500,30.5500,30.5500,13976900
