uri:/instrument/1.0/AAPL/chartdata;type=quote;range=1d/csv
ticker:aapl
Company-Name:Apple Inc.
Exchange-Name:NMS
unit:MIN
timezone:EDT
currency:USD
gmtoffset:-14400
previous_close:98.7900
Timestamp:1468589400,1468612800
labels:1468591200,1468594800,1468598400,1468602000,1468605600,1468609200,1468612800
values:Timestamp,close,high,low,open,volume
close:98.5400,99.2600
high:98.5600,99.3000
low:98.5000,99.1300
open:98.5500,99.2600
volume:0,3961400
1468589459,99.1700,99.2000,98.9100,98.9200,3961400
1468589519,99.2600,99.3000,99.1300,99.1700,393800
1468589520,99.1800,99.3000,99.1200,99.2600,217800
1468589639,99.1100,99.2100,99.0900,99.1900,248100
1468589698,99.1800,99.2400,99.0700,99.1200,133800
1468589700,99.1500,99.2200,99.0900,99.1500,142900
1468589760,99.0650,99.1599,98.9950,99.1599,253500
1468589879,99.0200,99.0800,99.0000,99.0700,144400
1468589880,99.0500,99.1189,99.0000,99.0100,131000
1468589999,98.9201,99.0450,98.9200,99.0400,155800
1468590059,98.8200,98.9600,98.8100,98.9300,176700
1468590119,98.8200,98.8400,98.7300,98.8200,185700
1468590179,98.7642,98.8300,98.7100,98.8184,102200
1468590239,98.8000,98.9000,98.7700,98.7700,141200
1468590240,98.8100,98.9100,98.8000,98.8200,135100
1468590300,98.9400,98.9500,98.7800,98.8000,124600
1468590417,98.9300,98.9800,98.9000,98.9400,109300
1468590420,98.8800,98.9400,98.8600,98.9225,103800
1468590480,98.9550,98.9800,98.8700,98.8800,137100
1468590599,98.9001,98.9900,98.8900,98.9544,180000
1468590601,99.1000,99.1100,98.9000,98.9100,195100
1468590660,99.1144,99.1400,99.0350,99.1000,124200
1468590720,99.1100,99.1800,99.1000,99.1138,76900
1468590838,99.0200,99.1300,98.9900,99.1100,113100
1468590899,98.9300,99.0900,98.9100,99.0250,132400
1468590959,98.9800,98.9900,98.8600,98.9400,128100
1468591019,98.9550,98.9900,98.9500,98.9700,58800
1468591079,98.9900,98.9900,98.9350,98.9500,126300
1468591139,99.0050,99.0500,98.9600,98.9800,99700
1468591199,98.9400,99.0100,98.9400,99.0000,123500
1468591200,98.9200,98.9600,98.9000,98.9500,114200
1468591260,98.9200,98.9500,98.8600,98.9100,118800
1468591379,98.8800,98.9400,98.8601,98.9300,129500
1468591439,98.8100,98.9000,98.7800,98.8900,114400
1468591440,98.8200,98.8700,98.7800,98.8200,74300
1468591501,98.8378,98.8500,98.7999,98.8200,61100
1468591560,98.8105,98.8600,98.8000,98.8300,42700
1468591621,98.7900,98.8300,98.7800,98.8147,52400
1468591736,98.8400,98.8600,98.7950,98.8000,83300
1468591740,98.8600,98.8890,98.8300,98.8349,89700
1468591801,98.8800,98.8800,98.8200,98.8600,48700
1468591861,98.8672,98.9000,98.8400,98.8700,113400
1468591920,98.8000,98.8700,98.7800,98.8650,63400
1468592039,98.8101,98.8200,98.7500,98.7990,88400
1468592099,98.8800,98.8900,98.8200,98.8200,76300
1468592159,98.8700,98.9400,98.8700,98.8799,126000
1468592160,98.8700,98.9100,98.8400,98.8650,61800
1468592279,98.8817,98.9100,98.8750,98.8800,44600
1468592339,98.8999,98.9100,98.8500,98.8800,39300
1468592399,98.8800,98.9300,98.8400,98.9000,119700
1468592459,98.9300,98.9450,98.8800,98.8900,69600
1468592519,98.9800,98.9895,98.9235,98.9305,119800
1468592520,98.9800,98.9900,98.9500,98.9850,45200
1468592580,98.9500,98.9859,98.9300,98.9700,94300
1468592640,98.9200,98.9500,98.9200,98.9450,79800
1468592705,98.9142,98.9500,98.9100,98.9300,75500
1468592760,98.9300,98.9400,98.9000,98.9110,36400
1468592874,98.9400,98.9500,98.9210,98.9300,31200
1468592881,98.9700,98.9730,98.9350,98.9400,121200
1468592941,98.9600,98.9900,98.9400,98.9743,31800
1468593000,98.8500,98.9700,98.8500,98.9557,84800
1468593061,98.8541,98.8800,98.8400,98.8600,77000
1468593121,98.8599,98.8700,98.8500,98.8500,53600
1468593180,98.8900,98.9100,98.8600,98.8600,53100
1468593299,98.8901,98.9000,98.8700,98.9000,32100
1468593300,98.9100,98.9300,98.8800,98.8956,48300
1468593419,98.9000,98.9200,98.8900,98.9150,29300
1468593420,98.8600,98.9000,98.8500,98.8900,54200
1468593482,98.8470,98.8750,98.8410,98.8647,45900
1468593598,98.8550,98.8700,98.8358,98.8400,42800
1468593659,98.8576,98.8700,98.8400,98.8513,55200
1468593719,98.8700,98.9000,98.8550,98.8600,56300
1468593778,98.8672,98.8841,98.8600,98.8800,28000
1468593780,98.8500,98.8800,98.8500,98.8641,28400
1468593840,98.8640,98.8700,98.8200,98.8543,54200
1468593900,98.8800,98.8800,98.8300,98.8600,51400
1468593960,98.8600,98.8953,98.8500,98.8900,35700
1468594023,98.8894,98.8900,98.8450,98.8600,30600
1468594080,98.8850,98.8901,98.8700,98.8828,40500
1468594199,98.8990,98.9050,98.8800,98.8800,50000
1468594200,98.9231,98.9300,98.8801,98.8900,41600
1468594260,98.9500,98.9500,98.9200,98.9282,58300
1468594320,98.9400,98.9599,98.9200,98.9490,77100
1468594387,98.9350,98.9590,98.9200,98.9400,30500
1468594440,98.9057,98.9350,98.8900,98.9300,45200
1468594500,98.8600,98.9100,98.8600,98.9100,40200
1468594560,98.8904,98.9000,98.8600,98.8638,59800
1468594620,98.8800,98.9100,98.8800,98.8900,37400
1468594739,98.8800,98.8921,98.8749,98.8850,29100
1468594740,98.9000,98.9200,98.8800,98.8850,61100
1468594800,98.9600,98.9600,98.9050,98.9100,50500
1468594862,98.9600,98.9900,98.9500,98.9557,64700
1468594920,98.9238,98.9600,98.9200,98.9600,51000
1468594981,98.8800,98.9350,98.8700,98.9250,68100
1468595041,98.8920,98.9061,98.8900,98.8935,39100
1468595159,98.8700,98.9000,98.8500,98.8900,61100
1468595219,98.8700,98.8800,98.8600,98.8710,34100
1468595279,98.9107,98.9200,98.8600,98.8600,96700
1468595280,98.9299,98.9400,98.9100,98.9200,51400
1468595340,98.9350,98.9410,98.9150,98.9200,35400
1468595458,98.8901,98.9400,98.8900,98.9300,29300
1468595460,98.9143,98.9300,98.8900,98.8900,43600
1468595520,98.9235,98.9401,98.9000,98.9100,44600
1468595638,98.9400,98.9500,98.9200,98.9300,46400
1468595640,98.9500,98.9600,98.9400,98.9459,28000
1468595702,98.9439,98.9700,98.9300,98.9450,49500
1468595766,98.9400,98.9490,98.9239,98.9400,38700
1468595821,98.9201,98.9500,98.9100,98.9400,37800
1468595881,98.8900,98.9350,98.8900,98.9200,75900
1468595940,98.8900,98.9100,98.8800,98.9000,77300
1468596059,98.8757,98.9100,98.8500,98.8900,68300
1468596061,98.8640,98.8800,98.8350,98.8712,69600
1468596125,98.9000,98.9100,98.8635,98.8700,30800
1468596181,98.9000,98.9100,98.8900,98.8910,31600
1468596240,98.9100,98.9300,98.8900,98.8920,44200
1468596359,98.8900,98.9100,98.8900,98.9100,52300
1468596361,98.8943,98.9000,98.8900,98.8900,55400
1468596420,98.9900,98.9900,98.8900,98.8900,178900
1468596538,98.9500,98.9900,98.9420,98.9800,49300
1468596599,98.9500,98.9700,98.9300,98.9500,76100
1468596659,98.9500,98.9600,98.9300,98.9600,30700
1468596719,98.9600,98.9700,98.9400,98.9522,44400
1468596778,98.9549,98.9600,98.9450,98.9543,32400
1468596780,98.9600,98.9800,98.9500,98.9600,47200
1468596840,98.9600,98.9800,98.9300,98.9600,46200
1468596957,98.9400,98.9600,98.9400,98.9520,24500
1468596960,98.9100,98.9450,98.9100,98.9400,34400
1468597021,98.9000,98.9200,98.8900,98.9150,33400
1468597139,98.8900,98.9100,98.8900,98.9000,36400
1468597140,98.8900,98.9058,98.8900,98.8900,45200
1468597259,98.8600,98.8953,98.8365,98.8953,45800
1468597260,98.8600,98.8900,98.8500,98.8500,49300
1468597320,98.8099,98.8500,98.8000,98.8400,88200
1468597381,98.8400,98.8500,98.8000,98.8086,56600
1468597440,98.8540,98.8700,98.8423,98.8500,42200
1468597501,98.8200,98.8643,98.8200,98.8600,38300
1468597560,98.8450,98.8450,98.8000,98.8250,62200
1468597620,98.8100,98.8700,98.8100,98.8400,74600
1468597739,98.8050,98.8200,98.7607,98.8200,62200
1468597740,98.8150,98.8300,98.7900,98.8000,50400
1468597802,98.7900,98.8200,98.7785,98.8112,54500
1468597918,98.7500,98.8000,98.7500,98.8000,43800
1468597920,98.6400,98.7500,98.6100,98.7500,206400
1468597980,98.6700,98.6800,98.6332,98.6332,63000
1468598098,98.6643,98.6800,98.6600,98.6661,30700
1468598100,98.6789,98.6900,98.6400,98.6600,69900
1468598160,98.6500,98.6800,98.6400,98.6700,56400
1468598277,98.6400,98.6600,98.6300,98.6435,48600
1468598280,98.6139,98.6350,98.6100,98.6324,33400
1468598340,98.6250,98.6450,98.6100,98.6200,45200
1468598400,98.6400,98.6500,98.6200,98.6210,31800
1468598462,98.6700,98.6900,98.6500,98.6500,37700
1468598522,98.6700,98.6700,98.6453,98.6700,31100
1468598581,98.6700,98.6943,98.6600,98.6800,39000
1468598640,98.7000,98.7200,98.6600,98.6700,40600
1468598701,98.7045,98.7250,98.7000,98.7057,34900
1468598760,98.7400,98.7400,98.6900,98.7100,33500
1468598820,98.6900,98.7400,98.6800,98.7400,27000
1468598882,98.6500,98.6900,98.6400,98.6839,44500
1468598996,98.6141,98.6600,98.6000,98.6490,53200
1468599000,98.6100,98.6300,98.5999,98.6190,55300
1468599063,98.5700,98.6300,98.5700,98.6100,62700
1468599120,98.5620,98.5900,98.5610,98.5700,54400
1468599184,98.5739,98.5900,98.5600,98.5639,35900
1468599299,98.5511,98.6000,98.5500,98.5800,55800
1468599300,98.5500,98.5600,98.5235,98.5500,72700
1468599360,98.5530,98.5800,98.5500,98.5600,28900
1468599477,98.5600,98.5600,98.5000,98.5543,114000
1468599480,98.5400,98.5800,98.5200,98.5553,64700
1468599540,98.5750,98.5800,98.5400,98.5500,24500
1468599659,98.5750,98.6000,98.5600,98.5700,60900
1468599718,98.6100,98.6200,98.5699,98.5800,59100
1468599779,98.6000,98.6200,98.5800,98.6150,124200
1468599839,98.6399,98.6400,98.5800,98.5987,67200
1468599840,98.6700,98.7100,98.6300,98.6400,109400
1468599900,98.6900,98.7000,98.6600,98.6800,74700
1468599961,98.6910,98.7100,98.6699,98.6900,73000
1468600078,98.6900,98.7100,98.6700,98.6950,36600
1468600081,98.7400,98.7400,98.7000,98.7000,57100
1468600149,98.7300,98.7500,98.7101,98.7265,46800
1468600200,98.7200,98.7400,98.6900,98.7311,38300
1468600317,98.6800,98.7300,98.6700,98.7200,69700
1468600321,98.6700,98.6900,98.6700,98.6744,14800
1468600384,98.6500,98.6800,98.6500,98.6725,30600
1468600440,98.6900,98.7000,98.6600,98.6600,46200
1468600500,98.6362,98.6900,98.6300,98.6800,51900
1468600560,98.6400,98.6600,98.6250,98.6300,19500
1468600628,98.6700,98.6700,98.6400,98.6400,20900
1468600739,98.6800,98.6800,98.6400,98.6638,43900
1468600798,98.6400,98.6700,98.6343,98.6700,33800
1468600802,98.6320,98.6600,98.6300,98.6457,38700
1468600861,98.6600,98.6647,98.6300,98.6300,22500
1468600979,98.6500,98.6600,98.6300,98.6550,42700
1468600980,98.6750,98.7000,98.6500,98.6500,35800
1468601097,98.6800,98.6900,98.6700,98.6700,15000
1468601158,98.6301,98.6800,98.6301,98.6800,27300
1468601160,98.6510,98.6663,98.6340,98.6340,35600
1468601223,98.6900,98.6900,98.6600,98.6600,32900
1468601338,98.6700,98.6900,98.6700,98.6850,24600
1468601342,98.6600,98.6740,98.6600,98.6700,25500
1468601400,98.6657,98.6700,98.6400,98.6700,48000
1468601461,98.6862,98.6900,98.6643,98.6700,23000
1468601522,98.7200,98.7300,98.6800,98.6900,85600
1468601639,98.7600,98.7650,98.7100,98.7300,78800
1468601698,98.7200,98.7700,98.7200,98.7589,51200
1468601700,98.7300,98.7500,98.7200,98.7200,25500
1468601760,98.7400,98.7500,98.7200,98.7301,15300
1468601831,98.7460,98.7600,98.7335,98.7500,16400
1468601880,98.7600,98.7600,98.7400,98.7440,30800
1468601995,98.7400,98.7600,98.7200,98.7600,28600
1468602059,98.7700,98.7800,98.7301,98.7400,43400
1468602060,98.7600,98.7900,98.7500,98.7700,31600
1468602123,98.7800,98.7800,98.7511,98.7600,23800
1468602181,98.7850,98.7900,98.7750,98.7800,11600
1468602243,98.7786,98.8000,98.7750,98.7850,37400
1468602300,98.7700,98.7890,98.7500,98.7700,39800
1468602360,98.7700,98.7800,98.7600,98.7600,27200
1468602420,98.7650,98.7701,98.7500,98.7700,30900
1468602481,98.7800,98.7843,98.7550,98.7610,24900
1468602547,98.7700,98.7900,98.7650,98.7900,24400
1468602657,98.7800,98.7931,98.7600,98.7700,23400
1468602663,98.8200,98.8244,98.7853,98.7853,35900
1468602727,98.8100,98.8400,98.8000,98.8125,39400
1468602839,98.8250,98.8300,98.8200,98.8200,10500
1468602842,98.7926,98.8298,98.7900,98.8200,27500
1468602900,98.7900,98.7900,98.7700,98.7900,18700
1468602967,98.8200,98.8400,98.7900,98.7943,76700
1468603020,98.8340,98.8365,98.8100,98.8200,20100
1468603135,98.8183,98.8400,98.8100,98.8400,15800
1468603140,98.8251,98.8335,98.8100,98.8200,22600
1468603203,98.8330,98.8400,98.8100,98.8200,55100
1468603260,98.8600,98.8700,98.8100,98.8300,74100
1468603320,98.8700,98.8900,98.8600,98.8700,44100
1468603386,98.8900,98.8900,98.8700,98.8700,22800
1468603499,98.9000,98.9000,98.8800,98.8800,49700
1468603559,98.8901,98.9150,98.8900,98.9000,36200
1468603561,98.8900,98.8950,98.8500,98.8900,79400
1468603678,98.9250,98.9300,98.8710,98.8865,102800
1468603680,98.9300,98.9400,98.9000,98.9300,59500
1468603797,98.8901,98.9300,98.8901,98.9200,36600
1468603803,98.9000,98.9100,98.8900,98.8901,36100
1468603863,98.9250,98.9300,98.8800,98.8900,38300
1468603921,98.9056,98.9300,98.8900,98.9265,28300
1468603983,98.9000,98.9026,98.8900,98.9000,23900
1468604098,98.9100,98.9200,98.8900,98.9000,33800
1468604159,98.8750,98.9000,98.8700,98.9000,19500
1468604219,98.8700,98.8900,98.8600,98.8800,28400
1468604220,98.8600,98.8700,98.8600,98.8610,19500
1468604280,98.8900,98.8900,98.8600,98.8700,32300
1468604399,98.9000,98.9200,98.8700,98.8802,38700
1468604459,98.9100,98.9200,98.9000,98.9090,25800
1468604519,98.9200,98.9200,98.9000,98.9101,28900
1468604579,98.9200,98.9200,98.9000,98.9100,37000
1468604581,98.9100,98.9200,98.9000,98.9160,40100
1468604699,98.9150,98.9200,98.9000,98.9050,31000
1468604700,98.8800,98.9190,98.8800,98.9100,28000
1468604760,98.9000,98.9000,98.8700,98.8835,55000
1468604824,98.9200,98.9200,98.8900,98.9000,22100
1468604882,98.9200,98.9200,98.9100,98.9150,18200
1468604947,98.9000,98.9200,98.8900,98.9151,32700
1468605003,98.9050,98.9200,98.8902,98.9000,32400
1468605064,98.9001,98.9100,98.8900,98.9050,18000
1468605120,98.9100,98.9200,98.9000,98.9038,26200
1468605182,98.9000,98.9101,98.9000,98.9100,10200
1468605248,98.9190,98.9200,98.9000,98.9100,28300
1468605301,98.8800,98.9300,98.8700,98.9190,60000
1468605360,98.8900,98.8900,98.8800,98.8890,17100
1468605426,98.8800,98.8980,98.8800,98.8800,12000
1468605482,98.9100,98.9300,98.8800,98.8800,37600
1468605599,98.9200,98.9300,98.9100,98.9200,31600
1468605600,98.9299,98.9400,98.9200,98.9200,57200
1468605664,98.9200,98.9300,98.9000,98.9242,20400
1468605720,98.9200,98.9200,98.9000,98.9100,15900
1468605781,98.9462,98.9593,98.9300,98.9300,60000
1468605849,98.9300,98.9800,98.9300,98.9500,48900
1468605901,98.9162,98.9357,98.9100,98.9357,34800
1468605968,98.9100,98.9200,98.9000,98.9169,28500
1468606029,98.9000,98.9100,98.9000,98.9055,12100
1468606083,98.8938,98.9000,98.8700,98.9000,30300
1468606199,98.8950,98.9000,98.8800,98.8950,25900
1468606200,98.9248,98.9400,98.8900,98.8900,34200
1468606261,98.9000,98.9350,98.9000,98.9200,41100
1468606323,98.9090,98.9100,98.8900,98.9100,65000
1468606439,98.8899,98.9100,98.8800,98.9100,18300
1468606440,98.8700,98.8900,98.8600,98.8800,44800
1468606558,98.8450,98.8800,98.8300,98.8800,40900
1468606619,98.8389,98.8600,98.8301,98.8426,13600
1468606622,98.8101,98.8360,98.8100,98.8350,20600
1468606680,98.8100,98.8240,98.8100,98.8199,21000
1468606745,98.8250,98.8400,98.8100,98.8138,30800
1468606801,98.7600,98.8200,98.7600,98.8101,71000
1468606919,98.7800,98.7890,98.7600,98.7700,14600
1468606979,98.7610,98.7900,98.7500,98.7900,29800
1468606982,98.7600,98.7765,98.7600,98.7600,21900
1468607043,98.7235,98.7560,98.7200,98.7539,36700
1468607103,98.7400,98.7500,98.7000,98.7300,49400
1468607161,98.7300,98.7400,98.7100,98.7316,27900
1468607221,98.7000,98.7200,98.6950,98.7200,31600
1468607339,98.6900,98.7400,98.6900,98.7100,46300
1468607340,98.6900,98.7100,98.6800,98.7000,21300
1468607400,98.6900,98.7000,98.6800,98.6900,30600
1468607461,98.7000,98.7000,98.6750,98.7000,55600
1468607576,98.6800,98.7000,98.6750,98.7000,44800
1468607580,98.7000,98.7000,98.6800,98.6800,34800
1468607640,98.6600,98.7000,98.6600,98.6900,36300
1468607700,98.6762,98.6800,98.6500,98.6600,37600
1468607764,98.6300,98.6800,98.6250,98.6738,47800
1468607821,98.6500,98.6500,98.6200,98.6300,22100
1468607891,98.6300,98.6500,98.5939,98.6400,200400
1468607999,98.6605,98.6800,98.6150,98.6250,75600
1468608058,98.6600,98.6700,98.6600,98.6700,18100
1468608116,98.6600,98.6700,98.6600,98.6650,6900
1468608121,98.6650,98.6700,98.6500,98.6600,21300
1468608185,98.7000,98.7250,98.6690,98.6690,75500
1468608241,98.7100,98.7300,98.6943,98.7100,74100
1468608300,98.7600,98.7690,98.7000,98.7000,99100
1468608418,98.7500,98.7650,98.7300,98.7600,40900
1468608420,98.7850,98.7900,98.7500,98.7542,50800
1468608481,98.7990,98.8099,98.7800,98.7900,27600
1468608541,98.7800,98.8000,98.7500,98.7952,66100
1468608601,98.7500,98.7844,98.7500,98.7800,48000
1468608719,98.7400,98.7500,98.7200,98.7400,40100
1468608779,98.7700,98.7700,98.7320,98.7350,34300
1468608780,98.7800,98.7800,98.7501,98.7650,35300
1468608899,98.7814,98.7900,98.7700,98.7800,28900
1468608959,98.7970,98.8000,98.7700,98.7800,124600
1468608961,98.8100,98.8199,98.7800,98.8000,44000
1468609023,98.7900,98.8200,98.7750,98.8000,35200
1468609137,98.7800,98.8000,98.7700,98.7900,29700
1468609140,98.7650,98.7890,98.7600,98.7831,44900
1468609200,98.7800,98.7900,98.7600,98.7700,174500
1468609318,98.7835,98.7900,98.7700,98.7701,30100
1468609379,98.8400,98.8400,98.7800,98.7900,86400
1468609381,98.8491,98.8800,98.8400,98.8500,51800
1468609499,98.8385,98.8490,98.8200,98.8400,40100
1468609500,98.8350,98.8450,98.8100,98.8350,159300
1468609560,98.8060,98.8300,98.8000,98.8300,24000
1468609624,98.8018,98.8100,98.7700,98.8050,44200
1468609683,98.8200,98.8200,98.7900,98.8100,48900
1468609797,98.7800,98.8300,98.7600,98.8200,45000
1468609859,98.7600,98.7910,98.7500,98.7800,191200
1468609861,98.7500,98.7700,98.7400,98.7600,54700
1468609920,98.7300,98.7534,98.7201,98.7500,34400
1468610039,98.6900,98.7400,98.6900,98.7326,82200
1468610098,98.7100,98.7150,98.6700,98.6900,59300
1468610102,98.7700,98.7700,98.7100,98.7200,58300
1468610219,98.7593,98.7690,98.7500,98.7600,33200
1468610220,98.7482,98.7690,98.7482,98.7657,31400
1468610280,98.7790,98.7790,98.7450,98.7500,35900
1468610399,98.7500,98.7950,98.7500,98.7701,80700
1468610400,98.7600,98.7700,98.7400,98.7550,47800
1468610519,98.7544,98.7800,98.7450,98.7600,51200
1468610579,98.8000,98.8000,98.7500,98.7600,72800
1468610639,98.8000,98.8050,98.7800,98.8000,148900
1468610699,98.8000,98.8100,98.7800,98.8000,115200
1468610700,98.7900,98.8050,98.7700,98.8000,77100
1468610764,98.7900,98.8000,98.7700,98.7950,45700
1468610877,98.7756,98.7900,98.7756,98.7900,73300
1468610880,98.7800,98.7900,98.7700,98.7700,31900
1468610943,98.7867,98.8100,98.7800,98.7900,174500
1468611000,98.7950,98.8050,98.7808,98.7808,61500
1468611060,98.8000,98.8000,98.7900,98.8000,52400
1468611120,98.7950,98.8000,98.7900,98.8000,66900
1468611184,98.7950,98.8000,98.7800,98.7950,28400
1468611299,98.7850,98.8000,98.7800,98.7900,58400
1468611300,98.7754,98.8000,98.7700,98.7900,69100
1468611419,98.7800,98.7900,98.7600,98.7750,79700
1468611420,98.7800,98.8000,98.7800,98.7900,55300
1468611537,98.7750,98.8000,98.7740,98.7800,83300
1468611540,98.7800,98.8000,98.7700,98.7800,95200
1468611602,98.7850,98.8000,98.7700,98.7842,42500
1468611663,98.7937,98.8000,98.7800,98.7800,46000
1468611721,98.7800,98.8000,98.7800,98.7901,36600
1468611839,98.7500,98.7800,98.7500,98.7800,40000
1468611840,98.7100,98.7600,98.7100,98.7500,58100
1468611902,98.7100,98.7350,98.7000,98.7100,158200
1468612019,98.7550,98.7700,98.6900,98.7120,187500
1468612020,98.7950,98.8000,98.7550,98.7600,56700
1468612081,98.7700,98.7950,98.7700,98.7900,78200
1468612140,98.7600,98.7800,98.7600,98.7700,92000
1468612200,98.7350,98.7800,98.7300,98.7700,78200
1468612318,98.7700,98.7700,98.7300,98.7310,93000
1468612320,98.7600,98.7790,98.7500,98.7700,61200
1468612380,98.7700,98.7800,98.7300,98.7600,90400
1468612440,98.7200,98.7750,98.7200,98.7650,99600
1468612559,98.7115,98.7400,98.7115,98.7400,80900
1468612560,98.7400,98.7400,98.7000,98.7150,167600
1468612679,98.7450,98.7500,98.7200,98.7400,97400
1468612738,98.7700,98.7800,98.7450,98.7500,164800
1468612741,98.7800,98.8100,98.7500,98.7800,2698100
1468612800,98.7800,98.7800,98.7800,98.7800,0
