uri:/instrument/1.0/GDX/chartdata;type=quote;range=1d/csv
ticker:gdx
Company-Name:VanEck Vectors Gold Miners ETF
Exchange-Name:PCX
unit:MIN
timezone:EDT
currency:USD
gmtoffset:-14400
previous_close:30.6000
Timestamp:1468330200,1468353600
labels:1468332000,1468335600,1468339200,1468342800,1468346400,1468350000,1468353600
values:Timestamp,close,high,low,open,volume
close:29.8700,30.4500
high:29.8850,30.4700
low:29.8600,30.4400
open:29.8711,30.4500
volume:500,9126600
1468330259,30.2300,30.3100,30.2300,30.3100,874700
1468330261,30.2850,30.2961,30.2050,30.2400,274900
1468330379,30.2900,30.3000,30.2200,30.2900,246700
1468330380,30.2950,30.3400,30.2500,30.2900,221900
1468330499,30.2350,30.3000,30.2300,30.2900,321100
1468330559,30.1500,30.2369,30.1500,30.2300,376500
1468330619,30.1700,30.2000,30.1500,30.1550,337100
1468330620,30.1600,30.2200,30.1600,30.1800,252500
1468330739,30.1138,30.1700,30.0900,30.1700,329200
1468330799,30.0836,30.1199,30.0500,30.1100,249800
1468330859,30.1350,30.1600,30.0700,30.0800,183300
1468330919,30.1500,30.1799,30.1300,30.1400,145300
1468330979,30.1500,30.1980,30.1450,30.1527,203600
1468331038,30.1300,30.1600,30.1100,30.1500,174700
1468331041,30.1600,30.1699,30.1100,30.1300,146600
1468331159,30.1200,30.1527,30.1001,30.1500,206300
1468331218,30.1300,30.1500,30.0700,30.1100,157600
1468331279,30.2235,30.2265,30.1361,30.1361,150700
1468331339,30.2500,30.2600,30.2000,30.2200,200400
1468331399,30.2600,30.2800,30.2400,30.2500,88900
1468331459,30.3600,30.3700,30.2300,30.2700,263500
1468331518,30.3200,30.3600,30.3200,30.3550,92300
1468331579,30.2810,30.3200,30.2700,30.3200,168600
1468331639,30.2300,30.2801,30.2300,30.2800,84900
1468331695,30.2600,30.2900,30.2250,30.2400,107600
1468331758,30.1800,30.2700,30.1800,30.2600,92300
1468331819,30.2100,30.2250,30.1800,30.1800,124000
1468331878,30.2200,30.2450,30.2000,30.2199,131700
1468331939,30.2000,30.2400,30.1900,30.2150,79400
1468331941,30.2000,30.2000,30.1610,30.1928,178600
1468332059,30.1839,30.2100,30.1700,30.2000,99300
1468332117,30.2200,30.2292,30.1600,30.1800,135000
1468332179,30.1801,30.2400,30.1800,30.2100,160300
1468332180,30.1000,30.1801,30.1000,30.1801,193700
1468332299,30.1433,30.1900,30.1000,30.1038,171800
1468332359,30.1700,30.1900,30.1250,30.1400,205400
1468332419,30.1800,30.1800,30.1500,30.1700,81300
1468332479,30.1833,30.1900,30.1300,30.1800,121300
1468332539,30.1700,30.1900,30.1600,30.1900,153000
1468332599,30.1550,30.1750,30.1400,30.1601,136900
1468332657,30.1800,30.1950,30.1600,30.1600,105500
1468332718,30.2100,30.2200,30.1750,30.1800,182100
1468332720,30.2000,30.2150,30.1900,30.2140,103600
1468332837,30.1950,30.2250,30.1900,30.2050,89200
1468332899,30.2500,30.2500,30.1900,30.2000,153700
1468332951,30.2300,30.2800,30.2200,30.2600,140700
1468333019,30.1800,30.2200,30.1700,30.2200,95600
1468333079,30.1800,30.1800,30.1600,30.1701,57100
1468333139,30.1800,30.2000,30.1700,30.1800,51500
1468333198,30.1700,30.2100,30.1700,30.1800,71300
1468333259,30.2300,30.2300,30.1700,30.1700,88200
1468333319,30.2400,30.2400,30.2200,30.2300,59400
1468333379,30.2600,30.2600,30.2100,30.2400,124900
1468333438,30.2900,30.3000,30.2400,30.2600,103400
1468333499,30.3100,30.3200,30.2900,30.2950,120300
1468333559,30.3290,30.3350,30.2810,30.3100,151800
1468333617,30.2950,30.3300,30.2900,30.3300,130200
1468333679,30.2700,30.3000,30.2600,30.3000,148700
1468333681,30.2800,30.2850,30.2535,30.2700,119800
1468333799,30.2900,30.2950,30.2700,30.2900,50100
1468333856,30.2901,30.3150,30.2600,30.2800,47800
1468333861,30.3100,30.3165,30.2950,30.2999,64300
1468333979,30.3500,30.3600,30.3050,30.3100,95100
1468333981,30.3600,30.3600,30.3300,30.3550,69500
1468334099,30.3200,30.3795,30.3200,30.3600,78500
1468334159,30.3250,30.3400,30.3200,30.3300,35100
1468334218,30.3200,30.3400,30.2950,30.3200,78300
1468334278,30.3400,30.3499,30.3150,30.3200,81600
1468334337,30.3350,30.3600,30.3350,30.3400,35900
1468334399,30.3101,30.3380,30.3000,30.3350,51300
1468334402,30.3200,30.3450,30.2960,30.3199,98400
1468334515,30.3140,30.3200,30.3050,30.3150,69200
1468334579,30.3700,30.4000,30.3100,30.3100,161300
1468334639,30.4200,30.4250,30.3640,30.3640,103800
1468334699,30.4000,30.4300,30.3925,30.4300,69300
1468334759,30.3616,30.4100,30.3600,30.4000,111200
1468334819,30.3700,30.4000,30.3600,30.3600,75600
1468334879,30.3700,30.3900,30.3600,30.3700,50500
1468334938,30.3800,30.4000,30.3700,30.3800,55500
1468334999,30.3600,30.3850,30.3600,30.3800,54100
1468335059,30.3600,30.3750,30.3425,30.3600,66700
1468335060,30.3400,30.3650,30.3200,30.3600,82600
1468335121,30.3400,30.3600,30.3300,30.3300,65900
1468335239,30.3800,30.3800,30.3400,30.3400,46900
1468335298,30.4200,30.4250,30.3750,30.3800,91200
1468335352,30.3900,30.4199,30.3800,30.4100,61700
1468335419,30.3900,30.4000,30.3800,30.3900,41400
1468335477,30.4250,30.4300,30.3800,30.3800,38500
1468335539,30.4500,30.4700,30.4300,30.4400,151900
1468335599,30.4400,30.4600,30.4400,30.4400,40700
1468335657,30.4300,30.4500,30.4201,30.4400,35900
1468335719,30.4300,30.4400,30.4100,30.4250,41400
1468335777,30.4150,30.4400,30.4150,30.4288,27700
1468335780,30.4240,30.4499,30.4200,30.4200,75500
1468335898,30.4450,30.4450,30.4250,30.4300,39400
1468335959,30.4500,30.4600,30.4400,30.4500,64900
1468336016,30.4400,30.4550,30.4400,30.4500,52800
1468336078,30.4300,30.4550,30.4300,30.4500,106100
1468336129,30.4100,30.4300,30.4100,30.4250,33700
1468336199,30.4200,30.4250,30.4000,30.4150,83800
1468336201,30.4100,30.4300,30.3825,30.4200,51700
1468336319,30.3800,30.4100,30.3800,30.4100,92200
1468336376,30.4100,30.4165,30.3800,30.3900,56600
1468336438,30.3900,30.4000,30.3800,30.4000,58200
1468336491,30.4000,30.4100,30.3800,30.3900,40800
1468336500,30.3900,30.3990,30.3700,30.3990,31200
1468336618,30.3600,30.3800,30.3500,30.3800,71800
1468336679,30.3350,30.3700,30.3300,30.3699,66100
1468336680,30.3500,30.3650,30.3350,30.3400,58000
1468336798,30.3550,30.3600,30.3400,30.3500,17300
1468336856,30.3700,30.3700,30.3450,30.3500,45900
1468336919,30.3600,30.3800,30.3501,30.3650,59200
1468336920,30.3599,30.3750,30.3500,30.3600,199800
1468336983,30.2900,30.3550,30.2900,30.3500,142600
1468337040,30.2750,30.3000,30.2700,30.2943,87500
1468337101,30.2350,30.2800,30.2300,30.2800,93900
1468337219,30.2100,30.2450,30.2000,30.2350,113900
1468337275,30.1800,30.2050,30.1700,30.2000,113400
1468337334,30.2350,30.2400,30.1750,30.1800,131900
1468337394,30.2000,30.2400,30.2000,30.2400,39100
1468337459,30.2000,30.2100,30.1800,30.2000,63300
1468337519,30.2200,30.2200,30.1850,30.2000,73900
1468337578,30.2200,30.2300,30.2150,30.2200,63200
1468337635,30.2050,30.2236,30.1950,30.2236,45700
1468337641,30.2000,30.2200,30.1910,30.2000,43900
1468337759,30.2000,30.2100,30.1994,30.2000,48300
1468337815,30.2100,30.2100,30.1900,30.2050,36900
1468337878,30.1900,30.2050,30.1800,30.2000,52800
1468337939,30.2300,30.2450,30.1700,30.1900,102000
1468337999,30.2600,30.2650,30.2300,30.2363,59300
1468338059,30.2300,30.2600,30.2300,30.2600,55000
1468338119,30.2200,30.2450,30.2100,30.2300,61000
1468338120,30.2200,30.2290,30.2050,30.2200,49800
1468338236,30.2050,30.2200,30.2000,30.2200,73200
1468338299,30.1600,30.2050,30.1492,30.2000,179700
1468338359,30.1500,30.1800,30.1500,30.1600,79100
1468338360,30.1600,30.1800,30.1300,30.1600,108700
1468338479,30.1300,30.1750,30.1250,30.1650,82400
1468338539,30.1500,30.1600,30.1250,30.1250,51900
1468338599,30.0900,30.1499,30.0800,30.1400,315500
1468338658,30.0950,30.1080,30.0840,30.0900,98100
1468338660,30.1400,30.1500,30.0900,30.0900,79100
1468338721,30.1600,30.1700,30.1300,30.1400,91800
1468338780,30.1640,30.1800,30.1514,30.1600,40600
1468338841,30.1800,30.2000,30.1564,30.1600,83300
1468338958,30.1800,30.1900,30.1700,30.1800,46300
1468338961,30.1900,30.2000,30.1700,30.1800,54600
1468339020,30.1900,30.1900,30.1620,30.1800,43400
1468339139,30.1750,30.1900,30.1700,30.1900,47500
1468339140,30.1800,30.1900,30.1700,30.1750,70300
1468339256,30.1900,30.1900,30.1700,30.1800,34500
1468339317,30.2200,30.2300,30.1840,30.1885,124200
1468339320,30.2050,30.2291,30.2000,30.2291,71900
1468339439,30.2149,30.2200,30.2050,30.2100,43900
1468339499,30.1750,30.2100,30.1750,30.2100,66000
1468339559,30.1600,30.1850,30.1500,30.1700,86700
1468339618,30.1600,30.1750,30.1500,30.1600,75600
1468339622,30.1700,30.1800,30.1600,30.1650,30600
1468339685,30.1500,30.1800,30.1500,30.1800,104700
1468339797,30.1300,30.1500,30.1150,30.1500,98000
1468339854,30.1400,30.1400,30.1050,30.1200,47500
1468339918,30.1199,30.1450,30.1100,30.1350,52100
1468339976,30.1250,30.1400,30.1140,30.1140,40900
1468339981,30.1000,30.1300,30.0940,30.1300,68200
1468340094,30.1200,30.1250,30.1000,30.1000,49300
1468340101,30.1200,30.1200,30.1200,30.1200,500
1468340155,30.1300,30.1500,30.1200,30.1200,9126600
1468340218,30.1150,30.1350,30.1101,30.1300,101700
1468340279,30.1150,30.1400,30.1150,30.1150,101800
1468340335,30.1050,30.1300,30.1000,30.1200,210300
1468340397,30.0900,30.1100,30.0750,30.1064,192300
1468340459,30.0388,30.0900,30.0300,30.0800,194500
1468340519,30.0200,30.0500,30.0200,30.0300,151200
1468340579,29.9900,30.0300,29.9800,30.0227,280700
1468340639,29.9550,29.9900,29.9400,29.9800,498500
1468340696,29.9550,29.9800,29.9450,29.9536,261700
1468340759,29.9450,29.9800,29.9450,29.9600,139600
1468340819,29.9099,29.9500,29.9000,29.9450,372000
1468340879,29.8700,29.9513,29.8700,29.9050,691900
1468340938,29.8750,29.9000,29.8600,29.8799,629400
1468340998,29.8800,29.8850,29.8600,29.8711,437700
1468341000,29.8850,29.8850,29.8850,29.8850,500
