uri:/instrument/1.0/SNE/chartdata;type=quote;range=1d/csv
ticker:sne
Company-Name:Sony Corporation Common Stock
Exchange-Name:NYQ
unit:MIN
timezone:EDT
currency:USD
gmtoffset:-14400
previous_close:29.5500
Timestamp:1468503000,1468526400
labels:1468504800,1468508400,1468512000,1468515600,1468519200,1468522800,1468526400
values:Timestamp,close,high,low,open,volume
close:30.0000,30.3400
high:30.0000,30.3450
low:29.9850,30.3300
open:29.9900,30.3400
volume:100,177400
1468503055,30.3100,30.3100,30.3000,30.3000,29000
1468503151,30.2700,30.2900,30.2700,30.2900,2100
1468503180,30.2800,30.3000,30.2800,30.3000,3100
1468503296,30.2700,30.2900,30.2700,30.2900,1200
1468503359,30.2500,30.2800,30.2500,30.2700,4400
1468503361,30.2500,30.2700,30.2300,30.2600,6400
1468503469,30.2700,30.2700,30.2570,30.2570,3200
1468503530,30.2400,30.2650,30.2300,30.2600,10800
1468503596,30.2437,30.2500,30.2410,30.2500,4400
1468503611,30.2242,30.2450,30.2150,30.2450,7800
1468503719,30.2300,30.2300,30.2227,30.2300,5200
1468503721,30.2300,30.2400,30.2300,30.2300,3900
1468503795,30.2300,30.2300,30.2200,30.2250,3900
1468503892,30.1900,30.2300,30.1900,30.2200,7000
1468503957,30.1600,30.1900,30.1600,30.1900,7000
1468504011,30.1500,30.1500,30.1266,30.1500,9000
1468504028,30.1500,30.1500,30.1400,30.1500,4500
1468504134,30.1670,30.1670,30.1600,30.1600,1000
1468504146,30.1500,30.1700,30.1500,30.1700,5200
1468504249,30.0900,30.1700,30.0900,30.1700,15400
1468504260,30.1000,30.1000,30.0700,30.0900,9100
1468504379,30.1250,30.1250,30.1100,30.1100,4300
1468504380,30.1300,30.1300,30.1100,30.1250,5000
1468504498,30.1300,30.1300,30.1250,30.1250,2800
1468504557,30.1450,30.1500,30.1400,30.1400,6400
1468504562,30.1500,30.1599,30.1400,30.1400,5000
1468504670,30.1500,30.1500,30.1401,30.1427,1300
1468504734,30.1900,30.1900,30.1485,30.1485,3100
1468504796,30.2100,30.2200,30.2011,30.2100,6400
1468504852,30.1900,30.2011,30.1800,30.2011,2400
1468504878,30.1900,30.2000,30.1900,30.1900,3200
1468504968,30.1900,30.2000,30.1900,30.2000,6400
1468504984,30.1900,30.2000,30.1900,30.1900,4000
1468505082,30.1700,30.1800,30.1700,30.1800,3700
1468505151,30.1800,30.1800,30.1750,30.1750,200
1468505166,30.1880,30.1900,30.1800,30.1800,600
1468505240,30.1700,30.1800,30.1700,30.1800,1900
1468505335,30.1920,30.1920,30.1800,30.1800,1000
1468505351,30.2000,30.2100,30.1950,30.2100,4300
1468505409,30.2200,30.2200,30.2100,30.2100,400
1468505486,30.2064,30.2100,30.2064,30.2100,600
1468505547,30.2100,30.2100,30.2100,30.2100,500
1468505628,30.2099,30.2250,30.2099,30.2250,2100
1468505693,30.2401,30.2401,30.2100,30.2100,1200
1468505752,30.2600,30.2650,30.2500,30.2500,1900
1468505766,30.2400,30.2500,30.2300,30.2500,1100
1468505862,30.2300,30.2400,30.2200,30.2400,3600
1468505886,30.2300,30.2350,30.2300,30.2350,1100
1468505953,30.2300,30.2300,30.2300,30.2300,400
1468506024,30.2300,30.2400,30.2300,30.2400,500
1468506071,30.2350,30.2400,30.2300,30.2400,1400
1468506173,30.2500,30.2500,30.2500,30.2500,1400
1468506183,30.2400,30.2600,30.2400,30.2600,3200
1468506296,30.2400,30.2400,30.2400,30.2400,200
1468506332,30.2400,30.2400,30.2400,30.2400,1000
1468506374,30.2600,30.2600,30.2600,30.2600,500
1468506473,30.2400,30.2638,30.2400,30.2638,4300
1468506480,30.2300,30.2400,30.2300,30.2324,3000
1468506563,30.2300,30.2300,30.2300,30.2300,1600
1468506654,30.2500,30.2500,30.2441,30.2441,500
1468506677,30.2700,30.2700,30.2700,30.2700,3000
1468506730,30.2700,30.2700,30.2450,30.2500,4200
1468506793,30.2900,30.2900,30.2900,30.2900,1900
1468506858,30.2800,30.2900,30.2800,30.2900,1700
1468506922,30.2800,30.2800,30.2800,30.2800,300
1468506966,30.3000,30.3000,30.2900,30.2900,1200
1468507130,30.3330,30.3330,30.3100,30.3100,4600
1468507140,30.3400,30.3450,30.3300,30.3400,6700
1468507222,30.3100,30.3250,30.3100,30.3250,1600
1468507316,30.2700,30.2950,30.2700,30.2950,4000
1468507370,30.2600,30.2700,30.2600,30.2700,2200
1468507390,30.2700,30.2700,30.2700,30.2700,700
1468507445,30.2700,30.2800,30.2700,30.2750,16000
1468507529,30.2600,30.2700,30.2600,30.2700,3400
1468507650,30.2600,30.2600,30.2600,30.2600,900
1468507734,30.2750,30.2850,30.2650,30.2700,4000
1468507740,30.2800,30.2800,30.2800,30.2800,100
1468507853,30.2600,30.2800,30.2600,30.2800,2100
1468507868,30.2400,30.2500,30.2300,30.2500,3800
1468507978,30.2600,30.2600,30.2348,30.2400,4700
1468508039,30.2800,30.2800,30.2600,30.2600,900
1468508096,30.2800,30.2900,30.2800,30.2900,200
1468508155,30.2931,30.2931,30.2800,30.2900,2400
1468508238,30.2900,30.2900,30.2900,30.2900,800
1468508325,30.2900,30.2900,30.2900,30.2900,700
1468508382,30.2800,30.2900,30.2800,30.2900,1600
1468508422,30.2700,30.2900,30.2700,30.2900,2400
1468508519,30.2600,30.2900,30.2550,30.2700,11600
1468508521,30.2600,30.2600,30.2500,30.2600,8000
1468508617,30.2700,30.2700,30.2700,30.2700,2300
1468508654,30.2700,30.2700,30.2700,30.2700,1600
1468508759,30.2700,30.2800,30.2650,30.2800,3600
1468508817,30.2650,30.2750,30.2650,30.2700,4000
1468508879,30.2800,30.2899,30.2700,30.2700,6800
1468508938,30.2800,30.2850,30.2800,30.2800,8600
1468508987,30.2800,30.2800,30.2750,30.2800,1500
1468509019,30.2900,30.2900,30.2900,30.2900,1300
1468509131,30.2900,30.2900,30.2900,30.2900,900
1468509197,30.2950,30.3000,30.2900,30.3000,2500
1468509296,30.2500,30.2800,30.2500,30.2800,9400
1468509313,30.2350,30.2500,30.2350,30.2500,1400
1468509420,30.2300,30.2350,30.2230,30.2300,4000
1468509499,30.2100,30.2150,30.2100,30.2100,500
1468509573,30.2100,30.2100,30.2000,30.2000,1400
1468509607,30.1926,30.2200,30.1900,30.2000,4100
1468509700,30.1950,30.1950,30.1950,30.1950,100
1468509754,30.1950,30.1950,30.1850,30.1900,1600
1468509793,30.2190,30.2190,30.2000,30.2000,2300
1468509883,30.2190,30.2190,30.2050,30.2050,1200
1468509913,30.2000,30.2100,30.2000,30.2100,5700
1468510017,30.2100,30.2200,30.2100,30.2100,4900
1468510030,30.2000,30.2100,30.2000,30.2100,1600
1468510087,30.1900,30.1900,30.1800,30.1900,2200
1468510199,30.2000,30.2000,30.1944,30.1944,1600
1468510247,30.1990,30.2000,30.1850,30.2000,3700
1468510307,30.1832,30.1950,30.1832,30.1950,1900
1468510361,30.1900,30.1900,30.1800,30.1800,1300
1468510382,30.1900,30.1900,30.1900,30.1900,2400
1468510467,30.1800,30.1800,30.1800,30.1800,900
1468510541,30.1800,30.1800,30.1800,30.1800,300
1468510564,30.1800,30.1900,30.1800,30.1900,5100
1468510638,30.1800,30.1800,30.1800,30.1800,2000
1468510686,30.1635,30.1700,30.1635,30.1700,1600
1468510777,30.1800,30.1800,30.1800,30.1800,1100
1468510810,30.1800,30.1800,30.1795,30.1795,2000
1468510898,30.1700,30.1700,30.1700,30.1700,1500
1468510923,30.1573,30.1650,30.1550,30.1600,1600
1468511026,30.1739,30.1739,30.1600,30.1600,7200
1468511043,30.1700,30.1700,30.1650,30.1700,1700
1468511110,30.1800,30.1800,30.1650,30.1650,5100
1468511166,30.1800,30.1800,30.1800,30.1800,4100
1468511259,30.1650,30.1850,30.1650,30.1850,3800
1468511296,30.1500,30.1500,30.1500,30.1500,2500
1468511351,30.1400,30.1400,30.1400,30.1400,100
1468511419,30.1500,30.1500,30.1500,30.1500,100
1468511489,30.1510,30.1510,30.1500,30.1500,1400
1468511558,30.1523,30.1600,30.1523,30.1600,1600
1468511583,30.1650,30.1650,30.1600,30.1600,1100
1468511692,30.1700,30.1700,30.1700,30.1700,400
1468511739,30.1700,30.1700,30.1700,30.1700,100
1468511802,30.1700,30.1700,30.1700,30.1700,100
1468511825,30.1700,30.1700,30.1600,30.1700,600
1468511962,30.1700,30.1700,30.1650,30.1650,500
1468512051,30.1450,30.1650,30.1401,30.1600,5800
1468512146,30.1500,30.1500,30.1450,30.1450,1300
1468512216,30.1600,30.1600,30.1600,30.1600,4900
1468512257,30.1600,30.1600,30.1600,30.1600,800
1468512355,30.1700,30.1700,30.1615,30.1670,1500
1468512383,30.1600,30.1650,30.1600,30.1650,400
1468512469,30.1700,30.1700,30.1620,30.1620,1000
1468512506,30.1900,30.1900,30.1800,30.1800,400
1468512547,30.1800,30.1900,30.1800,30.1800,4300
1468512624,30.1749,30.1749,30.1749,30.1749,700
1468512712,30.2000,30.2000,30.1750,30.1800,8700
1468512725,30.1800,30.1900,30.1750,30.1900,3500
1468512818,30.1900,30.1983,30.1900,30.1900,1300
1468512875,30.1800,30.1800,30.1800,30.1800,1100
1468512947,30.1900,30.1900,30.1766,30.1800,2300
1468512995,30.1900,30.1937,30.1900,30.1937,200
1468513032,30.1950,30.1950,30.1950,30.1950,100
1468513081,30.1950,30.1950,30.1900,30.1950,1700
1468513149,30.1600,30.1949,30.1600,30.1900,5100
1468513280,30.1800,30.1800,30.1700,30.1700,1300
1468513350,30.1800,30.1800,30.1750,30.1800,1300
1468513433,30.1690,30.1700,30.1690,30.1700,900
1468513485,30.1550,30.1600,30.1550,30.1600,10800
1468513502,30.1500,30.1550,30.1500,30.1500,1700
1468513612,30.1400,30.1400,30.1400,30.1400,200
1468513715,30.1550,30.1600,30.1500,30.1500,5500
1468513771,30.1600,30.1700,30.1400,30.1600,10900
1468513857,30.1350,30.1400,30.1350,30.1400,11100
1468513860,30.1400,30.1400,30.1400,30.1400,2000
1468513966,30.1600,30.1600,30.1350,30.1350,9300
1468513989,30.1550,30.1600,30.1550,30.1600,400
1468514095,30.1600,30.1600,30.1550,30.1550,400
1468514123,30.1400,30.1500,30.1300,30.1500,6200
1468514190,30.1300,30.1400,30.1300,30.1400,200
1468514237,30.1400,30.1400,30.1359,30.1359,500
1468514339,30.1400,30.1400,30.1400,30.1400,100
1468514397,30.1600,30.1600,30.1500,30.1500,300
1468514422,30.1500,30.1600,30.1500,30.1600,2300
1468514567,30.1500,30.1500,30.1400,30.1400,500
1468514635,30.1539,30.1539,30.1539,30.1539,400
1468514696,30.1500,30.1500,30.1500,30.1500,2000
1468514745,30.1400,30.1400,30.1400,30.1400,900
1468514819,30.1400,30.1400,30.1400,30.1400,200
1468514827,30.1400,30.1400,30.1400,30.1400,300
1468515008,30.1499,30.1499,30.1499,30.1499,100
1468515090,30.1400,30.1450,30.1400,30.1400,400
1468515132,30.1400,30.1400,30.1400,30.1400,2100
1468515286,30.1200,30.1300,30.1200,30.1300,3500
1468515347,30.1200,30.1200,30.1200,30.1200,23500
1468515467,30.1100,30.1200,30.1100,30.1200,3600
1468515491,30.1300,30.1300,30.1150,30.1200,10000
1468515596,30.1300,30.1300,30.1300,30.1300,300
1468515610,30.1300,30.1300,30.1300,30.1300,1400
1468515766,30.1200,30.1200,30.1200,30.1200,1500
1468515834,30.1300,30.1300,30.1200,30.1200,4900
1468515847,30.1400,30.1400,30.1400,30.1400,1500
1468515910,30.1500,30.1550,30.1500,30.1500,15300
1468516042,30.1500,30.1500,30.1500,30.1500,200
1468516139,30.1400,30.1500,30.1400,30.1500,1400
1468516154,30.1500,30.1500,30.1400,30.1400,1100
1468516208,30.1500,30.1500,30.1400,30.1400,600
1468516269,30.1600,30.1600,30.1300,30.1400,15800
1468516324,30.1600,30.1600,30.1541,30.1541,400
1468516396,30.1600,30.1600,30.1600,30.1600,200
1468516490,30.1300,30.1593,30.1300,30.1500,1800
1468516505,30.1100,30.1200,30.1100,30.1200,4200
1468516616,30.0900,30.1099,30.0900,30.1099,2000
1468516620,30.0900,30.0900,30.0900,30.0900,3000
1468516799,30.1000,30.1000,30.1000,30.1000,1500
1468516814,30.1000,30.1000,30.1000,30.1000,200
1468516908,30.1100,30.1100,30.1050,30.1050,500
1468516967,30.0900,30.1000,30.0800,30.1000,4300
1468516983,30.1000,30.1000,30.0900,30.0900,1400
1468517051,30.0800,30.0900,30.0700,30.0900,7200
1468517205,30.0800,30.0800,30.0800,30.0800,100
1468517262,30.0800,30.0800,30.0800,30.0800,2500
1468517339,30.0800,30.0850,30.0800,30.0850,1200
1468517350,30.0800,30.0800,30.0800,30.0800,2700
1468517432,30.0700,30.0700,30.0700,30.0700,800
1468517579,30.1000,30.1000,30.0710,30.0710,5700
1468517616,30.0800,30.0980,30.0800,30.0980,2600
1468517664,30.0810,30.0889,30.0810,30.0831,1900
1468517738,30.0850,30.0850,30.0850,30.0850,100
1468517790,30.0890,30.0890,30.0890,30.0890,300
1468517933,30.0851,30.0900,30.0800,30.0800,5200
1468517988,30.0800,30.0890,30.0800,30.0890,600
1468518048,30.0800,30.0899,30.0800,30.0800,1500
1468518108,30.0800,30.0800,30.0800,30.0800,400
1468518146,30.0900,30.0900,30.0800,30.0800,5800
1468518229,30.1000,30.1000,30.0900,30.0900,300
1468518296,30.1050,30.1050,30.0953,30.0953,2300
1468518300,30.1000,30.1050,30.0900,30.1000,9300
1468518362,30.1000,30.1000,30.1000,30.1000,1000
1468518472,30.1000,30.1000,30.1000,30.1000,3000
1468518519,30.0900,30.1000,30.0900,30.1000,1000
1468518584,30.0800,30.0800,30.0800,30.0800,700
1468518650,30.0800,30.0800,30.0800,30.0800,100
1468518702,30.0799,30.0800,30.0799,30.0800,2700
1468518751,30.0827,30.0827,30.0750,30.0800,3700
1468518852,30.0700,30.0850,30.0700,30.0850,3900
1468518906,30.0700,30.0700,30.0600,30.0600,1900
1468519005,30.0700,30.0750,30.0700,30.0750,600
1468519074,30.0650,30.0650,30.0600,30.0600,600
1468519136,30.0700,30.0800,30.0650,30.0700,5500
1468519194,30.0700,30.0750,30.0550,30.0700,8500
1468519259,30.0500,30.0800,30.0500,30.0800,17400
1468519363,30.0600,30.0600,30.0600,30.0600,100
1468519430,30.0590,30.0590,30.0590,30.0590,400
1468519590,30.0500,30.0500,30.0500,30.0500,300
1468519658,30.0601,30.0650,30.0600,30.0600,6800
1468519792,30.0532,30.0650,30.0500,30.0650,11600
1468519808,30.0200,30.0500,30.0200,30.0500,10300
1468519935,30.0300,30.0300,30.0300,30.0300,2700
1468520045,30.0301,30.0301,30.0301,30.0301,100
1468520107,30.0400,30.0400,30.0400,30.0400,1500
1468520274,30.0590,30.0600,30.0590,30.0600,1600
1468520324,30.0600,30.0600,30.0600,30.0600,600
1468520372,30.0600,30.0600,30.0600,30.0600,300
1468520417,30.0600,30.0600,30.0500,30.0500,4000
1468520522,30.0400,30.0600,30.0400,30.0600,5700
1468520780,30.0450,30.0450,30.0400,30.0400,1800
1468520866,30.0400,30.0450,30.0400,30.0450,1100
1468520925,30.0400,30.0400,30.0400,30.0400,500
1468520965,30.0400,30.0400,30.0400,30.0400,600
1468521004,30.0375,30.0500,30.0350,30.0400,5800
1468521072,30.0350,30.0350,30.0350,30.0350,1700
1468521147,30.0301,30.0301,30.0300,30.0300,600
1468521184,30.0350,30.0400,30.0350,30.0372,3700
1468521256,30.0300,30.0300,30.0300,30.0300,200
1468521326,30.0400,30.0400,30.0350,30.0350,400
1468521389,30.0100,30.0350,30.0100,30.0350,11900
1468521471,30.0150,30.0200,30.0100,30.0200,2400
1468521496,30.0101,30.0199,30.0100,30.0199,800
1468521577,30.0100,30.0131,30.0100,30.0131,700
1468521657,30.0050,30.0167,30.0000,30.0110,10000
1468521718,30.0100,30.0100,30.0000,30.0000,18300
1468521746,30.0050,30.0050,30.0000,30.0000,1800
1468521784,30.0050,30.0050,30.0050,30.0050,400
1468521844,30.0000,30.0050,29.9850,30.0000,6400
1468521930,30.0000,30.0000,30.0000,30.0000,1700
1468521980,30.0000,30.0000,29.9900,29.9900,8600
1468522111,30.0000,30.0000,30.0000,30.0000,200
1468522161,30.0100,30.0100,30.0000,30.0000,600
1468522258,30.0100,30.0100,30.0100,30.0100,100
1468522282,30.0050,30.0050,30.0000,30.0000,400
1468522350,30.0100,30.0100,30.0100,30.0100,100
1468522463,30.0100,30.0100,30.0100,30.0100,500
1468522534,30.0102,30.0102,30.0102,30.0102,600
1468522591,30.0200,30.0200,30.0100,30.0100,4000
1468522649,30.0300,30.0300,30.0268,30.0268,700
1468522762,30.0300,30.0300,30.0237,30.0237,400
1468522836,30.0301,30.0400,30.0300,30.0300,1000
1468522885,30.0000,30.0350,30.0000,30.0350,10000
1468522936,30.0000,30.0100,30.0000,30.0050,2600
1468523037,30.0100,30.0100,30.0100,30.0100,1700
1468523042,30.0250,30.0300,30.0150,30.0150,6500
1468523145,30.0400,30.0400,30.0300,30.0300,1300
1468523218,30.0500,30.0500,30.0400,30.0400,2200
1468523272,30.0300,30.0500,30.0200,30.0500,18200
1468523290,30.0400,30.0400,30.0400,30.0400,100
1468523375,30.0450,30.0450,30.0400,30.0400,900
1468523452,30.0500,30.0500,30.0500,30.0500,200
1468523473,30.0400,30.0400,30.0400,30.0400,200
1468523542,30.0600,30.0600,30.0400,30.0400,9500
1468523639,30.0800,30.0800,30.0700,30.0700,3900
1468523650,30.0825,30.0850,30.0800,30.0800,3700
1468523746,30.0800,30.0900,30.0750,30.0750,10800
1468523760,30.0750,30.0800,30.0700,30.0800,700
1468523876,30.0700,30.0725,30.0700,30.0700,3100
1468523936,30.0699,30.0778,30.0600,30.0700,4000
1468523941,30.0750,30.0760,30.0700,30.0700,800
1468524052,30.0800,30.0800,30.0800,30.0800,100
1468524113,30.0750,30.0800,30.0750,30.0800,1100
1468524154,30.0750,30.0800,30.0750,30.0800,500
1468524209,30.0750,30.0800,30.0750,30.0800,500
1468524299,30.0700,30.0750,30.0700,30.0750,300
1468524329,30.0700,30.0700,30.0700,30.0700,400
1468524378,30.0750,30.0750,30.0750,30.0750,600
1468524467,30.0750,30.0792,30.0700,30.0750,2500
1468524510,30.0750,30.0750,30.0750,30.0750,200
1468524585,30.0750,30.0750,30.0700,30.0750,2000
1468524628,30.0599,30.0737,30.0500,30.0737,14500
1468524714,30.0750,30.0750,30.0700,30.0700,2500
1468524778,30.0799,30.0800,30.0750,30.0766,1600
1468524787,30.0500,30.0740,30.0500,30.0740,8700
1468524897,30.0700,30.0700,30.0700,30.0700,100
1468524959,30.0600,30.0700,30.0600,30.0650,2400
1468524968,30.0735,30.0750,30.0700,30.0700,9400
1468525074,30.0750,30.0799,30.0700,30.0750,2100
1468525112,30.0450,30.0600,30.0450,30.0500,7000
1468525164,30.0599,30.0600,30.0550,30.0550,500
1468525259,30.0600,30.0650,30.0550,30.0550,8600
1468525319,30.0500,30.0650,30.0500,30.0600,7500
1468525339,30.0350,30.0500,30.0350,30.0500,5400
1468525399,30.0450,30.0450,30.0350,30.0400,10600
1468525499,30.0200,30.0450,30.0200,30.0450,7300
1468525558,30.0400,30.0400,30.0250,30.0250,15900
1468525575,30.0700,30.0700,30.0500,30.0500,4600
1468525678,30.0800,30.0800,30.0600,30.0689,15700
1468525736,30.1000,30.1000,30.0800,30.0800,13100
1468525798,30.1100,30.1100,30.0999,30.1000,6900
1468525838,30.0836,30.1100,30.0800,30.1100,28800
1468525918,30.0700,30.0900,30.0700,30.0900,7200
1468525923,30.0650,30.0800,30.0650,30.0800,20600
1468525994,30.0550,30.0600,30.0550,30.0600,1500
1468526094,30.0700,30.0700,30.0550,30.0550,7900
1468526147,30.0450,30.0650,30.0450,30.0600,13700
1468526209,30.0400,30.0500,30.0400,30.0500,7300
1468526271,30.0500,30.0500,30.0450,30.0450,19300
1468526333,30.0600,30.0600,30.0500,30.0500,9800
1468526345,30.0350,30.0600,30.0350,30.0600,177400
1468526400,30.0400,30.0400,30.0400,30.0400,39000
