uri:/instrument/1.0/ACWI/chartdata;type=quote;range=1d/csv
ticker:acwi
Company-Name:iShares MSCI ACWI Index Fund
Exchange-Name:NGM
unit:MIN
timezone:EDT
currency:USD
gmtoffset:-14400
previous_close:57.7100
Timestamp:1468848600,1468872000
labels:1468850400,1468854000,1468857600,1468861200,1468864800,1468868400,1468872000
values:Timestamp,close,high,low,open,volume
close:57.6600,57.9500
high:57.6700,57.9550
low:57.6500,57.9500
open:57.6600,57.9550
volume:0,309200
1468848715,57.7500,57.7500,57.7400,57.7400,20400
1468848750,57.7400,57.7500,57.7400,57.7500,12600
1468848838,57.7100,57.7400,57.7100,57.7400,6500
1468848890,57.7200,57.7300,57.7200,57.7300,2200
1468848937,57.7400,57.7400,57.7400,57.7400,700
1468848960,57.7300,57.7350,57.7300,57.7300,2800
1468849054,57.7500,57.7500,57.7500,57.7500,1200
1468849136,57.7500,57.7500,57.7400,57.7400,2600
1468849198,57.7200,57.7500,57.7200,57.7500,4800
1468849239,57.7200,57.7200,57.7100,57.7200,4600
1468849306,57.6900,57.7100,57.6850,57.7000,4700
1468849376,57.6600,57.7000,57.6600,57.6900,8100
1468849438,57.6700,57.6700,57.6500,57.6600,4300
1468849486,57.6800,57.6800,57.6800,57.6800,500
1468849530,57.6800,57.6850,57.6800,57.6800,2400
1468849615,57.6700,57.6800,57.6700,57.6800,3600
1468849730,57.6800,57.6900,57.6800,57.6800,3800
1468849785,57.6700,57.6900,57.6700,57.6850,5000
1468849834,57.6800,57.6899,57.6700,57.6899,3700
1468849913,57.6999,57.6999,57.6800,57.6800,1800
1468849955,57.7000,57.7000,57.6900,57.6999,5300
1468850037,57.7200,57.7200,57.7099,57.7100,3000
1468850092,57.7199,57.7200,57.7150,57.7200,2000
1468850147,57.7200,57.7200,57.7200,57.7200,600
1468850218,57.7300,57.7300,57.7200,57.7300,8900
1468850256,57.7400,57.7400,57.7300,57.7300,2300
1468850337,57.7300,57.7350,57.7200,57.7300,4800
1468850393,57.7300,57.7300,57.7250,57.7300,1300
1468850459,57.7600,57.7700,57.7300,57.7300,20300
1468850510,57.7900,57.7900,57.7650,57.7700,4800
1468850542,57.7800,57.7900,57.7700,57.7850,3800
1468850635,57.7750,57.7900,57.7750,57.7800,2700
1468850695,57.7800,57.7800,57.7750,57.7800,1700
1468850755,57.7700,57.7900,57.7700,57.7900,2800
1468850789,57.7700,57.7750,57.7600,57.7750,2500
1468850869,57.7600,57.7700,57.7500,57.7650,3600
1468850882,57.7400,57.7600,57.7400,57.7600,1200
1468850999,57.7499,57.7500,57.7499,57.7500,2800
1468851057,57.7550,57.7600,57.7450,57.7450,9200
1468851098,57.7700,57.7750,57.7650,57.7700,4500
1468851179,57.7600,57.7750,57.7600,57.7750,11600
1468851238,57.7600,57.7600,57.7500,57.7600,2700
1468851263,57.7550,57.7600,57.7550,57.7600,800
1468851309,57.7750,57.7750,57.7600,57.7600,800
1468851418,57.7900,57.7900,57.7900,57.7900,500
1468851478,57.7950,57.8000,57.7900,57.8000,1500
1468851494,57.7900,57.8000,57.7900,57.7950,2100
1468851598,57.8100,57.8200,57.7950,57.8000,4400
1468851657,57.8050,57.8200,57.8050,57.8200,3800
1468851664,57.8000,57.8100,57.7950,57.8100,6200
1468851720,57.8050,57.8100,57.8000,57.8000,1700
1468851833,57.8100,57.8100,57.8000,57.8100,1500
1468851894,57.8100,57.8100,57.8000,57.8000,19600
1468851952,57.8200,57.8300,57.8100,57.8100,8800
1468852060,57.8300,57.8350,57.8250,57.8300,3500
1468852093,57.8200,57.8300,57.8200,57.8300,200
1468852186,57.8400,57.8400,57.8399,57.8399,1400
1468852237,57.8480,57.8480,57.8480,57.8480,100
1468852266,57.8500,57.8500,57.8400,57.8400,2900
1468852368,57.8450,57.8600,57.8410,57.8500,3600
1468852431,57.8900,57.8900,57.8550,57.8550,31100
1468852447,57.8659,57.8800,57.8600,57.8800,7700
1468852531,57.8600,57.8600,57.8500,57.8600,1800
1468852619,57.8600,57.8600,57.8550,57.8550,900
1468852654,57.8600,57.8650,57.8600,57.8650,700
1468852738,57.8800,57.8800,57.8600,57.8600,600
1468852758,57.8800,57.8850,57.8800,57.8800,800
1468852825,57.8800,57.8800,57.8800,57.8800,4000
1468852884,57.8900,57.8900,57.8900,57.8900,500
1468852979,57.8900,57.8950,57.8800,57.8950,9600
1468853035,57.8900,57.8900,57.8800,57.8800,2000
1468853099,57.8800,57.8850,57.8800,57.8800,3300
1468853101,57.8800,57.8900,57.8800,57.8900,10300
1468853252,57.8700,57.8800,57.8700,57.8750,18200
1468853367,57.8500,57.8600,57.8500,57.8600,2900
1468853446,57.8700,57.8700,57.8600,57.8600,600
1468853463,57.8650,57.8650,57.8600,57.8650,300
1468853534,57.8700,57.8700,57.8700,57.8700,400
1468853584,57.8700,57.8700,57.8700,57.8700,2100
1468853699,57.8900,57.8900,57.8900,57.8900,300
1468853711,57.8800,57.8850,57.8800,57.8850,1200
1468853800,57.8800,57.8800,57.8800,57.8800,300
1468853877,57.8950,57.8950,57.8799,57.8799,700
1468853937,57.9000,57.9000,57.8901,57.8901,900
1468853983,57.9100,57.9200,57.9000,57.9000,2200
1468854050,57.9100,57.9150,57.9100,57.9100,4600
1468854093,57.9299,57.9299,57.9200,57.9200,6600
1468854129,57.9200,57.9200,57.9150,57.9200,2200
1468854217,57.9100,57.9250,57.9100,57.9250,3800
1468854261,57.9250,57.9250,57.9100,57.9100,1500
1468854346,57.9300,57.9300,57.9299,57.9299,700
1468854413,57.9200,57.9300,57.9200,57.9300,3200
1468854469,57.9300,57.9300,57.9200,57.9200,1600
1468854538,57.9500,57.9500,57.9400,57.9400,2000
1468854588,57.9400,57.9550,57.9400,57.9550,1500
1468854658,57.9400,57.9400,57.9400,57.9400,200
1468854688,57.9500,57.9500,57.9500,57.9500,200
1468854722,57.9400,57.9400,57.9300,57.9400,3500
1468854804,57.9500,57.9500,57.9500,57.9500,5200
1468854892,57.9324,57.9450,57.9324,57.9400,1500
1468854950,57.9300,57.9400,57.9300,57.9325,4100
1468855018,57.9300,57.9400,57.9300,57.9300,3200
1468855059,57.9300,57.9300,57.9300,57.9300,2600
1468855081,57.9300,57.9400,57.9300,57.9350,6600
1468855186,57.9400,57.9400,57.9300,57.9300,8300
1468855233,57.9400,57.9450,57.9350,57.9400,2300
1468855309,57.9400,57.9450,57.9400,57.9400,1100
1468855349,57.9300,57.9300,57.9300,57.9300,300
1468855437,57.9400,57.9400,57.9200,57.9200,2100
1468855499,57.9400,57.9490,57.9400,57.9400,3100
1468855549,57.9300,57.9450,57.9300,57.9450,6100
1468855612,57.9250,57.9379,57.9250,57.9379,2800
1468855653,57.9300,57.9300,57.9250,57.9250,600
1468855738,57.9200,57.9300,57.9200,57.9300,2200
1468855768,57.9100,57.9300,57.9100,57.9200,6600
1468855855,57.8900,57.9150,57.8900,57.9100,2200
1468855860,57.8900,57.8900,57.8900,57.8900,200
1468855973,57.8800,57.9000,57.8800,57.8950,5500
1468855994,57.8900,57.8900,57.8800,57.8800,4700
1468856073,57.8900,57.8900,57.8900,57.8900,300
1468856114,57.8850,57.8900,57.8800,57.8800,3700
1468856233,57.8900,57.8900,57.8900,57.8900,200
1468856324,57.9000,57.9000,57.8900,57.8900,1600
1468856416,57.9099,57.9100,57.9099,57.9100,200
1468856513,57.9100,57.9100,57.9100,57.9100,1200
1468856572,57.9100,57.9100,57.9000,57.9000,2200
1468856626,57.9200,57.9200,57.9150,57.9200,400
1468856668,57.9100,57.9100,57.9100,57.9100,200
1468856744,57.9200,57.9250,57.9200,57.9200,1500
1468856870,57.9100,57.9200,57.9100,57.9200,1200
1468856940,57.9300,57.9300,57.9200,57.9200,700
1468857056,57.9250,57.9300,57.9250,57.9250,800
1468857119,57.9250,57.9400,57.9250,57.9250,1500
1468857176,57.9200,57.9200,57.9150,57.9200,900
1468857230,57.9200,57.9200,57.9200,57.9200,500
1468857344,57.9200,57.9200,57.9199,57.9199,400
1468857399,57.9300,57.9300,57.9200,57.9200,500
1468857443,57.9250,57.9300,57.9250,57.9300,300
1468857533,57.9200,57.9300,57.9200,57.9300,1200
1468857601,57.9062,57.9100,57.9062,57.9100,900
1468857704,57.9000,57.9100,57.9000,57.9050,900
1468857727,57.9000,57.9000,57.9000,57.9000,200
1468857833,57.9100,57.9100,57.9100,57.9100,300
1468857852,57.9100,57.9100,57.9010,57.9010,5000
1468857927,57.9000,57.9000,57.9000,57.9000,600
1468858059,57.9000,57.9000,57.8999,57.8999,400
1468858120,57.9100,57.9100,57.9100,57.9100,700
1468858191,57.9100,57.9150,57.9100,57.9100,600
1468858200,57.9100,57.9200,57.9100,57.9150,3700
1468858300,57.9200,57.9200,57.9100,57.9100,800
1468858375,57.9100,57.9100,57.9100,57.9100,400
1468858385,57.9100,57.9100,57.9100,57.9100,100
1468858466,57.9200,57.9200,57.9200,57.9200,200
1468858515,57.9200,57.9200,57.9200,57.9200,100
1468858596,57.9200,57.9200,57.9199,57.9199,600
1468858667,57.9000,57.9100,57.9000,57.9100,1400
1468858728,57.8900,57.8900,57.8900,57.8900,1200
1468858794,57.8800,57.8800,57.8800,57.8800,600
1468858830,57.8800,57.8800,57.8800,57.8800,300
1468858895,57.8800,57.8800,57.8800,57.8800,200
1468858974,57.8800,57.8800,57.8800,57.8800,400
1468859028,57.8900,57.8900,57.8800,57.8800,900
1468859078,57.8900,57.8900,57.8900,57.8900,400
1468859160,57.8900,57.8900,57.8800,57.8850,2400
1468859278,57.8800,57.8900,57.8800,57.8850,1600
1468859333,57.8800,57.8800,57.8800,57.8800,100
1468859396,57.8800,57.8900,57.8800,57.8800,3900
1468859454,57.8600,57.8750,57.8600,57.8700,6100
1468859507,57.8400,57.8600,57.8400,57.8600,70900
1468859557,57.8500,57.8500,57.8350,57.8400,4500
1468859633,57.8500,57.8600,57.8450,57.8500,8900
1468859699,57.8350,57.8400,57.8300,57.8400,1700
1468859734,57.8400,57.8400,57.8350,57.8350,700
1468859809,57.8200,57.8400,57.8200,57.8400,3800
1468859869,57.8200,57.8200,57.8100,57.8200,52000
1468859910,57.8200,57.8250,57.8200,57.8250,44600
1468860035,57.8300,57.8300,57.8190,57.8200,309200
1468860119,57.8200,57.8200,57.8200,57.8200,3000
1468860178,57.8200,57.8200,57.8200,57.8200,3000
1468860209,57.8390,57.8400,57.8300,57.8300,300
1468860297,57.8400,57.8400,57.8400,57.8400,700
1468860356,57.8400,57.8400,57.8400,57.8400,2500
1468860360,57.8499,57.8499,57.8400,57.8400,600
1468860459,57.8400,57.8500,57.8400,57.8500,500
1468860484,57.8400,57.8450,57.8400,57.8450,700
1468860653,57.8150,57.8400,57.8100,57.8400,4300
1468860709,57.8300,57.8300,57.8200,57.8200,700
1468860774,57.8385,57.8400,57.8200,57.8300,2800
1468860817,57.8400,57.8400,57.8400,57.8400,1100
1468860840,57.8400,57.8400,57.8400,57.8400,300
1468860929,57.8500,57.8500,57.8500,57.8500,200
1468861000,57.8500,57.8500,57.8450,57.8450,500
1468861020,57.8500,57.8500,57.8400,57.8500,6200
1468861116,57.8600,57.8600,57.8550,57.8550,600
1468861196,57.8600,57.8600,57.8600,57.8600,700
1468861255,57.8600,57.8600,57.8600,57.8600,700
1468861281,57.8800,57.8800,57.8700,57.8700,2300
1468861377,57.8700,57.8800,57.8700,57.8800,1100
1468861419,57.8700,57.8700,57.8600,57.8700,1400
1468861480,57.8700,57.8700,57.8700,57.8700,900
1468861506,57.8800,57.8800,57.8700,57.8700,4000
1468861569,57.8800,57.8800,57.8799,57.8800,900
1468861676,57.8800,57.8800,57.8800,57.8800,600
1468861721,57.8800,57.8800,57.8800,57.8800,400
1468861754,57.8800,57.8800,57.8800,57.8800,200
1468861855,57.8600,57.8750,57.8600,57.8700,3900
1468861907,57.8600,57.8601,57.8500,57.8600,7500
1468861946,57.8600,57.8600,57.8600,57.8600,1300
1468862095,57.8400,57.8599,57.8400,57.8599,3800
1468862153,57.8400,57.8400,57.8400,57.8400,300
1468862173,57.8400,57.8400,57.8400,57.8400,700
1468862274,57.8538,57.8538,57.8400,57.8400,5500
1468862296,57.8500,57.8500,57.8500,57.8500,500
1468862354,57.8500,57.8500,57.8500,57.8500,600
1468862445,57.8500,57.8500,57.8500,57.8500,400
1468862510,57.8513,57.8513,57.8430,57.8500,3400
1468862541,57.8600,57.8600,57.8600,57.8600,700
1468862632,57.8600,57.8700,57.8600,57.8700,1000
1468862692,57.8600,57.8600,57.8600,57.8600,900
1468862726,57.8700,57.8700,57.8600,57.8600,2800
1468862816,57.8800,57.8800,57.8800,57.8800,700
1468862851,57.8800,57.8800,57.8800,57.8800,300
1468862908,57.8800,57.8800,57.8800,57.8800,900
1468862962,57.8700,57.8700,57.8700,57.8700,400
1468863032,57.8700,57.8800,57.8700,57.8700,3100
1468863096,57.8799,57.8800,57.8750,57.8800,400
1468863167,57.8800,57.8800,57.8800,57.8800,300
1468863187,57.8800,57.8800,57.8800,57.8800,2600
1468863279,57.8800,57.8900,57.8800,57.8900,700
1468863333,57.8900,57.8900,57.8900,57.8900,400
1468863376,57.9000,57.9000,57.8899,57.8900,3700
1468863472,57.9000,57.9000,57.9000,57.9000,900
1468863517,57.9100,57.9100,57.9000,57.9000,400
1468863556,57.9007,57.9100,57.9007,57.9100,200
1468863647,57.9100,57.9100,57.9000,57.9000,500
1468863699,57.9100,57.9100,57.9100,57.9100,400
1468863737,57.9000,57.9050,57.9000,57.9000,3500
1468863794,57.8980,57.8980,57.8920,57.8920,400
1468863870,57.9000,57.9000,57.8900,57.9000,5600
1468863962,57.9100,57.9100,57.9100,57.9100,100
1468864047,57.9100,57.9200,57.9100,57.9100,2900
1468864125,57.9000,57.9000,57.9000,57.9000,2400
1468864194,57.8830,57.8900,57.8830,57.8900,1300
1468864259,57.8850,57.8900,57.8800,57.8900,3900
1468864287,57.8899,57.8900,57.8899,57.8900,300
1468864349,57.8900,57.8900,57.8900,57.8900,300
1468864435,57.8900,57.8900,57.8900,57.8900,700
1468864480,57.8900,57.8900,57.8800,57.8900,3800
1468864619,57.8850,57.8900,57.8850,57.8900,1800
1468864677,57.8900,57.8900,57.8900,57.8900,4800
1468864694,57.8900,57.8900,57.8900,57.8900,1400
1468864755,57.9000,57.9000,57.9000,57.9000,5500
1468864849,57.9050,57.9050,57.9000,57.9000,1300
1468864919,57.9050,57.9050,57.9050,57.9050,500
1468864957,57.9100,57.9100,57.9000,57.9000,700
1468864983,57.8900,57.9050,57.8900,57.9050,3700
1468865052,57.8950,57.9000,57.8900,57.8900,900
1468865195,57.8950,57.9000,57.8900,57.9000,3500
1468865275,57.9000,57.9000,57.9000,57.9000,500
1468865330,57.8900,57.9000,57.8900,57.9000,600
1468865345,57.9000,57.9000,57.8950,57.8950,4300
1468865440,57.9100,57.9150,57.9100,57.9100,700
1468865493,57.9200,57.9200,57.9200,57.9200,600
1468865532,57.9174,57.9174,57.9100,57.9150,1300
1468865622,57.9150,57.9150,57.9150,57.9150,400
1468865694,57.9100,57.9200,57.9100,57.9100,1500
1468865703,57.8900,57.9000,57.8900,57.9000,4200
1468865810,57.8778,57.8800,57.8700,57.8800,4900
1468865825,57.8800,57.8800,57.8800,57.8800,400
1468865937,57.8800,57.8800,57.8799,57.8799,600
1468866048,57.8700,57.8800,57.8700,57.8700,4900
1468866119,57.8750,57.8750,57.8700,57.8700,800
1468866128,57.8800,57.8800,57.8700,57.8700,2300
1468866218,57.8900,57.8900,57.8800,57.8800,1000
1468866286,57.8890,57.8900,57.8850,57.8850,500
1468866374,57.8900,57.8900,57.8800,57.8900,3500
1468866465,57.8900,57.8900,57.8800,57.8800,500
1468866499,57.8900,57.8900,57.8900,57.8900,800
1468866555,57.9000,57.9000,57.8900,57.8900,5600
1468866650,57.9100,57.9100,57.9050,57.9050,500
1468866660,57.8950,57.9000,57.8950,57.9000,1200
1468866727,57.9000,57.9000,57.8938,57.9000,500
1468866832,57.8950,57.8950,57.8950,57.8950,100
1468866892,57.8900,57.9000,57.8900,57.9000,3300
1468866939,57.9000,57.9000,57.8950,57.9000,1100
1468867073,57.9000,57.9050,57.8950,57.9000,6300
1468867091,57.9000,57.9000,57.8950,57.9000,2000
1468867140,57.8999,57.9000,57.8900,57.9000,1100
1468867300,57.9000,57.9000,57.8950,57.9000,1000
1468867368,57.9000,57.9000,57.8900,57.9000,3700
1468867410,57.8950,57.8950,57.8950,57.8950,100
1468867477,57.9000,57.9000,57.8950,57.8950,800
1468867554,57.8950,57.9000,57.8900,57.8950,1300
1468867594,57.8850,57.8900,57.8850,57.8900,3900
1468867672,57.8900,57.8900,57.8900,57.8900,6900
1468867681,57.9000,57.9000,57.9000,57.9000,200
1468867774,57.9000,57.9000,57.8950,57.9000,600
1468867840,57.9000,57.9000,57.9000,57.9000,400
1468867864,57.9000,57.9000,57.9000,57.9000,200
1468867962,57.9050,57.9050,57.9000,57.9000,3400
1468867992,57.9000,57.9000,57.9000,57.9000,800
1468868089,57.9000,57.9000,57.8950,57.8950,1100
1468868150,57.9000,57.9000,57.8950,57.8950,300
1468868208,57.9000,57.9000,57.8900,57.8950,3000
1468868276,57.9000,57.9000,57.8950,57.8950,500
1468868325,57.8950,57.9000,57.8950,57.9000,500
1468868386,57.9050,57.9050,57.8900,57.9000,12500
1468868401,57.9099,57.9100,57.9000,57.9050,4700
1468868498,57.8900,57.9000,57.8900,57.9000,1600
1468868575,57.8900,57.8900,57.8900,57.8900,2600
1468868597,57.8800,57.8900,57.8800,57.8900,1700
1468868650,57.8850,57.8850,57.8800,57.8800,200
1468868740,57.8900,57.8900,57.8800,57.8800,4600
1468868802,57.8800,57.8900,57.8800,57.8900,3900
1468868823,57.8900,57.8900,57.8900,57.8900,300
1468868935,57.8800,57.8900,57.8800,57.8800,2700
1468868969,57.8900,57.8900,57.8800,57.8800,14500
1468869011,57.8900,57.8900,57.8800,57.8899,0
1468869102,57.9000,57.9000,57.8900,57.8900,2200
1468869139,57.9000,57.9000,57.8900,57.9000,1100
1468869227,57.8950,57.9000,57.8950,57.9000,400
1468869293,57.8950,57.9000,57.8900,57.8950,4000
1468869356,57.8950,57.8950,57.8950,57.8950,300
1468869409,57.9100,57.9100,57.8950,57.8950,11200
1468869473,57.9200,57.9300,57.9150,57.9200,3900
1468869531,57.9200,57.9200,57.9100,57.9100,20600
1468869596,57.9200,57.9300,57.9200,57.9300,1500
1468869633,57.9200,57.9300,57.9200,57.9250,900
1468869686,57.9100,57.9200,57.9100,57.9101,2900
1468869773,57.9000,57.9200,57.9000,57.9150,3800
1468869819,57.9050,57.9050,57.9050,57.9050,1200
1468869897,57.9020,57.9100,57.9000,57.9050,2500
1468869956,57.9100,57.9100,57.9000,57.9020,11000
1468870009,57.9000,57.9100,57.9000,57.9100,1000
1468870072,57.9100,57.9100,57.9000,57.9000,1700
1468870115,57.9000,57.9100,57.8900,57.9100,1500
1468870192,57.9100,57.9100,57.9000,57.9000,3400
1468870251,57.9050,57.9100,57.9000,57.9100,800
1468870318,57.9000,57.9050,57.9000,57.9000,2300
1468870376,57.9000,57.9100,57.9000,57.9046,4600
1468870393,57.9100,57.9100,57.9000,57.9100,2800
1468870492,57.9000,57.9100,57.9000,57.9100,2600
1468870516,57.9100,57.9100,57.9050,57.9050,1700
1468870616,57.9050,57.9100,57.9000,57.9099,2900
1468870675,57.9150,57.9150,57.9014,57.9014,14800
1468870695,57.9100,57.9150,57.9100,57.9150,2900
1468870761,57.9100,57.9150,57.9100,57.9100,1000
1468870859,57.9100,57.9200,57.9100,57.9100,1100
1468870895,57.9100,57.9200,57.9100,57.9200,1000
1468870951,57.9100,57.9200,57.9100,57.9150,2400
1468870982,57.9100,57.9100,57.9000,57.9100,7000
1468871094,57.9150,57.9150,57.9100,57.9100,4800
1468871155,57.9100,57.9199,57.9100,57.9100,1800
1468871164,57.9200,57.9200,57.9100,57.9100,2700
1468871275,57.9250,57.9300,57.9200,57.9250,9000
1468871329,57.9200,57.9250,57.9200,57.9250,3700
1468871342,57.9180,57.9250,57.9180,57.9250,4500
1468871424,57.9000,57.9199,57.9000,57.9199,2900
1468871486,57.9000,57.9000,57.8900,57.8950,1800
1468871577,57.8900,57.9000,57.8900,57.8900,3100
1468871637,57.8900,57.9000,57.8900,57.8900,1900
1468871699,57.9000,57.9000,57.8900,57.9000,2200
1468871756,57.8950,57.9000,57.8950,57.9000,3600
1468871817,57.8960,57.9000,57.8950,57.8950,1800
1468871879,57.8950,57.9000,57.8900,57.8950,4300
1468871880,57.8800,57.9000,57.8800,57.9000,15600
1468871999,57.8900,57.8900,57.8800,57.8900,28600
1468872000,57.8900,57.8900,57.8900,57.8900,500
