uri:/instrument/1.0/SNE/chartdata;type=quote;range=1d/csv
ticker:sne
Company-Name:Sony Corporation Common Stock
Exchange-Name:NYQ
unit:MIN
timezone:EDT
currency:USD
gmtoffset:-14400
previous_close:30.2100
Timestamp:1469453400,1469476800
labels:1469455200,1469458800,1469462400,1469466000,1469469600,1469473200,1469476800
values:Timestamp,close,high,low,open,volume
close:29.5400,29.9500
high:29.5400,29.9500
low:29.5350,29.9415
open:29.5400,29.9500
volume:100,76300
1469453432,29.9011,29.9011,29.9011,29.9011,19600
1469453519,29.9000,29.9000,29.9000,29.9000,4700
1469453636,29.9211,29.9300,29.9007,29.9007,3500
1469453661,29.9200,29.9200,29.9200,29.9200,300
1469453718,29.9200,29.9400,29.9200,29.9300,8500
1469453815,29.9300,29.9300,29.9000,29.9100,7700
1469453864,29.9400,29.9400,29.9300,29.9300,800
1469453902,29.9400,29.9500,29.9400,29.9440,500
1469453977,29.9500,29.9500,29.9415,29.9415,5000
1469454041,29.9200,29.9200,29.9200,29.9200,10800
1469454108,29.9500,29.9500,29.9100,29.9100,14500
1469454179,29.9200,29.9500,29.9200,29.9500,5100
1469454189,29.9235,29.9235,29.9201,29.9201,400
1469454267,29.9263,29.9263,29.9263,29.9263,300
1469454359,29.9200,29.9300,29.9200,29.9300,800
1469454368,29.9200,29.9200,29.9200,29.9200,100
1469454458,29.9400,29.9450,29.9150,29.9200,12600
1469454539,29.9100,29.9300,29.9100,29.9300,6200
1469454546,29.9100,29.9100,29.9100,29.9100,4400
1469454658,29.9100,29.9200,29.9100,29.9200,4700
1469454671,29.9200,29.9200,29.9100,29.9100,3500
1469454771,29.9000,29.9100,29.9000,29.9100,4000
1469454810,29.8800,29.9000,29.8700,29.9000,18300
1469454898,29.8500,29.8800,29.8500,29.8800,3600
1469454903,29.8500,29.8650,29.8500,29.8500,8800
1469455062,29.8400,29.8400,29.8300,29.8400,2600
1469455138,29.8300,29.8300,29.8150,29.8200,3000
1469455159,29.8200,29.8300,29.8200,29.8300,2500
1469455259,29.8100,29.8100,29.8060,29.8060,2700
1469455303,29.8350,29.8350,29.8100,29.8100,1300
1469455339,29.8400,29.8400,29.8350,29.8350,300
1469455413,29.8500,29.8550,29.8500,29.8500,4500
1469455491,29.8500,29.8600,29.8500,29.8500,1900
1469455541,29.8550,29.8550,29.8500,29.8550,800
1469455619,29.8400,29.8500,29.8400,29.8500,3200
1469455736,29.8100,29.8342,29.8100,29.8338,1600
1469455770,29.8200,29.8200,29.8200,29.8200,1400
1469455859,29.8100,29.8100,29.8000,29.8000,2700
1469455863,29.8010,29.8010,29.8010,29.8010,100
1469455967,29.7699,29.7950,29.7699,29.7900,26800
1469455983,29.7600,29.7700,29.7600,29.7700,500
1469456091,29.7600,29.7700,29.7550,29.7700,4300
1469456101,29.7500,29.7500,29.7401,29.7500,3000
1469456212,29.7300,29.7400,29.7300,29.7400,4600
1469456310,29.7225,29.7300,29.7200,29.7300,15200
1469456341,29.7000,29.7000,29.7000,29.7000,400
1469456420,29.7099,29.7100,29.7017,29.7017,7000
1469456486,29.7100,29.7100,29.7100,29.7100,2600
1469456554,29.7100,29.7100,29.7100,29.7100,1700
1469456632,29.7142,29.7142,29.7100,29.7100,2500
1469456660,29.7200,29.7200,29.7100,29.7100,1900
1469456818,29.7099,29.7100,29.7099,29.7100,2100
1469456820,29.7044,29.7044,29.7044,29.7044,1100
1469456897,29.7100,29.7100,29.7050,29.7050,500
1469456977,29.7001,29.7010,29.7000,29.7010,6000
1469457010,29.7000,29.7025,29.7000,29.7000,26400
1469457114,29.6990,29.6990,29.6900,29.6900,6200
1469457120,29.6900,29.6900,29.6900,29.6900,2100
1469457187,29.7000,29.7000,29.6900,29.6911,4300
1469457278,29.6900,29.6907,29.6900,29.6901,1200
1469457323,29.6950,29.6950,29.6950,29.6950,100
1469457394,29.7000,29.7001,29.6950,29.7000,8800
1469457538,29.6962,29.6962,29.6898,29.6898,10000
1469457593,29.6900,29.6950,29.6900,29.6900,400
1469457655,29.6951,29.6951,29.6900,29.6900,500
1469457665,29.6950,29.7000,29.6940,29.6950,2000
1469457779,29.6800,29.6900,29.6800,29.6900,3400
1469457800,29.6800,29.6800,29.6800,29.6800,900
1469457878,29.6800,29.6800,29.6800,29.6800,400
1469457941,29.7000,29.7000,29.6850,29.6900,1700
1469458017,29.7150,29.7225,29.7000,29.7000,12700
1469458039,29.7159,29.7159,29.7100,29.7100,1900
1469458138,29.7100,29.7100,29.7100,29.7100,400
1469458151,29.7050,29.7050,29.7050,29.7050,300
1469458250,29.6900,29.7050,29.6900,29.7050,2900
1469458296,29.7190,29.7190,29.7190,29.7190,300
1469458327,29.7190,29.7190,29.7190,29.7190,100
1469458392,29.7100,29.7100,29.7100,29.7100,500
1469458495,29.6900,29.7000,29.6850,29.7000,9400
1469458522,29.6900,29.6900,29.6800,29.6841,500
1469458563,29.6850,29.6850,29.6850,29.6850,500
1469458653,29.6899,29.6900,29.6800,29.6850,1900
1469458717,29.6800,29.6900,29.6800,29.6900,4200
1469458756,29.6800,29.6800,29.6800,29.6800,4200
1469458904,29.6950,29.6950,29.6950,29.6950,4800
1469458921,29.6927,29.7000,29.6927,29.7000,300
1469459079,29.7000,29.7000,29.6900,29.6950,600
1469459159,29.6950,29.7000,29.6900,29.7000,800
1469459219,29.6900,29.6900,29.6900,29.6900,1700
1469459331,29.6700,29.6800,29.6700,29.6800,5300
1469459359,29.6801,29.6850,29.6800,29.6800,1900
1469459431,29.6800,29.6800,29.6800,29.6800,100
1469459472,29.6800,29.6800,29.6800,29.6800,600
1469459532,29.6800,29.6800,29.6713,29.6800,600
1469459617,29.6845,29.6845,29.6800,29.6800,2000
1469459693,29.6900,29.6900,29.6900,29.6900,400
1469459817,29.6950,29.6950,29.6950,29.6950,200
1469459845,29.6850,29.6950,29.6800,29.6900,4500
1469459923,29.6900,29.6900,29.6800,29.6800,3100
1469459984,29.6800,29.6900,29.6800,29.6900,1200
1469460056,29.6750,29.6850,29.6700,29.6800,3100
1469460179,29.6650,29.6800,29.6650,29.6800,6000
1469460180,29.6763,29.6800,29.6650,29.6700,5500
1469460286,29.6735,29.6735,29.6700,29.6734,500
1469460359,29.6800,29.6900,29.6750,29.6800,8300
1469460395,29.6800,29.6850,29.6800,29.6800,1000
1469460422,29.6800,29.6800,29.6800,29.6800,300
1469460487,29.6800,29.6800,29.6750,29.6800,5500
1469460567,29.6700,29.6800,29.6700,29.6800,1400
1469460622,29.6700,29.6700,29.6600,29.6700,9700
1469460665,29.6600,29.6650,29.6600,29.6600,2300
1469460815,29.6600,29.6600,29.6600,29.6600,1100
1469460899,29.6611,29.6611,29.6500,29.6500,12800
1469460952,29.6535,29.6600,29.6531,29.6600,5400
1469460973,29.6600,29.6600,29.6600,29.6600,600
1469461053,29.6500,29.6500,29.6500,29.6500,100
1469461135,29.6450,29.6500,29.6400,29.6500,9900
1469461150,29.6400,29.6450,29.6400,29.6450,1000
1469461252,29.6450,29.6450,29.6400,29.6438,600
1469461261,29.6450,29.6450,29.6400,29.6400,900
1469461325,29.6400,29.6400,29.6400,29.6400,800
1469461417,29.6450,29.6500,29.6400,29.6400,900
1469461483,29.6400,29.6450,29.6400,29.6400,500
1469461551,29.6400,29.6400,29.6400,29.6400,800
1469461577,29.6400,29.6450,29.6400,29.6400,4400
1469461626,29.6400,29.6400,29.6300,29.6300,10100
1469461722,29.6300,29.6300,29.6300,29.6300,400
1469461748,29.6300,29.6350,29.6300,29.6300,900
1469461855,29.6250,29.6300,29.6200,29.6300,2800
1469461903,29.6200,29.6200,29.6200,29.6200,300
1469461955,29.6200,29.6300,29.6200,29.6300,1300
1469462036,29.6200,29.6250,29.6200,29.6200,1000
1469462057,29.6200,29.6200,29.6200,29.6200,500
1469462148,29.6200,29.6200,29.6200,29.6200,300
1469462164,29.6200,29.6300,29.6200,29.6300,200
1469462279,29.6200,29.6200,29.6200,29.6200,100
1469462319,29.6250,29.6300,29.6200,29.6300,6700
1469462341,29.6200,29.6350,29.6200,29.6250,13200
1469462443,29.6200,29.6250,29.6200,29.6200,4700
1469462508,29.6150,29.6200,29.6150,29.6200,2100
1469462529,29.6100,29.6100,29.6100,29.6100,2500
1469462636,29.6150,29.6150,29.6150,29.6150,200
1469462685,29.6150,29.6150,29.6150,29.6150,100
1469462716,29.6150,29.6200,29.6100,29.6150,1000
1469462797,29.6100,29.6200,29.6100,29.6200,300
1469462861,29.6100,29.6200,29.6100,29.6150,9000
1469462895,29.6001,29.6050,29.6000,29.6000,1500
1469463030,29.6000,29.6058,29.6000,29.6058,1300
1469463061,29.6037,29.6037,29.6000,29.6000,2400
1469463173,29.6000,29.6000,29.5900,29.6000,7800
1469463186,29.5975,29.6000,29.5950,29.5950,2500
1469463291,29.5950,29.5950,29.5950,29.5950,200
1469463336,29.5850,29.5901,29.5800,29.5901,3200
1469463413,29.5850,29.5850,29.5800,29.5800,600
1469463429,29.5850,29.5900,29.5850,29.5850,8400
1469463536,29.5700,29.5900,29.5700,29.5900,11300
1469463590,29.5500,29.5900,29.5500,29.5600,69200
1469463649,29.5438,29.5500,29.5400,29.5450,5600
1469463673,29.5400,29.5400,29.5400,29.5400,400
1469463752,29.5500,29.5500,29.5350,29.5400,5900
1469463798,29.5500,29.5500,29.5440,29.5440,10500
1469463843,29.5600,29.5600,29.5500,29.5600,3200
1469463958,29.5600,29.5600,29.5600,29.5600,400
1469464041,29.5600,29.5600,29.5600,29.5600,200
1469464088,29.5544,29.5544,29.5544,29.5544,400
1469464241,29.5750,29.5750,29.5600,29.5600,5600
1469464282,29.5700,29.5716,29.5700,29.5716,3500
1469464361,29.5750,29.5800,29.5700,29.5700,2100
1469464384,29.5701,29.5701,29.5700,29.5700,400
1469464529,29.5700,29.5800,29.5700,29.5800,300
1469464587,29.5750,29.5800,29.5700,29.5800,2200
1469464641,29.5750,29.5800,29.5750,29.5800,1700
1469464685,29.6000,29.6000,29.5800,29.5800,9000
1469464740,29.6000,29.6000,29.5900,29.5900,8300
1469464913,29.6000,29.6000,29.6000,29.6000,300
1469464973,29.6000,29.6000,29.6000,29.6000,300
1469465015,29.6000,29.6000,29.6000,29.6000,100
1469465099,29.6000,29.6000,29.5900,29.5900,800
1469465138,29.6100,29.6100,29.5950,29.6000,16500
1469465160,29.6200,29.6200,29.6200,29.6200,1800
1469465238,29.6500,29.6500,29.6400,29.6400,700
1469465311,29.6600,29.6600,29.6600,29.6600,500
1469465396,29.6600,29.6600,29.6500,29.6500,400
1469465403,29.6900,29.6900,29.6700,29.6700,1300
1469465519,29.6900,29.6900,29.6801,29.6801,400
1469465558,29.6850,29.6900,29.6800,29.6900,1000
1469465639,29.6900,29.6900,29.6750,29.6850,4200
1469465658,29.6850,29.6850,29.6850,29.6850,700
1469465721,29.6900,29.6900,29.6900,29.6900,200
1469465819,29.6850,29.6850,29.6850,29.6850,100
1469465854,29.6850,29.6900,29.6800,29.6850,1100
1469465939,29.6900,29.6900,29.6900,29.6900,300
1469465965,29.6900,29.6900,29.6900,29.6900,2300
1469466000,29.7046,29.7046,29.7000,29.7000,1300
1469466085,29.7099,29.7099,29.7099,29.7099,100
1469466171,29.7400,29.7400,29.7100,29.7100,1700
1469466223,29.7250,29.7400,29.7250,29.7400,8700
1469466299,29.7250,29.7300,29.7200,29.7250,1400
1469466334,29.7250,29.7250,29.7250,29.7250,100
1469466379,29.7500,29.7500,29.7300,29.7300,7300
1469466435,29.7600,29.7600,29.7500,29.7500,3600
1469466589,29.7560,29.7600,29.7500,29.7600,800
1469466623,29.7600,29.7600,29.7600,29.7600,100
1469466719,29.7600,29.7600,29.7500,29.7600,400
1469466754,29.7590,29.7590,29.7550,29.7550,200
1469466790,29.7600,29.7600,29.7600,29.7600,1100
1469466895,29.7363,29.7650,29.7363,29.7600,13700
1469466949,29.7400,29.7400,29.7363,29.7363,1200
1469466963,29.7300,29.7400,29.7300,29.7400,400
1469467048,29.7568,29.7568,29.7500,29.7500,3600
1469467102,29.7600,29.7600,29.7600,29.7600,100
1469467162,29.7550,29.7600,29.7550,29.7600,400
1469467254,29.7650,29.7650,29.7600,29.7600,2300
1469467266,29.7650,29.8000,29.7600,29.7800,76300
1469467335,29.7700,29.7700,29.7700,29.7700,100
1469467387,29.7700,29.7700,29.7700,29.7700,7000
1469467498,29.7700,29.7700,29.7700,29.7700,1000
1469467559,29.7700,29.7700,29.7690,29.7700,900
1469467569,29.7700,29.7700,29.7700,29.7700,100
1469467628,29.7700,29.7700,29.7700,29.7700,400
1469467739,29.7700,29.7700,29.7700,29.7700,8200
1469467740,29.7800,29.7800,29.7800,29.7800,600
1469467858,29.7900,29.7900,29.7800,29.7800,1900
1469467866,29.7900,29.7900,29.7800,29.7800,200
1469467930,29.7800,29.7900,29.7750,29.7900,4700
1469468146,29.7700,29.7700,29.7650,29.7700,900
1469468203,29.7635,29.7635,29.7600,29.7600,500
1469468223,29.7600,29.7600,29.7600,29.7600,100
1469468317,29.7700,29.7700,29.7700,29.7700,3000
1469468399,29.7950,29.8000,29.7700,29.7750,6100
1469468435,29.7900,29.7900,29.7900,29.7900,100
1469468500,29.7900,29.8000,29.7900,29.8000,200
1469468535,29.7950,29.7950,29.7800,29.7900,5700
1469468595,29.7900,29.7900,29.7800,29.7800,3900
1469468695,29.7900,29.7900,29.7900,29.7900,100
1469468732,29.7900,29.7900,29.7900,29.7900,300
1469468788,29.7900,29.8000,29.7900,29.7900,4000
1469468845,29.7900,29.7900,29.7900,29.7900,200
1469468983,29.7900,29.7907,29.7900,29.7907,1600
1469469031,29.8000,29.8000,29.7900,29.7900,4200
1469469072,29.8000,29.8000,29.8000,29.8000,100
1469469179,29.7900,29.7900,29.7900,29.7900,1100
1469469263,29.8000,29.8000,29.7999,29.8000,1100
1469469328,29.8092,29.8092,29.8092,29.8092,2100
1469469390,29.8058,29.8058,29.8058,29.8058,500
1469469442,29.8050,29.8050,29.8000,29.8000,400
1469469487,29.8068,29.8068,29.8000,29.8000,700
1469469581,29.8100,29.8100,29.8100,29.8100,100
1469469617,29.8200,29.8200,29.8100,29.8100,3000
1469469716,29.8200,29.8200,29.8200,29.8200,700
1469469766,29.8200,29.8200,29.8200,29.8200,300
1469469786,29.8100,29.8200,29.8100,29.8200,300
1469469893,29.8200,29.8200,29.8200,29.8200,100
1469469901,29.8200,29.8200,29.8200,29.8200,600
1469470078,29.8200,29.8200,29.8200,29.8200,300
1469470083,29.8400,29.8400,29.8200,29.8200,3100
1469470144,29.8400,29.8400,29.8400,29.8400,200
1469470206,29.8400,29.8400,29.8400,29.8400,300
1469470270,29.8200,29.8400,29.8200,29.8400,7500
1469470413,29.8150,29.8200,29.8100,29.8200,1300
1469470521,29.8100,29.8200,29.8100,29.8200,2000
1469470627,29.7900,29.7950,29.7900,29.7900,600
1469470739,29.8000,29.8000,29.7950,29.7990,2600
1469470750,29.7986,29.7990,29.7986,29.7990,400
1469470914,29.7900,29.8000,29.7900,29.7910,1500
1469470979,29.7950,29.8000,29.7900,29.8000,600
1469471024,29.8000,29.8000,29.8000,29.8000,100
1469471051,29.8000,29.8000,29.8000,29.8000,1300
1469471159,29.8100,29.8100,29.8100,29.8100,300
1469471215,29.8100,29.8100,29.8100,29.8100,100
1469471273,29.7800,29.8100,29.7800,29.8100,9100
1469471288,29.7800,29.7800,29.7800,29.7800,300
1469471350,29.7890,29.7890,29.7859,29.7859,1600
1469471494,29.7850,29.7900,29.7800,29.7845,800
1469471569,29.7900,29.7900,29.7800,29.7859,2700
1469471588,29.7700,29.7800,29.7700,29.7800,1500
1469471742,29.7735,29.7790,29.7735,29.7790,1400
1469471781,29.7800,29.7800,29.7800,29.7800,100
1469471873,29.7800,29.7800,29.7700,29.7800,700
1469471935,29.7600,29.7750,29.7600,29.7700,2300
1469471972,29.7700,29.7700,29.7700,29.7700,900
1469472055,29.7790,29.7790,29.7725,29.7725,700
1469472119,29.7700,29.7700,29.7700,29.7700,200
1469472128,29.7800,29.7800,29.7800,29.7800,1400
1469472200,29.7850,29.7900,29.7850,29.7900,300
1469472323,29.7700,29.7858,29.7700,29.7850,12800
1469472403,29.7750,29.7750,29.7700,29.7700,500
1469472426,29.7800,29.7800,29.7750,29.7750,300
1469472486,29.7900,29.7900,29.7800,29.7800,3500
1469472558,29.7900,29.7900,29.7900,29.7900,100
1469472653,29.7900,29.8000,29.7900,29.8000,700
1469472676,29.7900,29.7950,29.7800,29.7900,2300
1469472746,29.7900,29.7900,29.7900,29.7900,100
1469472796,29.7840,29.7840,29.7840,29.7840,200
1469472857,29.7900,29.7900,29.7900,29.7900,100
1469472908,29.7900,29.7900,29.7850,29.7850,500
1469472976,29.7900,29.7900,29.7900,29.7900,100
1469473030,29.7874,29.7874,29.7874,29.7874,1000
1469473133,29.7900,29.7900,29.7900,29.7900,100
1469473148,29.7850,29.7850,29.7850,29.7850,100
1469473252,29.7900,29.7900,29.7839,29.7839,2200
1469473306,29.8000,29.8000,29.8000,29.8000,1500
1469473377,29.8000,29.8000,29.8000,29.8000,1100
1469473445,29.8000,29.8000,29.8000,29.8000,1700
1469473544,29.8000,29.8100,29.8000,29.8100,1600
1469473565,29.7900,29.7970,29.7900,29.7950,5600
1469473620,29.7858,29.7858,29.7850,29.7850,1300
1469473701,29.7900,29.7900,29.7900,29.7900,600
1469473745,29.7900,29.7900,29.7801,29.7801,200
1469473809,29.7850,29.7850,29.7850,29.7850,300
1469473930,29.7810,29.7810,29.7810,29.7810,100
1469473981,29.7900,29.7900,29.7900,29.7900,200
1469474116,29.7900,29.7900,29.7900,29.7900,100
1469474199,29.7850,29.7850,29.7850,29.7850,200
1469474222,29.7900,29.7900,29.7900,29.7900,200
1469474287,29.7900,29.7900,29.7900,29.7900,100
1469474341,29.7899,29.7900,29.7850,29.7900,500
1469474452,29.7710,29.7800,29.7710,29.7800,3000
1469474485,29.7799,29.7799,29.7799,29.7799,300
1469474573,29.7999,29.7999,29.7799,29.7799,4000
1469474580,29.8000,29.8000,29.8000,29.8000,300
1469474687,29.8000,29.8000,29.8000,29.8000,1100
1469474882,29.8000,29.8000,29.8000,29.8000,100
1469474992,29.8000,29.8000,29.8000,29.8000,100
1469475009,29.7950,29.7968,29.7950,29.7968,1600
1469475096,29.8000,29.8000,29.8000,29.8000,100
1469475137,29.8100,29.8100,29.8000,29.8100,6500
1469475218,29.8101,29.8200,29.8101,29.8200,800
1469475276,29.8100,29.8100,29.8100,29.8100,3800
1469475320,29.8200,29.8200,29.8100,29.8100,1300
1469475478,29.8100,29.8200,29.8100,29.8200,1000
1469475485,29.8200,29.8200,29.8050,29.8100,9100
1469475598,29.8200,29.8200,29.8200,29.8200,200
1469475602,29.8200,29.8200,29.8100,29.8200,1100
1469475690,29.8100,29.8200,29.8100,29.8200,600
1469475761,29.8150,29.8150,29.8150,29.8150,100
1469475797,29.8150,29.8200,29.8100,29.8100,17200
1469475899,29.8100,29.8200,29.8100,29.8200,500
1469475900,29.8300,29.8300,29.8200,29.8200,6100
1469476002,29.8300,29.8300,29.8300,29.8300,900
1469476075,29.8300,29.8300,29.8250,29.8300,600
1469476083,29.8300,29.8300,29.8200,29.8300,2500
1469476195,29.8200,29.8300,29.8200,29.8300,500
1469476217,29.8000,29.8250,29.8000,29.8200,12300
1469476302,29.7910,29.7950,29.7910,29.7950,2800
1469476371,29.7900,29.8000,29.7900,29.8000,700
1469476394,29.8000,29.8000,29.7950,29.8000,600
1469476499,29.8000,29.8000,29.7900,29.8000,3600
1469476556,29.8000,29.8000,29.7950,29.8000,2300
1469476617,29.8000,29.8000,29.8000,29.8000,1400
1469476662,29.8100,29.8100,29.8000,29.8000,2100
1469476738,29.8100,29.8100,29.8050,29.8050,2200
1469476742,29.8400,29.8400,29.8100,29.8100,10600
1469476800,29.8350,29.8350,29.8350,29.8350,1100
