uri:/instrument/1.0/VUG/chartdata;type=quote;range=1d/csv
ticker:vug
Company-Name:Vanguard Growth ETF - DNQ
Exchange-Name:PCX
unit:MIN
timezone:EDT
currency:USD
gmtoffset:-14400
previous_close:111.6100
Timestamp:1469453400,1469476800
labels:1469455200,1469458800,1469462400,1469466000,1469469600,1469473200,1469476800
values:Timestamp,close,high,low,open,volume
close:111.1503,111.6300
high:111.1503,111.6300
low:111.1503,111.6300
open:111.1503,111.6300
volume:0,45800
1469453583,111.6300,111.6300,111.6300,111.6300,27200
1469453811,111.4634,111.5000,111.4634,111.5000,500
1469453845,111.4785,111.5100,111.4785,111.5100,1900
1469453946,111.4650,111.4650,111.4650,111.4650,500
1469454024,111.4410,111.4600,111.4410,111.4600,1100
1469454146,111.5200,111.5299,111.5200,111.5299,400
1469454189,111.5328,111.5328,111.5328,111.5328,800
1469454304,111.5596,111.5596,111.5456,111.5456,700
1469454446,111.6000,111.6000,111.6000,111.6000,300
1469454487,111.5490,111.5500,111.5300,111.5500,1300
1469454562,111.4849,111.5200,111.4849,111.5200,500
1469454605,111.4800,111.4800,111.4800,111.4800,1200
1469454827,111.5100,111.5100,111.5100,111.5100,200
1469454869,111.5154,111.5190,111.5154,111.5190,500
1469454965,111.5400,111.5400,111.5400,111.5400,400
1469455095,111.4519,111.4519,111.4519,111.4519,600
1469455149,111.4799,111.4799,111.4799,111.4799,800
1469455305,111.4603,111.4603,111.4603,111.4603,700
1469455409,111.4400,111.4423,111.4400,111.4423,1100
1469455447,111.4800,111.4800,111.4720,111.4720,300
1469455502,111.4693,111.4693,111.4693,111.4693,1000
1469455601,111.4000,111.4100,111.4000,111.4100,200
1469455660,111.4000,111.4095,111.3810,111.4089,2000
1469455682,111.3827,111.4200,111.3827,111.4200,600
1469455828,111.3700,111.3700,111.3700,111.3700,200
1469455911,111.3500,111.3500,111.3500,111.3500,700
1469455979,111.3399,111.3399,111.3300,111.3300,700
1469456001,111.3010,111.3100,111.3000,111.3100,300
1469456095,111.3300,111.3300,111.2924,111.3199,900
1469456137,111.2926,111.2926,111.2926,111.2926,300
1469456162,111.2900,111.2900,111.2740,111.2740,500
1469456236,111.3100,111.3100,111.3000,111.3000,200
1469456318,111.3500,111.3600,111.3500,111.3600,500
1469456395,111.3200,111.3500,111.3200,111.3500,600
1469456605,111.3300,111.3300,111.3300,111.3300,100
1469456764,111.3600,111.3600,111.3350,111.3350,600
1469456904,111.3800,111.3800,111.3611,111.3611,1500
1469456955,111.3850,111.3934,111.3801,111.3934,1400
1469457054,111.4000,111.4000,111.3702,111.3800,1000
1469457112,111.3500,111.3900,111.3500,111.3900,1200
1469457152,111.3590,111.3624,111.3590,111.3624,900
1469457272,111.3413,111.3413,111.3413,111.3413,100
1469457384,111.3731,111.3731,111.3600,111.3600,900
1469457468,111.3600,111.3600,111.3600,111.3600,400
1469457506,111.3674,111.3674,111.3674,111.3674,500
1469457559,111.4000,111.4000,111.3750,111.3777,2200
1469457658,111.3890,111.3890,111.3730,111.3799,3500
1469457690,111.3776,111.3900,111.3776,111.3900,1000
1469457805,111.3400,111.3400,111.3400,111.3400,400
1469457870,111.3200,111.3200,111.3200,111.3200,200
1469457991,111.3800,111.4000,111.3600,111.3600,2600
1469458068,111.3965,111.3965,111.3965,111.3965,100
1469458080,111.3480,111.3900,111.3400,111.3900,1400
1469458184,111.3423,111.3423,111.3423,111.3423,600
1469458268,111.3706,111.3706,111.3600,111.3600,1200
1469458360,111.3990,111.3990,111.3990,111.3990,200
1469458450,111.4000,111.4000,111.3849,111.3849,500
1469458679,111.3777,111.3890,111.3777,111.3890,400
1469458690,111.3572,111.3572,111.3501,111.3501,400
1469458806,111.3395,111.3400,111.3395,111.3400,800
1469458921,111.3316,111.3316,111.3316,111.3316,800
1469459000,111.3100,111.3210,111.3100,111.3210,300
1469459092,111.3090,111.3090,111.3090,111.3090,700
1469459123,111.3075,111.3075,111.3000,111.3000,700
1469459180,111.3000,111.3120,111.3000,111.3120,2800
1469459338,111.2623,111.2636,111.2623,111.2636,600
1469459353,111.2610,111.2610,111.2500,111.2500,800
1469459547,111.3000,111.3000,111.2500,111.2500,3200
1469459631,111.3165,111.3165,111.3100,111.3100,1900
1469459710,111.3010,111.3010,111.3010,111.3010,900
1469459970,111.3000,111.3000,111.2800,111.2800,500
1469460053,111.2700,111.2700,111.2600,111.2600,500
1469460060,111.2650,111.2700,111.2650,111.2700,400
1469460139,111.3000,111.3000,111.3000,111.3000,4200
1469460206,111.3500,111.3597,111.3390,111.3597,1000
1469460292,111.3549,111.3700,111.3516,111.3580,800
1469460306,111.3680,111.3680,111.3680,111.3680,800
1469460430,111.3674,111.3799,111.3510,111.3510,1500
1469460521,111.3699,111.3699,111.3630,111.3630,700
1469460587,111.3300,111.3300,111.3300,111.3300,300
1469460762,111.3200,111.3200,111.3200,111.3200,600
1469460904,111.3489,111.3489,111.3310,111.3310,3600
1469461062,111.3320,111.3320,111.3320,111.3320,100
1469461086,111.3200,111.3500,111.3200,111.3500,16300
1469461195,111.2952,111.2952,111.2952,111.2952,200
1469461223,111.2810,111.2820,111.2800,111.2820,1200
1469461269,111.2573,111.2800,111.2573,111.2800,2000
1469461336,111.2500,111.2800,111.2438,111.2600,2600
1469461417,111.2680,111.2680,111.2680,111.2680,400
1469461595,111.2010,111.2010,111.2010,111.2010,500
1469461625,111.2289,111.2289,111.2018,111.2018,2600
1469461690,111.2300,111.2300,111.2300,111.2300,300
1469461778,111.2390,111.2390,111.2390,111.2390,200
1469461805,111.2100,111.2100,111.2100,111.2100,400
1469461909,111.2453,111.2453,111.2453,111.2453,400
1469461958,111.2496,111.2600,111.2496,111.2600,200
1469462025,111.2615,111.2700,111.2615,111.2700,4500
1469462059,111.2586,111.2586,111.2586,111.2586,300
1469462174,111.2600,111.2630,111.2600,111.2630,500
1469462220,111.2600,111.2600,111.2600,111.2600,300
1469462347,111.2300,111.2500,111.2300,111.2499,18000
1469462434,111.2501,111.2501,111.2498,111.2498,400
1469462561,111.2300,111.2400,111.2300,111.2400,1700
1469462616,111.2600,111.2600,111.2500,111.2500,500
1469462686,111.2400,111.2400,111.2400,111.2400,200
1469462754,111.2600,111.2600,111.2400,111.2400,400
1469462795,111.2501,111.2600,111.2500,111.2500,2000
1469462852,111.2800,111.2800,111.2790,111.2790,3700
1469462910,111.2725,111.2725,111.2725,111.2725,100
1469462980,111.2611,111.2611,111.2611,111.2611,200
1469463002,111.2503,111.2503,111.2503,111.2503,500
1469463107,111.2502,111.2502,111.2502,111.2502,200
1469463123,111.2470,111.2800,111.2470,111.2510,7300
1469463237,111.2500,111.2500,111.2400,111.2402,1400
1469463245,111.2400,111.2500,111.2200,111.2500,19100
1469463317,111.2100,111.2205,111.2100,111.2105,45800
1469463389,111.2225,111.2225,111.2000,111.2000,6100
1469463420,111.2100,111.2200,111.1903,111.2000,2800
1469463543,111.2100,111.2100,111.2005,111.2084,1700
1469463600,111.2010,111.2240,111.2010,111.2024,6100
1469463660,111.2200,111.2300,111.2200,111.2300,2200
1469463744,111.1700,111.2002,111.1700,111.2002,2600
1469463810,111.2100,111.2103,111.1700,111.1700,1000
1469463840,111.2197,111.2399,111.2197,111.2276,1400
1469463902,111.1800,111.2000,111.1604,111.1604,1800
1469463990,111.1800,111.1800,111.1800,111.1800,100
1469464109,111.2155,111.2199,111.2155,111.2199,900
1469464153,111.2200,111.2200,111.2200,111.2200,400
1469464213,111.2003,111.2200,111.2003,111.2200,400
1469464287,111.1880,111.1880,111.1880,111.1880,200
1469464342,111.1902,111.2099,111.1902,111.2099,200
1469464381,111.2039,111.2039,111.2039,111.2039,200
1469464447,111.1850,111.1910,111.1850,111.1900,400
1469464532,111.1828,111.1828,111.1828,111.1828,300
1469464587,111.1800,111.1800,111.1702,111.1702,200
1469464645,111.1503,111.1503,111.1503,111.1503,500
1469464744,111.1802,111.1802,111.1800,111.1800,700
1469464804,111.2315,111.2315,111.1803,111.1803,600
1469464861,111.2100,111.2100,111.2100,111.2100,100
1469464927,111.2400,111.2400,111.2372,111.2372,300
1469465003,111.2300,111.2400,111.2300,111.2400,400
1469465135,111.2500,111.2500,111.2500,111.2500,500
1469465186,111.2500,111.2597,111.2500,111.2597,900
1469465236,111.2600,111.2600,111.2600,111.2600,300
1469465399,111.2900,111.2900,111.2851,111.2851,200
1469465413,111.3200,111.3200,111.3200,111.3200,200
1469465547,111.3100,111.3100,111.3100,111.3100,200
1469465605,111.3000,111.3000,111.2900,111.2900,400
1469465657,111.3087,111.3100,111.2985,111.3100,2000
1469465767,111.3000,111.3171,111.3000,111.3171,1400
1469465844,111.3102,111.3102,111.3102,111.3102,400
1469465951,111.2902,111.2902,111.2902,111.2902,200
1469466010,111.2902,111.2902,111.2902,111.2902,300
1469466097,111.3000,111.3000,111.2760,111.2760,900
1469466361,111.2702,111.2890,111.2702,111.2830,1300
1469466552,111.2714,111.2714,111.2714,111.2714,200
1469466628,111.2755,111.2755,111.2731,111.2731,1400
1469466714,111.2549,111.2718,111.2549,111.2718,700
1469466778,111.2700,111.2700,111.2562,111.2562,1500
1469466827,111.2700,111.2800,111.2700,111.2770,500
1469466850,111.2500,111.2500,111.2500,111.2500,300
1469466928,111.2399,111.2399,111.2356,111.2356,2800
1469466985,111.2400,111.2400,111.2400,111.2400,100
1469467020,111.2700,111.2700,111.2600,111.2600,800
1469467092,111.2838,111.2838,111.2600,111.2600,900
1469467163,111.2900,111.3000,111.2900,111.3000,400
1469467232,111.3100,111.3100,111.3100,111.3100,200
1469467273,111.3200,111.3200,111.3177,111.3200,2000
1469467376,111.3400,111.3400,111.3400,111.3400,100
1469467414,111.3400,111.3400,111.3400,111.3400,100
1469467486,111.3400,111.3437,111.3300,111.3437,1900
1469467513,111.3450,111.3450,111.3350,111.3400,3100
1469467647,111.4090,111.4090,111.3795,111.3795,500
1469467684,111.4052,111.4052,111.4014,111.4014,1700
1469467753,111.3900,111.3900,111.3900,111.3900,300
1469467919,111.3920,111.3965,111.3870,111.3870,1100
1469467931,111.3500,111.3900,111.3500,111.3800,1600
1469468022,111.3537,111.3600,111.3500,111.3500,3400
1469468064,111.3303,111.3500,111.3303,111.3500,1000
1469468128,111.3499,111.3600,111.3499,111.3600,700
1469468218,111.3400,111.3590,111.3400,111.3500,5600
1469468221,111.3200,111.3500,111.3200,111.3400,4100
1469468322,111.3700,111.3700,111.3600,111.3600,0
1469468374,111.3440,111.3700,111.3440,111.3700,12500
1469468401,111.3800,111.3800,111.3600,111.3600,600
1469468466,111.3510,111.3800,111.3510,111.3800,900
1469468553,111.3700,111.3700,111.3670,111.3670,500
1469468620,111.3700,111.3800,111.3600,111.3700,4100
1469468641,111.3800,111.3800,111.3800,111.3800,500
1469468756,111.3800,111.3900,111.3633,111.3633,500
1469468763,111.3900,111.3900,111.3774,111.3774,400
1469468870,111.3700,111.3900,111.3692,111.3900,900
1469468896,111.3699,111.3784,111.3510,111.3600,2200
1469468941,111.3400,111.3600,111.3400,111.3600,2100
1469469003,111.3700,111.3700,111.3495,111.3495,400
1469469073,111.3700,111.3700,111.3700,111.3700,500
1469469158,111.3450,111.3450,111.3400,111.3400,300
1469469182,111.3585,111.3600,111.3585,111.3600,700
1469469250,111.3700,111.3800,111.3700,111.3800,600
1469469315,111.3900,111.3900,111.3603,111.3603,300
1469469404,111.3900,111.3900,111.3720,111.3720,300
1469469423,111.3900,111.3900,111.3802,111.3802,1900
1469469494,111.3800,111.3800,111.3700,111.3800,2200
1469469626,111.3800,111.3800,111.3600,111.3666,1200
1469469677,111.3601,111.3918,111.3601,111.3892,800
1469469836,111.3900,111.3900,111.3792,111.3792,7300
1469469846,111.4100,111.4100,111.3800,111.3800,4200
1469469976,111.4163,111.4163,111.4163,111.4163,200
1469470042,111.4200,111.4200,111.4100,111.4150,1100
1469470110,111.4400,111.4400,111.4300,111.4300,1800
1469470149,111.4492,111.4565,111.4492,111.4510,3400
1469470202,111.4400,111.4479,111.4400,111.4410,1100
1469470386,111.4282,111.4282,111.4282,111.4282,100
1469470443,111.4310,111.4310,111.4310,111.4310,100
1469470505,111.4300,111.4378,111.4200,111.4378,900
1469470574,111.4018,111.4200,111.4000,111.4200,600
1469470739,111.4100,111.4200,111.4100,111.4100,2000
1469470810,111.3980,111.3980,111.3980,111.3980,200
1469470873,111.4200,111.4200,111.4000,111.4000,400
1469470943,111.4290,111.4290,111.4173,111.4173,700
1469470980,111.4000,111.4000,111.4000,111.4000,200
1469471045,111.3986,111.4200,111.3934,111.3934,1800
1469471119,111.4000,111.4000,111.4000,111.4000,200
1469471184,111.4200,111.4200,111.4100,111.4100,1100
1469471264,111.3822,111.3822,111.3822,111.3822,400
1469471302,111.3574,111.3574,111.3574,111.3574,300
1469471340,111.3400,111.3600,111.3400,111.3600,8900
1469471405,111.3600,111.3652,111.3564,111.3652,3700
1469471519,111.3850,111.3850,111.3713,111.3800,1200
1469471527,111.3850,111.3900,111.3850,111.3866,800
1469471613,111.3500,111.3500,111.3500,111.3500,100
1469471647,111.3800,111.3800,111.3600,111.3600,700
1469471734,111.3877,111.3877,111.3877,111.3877,300
1469471848,111.3900,111.3900,111.3700,111.3800,600
1469471893,111.3580,111.3580,111.3580,111.3580,1200
1469472051,111.3900,111.3900,111.3790,111.3790,500
1469472099,111.3800,111.3900,111.3700,111.3700,300
1469472138,111.3900,111.3900,111.3900,111.3900,700
1469472238,111.3771,111.3900,111.3701,111.3701,700
1469472259,111.3900,111.4000,111.3900,111.3922,2200
1469472300,111.3800,111.3900,111.3800,111.3823,2100
1469472375,111.3750,111.3800,111.3700,111.3800,1700
1469472462,111.3576,111.3609,111.3510,111.3609,3000
1469472481,111.3900,111.3900,111.3700,111.3700,500
1469472551,111.3953,111.3953,111.3800,111.3800,300
1469472630,111.3910,111.3910,111.3910,111.3910,500
1469472718,111.4000,111.4000,111.4000,111.4000,200
1469472783,111.4216,111.4300,111.4100,111.4200,500
1469472856,111.4100,111.4300,111.4100,111.4300,700
1469472958,111.3949,111.3949,111.3949,111.3949,300
1469472979,111.3931,111.4100,111.3931,111.4100,300
1469473023,111.3800,111.3900,111.3800,111.3900,500
1469473130,111.3700,111.3700,111.3659,111.3700,2400
1469473163,111.3716,111.3716,111.3716,111.3716,300
1469473256,111.3800,111.3800,111.3800,111.3800,1300
1469473268,111.3940,111.4000,111.3770,111.3899,2300
1469473340,111.3900,111.3900,111.3900,111.3900,300
1469473440,111.3800,111.3900,111.3800,111.3900,500
1469473518,111.3800,111.3900,111.3800,111.3900,500
1469473581,111.3445,111.3700,111.3445,111.3700,1500
1469473627,111.3500,111.3500,111.3482,111.3498,1000
1469473719,111.3599,111.3599,111.3599,111.3599,400
1469473753,111.3420,111.3420,111.3419,111.3419,700
1469473850,111.3600,111.3600,111.3400,111.3500,18700
1469473878,111.3380,111.3500,111.3200,111.3300,700
1469473971,111.3400,111.3400,111.3400,111.3400,800
1469473984,111.3500,111.3500,111.3401,111.3401,6600
1469474111,111.3384,111.3384,111.3220,111.3270,2400
1469474165,111.3464,111.3464,111.3449,111.3449,2400
1469474227,111.3200,111.3200,111.3200,111.3200,600
1469474332,111.3109,111.3237,111.3000,111.3237,700
1469474353,111.3290,111.3290,111.3100,111.3100,1100
1469474442,111.3060,111.3060,111.2953,111.3017,5400
1469474484,111.3101,111.3273,111.3000,111.3273,500
1469474545,111.3400,111.3400,111.3271,111.3271,1800
1469474581,111.3780,111.3799,111.3600,111.3600,4600
1469474640,111.3798,111.3800,111.3622,111.3800,4200
1469474703,111.3700,111.3700,111.3700,111.3700,1100
1469474798,111.3500,111.3500,111.3400,111.3400,500
1469474829,111.3500,111.3524,111.3494,111.3500,2500
1469474892,111.3500,111.3600,111.3482,111.3482,1400
1469475002,111.3582,111.3700,111.3582,111.3700,1200
1469475075,111.3590,111.3590,111.3590,111.3590,1300
1469475127,111.3900,111.3900,111.3583,111.3583,7200
1469475210,111.4100,111.4100,111.4100,111.4100,200
1469475246,111.4100,111.4200,111.3900,111.4000,2700
1469475308,111.4100,111.4200,111.4100,111.4200,1000
1469475366,111.4180,111.4314,111.4180,111.4299,1000
1469475421,111.4100,111.4200,111.4100,111.4200,1500
1469475539,111.4129,111.4290,111.4129,111.4200,800
1469475544,111.4241,111.4260,111.4101,111.4200,2300
1469475635,111.4400,111.4400,111.4300,111.4300,800
1469475672,111.4200,111.4500,111.4200,111.4500,700
1469475750,111.4200,111.4200,111.4180,111.4180,800
1469475812,111.4250,111.4280,111.4250,111.4280,900
1469475842,111.4000,111.4138,111.4000,111.4083,2300
1469475901,111.4001,111.4200,111.3800,111.4000,2800
1469475966,111.4141,111.4141,111.4140,111.4140,700
1469476023,111.4336,111.4338,111.4200,111.4200,6300
1469476100,111.4400,111.4500,111.4400,111.4500,200
1469476193,111.4300,111.4500,111.4300,111.4400,3300
1469476205,111.4100,111.4349,111.4100,111.4300,1600
1469476319,111.4200,111.4299,111.4200,111.4299,2300
1469476374,111.4010,111.4116,111.4010,111.4084,800
1469476410,111.4099,111.4099,111.4099,111.4099,300
1469476460,111.4200,111.4200,111.4000,111.4100,2200
1469476530,111.4100,111.4220,111.4100,111.4220,600
1469476596,111.4250,111.4250,111.4200,111.4200,800
1469476624,111.4500,111.4500,111.4260,111.4260,1700
1469476693,111.4500,111.4500,111.4500,111.4500,800
1469476763,111.5000,111.5000,111.4500,111.4700,5800
1469476800,111.5300,111.5300,111.5300,111.5300,0
