uri:/instrument/1.0/SNE/chartdata;type=quote;range=1d/csv
ticker:sne
Company-Name:Sony Corporation Common Stock
Exchange-Name:NYQ
unit:MIN
timezone:EDT
currency:USD
gmtoffset:-14400
previous_close:30.5200
Timestamp:1469107800,1469131200
labels:1469109600,1469113200,1469116800,1469120400,1469124000,1469127600,1469131200
values:Timestamp,close,high,low,open,volume
close:29.8800,30.1500
high:29.8800,30.1500
low:29.8800,30.1400
open:29.8800,30.1500
volume:100,50600
1469107859,29.9800,29.9900,29.9800,29.9800,27200
1469107905,30.0450,30.0450,29.9800,29.9800,13700
1469107951,30.0200,30.0500,30.0100,30.0410,8200
1469108037,30.0120,30.0300,29.9900,30.0100,7600
1469108068,30.0000,30.0300,29.9900,30.0200,2200
1469108146,30.0400,30.0400,29.9800,29.9800,4600
1469108165,30.0200,30.0400,30.0200,30.0300,4600
1469108273,30.0400,30.0400,30.0200,30.0200,7700
1469108338,30.0900,30.0900,30.0500,30.0500,17800
1469108388,30.1200,30.1200,30.0800,30.0800,19600
1469108451,30.1110,30.1500,30.1100,30.1199,30600
1469108519,30.1200,30.1200,30.1100,30.1100,11300
1469108565,30.1300,30.1300,30.1000,30.1250,10000
1469108625,30.1350,30.1400,30.1200,30.1200,3700
1469108690,30.1400,30.1400,30.1200,30.1300,2800
1469108704,30.1500,30.1500,30.1400,30.1400,5900
1469108764,30.1100,30.1500,30.1100,30.1500,5400
1469108845,30.0810,30.1000,30.0800,30.1000,5800
1469108937,30.1100,30.1100,30.0800,30.0800,3300
1469108986,30.0700,30.1100,30.0700,30.1100,2800
1469109050,30.0800,30.0800,30.0600,30.0600,7300
1469109069,30.0310,30.0700,30.0300,30.0700,4400
1469109177,30.0400,30.0400,30.0300,30.0307,5300
1469109229,30.0100,30.0300,30.0100,30.0300,2200
1469109245,30.0100,30.0100,30.0000,30.0100,1400
1469109338,30.0000,30.0000,30.0000,30.0000,200
1469109385,29.9900,30.0000,29.9900,30.0000,900
1469109480,29.9824,29.9900,29.9800,29.9800,5300
1469109585,29.9800,29.9900,29.9800,29.9800,400
1469109623,29.9850,29.9850,29.9850,29.9850,200
1469109714,29.9900,29.9900,29.9800,29.9850,1200
1469109774,29.9850,29.9900,29.9800,29.9900,900
1469109826,29.9800,29.9900,29.9800,29.9850,1200
1469109876,29.9850,29.9850,29.9850,29.9850,200
1469109956,30.0100,30.0100,29.9850,29.9900,12900
1469110015,30.0000,30.0250,30.0000,30.0100,6500
1469110031,30.0050,30.0060,30.0050,30.0060,300
1469110112,30.0000,30.0050,30.0000,30.0000,1000
1469110190,30.0000,30.0000,29.9990,29.9990,1100
1469110251,30.0200,30.0200,30.0000,30.0000,3000
1469110319,30.0100,30.0200,30.0100,30.0200,900
1469110359,30.0200,30.0200,30.0200,30.0200,700
1469110435,30.0300,30.0500,30.0300,30.0300,3800
1469110487,30.0300,30.0400,30.0250,30.0300,4500
1469110502,30.0250,30.0250,30.0250,30.0250,100
1469110601,30.0300,30.0400,30.0300,30.0300,1300
1469110631,30.0310,30.0350,30.0300,30.0300,1100
1469110737,30.0600,30.0600,30.0350,30.0350,2900
1469110749,30.0300,30.0700,30.0300,30.0600,2500
1469110800,30.0400,30.0400,30.0400,30.0400,300
1469110874,30.0400,30.0400,30.0400,30.0400,700
1469110974,30.0500,30.0600,30.0450,30.0450,3400
1469111043,30.0400,30.0600,30.0400,30.0510,6700
1469111132,30.0000,30.0300,30.0000,30.0300,2900
1469111211,29.9900,30.0050,29.9900,30.0050,1000
1469111258,29.9950,29.9973,29.9900,29.9900,400
1469111308,29.9950,29.9950,29.9910,29.9950,700
1469111399,30.0100,30.0100,29.9950,30.0000,26500
1469111401,29.9900,30.0100,29.9900,30.0036,25800
1469111478,29.9950,29.9950,29.9950,29.9950,200
1469111524,29.9900,30.0000,29.9900,30.0000,400
1469111637,29.9900,30.0000,29.9900,30.0000,900
1469111658,29.9901,30.0000,29.9900,30.0000,2300
1469111755,29.9800,29.9950,29.9700,29.9950,6800
1469111784,29.9700,29.9800,29.9700,29.9800,1800
1469111830,29.9800,29.9900,29.9700,29.9750,4100
1469111897,29.9800,29.9800,29.9800,29.9800,2000
1469111959,29.9750,29.9750,29.9750,29.9750,300
1469112048,30.0100,30.0100,29.9701,29.9800,3800
1469112118,29.9900,30.0100,29.9900,30.0100,2700
1469112179,29.9800,29.9900,29.9800,29.9900,1500
1469112195,29.9750,29.9750,29.9700,29.9750,300
1469112296,29.9850,29.9900,29.9800,29.9800,2500
1469112310,29.9700,29.9900,29.9700,29.9800,4400
1469112361,29.9650,29.9650,29.9650,29.9650,100
1469112472,29.9650,29.9700,29.9600,29.9650,1600
1469112531,29.9800,29.9800,29.9650,29.9650,1500
1469112599,29.9800,29.9800,29.9700,29.9800,2300
1469112646,29.9800,29.9900,29.9800,29.9800,1700
1469112715,29.9750,29.9800,29.9750,29.9800,1600
1469112779,29.9763,29.9800,29.9700,29.9800,2000
1469112781,29.9800,29.9900,29.9750,29.9750,4500
1469112894,29.9800,29.9800,29.9800,29.9800,200
1469112948,29.9800,29.9850,29.9800,29.9800,2200
1469112960,29.9798,29.9800,29.9750,29.9750,400
1469113078,30.0000,30.0000,29.9800,29.9800,4800
1469113086,30.0100,30.0100,29.9900,29.9900,2200
1469113173,30.0299,30.0299,30.0200,30.0200,700
1469113232,30.0100,30.0300,30.0100,30.0300,1000
1469113291,30.0050,30.0100,29.9900,30.0100,3300
1469113323,30.0220,30.0220,30.0100,30.0100,600
1469113418,30.0300,30.0300,30.0173,30.0173,500
1469113441,30.0200,30.0200,30.0200,30.0200,900
1469113545,30.0300,30.0300,30.0100,30.0100,1500
1469113615,30.0500,30.0500,30.0400,30.0400,7200
1469113623,30.0400,30.0450,30.0400,30.0400,1800
1469113730,30.0300,30.0400,30.0300,30.0400,300
1469113799,30.0450,30.0500,30.0400,30.0400,2900
1469113829,30.0493,30.0500,30.0450,30.0500,700
1469113888,30.0410,30.0410,30.0410,30.0410,100
1469113971,30.0400,30.0460,30.0400,30.0460,200
1469114022,30.0400,30.0500,30.0400,30.0500,1000
1469114055,30.0450,30.0450,30.0450,30.0450,100
1469114146,30.0300,30.0410,30.0300,30.0410,3800
1469114190,30.0350,30.0350,30.0300,30.0300,1100
1469114276,30.0299,30.0300,30.0299,30.0300,1700
1469114325,30.0400,30.0400,30.0200,30.0300,4400
1469114452,30.0300,30.0400,30.0300,30.0400,2900
1469114518,30.0300,30.0400,30.0200,30.0389,8200
1469114524,30.0200,30.0200,30.0200,30.0200,100
1469114625,30.0200,30.0250,30.0200,30.0200,1400
1469114641,30.0250,30.0250,30.0250,30.0250,100
1469114701,30.0292,30.0300,30.0250,30.0300,500
1469114811,30.0300,30.0300,30.0300,30.0300,100
1469114863,30.0200,30.0300,30.0200,30.0300,1700
1469114887,30.0200,30.0300,30.0200,30.0300,500
1469114942,30.0150,30.0250,30.0150,30.0200,2100
1469115053,30.0000,30.0150,30.0000,30.0100,2300
1469115060,29.9900,29.9900,29.9900,29.9900,100
1469115123,29.9950,30.0000,29.9950,30.0000,300
1469115278,29.9700,29.9900,29.9700,29.9900,1200
1469115344,29.9700,29.9700,29.9700,29.9700,700
1469115396,29.9550,29.9600,29.9550,29.9600,2800
1469115444,29.9700,29.9700,29.9650,29.9700,1800
1469115557,29.9800,29.9800,29.9700,29.9700,500
1469115635,29.9750,29.9800,29.9750,29.9800,200
1469115711,29.9700,29.9700,29.9700,29.9700,1700
1469115747,29.9600,29.9650,29.9600,29.9650,700
1469115781,29.9600,29.9700,29.9600,29.9600,1800
1469115882,29.9450,29.9500,29.9450,29.9500,800
1469115954,29.9450,29.9450,29.9401,29.9401,1100
1469115973,29.9550,29.9600,29.9450,29.9500,2800
1469116079,29.9500,29.9550,29.9500,29.9550,200
1469116133,29.9700,29.9700,29.9550,29.9550,10600
1469116190,29.9650,29.9650,29.9650,29.9650,100
1469116213,29.9400,29.9650,29.9400,29.9650,2800
1469116377,29.9450,29.9450,29.9450,29.9450,100
1469116406,29.9550,29.9550,29.9450,29.9500,1100
1469116443,29.9500,29.9550,29.9500,29.9550,600
1469116571,29.9600,29.9600,29.9600,29.9600,500
1469116716,29.9650,29.9650,29.9650,29.9650,500
1469116745,29.9800,29.9800,29.9650,29.9650,1000
1469116969,29.9800,29.9850,29.9800,29.9850,600
1469116998,29.9860,29.9860,29.9800,29.9800,600
1469117092,29.9900,29.9900,29.9850,29.9900,600
1469117103,30.0050,30.0050,29.9900,29.9900,5600
1469117217,30.0100,30.0100,30.0100,30.0100,300
1469117235,30.0000,30.0000,30.0000,30.0000,100
1469117293,30.0050,30.0100,30.0050,30.0100,200
1469117372,30.0000,30.0100,29.9900,30.0090,5300
1469117424,29.9900,29.9900,29.9900,29.9900,100
1469117467,29.9900,29.9900,29.9900,29.9900,200
1469117596,29.9950,29.9950,29.9950,29.9950,100
1469117685,29.9900,29.9990,29.9900,29.9956,2900
1469117810,29.9800,29.9950,29.9800,29.9900,3600
1469117877,29.9700,29.9850,29.9700,29.9850,1300
1469117915,29.9700,29.9700,29.9650,29.9700,2000
1469117952,29.9800,29.9800,29.9800,29.9800,100
1469118045,29.9600,29.9700,29.9550,29.9700,2500
1469118060,29.9400,29.9600,29.9400,29.9600,4500
1469118130,29.9400,29.9400,29.9400,29.9400,100
1469118210,29.9450,29.9500,29.9450,29.9450,300
1469118254,29.9500,29.9500,29.9450,29.9450,300
1469118345,29.9450,29.9450,29.9450,29.9450,100
1469118404,29.9450,29.9500,29.9450,29.9500,500
1469118469,29.9300,29.9500,29.9300,29.9500,3100
1469118483,29.9400,29.9501,29.9310,29.9400,6400
1469118605,29.9332,29.9332,29.9300,29.9300,200
1469118711,29.9310,29.9310,29.9300,29.9300,700
1469118778,29.9300,29.9400,29.9150,29.9400,10100
1469118829,29.9400,29.9400,29.9350,29.9350,900
1469118852,29.9500,29.9500,29.9500,29.9500,100
1469118957,29.9500,29.9500,29.9400,29.9400,800
1469118962,29.9486,29.9500,29.9400,29.9400,10500
1469119054,29.9400,29.9450,29.9400,29.9400,3800
1469119107,29.9300,29.9350,29.9300,29.9350,6800
1469119168,29.9300,29.9300,29.9300,29.9300,200
1469119256,29.9202,29.9300,29.9202,29.9300,4100
1469119260,29.9300,29.9300,29.9150,29.9200,8000
1469119369,29.9300,29.9300,29.9273,29.9300,2700
1469119394,29.9300,29.9300,29.9200,29.9300,300
1469119501,29.9200,29.9300,29.9200,29.9300,7400
1469119561,29.9200,29.9200,29.9120,29.9200,2200
1469119671,29.9100,29.9100,29.9100,29.9100,1500
1469119734,29.9000,29.9100,29.9000,29.9050,600
1469119763,29.9050,29.9100,29.9050,29.9100,200
1469119841,29.9000,29.9000,29.8950,29.9000,7800
1469119919,29.9000,29.9000,29.8900,29.8900,2100
1469119938,29.8800,29.8993,29.8800,29.8993,13400
1469119990,29.9050,29.9050,29.8900,29.8900,2000
1469120094,29.9100,29.9100,29.9100,29.9100,200
1469120134,29.9000,29.9042,29.9000,29.9042,2000
1469120207,29.9050,29.9050,29.9050,29.9050,100
1469120225,29.9100,29.9100,29.9100,29.9100,200
1469120336,29.9050,29.9050,29.9000,29.9000,200
1469120365,29.9050,29.9050,29.9050,29.9050,200
1469120463,29.9031,29.9100,29.9000,29.9050,1000
1469120562,29.9100,29.9100,29.9000,29.9000,1100
1469120581,29.9100,29.9100,29.9050,29.9050,700
1469120673,29.9100,29.9100,29.9100,29.9100,200
1469120744,29.9000,29.9000,29.9000,29.9000,2800
1469120760,29.9000,29.9000,29.8950,29.8950,700
1469120825,29.8950,29.8950,29.8900,29.8900,500
1469120920,29.8900,29.8900,29.8900,29.8900,200
1469120986,29.8950,29.8950,29.8950,29.8950,100
1469121079,29.9000,29.9000,29.9000,29.9000,500
1469121186,29.9000,29.9100,29.9000,29.9100,1200
1469121299,29.9250,29.9300,29.9050,29.9100,2000
1469121372,29.9100,29.9200,29.9100,29.9200,2000
1469121424,29.9100,29.9100,29.9000,29.9000,400
1469121536,29.9200,29.9200,29.9200,29.9200,200
1469121577,29.9300,29.9300,29.9200,29.9200,1200
1469121643,29.9400,29.9400,29.9300,29.9300,400
1469121668,29.9400,29.9400,29.9400,29.9400,100
1469121761,29.9400,29.9400,29.9400,29.9400,300
1469121789,29.9400,29.9500,29.9400,29.9400,2800
1469121952,29.9400,29.9400,29.9400,29.9400,100
1469121967,29.9400,29.9450,29.9400,29.9400,1100
1469122103,29.9400,29.9400,29.9400,29.9400,300
1469122180,29.9400,29.9400,29.9400,29.9400,800
1469122243,29.9400,29.9400,29.9300,29.9400,2800
1469122273,29.9400,29.9400,29.9400,29.9400,100
1469122324,29.9300,29.9300,29.9300,29.9300,700
1469122422,29.9343,29.9343,29.9343,29.9343,100
1469122488,29.9300,29.9300,29.9300,29.9300,400
1469122557,29.9500,29.9500,29.9400,29.9400,1800
1469122561,29.9500,29.9500,29.9500,29.9500,100
1469122625,29.9450,29.9490,29.9450,29.9490,400
1469122699,29.9300,29.9400,29.9300,29.9400,5600
1469122752,29.9400,29.9400,29.9300,29.9350,4300
1469122859,29.9500,29.9500,29.9350,29.9400,1800
1469122952,29.9300,29.9400,29.9300,29.9400,3700
1469122987,29.9400,29.9400,29.9300,29.9300,900
1469123131,29.9450,29.9450,29.9350,29.9400,1600
1469123217,29.9450,29.9450,29.9400,29.9400,500
1469123277,29.9350,29.9400,29.9350,29.9400,900
1469123336,29.9400,29.9400,29.9358,29.9358,800
1469123390,29.9300,29.9400,29.9300,29.9400,1200
1469123431,29.9300,29.9300,29.9300,29.9300,1000
1469123508,29.9150,29.9200,29.9150,29.9200,900
1469123572,29.9100,29.9100,29.9100,29.9100,400
1469123590,29.9200,29.9200,29.9150,29.9200,1900
1469123674,29.9100,29.9165,29.9100,29.9100,700
1469123706,29.9100,29.9100,29.9050,29.9100,5000
1469123795,29.9150,29.9200,29.9150,29.9200,200
1469123832,29.9100,29.9200,29.9100,29.9150,300
1469123930,29.9100,29.9100,29.9100,29.9100,300
1469123951,29.9100,29.9150,29.9100,29.9100,400
1469124019,29.9100,29.9200,29.9100,29.9200,200
1469124106,29.9250,29.9250,29.9150,29.9150,600
1469124134,29.9200,29.9200,29.9200,29.9200,1800
1469124221,29.9200,29.9200,29.9200,29.9200,100
1469124298,29.9200,29.9200,29.9150,29.9200,2100
1469124358,29.9200,29.9350,29.9200,29.9300,2600
1469124362,29.9200,29.9201,29.9200,29.9201,600
1469124475,29.9200,29.9210,29.9200,29.9210,300
1469124517,29.9200,29.9400,29.9200,29.9300,9600
1469124597,29.9100,29.9200,29.9100,29.9200,1100
1469124659,29.8900,29.9100,29.8900,29.9100,19700
1469124713,29.8950,29.8950,29.8900,29.8900,400
1469124774,29.8850,29.9000,29.8850,29.9000,4800
1469124782,29.8900,29.8950,29.8800,29.8800,3100
1469124841,29.8800,29.8900,29.8800,29.8900,700
1469124937,29.8850,29.8900,29.8800,29.8850,800
1469124968,29.8800,29.8800,29.8800,29.8800,5300
1469125072,29.8850,29.8900,29.8850,29.8900,200
1469125085,29.8800,29.8850,29.8800,29.8850,300
1469125199,29.8900,29.8900,29.8850,29.8850,200
1469125206,29.9100,29.9100,29.8850,29.8850,4600
1469125310,29.9050,29.9100,29.9050,29.9100,1200
1469125334,29.9000,29.9100,29.9000,29.9000,3000
1469125380,29.8900,29.8956,29.8900,29.8900,500
1469125499,29.8900,29.9000,29.8900,29.8900,1300
1469125558,29.8900,29.8959,29.8900,29.8959,300
1469125568,29.8950,29.8950,29.8950,29.8950,200
1469125625,29.9100,29.9150,29.8950,29.9000,6500
1469125745,29.9200,29.9200,29.9001,29.9100,2400
1469125843,29.9200,29.9200,29.9200,29.9200,300
1469125904,29.9300,29.9300,29.9200,29.9200,4000
1469125960,29.9350,29.9350,29.9300,29.9300,2000
1469125989,29.9400,29.9400,29.9400,29.9400,900
1469126057,29.9500,29.9500,29.9500,29.9500,500
1469126159,29.9400,29.9550,29.9400,29.9500,1800
1469126160,29.9450,29.9450,29.9400,29.9400,1800
1469126247,29.9350,29.9350,29.9300,29.9300,500
1469126280,29.9350,29.9350,29.9350,29.9350,100
1469126386,29.9200,29.9300,29.9200,29.9300,900
1469126456,29.9450,29.9450,29.9100,29.9200,10700
1469126494,29.9400,29.9400,29.9400,29.9400,1900
1469126619,29.9300,29.9300,29.9300,29.9300,800
1469126697,29.9250,29.9250,29.9200,29.9200,800
1469126735,29.9250,29.9250,29.9250,29.9250,100
1469126796,29.9150,29.9200,29.9100,29.9200,1200
1469126824,29.9150,29.9200,29.9150,29.9200,400
1469126893,29.9186,29.9186,29.9186,29.9186,200
1469126957,29.9300,29.9300,29.9200,29.9200,1800
1469127043,29.9250,29.9250,29.9250,29.9250,100
1469127066,29.9300,29.9300,29.9210,29.9210,700
1469127167,29.9250,29.9250,29.9250,29.9250,100
1469127272,29.9250,29.9300,29.9250,29.9300,200
1469127332,29.9300,29.9300,29.9300,29.9300,100
1469127410,29.9250,29.9290,29.9200,29.9290,50600
1469127477,29.9250,29.9300,29.9250,29.9300,300
1469127537,29.9400,29.9400,29.9250,29.9250,5300
1469127594,29.9400,29.9400,29.9400,29.9400,100
1469127602,29.9400,29.9400,29.9400,29.9400,100
1469127707,29.9400,29.9400,29.9300,29.9300,300
1469127772,29.9400,29.9400,29.9300,29.9350,300
1469127879,29.9250,29.9300,29.9200,29.9300,4400
1469127917,29.9200,29.9200,29.9200,29.9200,300
1469127980,29.9200,29.9200,29.9200,29.9200,200
1469128064,29.9201,29.9201,29.9200,29.9200,500
1469128101,29.9200,29.9200,29.9200,29.9200,300
1469128153,29.9150,29.9200,29.9150,29.9200,4000
1469128212,29.9200,29.9200,29.9100,29.9200,1000
1469128309,29.9200,29.9200,29.9110,29.9110,300
1469128320,29.9150,29.9200,29.9100,29.9150,700
1469128406,29.9200,29.9200,29.9150,29.9200,1400
1469128446,29.9200,29.9200,29.9100,29.9150,1100
1469128535,29.9200,29.9200,29.9200,29.9200,600
1469128562,29.9300,29.9300,29.9250,29.9250,200
1469128658,29.9110,29.9250,29.9110,29.9250,2500
1469128682,29.9200,29.9200,29.9110,29.9200,2800
1469128750,29.9300,29.9300,29.9150,29.9200,1700
1469128829,29.9300,29.9300,29.9300,29.9300,100
1469128917,29.9300,29.9300,29.9300,29.9300,1000
1469128931,29.9400,29.9400,29.9300,29.9300,1300
1469128995,29.9400,29.9400,29.9300,29.9300,2000
1469129043,29.9400,29.9500,29.9400,29.9500,5800
1469129109,29.9500,29.9500,29.9400,29.9400,1600
1469129170,29.9450,29.9500,29.9425,29.9425,700
1469129293,29.9500,29.9500,29.9400,29.9500,2900
1469129399,29.9500,29.9500,29.9450,29.9500,600
1469129455,29.9600,29.9600,29.9500,29.9500,2500
1469129514,29.9500,29.9550,29.9450,29.9500,7700
1469129542,29.9550,29.9550,29.9550,29.9550,100
1469129636,29.9600,29.9600,29.9550,29.9600,1200
1469129694,29.9600,29.9600,29.9500,29.9550,2500
1469129736,29.9600,29.9700,29.9600,29.9650,2600
1469129790,29.9650,29.9650,29.9600,29.9600,400
1469129846,29.9600,29.9690,29.9600,29.9635,1400
1469129923,29.9600,29.9600,29.9600,29.9600,200
1469129951,29.9600,29.9700,29.9600,29.9700,500
1469130056,29.9900,29.9900,29.9650,29.9700,5100
1469130093,29.9800,29.9800,29.9800,29.9800,5900
1469130165,29.9750,29.9800,29.9750,29.9750,700
1469130181,29.9750,29.9800,29.9750,29.9800,600
1469130285,29.9800,29.9800,29.9700,29.9800,700
1469130300,29.9900,29.9900,29.9750,29.9800,27200
1469130419,29.9810,29.9900,29.9805,29.9900,1300
1469130479,29.9900,29.9900,29.9900,29.9900,900
1469130499,29.9825,29.9900,29.9825,29.9900,600
1469130598,29.9900,29.9900,29.9850,29.9900,2100
1469130600,29.9850,29.9900,29.9825,29.9900,1100
1469130667,29.9900,29.9900,29.9850,29.9850,2400
1469130778,29.9900,29.9900,29.9800,29.9900,1600
1469130839,29.9850,29.9900,29.9850,29.9900,1600
1469130899,29.9900,29.9900,29.9800,29.9900,1900
1469130959,29.9900,29.9900,29.9850,29.9900,5600
1469131019,30.0000,30.0000,29.9850,29.9900,7100
1469131079,30.0000,30.0000,29.9950,30.0000,2600
1469131139,30.0000,30.0000,29.9900,30.0000,7500
1469131143,29.9900,30.0000,29.9800,30.0000,47000
1469131200,29.9900,29.9900,29.9900,29.9900,100
