uri:/instrument/1.0/XLU/chartdata;type=quote;range=1d/csv
ticker:xlu
Company-Name:SPDR Select Sector Fund - Utili
Exchange-Name:PCX
unit:MIN
timezone:EDT
currency:USD
gmtoffset:-14400
previous_close:51.7600
Timestamp:1469107800,1469131200
labels:1469109600,1469113200,1469116800,1469120400,1469124000,1469127600,1469131200
values:Timestamp,close,high,low,open,volume
close:51.4900,51.7300
high:51.5300,51.7400
low:51.4700,51.7100
open:51.4900,51.7300
volume:100,743400
1469107859,51.6500,51.6600,51.6300,51.6400,164700
1469107918,51.5550,51.6700,51.5500,51.6600,106200
1469107978,51.5300,51.5500,51.5200,51.5500,76500
1469107980,51.5100,51.5300,51.5000,51.5250,58800
1469108053,51.5900,51.6000,51.5200,51.5200,70100
1469108156,51.5300,51.6200,51.5300,51.6000,76100
1469108219,51.5200,51.5400,51.4710,51.5300,123400
1469108272,51.5400,51.5500,51.5100,51.5100,36800
1469108282,51.5200,51.5300,51.4700,51.5300,51800
1469108398,51.5160,51.5300,51.5100,51.5100,25200
1469108458,51.5700,51.5700,51.5150,51.5200,53900
1469108519,51.5400,51.5900,51.5400,51.5800,33400
1469108578,51.4900,51.5400,51.4900,51.5300,24900
1469108636,51.5600,51.5700,51.4850,51.4900,45100
1469108693,51.5800,51.5900,51.5500,51.5600,39800
1469108759,51.6300,51.6300,51.5900,51.5900,34200
1469108819,51.6000,51.6400,51.6000,51.6300,33900
1469108868,51.6300,51.6600,51.6000,51.6050,58500
1469108937,51.6500,51.6750,51.6300,51.6300,26300
1469108947,51.6600,51.6800,51.6500,51.6500,25300
1469109005,51.6400,51.6500,51.6300,51.6500,9500
1469109118,51.6510,51.6700,51.6400,51.6400,30500
1469109120,51.6600,51.6800,51.6400,51.6600,38600
1469109234,51.6700,51.7000,51.6600,51.6600,55500
1469109298,51.6900,51.7000,51.6600,51.6700,108600
1469109359,51.6850,51.7050,51.6750,51.6900,22600
1469109416,51.6700,51.6800,51.6700,51.6800,6600
1469109423,51.6500,51.6800,51.6500,51.6700,10500
1469109497,51.6200,51.6500,51.6200,51.6500,9100
1469109597,51.6200,51.6299,51.6100,51.6250,24500
1469109656,51.6350,51.6350,51.6200,51.6300,12300
1469109714,51.6247,51.6300,51.6247,51.6300,7400
1469109725,51.5900,51.6250,51.5850,51.6250,21600
1469109834,51.5900,51.6100,51.5801,51.5801,10300
1469109898,51.5800,51.6050,51.5800,51.6000,15100
1469109954,51.6100,51.6100,51.5899,51.5900,7800
1469109962,51.6100,51.6300,51.6100,51.6100,15500
1469110021,51.6200,51.6365,51.6100,51.6100,17700
1469110084,51.6100,51.6300,51.6100,51.6200,9300
1469110196,51.6000,51.6100,51.5950,51.6100,2100
1469110259,51.6000,51.6000,51.5701,51.6000,28300
1469110317,51.5900,51.6100,51.5900,51.6100,10700
1469110377,51.5835,51.6040,51.5800,51.5900,11500
1469110438,51.5800,51.5800,51.5700,51.5800,18300
1469110442,51.5800,51.5800,51.5800,51.5800,100
1469110499,51.6000,51.6000,51.5850,51.5900,743400
1469110543,51.5933,51.6000,51.5801,51.6000,65400
1469110566,51.6000,51.6000,51.6000,51.6000,7900
1469110672,51.6000,51.6000,51.5750,51.5800,15200
1469110709,51.6000,51.6000,51.5910,51.5910,1600
1469110793,51.6450,51.6450,51.6050,51.6050,19700
1469110854,51.6300,51.6355,51.6200,51.6355,15500
1469110902,51.6360,51.6360,51.6340,51.6340,1900
1469110977,51.6400,51.6400,51.6201,51.6201,7300
1469111009,51.6600,51.6600,51.6500,51.6500,4600
1469111099,51.7000,51.7100,51.6500,51.6536,63200
1469111154,51.7300,51.7400,51.7050,51.7100,101000
1469111212,51.7100,51.7300,51.7100,51.7300,10300
1469111266,51.7150,51.7300,51.7100,51.7100,11500
1469111315,51.7150,51.7150,51.7100,51.7150,10300
1469111399,51.6950,51.7100,51.6950,51.7100,33600
1469111402,51.6950,51.6950,51.6950,51.6950,100
