uri:/instrument/1.0/XLU/chartdata;type=quote;range=1d/csv
ticker:xlu
Company-Name:SPDR Select Sector Fund - Utili
Exchange-Name:PCX
unit:MIN
timezone:EDT
currency:USD
gmtoffset:-14400
previous_close:52.1500
Timestamp:1468935000,1468958400
labels:1468936800,1468940400,1468944000,1468947600,1468951200,1468954800,1468958400
values:Timestamp,close,high,low,open,volume
close:51.8350,52.1800
high:51.8400,52.1800
low:51.8200,52.1600
open:51.8300,52.1800
volume:100,2819000
1468935053,52.1800,52.1800,52.1600,52.1800,88800
1468935064,52.1490,52.1749,52.1400,52.1749,22700
1468935179,52.0000,52.1550,52.0000,52.1550,76400
1468935233,52.0450,52.0600,52.0000,52.0000,115700
1468935244,52.0400,52.0650,52.0300,52.0500,70900
1468935306,51.9700,52.0550,51.9700,52.0500,32500
1468935418,51.9750,51.9800,51.9500,51.9750,54000
1468935479,51.9700,52.0000,51.9700,51.9800,42400
1468935539,51.9900,52.0100,51.9700,51.9799,45500
1468935598,51.9700,52.0100,51.9700,51.9850,64300
1468935658,52.0300,52.0300,51.9700,51.9700,60200
1468935717,51.9400,52.0200,51.9310,52.0200,63600
1468935777,51.9500,51.9700,51.9150,51.9450,54400
1468935783,51.9250,51.9600,51.9000,51.9500,38600
1468935844,51.9200,51.9650,51.9200,51.9250,48400
1468935958,51.9050,51.9350,51.8800,51.9200,32100
1468936006,51.9000,51.9150,51.8900,51.9050,30200
1468936079,51.8800,51.9100,51.8750,51.8900,24400
1468936137,51.8800,51.9000,51.8700,51.8800,26800
1468936140,51.9100,51.9100,51.8700,51.8800,17500
1468936201,51.9200,51.9700,51.9200,51.9300,31700
1468936318,51.9337,51.9400,51.9100,51.9200,35900
1468936322,51.9400,51.9400,51.9000,51.9300,23200
1468936433,51.9500,51.9500,51.9300,51.9300,11000
1468936496,51.9500,51.9500,51.9300,51.9500,13700
1468936548,51.9500,51.9700,51.9200,51.9600,50900
1468936617,51.9700,51.9700,51.9250,51.9300,42400
1468936677,51.9900,52.0000,51.9650,51.9700,54200
1468936680,51.9800,52.0000,51.9650,51.9899,42800
1468936798,51.9400,51.9800,51.9300,51.9800,47700
1468936857,51.9600,51.9600,51.9300,51.9400,49100
1468936860,51.9600,51.9756,51.9600,51.9600,47100
1468936974,51.9800,51.9850,51.9600,51.9600,43700
1468937026,51.9800,51.9850,51.9700,51.9800,32700
1468937040,51.9750,52.0000,51.9750,51.9800,10700
1468937157,51.9600,51.9900,51.9600,51.9800,7400
1468937209,51.9700,51.9700,51.9600,51.9600,13700
1468937278,51.9600,51.9740,51.9450,51.9700,16500
1468937338,51.9150,51.9550,51.9050,51.9500,10500
1468937340,51.9200,51.9300,51.9100,51.9190,11900
1468937458,51.9200,51.9250,51.8923,51.9250,10600
1468937519,51.9100,51.9400,51.9100,51.9300,40000
1468937578,51.9100,51.9300,51.9000,51.9150,21000
1468937635,51.9100,51.9200,51.9000,51.9100,14000
1468937699,51.9000,51.9110,51.8900,51.9000,20400
1468937759,51.8950,51.9100,51.8900,51.8900,8000
1468937766,51.9000,51.9000,51.8900,51.8900,17900
1468937879,51.8900,51.9100,51.8900,51.9000,18000
1468937939,51.8750,51.8950,51.8750,51.8950,18000
1468937994,51.8450,51.8700,51.8400,51.8700,41900
1468938057,51.8400,51.8500,51.8400,51.8400,19000
1468938100,51.8800,51.8800,51.8400,51.8500,10200
1468938179,51.8950,51.8950,51.8800,51.8890,38900
1468938180,51.9000,51.9100,51.8950,51.9000,26600
1468938248,51.9200,51.9200,51.9000,51.9100,6000
1468938358,51.9150,51.9300,51.9150,51.9200,23100
1468938418,51.9201,51.9300,51.9100,51.9100,11600
1468938477,51.9200,51.9200,51.9000,51.9200,13500
1468938485,51.9200,51.9200,51.9200,51.9200,1000
1468938544,51.9150,51.9200,51.9000,51.9200,10000
1468938658,51.8900,51.9200,51.8900,51.9150,6800
1468938711,51.9000,51.9000,51.8900,51.8900,7400
1468938752,51.9050,51.9100,51.9000,51.9100,3800
1468938832,51.9000,51.9000,51.8850,51.8900,22300
1468938845,51.8900,51.8900,51.8850,51.8900,13300
1468938914,51.8744,51.8900,51.8744,51.8900,9500
1468939019,51.8500,51.8700,51.8500,51.8700,15300
1468939078,51.8650,51.8700,51.8400,51.8500,22900
1468939139,51.8700,51.8700,51.8600,51.8650,22000
1468939197,51.8800,51.8800,51.8600,51.8600,11600
1468939259,51.8800,51.8850,51.8700,51.8800,16400
1468939263,51.8700,51.8800,51.8700,51.8800,3500
1468939379,51.8600,51.8600,51.8500,51.8600,13600
1468939384,51.8650,51.8750,51.8530,51.8600,13800
1468939453,51.8400,51.8650,51.8400,51.8650,15700
1468939547,51.8350,51.8500,51.8300,51.8450,19700
1468939619,51.8400,51.8450,51.8200,51.8300,51400
1468939626,51.8500,51.8500,51.8300,51.8350,13800
1468939733,51.8550,51.8562,51.8450,51.8500,8500
1468939793,51.8450,51.8600,51.8450,51.8550,6300
1468939857,51.8400,51.8600,51.8400,51.8500,20500
1468939864,51.8600,51.8700,51.8500,51.8500,27700
1468939978,51.8550,51.8600,51.8500,51.8500,7300
1468940030,51.8599,51.8600,51.8450,51.8500,5100
1468940097,51.8500,51.8600,51.8439,51.8600,2700
1468940159,51.8500,51.8600,51.8450,51.8500,11300
1468940210,51.8400,51.8500,51.8400,51.8500,6900
1468940272,51.8400,51.8500,51.8300,51.8400,5700
1468940339,51.8500,51.8500,51.8400,51.8400,16100
1468940398,51.8600,51.8600,51.8500,51.8500,4100
1468940454,51.8650,51.8700,51.8500,51.8550,13000
1468940518,51.8650,51.8765,51.8600,51.8650,28200
1468940575,51.8600,51.8700,51.8600,51.8600,9000
1468940614,51.8675,51.8675,51.8600,51.8600,10700
1468940655,51.8600,51.8700,51.8600,51.8600,3100
1468940741,51.8600,51.8700,51.8500,51.8500,2700
1468940816,51.8400,51.8600,51.8400,51.8600,17900
1468940879,51.8500,51.8500,51.8400,51.8450,10600
1468940938,51.8600,51.8600,51.8500,51.8600,3000
1468940998,51.8600,51.8700,51.8500,51.8600,4500
1468941057,51.8600,51.8650,51.8600,51.8600,12600
1468941113,51.8700,51.8700,51.8550,51.8550,17700
1468941132,51.8600,51.8700,51.8550,51.8677,6200
1468941187,51.8450,51.8600,51.8450,51.8550,9600
1468941240,51.8400,51.8500,51.8350,51.8450,16400
1468941359,51.8400,51.8400,51.8300,51.8400,20800
1468941363,51.8600,51.8600,51.8300,51.8400,35900
1468941479,51.8800,51.8850,51.8500,51.8600,34200
1468941535,51.8950,51.9000,51.8800,51.8800,11600
1468941599,51.9050,51.9100,51.8900,51.8900,41800
1468941658,51.9000,51.9100,51.8900,51.9000,47700
1468941718,51.9150,51.9150,51.8950,51.9000,27500
1468941775,51.9200,51.9200,51.9199,51.9199,19200
1468941780,51.9400,51.9400,51.9200,51.9200,7900
1468941894,51.9200,51.9400,51.9100,51.9300,5900
1468941954,51.9123,51.9300,51.9123,51.9299,4100
1468942019,51.9000,51.9200,51.9000,51.9200,11900
1468942077,51.8949,51.9100,51.8900,51.9000,14700
1468942139,51.9100,51.9100,51.8999,51.8999,8600
1468942198,51.9200,51.9300,51.9100,51.9100,4600
1468942258,51.9200,51.9300,51.9200,51.9290,6500
1468942313,51.9300,51.9300,51.9194,51.9200,5900
1468942329,51.9300,51.9300,51.9200,51.9200,2800
1468942436,51.9500,51.9500,51.9300,51.9300,6500
1468942445,51.9570,51.9574,51.9400,51.9500,11000
1468942558,51.9700,51.9700,51.9500,51.9500,23300
1468942611,51.9500,51.9700,51.9500,51.9650,36700
1468942679,51.9500,51.9500,51.9400,51.9500,15400
1468942732,51.9401,51.9500,51.9400,51.9500,16900
1468942793,51.9400,51.9500,51.9400,51.9500,5600
1468942853,51.9600,51.9600,51.9400,51.9400,17600
1468942915,51.9400,51.9575,51.9400,51.9500,7100
1468942979,51.9500,51.9500,51.9400,51.9400,6400
1468943039,51.9500,51.9500,51.9500,51.9500,12200
1468943040,51.9500,51.9500,51.9500,51.9500,3000
1468943104,51.9300,51.9500,51.9300,51.9450,35200
1468943218,51.9250,51.9300,51.9200,51.9300,10100
1468943221,51.9200,51.9300,51.9150,51.9300,3200
1468943284,51.9300,51.9300,51.9163,51.9200,11400
1468943343,51.9300,51.9300,51.9200,51.9300,2900
1468943444,51.9300,51.9300,51.9200,51.9260,12100
1468943518,51.9044,51.9250,51.9000,51.9250,38000
1468943579,51.9000,51.9050,51.8910,51.9050,16500
1468943581,51.9000,51.9000,51.8900,51.8950,32700
1468943699,51.9000,51.9100,51.9000,51.9000,19800
1468943701,51.8950,51.9100,51.8950,51.9000,13300
1468943819,51.8900,51.9000,51.8800,51.9000,52500
1468943879,51.9000,51.9200,51.8900,51.8950,21400
1468943934,51.8800,51.8900,51.8650,51.8900,52200
1468943951,51.8700,51.8800,51.8700,51.8700,8200
1468944004,51.8800,51.8850,51.8710,51.8800,12700
1468944065,51.8900,51.8900,51.8800,51.8800,2300
1468944179,51.8900,51.9000,51.8800,51.8900,16900
1468944238,51.8800,51.8900,51.8700,51.8800,16400
1468944297,51.8850,51.8900,51.8800,51.8800,3400
1468944356,51.9100,51.9100,51.8850,51.8850,8500
1468944363,51.9000,51.9100,51.9000,51.9100,13100
1468944472,51.8900,51.8900,51.8800,51.8900,8800
1468944538,51.8800,51.8900,51.8800,51.8900,8400
1468944588,51.9200,51.9200,51.8900,51.8900,11400
1468944601,51.9300,51.9300,51.9100,51.9200,20600
1468944660,51.9467,51.9600,51.9300,51.9300,19800
1468944775,51.9600,51.9600,51.9450,51.9450,17200
1468944781,51.9600,51.9600,51.9544,51.9600,16600
1468944842,51.9800,51.9800,51.9600,51.9600,16500
1468944904,51.9700,51.9850,51.9700,51.9850,19800
1468945019,51.9700,51.9800,51.9610,51.9650,9600
1468945078,51.9700,51.9700,51.9658,51.9700,5900
1468945128,51.9800,51.9800,51.9700,51.9700,11700
1468945197,51.9800,51.9900,51.9800,51.9850,18400
1468945249,51.9700,51.9836,51.9700,51.9836,7000
1468945271,51.9650,51.9700,51.9650,51.9700,1000
1468945377,51.9700,51.9750,51.9690,51.9690,9000
1468945383,51.9900,51.9900,51.9700,51.9750,13700
1468945492,52.0050,52.0050,51.9800,51.9800,8500
1468945556,51.9800,52.0050,51.9800,52.0050,10600
1468945619,51.9956,52.0000,51.9800,51.9850,46700
1468945621,52.0200,52.0200,52.0000,52.0000,10600
1468945739,52.0200,52.0200,52.0161,52.0200,2900
1468945748,52.0015,52.0200,52.0000,52.0100,11100
1468945800,52.0100,52.0100,52.0000,52.0100,1300
1468945899,52.0100,52.0100,52.0020,52.0100,1000
1468945972,51.9850,52.0100,51.9800,52.0100,16500
1468945982,51.9900,51.9900,51.9900,51.9900,8700
1468946088,51.9939,51.9999,51.9899,51.9899,5700
1468946158,51.9800,52.0000,51.9800,52.0000,41600
1468946181,51.9900,51.9900,51.9800,51.9850,8000
1468946221,52.0000,52.0000,51.9900,51.9900,4400
1468946336,52.0000,52.0050,52.0000,52.0050,700
1468946386,52.0100,52.0200,52.0000,52.0100,9900
1468946401,51.9900,52.0050,51.9900,52.0050,13700
1468946495,51.9901,51.9901,51.9900,51.9900,600
1468946522,51.9900,52.0000,51.9900,51.9940,5200
1468946636,52.0050,52.0050,51.9900,52.0000,3300
1468946688,51.9900,52.0074,51.9900,52.0000,4900
1468946707,52.0051,52.0100,51.9970,52.0000,16200
1468946768,51.9916,52.0000,51.9900,52.0000,8200
1468946876,51.9900,52.0000,51.9900,52.0000,2100
1468946888,52.0300,52.0300,52.0000,52.0000,11200
1468946997,52.0050,52.0300,52.0050,52.0300,297300
1468947049,52.0200,52.0200,52.0050,52.0052,14900
1468947065,52.0250,52.0400,52.0200,52.0300,214700
1468947121,52.0200,52.0290,52.0200,52.0200,4300
1468947231,52.0300,52.0300,52.0150,52.0200,6700
1468947295,52.0450,52.0450,52.0400,52.0400,1200
1468947346,52.0300,52.0450,52.0300,52.0400,12400
1468947408,52.0200,52.0300,52.0200,52.0300,3800
1468947474,52.0300,52.0301,52.0300,52.0300,3900
1468947534,52.0300,52.0400,52.0300,52.0350,3200
1468947540,52.0300,52.0350,52.0300,52.0300,5100
1468947645,52.0300,52.0300,52.0200,52.0300,2200
1468947665,52.0200,52.0350,52.0200,52.0234,3800
1468947779,52.0200,52.0250,52.0200,52.0250,4600
1468947838,52.0200,52.0200,52.0100,52.0200,26200
1468947892,52.0200,52.0299,52.0100,52.0200,3600
1468947916,52.0063,52.0100,52.0000,52.0100,12300
1468948010,52.0200,52.0200,52.0000,52.0000,6400
1468948024,51.9950,52.0200,51.9950,52.0200,4100
1468948129,52.0000,52.0100,51.9900,52.0000,5100
1468948198,52.0000,52.0100,52.0000,52.0100,1900
1468948254,52.0000,52.0150,52.0000,52.0100,9400
1468948315,51.9600,52.0100,51.9600,52.0099,90200
1468948334,51.9700,51.9700,51.9600,51.9650,14500
1468948384,51.9800,51.9875,51.9700,51.9760,8500
1468948450,51.9600,51.9800,51.9600,51.9800,7800
1468948555,51.9800,51.9850,51.9700,51.9700,11400
1468948612,51.9800,51.9800,51.9700,51.9700,1200
1468948621,51.9500,51.9750,51.9500,51.9750,7900
1468948732,51.9300,51.9450,51.9300,51.9450,40100
1468948798,51.9500,51.9500,51.9350,51.9400,7900
1468948803,51.9500,51.9500,51.9450,51.9500,1100
1468948883,51.9500,51.9600,51.9500,51.9600,5100
1468948945,51.9600,51.9600,51.9500,51.9517,700
1468948985,51.9500,51.9600,51.9499,51.9600,3700
1468949092,51.9400,51.9450,51.9300,51.9400,2100
1468949158,51.9350,51.9500,51.9300,51.9400,7300
1468949213,51.9400,51.9600,51.9350,51.9400,10500
1468949277,51.9200,51.9400,51.9200,51.9300,14800
1468949280,51.9250,51.9300,51.9201,51.9201,11300
1468949347,51.9250,51.9300,51.9200,51.9300,1500
1468949415,51.9300,51.9300,51.9200,51.9250,15300
1468949468,51.9200,51.9350,51.9200,51.9277,15100
1468949564,51.9400,51.9400,51.9200,51.9250,12000
1468949628,51.9400,51.9400,51.9300,51.9300,8100
1468949698,51.9360,51.9400,51.9250,51.9300,26200
1468949705,51.9350,51.9400,51.9300,51.9350,8700
1468949819,51.9350,51.9390,51.9300,51.9390,1800
1468949869,51.9590,51.9590,51.9400,51.9400,17000
1468949893,51.9500,51.9600,51.9500,51.9550,9400
1468949998,51.9400,51.9450,51.9300,51.9400,7800
1468950051,51.9400,51.9400,51.9303,51.9400,7800
1468950117,51.9600,51.9600,51.9400,51.9400,5100
1468950178,51.9700,51.9700,51.9559,51.9559,2100
1468950238,51.9700,51.9800,51.9600,51.9700,31300
1468950242,51.9700,51.9800,51.9700,51.9800,8000
1468950319,51.9700,51.9700,51.9600,51.9680,4900
1468950418,51.9700,51.9750,51.9600,51.9600,7800
1468950439,51.9700,51.9750,51.9600,51.9650,4200
1468950528,51.9700,51.9700,51.9700,51.9700,2000
1468950579,51.9600,51.9650,51.9600,51.9650,12500
1468950645,51.9650,51.9650,51.9600,51.9650,900
1468950719,51.9700,51.9700,51.9600,51.9650,22900
1468950778,51.9600,51.9700,51.9600,51.9700,4800
1468950839,51.9500,51.9600,51.9500,51.9590,700
1468950840,51.9600,51.9700,51.9590,51.9600,9900
1468950908,51.9650,51.9650,51.9550,51.9600,5000
1468951018,51.9650,51.9650,51.9600,51.9600,1600
1468951022,51.9650,51.9690,51.9550,51.9650,5100
1468951135,51.9650,51.9650,51.9600,51.9650,800
1468951143,51.9610,51.9700,51.9600,51.9650,3900
1468951256,51.9600,51.9600,51.9500,51.9600,6900
1468951262,51.9550,51.9600,51.9550,51.9600,1000
1468951326,51.9530,51.9560,51.9530,51.9560,800
1468951439,51.9550,51.9600,51.9500,51.9562,2900
1468951440,51.9650,51.9700,51.9600,51.9600,6800
1468951550,51.9465,51.9600,51.9465,51.9600,12900
1468951562,51.9600,51.9600,51.9500,51.9500,9000
1468951677,51.9600,51.9700,51.9550,51.9550,13700
1468951722,51.9600,51.9640,51.9600,51.9600,1500
1468951787,51.9700,51.9759,51.9600,51.9600,118000
1468951859,51.9700,51.9750,51.9700,51.9700,4000
1468951913,51.9700,51.9800,51.9700,51.9700,3500
1468951978,51.9700,51.9750,51.9700,51.9700,2900
1468952034,51.9700,51.9750,51.9700,51.9700,18500
1468952096,51.9710,51.9750,51.9700,51.9732,29000
1468952159,51.9900,51.9900,51.9700,51.9700,33100
1468952218,51.9900,51.9950,51.9810,51.9900,20300
1468952268,51.9899,51.9900,51.9890,51.9890,600
1468952281,51.9900,52.0000,51.9840,51.9900,47400
1468952394,51.9900,52.0000,51.9900,51.9900,12000
1468952409,51.9950,51.9965,51.9900,51.9900,25800
1468952501,51.9901,51.9965,51.9900,51.9965,400
1468952579,51.9900,52.0000,51.9900,52.0000,2400
1468952581,51.9950,52.0000,51.9900,51.9900,5600
1468952644,52.0100,52.0100,51.9900,51.9900,45100
1468952725,52.0200,52.0200,52.0100,52.0100,10700
1468952817,52.0050,52.0200,52.0000,52.0200,8100
1468952823,52.0067,52.0100,52.0050,52.0077,5900
1468952924,52.0050,52.0050,52.0050,52.0050,300
1468952998,52.0000,52.0090,52.0000,52.0090,18300
1468953034,52.0000,52.0000,52.0000,52.0000,8900
1468953117,52.0100,52.0100,51.9939,52.0000,3200
1468953124,52.0000,52.0100,52.0000,52.0100,7200
1468953227,52.0060,52.0060,51.9950,51.9950,4500
1468953294,52.0100,52.0100,52.0000,52.0100,1500
1468953304,51.9950,52.0100,51.9950,52.0050,7200
1468953407,52.0000,52.0000,51.9900,51.9960,1900
1468953421,51.9900,52.0000,51.9800,51.9900,35900
1468953486,51.9950,52.0000,51.9800,51.9800,42200
1468953579,51.9900,51.9950,51.9850,51.9900,15800
1468953602,52.0050,52.0050,51.9850,51.9900,7700
1468953699,52.0000,52.0080,52.0000,52.0065,1600
1468953765,52.0000,52.0100,52.0000,52.0030,159100
1468953783,51.9950,52.0100,51.9901,52.0100,8400
1468953898,52.0000,52.0000,51.9910,51.9950,3000
1468953902,51.9964,52.0000,51.9900,52.0000,4700
1468953996,51.9810,51.9950,51.9810,51.9950,2000
1468954038,51.9900,51.9900,51.9824,51.9824,1600
1468954131,51.9900,52.0000,51.9856,51.9856,9000
1468954190,52.0000,52.0000,51.9860,51.9900,17500
1468954256,52.0000,52.0000,51.9914,52.0000,2800
1468954316,51.9950,52.0000,51.9900,51.9976,3500
1468954320,51.9950,52.0000,51.9910,51.9950,2100
1468954437,52.0000,52.0000,51.9900,51.9963,2600
1468954497,52.0000,52.0000,51.9900,52.0000,4400
1468954559,51.9950,52.0000,51.9900,52.0000,5600
1468954613,51.9850,51.9900,51.9800,51.9900,4000
1468954626,51.9800,51.9900,51.9800,51.9800,3500
1468954681,51.9700,51.9850,51.9700,51.9800,7900
1468954757,51.9600,51.9750,51.9600,51.9750,2600
1468954848,51.9700,51.9700,51.9600,51.9600,1500
1468954918,51.9750,51.9800,51.9610,51.9610,8800
1468954979,51.9650,51.9739,51.9650,51.9739,4100
1468955036,51.9700,51.9750,51.9615,51.9636,13500
1468955096,51.9700,51.9700,51.9650,51.9700,2700
1468955130,51.9800,51.9850,51.9700,51.9700,6000
1468955209,51.9750,51.9850,51.9701,51.9810,13600
1468955277,51.9700,51.9800,51.9700,51.9790,10400
1468955281,51.9740,51.9750,51.9700,51.9700,3900
1468955399,51.9800,51.9800,51.9700,51.9750,6400
1468955459,51.9850,51.9900,51.9750,51.9850,17100
1468955463,51.9600,51.9900,51.9600,51.9850,9200
1468955521,51.9700,51.9700,51.9600,51.9700,4500
1468955580,51.9700,51.9700,51.9600,51.9650,7700
1468955696,51.9700,51.9750,51.9600,51.9700,9200
1468955702,51.9800,51.9800,51.9600,51.9700,13400
1468955819,51.9800,51.9800,51.9700,51.9800,1100
1468955874,51.9750,51.9800,51.9750,51.9800,2100
1468955880,51.9850,51.9850,51.9700,51.9800,5700
1468955943,52.0100,52.0200,51.9890,51.9900,162600
1468956059,52.0100,52.0200,52.0050,52.0142,26900
1468956109,52.0100,52.0150,52.0100,52.0100,2700
1468956177,52.0000,52.0150,51.9950,52.0100,14400
1468956235,52.0100,52.0100,51.9900,51.9900,11400
1468956243,52.0100,52.0100,52.0000,52.0100,2200
1468956359,52.0100,52.0175,52.0100,52.0100,10200
1468956418,52.0250,52.0300,52.0000,52.0100,175000
1468956421,52.0135,52.0300,52.0135,52.0200,4200
1468956536,52.0100,52.0150,52.0100,52.0100,7500
1468956598,52.0100,52.0100,51.9950,52.0100,54100
1468956605,52.0000,52.0100,52.0000,52.0050,2200
1468956718,52.0100,52.0100,52.0000,52.0030,4400
1468956776,52.0100,52.0200,52.0000,52.0050,18000
1468956832,52.0100,52.0150,52.0100,52.0100,5600
1468956899,52.0100,52.0150,52.0100,52.0100,7300
1468956957,52.0100,52.0190,52.0100,52.0100,5000
1468957018,52.0100,52.0200,52.0100,52.0100,4600
1468957021,52.0100,52.0200,52.0100,52.0150,4000
1468957081,52.0150,52.0200,52.0100,52.0100,9100
1468957144,52.0100,52.0200,52.0100,52.0150,6000
1468957248,52.0250,52.0300,52.0100,52.0100,38600
1468957261,52.0200,52.0275,52.0200,52.0200,4600
1468957367,52.0150,52.0200,52.0100,52.0200,20100
1468957439,52.0300,52.0300,52.0100,52.0150,10500
1468957498,52.0250,52.0290,52.0200,52.0250,5100
1468957559,52.0200,52.0300,52.0200,52.0200,13100
1468957619,52.0200,52.0250,52.0200,52.0250,5400
1468957678,52.0200,52.0300,52.0200,52.0200,6400
1468957680,52.0200,52.0300,52.0200,52.0200,15700
1468957740,52.0200,52.0200,52.0200,52.0200,100
1468957797,52.0050,52.0200,52.0000,52.0200,2819000
1468957856,52.0173,52.0200,52.0000,52.0000,95400
1468957912,52.0150,52.0150,52.0100,52.0100,2300
1468957978,52.0100,52.0200,52.0100,52.0150,10500
1468958039,52.0132,52.0200,52.0100,52.0200,9100
1468958099,52.0100,52.0200,52.0100,52.0150,23200
1468958153,52.0101,52.0200,52.0100,52.0100,15500
1468958217,52.0250,52.0300,52.0100,52.0100,63800
1468958278,52.0500,52.0500,52.0200,52.0200,460700
1468958339,52.0500,52.0500,52.0400,52.0500,52200
1468958395,52.0500,52.0600,52.0400,52.0450,128300
1468958400,52.0450,52.0450,52.0450,52.0450,8500
