uri:/instrument/1.0/SNE/chartdata;type=quote;range=1d/csv
ticker:sne
Company-Name:Sony Corporation Common Stock
Exchange-Name:NYQ
unit:MIN
timezone:EDT
currency:USD
gmtoffset:-14400
previous_close:30.2100
Timestamp:1469626200,1469649600
labels:1469628000,1469631600,1469635200,1469638800,1469642400,1469646000,1469649600
values:Timestamp,close,high,low,open,volume
close:30.2700,30.6700
high:30.2900,30.6700
low:30.2700,30.6600
open:30.2800,30.6700
volume:100,74400
1469626222,30.6000,30.6200,30.6000,30.6200,17100
1469626316,30.6100,30.6101,30.6100,30.6100,4900
1469626413,30.6200,30.6200,30.6100,30.6100,2200
1469626474,30.6300,30.6300,30.6154,30.6154,3000
1469626546,30.6700,30.6700,30.6400,30.6500,2600
1469626571,30.6600,30.6700,30.6600,30.6700,1500
1469626652,30.6500,30.6550,30.6500,30.6500,2300
1469626739,30.6600,30.6700,30.6400,30.6400,4700
1469626791,30.6502,30.6600,30.6502,30.6600,200
1469626818,30.6500,30.6500,30.6500,30.6500,1000
1469626917,30.6100,30.6500,30.6100,30.6500,2000
1469626927,30.6000,30.6200,30.6000,30.6200,3400
1469627094,30.6400,30.6500,30.6200,30.6200,4100
1469627132,30.6300,30.6400,30.6300,30.6300,1000
1469627178,30.6300,30.6400,30.6300,30.6300,900
1469627238,30.6200,30.6400,30.6200,30.6400,1700
1469627339,30.6000,30.6200,30.6000,30.6200,1400
1469627350,30.6100,30.6200,30.6050,30.6050,1800
1469627433,30.6100,30.6100,30.6100,30.6100,300
1469627464,30.6050,30.6100,30.5810,30.6070,5200
1469627639,30.6000,30.6100,30.5900,30.6100,3500
1469627640,30.5900,30.6000,30.5800,30.5950,3800
1469627724,30.5800,30.5800,30.5800,30.5800,100
1469627811,30.5800,30.5800,30.5800,30.5800,800
1469627837,30.6000,30.6000,30.5900,30.5900,300
1469627920,30.5900,30.5900,30.5800,30.5900,2800
1469627998,30.6100,30.6100,30.5900,30.5900,2900
1469628011,30.6000,30.6100,30.6000,30.6100,1500
1469628179,30.5900,30.6000,30.5900,30.6000,1000
1469628248,30.5710,30.5710,30.5710,30.5710,800
1469628354,30.5535,30.5700,30.5500,30.5700,2700
1469628366,30.5300,30.5500,30.5300,30.5500,3700
1469628432,30.5200,30.5300,30.5140,30.5300,5900
1469628488,30.5300,30.5300,30.5200,30.5250,1300
1469628573,30.5299,30.5299,30.5299,30.5299,100
1469628655,30.5200,30.5300,30.5200,30.5290,300
1469628719,30.5600,30.5600,30.5300,30.5300,4600
1469628758,30.5600,30.5600,30.5600,30.5600,400
1469628879,30.5400,30.5500,30.5350,30.5500,6600
1469628983,30.5300,30.5300,30.5200,30.5200,1200
1469629054,30.5000,30.5250,30.4850,30.5250,28700
1469629104,30.4900,30.4900,30.4900,30.4900,1800
1469629194,30.4900,30.4900,30.4900,30.4900,2400
1469629256,30.5000,30.5000,30.5000,30.5000,100
1469629280,30.4800,30.5000,30.4800,30.4950,4700
1469629413,30.4900,30.4900,30.4710,30.4710,1600
1469629471,30.4790,30.4800,30.4790,30.4800,1500
1469629500,30.4900,30.4900,30.4800,30.4800,300
1469629643,30.4700,30.4800,30.4700,30.4800,2000
1469629736,30.4800,30.4800,30.4800,30.4800,200
1469629747,30.4600,30.4700,30.4600,30.4700,1600
1469629863,30.4400,30.4600,30.4400,30.4600,6100
1469629924,30.4400,30.4400,30.4310,30.4400,4800
1469630038,30.4300,30.4400,30.4300,30.4400,1900
1469630088,30.4100,30.4200,30.4100,30.4200,200
1469630105,30.4300,30.4300,30.4100,30.4100,300
1469630180,30.4300,30.4300,30.4300,30.4300,200
1469630275,30.4400,30.4400,30.4267,30.4267,3500
1469630311,30.4300,30.4300,30.4250,30.4250,600
1469630397,30.4290,30.4400,30.4290,30.4400,700
1469630485,30.4100,30.4100,30.4100,30.4100,1900
1469630527,30.3900,30.4131,30.3850,30.4131,7000
1469630632,30.4100,30.4100,30.4100,30.4100,100
1469630674,30.4000,30.4100,30.4000,30.4100,2300
1469630718,30.3917,30.4000,30.3917,30.3917,2200
1469630764,30.4200,30.4200,30.4100,30.4100,300
1469630850,30.4190,30.4190,30.4100,30.4100,2200
1469630881,30.4200,30.4200,30.4138,30.4138,700
1469630971,30.4100,30.4200,30.4100,30.4200,2000
1469631008,30.3802,30.4000,30.3802,30.4000,2200
1469631112,30.4190,30.4190,30.4100,30.4100,500
1469631134,30.4200,30.4200,30.4200,30.4200,1400
1469631336,30.4200,30.4200,30.4200,30.4200,700
1469631415,30.4100,30.4200,30.4100,30.4200,300
1469631472,30.4100,30.4100,30.4100,30.4100,500
1469631489,30.4200,30.4200,30.4200,30.4200,1000
1469631573,30.4100,30.4200,30.4100,30.4200,400
1469631654,30.4100,30.4100,30.4050,30.4050,400
1469631719,30.4100,30.4200,30.4010,30.4200,3700
1469631777,30.4050,30.4100,30.4050,30.4100,700
1469631810,30.4150,30.4150,30.4100,30.4100,300
1469631894,30.4300,30.4300,30.4300,30.4300,2600
1469631900,30.4200,30.4200,30.4100,30.4200,900
1469631969,30.4150,30.4200,30.4150,30.4200,200
1469632049,30.4300,30.4300,30.4300,30.4300,600
1469632169,30.4200,30.4200,30.4200,30.4200,1500
1469632257,30.4100,30.4100,30.4000,30.4000,600
1469632262,30.4200,30.4200,30.4101,30.4200,700
1469632419,30.4000,30.4000,30.3950,30.4000,4200
1469632442,30.4000,30.4000,30.4000,30.4000,2200
1469632529,30.4000,30.4000,30.3900,30.3900,900
1469632619,30.4000,30.4000,30.4000,30.4000,400
1469632663,30.4100,30.4100,30.4100,30.4100,900
1469632703,30.3999,30.4000,30.3999,30.4000,800
1469632792,30.3800,30.3800,30.3800,30.3800,100
1469632853,30.3700,30.3790,30.3700,30.3790,600
1469632873,30.3650,30.3700,30.3650,30.3650,300
1469633017,30.3600,30.3700,30.3600,30.3700,300
1469633053,30.3600,30.3663,30.3600,30.3663,600
1469633157,30.3837,30.3900,30.3837,30.3900,2800
1469633217,30.4000,30.4000,30.3900,30.3900,1600
1469633271,30.3900,30.4000,30.3900,30.4000,2000
1469633280,30.4000,30.4100,30.3850,30.3900,3600
1469633407,30.4000,30.4100,30.4000,30.4050,2200
1469633515,30.3800,30.3900,30.3800,30.3900,1400
1469633530,30.3900,30.3900,30.3900,30.3900,300
1469633585,30.4190,30.4190,30.4100,30.4100,700
1469633689,30.4200,30.4200,30.4200,30.4200,1200
1469633752,30.4400,30.4400,30.4400,30.4400,2000
1469633766,30.4200,30.4300,30.4200,30.4300,600
1469633872,30.4500,30.4500,30.4250,30.4250,800
1469633963,30.4200,30.4400,30.4200,30.4400,800
1469634045,30.4400,30.4400,30.4300,30.4300,1100
1469634116,30.4400,30.4400,30.4400,30.4400,600
1469634131,30.4400,30.4400,30.4400,30.4400,100
1469634259,30.4450,30.4450,30.4400,30.4427,1100
1469634354,30.4400,30.4400,30.4400,30.4400,400
1469634365,30.4350,30.4400,30.4350,30.4400,1100
1469634423,30.4200,30.4400,30.4200,30.4400,3100
1469634641,30.4300,30.4300,30.4300,30.4300,300
1469634667,30.4300,30.4300,30.4300,30.4300,700
1469634854,30.4300,30.4300,30.4290,30.4299,900
1469634958,30.4300,30.4300,30.4300,30.4300,2000
1469635015,30.4137,30.4250,30.4137,30.4250,2600
1469635073,30.4200,30.4200,30.4200,30.4200,500
1469635125,30.4200,30.4200,30.4200,30.4200,500
1469635181,30.4000,30.4000,30.4000,30.4000,1600
1469635201,30.4000,30.4000,30.4000,30.4000,1000
1469635265,30.3900,30.3900,30.3900,30.3900,700
1469635434,30.3850,30.4000,30.3850,30.4000,1200
1469635532,30.3900,30.3900,30.3900,30.3900,300
1469635578,30.3700,30.3700,30.3700,30.3700,300
1469635677,30.3800,30.3800,30.3700,30.3700,400
1469635682,30.3700,30.3700,30.3700,30.3700,1100
1469635928,30.3600,30.3700,30.3575,30.3700,2400
1469636023,30.3700,30.3750,30.3700,30.3700,700
1469636050,30.3550,30.3600,30.3550,30.3600,300
1469636126,30.3600,30.3700,30.3600,30.3600,500
1469636170,30.3700,30.3700,30.3700,30.3700,300
1469636266,30.3600,30.3650,30.3600,30.3600,2200
1469636286,30.3652,30.3652,30.3652,30.3652,200
1469636395,30.3500,30.3500,30.3500,30.3500,2100
1469636409,30.3400,30.3500,30.3400,30.3500,500
1469636490,30.3300,30.3400,30.3300,30.3300,2200
1469636577,30.3400,30.3400,30.3400,30.3400,300
1469636632,30.3400,30.3450,30.3300,30.3300,3300
1469636689,30.3300,30.3300,30.3300,30.3300,1700
1469636753,30.3300,30.3300,30.3300,30.3300,100
1469636766,30.3390,30.3390,30.3300,30.3300,800
1469637087,30.3400,30.3400,30.3400,30.3400,100
1469637267,30.3450,30.3500,30.3400,30.3400,2200
1469637352,30.3490,30.3490,30.3400,30.3400,900
1469637376,30.3500,30.3500,30.3500,30.3500,100
1469637479,30.3500,30.3500,30.3500,30.3500,1000
1469637501,30.3550,30.3550,30.3550,30.3550,200
1469637548,30.3700,30.3700,30.3650,30.3650,1100
1469637604,30.3700,30.3700,30.3700,30.3700,500
1469637681,30.3780,30.3780,30.3700,30.3750,1600
1469637806,30.3650,30.3700,30.3650,30.3700,2000
1469637895,30.3600,30.3700,30.3600,30.3700,2500
1469637900,30.3800,30.3800,30.3700,30.3700,600
1469638041,30.3650,30.3700,30.3650,30.3700,1200
1469638191,30.3710,30.3710,30.3710,30.3710,100
1469638251,30.3800,30.3800,30.3800,30.3800,100
1469638276,30.3800,30.3800,30.3800,30.3800,800
1469638463,30.3600,30.3600,30.3600,30.3600,900
1469638521,30.3700,30.3700,30.3700,30.3700,100
1469638612,30.3599,30.3610,30.3510,30.3600,8000
1469638623,30.3600,30.3600,30.3600,30.3600,100
1469638707,30.3600,30.3600,30.3600,30.3600,100
1469638745,30.3500,30.3600,30.3400,30.3600,7300
1469638832,30.3700,30.3700,30.3700,30.3700,1200
1469638861,30.3650,30.3650,30.3600,30.3650,5900
1469639030,30.3450,30.3500,30.3450,30.3500,800
1469639058,30.3500,30.3500,30.3500,30.3500,900
1469639110,30.3500,30.3600,30.3500,30.3600,200
1469639193,30.3510,30.3510,30.3500,30.3500,800
1469639325,30.3492,30.3492,30.3492,30.3492,800
1469639377,30.3490,30.3490,30.3490,30.3490,400
1469639421,30.3350,30.3400,30.3350,30.3400,2300
1469639512,30.3455,30.3455,30.3400,30.3400,800
1469639552,30.3300,30.3400,30.3300,30.3400,2000
1469639648,30.3200,30.3200,30.3200,30.3200,200
1469639723,30.3237,30.3300,30.3237,30.3300,300
1469639795,30.3200,30.3200,30.3200,30.3200,200
1469639823,30.3200,30.3200,30.3101,30.3101,200
1469639931,30.3200,30.3200,30.3100,30.3100,800
1469639998,30.3100,30.3200,30.3100,30.3200,300
1469640007,30.3100,30.3100,30.3100,30.3100,300
1469640148,30.3100,30.3100,30.3100,30.3100,500
1469640290,30.3150,30.3150,30.3150,30.3150,100
1469640342,30.3200,30.3200,30.3200,30.3200,200
1469640595,30.3000,30.3100,30.3000,30.3100,900
1469640613,30.3000,30.3000,30.3000,30.3000,200
1469640670,30.3000,30.3000,30.2900,30.3000,800
1469640733,30.3000,30.3000,30.3000,30.3000,700
1469640791,30.2900,30.2900,30.2850,30.2900,3000
1469640879,30.2950,30.3000,30.2950,30.3000,1900
1469640902,30.2930,30.2930,30.2930,30.2930,200
1469641116,30.3000,30.3000,30.3000,30.3000,300
1469641162,30.3000,30.3000,30.3000,30.3000,2600
1469641304,30.3282,30.3282,30.3100,30.3100,1200
1469641322,30.3200,30.3300,30.3200,30.3300,300
1469641401,30.3300,30.3350,30.3200,30.3200,2700
1469641541,30.3400,30.3400,30.3400,30.3400,400
1469641608,30.3500,30.3500,30.3500,30.3500,400
1469641632,30.3500,30.3500,30.3400,30.3400,300
1469641691,30.3300,30.3400,30.3300,30.3400,700
1469641846,30.3200,30.3300,30.3200,30.3300,500
1469641861,30.3130,30.3200,30.3130,30.3200,300
1469641938,30.3166,30.3166,30.3125,30.3125,1200
1469641988,30.3200,30.3200,30.3200,30.3200,100
1469642158,30.3100,30.3100,30.3100,30.3100,900
1469642161,30.3100,30.3100,30.3050,30.3050,2000
1469642236,30.3000,30.3000,30.3000,30.3000,100
1469642307,30.2900,30.3000,30.2900,30.3000,1200
1469642393,30.3300,30.3300,30.2800,30.2800,5200
1469642402,30.2700,30.3200,30.2700,30.3200,800
1469642567,30.3300,30.3300,30.3000,30.3100,3900
1469642623,30.3400,30.3400,30.3400,30.3400,1200
1469642651,30.3400,30.3400,30.3400,30.3400,700
1469642721,30.3500,30.3500,30.3500,30.3500,1700
1469642808,30.3600,30.3700,30.3600,30.3700,1600
1469642863,30.3700,30.3700,30.3700,30.3700,500
1469642928,30.3738,30.3738,30.3738,30.3738,200
1469642942,30.3500,30.3700,30.3500,30.3700,600
1469643053,30.3800,30.3900,30.3600,30.3600,6200
1469643112,30.3700,30.3800,30.3650,30.3800,1600
1469643157,30.3600,30.3600,30.3450,30.3500,3400
1469643229,30.3700,30.3800,30.3700,30.3700,1200
1469643285,30.3700,30.3700,30.3600,30.3600,1900
1469643343,30.3700,30.3700,30.3600,30.3650,800
1469643367,30.4000,30.4000,30.3758,30.3850,13400
1469643428,30.4100,30.4100,30.4100,30.4100,1700
1469643521,30.4300,30.4300,30.4300,30.4300,600
1469643557,30.4100,30.4200,30.4100,30.4200,700
1469643635,30.4100,30.4100,30.4100,30.4100,1300
1469643716,30.4100,30.4100,30.4100,30.4100,100
1469643724,30.4100,30.4100,30.4100,30.4100,300
1469643852,30.4100,30.4100,30.4050,30.4100,3500
1469643920,30.4100,30.4100,30.4100,30.4100,200
1469644002,30.4100,30.4100,30.4100,30.4100,100
1469644050,30.4000,30.4000,30.4000,30.4000,500
1469644111,30.4100,30.4100,30.4100,30.4100,800
1469644198,30.3900,30.3900,30.3900,30.3900,1200
1469644247,30.4000,30.4000,30.4000,30.4000,1100
1469644316,30.4001,30.4100,30.4000,30.4000,700
1469644337,30.3837,30.4000,30.3837,30.4000,1200
1469644440,30.4050,30.4100,30.4000,30.4000,1000
1469644503,30.4199,30.4199,30.4100,30.4100,2100
1469644633,30.4045,30.4100,30.4045,30.4100,2200
1469644734,30.4000,30.4000,30.3800,30.3900,2700
1469644740,30.3800,30.4000,30.3800,30.4000,2300
1469644822,30.3800,30.3800,30.3800,30.3800,100
1469644864,30.3900,30.3900,30.3800,30.3800,400
1469644991,30.3800,30.3800,30.3800,30.3800,200
1469645081,30.3900,30.3900,30.3900,30.3900,300
1469645155,30.4000,30.4000,30.3900,30.3950,400
1469645216,30.3900,30.4000,30.3900,30.4000,3200
1469645242,30.3900,30.3900,30.3800,30.3800,600
1469645322,30.3900,30.3900,30.3800,30.3800,500
1469645384,30.3950,30.3950,30.3950,30.3950,100
1469645430,30.3900,30.3900,30.3900,30.3900,300
1469645529,30.3937,30.3937,30.3937,30.3937,500
1469645591,30.4100,30.4100,30.4100,30.4100,300
1469645696,30.4100,30.4100,30.4000,30.4000,1300
1469645746,30.4200,30.4200,30.4200,30.4200,400
1469645790,30.4300,30.4300,30.4300,30.4300,1100
1469645871,30.4300,30.4400,30.4300,30.4400,2000
1469645979,30.4300,30.4400,30.4300,30.4300,900
1469646003,30.4500,30.4500,30.4300,30.4300,2300
1469646064,30.4600,30.4600,30.4600,30.4600,500
1469646165,30.4600,30.4600,30.4500,30.4500,1100
1469646205,30.4550,30.4600,30.4500,30.4500,800
1469646291,30.4500,30.4600,30.4500,30.4600,400
1469646311,30.4850,30.4850,30.4500,30.4500,1700
1469646415,30.4642,30.4800,30.4642,30.4800,900
1469646421,30.4600,30.4600,30.4550,30.4600,3900
1469646505,30.4800,30.4800,30.4630,30.4637,2200
1469646559,30.4700,30.4800,30.4700,30.4800,1600
1469646716,30.4800,30.4800,30.4703,30.4750,400
1469646769,30.4900,30.4900,30.4800,30.4800,700
1469646808,30.4700,30.4798,30.4700,30.4798,1300
1469646912,30.5100,30.5100,30.4850,30.4850,2500
1469646961,30.5100,30.5200,30.5100,30.5100,1700
1469647109,30.5000,30.5000,30.5000,30.5000,100
1469647176,30.5050,30.5050,30.5050,30.5050,100
1469647206,30.4960,30.5000,30.4960,30.5000,1300
1469647332,30.5000,30.5100,30.4950,30.5000,6000
1469647447,30.5076,30.5076,30.5076,30.5076,200
1469647556,30.4950,30.5100,30.4950,30.5100,1800
1469647568,30.4800,30.4900,30.4800,30.4900,2200
1469647645,30.4650,30.4650,30.4650,30.4650,1900
1469647697,30.4650,30.4650,30.4650,30.4650,1700
1469647765,30.4600,30.4700,30.4600,30.4700,1800
1469647853,30.4700,30.4700,30.4600,30.4600,3000
1469647895,30.4600,30.4600,30.4600,30.4600,3200
1469647935,30.4500,30.4600,30.4500,30.4600,2700
1469648028,30.4400,30.4400,30.4350,30.4400,5100
1469648053,30.4500,30.4500,30.4450,30.4450,1200
1469648118,30.4600,30.4600,30.4600,30.4600,600
1469648214,30.4550,30.4600,30.4500,30.4600,1600
1469648275,30.4400,30.4515,30.4350,30.4500,9600
1469648335,30.4400,30.4450,30.4400,30.4450,900
1469648398,30.4250,30.4410,30.4250,30.4400,9700
1469648421,30.4300,30.4300,30.4300,30.4300,3800
1469648512,30.4200,30.4300,30.4200,30.4300,800
1469648576,30.4200,30.4250,30.4200,30.4200,600
1469648597,30.4250,30.4250,30.4200,30.4200,800
1469648640,30.4050,30.4200,30.4000,30.4200,4500
1469648703,30.3900,30.4000,30.3850,30.4000,7600
1469648787,30.3900,30.3950,30.3900,30.3950,1100
1469648879,30.3550,30.3900,30.3510,30.3900,22500
1469648930,30.3600,30.3600,30.3550,30.3550,1000
1469648948,30.3500,30.3550,30.3500,30.3550,2100
1469649054,30.3650,30.3784,30.3550,30.3550,11300
1469649115,30.3600,30.3700,30.3550,30.3700,2500
1469649173,30.3700,30.3700,30.3500,30.3600,5400
1469649239,30.3800,30.3800,30.3700,30.3700,1500
1469649292,30.3800,30.3800,30.3750,30.3750,2000
1469649339,30.3900,30.3950,30.3850,30.3900,10100
1469649400,30.3800,30.3900,30.3800,30.3900,13000
1469649443,30.3700,30.3750,30.3700,30.3700,6600
1469649535,30.3750,30.3800,30.3700,30.3700,6100
1469649540,30.3900,30.4000,30.3750,30.3800,74400
1469649600,30.3900,30.3900,30.3900,30.3900,34200
