uri:/instrument/1.0/SPY/chartdata;type=quote;range=1d/csv
ticker:spy
Company-Name:SPDR S&P 500
Exchange-Name:PCX
unit:MIN
timezone:EDT
currency:USD
gmtoffset:-14400
previous_close:216.4092
Timestamp:1468935000,1468958400
labels:1468936800,1468940400,1468944000,1468947600,1468951200,1468954800,1468958400
values:Timestamp,close,high,low,open,volume
close:215.6700,216.2014
high:215.6900,216.2300
low:215.6300,216.1800
open:215.6700,216.2100
volume:600,8690700
1468935005,215.9108,215.9400,215.8700,215.9400,489200
1468935119,215.8220,215.9500,215.8100,215.9400,136400
1468935179,215.8500,215.8800,215.8100,215.8300,148500
1468935239,215.8150,215.8600,215.7800,215.8500,226100
1468935299,215.9900,215.9900,215.8000,215.8100,163800
1468935300,216.0900,216.1100,215.9900,215.9900,185300
1468935419,216.1465,216.1550,216.0808,216.1000,157900
1468935479,216.0400,216.1600,216.0400,216.1450,116800
1468935480,216.0300,216.0600,216.0100,216.0350,119400
1468935599,215.9200,216.0410,215.9100,216.0300,179800
1468935659,215.8700,215.9200,215.8000,215.9200,231500
1468935660,215.9700,216.0500,215.8500,215.8700,236100
1468935720,215.9000,216.0000,215.8950,215.9800,189800
1468935839,215.9700,215.9800,215.8600,215.9100,149000
1468935840,215.9200,215.9800,215.8900,215.9700,144500
1468935900,215.8700,215.9100,215.8600,215.9100,155900
1468935960,215.7750,215.8800,215.7700,215.8700,150200
1468936079,215.7900,215.7900,215.7100,215.7800,273800
1468936080,215.7900,215.8600,215.7800,215.8000,674500
1468936140,215.7800,215.8300,215.7400,215.7800,161100
1468936200,215.7700,215.7800,215.7200,215.7800,129300
1468936261,215.7900,215.8030,215.7500,215.7620,91600
1468936320,215.8250,215.8700,215.7950,215.8000,120800
1468936380,215.8600,215.9000,215.8100,215.8200,111100
1468936499,215.8790,215.8950,215.8525,215.8600,68000
1468936558,215.9400,215.9450,215.8700,215.8700,122000
1468936560,215.8200,215.9550,215.8200,215.9450,136900
1468936620,215.8200,215.8900,215.8100,215.8250,104200
1468936680,215.8250,215.8600,215.8000,215.8200,97600
1468936740,215.8400,215.8900,215.8180,215.8300,140100
1468936800,215.7910,215.8699,215.7800,215.8400,87300
1468936919,215.7700,215.8100,215.7500,215.7990,107800
1468936979,215.7400,215.7800,215.7000,215.7700,78000
1468937039,215.7200,215.7700,215.7200,215.7429,58100
1468937099,215.7500,215.7800,215.7000,215.7230,76200
1468937100,215.8190,215.8300,215.7350,215.7500,93200
1468937219,215.8400,215.8400,215.8000,215.8100,56300
1468937220,215.8400,215.8600,215.8100,215.8300,64100
1468937339,215.8800,215.9100,215.8200,215.8400,138700
1468937399,215.9200,215.9500,215.8900,215.8900,83100
1468937459,216.0800,216.1000,215.9100,215.9200,227600
1468937460,216.0700,216.0900,216.0100,216.0800,140800
1468937520,216.0000,216.0600,216.0000,216.0600,101500
1468937639,216.0190,216.0400,215.9800,216.0000,42000
1468937699,215.9900,216.0300,215.9699,216.0200,90400
1468937700,216.0100,216.0200,215.9800,215.9800,118500
1468937760,216.0100,216.0200,215.9900,216.0100,82100
1468937879,215.9700,216.0000,215.9400,216.0000,92000
1468937880,215.9750,215.9800,215.9400,215.9790,42500
1468937999,215.9400,216.0000,215.9000,215.9700,84000
1468938059,215.9500,215.9500,215.8900,215.9400,131500
1468938119,215.9400,215.9500,215.9100,215.9500,68400
1468938178,215.9100,215.9600,215.8800,215.9400,66300
1468938181,215.9700,216.0000,215.9200,215.9200,86500
1468938299,216.0260,216.0300,215.9700,215.9775,78600
1468938359,216.0700,216.0700,216.0200,216.0200,210300
1468938417,216.0638,216.0700,216.0400,216.0700,73400
1468938420,216.0400,216.0800,216.0310,216.0610,134400
1468938539,216.0300,216.0600,216.0000,216.0400,54500
1468938548,216.0200,216.0500,216.0100,216.0200,144100
1468938659,216.0600,216.0900,216.0200,216.0200,336200
1468938719,216.0300,216.0600,216.0200,216.0600,50900
1468938779,216.0299,216.0340,215.9850,216.0300,88700
1468938837,215.9900,216.0250,215.9800,216.0250,118500
1468938899,216.0200,216.0300,215.9800,215.9950,50700
1468938900,216.0150,216.0300,216.0000,216.0150,54700
1468939015,216.0100,216.0300,215.9900,216.0190,42300
1468939079,215.9600,216.0300,215.9408,216.0200,74000
1468939080,215.9200,215.9700,215.9100,215.9600,74100
1468939199,215.9300,215.9300,215.9100,215.9200,42600
1468939200,215.9500,215.9500,215.9200,215.9200,63900
1468939319,215.9750,215.9800,215.9200,215.9400,88500
1468939320,215.9650,215.9850,215.9500,215.9750,55300
1468939381,215.9100,215.9650,215.9100,215.9650,79300
1468939498,215.9000,215.9150,215.8900,215.9100,131800
1468939500,215.8950,215.9200,215.8900,215.9099,94600
1468939619,215.8400,215.9200,215.8400,215.9000,83900
1468939679,215.8300,215.8401,215.8000,215.8401,82400
1468939739,215.8300,215.8400,215.8100,215.8300,48900
1468939741,215.8600,215.8600,215.8100,215.8300,36100
1468939802,215.9210,215.9300,215.8300,215.8500,68400
1468939917,215.8900,215.9262,215.8900,215.9250,26100
1468939920,215.9200,215.9300,215.8800,215.8902,44900
1468939980,215.9500,215.9700,215.9018,215.9250,43200
1468940099,215.9200,215.9700,215.9093,215.9500,44500
1468940100,215.9400,215.9550,215.9200,215.9200,21700
1468940219,215.9900,216.0000,215.9400,215.9500,62600
1468940279,215.9950,216.0000,215.9700,215.9900,32200
1468940339,216.0050,216.0100,215.9800,215.9950,51500
1468940399,216.0400,216.0500,215.9800,215.9901,79200
1468940459,216.0500,216.0600,216.0300,216.0490,94300
1468940460,216.1000,216.1000,216.0500,216.0500,222700
1468940579,216.1400,216.1600,216.0800,216.0900,212400
1468940639,216.1100,216.1500,216.1100,216.1400,97300
1468940641,216.1400,216.1499,216.1102,216.1102,45700
1468940701,216.1808,216.2000,216.1300,216.1400,108800
1468940819,216.1900,216.2200,216.1700,216.1700,96700
1468940879,216.1855,216.2100,216.1600,216.2000,46300
1468940880,216.2014,216.2300,216.1800,216.1900,80500
1468940999,216.1200,216.2300,216.1200,216.2100,116700
1468941059,216.0700,216.1400,216.0600,216.1300,141800
1468941060,216.0200,216.0900,216.0200,216.0700,108000
1468941179,215.9700,216.0400,215.9700,216.0200,73000
1468941180,215.9700,216.0000,215.9500,215.9700,132300
1468941299,216.0210,216.0210,215.9600,215.9600,113100
1468941351,216.0400,216.0500,216.0100,216.0200,49800
1468941418,216.0400,216.0400,216.0110,216.0300,53500
1468941422,216.0700,216.1100,216.0400,216.0400,65500
1468941480,216.0350,216.0900,216.0200,216.0710,50300
1468941598,216.0400,216.0700,216.0100,216.0350,62600
1468941658,215.9800,216.0600,215.9700,216.0400,110800
1468941660,216.0100,216.0190,215.9400,215.9700,124300
1468941722,216.0600,216.0600,215.9900,216.0000,28800
1468941838,216.0190,216.0700,216.0100,216.0700,52300
1468941840,216.0200,216.0350,216.0100,216.0180,58600
1468941958,216.0300,216.0400,216.0100,216.0200,46600
1468941960,216.0500,216.0800,216.0300,216.0300,33100
1468942020,215.9799,216.0600,215.9700,216.0410,50400
1468942137,215.9700,216.0000,215.9600,215.9700,40600
1468942141,216.0311,216.0500,215.9600,215.9700,45100
1468942259,216.0800,216.0900,216.0101,216.0350,37300
1468942319,216.1000,216.1100,216.0700,216.0700,119500
1468942379,216.0906,216.1100,216.0900,216.1000,34000
1468942380,216.0700,216.1000,216.0700,216.1000,18800
1468942498,216.0300,216.0700,216.0300,216.0650,35100
1468942500,216.0400,216.0515,216.0100,216.0300,47800
1468942617,215.9800,216.0500,215.9800,216.0400,44300
1468942620,215.9950,216.0000,215.9700,215.9700,32300
1468942684,215.9900,216.0100,215.9850,216.0000,14000
1468942799,215.9650,216.0000,215.9600,216.0000,59000
1468942800,216.0200,216.0500,215.9600,215.9650,70000
1468942919,216.0100,216.0369,216.0000,216.0100,59600
1468942979,215.9800,216.0200,215.9700,216.0100,24100
1468943039,215.9900,216.0000,215.9700,215.9770,25300
1468943099,215.9311,215.9999,215.9200,215.9999,117200
1468943159,215.8200,215.9400,215.8200,215.9400,98100
1468943219,215.7400,215.8250,215.7200,215.8210,161700
1468943220,215.7100,215.7500,215.6800,215.7370,164500
1468943339,215.7790,215.7800,215.7000,215.7000,89300
1468943399,215.7700,215.7800,215.7400,215.7800,58600
1468943457,215.7500,215.7800,215.7300,215.7703,119600
1468943519,215.7290,215.7590,215.7000,215.7500,111700
1468943578,215.7450,215.7600,215.7100,215.7200,65000
1468943580,215.8150,215.8300,215.7200,215.7450,128300
1468943699,215.8300,215.8500,215.8100,215.8200,76300
1468943758,215.8151,215.8300,215.8000,215.8300,22700
1468943819,215.8322,215.8400,215.8000,215.8100,56700
1468943820,215.7900,215.8450,215.7900,215.8300,76000
1468943939,215.8000,215.8000,215.7600,215.7900,41300
1468943999,215.7700,215.7999,215.7600,215.7900,29100
1468944000,215.6903,215.7700,215.6900,215.7700,96700
1468944116,215.7300,215.7700,215.7000,215.7000,57600
1468944120,215.7400,215.7400,215.7100,215.7200,66200
1468944180,215.7100,215.7400,215.7100,215.7400,47800
1468944299,215.7250,215.7500,215.7000,215.7110,46000
1468944301,215.7400,215.7800,215.7200,215.7300,52900
1468944360,215.7400,215.7600,215.7400,215.7400,53300
1468944477,215.7100,215.7400,215.7100,215.7400,17700
1468944539,215.7200,215.7200,215.7000,215.7200,41800
1468944599,215.7450,215.7500,215.6800,215.7100,92100
1468944659,215.7600,215.7700,215.7300,215.7500,90500
1468944661,215.7750,215.8000,215.7600,215.7600,40900
1468944778,215.8000,215.8100,215.7650,215.7750,86700
1468944838,215.8342,215.8500,215.8000,215.8030,129300
1468944899,215.8500,215.8700,215.8350,215.8399,61000
1468944900,215.8239,215.8600,215.8239,215.8511,34000
1468945019,215.8400,215.8400,215.8200,215.8300,41900
1468945077,215.8400,215.8700,215.8300,215.8400,22900
1468945084,215.8500,215.8600,215.8300,215.8400,51900
1468945199,215.8550,215.8700,215.8500,215.8600,38800
1468945200,215.8500,215.8700,215.8500,215.8600,26400
1468945318,215.8300,215.8500,215.8200,215.8500,27400
1468945379,215.8200,215.8370,215.8100,215.8250,26500
1468945380,215.8400,215.8700,215.8100,215.8200,50400
1468945444,215.8350,215.8400,215.8150,215.8356,23100
1468945559,215.8200,215.8400,215.7900,215.8400,70200
1468945561,215.8550,215.8550,215.8200,215.8200,20000
1468945679,215.8400,215.8900,215.8400,215.8600,99200
1468945739,215.8250,215.8500,215.8200,215.8400,18500
1468945740,215.8250,215.8400,215.8200,215.8250,19200
1468945801,215.8208,215.8400,215.8100,215.8200,34100
1468945871,215.8700,215.8700,215.8200,215.8250,33300
1468945978,215.8200,215.8800,215.8200,215.8700,90700
1468946039,215.8200,215.8300,215.7810,215.8300,57900
1468946040,215.8140,215.8300,215.8100,215.8200,15000
1468946159,215.7600,215.8350,215.7500,215.8200,50300
1468946219,215.7350,215.7700,215.7300,215.7600,90000
1468946220,215.8000,215.8100,215.7375,215.7400,33400
1468946280,215.8200,215.8397,215.8000,215.8000,48000
1468946398,215.7900,215.8300,215.7900,215.8300,23700
1468946400,215.8050,215.8200,215.7900,215.8000,27700
1468946460,215.8300,215.8300,215.8000,215.8100,31700
1468946577,215.8210,215.8400,215.8000,215.8297,30800
1468946581,215.8300,215.8400,215.8050,215.8300,21600
1468946640,215.8450,215.8500,215.8300,215.8300,21100
1468946759,215.8700,215.8800,215.8500,215.8500,31200
1468946819,215.8600,215.8800,215.8500,215.8750,40200
1468946878,215.8800,215.8800,215.8500,215.8700,26800
1468946880,215.9389,215.9400,215.8700,215.8800,68200
1468946940,215.9400,215.9500,215.9200,215.9300,39000
1468947000,215.9900,215.9900,215.9300,215.9350,66700
1468947060,216.0000,216.0100,215.9700,215.9800,76300
1468947123,215.9910,216.0050,215.9800,216.0000,36500
1468947183,216.0000,216.0050,215.9801,216.0000,19600
1468947299,216.0000,216.0000,215.9800,216.0000,44300
1468947300,215.9389,216.0000,215.9300,215.9989,61700
1468947360,215.9250,215.9300,215.9100,215.9300,46000
1468947431,215.9300,215.9350,215.9200,215.9200,21600
1468947484,215.9200,215.9350,215.9200,215.9300,20100
1468947599,215.9700,215.9700,215.9200,215.9300,19900
1468947600,215.9600,215.9700,215.9300,215.9600,54700
1468947661,215.9250,215.9500,215.9200,215.9500,33500
1468947779,215.9300,215.9300,215.9100,215.9200,24600
1468947838,215.9000,215.9300,215.8900,215.9300,8690700
1468947840,215.9000,215.9100,215.8800,215.9000,33600
1468947900,215.9350,215.9400,215.8950,215.9000,28200
1468948019,215.9350,215.9600,215.9200,215.9300,30200
1468948079,215.8850,215.9250,215.8800,215.9250,45000
1468948136,215.9300,215.9300,215.8800,215.8850,25300
1468948140,215.8950,215.9500,215.8900,215.9300,43100
1468948259,215.8800,215.9100,215.8500,215.9000,50600
1468948317,215.8500,215.9100,215.8500,215.8800,47600
1468948378,215.8550,215.8850,215.8500,215.8600,38800
1468948382,215.8508,215.8700,215.8450,215.8600,45900
1468948441,215.8350,215.8600,215.8300,215.8550,14700
1468948500,215.8050,215.8362,215.7900,215.8300,106800
1468948617,215.8290,215.8300,215.7900,215.8000,25100
1468948620,215.7700,215.8300,215.7600,215.8300,90800
1468948738,215.7600,215.7850,215.7545,215.7700,64600
1468948799,215.7850,215.7900,215.7450,215.7624,30000
1468948800,215.7550,215.8000,215.7500,215.7800,236400
1468948860,215.7600,215.7600,215.7500,215.7500,16000
1468948977,215.7800,215.7800,215.7500,215.7500,36200
1468949039,215.7500,215.7800,215.7500,215.7800,22500
1468949099,215.7500,215.7600,215.7400,215.7510,29500
1468949159,215.7250,215.7650,215.7200,215.7500,45300
1468949219,215.7011,215.7500,215.6900,215.7200,39900
1468949222,215.7200,215.7200,215.7000,215.7000,53800
1468949339,215.7200,215.7300,215.6800,215.7200,65600
1468949341,215.7100,215.7400,215.7000,215.7200,28800
1468949400,215.7000,215.7200,215.7000,215.7100,108200
1468949516,215.6700,215.7200,215.6700,215.7000,57100
1468949579,215.7000,215.7100,215.6300,215.6700,77800
1468949638,215.7550,215.7800,215.7000,215.7100,55400
1468949641,215.7600,215.7800,215.7416,215.7597,25900
1468949700,215.7450,215.7600,215.7350,215.7600,28200
1468949819,215.7256,215.7500,215.7200,215.7500,31400
1468949877,215.7000,215.7250,215.6800,215.7250,60800
1468949938,215.7300,215.7300,215.6900,215.7000,33200
1468949940,215.7499,215.7700,215.7200,215.7200,55600
1468950057,215.7500,215.7800,215.7400,215.7450,47700
1468950118,215.7420,215.7550,215.7400,215.7450,32400
1468950179,215.7700,215.7800,215.7400,215.7450,19100
1468950180,215.8100,215.8100,215.7700,215.7800,77900
1468950240,215.8100,215.8100,215.8000,215.8100,22300
1468950359,215.8000,215.8100,215.7900,215.8000,27600
1468950360,215.8000,215.8200,215.7800,215.8000,35600
1468950479,215.7900,215.8100,215.7700,215.8100,40100
1468950480,215.7450,215.8000,215.7400,215.8000,36500
1468950597,215.7650,215.7700,215.7400,215.7450,23700
1468950657,215.7700,215.7700,215.7401,215.7700,25500
1468950660,215.7700,215.7800,215.7600,215.7600,32300
1468950778,215.7700,215.7700,215.7600,215.7650,9300
1468950838,215.7700,215.7700,215.7600,215.7700,19700
1468950898,215.7400,215.7700,215.7300,215.7700,20300
1468950959,215.6900,215.7600,215.6800,215.7400,45400
1468951018,215.6750,215.6900,215.6700,215.6890,40000
1468951079,215.6800,215.7200,215.6700,215.6765,60000
1468951139,215.7000,215.7100,215.6700,215.6800,17900
1468951199,215.7000,215.7300,215.6900,215.7000,27500
1468951258,215.7261,215.7400,215.6900,215.7000,31800
1468951262,215.7200,215.7300,215.7100,215.7289,24900
1468951326,215.7200,215.7450,215.7050,215.7200,64300
1468951381,215.7600,215.7600,215.7200,215.7299,40100
1468951440,215.8150,215.8150,215.7600,215.7600,56000
1468951500,215.8000,215.8400,215.8000,215.8170,50900
1468951618,215.8600,215.8600,215.8000,215.8100,28300
1468951679,215.8501,215.8700,215.8200,215.8600,63600
1468951739,215.8400,215.8700,215.8300,215.8550,34800
1468951740,215.8674,215.8800,215.8350,215.8400,30700
1468951800,215.8600,215.8800,215.8600,215.8700,47700
1468951919,215.8500,215.8700,215.8400,215.8700,21000
1468951979,215.8450,215.8700,215.8400,215.8600,23700
1468952039,215.8700,215.8700,215.8300,215.8400,37200
1468952099,215.8699,215.8700,215.8600,215.8700,17200
1468952100,215.8900,215.9000,215.8612,215.8612,43000
1468952219,215.8812,215.9100,215.8800,215.9000,57600
1468952221,215.8700,215.8900,215.8600,215.8900,32300
1468952339,215.9200,215.9300,215.8700,215.8761,53800
1468952399,215.9050,215.9200,215.9000,215.9150,29300
1468952400,215.9200,215.9225,215.9000,215.9092,18000
1468952461,215.9200,215.9300,215.9100,215.9200,32700
1468952579,215.9200,215.9550,215.9150,215.9200,77900
1468952639,215.9100,215.9200,215.8900,215.9200,24100
1468952699,215.8800,215.9100,215.8800,215.9050,22600
1468952758,215.8800,215.8899,215.8600,215.8800,36100
1468952760,215.8700,215.8850,215.8500,215.8800,23100
1468952878,215.9117,215.9200,215.8600,215.8750,36600
1468952939,215.9100,215.9200,215.8900,215.9150,19600
1468952941,215.8910,215.9200,215.8910,215.9200,34900
1468953056,215.8900,215.9000,215.8600,215.8900,61500
1468953060,215.9050,215.9200,215.8800,215.8850,45000
1468953179,215.9000,215.9150,215.8900,215.9010,42400
1468953180,215.9300,215.9300,215.8900,215.8900,39000
1468953241,215.8900,215.9300,215.8800,215.9200,25500
1468953300,215.8300,215.9000,215.8300,215.8900,33000
1468953360,215.8500,215.8600,215.8350,215.8350,60600
1468953420,215.8932,215.9099,215.8500,215.8500,65500
1468953539,215.9000,215.9100,215.8800,215.9000,26100
1468953540,215.9000,215.9100,215.8900,215.9000,23800
1468953659,215.9400,215.9400,215.8900,215.8950,41100
1468953716,215.9400,215.9400,215.9300,215.9350,23000
1468953720,215.9950,216.0000,215.9300,215.9400,63900
1468953839,215.9900,216.0000,215.9670,216.0000,42500
1468953840,215.9700,215.9900,215.9600,215.9900,18500
1468953900,215.9200,215.9775,215.9200,215.9600,41400
1468953964,215.9300,215.9300,215.8900,215.9200,34100
1468954020,215.9600,215.9700,215.9250,215.9250,19600
1468954137,215.9250,215.9800,215.9200,215.9700,24000
1468954140,215.9200,215.9464,215.9100,215.9200,26700
1468954258,215.9135,215.9365,215.8950,215.9200,44400
1468954260,215.9250,215.9300,215.9000,215.9165,28600
1468954379,215.9400,215.9500,215.9100,215.9300,23900
1468954380,215.9400,215.9500,215.9350,215.9500,21000
1468954497,215.9500,215.9600,215.9300,215.9500,30200
1468954559,215.9560,215.9600,215.9350,215.9550,42200
1468954619,215.9050,215.9600,215.9000,215.9550,50000
1468954679,215.9199,215.9400,215.9050,215.9100,31000
1468954739,215.9000,215.9150,215.8800,215.9150,33900
1468954799,215.8701,215.9100,215.8550,215.9000,54500
1468954859,215.8700,215.8900,215.8400,215.8800,55600
1468954919,215.8450,215.8800,215.8400,215.8800,59900
1468954921,215.8750,215.8800,215.8400,215.8450,62900
1468954982,215.8500,215.9100,215.8500,215.8700,42900
1468955099,215.8600,215.8600,215.8400,215.8600,36500
1468955100,215.9050,215.9150,215.8500,215.8600,68600
1468955219,215.8800,215.9100,215.8800,215.9100,30800
1468955221,215.8650,215.8900,215.8400,215.8850,46600
1468955338,215.8500,215.8800,215.8500,215.8700,30800
1468955399,215.8500,215.8600,215.8400,215.8550,30600
1468955459,215.8200,215.8456,215.8200,215.8400,22200
1468955519,215.8300,215.8300,215.8050,215.8200,29400
1468955520,215.8450,215.8500,215.8100,215.8250,38200
1468955639,215.8650,215.8900,215.8400,215.8500,52300
1468955640,215.8500,215.8700,215.8316,215.8700,52400
1468955759,215.9000,215.9100,215.8450,215.8500,48800
1468955761,215.9000,215.9200,215.9000,215.9000,50700
1468955879,215.9100,215.9200,215.8800,215.9000,34100
1468955938,215.9300,215.9400,215.9100,215.9100,37200
1468955940,215.9300,215.9400,215.9100,215.9268,79600
1468956059,215.9650,215.9800,215.9300,215.9310,73800
1468956060,215.9600,215.9700,215.9500,215.9664,75900
1468956120,215.9750,215.9850,215.9509,215.9600,99200
1468956183,215.9401,215.9800,215.9400,215.9750,32800
1468956240,215.9300,215.9500,215.9200,215.9477,86000
1468956359,215.9300,215.9500,215.9200,215.9300,42500
1468956419,215.9100,215.9300,215.9000,215.9200,36400
1468956420,215.9150,215.9300,215.9011,215.9100,76400
1468956538,215.8800,215.9250,215.8800,215.9150,59900
1468956540,215.9200,215.9200,215.8850,215.8850,56700
1468956659,215.9150,215.9400,215.8900,215.9200,53400
1468956719,215.9400,215.9400,215.9100,215.9200,45100
1468956720,215.9525,215.9700,215.9300,215.9400,111700
1468956781,215.9400,215.9525,215.9300,215.9500,61100
1468956898,215.9500,215.9600,215.9400,215.9400,60800
1468956901,215.9500,215.9500,215.9400,215.9500,60400
1468956960,215.9700,215.9700,215.9400,215.9500,55800
1468957023,215.9450,215.9700,215.9400,215.9700,71200
1468957139,215.9768,215.9800,215.9400,215.9450,141800
1468957140,215.9450,215.9800,215.9300,215.9750,167900
1468957259,215.9800,215.9900,215.9400,215.9450,207200
1468957319,215.9800,215.9900,215.9600,215.9800,78800
1468957379,215.9650,215.9900,215.9634,215.9800,53900
1468957439,215.9700,215.9850,215.9500,215.9650,56200
1468957499,215.9950,216.0000,215.9611,215.9800,67800
1468957559,216.0200,216.0300,215.9900,216.0000,205800
1468957560,216.0200,216.0300,216.0010,216.0200,79900
1468957679,216.0200,216.0300,216.0000,216.0200,109900
1468957739,216.0150,216.0200,216.0050,216.0150,76600
1468957799,215.9850,216.0200,215.9700,216.0100,152000
1468957859,216.0400,216.0500,215.9800,215.9800,152900
1468957919,216.0200,216.0450,216.0100,216.0400,107000
1468957979,216.0100,216.0300,215.9900,216.0200,107600
1468958039,215.9800,216.0100,215.9800,216.0000,105400
1468958099,215.9800,215.9950,215.9750,215.9850,132600
1468958159,215.9850,216.0000,215.9500,215.9850,262500
1468958160,216.0400,216.0500,215.9850,215.9900,184400
1468958279,216.0600,216.0700,216.0300,216.0400,193300
1468958339,216.0850,216.0900,216.0550,216.0600,213500
1468958399,216.1500,216.1600,216.0800,216.0800,1248700
1468958400,216.1500,216.1500,216.1500,216.1500,600
