uri:/instrument/1.0/SPB/chartdata;type=quote;range=1d/csv
ticker:spb
Company-Name:Spectrum Brands Holdings, Inc. 
Exchange-Name:NYQ
unit:MIN
timezone:EDT
currency:USD
gmtoffset:-14400
previous_close:118.4500
Timestamp:1469626200,1469649600
labels:1469628000,1469631600,1469635200,1469638800,1469642400,1469646000,1469649600
values:Timestamp,close,high,low,open,volume
close:116.6500,119.0400
high:116.6500,119.1200
low:116.6300,118.9300
open:116.6500,119.0200
volume:100,15900
1469626519,119.0400,119.0400,118.1201,118.1400,6000
1469626618,118.7801,119.0300,118.7800,119.0200,800
1469626649,119.0000,119.0200,118.7301,119.0100,500
1469626680,118.7100,118.9900,118.7100,118.9900,2900
1469626778,118.9800,119.0000,118.9300,118.9400,1100
1469626854,118.7200,119.1200,118.7100,119.0000,2200
1469626910,118.6900,118.7000,118.5300,118.6700,2100
1469626952,118.8300,118.9300,118.5500,118.5500,800
1469626985,118.6000,118.9000,118.6000,118.9000,1600
1469627092,118.6000,118.6000,117.9700,117.9700,1100
1469627123,118.6150,118.6400,118.4500,118.6200,1800
1469627161,118.5200,118.5200,118.4600,118.4600,400
1469627223,118.3900,118.4000,118.3900,118.4000,1100
1469627294,118.0400,118.0400,118.0400,118.0400,200
1469627392,118.5000,118.5400,118.2350,118.4400,2900
1469627403,118.4600,118.4600,118.4600,118.4600,600
1469627579,118.4900,118.4900,118.4200,118.4200,400
1469627619,118.3100,118.4100,118.3000,118.3950,600
1469627652,118.2900,118.3000,118.2900,118.3000,300
1469627845,118.0500,118.0500,118.0500,118.0500,100
1469627922,117.8900,117.8900,117.8900,117.8900,100
1469627998,117.8800,117.9100,117.8800,117.9100,300
1469628000,117.8700,117.8700,117.8700,117.8700,400
1469628101,117.6900,117.9800,117.6900,117.9800,1700
1469628120,118.0000,118.0000,117.6900,117.7000,2600
1469628196,117.7950,117.9500,117.7950,117.9500,500
1469628298,117.7800,117.8600,117.7800,117.7950,1000
1469628311,117.7900,117.7900,117.7900,117.7900,800
1469628384,117.7300,117.7700,117.7300,117.7700,300
1469628430,117.6600,117.7500,117.5300,117.7500,3100
1469628631,117.6000,117.6000,117.5800,117.5800,900
1469628673,117.5200,117.5700,117.5200,117.5700,900
1469628770,117.4600,117.5100,117.4100,117.5100,500
1469628790,117.3850,117.3850,117.3850,117.3850,100
1469628880,117.3100,117.4600,117.3100,117.4600,200
1469628900,117.3500,117.4600,117.3350,117.4000,1800
1469629015,117.3000,117.3000,117.3000,117.3000,100
1469629068,117.3800,117.3800,117.3800,117.3800,200
1469629102,117.3100,117.3150,117.3100,117.3150,200
1469629190,117.2700,117.3400,117.2700,117.3300,300
1469629368,117.3550,117.4400,117.3500,117.4000,1400
1469629425,117.3500,117.3550,117.3200,117.3200,300
1469629495,117.2000,117.3100,117.2000,117.2800,1000
1469629548,117.0600,117.0600,117.0600,117.0600,100
1469629667,117.1700,117.1700,117.1700,117.1700,100
1469629782,117.1650,117.2400,117.0900,117.1000,500
1469629878,117.1200,117.1200,117.1200,117.1200,100
1469629991,117.0300,117.1200,117.0300,117.1200,500
1469630098,117.1100,117.1100,117.0000,117.0150,2400
1469630148,117.0100,117.0100,117.0100,117.0100,200
1469630267,117.0400,117.0400,117.0400,117.0400,100
1469630304,117.0100,117.0100,117.0100,117.0100,100
1469630451,116.8200,117.0600,116.8200,117.0100,3600
1469630543,116.7800,116.8300,116.7800,116.8300,200
1469630596,116.9600,117.0300,116.8300,116.9800,2700
1469630700,116.9450,116.9450,116.9450,116.9450,300
1469630771,116.8800,116.9700,116.8800,116.9700,900
1469630836,116.9550,116.9550,116.9550,116.9550,100
1469630993,117.0600,117.0600,117.0200,117.0200,700
1469631102,117.1350,117.1350,117.0800,117.0800,900
1469631157,117.2200,117.2200,117.1100,117.1100,1000
1469631221,117.1600,117.2200,117.1600,117.2200,300
1469631261,117.2000,117.2000,117.1700,117.2000,400
1469631319,117.2400,117.2400,117.1500,117.2000,2000
1469631418,117.1500,117.2500,117.1000,117.2200,1600
1469631477,117.2500,117.2800,117.1450,117.1500,2400
1469631529,117.2500,117.2500,117.2500,117.2500,200
1469631548,117.2750,117.2750,117.2750,117.2750,200
1469631704,117.3000,117.3200,117.3000,117.3200,200
1469631720,117.2800,117.2800,117.2800,117.2800,100
1469631810,117.2300,117.2700,117.2300,117.2700,1200
1469631848,117.2650,117.2650,117.2300,117.2400,1000
1469631905,117.2650,117.2650,117.2300,117.2650,300
1469631978,117.2500,117.2650,117.2400,117.2400,700
1469632042,117.3450,117.3450,117.3100,117.3100,2100
1469632412,117.3000,117.3000,117.2900,117.2900,200
1469632509,117.3000,117.3000,117.1200,117.2500,1400
1469632606,117.2100,117.2100,117.2100,117.2100,100
1469632735,117.1000,117.2302,117.1000,117.2302,800
1469632758,117.1840,117.2400,117.1840,117.2100,800
1469632839,117.1800,117.1800,117.1300,117.1300,300
1469632901,117.0800,117.0800,117.0800,117.0800,300
1469632967,117.0800,117.0800,116.9300,116.9700,300
1469633037,117.0600,117.0600,117.0500,117.0500,300
1469633099,117.2700,117.4040,117.0600,117.0600,2100
1469633128,117.2300,117.3500,117.2300,117.3500,1300
1469633249,117.2200,117.2200,117.2200,117.2200,100
1469633372,117.2800,117.2800,117.2000,117.2000,600
1469633408,117.2700,117.2700,117.2500,117.2700,1000
1469633624,117.2500,117.2500,117.2500,117.2500,100
1469633644,117.2000,117.2000,117.1400,117.1400,300
1469633815,117.0900,117.1400,117.0900,117.1200,700
1469633832,117.0400,117.0400,117.0400,117.0400,100
1469633955,117.1150,117.1150,117.1150,117.1150,100
1469634053,117.0800,117.0800,117.0400,117.0400,200
1469634137,116.8300,117.0400,116.8200,117.0400,1000
1469634278,116.7800,116.8800,116.7800,116.8600,700
1469634367,116.7900,116.7900,116.7000,116.7560,300
1469634473,116.8600,116.8600,116.8100,116.8100,600
1469634570,116.8100,116.8300,116.8100,116.8300,400
1469634643,116.9200,116.9200,116.7900,116.7900,1500
1469634681,117.0600,117.0600,117.0000,117.0000,800
1469634746,116.9900,117.0400,116.9900,117.0400,900
1469634847,117.1100,117.1200,117.1000,117.1000,1300
1469634945,116.9200,117.1000,116.9200,117.1000,400
1469634967,117.1000,117.1000,117.1000,117.1000,200
1469635081,116.9900,116.9900,116.9000,116.9000,500
1469635230,116.9800,116.9800,116.8600,116.8600,400
1469635284,116.8500,116.9600,116.8500,116.9600,200
1469635358,116.8900,116.9200,116.8500,116.8500,600
1469635417,117.5200,117.5200,116.9700,116.9700,3300
1469635474,117.3800,117.3800,117.3200,117.3200,200
1469635555,117.3800,117.3800,117.3800,117.3800,400
1469635761,117.1500,117.1500,117.1500,117.1500,100
1469636077,117.0600,117.0600,117.0600,117.0600,200
1469636179,117.0200,117.0200,117.0200,117.0200,300
1469636246,117.0700,117.0700,117.0400,117.0400,300
1469636289,117.0200,117.0200,117.0200,117.0200,100
1469636402,116.9900,117.1100,116.9800,117.0850,1100
1469636498,116.9400,116.9500,116.9400,116.9500,200
1469636539,116.9500,116.9500,116.8900,116.8900,300
1469636617,116.8100,116.8100,116.8100,116.8100,100
1469636688,116.8100,116.8100,116.8100,116.8100,100
1469636711,116.9700,117.0300,116.7500,116.7500,2700
1469637012,116.9600,116.9600,116.9600,116.9600,100
1469637218,116.8600,116.8600,116.8600,116.8600,100
1469637256,116.9600,116.9600,116.9600,116.9600,100
1469637506,116.8510,116.8510,116.8510,116.8510,100
1469637551,116.9100,116.9200,116.9100,116.9200,200
1469637892,116.8600,116.8600,116.8600,116.8600,200
1469638183,116.8100,116.8500,116.8100,116.8500,600
1469638392,116.7800,116.7900,116.7700,116.7900,400
1469638461,116.7700,116.7700,116.7700,116.7700,300
1469638556,116.7600,116.7600,116.7210,116.7210,200
1469638563,116.7600,116.7600,116.7200,116.7200,500
1469638642,116.9500,116.9600,116.7600,116.8000,4800
1469638811,116.8100,116.8900,116.7900,116.8900,2300
1469638871,116.6600,116.7200,116.6600,116.7200,1100
1469638954,116.6500,116.6500,116.6500,116.6500,100
1469639016,116.7900,116.7900,116.7900,116.7900,100
1469639071,116.7400,116.7400,116.7400,116.7400,200
1469639181,116.7250,116.7900,116.6300,116.6900,2500
1469639279,116.7500,116.7500,116.7500,116.7500,100
1469639327,116.7800,116.7800,116.7800,116.7800,100
1469639351,116.8500,116.8500,116.7900,116.7900,2100
1469639406,116.8550,116.8800,116.8550,116.8800,300
1469639491,116.9300,116.9400,116.9300,116.9300,400
1469639559,116.9650,116.9900,116.9650,116.9775,6000
1469639591,116.9900,116.9900,116.9100,116.9800,1300
1469639699,116.9850,117.0100,116.9500,117.0100,1400
1469639704,116.9950,117.0400,116.9900,116.9900,1100
1469639785,117.1200,117.1200,117.1200,117.1200,100
1469639828,117.0800,117.0800,117.0800,117.0800,100
1469639942,117.0800,117.0800,117.0800,117.0800,100
1469640030,117.1100,117.1100,117.1100,117.1100,100
1469640211,117.0000,117.0000,117.0000,117.0000,100
1469640283,117.0300,117.0300,117.0300,117.0300,100
1469640395,117.0900,117.0900,117.0900,117.0900,500
1469640492,117.1300,117.1300,117.1300,117.1300,100
1469640596,117.0550,117.0600,117.0500,117.0600,600
1469640649,117.0100,117.0100,117.0000,117.0000,1100
1469640675,117.0000,117.0000,117.0000,117.0000,500
1469640781,116.9300,116.9300,116.9300,116.9300,200
1469640871,116.9900,117.0300,116.9800,116.9800,500
1469640963,117.0150,117.0150,117.0150,117.0150,500
1469641051,116.9800,117.0150,116.9800,117.0150,200
1469641096,116.9700,116.9700,116.9700,116.9700,100
1469641242,117.3100,117.3100,116.9800,116.9800,5100
1469641301,117.1380,117.1700,117.0000,117.1700,1500
1469641335,117.0000,117.0000,117.0000,117.0000,300
1469641390,117.1400,117.1400,117.1400,117.1400,500
1469641751,117.1500,117.1500,117.1500,117.1500,100
1469641851,117.0700,117.1100,117.0700,117.1100,300
1469641919,116.9270,117.0100,116.9000,117.0100,2900
1469641955,116.9000,117.0000,116.9000,117.0000,200
1469642016,116.8900,116.9200,116.8900,116.9200,200
1469642044,117.0300,117.1500,116.9150,116.9150,2000
1469642212,117.1100,117.1100,117.1100,117.1100,100
1469642304,117.0960,117.0960,117.0960,117.0960,200
1469642453,116.8400,116.9350,116.8400,116.9350,300
1469642501,116.8400,116.8700,116.8400,116.8700,1700
1469642527,116.8700,116.8700,116.8500,116.8500,1500
1469642811,116.9000,116.9400,116.8100,116.8100,2800
1469642831,116.8850,116.9425,116.8850,116.9100,900
1469642883,116.9600,116.9600,116.9600,116.9600,200
1469643036,117.0800,117.0800,116.9100,116.9100,1300
1469643079,117.0000,117.0100,117.0000,117.0100,1300
1469643178,117.2700,117.2800,117.1400,117.1400,3500
1469643221,117.2500,117.2800,117.2500,117.2800,4300
1469643354,117.2500,117.2500,117.2500,117.2500,100
1469643413,117.4900,117.4900,117.4900,117.4900,1200
1469643431,117.4400,117.4400,117.4400,117.4400,100
1469643482,117.6800,117.6800,117.6800,117.6800,200
1469643606,117.3700,117.3800,117.3700,117.3800,600
1469643695,117.4800,117.4800,117.4800,117.4800,100
1469643762,117.7700,117.7700,117.4800,117.4800,3600
1469643833,117.7600,117.7600,117.6400,117.6400,200
1469643877,117.6400,117.7297,117.6400,117.7297,900
1469643907,117.7700,117.7700,117.7700,117.7700,100
1469644022,117.7150,117.7150,117.7150,117.7150,500
1469644118,117.7900,117.9900,117.7150,117.7150,3500
1469644141,117.9075,117.9075,117.9075,117.9075,100
1469644257,117.8863,117.8863,117.8863,117.8863,100
1469644321,117.7800,117.7800,117.7700,117.7800,900
1469644418,117.7300,117.7300,117.7300,117.7300,400
1469644440,117.6850,117.6850,117.6500,117.6500,800
1469644513,117.7000,117.7100,117.6200,117.6200,1800
1469644582,117.7500,117.7500,117.7500,117.7500,100
1469644638,117.7000,117.8100,117.7000,117.8100,4800
1469644695,117.7800,117.7800,117.7150,117.7150,3600
1469644850,117.7450,117.7500,117.7450,117.7500,200
1469644903,117.9001,117.9200,117.7900,117.7900,1200
1469645032,117.9400,118.0100,117.9200,118.0100,800
1469645059,118.0700,118.0700,117.9500,117.9500,400
1469645150,117.9600,117.9600,117.9600,117.9600,100
1469645182,118.0100,118.0600,118.0100,118.0100,700
1469645465,117.9100,118.0300,117.9100,117.9900,1200
1469645542,117.9300,117.9300,117.9000,117.9000,3600
1469645630,117.9250,117.9350,117.9000,117.9350,4900
1469645693,117.9000,117.9500,117.9000,117.9500,300
1469645717,118.0600,118.0600,117.9500,117.9500,1100
1469645808,118.0300,118.0300,118.0300,118.0300,400
1469645839,118.0500,118.0500,118.0000,118.0000,700
1469645998,118.0300,118.0300,118.0300,118.0300,200
1469646014,118.0400,118.0400,118.0100,118.0100,900
1469646086,118.0708,118.0900,118.0700,118.0900,1000
1469646128,118.0700,118.1000,118.0700,118.1000,700
1469646296,118.0100,118.0100,118.0100,118.0100,300
1469646304,118.1000,118.1000,118.0050,118.0100,1600
1469646413,118.0300,118.0600,118.0300,118.0600,1100
1469646432,118.0200,118.0200,117.9800,118.0200,600
1469646539,117.9900,118.0500,117.9800,118.0500,1500
1469646542,118.1500,118.2000,117.9700,117.9850,6900
1469646603,118.1200,118.1200,118.0800,118.0900,800
1469646710,118.0500,118.0500,118.0500,118.0500,200
1469646732,118.0500,118.0500,118.0500,118.0500,400
1469646834,118.0600,118.0600,118.0600,118.0600,200
1469646868,118.1000,118.1100,118.1000,118.1000,1000
1469646917,118.1630,118.1800,118.1300,118.1550,1400
1469646967,118.1900,118.1900,118.1900,118.1900,100
1469647044,118.1800,118.1900,118.1800,118.1900,1500
1469647171,118.1700,118.1700,118.1700,118.1700,300
1469647201,118.1500,118.1700,118.1300,118.1700,2600
1469647314,118.1000,118.1000,118.1000,118.1000,200
1469647360,118.0800,118.1000,118.0800,118.1000,400
1469647385,118.0500,118.0500,118.0500,118.0500,200
1469647476,117.9600,118.0250,117.9600,118.0250,1200
1469647508,117.8950,117.9550,117.8400,117.9200,2900
1469647610,117.9300,117.9300,117.8200,117.8200,2200
1469647681,118.0000,118.0000,117.8850,117.8850,2100
1469647841,118.2100,118.2100,118.0000,118.0000,6100
1469647893,118.2050,118.2050,118.2000,118.2000,3400
1469647960,118.2300,118.2300,118.2100,118.2100,800
1469647990,118.2100,118.2300,118.2000,118.2300,1300
1469648099,118.2600,118.2600,118.2000,118.2000,2400
1469648135,118.2500,118.2650,118.2000,118.2650,2900
1469648166,118.2400,118.3100,118.2100,118.3100,2500
1469648282,118.3600,118.4100,118.2200,118.2400,7900
1469648351,118.4000,118.4000,118.4000,118.4000,1100
1469648402,118.3700,118.4200,118.3700,118.3800,2200
1469648478,118.3500,118.3600,118.3500,118.3600,4900
1469648622,118.4200,118.4600,118.3700,118.3900,2500
1469648651,118.4200,118.4200,118.4200,118.4200,900
1469648739,118.4000,118.4000,118.4000,118.4000,2800
1469648805,118.4000,118.4100,118.4000,118.4000,3000
1469648828,118.4100,118.4100,118.4000,118.4000,5100
1469648939,118.1020,118.4000,118.1020,118.4000,5000
1469648998,118.2700,118.2800,118.0900,118.2500,11400
1469649042,118.2700,118.2900,118.2500,118.2500,7700
1469649090,118.2799,118.2799,118.2500,118.2500,1200
1469649122,118.2500,118.2500,118.2500,118.2500,3500
1469649236,118.2600,118.2600,118.2500,118.2500,7500
1469649247,118.2800,118.3100,118.2450,118.2600,15900
1469649357,118.3100,118.3800,118.2900,118.2900,10600
1469649416,118.3200,118.3400,118.2900,118.3100,9300
1469649479,118.3250,118.3400,118.3000,118.3100,5600
1469649537,118.4000,118.4100,118.3250,118.3250,10800
1469649582,118.5150,118.5150,118.3100,118.4000,14800
1469649600,118.5000,118.5000,118.5000,118.5000,9900
