uri:/instrument/1.0/GDX/chartdata;type=quote;range=1d/csv
ticker:gdx
Company-Name:VanEck Vectors Gold Miners ETF
Exchange-Name:PCX
unit:MIN
timezone:EDT
currency:USD
gmtoffset:-14400
previous_close:28.8700
Timestamp:1469194200,1469217600
labels:1469196000,1469199600,1469203200,1469206800,1469210400,1469214000,1469217600
values:Timestamp,close,high,low,open,volume
close:28.5000,28.9350
high:28.5250,28.9500
low:28.4800,28.9200
open:28.5000,28.9350
volume:2800,2948000
1469194259,28.5200,28.5250,28.4900,28.5100,894400
1469194319,28.6800,28.6800,28.5200,28.5200,240400
1469194377,28.6600,28.7000,28.6400,28.6800,141900
1469194380,28.7200,28.7200,28.6600,28.6600,127900
1469194441,28.7200,28.7400,28.6900,28.7300,110500
1469194500,28.7400,28.7450,28.6700,28.7100,183300
1469194560,28.7500,28.7950,28.7400,28.7500,72100
1469194678,28.7100,28.7600,28.7000,28.7500,62400
1469194738,28.6900,28.7300,28.6850,28.7008,73700
1469194741,28.6700,28.7000,28.6650,28.6900,121100
1469194858,28.6700,28.7100,28.6600,28.6700,48200
1469194860,28.7211,28.7290,28.6741,28.6750,57100
1469194970,28.7501,28.7501,28.7100,28.7300,58700
1469195036,28.7200,28.7700,28.7100,28.7550,53100
1469195099,28.7300,28.7400,28.7100,28.7200,48400
1469195159,28.5350,28.7323,28.5200,28.7323,207600
1469195160,28.5000,28.5750,28.4850,28.5400,184400
1469195279,28.5200,28.5300,28.4990,28.5000,101700
1469195337,28.5800,28.6000,28.5200,28.5200,100100
1469195397,28.5700,28.5900,28.5600,28.5800,78400
1469195401,28.5400,28.5650,28.5200,28.5600,85600
1469195462,28.5500,28.5600,28.5300,28.5500,41600
1469195579,28.5300,28.5601,28.5300,28.5500,52200
1469195581,28.5100,28.5600,28.5000,28.5350,79100
1469195699,28.5450,28.5500,28.4800,28.5100,110700
1469195755,28.6150,28.6300,28.5350,28.5500,168900
1469195816,28.6200,28.6550,28.6200,28.6200,116100
1469195876,28.5900,28.6200,28.5850,28.6200,82700
1469195882,28.5700,28.6005,28.5600,28.5986,40600
1469195999,28.5500,28.5900,28.5500,28.5700,34200
1469196058,28.5450,28.5500,28.5150,28.5500,64400
1469196060,28.5400,28.5700,28.5100,28.5500,64900
1469196179,28.5900,28.6000,28.5450,28.5500,42500
1469196181,28.5900,28.6150,28.5700,28.5900,42000
1469196240,28.6400,28.6400,28.5900,28.5950,41000
1469196356,28.6300,28.6600,28.6200,28.6500,22700
1469196363,28.6400,28.6400,28.6000,28.6200,56900
1469196479,28.6200,28.6700,28.6200,28.6400,44700
1469196539,28.5900,28.6400,28.5750,28.6200,56600
1469196599,28.6300,28.6300,28.5900,28.5900,51900
1469196658,28.6900,28.7000,28.6300,28.6300,141200
1469196719,28.6500,28.7000,28.6500,28.6955,62600
1469196777,28.6500,28.6700,28.6350,28.6500,51600
1469196839,28.6450,28.6700,28.6400,28.6400,31600
1469196899,28.6600,28.6662,28.6350,28.6500,51100
1469196957,28.6300,28.6650,28.6300,28.6600,218800
1469197019,28.6000,28.6400,28.6000,28.6400,53400
1469197076,28.6200,28.6300,28.6000,28.6100,32600
1469197081,28.6100,28.6200,28.6100,28.6100,79900
1469197191,28.5900,28.6200,28.5900,28.6200,16000
1469197259,28.5600,28.6100,28.5600,28.6000,83700
1469197260,28.5650,28.5900,28.5600,28.5600,206500
1469197378,28.5800,28.6000,28.5600,28.5600,28500
1469197439,28.5654,28.5900,28.5600,28.5800,36000
1469197499,28.5600,28.5700,28.5600,28.5700,26900
1469197557,28.5550,28.5700,28.5500,28.5600,33100
1469197619,28.5515,28.5700,28.5350,28.5600,81000
1469197679,28.6000,28.6000,28.5500,28.5500,39900
1469197733,28.6000,28.6200,28.5950,28.6000,56300
1469197741,28.5700,28.6200,28.5700,28.6100,61000
1469197856,28.5500,28.5700,28.5400,28.5700,48400
1469197919,28.5600,28.5700,28.5300,28.5460,70700
1469197975,28.5600,28.5600,28.5400,28.5600,37500
1469198039,28.6200,28.6200,28.5450,28.5550,79600
1469198099,28.6150,28.6450,28.6100,28.6200,54400
1469198158,28.6200,28.6400,28.6000,28.6101,54000
1469198219,28.6600,28.6600,28.6100,28.6250,54900
1469198220,28.6500,28.6650,28.6350,28.6600,40200
1469198339,28.6750,28.6800,28.6400,28.6500,52900
1469198399,28.6800,28.6900,28.6600,28.6800,58800
1469198459,28.6550,28.6800,28.6500,28.6750,96300
1469198519,28.6500,28.6800,28.6400,28.6550,61200
1469198520,28.6600,28.6600,28.6350,28.6500,86800
1469198639,28.6750,28.7000,28.6550,28.6550,61600
1469198699,28.6700,28.6800,28.6600,28.6750,33200
1469198759,28.7000,28.7000,28.6649,28.6700,42000
1469198819,28.7300,28.7400,28.7000,28.7000,50100
1469198878,28.7100,28.7500,28.7000,28.7273,107600
1469198881,28.6950,28.7200,28.6900,28.7200,31700
1469198944,28.6900,28.7100,28.6800,28.7000,45600
1469199059,28.6900,28.7000,28.6800,28.6900,26200
1469199113,28.7000,28.7100,28.6900,28.6900,18100
1469199179,28.7000,28.7000,28.6650,28.6900,41600
1469199183,28.7100,28.7100,28.6850,28.7000,37900
1469199298,28.7340,28.7400,28.7050,28.7150,49000
1469199301,28.7439,28.7500,28.7400,28.7400,9500
1469199419,28.7400,28.7500,28.7400,28.7400,9200
1469199468,28.7350,28.7400,28.7250,28.7400,18000
1469199539,28.7100,28.7300,28.6950,28.7300,62900
1469199599,28.7200,28.7300,28.7050,28.7110,44500
1469199600,28.6900,28.7250,28.6900,28.7200,66800
1469199717,28.6600,28.7000,28.6550,28.6900,85600
1469199774,28.6700,28.6800,28.6500,28.6630,36000
1469199838,28.6800,28.6900,28.6700,28.6740,103000
1469199894,28.6700,28.6850,28.6600,28.6850,47500
1469199958,28.6450,28.6600,28.6400,28.6600,29400
1469200018,28.6438,28.6600,28.6400,28.6500,40000
1469200079,28.6250,28.6500,28.6200,28.6400,22400
1469200139,28.6100,28.6200,28.5900,28.6200,45200
1469200197,28.5900,28.6200,28.5900,28.6050,47600
1469200257,28.5850,28.6000,28.5850,28.5950,18800
1469200319,28.5800,28.5900,28.5800,28.5850,30200
1469200379,28.6000,28.6000,28.5800,28.5800,35700
1469200386,28.5700,28.6000,28.5550,28.6000,91500
1469200499,28.5635,28.5900,28.5630,28.5700,56000
1469200555,28.6211,28.6300,28.5700,28.5700,84000
1469200560,28.6327,28.6327,28.6100,28.6200,63500
1469200679,28.6500,28.6600,28.6300,28.6300,14500
1469200739,28.6550,28.6650,28.6400,28.6550,28000
1469200797,28.6585,28.6600,28.6500,28.6550,22100
1469200856,28.6300,28.6550,28.6300,28.6541,12500
1469200913,28.6200,28.6350,28.6150,28.6300,24500
1469200979,28.6150,28.6205,28.6150,28.6200,27800
1469200980,28.6000,28.6200,28.6000,28.6150,19800
1469201098,28.6182,28.6200,28.6050,28.6050,17400
1469201158,28.6500,28.6600,28.6150,28.6150,59500
1469201216,28.6800,28.7000,28.6500,28.6600,49600
1469201279,28.6850,28.6950,28.6700,28.6800,39600
1469201339,28.6400,28.6800,28.6400,28.6800,35700
1469201398,28.6601,28.6700,28.6350,28.6400,38900
1469201459,28.6450,28.6700,28.6400,28.6600,48900
1469201519,28.6700,28.6800,28.6464,28.6464,27800
1469201578,28.6600,28.6800,28.6550,28.6750,25700
1469201637,28.6500,28.6700,28.6450,28.6700,10700
1469201696,28.6400,28.6568,28.6100,28.6460,42200
1469201758,28.6450,28.6500,28.6400,28.6500,13000
1469201813,28.6100,28.6500,28.6100,28.6500,17500
1469201875,28.6200,28.6300,28.6050,28.6100,69300
1469201935,28.6250,28.6400,28.6200,28.6200,44500
1469201992,28.6250,28.6300,28.6150,28.6200,18100
1469202059,28.6300,28.6300,28.6050,28.6200,30900
1469202118,28.6450,28.6500,28.6300,28.6300,48900
1469202178,28.6550,28.6800,28.6400,28.6450,72600
1469202230,28.6590,28.6600,28.6450,28.6600,19900
1469202299,28.6500,28.6600,28.6500,28.6500,5400
1469202357,28.6250,28.6500,28.6250,28.6500,13500
1469202404,28.6200,28.6400,28.6200,28.6250,21500
1469202470,28.6400,28.6450,28.6250,28.6300,14800
1469202538,28.6500,28.6500,28.6400,28.6400,64100
1469202598,28.6500,28.6600,28.6500,28.6500,13300
1469202656,28.6400,28.6595,28.6400,28.6550,16100
1469202715,28.6600,28.6600,28.6350,28.6400,24100
1469202777,28.6600,28.6700,28.6550,28.6600,16500
1469202838,28.6600,28.6600,28.6500,28.6600,32700
1469202845,28.6700,28.6750,28.6600,28.6700,13700
1469202906,28.6850,28.6950,28.6550,28.6640,51200
1469203018,28.7000,28.7000,28.6850,28.6855,26900
1469203077,28.6800,28.6993,28.6800,28.6900,9700
1469203127,28.6700,28.6800,28.6700,28.6800,15700
1469203199,28.6600,28.6700,28.6400,28.6700,32400
1469203205,28.6350,28.6500,28.6250,28.6500,29600
1469203319,28.6550,28.6600,28.6350,28.6350,10000
1469203376,28.6500,28.6700,28.6500,28.6550,18300
1469203381,28.6475,28.6550,28.6400,28.6550,20500
1469203446,28.6400,28.6600,28.6400,28.6500,14300
1469203549,28.6550,28.6550,28.6300,28.6400,22700
1469203613,28.6450,28.6552,28.6450,28.6500,8700
1469203679,28.6500,28.6500,28.6400,28.6500,12400
1469203680,28.6450,28.6500,28.6400,28.6450,12600
1469203788,28.6450,28.6500,28.6400,28.6400,6300
1469203851,28.6627,28.6700,28.6450,28.6450,29000
1469203919,28.6650,28.6700,28.6600,28.6685,11200
1469203969,28.6940,28.7000,28.6631,28.6700,18700
1469203982,28.6900,28.6950,28.6750,28.6900,30900
1469204095,28.6700,28.6900,28.6700,28.6840,15000
1469204157,28.6700,28.6800,28.6600,28.6800,28000
1469204218,28.6750,28.6750,28.6600,28.6700,11500
1469204273,28.6700,28.6850,28.6700,28.6793,24400
1469204285,28.6850,28.6850,28.6650,28.6700,15500
1469204395,28.6500,28.6700,28.6400,28.6700,33300
1469204457,28.6370,28.6450,28.6150,28.6400,59600
1469204519,28.6600,28.6600,28.6300,28.6300,12800
1469204568,28.6540,28.6550,28.6400,28.6550,20500
1469204636,28.6500,28.6500,28.6400,28.6500,21200
1469204696,28.6500,28.6600,28.6400,28.6550,27600
1469204755,28.6450,28.6700,28.6450,28.6600,62600
1469204818,28.6200,28.6500,28.6200,28.6500,14800
1469204877,28.6210,28.6500,28.6200,28.6300,48400
1469204936,28.6450,28.6500,28.6200,28.6300,23800
1469204996,28.6450,28.6500,28.6350,28.6450,11900
1469205051,28.6350,28.6500,28.6300,28.6450,7500
1469205061,28.6500,28.6500,28.6300,28.6340,16200
1469205178,28.6550,28.6550,28.6500,28.6550,3200
1469205232,28.6600,28.6700,28.6500,28.6550,13900
1469205299,28.6700,28.6700,28.6500,28.6599,15700
1469205359,28.6699,28.6700,28.6600,28.6700,30600
1469205368,28.6650,28.6700,28.6600,28.6700,12400
1469205420,28.6700,28.6800,28.6600,28.6675,18400
1469205537,28.6600,28.6705,28.6450,28.6700,30500
1469205540,28.7000,28.7000,28.6600,28.6600,47100
1469205655,28.6950,28.7000,28.6850,28.6900,26000
1469205663,28.7200,28.7200,28.7000,28.7000,20800
1469205778,28.7200,28.7300,28.7000,28.7200,76300
1469205828,28.7350,28.7400,28.7250,28.7300,42300
1469205899,28.7300,28.7650,28.7300,28.7400,52600
1469205958,28.7450,28.7500,28.7350,28.7350,33800
1469206015,28.7350,28.7400,28.7250,28.7400,25100
1469206073,28.7250,28.7400,28.7200,28.7400,17900
1469206134,28.7150,28.7300,28.7050,28.7250,18300
1469206194,28.7200,28.7200,28.7000,28.7199,46400
1469206251,28.7250,28.7300,28.7200,28.7240,13000
1469206319,28.7600,28.7600,28.7299,28.7299,23800
1469206379,28.7550,28.7600,28.7400,28.7600,26700
1469206439,28.7500,28.7500,28.7350,28.7500,31500
1469206489,28.7450,28.7500,28.7300,28.7400,12800
1469206544,28.7550,28.7600,28.7500,28.7500,52500
1469206619,28.7720,28.7800,28.7600,28.7600,31700
1469206622,28.7997,28.8000,28.7750,28.7750,19200
1469206737,28.7850,28.8000,28.7800,28.7950,17300
1469206798,28.7800,28.7959,28.7800,28.7850,15700
1469206857,28.7850,28.7959,28.7800,28.7800,22500
1469206919,28.7800,28.7900,28.7700,28.7800,12200
1469206920,28.7450,28.7800,28.7400,28.7800,17100
1469207038,28.7600,28.7600,28.7350,28.7400,20500
1469207042,28.7800,28.7800,28.7700,28.7700,20500
1469207159,28.8200,28.8200,28.7810,28.7900,31600
1469207217,28.8446,28.8500,28.8150,28.8150,50200
1469207277,28.8300,28.8450,28.8200,28.8400,20600
1469207336,28.8300,28.8400,28.8300,28.8300,36800
1469207388,28.8232,28.8400,28.8200,28.8350,23100
1469207457,28.8401,28.8550,28.8250,28.8300,29400
1469207465,28.8900,28.8900,28.8450,28.8500,39600
1469207521,28.8781,28.8900,28.8665,28.8800,42000
1469207633,28.8800,28.8800,28.8600,28.8800,26000
1469207640,28.8500,28.8800,28.8500,28.8750,17800
1469207758,28.8903,28.8950,28.8500,28.8500,29000
1469207819,28.8890,28.9100,28.8800,28.8910,14200
1469207875,28.8600,28.8850,28.8500,28.8850,22700
1469207939,28.8500,28.8650,28.8400,28.8500,28500
1469207942,28.8700,28.8700,28.8500,28.8500,11700
1469208058,28.8900,28.8900,28.8750,28.8750,9100
1469208116,28.9200,28.9300,28.8900,28.8900,71900
1469208179,28.9300,28.9500,28.9200,28.9200,42100
1469208236,28.9100,28.9500,28.8950,28.9350,44700
1469208296,28.9040,28.9200,28.9000,28.9200,18400
1469208357,28.9000,28.9290,28.9000,28.9000,41600
1469208361,28.9200,28.9400,28.9050,28.9050,48900
1469208479,28.9350,28.9400,28.9200,28.9200,21800
1469208539,28.9000,28.9450,28.9000,28.9350,23000
1469208596,28.9000,28.9050,28.8800,28.9050,41300
1469208653,28.8710,28.8962,28.8600,28.8950,51300
1469208719,28.9000,28.9000,28.8700,28.8700,26600
1469208769,28.8800,28.9000,28.8700,28.9000,17300
1469208783,28.8400,28.8790,28.8400,28.8750,27600
1469208894,28.8450,28.8500,28.8300,28.8500,37700
1469208958,28.8630,28.8700,28.8500,28.8500,68600
1469209008,28.8800,28.8850,28.8600,28.8700,41500
1469209021,28.8800,28.8950,28.8800,28.8850,32100
1469209131,28.8700,28.8900,28.8700,28.8900,18200
1469209197,28.8900,28.8900,28.8750,28.8800,12900
1469209255,28.9150,28.9150,28.8900,28.8933,23000
1469209319,28.8642,28.9100,28.8642,28.9100,31200
1469209379,28.8666,28.8790,28.8600,28.8700,38600
1469209436,28.8650,28.8800,28.8600,28.8600,48000
1469209494,28.8500,28.8700,28.8500,28.8700,16300
1469209556,28.8650,28.8650,28.8500,28.8500,12700
1469209617,28.8750,28.8850,28.8650,28.8650,24900
1469209673,28.8700,28.8751,28.8600,28.8751,10200
1469209738,28.8800,28.8950,28.8700,28.8700,50500
1469209795,28.8750,28.8900,28.8700,28.8800,36700
1469209850,28.8700,28.8860,28.8700,28.8750,22300
1469209913,28.8550,28.8700,28.8450,28.8700,25600
1469209973,28.8400,28.8599,28.8400,28.8599,9800
1469210033,28.8300,28.8450,28.8250,28.8400,16700
1469210043,28.8250,28.8350,28.8200,28.8300,15700
1469210159,28.8430,28.8500,28.8300,28.8300,16600
1469210219,28.8400,28.8600,28.8400,28.8458,23800
1469210273,28.8550,28.8600,28.8400,28.8400,10500
1469210339,28.8300,28.8500,28.8300,28.8500,7800
1469210352,28.8350,28.8400,28.8200,28.8300,18200
1469210405,28.8390,28.8600,28.8390,28.8400,39900
1469210511,28.8600,28.8700,28.8300,28.8300,18100
1469210576,28.8600,28.8700,28.8500,28.8600,54000
1469210637,28.8500,28.8600,28.8400,28.8545,19500
1469210698,28.8600,28.8650,28.8500,28.8500,25600
1469210757,28.8600,28.8700,28.8410,28.8600,22900
1469210817,28.8638,28.8799,28.8600,28.8600,32200
1469210878,28.8700,28.8700,28.8601,28.8700,2800
1469210937,28.8300,28.8700,28.8250,28.8700,36000
1469210999,28.8163,28.8350,28.8100,28.8300,40900
1469211059,28.7900,28.8350,28.7900,28.8200,44200
1469211060,28.8100,28.8150,28.7801,28.8000,20700
1469211178,28.8000,28.8200,28.8000,28.8100,13400
1469211230,28.8035,28.8200,28.8000,28.8100,11600
1469211246,28.7800,28.8050,28.7800,28.8030,28900
1469211302,28.7800,28.7800,28.7500,28.7800,45700
1469211365,28.8000,28.8000,28.7750,28.7800,20000
1469211471,28.8150,28.8200,28.7950,28.8000,16700
1469211539,28.8000,28.8299,28.7950,28.8100,80000
1469211599,28.8100,28.8100,28.7900,28.8000,23300
1469211604,28.8200,28.8250,28.8100,28.8100,27100
1469211669,28.7900,28.8150,28.7900,28.8100,18000
1469211720,28.7950,28.7950,28.7750,28.7900,26400
1469211838,28.7900,28.8150,28.7900,28.7954,48400
1469211899,28.8100,28.8100,28.7942,28.7944,8000
1469211955,28.8100,28.8150,28.8100,28.8100,11800
1469212016,28.8150,28.8200,28.8100,28.8200,14700
1469212034,28.8300,28.8300,28.8200,28.8200,15800
1469212138,28.8400,28.8600,28.8250,28.8300,40200
1469212188,28.8511,28.8600,28.8500,28.8500,12900
1469212255,28.8600,28.8700,28.8500,28.8600,45600
1469212316,28.8750,28.8790,28.8600,28.8700,39800
1469212370,28.8700,28.8794,28.8600,28.8794,7800
1469212435,28.8661,28.8800,28.8600,28.8700,25000
1469212497,28.8500,28.8650,28.8450,28.8600,18000
1469212559,28.8600,28.8600,28.8500,28.8500,13000
1469212619,28.8600,28.8700,28.8600,28.8600,18200
1469212679,28.8700,28.8800,28.8550,28.8650,26300
1469212731,28.8750,28.8900,28.8700,28.8701,14000
1469212799,28.8850,28.8850,28.8700,28.8750,16500
1469212859,28.8800,28.9000,28.8745,28.8900,20000
1469212917,28.8600,28.8800,28.8600,28.8800,11600
1469212975,28.8650,28.8700,28.8600,28.8600,26200
1469213033,28.8750,28.8800,28.8650,28.8700,8000
1469213096,28.8750,28.8900,28.8700,28.8800,16100
1469213158,28.8900,28.8900,28.8700,28.8700,14900
1469213163,28.8900,28.9100,28.8800,28.8900,39300
1469213279,28.8757,28.8900,28.8732,28.8900,9700
1469213336,28.8750,28.8800,28.8600,28.8750,18400
1469213397,28.8800,28.8850,28.8700,28.8701,18200
1469213459,28.8700,28.8750,28.8611,28.8700,25900
1469213515,28.8500,28.8700,28.8450,28.8700,14600
1469213521,28.8400,28.8550,28.8200,28.8500,34100
1469213639,28.8250,28.8400,28.8200,28.8350,24600
1469213698,28.8400,28.8400,28.8200,28.8250,22400
1469213758,28.8400,28.8400,28.8301,28.8392,8000
1469213819,28.8400,28.8400,28.8350,28.8400,8300
1469213875,28.8205,28.8450,28.8205,28.8350,40900
1469213935,28.8300,28.8300,28.8200,28.8212,8400
1469213997,28.8100,28.8500,28.8100,28.8300,34200
1469214047,28.8000,28.8200,28.7941,28.8100,44800
1469214060,28.8100,28.8100,28.8010,28.8050,6100
1469214174,28.7950,28.8050,28.7800,28.8000,45800
1469214233,28.8170,28.8199,28.7850,28.7900,28500
1469214260,28.8101,28.8150,28.8100,28.8150,10400
1469214341,28.8250,28.8250,28.8100,28.8150,24100
1469214418,28.8250,28.8300,28.8150,28.8300,45300
1469214462,28.8200,28.8250,28.8143,28.8200,6700
1469214536,28.8000,28.8200,28.8000,28.8200,15100
1469214599,28.8000,28.8000,28.7800,28.8000,25100
1469214658,28.8050,28.8080,28.7950,28.7950,14200
1469214663,28.7950,28.8063,28.7900,28.8063,14300
1469214720,28.8039,28.8050,28.7900,28.8000,38600
1469214837,28.8125,28.8200,28.8000,28.8000,13100
1469214895,28.8300,28.8300,28.8200,28.8200,22200
1469214959,28.8300,28.8300,28.8200,28.8300,8100
1469215006,28.8050,28.8250,28.8050,28.8250,32300
1469215077,28.8063,28.8100,28.8000,28.8000,10800
1469215138,28.8100,28.8200,28.8000,28.8050,35400
1469215196,28.8100,28.8100,28.8000,28.8100,7900
1469215257,28.8000,28.8100,28.7950,28.8100,12600
1469215260,28.8150,28.8200,28.8000,28.8000,13500
1469215328,28.8163,28.8300,28.8100,28.8150,56700
1469215423,28.8000,28.8200,28.8000,28.8200,16300
1469215442,28.7750,28.8080,28.7750,28.8050,25600
1469215558,28.7600,28.7790,28.7600,28.7790,29300
1469215619,28.7995,28.7995,28.7650,28.7700,25000
1469215679,28.7900,28.8000,28.7900,28.7950,12700
1469215732,28.8005,28.8100,28.7950,28.7950,20900
1469215798,28.8100,28.8100,28.7900,28.8100,31300
1469215852,28.8400,28.8400,28.8050,28.8100,22400
1469215863,28.8350,28.8500,28.8300,28.8350,30300
1469215920,28.8300,28.8650,28.8300,28.8300,59700
1469215984,28.8400,28.8500,28.8350,28.8350,27800
1469216095,28.8511,28.8580,28.8400,28.8450,15600
1469216157,28.8500,28.8500,28.8400,28.8500,20400
1469216166,28.8350,28.8500,28.8300,28.8500,23000
1469216274,28.8400,28.8450,28.8300,28.8386,48000
1469216287,28.8250,28.8400,28.8200,28.8400,41500
1469216398,28.8200,28.8399,28.8200,28.8300,16500
1469216458,28.8350,28.8400,28.8250,28.8250,21800
1469216519,28.8600,28.8600,28.8350,28.8350,33700
1469216520,28.8550,28.8600,28.8500,28.8550,24100
1469216639,28.8500,28.8600,28.8400,28.8500,33700
1469216699,28.8550,28.8600,28.8450,28.8500,43600
1469216757,28.8450,28.8600,28.8400,28.8550,113200
1469216816,28.8490,28.8500,28.8400,28.8500,11700
1469216878,28.8450,28.8500,28.8300,28.8490,26100
1469216939,28.8500,28.8600,28.8400,28.8500,39500
1469216999,28.8450,28.8550,28.8450,28.8500,31400
1469217059,28.8300,28.8500,28.8200,28.8500,68000
1469217119,28.8350,28.8400,28.8200,28.8250,27000
1469217179,28.8250,28.8400,28.8200,28.8350,63200
1469217239,28.8350,28.8400,28.8205,28.8300,46800
1469217298,28.8350,28.8400,28.8300,28.8350,34300
1469217300,28.8350,28.8400,28.8300,28.8400,57900
1469217360,28.8300,28.8400,28.8300,28.8350,94600
1469217479,28.8200,28.8400,28.8200,28.8300,92600
1469217480,28.8200,28.8300,28.8100,28.8200,126900
1469217540,28.7900,28.8200,28.7600,28.8200,661900
1469217600,28.7800,28.7800,28.7800,28.7800,2948000
