uri:/instrument/1.0/SNE/chartdata;type=quote;range=1d/csv
ticker:sne
Company-Name:Sony Corporation Common Stock
Exchange-Name:NYQ
unit:MIN
timezone:EDT
currency:USD
gmtoffset:-14400
previous_close:30.3900
Timestamp:1469712600,1469736000
labels:1469714400,1469718000,1469721600,1469725200,1469728800,1469732400,1469736000
values:Timestamp,close,high,low,open,volume
close:30.3910,30.7300
high:30.4000,30.7350
low:30.3900,30.7200
open:30.3950,30.7300
volume:0,545300
1469712651,30.5000,30.5000,30.4700,30.4700,21500
1469712697,30.5000,30.5000,30.5000,30.5000,3200
1469712775,30.5100,30.5100,30.5000,30.5000,1400
1469712838,30.5100,30.5200,30.5100,30.5100,3000
1469712844,30.5000,30.5100,30.4700,30.5100,2000
1469712949,30.4600,30.4900,30.4600,30.4900,700
1469712997,30.4000,30.4500,30.4000,30.4500,400
1469713053,30.4100,30.4100,30.4100,30.4100,100
1469713132,30.4200,30.4200,30.4100,30.4100,800
1469713196,30.4500,30.4500,30.4300,30.4300,4800
1469713257,30.4100,30.4600,30.4100,30.4600,3200
1469713310,30.4000,30.4000,30.4000,30.4000,1200
1469713370,30.4300,30.4400,30.4100,30.4100,1400
1469713429,30.4435,30.4435,30.4400,30.4400,2800
1469713444,30.4000,30.4500,30.4000,30.4500,12500
1469713535,30.4050,30.4100,30.4000,30.4000,4300
1469713593,30.3910,30.4150,30.3900,30.4100,3200
1469713659,30.4100,30.4100,30.3950,30.3950,3800
1469713739,30.4050,30.4100,30.4050,30.4100,400
1469713742,30.4350,30.4350,30.4100,30.4100,3200
1469713824,30.4600,30.4600,30.4348,30.4348,2600
1469713919,30.4800,30.4800,30.4700,30.4700,2700
1469713961,30.5000,30.5100,30.4900,30.4900,2400
1469714028,30.4870,30.5090,30.4870,30.5090,1200
1469714044,30.5400,30.5400,30.4801,30.4801,8500
1469714112,30.5500,30.5500,30.5500,30.5500,800
1469714267,30.5400,30.5450,30.5300,30.5400,6100
1469714287,30.5200,30.5400,30.5100,30.5300,2800
1469714349,30.5200,30.5300,30.5190,30.5190,1800
1469714401,30.5299,30.5350,30.5200,30.5200,4200
1469714516,30.5200,30.5300,30.5200,30.5200,1400
1469714529,30.5300,30.5300,30.5250,30.5299,2300
1469714601,30.5500,30.5500,30.5400,30.5400,1100
1469714656,30.5500,30.5500,30.5499,30.5500,2900
1469714750,30.5300,30.5400,30.5300,30.5400,1600
1469714819,30.5450,30.5550,30.5300,30.5300,2300
1469714824,30.5600,30.5600,30.5400,30.5400,1600
1469714895,30.5700,30.5700,30.5700,30.5700,200
1469714991,30.5700,30.5750,30.5700,30.5700,1900
1469715056,30.5950,30.5999,30.5800,30.5800,8600
1469715104,30.5950,30.6000,30.5900,30.5901,6100
1469715151,30.6065,30.6100,30.5925,30.6000,6100
1469715239,30.6000,30.6100,30.6000,30.6050,3100
1469715295,30.5900,30.6050,30.5899,30.6000,15000
1469715335,30.6000,30.6050,30.5900,30.5900,4400
1469715364,30.5900,30.5950,30.5900,30.5900,5100
1469715474,30.5862,30.5862,30.5801,30.5801,400
1469715526,30.5850,30.5850,30.5850,30.5850,100
1469715584,30.5650,30.5900,30.5600,30.5900,5200
1469715608,30.5790,30.5800,30.5650,30.5700,5300
1469715741,30.5750,30.5750,30.5750,30.5750,100
1469715787,30.6000,30.6000,30.5800,30.5800,4000
1469715899,30.5950,30.5999,30.5900,30.5999,1100
1469715957,30.6000,30.6000,30.5950,30.5950,900
1469715993,30.5950,30.6000,30.5950,30.6000,1200
1469716074,30.5950,30.6000,30.5937,30.6000,600
1469716093,30.5800,30.5950,30.5650,30.5900,8000
1469716197,30.5900,30.5900,30.5750,30.5750,3800
1469716252,30.6000,30.6100,30.5900,30.5900,7700
1469716265,30.6100,30.6200,30.6001,30.6050,7300
1469716320,30.6050,30.6100,30.6050,30.6100,500
1469716384,30.6100,30.6100,30.6050,30.6100,2400
1469716444,30.6100,30.6100,30.6050,30.6050,800
1469716502,30.6100,30.6100,30.6000,30.6100,1600
1469716575,30.5900,30.6100,30.5900,30.6050,8400
1469716661,30.5500,30.5850,30.5500,30.5800,2100
1469716736,30.5600,30.5650,30.5550,30.5600,3500
1469716790,30.5550,30.5550,30.5550,30.5550,100
1469716801,30.5700,30.5700,30.5600,30.5600,2400
1469716861,30.5500,30.5700,30.5500,30.5700,3200
1469716975,30.5550,30.5600,30.5550,30.5600,1500
1469717035,30.5600,30.5600,30.5550,30.5600,1300
1469717070,30.5800,30.5800,30.5600,30.5600,3700
1469717153,30.5800,30.5800,30.5700,30.5800,1600
1469717212,30.5800,30.5800,30.5700,30.5800,5200
1469717269,30.5900,30.5900,30.5800,30.5800,1900
1469717314,30.6100,30.6100,30.5900,30.5900,2000
1469717398,30.6100,30.6100,30.6000,30.6100,1600
1469717451,30.6200,30.6200,30.6100,30.6100,2500
1469717463,30.6150,30.6200,30.6100,30.6200,4200
1469717535,30.6200,30.6200,30.6150,30.6200,1600
1469717632,30.6100,30.6200,30.6100,30.6200,10200
1469717690,30.6200,30.6200,30.6150,30.6200,2300
1469717749,30.5900,30.6150,30.5900,30.6100,20000
1469717814,30.5950,30.6000,30.5900,30.5950,3400
1469717860,30.6100,30.6100,30.6000,30.6000,4600
1469717937,30.6100,30.6100,30.6000,30.6050,1800
1469717977,30.6000,30.6100,30.6000,30.6000,8800
1469718000,30.6000,30.6000,30.5950,30.6000,1700
1469718127,30.5500,30.6050,30.5500,30.5950,18200
1469718235,30.5300,30.5600,30.5300,30.5600,5200
1469718297,30.4900,30.5331,30.4850,30.5331,10900
1469718356,30.4500,30.4900,30.4500,30.4850,4000
1469718419,30.4500,30.4500,30.4350,30.4400,9100
1469718478,30.4800,30.4800,30.4450,30.4500,8600
1469718525,30.4900,30.4900,30.4750,30.4750,5000
1469718580,30.4850,30.4900,30.4850,30.4900,800
1469718659,30.5000,30.5000,30.4700,30.4800,7600
1469718690,30.5200,30.5200,30.5100,30.5100,3300
1469718773,30.5200,30.5200,30.5150,30.5200,2000
1469718807,30.5200,30.5200,30.5200,30.5200,100
1469718864,30.5150,30.5199,30.5150,30.5199,300
1469718912,30.5300,30.5300,30.5200,30.5200,2100
1469719025,30.5400,30.5400,30.5350,30.5350,1500
1469719138,30.5600,30.5600,30.5450,30.5450,4200
1469719187,30.5400,30.5600,30.5400,30.5600,3100
1469719225,30.5300,30.5500,30.5300,30.5500,8000
1469719316,30.5400,30.5400,30.5400,30.5400,400
1469719330,30.5450,30.5450,30.5350,30.5400,2400
1469719381,30.5500,30.5500,30.5410,30.5450,1400
1469719491,30.5400,30.5700,30.5400,30.5600,7100
1469719502,30.5300,30.5300,30.5300,30.5300,3400
1469719564,30.5500,30.5500,30.5400,30.5400,2500
1469719653,30.5700,30.5700,30.5600,30.5600,2000
1469719699,30.5600,30.5650,30.5550,30.5650,4000
1469719799,30.5400,30.5600,30.5400,30.5600,1000
1469719803,30.5450,30.5450,30.5400,30.5400,1000
1469719876,30.5500,30.5500,30.5500,30.5500,1000
1469719945,30.5400,30.5550,30.5400,30.5500,2500
1469720036,30.5400,30.5400,30.5300,30.5400,3200
1469720083,30.5300,30.5350,30.5250,30.5300,1600
1469720159,30.5500,30.5500,30.5300,30.5300,4000
1469720217,30.5600,30.5600,30.5500,30.5500,1400
1469720276,30.5600,30.5600,30.5550,30.5600,900
1469720335,30.5600,30.5600,30.5570,30.5600,1000
1469720393,30.5700,30.5700,30.5600,30.5600,1700
1469720457,30.5675,30.5700,30.5675,30.5700,1100
1469720511,30.5700,30.5700,30.5700,30.5700,700
1469720569,30.5700,30.5700,30.5700,30.5700,700
1469720594,30.5650,30.5700,30.5650,30.5700,2400
1469720695,30.5700,30.5700,30.5689,30.5700,6500
1469720745,30.5700,30.5700,30.5700,30.5700,800
1469720804,30.5700,30.5700,30.5650,30.5700,700
1469720862,30.5900,30.5900,30.5690,30.5690,1900
1469720935,30.5800,30.5850,30.5700,30.5850,8600
1469720940,30.5750,30.5800,30.5750,30.5800,900
1469721040,30.5750,30.5750,30.5750,30.5750,300
1469721076,30.5793,30.5793,30.5700,30.5700,600
1469721149,30.5800,30.5800,30.5750,30.5800,1600
1469721218,30.5800,30.5850,30.5600,30.5850,33000
1469721287,30.5850,30.5850,30.5850,30.5850,400
1469721323,30.5850,30.5850,30.5850,30.5850,100
1469721413,30.5650,30.5900,30.5650,30.5900,4500
1469721476,30.5700,30.5700,30.5700,30.5700,200
1469721488,30.5700,30.5750,30.5650,30.5650,3100
1469722403,30.5900,30.5900,30.5900,30.5900,0
1469722677,30.5900,30.5900,30.5850,30.5850,600
1469722682,30.5800,30.5865,30.5800,30.5865,200
1469722917,30.5900,30.5900,30.5889,30.5889,600
1469722929,30.5850,30.5850,30.5800,30.5800,1100
1469722990,30.5900,30.5900,30.5850,30.5850,800
1469723093,30.5800,30.5850,30.5700,30.5825,8700
1469723118,30.5800,30.5800,30.5800,30.5800,300
1469723263,30.5900,30.5950,30.5850,30.5850,3600
1469723301,30.5925,30.6000,30.5900,30.5950,11700
1469723396,30.5962,30.5962,30.5962,30.5962,300
1469723482,30.5950,30.6000,30.5950,30.6000,800
1469723530,30.5950,30.5950,30.5950,30.5950,600
1469723674,30.5985,30.5985,30.5985,30.5985,300
1469723810,30.6000,30.6000,30.6000,30.6000,600
1469723845,30.5965,30.5965,30.5965,30.5965,500
1469723971,30.5910,30.6000,30.5910,30.6000,1200
1469724011,30.5900,30.5950,30.5800,30.5900,11400
1469724088,30.5850,30.5850,30.5850,30.5850,100
1469724157,30.5925,30.5925,30.5850,30.5850,2600
1469724181,30.5962,30.5962,30.5900,30.5900,2000
1469724262,30.5900,30.5900,30.5900,30.5900,100
1469724353,30.5950,30.5950,30.5900,30.5900,500
1469724419,30.6050,30.6050,30.5900,30.5950,5400
1469724468,30.6150,30.6200,30.6025,30.6050,3400
1469724534,30.6150,30.6184,30.6100,30.6100,2500
1469724599,30.6150,30.6200,30.6150,30.6150,600
1469724653,30.6200,30.6200,30.6150,30.6150,700
1469724690,30.6200,30.6200,30.6200,30.6200,545300
1469724753,30.6300,30.6300,30.6300,30.6300,1000
1469724813,30.6250,30.6250,30.6250,30.6250,200
1469724895,30.6250,30.6250,30.6250,30.6250,400
1469724944,30.6250,30.6250,30.6250,30.6250,300
1469725010,30.6250,30.6250,30.6200,30.6250,400
1469725027,30.6300,30.6300,30.6250,30.6300,1400
1469725136,30.6238,30.6300,30.6238,30.6300,400
1469725191,30.6300,30.6300,30.6250,30.6300,700
1469725240,30.6300,30.6300,30.6300,30.6300,500
1469725306,30.6300,30.6300,30.6242,30.6300,3700
1469725372,30.6300,30.6300,30.6200,30.6300,1400
1469725426,30.6300,30.6300,30.6300,30.6300,1400
1469725483,30.6300,30.6300,30.6300,30.6300,3700
1469725558,30.6350,30.6350,30.6350,30.6350,300
1469725610,30.6370,30.6370,30.6370,30.6370,300
1469725627,30.6400,30.6400,30.6400,30.6400,1200
1469725721,30.6300,30.6350,30.6200,30.6300,7900
1469725768,30.6365,30.6365,30.6300,30.6300,1400
1469725814,30.6310,30.6350,30.6310,30.6350,1500
1469725901,30.6400,30.6400,30.6400,30.6400,200
1469726003,30.6350,30.6350,30.6350,30.6350,100
1469726091,30.6350,30.6350,30.6350,30.6350,300
1469726118,30.6349,30.6349,30.6349,30.6349,100
1469726209,30.6550,30.6550,30.6350,30.6550,5200
1469726227,30.6500,30.6550,30.6500,30.6500,1600
1469726376,30.6400,30.6550,30.6400,30.6500,4500
1469726455,30.6300,30.6400,30.6300,30.6400,2600
1469726460,30.6250,30.6300,30.6200,30.6300,2000
1469726551,30.6300,30.6350,30.6300,30.6300,2600
1469726636,30.6050,30.6250,30.6050,30.6200,5700
1469726704,30.6050,30.6050,30.6000,30.6050,1300
1469726857,30.6100,30.6150,30.6050,30.6100,2000
1469726909,30.6200,30.6200,30.6100,30.6100,9200
1469726947,30.6200,30.6300,30.6200,30.6220,500
1469727006,30.6400,30.6400,30.6300,30.6300,600
1469727086,30.6300,30.6350,30.6200,30.6300,4800
1469727151,30.6250,30.6300,30.6200,30.6300,1700
1469727228,30.6300,30.6350,30.6300,30.6300,2000
1469727243,30.6300,30.6350,30.6300,30.6300,3100
1469727359,30.6450,30.6500,30.6400,30.6400,500
1469727402,30.6350,30.6550,30.6300,30.6500,5900
1469727461,30.6350,30.6400,30.6350,30.6400,1000
1469727622,30.6300,30.6350,30.6300,30.6350,800
1469727698,30.6250,30.6300,30.6200,30.6300,8300
1469727838,30.6200,30.6300,30.6200,30.6250,9600
1469727880,30.6300,30.6400,30.6300,30.6300,3100
1469728068,30.6300,30.6400,30.6300,30.6400,2900
1469728131,30.6350,30.6350,30.6350,30.6350,800
1469728152,30.6400,30.6400,30.6350,30.6400,2000
1469728227,30.6100,30.6350,30.6000,30.6350,19900
1469728299,30.6050,30.6150,30.5900,30.6100,7800
1469728359,30.5850,30.6050,30.5800,30.6000,2900
1469728412,30.6000,30.6000,30.5850,30.5850,4100
1469728469,30.6000,30.6000,30.6000,30.6000,100
1469728536,30.6000,30.6000,30.6000,30.6000,1900
1469728678,30.6050,30.6100,30.6044,30.6050,2400
1469728690,30.6100,30.6100,30.6100,30.6100,200
1469728748,30.6200,30.6200,30.6050,30.6050,5900
1469728824,30.6100,30.6200,30.6100,30.6150,2700
1469728861,30.5950,30.6100,30.5950,30.6100,7100
1469728937,30.5950,30.5950,30.5930,30.5930,600
1469729095,30.5950,30.5950,30.5950,30.5950,100
1469729107,30.6250,30.6300,30.5950,30.5950,12000
1469729216,30.6400,30.6400,30.6290,30.6300,2400
1469729252,30.6500,30.6500,30.6400,30.6400,2400
1469729339,30.6400,30.6500,30.6400,30.6500,500
1469729398,30.6600,30.6700,30.6500,30.6500,3700
1469729439,30.6700,30.6700,30.6600,30.6600,1200
1469729470,30.6700,30.6750,30.6700,30.6700,3000
1469729520,30.6550,30.6700,30.6500,30.6700,4500
1469729735,30.6550,30.6550,30.6500,30.6500,800
1469729816,30.6600,30.6600,30.6550,30.6550,1600
1469729844,30.6600,30.6650,30.6600,30.6650,800
1469729902,30.6700,30.6700,30.6600,30.6600,500
1469730005,30.6400,30.6650,30.6400,30.6650,4500
1469730119,30.6400,30.6500,30.6300,30.6400,56100
1469730120,30.6400,30.6400,30.6300,30.6400,2100
1469730299,30.6500,30.6500,30.6425,30.6425,200
1469730306,30.6534,30.6534,30.6450,30.6450,1800
1469730360,30.6500,30.6500,30.6450,30.6500,1800
1469730425,30.6458,30.6458,30.6458,30.6458,300
1469730599,30.6400,30.6500,30.6400,30.6500,400
1469730656,30.6500,30.6600,30.6450,30.6450,4700
1469730710,30.6800,30.6800,30.6600,30.6600,1400
1469730750,30.6800,30.6800,30.6800,30.6800,600
1469730875,30.6800,30.6800,30.6800,30.6800,100
1469730929,30.6500,30.6700,30.6500,30.6700,4300
1469730972,30.6450,30.6500,30.6400,30.6500,2300
1469731127,30.6450,30.6467,30.6450,30.6450,600
1469731168,30.6400,30.6450,30.6400,30.6400,1100
1469731283,30.6400,30.6400,30.6400,30.6400,100
1469731345,30.6500,30.6500,30.6450,30.6500,800
1469731431,30.6500,30.6500,30.6450,30.6450,600
1469731480,30.6435,30.6435,30.6435,30.6435,500
1469731515,30.6600,30.6600,30.6450,30.6500,2200
1469731613,30.6650,30.6650,30.6650,30.6650,200
1469731649,30.6700,30.6700,30.6637,30.6637,200
1469731696,30.6700,30.6700,30.6640,30.6640,900
1469731912,30.6700,30.6700,30.6700,30.6700,200
1469731937,30.7000,30.7050,30.6650,30.6650,9800
1469731986,30.6900,30.7000,30.6900,30.7000,500
1469732079,30.6900,30.6950,30.6900,30.6900,2100
1469732114,30.6850,30.6850,30.6850,30.6850,200
1469732214,30.6600,30.6800,30.6600,30.6800,4500
1469732241,30.6700,30.6700,30.6550,30.6600,1500
1469732391,30.6750,30.6800,30.6750,30.6800,200
1469732401,30.6800,30.6800,30.6800,30.6800,2100
1469732519,30.6900,30.6900,30.6800,30.6800,3400
1469732575,30.7100,30.7200,30.6900,30.6900,8400
1469732585,30.7200,30.7200,30.7100,30.7100,400
1469732641,30.7200,30.7200,30.7200,30.7200,200
1469732757,30.7300,30.7300,30.7200,30.7200,1900
1469732802,30.7200,30.7300,30.7200,30.7300,2400
1469732865,30.7100,30.7100,30.7100,30.7100,900
1469732920,30.7050,30.7350,30.7000,30.7199,29300
1469732977,30.7039,30.7100,30.7000,30.7000,3300
1469733044,30.7000,30.7000,30.7000,30.7000,300
1469733220,30.7065,30.7100,30.7050,30.7050,700
1469733242,30.6900,30.7050,30.6850,30.7000,8200
1469733408,30.6700,30.6800,30.6700,30.6800,1200
1469733473,30.6800,30.6800,30.6735,30.6800,800
1469733480,30.6735,30.6750,30.6700,30.6700,150700
1469733579,30.6665,30.6750,30.6600,30.6750,5300
1469733608,30.6700,30.6700,30.6650,30.6650,2100
1469733739,30.6750,30.6800,30.6700,30.6700,1500
1469733810,30.6800,30.6800,30.6800,30.6800,200
1469733861,30.6750,30.6750,30.6700,30.6750,800
1469733959,30.6700,30.6800,30.6700,30.6750,1400
1469733960,30.6750,30.6750,30.6750,30.6750,300
1469734046,30.6750,30.6759,30.6750,30.6759,800
1469734094,30.6700,30.6900,30.6700,30.6800,5400
1469734194,30.6800,30.6800,30.6800,30.6800,100
1469734254,30.6700,30.6700,30.6600,30.6700,10400
1469734260,30.6700,30.6750,30.6700,30.6700,1100
1469734322,30.6750,30.6800,30.6750,30.6800,200
1469734410,30.6600,30.6800,30.6600,30.6800,3900
1469734449,30.6650,30.6650,30.6600,30.6600,25800
1469734559,30.6550,30.6700,30.6550,30.6700,5000
1469734603,30.6638,30.6690,30.6600,30.6600,4300
1469734678,30.6800,30.6850,30.6650,30.6700,13400
1469734728,30.6800,30.6900,30.6800,30.6900,600
1469734790,30.6850,30.6900,30.6850,30.6900,700
1469734858,30.6950,30.7000,30.6850,30.6900,6200
1469734919,30.6950,30.7000,30.6900,30.6950,3000
1469734924,30.6950,30.7000,30.6900,30.6950,9900
1469735014,30.6800,30.6950,30.6800,30.6950,5700
1469735096,30.7000,30.7000,30.6800,30.6900,5500
1469735154,30.6900,30.6950,30.6900,30.6900,9600
1469735171,30.6900,30.7000,30.6900,30.6950,4600
1469735275,30.7200,30.7200,30.6900,30.6950,9800
1469735339,30.7300,30.7300,30.7100,30.7150,9400
1469735342,30.7100,30.7250,30.7100,30.7250,4500
1469735407,30.6950,30.7150,30.6900,30.7100,17100
1469735519,30.6950,30.6999,30.6900,30.6900,1200
1469735579,30.6900,30.6990,30.6900,30.6950,2400
1469735637,30.7100,30.7100,30.6900,30.6950,11400
1469735699,30.6950,30.7100,30.6900,30.7050,7700
1469735759,30.6900,30.7000,30.6800,30.6900,17400
1469735819,30.7100,30.7100,30.6800,30.6900,6900
1469735879,30.6800,30.7050,30.6800,30.7000,24400
1469735880,30.6850,30.6850,30.6700,30.6750,13400
1469735941,30.7000,30.7000,30.6800,30.6900,32600
1469736000,30.7000,30.7000,30.7000,30.7000,0
