uri:/instrument/1.0/AAPL/chartdata;type=quote;range=1d/csv
ticker:aapl
Company-Name:Apple Inc.
Exchange-Name:NMS
unit:MIN
timezone:EDT
currency:USD
gmtoffset:-14400
previous_close:102.9500
Timestamp:1469712600,1469736000
labels:1469714400,1469718000,1469721600,1469725200,1469728800,1469732400,1469736000
values:Timestamp,close,high,low,open,volume
close:103.0400,104.4100
high:103.0800,104.4500
low:102.9700,104.4000
open:102.9900,104.4100
volume:0,19729600
1469712623,103.1900,103.1900,102.9900,102.9900,919000
1469712719,103.1932,103.2500,103.1800,103.1850,211700
1469712724,103.3300,103.3300,103.1700,103.1900,190500
1469712780,103.4662,103.4700,103.3200,103.3300,238100
1469712841,103.4300,103.4600,103.3000,103.4500,206400
1469712959,103.2100,103.4400,103.1900,103.4350,281000
1469712960,103.1700,103.3300,103.1300,103.2100,209400
1469713020,103.0600,103.2300,103.0535,103.1700,194400
1469713139,103.0400,103.0800,102.9900,103.0500,200400
1469713199,103.0701,103.0800,102.9700,103.0307,163500
1469713259,103.1550,103.1600,103.0400,103.0701,161600
1469713319,103.1500,103.2000,103.0800,103.1700,86200
1469713379,103.2600,103.3000,103.1500,103.1500,125100
1469713380,103.3500,103.3800,103.2550,103.2600,181700
1469713442,103.3400,103.3900,103.2900,103.3450,125800
1469713559,103.4300,103.5000,103.3400,103.3400,216000
1469713560,103.5600,103.5800,103.4200,103.4308,240400
1469713620,103.6041,103.6600,103.5400,103.5600,199700
1469713739,103.6100,103.6200,103.5800,103.6200,151600
1469713740,103.7050,103.7700,103.6000,103.6000,334300
1469713800,103.7500,103.7600,103.6500,103.6900,96400
1469713860,103.8377,103.8600,103.7599,103.7600,266500
1469713979,103.8611,103.8800,103.8200,103.8300,158700
1469714039,103.9064,103.9500,103.8400,103.8650,323900
1469714099,104.0500,104.0600,103.8900,103.9000,449800
1469714159,104.1400,104.1500,104.0400,104.0500,281500
1469714219,104.0450,104.2300,104.0200,104.1300,417400
1469714279,103.9750,104.0900,103.9500,104.0400,222300
1469714280,103.9700,103.9900,103.9100,103.9700,168100
1469714341,103.9500,103.9800,103.9200,103.9700,97800
1469714401,103.9900,104.0200,103.9400,103.9700,112800
1469714462,103.9800,103.9900,103.9100,103.9891,117400
1469714521,104.0050,104.0300,103.9600,103.9800,226800
1469714639,103.9790,104.0200,103.9700,104.0050,94400
1469714699,103.9152,103.9841,103.9100,103.9800,88300
1469714759,103.8200,103.9300,103.8100,103.9200,148500
1469714819,103.9000,103.9450,103.8160,103.8200,232600
1469714820,103.9850,104.0000,103.8900,103.9050,174200
1469714939,104.1200,104.1500,103.9800,103.9850,259600
1469714940,104.1000,104.1500,104.0700,104.1100,161900
1469715000,104.0800,104.1100,104.0700,104.1000,74100
1469715119,104.0435,104.1000,104.0400,104.0841,70000
1469715120,104.0700,104.0800,104.0400,104.0400,83000
1469715180,104.0200,104.1100,104.0200,104.0700,191100
1469715299,103.9245,104.0283,103.8900,104.0200,127200
1469715300,103.9150,103.9500,103.8900,103.9300,122200
1469715419,103.8637,103.9108,103.8600,103.9100,112700
1469715420,103.9200,103.9200,103.8500,103.8700,103500
1469715539,103.9900,103.9900,103.9100,103.9150,160500
1469715599,104.0050,104.0142,103.9750,103.9890,159600
1469715600,103.9900,104.0100,103.9750,104.0065,170000
1469715719,103.9500,104.0000,103.9500,103.9940,250500
1469715720,103.9600,103.9700,103.9300,103.9600,138500
1469715780,104.0400,104.0500,103.9634,103.9700,204900
1469715841,103.9711,104.0400,103.9700,104.0350,94100
1469715959,104.0017,104.0100,103.9700,103.9800,47900
1469716019,104.0000,104.0100,104.0000,104.0001,87400
1469716079,104.0000,104.0400,104.0000,104.0050,119300
1469716080,103.9500,104.0100,103.9300,104.0000,111800
1469716199,103.9600,103.9700,103.9400,103.9511,57700
1469716200,103.9036,104.0000,103.9000,103.9700,86700
1469716261,103.9600,103.9700,103.8900,103.9000,190200
1469716379,103.9750,103.9800,103.9500,103.9550,63700
1469716381,103.9450,103.9789,103.9300,103.9789,65400
1469716441,103.9000,103.9600,103.9000,103.9459,68500
1469716501,103.8500,103.9090,103.8450,103.9090,110300
1469716560,103.8300,103.8750,103.8100,103.8600,146400
1469716620,103.7200,103.8400,103.7200,103.8400,147200
1469716680,103.7450,103.7900,103.7100,103.7250,143800
1469716799,103.8400,103.8400,103.7411,103.7500,89300
1469716857,103.8700,103.8800,103.8300,103.8400,107500
1469716860,103.8350,103.8700,103.8200,103.8650,89400
1469716920,103.8700,103.8900,103.8331,103.8331,129600
1469716980,103.9000,103.9000,103.8700,103.8800,98900
1469717098,103.9825,103.9900,103.9000,103.9000,144800
1469717100,103.8999,103.9900,103.8950,103.9900,52100
1469717160,103.9050,103.9500,103.8700,103.8960,51300
1469717279,103.9350,103.9400,103.8950,103.9050,65600
1469717339,103.9650,104.0000,103.9300,103.9300,219800
1469717399,103.9366,103.9800,103.9200,103.9611,34900
1469717400,103.9863,103.9950,103.9300,103.9400,53900
1469717461,103.9700,103.9900,103.9500,103.9900,96200
1469717579,104.0100,104.0300,103.9600,103.9600,219900
1469717639,104.0300,104.0400,104.0100,104.0110,235800
1469717640,104.0200,104.0500,104.0200,104.0214,144700
1469717700,103.9900,104.0200,103.9400,104.0200,105900
1469717760,103.9442,104.0000,103.9300,103.9900,84800
1469717879,103.9700,103.9800,103.9300,103.9500,122200
1469717939,103.9500,103.9800,103.9200,103.9637,65900
1469717999,103.9300,103.9550,103.8700,103.9500,90900
1469718000,103.9400,103.9800,103.9300,103.9300,71200
1469718060,103.9500,103.9600,103.9100,103.9437,65800
1469718178,103.9500,103.9700,103.9200,103.9450,62100
1469718180,103.9586,103.9900,103.9500,103.9550,63300
1469718241,103.9542,103.9662,103.9239,103.9500,56500
1469718359,103.9250,103.9700,103.9200,103.9550,64000
1469718360,103.9000,103.9300,103.8700,103.9300,55100
1469718420,103.9000,103.9300,103.8835,103.8937,65700
1469718480,103.8800,103.9200,103.8500,103.8950,58400
1469718540,103.8300,103.8800,103.8100,103.8758,91500
1469718601,103.8000,103.8600,103.7600,103.8300,173600
1469718660,103.8300,103.8300,103.7900,103.8050,64900
1469718720,103.8900,103.9100,103.8201,103.8240,68100
1469718839,103.8835,103.9100,103.8500,103.8942,76700
1469718840,103.8200,103.8989,103.8100,103.8900,63300
1469718900,103.8500,103.8800,103.8235,103.8250,61300
1469718960,103.8900,103.9000,103.8300,103.8500,87300
1469719020,103.8700,103.9000,103.8500,103.8900,63400
1469719139,103.9235,103.9300,103.8700,103.8700,132600
1469719141,103.9492,103.9700,103.9240,103.9240,141400
1469719203,103.9300,103.9600,103.9100,103.9450,119800
1469719261,103.9100,103.9600,103.9100,103.9201,32900
1469719320,103.9100,103.9300,103.9000,103.9101,39400
1469719381,103.8601,103.9100,103.8600,103.9100,56200
1469719499,103.8000,103.8800,103.8000,103.8700,61000
1469719557,103.7500,103.8025,103.7400,103.8025,80200
1469719561,103.7700,103.8000,103.7100,103.7550,85800
1469719621,103.7300,103.7800,103.7200,103.7690,49400
1469719680,103.7400,103.7700,103.7100,103.7300,73000
1469719798,103.7300,103.7600,103.7200,103.7400,66200
1469719800,103.6625,103.7600,103.6500,103.7200,111800
1469719919,103.7275,103.7600,103.6500,103.6580,121200
1469719979,103.6380,103.7250,103.6200,103.7210,111700
1469720039,103.5900,103.6400,103.5700,103.6301,118500
1469720040,103.5020,103.6000,103.5000,103.5938,106400
1469720100,103.5500,103.5600,103.5000,103.5000,77400
1469720219,103.5800,103.5900,103.5400,103.5562,70100
1469720220,103.5700,103.6000,103.5600,103.5800,42300
1469720283,103.6000,103.6000,103.5650,103.5700,39700
1469720341,103.5800,103.6300,103.5800,103.6000,67700
1469720400,103.6000,103.6100,103.5700,103.5850,84300
1469720519,103.6000,103.6100,103.5800,103.6050,40200
1469720579,103.6400,103.6600,103.5950,103.5950,137500
1469720580,103.7200,103.7300,103.6400,103.6450,124800
1469720640,103.7550,103.7600,103.7100,103.7200,44800
1469720707,103.7650,103.7900,103.7500,103.7600,60800
1469720762,103.7790,103.7800,103.7500,103.7600,16300
1469720821,103.8300,103.8500,103.7700,103.7737,68400
1469720880,103.8800,103.8800,103.8200,103.8300,63000
1469720941,103.8400,103.8800,103.8400,103.8700,76700
1469721059,103.8300,103.8500,103.7900,103.8500,90700
1469721060,103.8700,103.8700,103.8300,103.8300,60400
1469721125,103.8600,103.8800,103.8200,103.8600,48000
1469721239,103.8700,103.8800,103.8400,103.8600,39400
1469721299,103.8600,103.8700,103.8300,103.8700,57000
1469721300,103.8500,103.8700,103.8460,103.8600,26400
1469721360,103.8700,103.8900,103.8400,103.8541,66600
1469721479,103.8600,103.8800,103.8200,103.8690,59100
1469721480,103.8350,103.8700,103.8350,103.8500,43500
1469721541,103.8590,103.8700,103.8300,103.8300,38300
1469721628,103.8600,103.8600,103.8200,103.8500,22300
1469722064,103.8437,103.8500,103.8250,103.8300,0
1469722438,103.8550,103.8600,103.8500,103.8540,7000
1469722496,103.8601,103.8700,103.8500,103.8563,44700
1469722559,103.8500,103.8662,103.8400,103.8600,16600
1469722618,103.8100,103.8500,103.8050,103.8499,42700
1469722620,103.8200,103.8300,103.8000,103.8000,16400
1469722680,103.8000,103.8300,103.7902,103.8300,53100
1469722743,103.7865,103.8200,103.7750,103.8050,48500
1469722801,103.7700,103.7900,103.7600,103.7750,89200
1469722864,103.7740,103.7900,103.7550,103.7793,34600
1469722920,103.7450,103.7800,103.7400,103.7745,19729600
1469722980,103.7300,103.7500,103.7300,103.7400,40700
1469723099,103.7150,103.7600,103.7000,103.7400,96700
1469723159,103.6500,103.7300,103.6500,103.7200,76900
1469723161,103.6665,103.6700,103.6250,103.6589,63800
1469723279,103.7100,103.7200,103.6600,103.6668,92600
1469723338,103.7500,103.7500,103.7100,103.7150,74200
1469723399,103.7350,103.7600,103.7300,103.7400,51900
1469723400,103.6900,103.7400,103.6900,103.7300,52000
1469723460,103.6900,103.7400,103.6700,103.6900,123800
1469723520,103.6900,103.7000,103.6700,103.6800,37500
1469723639,103.6400,103.6950,103.6350,103.6900,62000
1469723699,103.5960,103.6400,103.5900,103.6310,58000
1469723701,103.5900,103.6100,103.5700,103.6000,72100
1469723760,103.5901,103.6000,103.5800,103.5900,25400
1469723823,103.5800,103.6000,103.5600,103.6000,26900
1469723880,103.5541,103.5807,103.5500,103.5800,39600
1469723999,103.5800,103.5800,103.5400,103.5500,29200
1469724000,103.5500,103.5800,103.5300,103.5738,34200
1469724060,103.5799,103.5800,103.5400,103.5500,38100
1469724120,103.6000,103.6200,103.5700,103.5800,31300
1469724180,103.6085,103.6290,103.5900,103.6043,38800
1469724299,103.5900,103.6052,103.5800,103.6000,21000
1469724300,103.5341,103.5900,103.5300,103.5850,82100
1469724419,103.5750,103.5900,103.5300,103.5400,28500
1469724478,103.5700,103.6000,103.5600,103.5800,33000
1469724480,103.5650,103.5700,103.5500,103.5610,22300
1469724543,103.5100,103.5700,103.5000,103.5700,49900
1469724600,103.5300,103.5400,103.5000,103.5135,79000
1469724686,103.5300,103.5400,103.5000,103.5294,24200
1469724720,103.5800,103.5800,103.5300,103.5300,27800
1469724780,103.5800,103.5900,103.5510,103.5700,36700
1469724840,103.6000,103.6000,103.5800,103.5882,20100
1469724959,103.6200,103.6300,103.5900,103.5945,39300
1469724960,103.5960,103.6300,103.5800,103.6201,51900
1469725021,103.6340,103.6340,103.5900,103.5900,42400
1469725081,103.5965,103.6400,103.5900,103.6350,28300
1469725197,103.5992,103.6100,103.5900,103.5958,22500
1469725200,103.5800,103.6000,103.5800,103.6000,39500
1469725264,103.5800,103.5900,103.5600,103.5900,30000
1469725321,103.5800,103.5900,103.5737,103.5737,26300
1469725385,103.6500,103.6500,103.5900,103.5900,56500
1469725499,103.6498,103.6800,103.6200,103.6400,111900
1469725500,103.6850,103.6900,103.6400,103.6450,59500
1469725618,103.6800,103.6899,103.6600,103.6863,36600
1469725679,103.7100,103.7100,103.6800,103.6800,55400
1469725681,103.7150,103.7300,103.6900,103.7100,35000
1469725799,103.7367,103.7500,103.7200,103.7200,46100
1469725800,103.7300,103.7500,103.7300,103.7400,24100
1469725863,103.7200,103.7400,103.7000,103.7350,71200
1469725925,103.7400,103.7400,103.7000,103.7100,23000
1469726038,103.7300,103.7500,103.7300,103.7400,28300
1469726040,103.7450,103.7800,103.7300,103.7300,57400
1469726102,103.7200,103.7450,103.7000,103.7400,36400
1469726160,103.7300,103.7300,103.7100,103.7100,28000
1469726222,103.7600,103.7600,103.7140,103.7250,38100
1469726280,103.7300,103.7700,103.7300,103.7600,26100
1469726344,103.7500,103.7800,103.7300,103.7340,29000
1469726405,103.7050,103.7600,103.7000,103.7600,40200
1469726519,103.6900,103.7199,103.6700,103.7041,61700
1469726520,103.6950,103.7200,103.6850,103.6901,35200
1469726581,103.6805,103.7000,103.6750,103.7000,47900
1469726640,103.7000,103.7000,103.6740,103.6740,39300
1469726756,103.7050,103.7100,103.6800,103.7050,31600
1469726761,103.7200,103.7200,103.7000,103.7050,24300
1469726825,103.7125,103.7200,103.7100,103.7200,16300
1469726939,103.7170,103.7200,103.7000,103.7100,52400
1469726940,103.7200,103.7200,103.7100,103.7200,22000
1469727058,103.7100,103.7300,103.7000,103.7150,42600
1469727063,103.7035,103.7100,103.6900,103.7062,32800
1469727122,103.6800,103.7100,103.6800,103.7050,23500
1469727182,103.7000,103.7000,103.6800,103.6800,13400
1469727241,103.7000,103.7000,103.6800,103.6900,21000
1469727358,103.7400,103.7400,103.6925,103.6950,45000
1469727360,103.7200,103.7500,103.7100,103.7400,43900
1469727421,103.7450,103.7500,103.7100,103.7100,29800
1469727485,103.7600,103.7600,103.7300,103.7450,44700
1469727599,103.7600,103.7700,103.7300,103.7500,64800
1469727659,103.7733,103.7850,103.7600,103.7600,24600
1469727719,103.7700,103.7900,103.7700,103.7740,44500
1469727722,103.7550,103.7750,103.7540,103.7700,27400
1469727783,103.7350,103.7600,103.7200,103.7500,45100
1469727843,103.7449,103.7500,103.7200,103.7350,24500
1469727959,103.7650,103.7700,103.7450,103.7500,31200
1469728019,103.7750,103.7900,103.7530,103.7650,39300
1469728020,103.7900,103.8000,103.7700,103.7738,53200
1469728139,103.7700,103.8000,103.7700,103.7800,39600
1469728199,103.7800,103.7800,103.7550,103.7600,23000
1469728200,103.8400,103.8400,103.7800,103.7900,137500
1469728319,103.8350,103.8600,103.8200,103.8399,174400
1469728379,103.8400,103.8400,103.8100,103.8395,51300
1469728381,103.8764,103.8800,103.8300,103.8400,71500
1469728499,103.8300,103.8800,103.8300,103.8750,35900
1469728500,103.8850,103.8900,103.8300,103.8400,36100
1469728618,103.8800,103.8900,103.8600,103.8802,48000
1469728679,103.9200,103.9300,103.8800,103.8900,103400
1469728680,103.9200,103.9300,103.9000,103.9200,34200
1469728740,103.9800,103.9800,103.9300,103.9300,121000
1469728800,103.9525,104.0000,103.9500,103.9850,584900
1469728860,103.9600,103.9800,103.9500,103.9550,29600
1469728979,103.9900,104.0000,103.9500,103.9500,57700
1469728983,103.9607,103.9900,103.9600,103.9801,27300
1469729042,103.9601,103.9700,103.9600,103.9660,13300
1469729101,103.9701,103.9900,103.9600,103.9650,312200
1469729163,103.9750,103.9800,103.9600,103.9700,28800
1469729220,103.9900,103.9900,103.9700,103.9701,37700
1469729281,103.9757,104.0000,103.9700,103.9900,39500
1469729342,103.9950,104.0000,103.9700,103.9701,222900
1469729401,104.0258,104.0300,103.9900,103.9901,251400
1469729519,104.0100,104.0400,104.0000,104.0290,53400
1469729578,104.0000,104.0100,103.9900,104.0095,52800
1469729639,103.9850,104.0200,103.9800,104.0000,105000
1469729640,103.9950,104.0065,103.9800,103.9850,41600
1469729700,104.0100,104.0300,103.9950,104.0000,73100
1469729761,104.0237,104.0300,104.0000,104.0163,32400
1469729820,104.0500,104.0500,104.0250,104.0300,74900
1469729880,104.0190,104.0500,104.0100,104.0450,41400
1469729999,103.9950,104.0100,103.9850,104.0000,41500
1469730000,104.0100,104.0200,103.9800,103.9950,70800
1469730118,104.0300,104.0300,103.9999,104.0050,29300
1469730176,104.0260,104.0300,104.0000,104.0300,36500
1469730238,104.0299,104.0326,104.0000,104.0200,76400
1469730240,104.0500,104.0700,104.0119,104.0235,79100
1469730300,104.0500,104.0800,104.0500,104.0549,60500
1469730361,104.1000,104.1000,104.0300,104.0501,73500
1469730420,104.0749,104.1000,104.0700,104.0900,44500
1469730481,104.0750,104.0800,104.0600,104.0700,30700
1469730545,104.0400,104.0800,104.0400,104.0750,49900
1469730659,103.9900,104.0450,103.9900,104.0450,83200
1469730660,104.0150,104.0150,103.9900,103.9950,72100
1469730721,104.0000,104.0192,103.9905,104.0165,52300
1469730838,104.0201,104.0500,103.9910,104.0000,60300
1469730841,104.0000,104.0400,104.0000,104.0200,36600
1469730911,104.0200,104.0200,103.9900,104.0000,62100
1469730960,104.0100,104.0300,103.9900,104.0183,72700
1469731020,104.0345,104.0400,104.0000,104.0100,24800
1469731139,104.0600,104.0700,104.0300,104.0310,71900
1469731199,104.0137,104.0600,104.0050,104.0600,32900
1469731201,104.0380,104.0400,104.0100,104.0150,47800
1469731260,104.0300,104.0400,104.0100,104.0352,11100
1469731320,104.0450,104.0500,104.0100,104.0242,55800
1469731380,104.0249,104.0499,104.0200,104.0499,30700
1469731440,104.0250,104.0400,104.0200,104.0200,16600
1469731500,104.0450,104.0500,104.0200,104.0300,60500
1469731560,104.0500,104.0900,104.0400,104.0450,56800
1469731621,104.0500,104.0600,104.0300,104.0600,33500
1469731682,104.0490,104.0600,104.0300,104.0537,39800
1469731798,104.0310,104.0600,104.0300,104.0440,21400
1469731801,104.0475,104.0500,104.0300,104.0400,36000
1469731863,104.0533,104.0600,104.0300,104.0500,49300
1469731922,104.0600,104.0700,104.0505,104.0505,56200
1469731980,104.0325,104.0700,104.0300,104.0600,134600
1469732041,104.0150,104.0500,104.0100,104.0400,59700
1469732105,104.0050,104.0300,103.9800,104.0200,62000
1469732162,104.0001,104.0100,103.9900,104.0059,51500
1469732220,104.0300,104.0300,104.0000,104.0100,53200
1469732280,104.0400,104.0400,104.0200,104.0350,22800
1469732342,104.0400,104.0400,104.0200,104.0345,22400
1469732401,104.0300,104.0600,104.0200,104.0400,76500
1469732461,104.0150,104.0500,104.0100,104.0400,20500
1469732520,104.0140,104.0500,104.0100,104.0200,61400
1469732583,104.0100,104.0200,104.0000,104.0150,40400
1469732699,104.0200,104.0400,104.0000,104.0150,46500
1469732700,104.0500,104.0700,104.0100,104.0290,83000
1469732817,104.0150,104.0500,104.0100,104.0401,76600
1469732821,104.0250,104.0401,104.0100,104.0200,30800
1469732939,104.0300,104.0500,104.0200,104.0250,51200
1469732941,104.0335,104.0400,104.0300,104.0350,13400
1469733000,104.0314,104.0400,104.0100,104.0400,51600
1469733060,104.0200,104.0300,104.0000,104.0300,45800
1469733179,104.0300,104.0400,104.0100,104.0200,46100
1469733236,104.0163,104.0400,104.0100,104.0300,32700
1469733240,104.0200,104.0300,104.0100,104.0200,58300
1469733303,103.9905,104.0300,103.9900,104.0258,57400
1469733360,104.0138,104.0200,103.9900,103.9950,82900
1469733420,104.0442,104.0500,104.0040,104.0200,98500
1469733480,104.0150,104.0500,104.0100,104.0500,28500
1469733540,104.0375,104.0400,104.0100,104.0200,54200
1469733659,104.0520,104.0600,104.0300,104.0400,46500
1469733719,104.0800,104.0800,104.0500,104.0600,49700
1469733721,104.0700,104.0900,104.0600,104.0900,89000
1469733839,104.0650,104.0799,104.0500,104.0611,39900
1469733899,104.0905,104.1000,104.0650,104.0700,55100
1469733900,104.0900,104.1000,104.0700,104.1000,58600
1469733963,104.1100,104.1100,104.0700,104.0800,107100
1469734079,104.1100,104.1400,104.1000,104.1200,88200
1469734080,104.1150,104.1500,104.1000,104.1100,74700
1469734140,104.1000,104.1200,104.1000,104.1200,58800
1469734201,104.1200,104.1300,104.0800,104.1100,67400
1469734260,104.1400,104.1400,104.1100,104.1200,111300
1469734379,104.1500,104.1500,104.1300,104.1350,92300
1469734439,104.1500,104.1500,104.1301,104.1410,111500
1469734440,104.1650,104.1700,104.1400,104.1500,108000
1469734500,104.1900,104.2000,104.1600,104.1650,157000
1469734563,104.1700,104.2100,104.1600,104.2000,167800
1469734620,104.1850,104.2200,104.1600,104.1650,96700
1469734738,104.2050,104.2050,104.1700,104.1835,68100
1469734740,104.2150,104.2200,104.1933,104.2000,121800
1469734859,104.1850,104.2200,104.1800,104.2200,104600
1469734860,104.1995,104.2000,104.1700,104.1850,72000
1469734979,104.2201,104.2400,104.1900,104.2000,120400
1469735039,104.2350,104.2450,104.2100,104.2250,59000
1469735040,104.2600,104.2700,104.2300,104.2400,144600
1469735100,104.2850,104.2899,104.2500,104.2600,846600
1469735219,104.3450,104.3550,104.2800,104.2850,287500
1469735279,104.4000,104.4100,104.3300,104.3400,295300
1469735339,104.3700,104.4000,104.3600,104.3900,215200
1469735398,104.3700,104.3800,104.3500,104.3750,154100
1469735459,104.3450,104.3800,104.3400,104.3700,154000
1469735519,104.3250,104.3500,104.3100,104.3500,141400
1469735521,104.3350,104.3400,104.3200,104.3300,143400
1469735639,104.3781,104.3800,104.3300,104.3400,137000
1469735699,104.3850,104.3900,104.3500,104.3750,183800
1469735759,104.4100,104.4100,104.3500,104.3800,286500
1469735761,104.4100,104.4400,104.4000,104.4100,304400
1469735879,104.3800,104.4200,104.3700,104.4000,251000
1469735881,104.3700,104.3900,104.3600,104.3900,294400
1469735941,104.3800,104.3800,104.3800,104.3800,100
1469735999,104.3300,104.4500,104.3300,104.3700,655000
1469736000,104.3400,104.3400,104.3400,104.3400,100
