uri:/instrument/1.0/RE/chartdata;type=quote;range=1d/csv
ticker:re
Company-Name:Everest Re Group, Ltd. Common S
Exchange-Name:NYQ
unit:MIN
timezone:EDT
currency:USD
gmtoffset:-14400
previous_close:181.4400
Timestamp:1469539800,1469563200
labels:1469541600,1469545200,1469548800,1469552400,1469556000,1469559600,1469563200
values:Timestamp,close,high,low,open,volume
close:183.8400,186.3850
high:184.0800,186.6900
low:183.6550,186.2450
open:183.6550,186.6900
volume:100,26400
1469539864,184.9500,184.9500,183.6550,183.6550,8100
1469539922,184.9900,185.0850,183.7500,184.9400,4000
1469540027,184.1900,185.0600,184.1900,184.9900,2400
1469540045,184.1100,184.9400,184.1100,184.9400,4500
1469540214,183.8400,184.0800,183.8400,184.0800,200
1469540225,184.8100,184.8100,184.3250,184.3250,200
1469540289,184.6800,184.9800,184.4200,184.6850,4200
1469540377,185.1990,185.1990,184.8600,184.9600,2200
1469540405,185.6800,185.6800,185.5900,185.5900,1500
1469540473,185.6500,185.6500,185.2500,185.2500,1100
1469540535,185.7300,185.9900,185.6500,185.6500,1500
1469540627,185.8600,185.9900,185.7800,185.7800,6500
1469540654,186.3100,186.4600,185.9800,185.9800,2000
1469540707,186.3800,186.6900,186.0100,186.6900,4400
1469540794,186.2450,186.3850,186.2450,186.3850,700
1469540870,186.1250,186.2300,186.1250,186.2300,200
1469540886,186.3850,186.3850,186.1100,186.1100,500
1469540988,185.9100,186.3300,185.8200,186.2200,2900
1469541003,186.1150,186.1150,185.8601,185.8601,1800
1469541107,185.9750,185.9750,185.5600,185.5600,1100
1469541124,185.5150,185.7900,185.1400,185.7800,2300
1469541228,185.4600,185.4600,185.2900,185.2900,800
1469541244,185.1700,185.4100,185.1700,185.4100,600
1469541307,185.0300,185.0300,185.0100,185.0100,2600
1469541381,184.9600,184.9600,184.7200,184.7200,800
1469541427,184.8100,185.2150,184.7100,184.7100,1300
1469541507,185.0900,185.0900,184.7400,185.0100,1300
1469541599,184.5200,184.7400,184.3300,184.7400,4600
1469541655,184.5400,184.5400,184.2200,184.2200,1500
1469541663,184.5500,184.5500,184.4000,184.4100,2100
1469541772,184.3800,184.9100,184.3800,184.6500,6100
1469541817,184.3200,184.3200,184.3200,184.3200,200
1469541875,184.7400,184.7400,184.4300,184.4300,300
1469541955,184.7800,184.8900,184.6000,184.7100,2000
1469541974,184.4300,184.7500,184.4300,184.6700,2600
1469542025,184.6200,184.7000,184.5600,184.5600,1700
1469542082,184.7700,184.9000,184.7000,184.7100,800
1469542150,184.5900,184.8300,184.4100,184.7800,1700
1469542246,184.7400,184.7400,184.6000,184.6000,1000
1469542308,184.6500,184.8100,184.4400,184.7700,3200
1469542324,184.6500,184.7250,184.6500,184.6600,400
1469542380,184.7000,184.7000,184.3800,184.6100,3600
1469542498,184.7500,184.9100,184.7500,184.8100,3000
1469542507,185.0200,185.0200,184.6200,184.7300,2400
1469542566,185.5200,185.6200,185.2400,185.2400,900
1469542622,185.8150,185.8150,185.8050,185.8050,600
1469542703,185.7400,185.7400,185.7400,185.7400,200
1469542752,185.3500,185.8850,185.3500,185.8850,1900
1469542818,185.2450,185.4801,185.0200,185.4200,3100
1469542863,185.1650,185.3100,184.9500,185.0000,1800
1469542979,185.1600,185.1600,184.9600,185.0000,300
1469543101,184.9500,184.9700,184.9500,184.9700,1700
1469543201,184.8300,184.8300,184.8300,184.8300,100
1469543264,184.8300,184.9300,184.7200,184.7900,1700
1469543337,184.9900,185.1300,184.9800,185.0300,1300
1469543398,184.7000,184.9800,184.6200,184.9600,3200
1469543464,184.8700,184.8700,184.6200,184.6800,2600
1469543520,185.1700,185.1700,184.9400,184.9400,900
1469543621,185.1600,185.1600,185.1600,185.1600,1000
1469543674,185.3500,185.3500,185.1400,185.1400,700
1469543742,185.3900,185.4500,185.3100,185.4100,400
1469543824,185.2150,185.4200,185.2150,185.3700,1300
1469543881,185.2100,185.3600,185.1200,185.1200,800
1469543956,185.2100,185.2100,185.0000,185.1800,2600
1469544128,185.2600,185.2600,185.2600,185.2600,100
1469544262,185.4500,185.4500,185.1000,185.1000,2100
1469544335,185.7000,185.7000,185.6500,185.7000,600
1469544502,185.4300,185.6300,185.4300,185.6300,2100
1469544593,185.4250,185.4250,185.4250,185.4250,100
1469544607,185.4900,185.6100,185.4600,185.6000,1900
1469544704,185.2300,185.4800,185.2300,185.3800,2200
1469544958,185.1200,185.1200,185.1200,185.1200,1200
1469544967,185.2400,185.3200,185.1100,185.2300,1300
1469545111,185.4800,185.5200,185.2750,185.2750,1500
1469545185,185.2150,185.4600,185.2150,185.4600,2100
1469545224,185.1500,185.3500,185.0100,185.3500,3400
1469545373,185.1200,185.2200,185.1200,185.1600,700
1469545438,185.2800,185.2800,185.0850,185.1400,900
1469545462,185.2251,185.2251,185.2251,185.2251,300
1469545531,185.2300,185.2300,185.0000,185.1200,2000
1469545630,185.3600,185.3600,185.2400,185.2400,3000
1469545695,185.4300,185.4300,185.3200,185.3200,700
1469545754,185.5150,185.5150,185.5150,185.5150,100
1469545821,185.3750,185.3750,185.2900,185.3750,1900
1469545878,185.2800,185.2800,185.2800,185.2800,200
1469545937,185.2700,185.3600,185.2700,185.3600,300
1469546003,185.3200,185.4800,185.3100,185.4800,900
1469546063,185.2700,185.3600,185.2700,185.3600,300
1469546113,185.1100,185.2700,184.9900,185.2700,1600
1469546173,185.0500,185.1500,184.8600,185.1500,1700
1469546270,185.2600,185.2600,184.9600,185.0800,1600
1469546309,185.1200,185.1200,185.0300,185.1200,900
1469546366,185.1550,185.1550,185.1550,185.1550,200
1469546405,184.9500,185.1000,184.9400,185.1000,700
1469546500,185.0400,185.1800,185.0400,185.1800,300
1469546545,185.1800,185.1800,185.1800,185.1800,100
1469546625,185.2350,185.2500,185.0700,185.1800,3900
1469546653,184.9200,185.1400,184.9150,185.0400,2000
1469546707,185.2500,185.2600,185.1200,185.1200,800
1469546777,185.2500,185.2500,185.2500,185.2500,200
1469546843,185.2700,185.2700,185.2699,185.2699,200
1469546922,185.3800,185.3800,185.2599,185.2600,600
1469546969,185.4100,185.4100,185.4100,185.4100,200
1469547028,185.2800,185.4100,185.2800,185.4100,200
1469547118,185.3900,185.4200,185.3500,185.4200,500
1469547153,185.2700,185.4100,185.2700,185.4100,200
1469547217,185.4100,185.4100,185.4100,185.4100,200
1469547283,185.3800,185.3800,185.3800,185.3800,100
1469547347,185.4000,185.4000,185.4000,185.4000,400
1469547409,185.3300,185.4200,185.3100,185.4200,700
1469547455,185.3600,185.3600,184.9600,185.1800,1000
1469547539,185.3500,185.3500,185.3500,185.3500,100
1469547598,185.3200,185.3200,185.1600,185.2800,1100
1469547662,185.2000,185.2500,185.0400,185.2500,900
1469547724,185.2300,185.2300,185.1300,185.1300,300
1469547792,185.3100,185.3100,185.1550,185.2900,1100
1469547858,185.1500,185.1500,185.1500,185.1500,400
1469547984,185.2000,185.2000,185.1500,185.1500,1100
1469548048,185.1101,185.2100,185.1101,185.2100,900
1469548168,185.3000,185.3000,185.2800,185.3000,1000
1469548214,185.2900,185.2900,185.2200,185.2200,700
1469548269,185.6900,185.7000,185.2500,185.2700,2500
1469548367,185.8600,185.9200,185.7500,185.9200,1600
1469548391,185.6600,185.8150,185.6600,185.6800,900
1469548444,185.9600,185.9600,185.6600,185.6600,400
1469548611,185.8450,185.8450,185.8450,185.8450,500
1469548623,186.0600,186.0600,185.9800,185.9800,2200
1469548682,186.2100,186.2100,186.0800,186.0800,200
1469548747,186.0000,186.1800,186.0000,186.0600,1300
1469548883,186.0000,186.0000,185.8700,185.9400,400
1469548925,186.0600,186.0600,185.9650,185.9650,200
1469549013,185.9950,185.9950,185.8900,185.9200,400
1469549067,186.0800,186.0800,185.9300,185.9600,400
1469549148,186.0600,186.0600,185.9500,185.9500,200
1469549175,185.9900,186.0400,185.9400,185.9900,1500
1469549334,185.6900,185.9300,185.6900,185.9300,1100
1469549343,185.6600,185.7100,185.6600,185.6800,600
1469549424,185.6300,185.6300,185.6300,185.6300,400
1469549506,185.7100,185.7100,185.5600,185.5800,500
1469549566,185.6200,185.6250,185.6200,185.6200,300
1469549633,185.6700,185.6800,185.5800,185.5800,1100
1469549697,185.7100,185.7100,185.6700,185.6700,1000
1469549713,185.7200,185.7200,185.7200,185.7200,100
1469549800,185.7000,185.7300,185.7000,185.7200,300
1469549857,185.7200,185.7200,185.5600,185.5600,200
1469549928,185.7400,185.7400,185.7300,185.7300,200
1469549940,185.7900,185.7900,185.6900,185.6900,1000
1469550003,185.8400,185.8400,185.8200,185.8200,200
1469550075,185.8600,185.8600,185.8600,185.8600,700
1469550147,186.0300,186.0300,186.0300,186.0300,100
1469550222,186.0200,186.0200,186.0200,186.0200,100
1469550298,186.0100,186.0100,186.0100,186.0100,200
1469550409,186.0100,186.0200,186.0100,186.0200,200
1469550453,185.9800,186.0200,185.9800,185.9800,300
1469550519,185.9550,186.0200,185.9550,186.0200,500
1469550655,185.9900,185.9900,185.9900,185.9900,300
1469550747,185.7000,185.9300,185.7000,185.9300,1500
1469550829,185.6800,185.7700,185.6700,185.6700,300
1469550846,185.6700,185.7750,185.6700,185.7750,800
1469551021,185.7700,185.7700,185.6900,185.6900,1000
1469551103,185.7000,185.7600,185.7000,185.7600,1500
1469551146,185.7000,185.7000,185.6000,185.7000,1200
1469551219,185.3800,185.6700,185.3300,185.6700,1700
1469551261,185.4500,185.4500,185.3300,185.3300,300
1469551321,185.4900,185.4900,185.4300,185.4300,900
1469551439,185.5200,185.5200,185.5100,185.5100,1000
1469551443,185.5100,185.5100,185.5100,185.5100,200
1469551534,185.5800,185.5800,185.5800,185.5800,900
1469551563,185.6600,185.6600,185.5900,185.5900,800
1469551655,185.7100,185.7100,185.6550,185.6550,400
1469551737,185.7600,185.7600,185.7200,185.7200,400
1469551788,185.7600,185.7600,185.7600,185.7600,300
1469551917,185.6100,185.6300,185.6100,185.6100,500
1469551968,185.6200,185.6200,185.6200,185.6200,100
1469551986,185.5150,185.5150,185.4500,185.4500,300
1469552164,185.5300,185.5300,185.5100,185.5100,700
1469552278,185.5100,185.5100,185.5100,185.5100,100
1469552303,185.5200,185.5200,185.5200,185.5200,100
1469552349,185.4300,185.5000,185.4300,185.4300,500
1469552414,185.2600,185.4200,185.2600,185.4200,800
1469552475,185.1800,185.1800,185.1800,185.1800,400
1469552523,185.2200,185.2200,185.1100,185.1100,400
1469552637,185.1200,185.1600,185.1200,185.1600,300
1469552710,185.1100,185.1550,185.1100,185.1550,1600
1469552809,184.9300,184.9300,184.9300,184.9300,200
1469552834,185.0100,185.0100,185.0100,185.0100,300
1469552939,185.0000,185.0000,185.0000,185.0000,200
1469552995,185.1500,185.1500,184.8700,185.0000,3600
1469553035,185.1000,185.1000,185.1000,185.1000,100
1469553167,185.0000,185.1350,184.9900,185.1350,2700
1469553188,184.9600,184.9700,184.9600,184.9700,300
1469553309,184.9575,184.9850,184.9500,184.9500,700
1469553372,185.0900,185.0900,184.9800,185.0200,2100
1469553592,185.0700,185.1100,185.0700,185.1100,900
1469553644,185.0550,185.0550,185.0550,185.0550,100
1469553667,185.0200,185.0200,184.9600,184.9600,400
1469553727,184.9700,184.9700,184.9700,184.9700,600
1469553782,184.9500,184.9500,184.9500,184.9500,200
1469553893,184.8600,184.8900,184.8250,184.8700,900
1469553948,184.8700,184.9000,184.8600,184.8700,1300
1469553978,184.7900,184.8900,184.7900,184.8900,1400
1469554068,184.8400,184.8400,184.8400,184.8400,100
1469554086,184.8500,184.8500,184.8500,184.8500,300
1469554142,184.8300,184.8900,184.8300,184.8500,1500
1469554203,185.0000,185.1800,184.9000,184.9000,1900
1469554266,185.0400,185.0400,184.9200,184.9800,1600
1469554340,184.8100,184.8100,184.8100,184.8100,100
1469554556,184.9701,184.9701,184.9701,184.9701,100
1469554606,184.9700,184.9700,184.9600,184.9700,1200
1469554655,184.9900,184.9900,184.9900,184.9900,100
1469554684,184.8200,184.8200,184.8200,184.8200,100
1469554786,184.9400,184.9600,184.9200,184.9600,600
1469554854,184.9600,184.9700,184.9300,184.9350,3600
1469554919,184.9950,184.9950,184.9950,184.9950,700
1469554943,184.9900,185.0500,184.9800,184.9900,1600
1469555024,184.8700,184.8700,184.8700,184.8700,100
1469555055,184.9700,184.9700,184.9700,184.9700,500
1469555154,185.0000,185.0000,184.8800,184.8800,1000
1469555174,185.1000,185.1000,185.0200,185.0200,800
1469555249,185.0600,185.0600,185.0600,185.0600,100
1469555283,184.9450,185.0800,184.9450,185.0800,1800
1469555558,184.9200,184.9200,184.9200,184.9200,200
1469555636,184.9000,184.9200,184.9000,184.9200,500
1469555653,184.9600,184.9600,184.9600,184.9600,300
1469555713,184.9900,184.9900,184.9800,184.9800,2100
1469555787,184.9400,184.9400,184.9400,184.9400,100
1469555837,185.0100,185.0100,184.9850,184.9850,500
1469555958,184.9800,184.9900,184.9700,184.9800,1400
1469556035,185.0100,185.0100,184.9100,184.9100,300
1469556089,185.0400,185.0400,184.9700,184.9800,2000
1469556163,184.9800,184.9800,184.9800,184.9800,100
1469556180,185.0100,185.0100,185.0100,185.0100,100
1469556293,185.3000,185.3000,185.0600,185.0600,2300
1469556315,185.4300,185.4300,185.4300,185.4300,200
1469556360,185.5700,185.5700,185.4000,185.4000,1300
1469556553,185.4201,185.5700,185.4201,185.5700,500
1469556613,185.2900,185.4200,185.2900,185.4200,1400
1469556687,185.3100,185.3100,185.3100,185.3100,100
1469556736,185.3300,185.3300,185.3300,185.3300,2100
1469556896,185.3600,185.3600,185.3600,185.3600,200
1469556953,185.2900,185.2900,185.2900,185.2900,100
1469557015,185.2300,185.2900,185.2300,185.2900,600
1469557106,185.1800,185.1800,185.1500,185.1500,300
1469557144,185.1700,185.1700,185.1600,185.1600,200
1469557234,185.1300,185.1900,185.1300,185.1900,1100
1469557320,185.1450,185.1450,185.1450,185.1450,100
1469557380,185.1800,185.2600,185.1800,185.2600,3500
1469557460,185.1900,185.2300,185.1900,185.2100,1100
1469557522,185.1800,185.1800,185.1800,185.1800,200
1469557604,185.1800,185.1800,185.1800,185.1800,400
1469557665,185.2600,185.2600,185.1450,185.1500,1300
1469557777,185.2400,185.2400,185.2400,185.2400,100
1469557837,185.2000,185.2100,185.2000,185.2100,500
1469557876,185.3000,185.3000,185.3000,185.3000,400
1469557930,185.3800,185.3800,185.3600,185.3600,700
1469558067,185.3792,185.3800,185.3770,185.3800,600
1469558146,185.2800,185.3400,185.2800,185.2800,400
1469558212,185.2300,185.2800,185.2300,185.2800,1500
1469558270,185.1900,185.2087,185.1900,185.2087,900
1469558319,185.0401,185.1900,184.9800,185.1900,4500
1469558374,185.0400,185.0700,185.0300,185.0600,1200
1469558406,185.0400,185.1000,185.0400,185.0400,1800
1469558517,184.9700,185.0700,184.9700,185.0700,700
1469558531,184.8800,184.9201,184.8700,184.9201,1300
1469558591,184.8750,184.8800,184.8000,184.8800,2100
1469558666,184.9200,184.9600,184.9200,184.9600,200
1469558702,184.8500,184.9150,184.8500,184.9150,300
1469558790,184.8500,184.8600,184.8500,184.8600,700
1469558831,184.5000,184.7000,184.5000,184.7000,800
1469558991,184.5000,184.5900,184.5000,184.5800,600
1469559051,184.5450,184.5450,184.5000,184.5000,300
1469559067,184.5400,184.6100,184.5300,184.5300,1300
1469559135,184.5600,184.6300,184.5600,184.6300,1000
1469559197,184.5500,184.5500,184.5400,184.5400,700
1469559255,184.5100,184.5200,184.5100,184.5100,500
1469559323,184.5200,184.5200,184.4550,184.4550,300
1469559382,184.3600,184.4400,184.3600,184.4000,1100
1469559441,184.2600,184.3550,184.2600,184.3550,500
1469559491,184.1800,184.2950,184.1800,184.2000,1400
1469559556,184.2200,184.2800,184.2100,184.2800,800
1469559670,184.5500,184.5500,184.5300,184.5300,3200
1469559724,184.6400,184.6400,184.6400,184.6400,200
1469559828,184.6800,184.7550,184.6800,184.7000,1700
1469559892,184.7100,184.7100,184.6800,184.6800,600
1469559927,184.8500,184.9300,184.7150,184.7300,2200
1469559973,184.9300,184.9300,184.9300,184.9300,100
1469560030,184.9800,184.9800,184.8600,184.8900,1200
1469560095,185.0800,185.0800,184.9300,184.9700,1500
1469560256,184.9100,185.0300,184.8800,185.0200,2200
1469560267,184.9693,185.0000,184.9550,185.0000,300
1469560349,185.0600,185.1200,184.9400,184.9400,2900
1469560424,184.9500,184.9500,184.9500,184.9500,100
1469560536,184.9800,185.0000,184.9800,185.0000,700
1469560580,185.0900,185.0900,185.0900,185.0900,600
1469560639,185.1300,185.1300,184.9600,184.9900,3400
1469560691,185.1150,185.1600,185.1100,185.1200,2200
1469560744,185.0200,185.0800,185.0200,185.0800,400
1469560817,184.9200,185.0200,184.9200,185.0200,600
1469560877,184.9400,185.0000,184.9400,185.0000,1300
1469560950,185.1300,185.1300,185.0300,185.0600,900
1469561032,185.0700,185.0700,185.0700,185.0700,600
1469561083,185.0700,185.1200,185.0000,185.0700,1400
1469561140,185.0800,185.0800,184.9600,184.9600,600
1469561193,185.0250,185.0800,185.0250,185.0800,300
1469561234,184.9700,184.9700,184.9700,184.9700,100
1469561289,185.0800,185.1000,184.9701,184.9701,4800
1469561399,185.1600,185.1700,185.1300,185.1300,700
1469561426,185.1800,185.1800,185.1800,185.1800,500
1469561515,185.1600,185.2300,185.1600,185.1600,2300
1469561579,185.1200,185.1200,185.1200,185.1200,1100
1469561590,185.0450,185.1200,185.0400,185.1200,1400
1469561663,185.1200,185.1200,185.0100,185.0100,3200
1469561729,184.9900,185.0900,184.9900,185.0900,900
1469561800,185.1100,185.1100,185.0500,185.0550,1000
1469561850,185.1300,185.1300,185.1300,185.1300,900
1469561928,185.0500,185.1100,185.0400,185.1100,1600
1469561940,185.0100,185.0500,184.9301,185.0500,1800
1469562031,184.9750,185.0200,184.9500,184.9750,600
1469562068,184.9900,185.0200,184.9600,184.9700,3500
1469562154,184.9400,184.9511,184.9100,184.9400,1500
1469562212,184.7800,184.8100,184.7800,184.8100,400
1469562299,184.7100,184.8100,184.7100,184.8100,2000
1469562353,184.7300,184.7700,184.6400,184.7700,1600
1469562362,184.7000,184.7300,184.6620,184.6620,6300
1469562436,184.5500,184.6300,184.5500,184.6300,2400
1469562539,184.5000,184.6100,184.5000,184.5001,2700
1469562543,184.5000,184.5400,184.5000,184.5000,3800
1469562606,184.6600,184.6600,184.4900,184.4900,4100
1469562695,184.6600,184.6600,184.6500,184.6500,2400
1469562743,184.5800,184.6300,184.5600,184.6300,2500
1469562797,184.6000,184.6100,184.5200,184.5400,4100
1469562849,184.6500,184.6500,184.6450,184.6450,8700
1469562954,184.7300,184.7300,184.5700,184.5700,3600
1469563010,184.6700,184.7600,184.6500,184.7600,6600
1469563025,184.6500,184.7050,184.6350,184.7050,8000
1469563132,184.6900,184.7300,184.6650,184.6650,7600
1469563142,184.7900,184.7900,184.6600,184.6950,18300
1469563200,184.7800,184.7800,184.7800,184.7800,26400
