uri:/instrument/1.0/AAPL/chartdata;type=quote;range=1d/csv
ticker:aapl
Company-Name:Apple Inc.
Exchange-Name:NMS
unit:MIN
timezone:EDT
currency:USD
gmtoffset:-14400
previous_close:99.9600
Timestamp:1469107800,1469131200
labels:1469109600,1469113200,1469116800,1469120400,1469124000,1469127600,1469131200
values:Timestamp,close,high,low,open,volume
close:100.0100,100.9857
high:100.0300,101.0000
low:99.9900,100.9700
open:100.0100,100.9850
volume:1000,564600
1469107834,100.0100,100.0300,99.9900,100.0100,564600
1469107860,100.1637,100.1700,100.0300,100.0300,141600
1469107979,100.0300,100.2500,100.0300,100.1700,253400
1469107980,100.0700,100.1000,100.0000,100.0300,150400
1469108099,100.0300,100.0936,100.0100,100.0800,128900
1469108159,100.1601,100.2000,100.0200,100.0400,175500
1469108160,100.2700,100.3200,100.1500,100.1671,291800
1469108279,100.3700,100.3800,100.2500,100.2700,148600
1469108339,100.3950,100.4400,100.3700,100.3800,197900
1469108340,100.4300,100.4600,100.3800,100.3930,120500
1469108459,100.5200,100.5300,100.4200,100.4300,347900
1469108460,100.7000,100.7100,100.5100,100.5200,450700
1469108520,100.7700,100.7798,100.6100,100.7000,305300
1469108580,100.8414,100.8700,100.7500,100.7700,280400
1469108699,100.9100,100.9300,100.8200,100.8400,238800
1469108759,100.9249,100.9700,100.8400,100.9150,252300
1469108819,100.9700,101.0000,100.9100,100.9150,473600
1469108820,100.9800,100.9900,100.9400,100.9700,168800
1469108939,100.9500,101.0000,100.9200,100.9850,194800
1469108940,100.9750,100.9850,100.9500,100.9500,110300
1469109059,100.9857,101.0000,100.9700,100.9750,213300
1469109060,100.8700,101.0000,100.8699,100.9800,255200
1469109179,100.8100,100.8950,100.7900,100.8800,189400
1469109180,100.8150,100.8700,100.7600,100.8200,160500
1469109241,100.7700,100.8200,100.7599,100.8100,120000
1469109301,100.7400,100.7800,100.7200,100.7700,111700
1469109418,100.6300,100.7363,100.6200,100.7350,99300
1469109479,100.5800,100.6301,100.5000,100.6263,219100
1469109539,100.6640,100.6700,100.5500,100.5800,145900
1469109599,100.6750,100.6800,100.6600,100.6700,51400
1469109600,100.8100,100.8100,100.6500,100.6800,165800
1469109719,100.8144,100.8400,100.7700,100.8100,224600
1469109721,100.8000,100.8200,100.7800,100.8180,65900
1469109780,100.7400,100.8000,100.7400,100.8000,73200
1469109841,100.7500,100.7600,100.7100,100.7450,57500
1469109901,100.6936,100.7500,100.6800,100.7450,49000
1469109960,100.6800,100.7100,100.6700,100.6962,50100
1469110020,100.5700,100.6900,100.5600,100.6801,121600
1469110139,100.6050,100.6600,100.5700,100.5700,122500
1469110199,100.6200,100.6500,100.5900,100.6100,67300
1469110200,100.6800,100.6900,100.6200,100.6200,107200
1469110260,100.6801,100.6900,100.6600,100.6900,49700
1469110321,100.7200,100.7300,100.6800,100.6800,84300
1469110382,100.7250,100.7500,100.7000,100.7163,82100
1469110440,100.7210,100.7210,100.7210,100.7210,1300
1469110498,100.7100,100.7450,100.6800,100.7210,116600
1469110559,100.6600,100.7090,100.6600,100.7030,78300
1469110619,100.6850,100.7100,100.6650,100.6685,43000
1469110676,100.6659,100.6900,100.6600,100.6844,30200
1469110738,100.7000,100.7100,100.6600,100.6700,58800
1469110798,100.5801,100.7011,100.5800,100.7011,117600
1469110859,100.5900,100.6837,100.5600,100.5900,77100
1469110919,100.6000,100.6300,100.5749,100.6000,75900
1469110979,100.5900,100.6100,100.5500,100.6050,52100
1469111039,100.5300,100.5900,100.5100,100.5900,72000
1469111099,100.4500,100.5724,100.4200,100.5300,122000
1469111159,100.3056,100.4500,100.3000,100.4500,161300
1469111218,100.3450,100.4006,100.3000,100.3050,127500
1469111278,100.3500,100.3700,100.3000,100.3450,102300
1469111336,100.3800,100.3800,100.3200,100.3436,61100
1469111398,100.4180,100.4400,100.3702,100.3799,146000
1469111400,100.4200,100.4200,100.4200,100.4200,1000
