uri:/instrument/1.0/SCHB/chartdata;type=quote;range=1d/csv
ticker:schb
Company-Name:Schwab U.S. Broad Market ETF
Exchange-Name:PCX
unit:MIN
timezone:EDT
currency:USD
gmtoffset:-14400
previous_close:52.1200
Timestamp:1469539800,1469563200
labels:1469541600,1469545200,1469548800,1469552400,1469556000,1469559600,1469563200
values:Timestamp,close,high,low,open,volume
close:51.9480,52.2600
high:51.9480,52.2600
low:51.9378,52.2500
open:51.9378,52.2500
volume:0,139800
1469539800,52.1300,52.1300,52.1000,52.1000,26000
1469539971,52.1200,52.1200,52.0801,52.0801,6800
1469540028,52.1200,52.1200,52.1200,52.1200,100
1469540106,52.1500,52.1500,52.1400,52.1400,5300
1469540172,52.1500,52.1500,52.1300,52.1300,900
1469540327,52.1600,52.1600,52.1600,52.1600,100
1469540357,52.1800,52.1800,52.1800,52.1800,200
1469540437,52.2100,52.2100,52.1601,52.1601,1700
1469540474,52.2000,52.2025,52.2000,52.2000,700
1469540593,52.2100,52.2200,52.2016,52.2100,2000
1469540659,52.2300,52.2300,52.2100,52.2100,2000
1469540755,52.2400,52.2500,52.2400,52.2400,600
1469540779,52.2400,52.2400,52.2320,52.2320,1400
1469540867,52.2400,52.2400,52.2400,52.2400,100
1469540914,52.2500,52.2500,52.2500,52.2500,400
1469541008,52.2500,52.2500,52.2500,52.2500,2800
1469541110,52.2400,52.2400,52.2400,52.2400,400
1469541312,52.2200,52.2400,52.2200,52.2400,300
1469541409,52.2101,52.2190,52.2101,52.2190,200
1469541505,52.2100,52.2100,52.2100,52.2100,900
1469541548,52.2150,52.2190,52.2150,52.2190,200
1469541641,52.2200,52.2300,52.2200,52.2300,500
1469541696,52.2600,52.2600,52.2400,52.2400,1000
1469541745,52.2201,52.2500,52.2201,52.2500,2400
1469541786,52.2500,52.2500,52.2290,52.2300,1100
1469541843,52.2400,52.2500,52.2400,52.2500,2300
1469541936,52.2366,52.2400,52.2366,52.2400,300
1469541971,52.2300,52.2300,52.2300,52.2300,400
1469542026,52.2190,52.2300,52.2190,52.2300,700
1469542114,52.2100,52.2100,52.2100,52.2100,500
1469542249,52.2100,52.2100,52.2100,52.2100,200
1469542299,52.2000,52.2000,52.2000,52.2000,200
1469542330,52.1800,52.1900,52.1800,52.1900,600
1469542380,52.1800,52.1800,52.1600,52.1790,4000
1469542453,52.1900,52.1900,52.1900,52.1900,1200
1469542569,52.2000,52.2000,52.1900,52.1900,300
1469542635,52.1900,52.1900,52.1900,52.1900,400
1469542716,52.2000,52.2000,52.1990,52.1990,300
1469542746,52.1900,52.2100,52.1900,52.2000,2300
1469542810,52.2100,52.2100,52.1900,52.1900,6700
1469542900,52.2000,52.2000,52.2000,52.2000,700
1469542940,52.1900,52.1900,52.1900,52.1900,300
1469542999,52.1900,52.1900,52.1900,52.1900,300
1469543079,52.2100,52.2100,52.2100,52.2100,200
1469543107,52.2200,52.2200,52.2200,52.2200,600
1469543229,52.2300,52.2300,52.2300,52.2300,300
1469543325,52.2200,52.2200,52.2200,52.2200,700
1469543401,52.2260,52.2300,52.2260,52.2299,1500
1469543479,52.2300,52.2300,52.2300,52.2300,300
1469543557,52.2100,52.2100,52.2100,52.2100,1000
1469543757,52.2000,52.2000,52.2000,52.2000,200
1469543768,52.2100,52.2100,52.2000,52.2000,700
1469543889,52.1900,52.2000,52.1900,52.2000,2100
1469544095,52.1800,52.1800,52.1800,52.1800,400
1469544120,52.1701,52.1800,52.1700,52.1700,600
1469544202,52.1780,52.1800,52.1780,52.1800,600
1469544359,52.1820,52.1820,52.1820,52.1820,700
1469544445,52.1800,52.1800,52.1800,52.1800,200
1469544530,52.1800,52.1800,52.1800,52.1800,200
1469544633,52.1700,52.1700,52.1700,52.1700,300
1469544687,52.1600,52.1620,52.1600,52.1620,400
1469544725,52.1560,52.1560,52.1560,52.1560,1000
1469544816,52.1400,52.1500,52.1400,52.1500,1700
1469544886,52.0300,52.1200,52.0300,52.1200,1400
1469544922,52.0100,52.0300,52.0100,52.0300,2900
1469545117,52.0500,52.0660,52.0500,52.0660,400
1469545170,51.9700,52.0000,51.9700,52.0000,6300
1469545215,51.9600,51.9600,51.9600,51.9600,2200
1469545283,51.9900,52.0100,51.9900,52.0000,900
1469545340,51.9910,51.9910,51.9800,51.9800,900
1469545428,51.9900,51.9900,51.9900,51.9900,700
1469545461,52.0000,52.0100,52.0000,52.0100,800
1469545520,51.9820,51.9820,51.9820,51.9820,800
1469545593,51.9920,51.9920,51.9800,51.9800,200
1469545626,51.9700,51.9700,51.9700,51.9700,600
1469545735,51.9599,51.9599,51.9599,51.9599,300
1469545788,51.9700,51.9700,51.9700,51.9700,1400
1469545831,51.9600,51.9600,51.9600,51.9600,200
1469545912,51.9600,51.9600,51.9500,51.9600,4400
1469545937,51.9480,51.9480,51.9378,51.9378,2500
1469546086,51.9675,51.9700,51.9640,51.9640,800
1469546323,52.0000,52.0000,52.0000,52.0000,1400
1469546352,52.0100,52.0100,52.0100,52.0100,100
1469546458,52.0000,52.0100,52.0000,52.0100,600
1469546557,52.0100,52.0100,52.0000,52.0000,1700
1469546684,52.0200,52.0200,52.0200,52.0200,300
1469546900,52.0100,52.0100,52.0100,52.0100,300
1469546951,52.0201,52.0201,52.0201,52.0201,200
1469547046,52.0300,52.0300,52.0300,52.0300,400
1469547115,52.0300,52.0300,52.0300,52.0300,300
1469547182,52.0150,52.0200,52.0150,52.0200,1700
1469547313,52.0225,52.0225,52.0200,52.0200,700
1469547521,52.0475,52.0500,52.0410,52.0410,1700
1469547594,52.0400,52.0401,52.0400,52.0400,300
1469547622,52.0400,52.0400,52.0400,52.0400,400
1469547736,52.0600,52.0600,52.0600,52.0600,100
1469547830,52.0600,52.0600,52.0600,52.0600,100
1469547849,52.0580,52.0580,52.0580,52.0580,200
1469547901,52.0510,52.0510,52.0400,52.0400,1200
1469548093,52.0500,52.0500,52.0500,52.0500,400
1469548150,52.0700,52.0700,52.0700,52.0700,600
1469548229,52.0900,52.0900,52.0900,52.0900,400
1469548304,52.1300,52.1300,52.1300,52.1300,200
1469548406,52.1120,52.1120,52.1120,52.1120,400
1469548469,52.1100,52.1190,52.1100,52.1190,400
1469548555,52.1000,52.1000,52.1000,52.1000,100
1469548607,52.1100,52.1101,52.1100,52.1100,3800
1469548674,52.1120,52.1120,52.1120,52.1120,100
1469548680,52.1100,52.1100,52.1100,52.1100,100
1469548797,52.1100,52.1100,52.1000,52.1000,1300
1469548889,52.1125,52.1125,52.1100,52.1100,800
1469548929,52.1100,52.1180,52.1100,52.1180,200
1469549032,52.1150,52.1150,52.1150,52.1150,300
1469549164,52.1100,52.1166,52.1100,52.1100,19500
1469549229,52.1201,52.1210,52.1201,52.1210,200
1469549322,52.1200,52.1200,52.1200,52.1200,200
1469549364,52.1190,52.1200,52.1100,52.1200,500
1469549424,52.1060,52.1060,52.1060,52.1060,5100
1469549539,52.1000,52.1000,52.1000,52.1000,100
1469549642,52.1000,52.1000,52.1000,52.1000,200
1469549865,52.1100,52.1100,52.1100,52.1100,100
1469549936,52.1200,52.1200,52.1200,52.1200,100
1469549941,52.1300,52.1300,52.1300,52.1300,100
1469550056,52.1400,52.1400,52.1400,52.1400,200
1469550106,52.1600,52.1600,52.1600,52.1600,100
1469550171,52.1700,52.1700,52.1700,52.1700,100
1469550242,52.1640,52.1700,52.1640,52.1700,800
1469550366,52.1800,52.1800,52.1610,52.1610,2200
1469550482,52.1700,52.1760,52.1700,52.1760,300
1469550591,52.1600,52.1600,52.1600,52.1600,100
1469550641,52.1590,52.1590,52.1590,52.1590,100
1469550682,52.1600,52.1600,52.1600,52.1600,100
1469550845,52.1599,52.1600,52.1599,52.1600,800
1469550919,52.1500,52.1500,52.1500,52.1500,200
1469550980,52.1500,52.1500,52.1500,52.1500,300
1469551157,52.1410,52.1410,52.1410,52.1410,500
1469551544,52.1400,52.1400,52.1400,52.1400,100
1469551607,52.1500,52.1534,52.1500,52.1534,500
1469551725,52.1600,52.1600,52.1600,52.1600,200
1469551838,52.1600,52.1600,52.1600,52.1600,300
1469551938,52.1421,52.1421,52.1421,52.1421,1700
1469552041,52.1400,52.1400,52.1400,52.1400,900
1469552226,52.1401,52.1401,52.1400,52.1400,200
1469552327,52.1299,52.1299,52.1299,52.1299,900
1469552366,52.1220,52.1300,52.1220,52.1300,1100
1469552620,52.1300,52.1300,52.1300,52.1300,2100
1469552758,52.1300,52.1300,52.1300,52.1300,300
1469552852,52.1200,52.1200,52.1200,52.1200,200
1469552928,52.1300,52.1300,52.1300,52.1300,1500
1469552950,52.1300,52.1300,52.1300,52.1300,500
1469553169,52.1201,52.1201,52.1200,52.1200,600
1469553349,52.1350,52.1350,52.1350,52.1350,100
1469553492,52.1390,52.1390,52.1350,52.1350,200
1469553592,52.1400,52.1400,52.1390,52.1390,500
1469553608,52.1299,52.1300,52.1299,52.1300,300
1469553661,52.0820,52.1100,52.0820,52.1100,2900
1469553741,52.0800,52.0800,52.0800,52.0800,100
1469553830,52.0580,52.0580,52.0580,52.0580,100
1469553862,52.0400,52.0500,52.0400,52.0500,2300
1469553956,52.0200,52.0400,52.0200,52.0400,900
1469553994,52.0300,52.0300,52.0300,52.0300,200
1469554041,52.0485,52.0485,52.0300,52.0400,3200
1469554088,52.0461,52.0461,52.0300,52.0300,300
1469554178,52.0400,52.0400,52.0400,52.0400,100
1469554220,52.0301,52.0301,52.0301,52.0301,200
1469554336,52.0400,52.0400,52.0400,52.0400,500
1469554468,52.0399,52.0400,52.0320,52.0320,500
1469554514,52.0300,52.0300,52.0300,52.0300,200
1469554778,52.0600,52.0600,52.0500,52.0500,2800
1469554822,52.0701,52.0800,52.0700,52.0700,1000
1469554876,52.0700,52.0700,52.0700,52.0700,200
1469554935,52.0670,52.0700,52.0670,52.0700,300
1469554986,52.0600,52.0600,52.0600,52.0600,700
1469555276,52.0700,52.0700,52.0700,52.0700,100
1469555338,52.0700,52.0700,52.0700,52.0700,400
1469555382,52.0600,52.0600,52.0600,52.0600,100
1469555419,52.0600,52.0600,52.0600,52.0600,100
1469555538,52.0600,52.0620,52.0600,52.0600,1000
1469555598,52.0550,52.0550,52.0550,52.0550,100
1469555807,52.0600,52.0600,52.0600,52.0600,100
1469555842,52.0700,52.0700,52.0600,52.0680,2100
1469556166,52.0800,52.0800,52.0800,52.0800,900
1469556205,52.0800,52.0800,52.0790,52.0790,1600
1469556353,52.0600,52.0700,52.0600,52.0700,3900
1469556367,52.0400,52.0500,52.0400,52.0500,2000
1469556460,52.0460,52.0460,52.0460,52.0460,200
1469556519,52.0450,52.0450,52.0450,52.0450,200
1469556557,52.0300,52.0300,52.0300,52.0300,100
1469556637,52.0300,52.0300,52.0300,52.0300,500
1469556660,52.0200,52.0300,52.0200,52.0300,2000
1469556809,52.0200,52.0200,52.0200,52.0200,700
1469556896,52.0400,52.0400,52.0400,52.0400,4900
1469556995,52.0499,52.0499,52.0499,52.0499,400
1469557084,52.0443,52.0443,52.0240,52.0240,1200
1469557214,52.0420,52.0420,52.0375,52.0390,1700
1469557348,52.0500,52.0500,52.0500,52.0500,100
1469557402,52.0800,52.0800,52.0700,52.0700,500
1469557500,52.0899,52.0899,52.0899,52.0899,200
1469557610,52.1000,52.1005,52.0820,52.0820,4100
1469557660,52.1190,52.1190,52.1190,52.1190,200
1469557724,52.1100,52.1200,52.1100,52.1100,3600
1469557770,52.1000,52.1000,52.1000,52.1000,500
1469557827,52.1200,52.1200,52.1200,52.1200,1700
1469557879,52.1300,52.1300,52.1300,52.1300,200
1469557939,52.1110,52.1120,52.1110,52.1120,500
1469558151,52.1175,52.1200,52.1175,52.1200,300
1469558269,52.1275,52.1300,52.1275,52.1300,200
1469558576,52.1200,52.1300,52.1200,52.1300,3500
1469558665,52.1300,52.1300,52.1300,52.1300,900
1469558751,52.1200,52.1200,52.1200,52.1200,100
1469558795,52.1100,52.1110,52.1100,52.1110,1500
1469558884,52.1100,52.1120,52.1100,52.1120,7400
1469558968,52.1050,52.1199,52.1000,52.1100,2200
1469559036,52.1080,52.1080,52.1080,52.1080,900
1469559064,52.1090,52.1090,52.1090,52.1090,600
1469559208,52.1160,52.1160,52.1010,52.1010,500
1469559247,52.1180,52.1180,52.1180,52.1180,300
1469559442,52.1200,52.1200,52.1100,52.1120,2500
1469559539,52.1190,52.1190,52.1190,52.1190,200
1469559674,52.1100,52.1100,52.1100,52.1100,100
1469559742,52.1210,52.1210,52.1210,52.1210,400
1469559896,52.1210,52.1320,52.1210,52.1300,2400
1469559998,52.1201,52.1201,52.1200,52.1200,200
1469560085,52.1200,52.1200,52.1200,52.1200,200
1469560243,52.1480,52.1480,52.1480,52.1480,300
1469560289,52.1440,52.1440,52.1440,52.1440,100
1469560335,52.1475,52.1500,52.1400,52.1490,6200
1469560394,52.1400,52.1400,52.1400,52.1400,300
1469560459,52.1300,52.1364,52.1300,52.1364,2100
1469560529,52.1400,52.1400,52.1400,52.1400,100
1469560589,52.1300,52.1300,52.1300,52.1300,300
1469560769,52.1040,52.1040,52.1040,52.1040,800
1469560867,52.1200,52.1200,52.1000,52.1200,3700
1469560928,52.1280,52.1280,52.1100,52.1100,1500
1469561080,52.1300,52.1300,52.1300,52.1300,100
1469561149,52.1301,52.1301,52.1300,52.1300,500
1469561271,52.1499,52.1500,52.1300,52.1500,3900
1469561334,52.1500,52.1500,52.1400,52.1400,1800
1469561369,52.1500,52.1500,52.1500,52.1500,139800
1469561429,52.1501,52.1501,52.1500,52.1500,400
1469561473,52.1550,52.1600,52.1550,52.1600,2800
1469561553,52.1401,52.1401,52.1401,52.1401,200
1469561649,52.1490,52.1490,52.1490,52.1490,300
1469561789,52.1700,52.1700,52.1550,52.1550,1200
1469561878,52.1680,52.1680,52.1680,52.1680,200
1469562007,52.1710,52.1710,52.1710,52.1710,100
1469562090,52.1800,52.1800,52.1799,52.1799,200
1469562165,52.1699,52.1699,52.1650,52.1650,1400
1469562208,52.1520,52.1640,52.1520,52.1640,300
1469562261,52.1600,52.1600,52.1600,52.1600,1000
1469562335,52.1700,52.1700,52.1700,52.1700,200
1469562552,52.1900,52.1900,52.1873,52.1873,400
1469562606,52.1699,52.1800,52.1690,52.1800,10600
1469562676,52.1600,52.1600,52.1600,52.1600,900
1469562844,52.1580,52.1600,52.1580,52.1600,2300
1469562922,52.1700,52.1700,52.1540,52.1600,1900
1469563014,52.1700,52.1700,52.1700,52.1700,400
1469563026,52.1800,52.1800,52.1700,52.1700,1100
1469563124,52.1800,52.1900,52.1800,52.1800,1400
1469563141,52.1800,52.1900,52.1790,52.1790,15700
1469563200,52.1800,52.1800,52.1800,52.1800,0
