uri:/instrument/1.0/ACWI/chartdata;type=quote;range=1d/csv
ticker:acwi
Company-Name:iShares MSCI ACWI Index Fund
Exchange-Name:NGM
unit:MIN
timezone:EDT
currency:USD
gmtoffset:-14400
previous_close:57.7800
Timestamp:1469194200,1469217600
labels:1469196000,1469199600,1469203200,1469206800,1469210400,1469214000,1469217600
values:Timestamp,close,high,low,open,volume
close:57.7600,57.9700
high:57.7650,57.9700
low:57.7500,57.9700
open:57.7600,57.9700
volume:100,55900
1469194200,57.8900,57.8900,57.8900,57.8900,4800
1469194287,57.8100,57.8200,57.8100,57.8200,3700
1469194366,57.7900,57.8250,57.7900,57.8200,9400
1469194403,57.7907,57.7907,57.7907,57.7907,100
1469194489,57.8100,57.8100,57.7900,57.7900,1900
1469194559,57.8000,57.8300,57.7900,57.8200,1900
1469194615,57.7900,57.8000,57.7900,57.8000,1000
1469194677,57.7900,57.7900,57.7900,57.7900,200
1469194696,57.7801,57.7807,57.7801,57.7807,200
1469194765,57.7700,57.7800,57.7700,57.7800,500
1469194806,57.7800,57.7800,57.7700,57.7700,500
1469194910,57.7900,57.7900,57.7800,57.7800,700
1469194930,57.8000,57.8000,57.8000,57.8000,300
1469195032,57.7700,57.7900,57.7700,57.7900,1700
1469195060,57.7900,57.7900,57.7800,57.7800,600
1469195155,57.7900,57.7950,57.7850,57.7850,700
1469195167,57.7920,57.8000,57.7920,57.8000,300
1469195277,57.8100,57.8100,57.7900,57.7900,500
1469195333,57.8200,57.8200,57.8100,57.8100,400
1469195397,57.8100,57.8100,57.8100,57.8100,600
1469195455,57.8200,57.8200,57.8000,57.8100,1100
1469195492,57.8100,57.8200,57.8100,57.8200,5100
1469195563,57.8200,57.8200,57.8200,57.8200,2100
1469195616,57.8200,57.8400,57.8200,57.8400,500
1469195696,57.8000,57.8100,57.8000,57.8100,1100
1469195700,57.7700,57.8000,57.7700,57.8000,2900
1469195812,57.7700,57.7700,57.7500,57.7600,5000
1469195872,57.7600,57.7650,57.7600,57.7600,600
1469195939,57.7707,57.7707,57.7600,57.7600,7500
1469195994,57.7700,57.7700,57.7600,57.7700,24300
1469196037,57.7900,57.7963,57.7700,57.7700,30900
1469196119,57.8300,57.8300,57.8000,57.8000,800
1469196168,57.8400,57.8427,57.8300,57.8300,2700
1469196207,57.8400,57.8425,57.8350,57.8400,600
1469196292,57.8300,57.8300,57.8200,57.8300,600
1469196323,57.8400,57.8462,57.8284,57.8300,1300
1469196371,57.8400,57.8400,57.8400,57.8400,200
1469196472,57.8200,57.8300,57.8200,57.8300,1600
1469196599,57.8058,57.8100,57.8058,57.8100,400
1469196616,57.8000,57.8060,57.8000,57.8060,700
1469196719,57.7900,57.7900,57.7900,57.7900,800
1469196742,57.7900,57.7900,57.7900,57.7900,300
1469196835,57.7900,57.7900,57.7900,57.7900,200
1469196840,57.7900,57.7900,57.7900,57.7900,100
1469196944,57.7800,57.7800,57.7800,57.7800,200
1469197011,57.7800,57.7800,57.7700,57.7700,800
1469197034,57.7800,57.7800,57.7800,57.7800,400
1469197087,57.7700,57.7700,57.7700,57.7700,600
1469197165,57.7700,57.7700,57.7700,57.7700,200
1469197222,57.7800,57.7800,57.7700,57.7700,200
1469197430,57.7900,57.8000,57.7900,57.8000,1100
1469197478,57.8000,57.8000,57.8000,57.8000,100
1469197559,57.7900,57.8000,57.7900,57.7900,16000
1469197614,57.8000,57.8100,57.7900,57.8000,32800
1469197679,57.8000,57.8000,57.7900,57.8000,24500
1469197739,57.8000,57.8036,57.7950,57.8036,14200
1469197796,57.7900,57.8000,57.7900,57.8000,8600
1469197853,57.7800,57.8100,57.7800,57.7900,26900
1469197917,57.7800,57.7850,57.7700,57.7800,55900
1469197973,57.7900,57.8000,57.7850,57.7850,4800
1469198035,57.8000,57.8000,57.7900,57.8000,5700
1469198096,57.8200,57.8250,57.8000,57.8000,18000
1469198159,57.8300,57.8300,57.8150,57.8200,33000
1469198219,57.8150,57.8300,57.8150,57.8300,11400
1469198279,57.8200,57.8200,57.8150,57.8150,20300
1469198338,57.8000,57.8200,57.8000,57.8200,20700
1469198398,57.8100,57.8100,57.8000,57.8000,17600
1469198434,57.8150,57.8150,57.8000,57.8100,8700
1469198577,57.8100,57.8100,57.8100,57.8100,300
1469198628,57.8290,57.8299,57.8050,57.8100,2100
1469198688,57.8300,57.8300,57.8300,57.8300,300
1469198818,57.8400,57.8490,57.8400,57.8400,4200
1469198826,57.8350,57.8400,57.8350,57.8400,5400
1469198948,57.8400,57.8400,57.8400,57.8400,100
1469199056,57.8561,57.8600,57.8500,57.8500,1500
1469199174,57.8500,57.8501,57.8500,57.8501,300
1469199226,57.8500,57.8500,57.8435,57.8435,1300
1469199401,57.8400,57.8600,57.8400,57.8600,1200
1469199449,57.8450,57.8500,57.8450,57.8500,200
1469199583,57.8500,57.8500,57.8500,57.8500,200
1469199641,57.8450,57.8450,57.8450,57.8450,400
1469199675,57.8300,57.8400,57.8300,57.8400,1300
1469199764,57.8200,57.8300,57.8200,57.8300,1100
1469199838,57.8250,57.8300,57.8200,57.8300,2000
1469199884,57.8200,57.8200,57.8200,57.8200,700
1469199941,57.8100,57.8100,57.8100,57.8100,1900
1469199981,57.8050,57.8050,57.8050,57.8050,100
1469200062,57.8100,57.8100,57.8100,57.8100,100
1469200133,57.8100,57.8100,57.8100,57.8100,100
1469200195,57.7900,57.8090,57.7900,57.8090,1900
1469200214,57.7850,57.7900,57.7850,57.7900,700
1469200358,57.8000,57.8000,57.8000,57.8000,300
1469200425,57.8010,57.8010,57.8000,57.8000,3800
1469200487,57.7950,57.8100,57.7950,57.8000,3300
1469200548,57.8000,57.8000,57.7941,57.7950,1800
1469200601,57.7950,57.8050,57.7950,57.8000,2900
1469200679,57.7850,57.7974,57.7850,57.7900,7100
1469200737,57.7900,57.7900,57.7800,57.7850,7000
1469200761,57.7710,57.7800,57.7710,57.7800,500
1469200873,57.7800,57.7800,57.7800,57.7800,100
1469201015,57.8000,57.8000,57.8000,57.8000,200
1469201069,57.7800,57.7950,57.7800,57.7950,2400
1469201153,57.7800,57.7800,57.7800,57.7800,7300
1469201219,57.7850,57.7900,57.7800,57.7900,6100
1469201278,57.7800,57.7941,57.7800,57.7850,11400
1469201282,57.7800,57.7800,57.7800,57.7800,800
1469201398,57.7850,57.7900,57.7800,57.7850,10600
1469201435,57.7800,57.7800,57.7800,57.7800,1500
1469201481,57.8000,57.8000,57.7900,57.7900,1500
1469201578,57.7900,57.8100,57.7900,57.8000,1200
1469201607,57.8000,57.8050,57.8000,57.8050,200
1469201758,57.8050,57.8100,57.8000,57.8100,4900
1469201796,57.8000,57.8100,57.8000,57.8100,200
1469201842,57.8100,57.8100,57.8050,57.8050,500
1469201935,57.8000,57.8100,57.8000,57.8100,300
1469201982,57.8000,57.8000,57.8000,57.8000,700
1469202002,57.8100,57.8100,57.8100,57.8100,300
1469202101,57.8100,57.8100,57.8100,57.8100,1700
1469202121,57.8100,57.8100,57.8100,57.8100,200
1469202194,57.8100,57.8150,57.8100,57.8150,1300
1469202260,57.8100,57.8100,57.8100,57.8100,100
1469202455,57.8300,57.8300,57.8200,57.8200,400
1469202498,57.8200,57.8200,57.8200,57.8200,200
1469202640,57.8400,57.8400,57.8200,57.8200,1300
1469202665,57.8400,57.8494,57.8400,57.8400,1300
1469202766,57.8500,57.8500,57.8451,57.8451,800
1469202836,57.8550,57.8600,57.8500,57.8500,600
1469202899,57.8700,57.8700,57.8600,57.8600,1300
1469202996,57.8700,57.8700,57.8700,57.8700,200
1469203115,57.8800,57.8800,57.8800,57.8800,500
1469203189,57.8800,57.8900,57.8800,57.8900,4600
1469203228,57.8750,57.8750,57.8750,57.8750,700
1469203294,57.8800,57.8800,57.8800,57.8800,700
1469203353,57.8900,57.8900,57.8800,57.8800,900
1469203425,57.8800,57.8800,57.8800,57.8800,100
1469203484,57.8750,57.8800,57.8750,57.8800,300
1469203547,57.8750,57.8750,57.8750,57.8750,100
1469203564,57.8700,57.8700,57.8700,57.8700,200
1469203895,57.8700,57.8700,57.8700,57.8700,100
1469203926,57.8700,57.8700,57.8700,57.8700,200
1469204138,57.8773,57.8773,57.8700,57.8700,300
1469204164,57.8750,57.8800,57.8750,57.8750,2700
1469204255,57.8800,57.8800,57.8800,57.8800,100
1469204304,57.8800,57.8800,57.8800,57.8800,100
1469204363,57.8800,57.8800,57.8800,57.8800,400
1469204441,57.8800,57.8800,57.8800,57.8800,100
1469204490,57.8800,57.8800,57.8800,57.8800,100
1469204548,57.8900,57.8900,57.8900,57.8900,300
1469204630,57.9000,57.9100,57.9000,57.9000,700
1469204699,57.8900,57.8922,57.8900,57.8900,6300
1469204700,57.8988,57.8988,57.8900,57.8900,400
1469204816,57.9000,57.9000,57.9000,57.9000,300
1469204877,57.8900,57.9000,57.8900,57.9000,300
1469204904,57.9100,57.9100,57.9000,57.9000,1500
1469204978,57.9100,57.9100,57.9100,57.9100,100
1469205153,57.9200,57.9200,57.9100,57.9100,3400
1469205183,57.9100,57.9100,57.9100,57.9100,400
1469205349,57.9010,57.9010,57.9000,57.9000,300
1469205362,57.8900,57.9000,57.8900,57.9000,6800
1469205470,57.8827,57.8827,57.8827,57.8827,400
1469205530,57.8900,57.8900,57.8900,57.8900,700
1469205655,57.8800,57.8800,57.8800,57.8800,200
1469205698,57.8900,57.8900,57.8900,57.8900,100
1469205817,57.8900,57.8900,57.8900,57.8900,800
1469205889,57.8900,57.9000,57.8900,57.8900,500
1469205941,57.8900,57.8900,57.8900,57.8900,200
1469206060,57.9000,57.9000,57.9000,57.9000,100
1469206195,57.9000,57.9000,57.8967,57.9000,600
1469206203,57.9000,57.9000,57.9000,57.9000,300
1469206331,57.9000,57.9000,57.9000,57.9000,400
1469206394,57.9200,57.9200,57.9100,57.9100,600
1469206580,57.9200,57.9200,57.9100,57.9100,400
1469206643,57.9100,57.9100,57.9100,57.9100,300
1469206744,57.8900,57.9000,57.8900,57.9000,1600
1469206859,57.8800,57.8900,57.8800,57.8900,1200
1469206868,57.8800,57.8800,57.8800,57.8800,800
1469206952,57.8800,57.8800,57.8800,57.8800,300
1469207008,57.8900,57.8900,57.8900,57.8900,2200
1469207058,57.8900,57.8900,57.8900,57.8900,100
1469207125,57.8861,57.8861,57.8861,57.8861,1000
1469207202,57.8987,57.9000,57.8900,57.8900,400
1469207221,57.9000,57.9000,57.9000,57.9000,800
1469207414,57.9000,57.9100,57.9000,57.9000,1700
1469207466,57.9000,57.9100,57.9000,57.9000,2100
1469207637,57.8900,57.8900,57.8900,57.8900,200
1469207654,57.8900,57.8900,57.8900,57.8900,300
1469207703,57.8900,57.8900,57.8900,57.8900,100
1469207788,57.8900,57.8900,57.8900,57.8900,100
1469207866,57.8800,57.8800,57.8800,57.8800,400
1469207911,57.8800,57.8800,57.8800,57.8800,1200
1469208035,57.8900,57.8900,57.8900,57.8900,100
1469208179,57.8900,57.8900,57.8900,57.8900,500
1469208227,57.9000,57.9000,57.9000,57.9000,200
1469208257,57.9000,57.9000,57.9000,57.9000,200
1469208456,57.9000,57.9000,57.8900,57.8900,200
1469208502,57.8900,57.8900,57.8900,57.8900,100
1469208573,57.9000,57.9000,57.9000,57.9000,100
1469208648,57.8950,57.8950,57.8950,57.8950,200
1469208672,57.9000,57.9000,57.9000,57.9000,300
1469208757,57.9000,57.9000,57.9000,57.9000,100
1469208885,57.9100,57.9100,57.9000,57.9000,1200
1469208915,57.9000,57.9000,57.9000,57.9000,300
1469208978,57.8900,57.9000,57.8900,57.9000,2200
1469209073,57.8900,57.8950,57.8900,57.8900,1400
1469209108,57.8700,57.8900,57.8700,57.8900,6400
1469209165,57.8700,57.8700,57.8600,57.8700,1700
1469209231,57.8700,57.8700,57.8700,57.8700,1100
1469209263,57.8700,57.8800,57.8700,57.8800,500
1469209350,57.8727,57.8727,57.8727,57.8727,100
1469209481,57.8800,57.8800,57.8800,57.8800,100
1469209616,57.8800,57.8800,57.8800,57.8800,500
1469209654,57.8900,57.8900,57.8900,57.8900,100
1469209720,57.8900,57.8900,57.8800,57.8800,400
1469209828,57.8900,57.8900,57.8900,57.8900,100
1469209888,57.8999,57.8999,57.8999,57.8999,100
1469209948,57.9000,57.9000,57.9000,57.9000,300
1469210016,57.9100,57.9100,57.9000,57.9000,200
1469210068,57.9100,57.9100,57.9100,57.9100,900
1469210116,57.9000,57.9000,57.9000,57.9000,100
1469210282,57.9087,57.9087,57.9087,57.9087,100
1469210374,57.9100,57.9100,57.9100,57.9100,200
1469210459,57.8927,57.9000,57.8927,57.9000,900
1469210489,57.8843,57.8900,57.8800,57.8900,3600
1469210616,57.8890,57.8890,57.8890,57.8890,5000
1469210676,57.8900,57.8900,57.8900,57.8900,400
1469210758,57.9000,57.9000,57.8800,57.8800,1800
1469210775,57.9000,57.9000,57.9000,57.9000,100
1469210941,57.9100,57.9100,57.9100,57.9100,5200
1469211040,57.9100,57.9200,57.9100,57.9150,400
1469211103,57.9100,57.9200,57.9100,57.9150,600
1469211163,57.9000,57.9100,57.9000,57.9100,700
1469211227,57.9000,57.9100,57.9000,57.9000,600
1469211255,57.9000,57.9063,57.9000,57.9000,300
1469211323,57.9000,57.9000,57.8900,57.9000,700
1469211407,57.9050,57.9050,57.9050,57.9050,200
1469211440,57.9100,57.9100,57.9050,57.9100,800
1469211539,57.9100,57.9100,57.9100,57.9100,300
1469211596,57.9150,57.9150,57.9100,57.9100,300
1469211600,57.9200,57.9200,57.9100,57.9150,500
1469211710,57.9100,57.9100,57.9100,57.9100,400
1469211770,57.9100,57.9100,57.9000,57.9100,900
1469211785,57.9100,57.9100,57.9050,57.9100,500
1469211894,57.9150,57.9200,57.9100,57.9100,900
1469211922,57.9200,57.9200,57.9150,57.9150,400
1469212012,57.9200,57.9200,57.9200,57.9200,500
1469212070,57.9100,57.9200,57.9100,57.9200,300
1469212122,57.9150,57.9200,57.9100,57.9100,600
1469212185,57.9100,57.9100,57.9100,57.9100,200
1469212202,57.9100,57.9150,57.9100,57.9150,900
1469212280,57.9000,57.9000,57.9000,57.9000,300
1469212369,57.9000,57.9050,57.9000,57.9000,2200
1469212431,57.8950,57.9000,57.8900,57.8900,1000
1469212491,57.9050,57.9050,57.8950,57.8950,800
1469212534,57.9200,57.9200,57.9050,57.9050,800
1469212611,57.9100,57.9100,57.9100,57.9100,500
1469212651,57.9050,57.9100,57.9050,57.9100,2300
1469212739,57.9050,57.9100,57.9000,57.9000,1000
1469212798,57.9035,57.9100,57.9035,57.9050,1100
1469212856,57.9100,57.9100,57.9050,57.9050,1300
1469212860,57.9200,57.9200,57.9150,57.9150,200
1469212971,57.9150,57.9200,57.9100,57.9100,1200
1469212982,57.9150,57.9150,57.9150,57.9150,400
1469213091,57.9150,57.9200,57.9150,57.9150,700
1469213120,57.9200,57.9200,57.9150,57.9150,300
1469213215,57.9200,57.9200,57.9150,57.9150,1300
1469213229,57.9300,57.9300,57.9150,57.9150,15300
1469213325,57.9300,57.9300,57.9250,57.9300,15400
1469213376,57.9250,57.9300,57.9200,57.9200,1200
1469213441,57.9300,57.9300,57.9200,57.9200,400
1469213492,57.9250,57.9250,57.9200,57.9250,500
1469213542,57.9300,57.9300,57.9250,57.9250,500
1469213626,57.9300,57.9400,57.9300,57.9300,400
1469213687,57.9300,57.9350,57.9300,57.9350,900
1469213732,57.9350,57.9400,57.9300,57.9300,900
1469213794,57.9300,57.9400,57.9300,57.9400,700
1469213868,57.9200,57.9200,57.9200,57.9200,400
1469213926,57.9200,57.9285,57.9200,57.9261,3300
1469213996,57.9200,57.9200,57.9200,57.9200,300
1469214054,57.9240,57.9250,57.9200,57.9200,600
1469214094,57.9200,57.9200,57.9200,57.9200,200
1469214153,57.9400,57.9400,57.9200,57.9200,1300
1469214213,57.9250,57.9300,57.9200,57.9300,1100
1469214350,57.9100,57.9200,57.9100,57.9200,600
1469214415,57.9100,57.9100,57.9050,57.9100,1000
1469214466,57.9150,57.9150,57.9150,57.9150,300
1469214512,57.9200,57.9200,57.9200,57.9200,17300
1469214602,57.9160,57.9160,57.9100,57.9100,13800
1469214677,57.9200,57.9200,57.9100,57.9100,300
1469214720,57.9300,57.9300,57.9150,57.9200,2400
1469214887,57.9200,57.9300,57.9200,57.9300,200
1469214919,57.9200,57.9200,57.9200,57.9200,1800
1469215014,57.9200,57.9200,57.9200,57.9200,700
1469215043,57.9200,57.9200,57.9200,57.9200,400
1469215082,57.9300,57.9300,57.9300,57.9300,500
1469215177,57.9400,57.9400,57.9400,57.9400,400
1469215248,57.9400,57.9500,57.9400,57.9400,400
1469215262,57.9586,57.9586,57.9400,57.9401,1900
1469215353,57.9700,57.9700,57.9600,57.9600,900
1469215420,57.9700,57.9700,57.9700,57.9700,100
1469215466,57.9600,57.9600,57.9600,57.9600,100
1469215511,57.9639,57.9639,57.9639,57.9639,4900
1469215568,57.9700,57.9700,57.9600,57.9600,200
1469215797,57.9500,57.9600,57.9450,57.9600,8500
1469215960,57.9500,57.9500,57.9500,57.9500,200
1469216028,57.9550,57.9550,57.9400,57.9400,1800
1469216050,57.9500,57.9600,57.9500,57.9550,5600
1469216111,57.9500,57.9500,57.9500,57.9500,500
1469216163,57.9500,57.9500,57.9500,57.9500,100
1469216249,57.9699,57.9699,57.9600,57.9600,1200
1469216392,57.9700,57.9700,57.9638,57.9638,2500
1469216403,57.9600,57.9700,57.9600,57.9700,800
1469216625,57.9600,57.9650,57.9600,57.9650,700
1469216692,57.9638,57.9638,57.9600,57.9600,2200
1469216754,57.9660,57.9700,57.9660,57.9700,1200
1469216762,57.9700,57.9700,57.9700,57.9700,500
1469216830,57.9600,57.9700,57.9550,57.9700,2500
1469217039,57.9700,57.9700,57.9600,57.9600,400
1469217072,57.9650,57.9650,57.9650,57.9650,100
1469217120,57.9700,57.9700,57.9700,57.9700,5500
1469217217,57.9500,57.9500,57.9500,57.9500,600
1469217293,57.9500,57.9500,57.9500,57.9500,2400
1469217300,57.9500,57.9600,57.9500,57.9500,3400
1469217375,57.9400,57.9500,57.9400,57.9450,1800
1469217425,57.9400,57.9400,57.9400,57.9400,6500
1469217537,57.9400,57.9400,57.9300,57.9400,3100
1469217541,57.9700,57.9700,57.9400,57.9400,13100
1469217600,57.9700,57.9700,57.9700,57.9700,1800
