uri:/instrument/1.0/GDX/chartdata;type=quote;range=1d/csv
ticker:gdx
Company-Name:VanEck Vectors Gold Miners ETF
Exchange-Name:PCX
unit:MIN
timezone:EDT
currency:USD
gmtoffset:-14400
previous_close:27.7300
Timestamp:1469539800,1469563200
labels:1469541600,1469545200,1469548800,1469552400,1469556000,1469559600,1469563200
values:Timestamp,close,high,low,open,volume
close:28.0300,28.7150
high:28.0600,28.7200
low:27.9900,28.7000
open:28.0400,28.7100
volume:0,38634100
1469539850,28.2300,28.2600,28.1800,28.2100,885000
1469539915,28.1700,28.2600,28.1700,28.2400,243300
1469539979,28.1100,28.1800,28.1100,28.1800,151700
1469539980,28.1411,28.1430,28.0900,28.1100,165900
1469540098,28.1099,28.1590,28.1099,28.1400,147300
1469540156,28.0500,28.1200,28.0201,28.1050,177200
1469540161,28.0300,28.0600,27.9900,28.0500,160900
1469540278,28.0900,28.1000,28.0400,28.0400,106500
1469540338,28.0600,28.1100,28.0600,28.1000,99600
1469540390,28.0500,28.0700,28.0400,28.0600,143500
1469540454,28.0700,28.0700,28.0300,28.0500,144400
1469540519,28.1700,28.1900,28.0740,28.0800,229000
1469540579,28.1900,28.2200,28.1701,28.1701,132000
1469540580,28.1800,28.2000,28.1636,28.1800,137600
1469540699,28.1700,28.1850,28.1411,28.1800,89700
1469540758,28.2000,28.2000,28.1600,28.1600,93000
1469540819,28.2150,28.2400,28.1900,28.2000,143600
1469540874,28.2499,28.2700,28.2150,28.2156,140100
1469540933,28.2250,28.2600,28.2100,28.2500,111900
1469540992,28.2811,28.2850,28.2400,28.2436,121400
1469541001,28.3100,28.3200,28.2750,28.2800,136500
1469541113,28.3300,28.3300,28.2800,28.3000,79000
1469541179,28.3000,28.3500,28.2900,28.3350,137200
1469541230,28.2601,28.3000,28.2400,28.3000,65900
1469541296,28.2200,28.2800,28.2200,28.2700,139500
1469541354,28.2400,28.2500,28.2300,28.2300,46800
1469541418,28.2400,28.2700,28.2400,28.2450,38200
1469541479,28.2300,28.2500,28.2150,28.2400,35400
1469541533,28.2250,28.2300,28.2000,28.2300,41000
1469541599,28.1900,28.2250,28.1850,28.2200,63400
1469541653,28.2100,28.2200,28.1200,28.1900,126600
1469541660,28.2500,28.2699,28.1900,28.2150,109100
1469541778,28.2250,28.2600,28.2200,28.2500,51800
1469541834,28.2000,28.2450,28.2000,28.2300,51000
1469541899,28.1900,28.2150,28.1800,28.2100,52500
1469541900,28.2000,28.2300,28.1800,28.1850,55600
1469542019,28.2050,28.2200,28.2000,28.2000,29600
1469542079,28.1800,28.2100,28.1800,28.2000,63600
1469542139,28.2500,28.2500,28.1800,28.1900,63500
1469542191,28.2549,28.2700,28.2450,28.2500,74400
1469542255,28.2200,28.2700,28.2200,28.2600,48400
1469542312,28.2550,28.2550,28.2100,28.2150,24900
1469542372,28.2600,28.2700,28.2400,28.2450,35100
1469542380,28.2750,28.2800,28.2350,28.2500,63900
1469542494,28.2750,28.2750,28.2450,28.2650,49300
1469542553,28.2850,28.2990,28.2650,28.2800,74600
1469542616,28.2950,28.3000,28.2700,28.2800,53900
1469542679,28.2800,28.3000,28.2550,28.2999,51500
1469542735,28.2400,28.2800,28.2300,28.2800,62100
1469542741,28.2600,28.2600,28.2250,28.2500,47100
1469542859,28.2850,28.2950,28.2600,28.2600,72800
1469542917,28.3000,28.3000,28.2750,28.2840,51900
1469542976,28.3300,28.3300,28.2900,28.3000,61300
1469543039,28.3100,28.3200,28.3000,28.3200,47800
1469543040,28.3000,28.3200,28.2900,28.3100,40800
1469543159,28.2900,28.3100,28.2800,28.2948,79800
1469543214,28.3300,28.3400,28.2800,28.2900,92900
1469543272,28.3300,28.3390,28.3200,28.3300,30800
1469543331,28.3300,28.3450,28.3200,28.3200,91900
1469543344,28.3700,28.3800,28.3201,28.3300,109000
1469543451,28.3550,28.3700,28.3320,28.3700,68700
1469543519,28.3650,28.3700,28.3501,28.3600,57300
1469543578,28.3400,28.3650,28.3400,28.3600,29100
1469543639,28.3500,28.3600,28.3400,28.3455,64600
1469543699,28.3350,28.3600,28.3300,28.3600,36800
1469543758,28.3400,28.3500,28.3300,28.3350,49900
1469543819,28.3200,28.3500,28.3100,28.3400,74600
1469543877,28.3300,28.3316,28.3100,28.3250,35600
1469543938,28.3250,28.3500,28.3200,28.3300,55500
1469543999,28.3200,28.3300,28.3100,28.3250,29200
1469544058,28.3000,28.3300,28.3000,28.3200,35000
1469544119,28.3250,28.3250,28.2900,28.3000,60600
1469544179,28.3150,28.3300,28.3150,28.3250,39100
1469544239,28.3050,28.3250,28.3000,28.3150,21100
1469544297,28.3201,28.3250,28.3001,28.3050,38600
1469544359,28.2800,28.3150,28.2600,28.3150,78600
1469544418,28.2900,28.3100,28.2700,28.2800,40800
1469544479,28.2900,28.3000,28.2900,28.3000,160400
1469544539,28.2850,28.2950,28.2800,28.2850,30700
1469544599,28.3100,28.3200,28.2600,28.2850,94500
1469544659,28.3350,28.3350,28.3050,28.3100,46200
1469544719,28.2900,28.3500,28.2900,28.3390,69100
1469544778,28.2700,28.3100,28.2700,28.2900,49100
1469544839,28.2700,28.3000,28.2650,28.2740,48500
1469544899,28.3200,28.3400,28.2750,28.2750,98300
1469544956,28.3150,28.3500,28.3100,28.3400,168100
1469545019,28.3300,28.3300,28.3100,28.3200,30300
1469545076,28.3200,28.3350,28.3050,28.3300,44500
1469545137,28.3500,28.3550,28.3100,28.3250,55600
1469545196,28.3650,28.3700,28.3337,28.3450,101000
1469545259,28.4050,28.4100,28.3600,28.3700,145100
1469545319,28.4100,28.4150,28.4000,28.4100,73900
1469545378,28.4000,28.4100,28.3800,28.4100,39400
1469545439,28.4000,28.4150,28.3900,28.4000,41600
1469545499,28.4000,28.4100,28.3900,28.4000,60000
1469545558,28.4000,28.4000,28.3800,28.3900,98900
1469545568,28.4000,28.4000,28.3900,28.4000,18500
1469545679,28.3800,28.4000,28.3400,28.4000,142700
1469545736,28.3700,28.3800,28.3600,28.3650,39500
1469545799,28.3750,28.3750,28.3500,28.3700,54800
1469545859,28.3841,28.3900,28.3600,28.3750,48300
1469545917,28.3600,28.4000,28.3600,28.3850,62500
1469545978,28.3950,28.4100,28.3650,28.3650,60700
1469546036,28.4050,28.4150,28.3950,28.4000,58100
1469546096,28.4000,28.4150,28.3900,28.4100,83400
1469546159,28.3950,28.4000,28.3800,28.4000,29800
1469546219,28.3950,28.4150,28.3900,28.4000,43900
1469546277,28.3900,28.4000,28.3800,28.3900,43200
1469546339,28.4050,28.4100,28.3800,28.3850,64400
1469546397,28.4100,28.4200,28.3900,28.4100,102000
1469546459,28.3900,28.4100,28.3900,28.4100,36000
1469546518,28.4150,28.4200,28.3900,28.4000,46800
1469546578,28.3950,28.4300,28.3900,28.4150,73900
1469546637,28.4050,28.4200,28.3900,28.3900,93400
1469546699,28.4100,28.4200,28.3900,28.4050,81000
1469546759,28.4050,28.4199,28.3900,28.4199,55700
1469546819,28.4100,28.4150,28.3900,28.4050,39600
1469546879,28.4050,28.4200,28.3900,28.4050,97700
1469546938,28.4050,28.4300,28.4000,28.4050,85900
1469546999,28.4200,28.4250,28.4000,28.4000,27400
1469547056,28.4000,28.4200,28.3900,28.4200,32200
1469547116,28.3700,28.4050,28.3650,28.3900,84000
1469547178,28.3500,28.3850,28.3500,28.3800,38700
1469547181,28.3750,28.3850,28.3500,28.3550,64000
1469547297,28.3800,28.4000,28.3750,28.3800,69200
1469547358,28.3650,28.3950,28.3600,28.3850,64800
1469547418,28.3900,28.3900,28.3600,28.3650,69800
1469547479,28.3800,28.3900,28.3700,28.3850,48300
1469547537,28.3800,28.3800,28.3500,28.3800,60200
1469547599,28.3900,28.3900,28.3750,28.3800,35000
1469547659,28.4000,28.4000,28.3900,28.3900,36900
1469547718,28.3900,28.4000,28.3817,28.4000,36600
1469547724,28.4100,28.4150,28.3850,28.3900,35400
1469547839,28.3850,28.4100,28.3750,28.4100,100200
1469547895,28.3850,28.4000,28.3800,28.3850,38500
1469547959,28.4050,28.4100,28.3900,28.3900,38800
1469548013,28.4050,28.4100,28.3900,28.4060,24500
1469548078,28.4050,28.4100,28.3900,28.4100,41000
1469548138,28.3850,28.4100,28.3800,28.4000,61000
1469548192,28.3750,28.3900,28.3700,28.3800,260700
1469548258,28.3800,28.3950,28.3600,28.3700,129900
1469548319,28.3650,28.3900,28.3600,28.3900,82000
1469548379,28.3900,28.3900,28.3600,28.3600,34600
1469548438,28.3850,28.4000,28.3800,28.3900,41900
1469548498,28.3100,28.3890,28.2900,28.3800,111800
1469548558,28.2948,28.3150,28.2900,28.3050,86000
1469548619,28.2550,28.2950,28.2500,28.2950,47100
1469548620,28.2450,28.2700,28.2200,28.2550,50400
1469548738,28.2291,28.2600,28.2200,28.2500,30200
1469548799,28.1650,28.2300,28.1600,28.2300,143900
1469548800,28.1900,28.1900,28.1600,28.1650,92500
1469548914,28.1950,28.2000,28.1900,28.1900,21400
1469548922,28.2311,28.2350,28.1900,28.2000,74200
1469548980,28.2250,28.2400,28.2200,28.2300,31400
1469549099,28.2450,28.2500,28.2275,28.2300,38600
1469549159,28.2650,28.2750,28.2450,28.2500,50200
1469549217,28.2350,28.2650,28.2200,28.2600,74700
1469549276,28.2250,28.2400,28.2200,28.2350,34400
1469549338,28.2550,28.2700,28.2200,28.2200,50400
1469549396,28.2400,28.2600,28.2400,28.2550,39900
1469549459,28.2650,28.2750,28.2400,28.2400,35200
1469549518,28.2450,28.2650,28.2400,28.2600,28300
1469549579,28.2737,28.2800,28.2460,28.2460,27000
1469549639,28.3050,28.3200,28.2800,28.2800,30400
1469549698,28.3100,28.3250,28.3050,28.3100,47700
1469549759,28.3300,28.3400,28.3100,28.3100,39700
1469549819,28.3467,28.3500,28.3100,28.3300,46300
1469549879,28.3350,28.3600,28.3300,28.3500,40200
1469549939,28.3250,28.3400,28.3100,28.3300,25200
1469549996,28.3300,28.3550,28.3300,28.3300,57500
1469550000,28.3550,28.3600,28.3313,28.3350,34600
1469550119,28.3100,28.3550,28.3100,28.3550,43800
1469550179,28.3350,28.3400,28.3000,28.3100,33200
1469550238,28.3350,28.3450,28.3250,28.3400,42200
1469550299,28.3450,28.3500,28.3400,28.3400,30000
1469550359,28.3550,28.3550,28.3435,28.3500,39300
1469550417,28.3400,28.3700,28.3400,28.3600,70400
1469550473,28.3550,28.3600,28.3400,28.3400,37500
1469550539,28.3450,28.3600,28.3400,28.3550,26800
1469550541,28.3600,28.3600,28.3400,28.3400,39400
1469550602,28.3750,28.3900,28.3550,28.3600,53400
1469550719,28.3900,28.3900,28.3700,28.3700,29800
1469550778,28.3869,28.4000,28.3800,28.3850,34700
1469550833,28.3900,28.4000,28.3700,28.3900,42600
1469550899,28.3650,28.3900,28.3400,28.3850,44300
1469550955,28.3900,28.3900,28.3650,28.3700,33800
1469551017,28.3800,28.4000,28.3750,28.3950,36600
1469551077,28.3800,28.3900,28.3713,28.3750,25600
1469551139,28.4100,28.4100,28.3850,28.3850,82000
1469551196,28.3850,28.4150,28.3750,28.4100,79600
1469551251,28.3950,28.4000,28.3800,28.3850,20300
1469551315,28.3600,28.4000,28.3600,28.3950,38600
1469551379,28.3800,28.3800,28.3500,28.3650,31500
1469551438,28.3700,28.3850,28.3650,28.3800,26400
1469551498,28.4000,28.4000,28.3719,28.3750,40200
1469551559,28.3800,28.4000,28.3700,28.3950,53600
1469551618,28.3950,28.4050,28.3800,28.3800,38200
1469551676,28.3950,28.4000,28.3900,28.3900,27400
1469551737,28.3850,28.3900,28.3750,28.3800,26100
1469551797,28.3950,28.4050,28.3850,28.3900,38700
1469551800,28.3700,28.3950,28.3600,28.3900,25600
1469551916,28.3900,28.3900,28.3650,28.3700,38600
1469551973,28.3700,28.3900,28.3700,28.3850,41300
1469552038,28.3800,28.3800,28.3650,28.3700,25200
1469552098,28.3590,28.3750,28.3500,28.3750,31600
1469552159,28.3800,28.3800,28.3600,28.3600,45700
1469552219,28.3600,28.3800,28.3400,28.3750,40700
1469552279,28.3550,28.3650,28.3500,28.3550,35900
1469552339,28.3700,28.3700,28.3550,28.3550,29900
1469552398,28.3600,28.3750,28.3500,28.3700,51600
1469552458,28.3800,28.3800,28.3600,28.3600,29300
1469552516,28.3400,28.3900,28.3250,28.3750,101900
1469552579,28.3500,28.3600,28.3400,28.3400,58000
1469552639,28.3600,28.3600,28.3300,28.3450,32400
1469552640,28.3300,28.3550,28.3300,28.3500,44000
1469552759,28.3500,28.3500,28.3300,28.3400,34700
1469552817,28.3400,28.3600,28.3400,28.3500,38600
1469552879,28.3600,28.3650,28.3400,28.3400,42500
1469552938,28.3500,28.3600,28.3500,28.3538,11100
1469552999,28.3700,28.3700,28.3350,28.3600,37400
1469553059,28.3600,28.3693,28.3450,28.3600,47300
1469553119,28.3600,28.3700,28.3400,28.3600,40400
1469553178,28.3750,28.3750,28.3550,28.3600,50600
1469553180,28.3800,28.3800,28.3650,28.3750,27200
1469553299,28.3900,28.3900,28.3650,28.3750,32500
1469553355,28.3900,28.4000,28.3800,28.3850,51800
1469553416,28.3900,28.4100,28.3850,28.3900,70900
1469553420,28.3950,28.4000,28.3800,28.3900,35800
1469553537,28.4192,28.4200,28.3850,28.4000,40900
1469553599,28.4150,28.4150,28.3900,28.4100,55400
1469553659,28.4250,28.4300,28.4100,28.4150,43300
1469553713,28.4100,28.4400,28.4000,28.4250,57900
1469553779,28.4350,28.4350,28.4100,28.4100,8380800
1469553839,28.4500,28.4500,28.4300,28.4350,48000
1469553897,28.4350,28.4500,28.4300,28.4500,63100
1469553956,28.4250,28.4500,28.4200,28.4399,38200
1469553961,28.4100,28.4400,28.4100,28.4300,28400
1469554079,28.3850,28.4200,28.3800,28.4100,47700
1469554137,28.3800,28.3950,28.3650,28.3800,143000
1469554198,28.3950,28.4000,28.3700,28.3800,74900
1469554257,28.3800,28.3950,28.3650,28.3950,36300
1469554316,28.3800,28.3950,28.3750,28.3800,42800
1469554375,28.3785,28.3800,28.3700,28.3749,45600
1469554438,28.3900,28.4000,28.3800,28.3800,28400
1469554499,28.4050,28.4100,28.3900,28.3900,30600
1469554557,28.4300,28.4300,28.4050,28.4100,34800
1469554617,28.4300,28.4300,28.4150,28.4250,21700
1469554679,28.4300,28.4350,28.4200,28.4300,41300
1469554736,28.4310,28.4400,28.4250,28.4300,29600
1469554797,28.4450,28.4500,28.4300,28.4400,49800
1469554858,28.4411,28.4500,28.4300,28.4400,31300
1469554919,28.4650,28.4700,28.4400,28.4450,67900
1469554978,28.4600,28.4900,28.4550,28.4600,145600
1469554980,28.4800,28.4800,28.4550,28.4650,32800
1469555098,28.4700,28.4800,28.4700,28.4800,37400
1469555159,28.4850,28.4900,28.4600,28.4600,66500
1469555161,28.4800,28.4900,28.4700,28.4850,26300
1469555278,28.4712,28.4800,28.4700,28.4800,24500
1469555338,28.4900,28.4900,28.4700,28.4710,71600
1469555399,28.5000,28.5000,28.4800,28.4850,58800
1469555457,28.4950,28.5100,28.4900,28.5000,83700
1469555518,28.4900,28.5050,28.4800,28.5000,49800
1469555575,28.4800,28.4950,28.4700,28.4899,49200
1469555638,28.4900,28.4900,28.4760,28.4777,22900
1469555699,28.5100,28.5100,28.4850,28.4900,32600
1469555759,28.5050,28.5100,28.4900,28.5090,51000
1469555770,28.4800,28.5000,28.4700,28.5000,57400
1469555879,28.4750,28.4875,28.4700,28.4850,22400
1469555939,28.4750,28.4800,28.4700,28.4750,29300
1469555940,28.4850,28.4850,28.4600,28.4750,30000
1469556058,28.5150,28.5200,28.4800,28.4800,61800
1469556119,28.5150,28.5300,28.5100,28.5100,67000
1469556177,28.5355,28.5500,28.5112,28.5199,108600
1469556239,28.5500,28.5500,28.5200,28.5362,111100
1469556299,28.5450,28.5500,28.5400,28.5450,66100
1469556359,28.5100,28.5500,28.5000,28.5450,106200
1469556419,28.5100,28.5200,28.5000,28.5090,44800
1469556479,28.5100,28.5400,28.5100,28.5150,107200
1469556539,28.5300,28.5300,28.5000,28.5100,63000
1469556596,28.5162,28.5300,28.5100,28.5250,29000
1469556659,28.4850,28.5200,28.4800,28.5145,50500
1469556718,28.5200,28.5400,28.4800,28.4850,91400
1469556779,28.5399,28.5450,28.5200,28.5250,86800
1469556839,28.5400,28.5600,28.5200,28.5350,61900
1469556898,28.5350,28.5700,28.5250,28.5400,155700
1469556900,28.5500,28.5650,28.5340,28.5350,55500
1469557019,28.5450,28.5550,28.5400,28.5500,37200
1469557077,28.5400,28.5450,28.5200,28.5450,44300
1469557136,28.5350,28.5350,28.5200,28.5300,45600
1469557199,28.5300,28.5400,28.5200,28.5400,21200
1469557250,28.5500,28.5500,28.5300,28.5300,42100
1469557315,28.5450,28.5550,28.5300,28.5500,44600
1469557320,28.5500,28.5600,28.5400,28.5400,146000
1469557439,28.5500,28.5600,28.5400,28.5550,56600
1469557498,28.5500,28.5650,28.5350,28.5500,60900
1469557558,28.5600,28.5650,28.5400,28.5500,32200
1469557610,28.5650,28.5700,28.5500,28.5600,51200
1469557676,28.5600,28.5687,28.5500,28.5650,45200
1469557737,28.5550,28.5700,28.5500,28.5600,63800
1469557740,28.5500,28.5699,28.5500,28.5600,46800
1469557856,28.5250,28.5500,28.5100,28.5500,78900
1469557860,28.5500,28.5600,28.5300,28.5300,103200
1469557978,28.5250,28.5550,28.5200,28.5400,38500
1469558037,28.5300,28.5600,28.5250,28.5250,60000
1469558097,28.5350,28.5499,28.5300,28.5350,50000
1469558101,28.5400,28.5500,28.5300,28.5350,46300
1469558216,28.5350,28.5450,28.5200,28.5400,47400
1469558278,28.5700,28.5700,28.5350,28.5350,52100
1469558339,28.5650,28.5800,28.5600,28.5650,77500
1469558398,28.5700,28.5750,28.5500,28.5650,30800
1469558459,28.5750,28.5850,28.5600,28.5700,55700
1469558519,28.5838,28.5900,28.5700,28.5750,34100
1469558579,28.5650,28.5993,28.5650,28.5850,64300
1469558639,28.5650,28.5700,28.5600,28.5650,23800
1469558698,28.5750,28.5900,28.5650,28.5650,55800
1469558701,28.5900,28.6000,28.5750,28.5750,48100
1469558819,28.6250,28.6300,28.5900,28.5950,78800
1469558872,28.6250,28.6300,28.6100,28.6250,67600
1469558936,28.6350,28.6400,28.6150,28.6200,42700
1469558997,28.6400,28.6450,28.6300,28.6350,53900
1469559056,28.6350,28.6700,28.6300,28.6400,157500
1469559119,28.6350,28.6600,28.6300,28.6350,47900
1469559169,28.6450,28.6450,28.6300,28.6400,56600
1469559235,28.6300,28.6490,28.6300,28.6450,23600
1469559299,28.6139,28.6360,28.6100,28.6360,90100
1469559358,28.6100,28.6200,28.6100,28.6150,50000
1469559360,28.6200,28.6300,28.6100,28.6100,61600
1469559424,28.6450,28.6450,28.6250,28.6250,39000
1469559533,28.6400,28.6600,28.6300,28.6500,48600
1469559599,28.6500,28.6550,28.6400,28.6400,56400
1469559650,28.6600,28.6650,28.6401,28.6500,74900
1469559719,28.6501,28.6600,28.6400,28.6550,71200
1469559779,28.6500,28.6700,28.6400,28.6586,83500
1469559780,28.6200,28.6500,28.6200,28.6500,42800
1469559899,28.6450,28.6500,28.6200,28.6200,68800
1469559958,28.6250,28.6450,28.6200,28.6400,68600
1469559962,28.6301,28.6348,28.6200,28.6300,31900
1469560020,28.6600,28.6600,28.6350,28.6350,148900
1469560138,28.6500,28.6600,28.6350,28.6550,28600
1469560198,28.6600,28.6600,28.6500,28.6500,58800
1469560250,28.6650,28.6700,28.6550,28.6600,50600
1469560306,28.6800,28.6900,28.6600,28.6650,97500
1469560377,28.6950,28.7000,28.6700,28.6700,75600
1469560434,28.7087,28.7150,28.6900,28.6950,97600
1469560499,28.7000,28.7200,28.6900,28.7100,99600
1469560557,28.7050,28.7100,28.6915,28.7000,59900
1469560564,28.6950,28.7050,28.6900,28.7050,41900
1469560677,28.6950,28.7000,28.6900,28.6950,66000
1469560739,28.6850,28.7000,28.6700,28.7000,57100
1469560740,28.6890,28.6900,28.6800,28.6850,44500
1469560857,28.7000,28.7000,28.6810,28.6900,58000
1469560916,28.7050,28.7100,28.6900,28.7000,54700
1469560978,28.7150,28.7200,28.7000,28.7100,59700
1469560981,28.6900,28.7200,28.6900,28.7100,85200
1469561099,28.6700,28.7000,28.6600,28.6950,91300
1469561159,28.6700,28.6800,28.6600,28.6600,66500
1469561219,28.6350,28.6800,28.6300,28.6700,133300
1469561279,28.6450,28.6500,28.6300,28.6350,315600
1469561338,28.6550,28.6650,28.6400,28.6450,101700
1469561398,28.6600,28.6600,28.6500,28.6550,58600
1469561457,28.6293,28.6700,28.6200,28.6600,97500
1469561519,28.6450,28.6500,28.6201,28.6300,76800
1469561579,28.6100,28.6500,28.6100,28.6500,65400
1469561639,28.6000,28.6150,28.6000,28.6100,67300
1469561696,28.5900,28.6100,28.5900,28.6050,85000
1469561701,28.6100,28.6100,28.5900,28.5950,56000
1469561819,28.5950,28.6200,28.5900,28.6100,121900
1469561879,28.5950,28.6000,28.5900,28.5950,70100
1469561939,28.5600,28.6000,28.5600,28.5999,95000
1469561940,28.5400,28.5650,28.5400,28.5600,107400
1469562059,28.5200,28.5450,28.5200,28.5450,126900
1469562119,28.5000,28.5301,28.5000,28.5200,163900
1469562179,28.5050,28.5100,28.4800,28.5000,176800
1469562237,28.4900,28.5050,28.4900,28.5050,63300
1469562298,28.5050,28.5100,28.4900,28.4900,104800
1469562359,28.5450,28.5500,28.5050,28.5050,96100
1469562419,28.5450,28.5500,28.5400,28.5400,84200
1469562479,28.5400,28.5500,28.5400,28.5450,110000
1469562539,28.5700,28.5700,28.5400,28.5400,68600
1469562540,28.5550,28.5800,28.5500,28.5700,131600
1469562659,28.5250,28.5600,28.5250,28.5500,172100
1469562718,28.5300,28.5350,28.5200,28.5200,117500
1469562778,28.5300,28.5400,28.5200,28.5350,120700
1469562839,28.5400,28.5400,28.5200,28.5201,83400
1469562898,28.5350,28.5400,28.5300,28.5400,70300
1469562959,28.5450,28.5500,28.5300,28.5350,112400
1469563019,28.5350,28.5500,28.5300,28.5450,99100
1469563079,28.4950,28.5350,28.4900,28.5350,278700
1469563139,28.4950,28.5200,28.4700,28.4900,629500
1469563141,28.4900,28.5200,28.4800,28.5000,38634100
1469563200,28.5000,28.5000,28.5000,28.5000,0
