uri:/instrument/1.0/SPGI/chartdata;type=quote;range=1d/csv
ticker:spgi
Company-Name:S&P Global Inc. Common Stock
Exchange-Name:NYQ
unit:MIN
timezone:EDT
currency:USD
gmtoffset:-14400
previous_close:117.3100
Timestamp:1469453400,1469476800
labels:1469455200,1469458800,1469462400,1469466000,1469469600,1469473200,1469476800
values:Timestamp,close,high,low,open,volume
close:116.3600,117.3400
high:116.3600,117.5300
low:116.3600,117.2500
open:116.3600,117.2500
volume:100,56800
1469453633,117.0400,117.0400,117.0400,117.0400,4100
1469453691,117.3400,117.5300,117.2500,117.2500,3300
1469453788,117.0200,117.1200,117.0200,117.1200,2200
1469453877,117.0000,117.0000,117.0000,117.0000,1100
1469453994,116.9500,117.0300,116.9500,116.9500,600
1469454027,116.9900,116.9900,116.9900,116.9900,700
1469454098,117.0000,117.0000,117.0000,117.0000,500
1469454256,116.8100,117.0500,116.8100,117.0100,2100
1469454303,116.7500,116.9400,116.7500,116.9400,400
1469454410,116.9400,116.9400,116.9400,116.9400,1800
1469454428,116.9400,117.0400,116.9300,116.9300,2500
1469454482,116.9600,116.9600,116.9000,116.9600,1800
1469454571,116.8250,116.9100,116.8000,116.8000,600
1469454604,116.8400,116.9000,116.8400,116.9000,200
1469454676,116.9700,116.9700,116.8250,116.8450,1400
1469454746,116.9000,116.9000,116.9000,116.9000,200
1469454835,117.0500,117.0500,117.0400,117.0400,1300
1469454885,117.1350,117.1600,117.0450,117.0800,1800
1469454942,116.9500,116.9500,116.9500,116.9500,900
1469455022,116.9600,116.9700,116.8900,116.9700,1600
1469455150,116.9500,116.9500,116.9500,116.9500,500
1469455239,116.9500,116.9500,116.9500,116.9500,1200
1469455261,117.0600,117.0600,116.9500,116.9500,4500
1469455369,116.9500,117.0000,116.9500,117.0000,1700
1469455388,116.9700,116.9700,116.9400,116.9400,500
1469455449,117.0800,117.0800,116.9500,116.9500,1000
1469455591,116.9900,117.0500,116.9900,117.0500,900
1469455627,117.0400,117.0400,116.9400,116.9400,2300
1469455746,117.1700,117.1700,117.0000,117.0000,2400
1469455860,117.0350,117.0350,117.0350,117.0350,200
1469455960,116.9200,116.9800,116.9100,116.9800,1600
1469456002,116.8100,116.8500,116.8000,116.8500,1300
1469456096,116.9600,116.9600,116.8150,116.8300,1800
1469456118,116.8500,116.8900,116.8500,116.8700,800
1469456226,116.8300,116.8300,116.7721,116.8300,1700
1469456280,116.8500,116.8700,116.8300,116.8700,500
1469456397,116.8700,116.8700,116.8700,116.8700,200
1469456415,116.9145,116.9145,116.8800,116.9100,1300
1469456481,116.9000,116.9000,116.9000,116.9000,100
1469456585,116.8400,116.8400,116.8400,116.8400,2300
1469456647,116.7100,116.8000,116.6900,116.8000,2800
1469456731,116.7100,116.7600,116.6750,116.7000,1800
1469456801,116.7000,116.7575,116.7000,116.7200,900
1469456833,116.7200,116.7200,116.7200,116.7200,100
1469456911,116.7600,116.7600,116.6900,116.6900,500
1469456977,116.7200,116.7599,116.6900,116.7599,1000
1469457002,116.7400,116.7500,116.6700,116.7500,2700
1469457112,116.6600,116.7400,116.6600,116.7400,1300
1469457174,116.6000,116.6900,116.6000,116.6300,3100
1469457218,116.5200,116.6050,116.5200,116.6050,1100
1469457267,116.5450,116.5600,116.5200,116.5600,2400
1469457362,116.5200,116.5200,116.4800,116.4800,1900
1469457446,116.4500,116.4901,116.4500,116.4901,4100
1469457527,116.4400,116.4800,116.4300,116.4400,4000
1469457599,116.4300,116.4500,116.4200,116.4300,3600
1469457658,116.3900,116.4300,116.3900,116.4200,3200
1469457686,116.4300,116.4300,116.4000,116.4000,3300
1469457809,116.3900,116.4200,116.3800,116.3900,900
1469457844,116.3600,116.3600,116.3600,116.3600,100
1469457901,116.4000,116.4100,116.3850,116.4100,1700
1469458012,116.6200,116.6200,116.4100,116.4100,3100
1469458023,116.5700,116.6200,116.5700,116.6200,3300
1469458128,116.5600,116.5700,116.5300,116.5700,2600
1469458150,116.5200,116.5600,116.5200,116.5600,1600
1469458255,116.4900,116.5000,116.4800,116.5000,2100
1469458298,116.5200,116.5500,116.5200,116.5500,2100
1469458330,116.5100,116.5400,116.5100,116.5400,21600
1469458383,116.5500,116.5700,116.5500,116.5700,500
1469458496,116.5400,116.5700,116.5400,116.5400,2600
1469458502,116.5650,116.5700,116.5500,116.5700,1500
1469458568,116.5083,116.5200,116.4900,116.5200,1400
1469458651,116.5100,116.5500,116.5100,116.5300,700
1469458736,116.4850,116.4850,116.4850,116.4850,1700
1469458784,116.5300,116.5300,116.5300,116.5300,200
1469458852,116.5700,116.5700,116.5300,116.5300,4500
1469458913,116.6000,116.6000,116.5600,116.5600,1600
1469458973,116.7000,116.7000,116.5900,116.6000,1700
1469459034,116.7050,116.7100,116.6400,116.6400,900
1469459080,116.7400,116.7500,116.7200,116.7300,1400
1469459140,116.8100,116.8100,116.7700,116.7700,300
1469459195,116.8600,116.8600,116.7700,116.7700,1200
1469459256,116.7550,116.7900,116.7550,116.7800,2700
1469459281,116.7400,116.7400,116.7300,116.7300,600
1469459440,116.7700,116.7800,116.7400,116.7400,1200
1469459517,116.8200,116.8600,116.8200,116.8300,900
1469459567,116.8700,116.9100,116.8250,116.8250,2400
1469459583,116.8700,116.8800,116.8500,116.8700,1100
1469459695,116.8800,116.9400,116.8700,116.9000,1900
1469459753,116.8600,116.9000,116.8600,116.9000,1100
1469459785,116.8600,116.8700,116.8600,116.8700,200
1469459821,116.8700,116.8700,116.8700,116.8700,1100
1469459880,116.8600,116.9000,116.8600,116.9000,500
1469459979,116.9500,116.9500,116.8700,116.8700,300
1469460036,116.8800,116.9150,116.8800,116.9150,500
1469460117,116.9500,116.9500,116.9200,116.9300,1200
1469460177,117.0300,117.0300,116.9500,116.9500,500
1469460237,117.0200,117.0200,116.9800,116.9800,1500
1469460339,117.0700,117.0700,117.0700,117.0700,300
1469460360,116.9600,117.0700,116.9600,117.0100,2900
1469460430,116.9300,116.9700,116.9300,116.9700,1200
1469460530,116.9500,116.9600,116.9400,116.9600,800
1469460541,116.9800,116.9800,116.9499,116.9499,700
1469460643,116.9000,116.9300,116.9000,116.9300,1600
1469460695,116.8500,116.8700,116.8500,116.8700,600
1469460755,116.8200,116.8200,116.8200,116.8200,100
1469460845,116.9000,116.9000,116.8185,116.8185,2400
1469460949,116.8100,116.9100,116.8100,116.9100,1300
1469460979,116.8400,116.8400,116.8300,116.8300,500
1469461092,116.7800,116.7900,116.7800,116.7900,500
1469461184,116.7350,116.7350,116.7350,116.7350,500
1469461388,116.7210,116.7700,116.7100,116.7350,3000
1469461442,116.7600,116.7600,116.7500,116.7500,300
1469461557,116.7250,116.7250,116.7250,116.7250,800
1469461565,116.7300,116.7300,116.6800,116.7100,3700
1469461646,116.8100,116.8100,116.7700,116.7700,900
1469461680,116.9000,116.9000,116.8100,116.8100,900
1469461810,116.7900,116.8200,116.7900,116.8200,700
1469461925,116.8600,116.8600,116.8200,116.8200,1000
1469462130,116.8400,116.8400,116.8400,116.8400,200
1469462217,116.9200,116.9200,116.9100,116.9100,600
1469462287,116.9100,116.9100,116.9100,116.9100,100
1469462343,116.9100,116.9100,116.9100,116.9100,400
1469462433,116.9100,116.9100,116.9100,116.9100,100
1469462519,116.8900,116.9000,116.8900,116.9000,200
1469462547,116.8900,116.8900,116.8900,116.8900,400
1469462624,116.9200,116.9300,116.8900,116.8900,1600
1469462659,116.9400,116.9400,116.9200,116.9200,300
1469462736,116.9300,116.9300,116.9300,116.9300,200
1469462796,116.9400,116.9400,116.9400,116.9400,100
1469462875,116.9500,116.9800,116.9400,116.9400,1500
1469462890,116.9600,116.9800,116.9500,116.9500,700
1469462996,116.9600,116.9800,116.9400,116.9800,400
1469463035,116.8400,116.9400,116.8400,116.9300,2200
1469463109,116.8300,116.8300,116.8300,116.8300,100
1469463138,116.8300,116.8300,116.7700,116.7700,300
1469463294,116.7500,116.7500,116.7500,116.7500,100
1469463360,116.7000,116.7400,116.7000,116.7400,1000
1469463461,116.7100,116.7250,116.7100,116.7250,500
1469463506,116.7400,116.7500,116.7250,116.7400,900
1469463630,116.7300,116.7300,116.7200,116.7200,900
1469463681,116.7300,116.7300,116.7300,116.7300,100
1469463740,116.7700,116.7700,116.7300,116.7300,500
1469463790,116.7600,116.7600,116.7300,116.7300,900
1469464009,116.7500,116.7500,116.7350,116.7500,500
1469464025,116.7500,116.7500,116.7500,116.7500,300
1469464088,116.7700,116.7700,116.7300,116.7300,500
1469464210,116.7500,116.7600,116.7500,116.7600,300
1469464260,116.7200,116.7400,116.7200,116.7400,700
1469464341,116.7200,116.7200,116.7200,116.7200,300
1469464463,116.7300,116.7300,116.7100,116.7100,500
1469464541,116.7400,116.7400,116.7400,116.7400,200
1469464581,116.7300,116.7300,116.7300,116.7300,100
1469464723,116.7600,116.8000,116.7600,116.8000,1200
1469464773,116.7400,116.7400,116.7400,116.7400,200
1469464829,116.7700,116.7700,116.7500,116.7500,300
1469465001,116.7900,116.7900,116.7500,116.7500,300
1469465171,116.8000,116.8000,116.7900,116.7900,500
1469465279,116.8400,116.8700,116.8000,116.8000,800
1469465291,116.8700,116.8700,116.8700,116.8700,200
1469465425,116.9200,116.9200,116.8600,116.8600,900
1469465468,116.9150,116.9400,116.9150,116.9400,300
1469465540,116.9000,116.9000,116.8800,116.8900,1800
1469465592,116.8800,116.8800,116.8800,116.8800,400
1469465771,116.8800,116.8800,116.8500,116.8500,800
1469465994,116.8400,116.8600,116.8200,116.8600,1600
1469466002,116.8400,116.8400,116.8400,116.8400,1100
1469466118,116.8500,116.8500,116.8350,116.8400,1000
1469466166,116.8500,116.8500,116.8500,116.8500,300
1469466195,116.8600,116.8600,116.8500,116.8500,1000
1469466247,116.8700,116.8700,116.8600,116.8600,300
1469466322,116.8800,116.8800,116.8700,116.8800,1100
1469466395,116.8650,116.8650,116.8650,116.8650,100
1469466442,116.8300,116.8300,116.8300,116.8300,200
1469466599,116.8550,116.8550,116.8400,116.8400,200
1469466653,116.8700,116.8700,116.8550,116.8550,200
1469466691,116.8550,116.8700,116.8500,116.8700,600
1469466802,116.8800,116.9000,116.8600,116.8600,1600
1469466849,116.8300,116.8800,116.8300,116.8800,1200
1469467050,116.8150,116.8150,116.8150,116.8150,200
1469467215,116.8300,116.8300,116.8300,116.8300,300
1469467260,116.8800,116.8900,116.8700,116.8700,1000
1469467335,116.9200,116.9200,116.9200,116.9200,200
1469467381,116.9300,116.9350,116.9100,116.9350,400
1469467491,116.9000,116.9150,116.9000,116.9150,600
1469467501,116.9500,116.9600,116.9150,116.9200,1800
1469467663,116.9600,116.9700,116.9300,116.9500,1800
1469467711,116.9400,116.9900,116.9400,116.9900,1400
1469467794,116.9300,116.9300,116.9300,116.9300,100
1469467804,116.9700,116.9700,116.9400,116.9600,500
1469467923,116.8300,116.9600,116.8300,116.9600,1800
1469468001,116.8550,116.8550,116.8550,116.8550,200
1469468078,116.8300,116.8300,116.8300,116.8300,100
1469468114,116.9000,116.9000,116.8400,116.8400,1200
1469468207,116.9600,116.9600,116.9300,116.9300,300
1469468284,116.8900,116.9200,116.8900,116.9200,1400
1469468392,116.9100,116.9100,116.9100,116.9100,600
1469468420,116.9300,116.9300,116.9300,116.9300,700
1469468571,116.9250,116.9250,116.9250,116.9250,100
1469468612,116.9200,116.9200,116.9200,116.9200,100
1469468653,116.9300,116.9300,116.9200,116.9200,1400
1469468752,116.9200,116.9200,116.9200,116.9200,100
1469468769,116.9050,116.9100,116.9050,116.9050,500
1469468839,116.8999,116.9000,116.8800,116.9000,1400
1469468904,116.9100,116.9150,116.8900,116.8900,2600
1469468981,116.8800,116.9050,116.8800,116.9050,700
1469469035,116.8675,116.8675,116.8675,116.8675,600
1469469078,116.8300,116.8300,116.8300,116.8300,100
1469469128,116.8400,116.8400,116.8400,116.8400,200
1469469224,116.8200,116.8200,116.8200,116.8200,200
1469469263,116.8500,116.8600,116.8300,116.8400,1800
1469469338,116.8700,116.8700,116.8700,116.8700,100
1469469416,116.8800,116.8800,116.8700,116.8700,600
1469469457,116.8650,116.8700,116.8650,116.8700,200
1469469486,116.8700,116.8700,116.8600,116.8600,400
1469469553,116.8000,116.8500,116.8000,116.8500,1700
1469469670,116.7800,116.7800,116.7800,116.7800,200
1469469768,116.7800,116.7900,116.7500,116.7900,1200
1469469783,116.7900,116.8000,116.7750,116.7900,800
1469469856,116.8200,116.8200,116.7850,116.7850,2500
1469469956,116.8200,116.8300,116.8200,116.8300,800
1469469962,116.8200,116.8300,116.8150,116.8200,1600
1469470023,116.8400,116.8400,116.8350,116.8350,500
1469470087,116.8700,116.8700,116.8300,116.8300,1500
1469470141,116.8900,116.9000,116.8900,116.9000,900
1469470216,116.8500,116.8900,116.8350,116.8900,2500
1469470279,116.8500,116.8500,116.8500,116.8500,900
1469470355,116.8400,116.8400,116.8400,116.8400,1000
1469470391,116.8300,116.8300,116.8300,116.8300,100
1469470484,116.8600,116.8600,116.8450,116.8450,800
1469470531,116.8700,116.9000,116.8700,116.8700,2100
1469470580,116.8500,116.8500,116.8500,116.8500,1200
1469470725,116.8350,116.8400,116.8100,116.8300,2100
1469470760,116.8200,116.8500,116.8200,116.8400,800
1469470862,116.8200,116.8200,116.8200,116.8200,100
1469470923,116.8300,116.8400,116.8200,116.8400,900
1469471063,116.8200,116.8200,116.8200,116.8200,600
1469471106,116.7700,116.8100,116.7700,116.8100,1800
1469471270,116.7100,116.7200,116.7100,116.7200,400
1469471324,116.7000,116.7150,116.7000,116.7100,600
1469471398,116.7300,116.7300,116.7000,116.7000,800
1469471402,116.7600,116.7700,116.7300,116.7300,2400
1469471499,116.8100,116.8100,116.8100,116.8100,700
1469471522,116.8200,116.8200,116.8100,116.8200,2600
1469471601,116.8250,116.8300,116.8250,116.8300,300
1469471642,116.8350,116.8350,116.8200,116.8200,800
1469471714,116.8700,116.8700,116.8300,116.8300,3000
1469471782,116.8500,116.8700,116.8500,116.8500,600
1469471845,116.8200,116.8500,116.8200,116.8500,3200
1469471921,116.8100,116.8200,116.8000,116.8000,600
1469471980,116.7600,116.7600,116.7600,116.7600,100
1469472044,116.7800,116.7800,116.7800,116.7800,200
1469472099,116.8050,116.8100,116.7800,116.7800,4100
1469472120,116.7800,116.8000,116.7800,116.8000,600
1469472225,116.7900,116.7900,116.7900,116.7900,100
1469472259,116.7700,116.7900,116.7700,116.7900,1300
1469472343,116.7700,116.7700,116.7650,116.7650,200
1469472362,116.7900,116.7900,116.7700,116.7700,1200
1469472450,116.7900,116.7900,116.7750,116.7800,1400
1469472533,116.8100,116.8100,116.8100,116.8100,100
1469472544,116.8100,116.8200,116.8000,116.8000,1000
1469472617,116.8100,116.8270,116.8100,116.8200,1600
1469472677,116.8300,116.8300,116.8300,116.8300,1000
1469472731,116.8300,116.8300,116.8250,116.8250,700
1469472821,116.8200,116.8200,116.8200,116.8200,600
1469472890,116.8200,116.8200,116.8200,116.8200,100
1469472948,116.8100,116.8200,116.8100,116.8200,900
1469472966,116.8100,116.8150,116.8100,116.8100,400
1469473031,116.7900,116.8000,116.7800,116.8000,2400
1469473095,116.7850,116.8000,116.7850,116.7850,800
1469473145,116.7600,116.7600,116.7600,116.7600,200
1469473243,116.7900,116.7900,116.7600,116.7600,1300
1469473270,116.7800,116.7800,116.7800,116.7800,100
1469473328,116.7700,116.7900,116.7700,116.7800,600
1469473417,116.7900,116.7900,116.7800,116.7800,400
1469473463,116.7900,116.7900,116.7700,116.7800,400
1469473503,116.7700,116.7900,116.7700,116.7800,1400
1469473571,116.7570,116.7900,116.7570,116.7900,1600
1469473674,116.7300,116.7400,116.7200,116.7300,2000
1469473680,116.7600,116.7700,116.7500,116.7500,1000
1469473745,116.7600,116.7600,116.7500,116.7500,1300
1469473896,116.7400,116.7500,116.7400,116.7400,1700
1469473923,116.7500,116.7600,116.7400,116.7600,1400
1469474002,116.7700,116.7700,116.7700,116.7700,400
1469474059,116.7700,116.7700,116.7700,116.7700,400
1469474101,116.7600,116.7600,116.7400,116.7500,1200
1469474166,116.8000,116.8000,116.7700,116.7700,2000
1469474225,116.7900,116.8000,116.7800,116.7800,1900
1469474342,116.7800,116.7800,116.7800,116.7800,200
1469474436,116.7400,116.7700,116.7400,116.7700,1100
1469474465,116.7100,116.7500,116.7000,116.7500,4400
1469474547,116.7800,116.7800,116.7100,116.7100,3500
1469474605,116.8000,116.8000,116.7800,116.7800,1400
1469474652,116.8400,116.8400,116.8100,116.8100,500
1469474755,116.8500,116.8700,116.8300,116.8500,2000
1469474790,116.8400,116.8500,116.8400,116.8500,300
1469474878,116.8400,116.8500,116.8400,116.8400,1200
1469474939,116.9000,116.9000,116.8400,116.8400,4600
1469474989,116.8800,116.9000,116.8500,116.8700,2400
1469475000,116.8400,116.8800,116.8400,116.8800,3400
1469475072,116.8500,116.8500,116.8400,116.8500,1900
1469475133,116.8600,116.8700,116.8500,116.8500,4500
1469475223,116.8600,116.8600,116.8500,116.8600,1700
1469475266,116.8400,116.8400,116.8300,116.8400,600
1469475300,116.8296,116.8400,116.7300,116.8400,8400
1469475367,116.8000,116.8400,116.8000,116.8200,1300
1469475427,116.8050,116.8300,116.8000,116.8300,2300
1469475484,116.8400,116.8400,116.8200,116.8200,34100
1469475592,116.8500,116.8800,116.8400,116.8500,4800
1469475602,116.8800,116.8900,116.8500,116.8600,8200
1469475711,116.8800,116.8900,116.8600,116.8800,4600
1469475729,116.9300,116.9300,116.8900,116.8900,1900
1469475783,116.9600,116.9650,116.9400,116.9500,3300
1469475897,116.9700,116.9800,116.9600,116.9700,1900
1469475900,116.9800,117.0200,116.9400,116.9500,4500
1469475967,117.0000,117.0000,116.9900,116.9900,800
1469476029,117.0400,117.0400,117.0100,117.0100,3000
1469476135,117.0300,117.0500,117.0300,117.0500,3600
1469476143,117.0600,117.0600,117.0300,117.0300,3700
1469476209,117.0300,117.0500,117.0300,117.0400,3900
1469476283,117.0100,117.0100,117.0100,117.0100,1200
1469476375,117.0000,117.0200,117.0000,117.0200,5500
1469476384,116.9950,116.9950,116.9800,116.9900,4500
1469476452,117.0200,117.0200,117.0000,117.0000,4000
1469476505,117.0600,117.0600,117.0300,117.0300,2500
1469476573,117.0500,117.0500,117.0500,117.0500,5000
1469476679,117.0800,117.0900,117.0600,117.0600,6800
1469476684,117.0900,117.0900,117.0800,117.0900,5000
1469476742,117.1400,117.1600,117.0800,117.0800,26200
1469476800,117.1600,117.1600,117.1600,117.1600,56800
