uri:/instrument/1.0/SPY/chartdata;type=quote;range=1d/csv
ticker:spy
Company-Name:SPDR S&P 500
Exchange-Name:PCX
unit:MIN
timezone:EDT
currency:USD
gmtoffset:-14400
previous_close:216.2650
Timestamp:1469194200,1469217600
labels:1469196000,1469199600,1469203200,1469206800,1469210400,1469214000,1469217600
values:Timestamp,close,high,low,open,volume
close:216.1200,217.2900
high:216.1800,217.3000
low:216.1000,217.2600
open:216.1200,217.3000
volume:1000,965300
1469194208,216.3900,216.4200,216.3700,216.4200,747600
1469194319,216.3300,216.4100,216.2800,216.3950,190200
1469194320,216.2600,216.3500,216.2400,216.3300,150700
1469194380,216.2500,216.2700,216.2400,216.2500,116600
1469194440,216.2900,216.3000,216.2000,216.2400,156200
1469194559,216.2500,216.3700,216.2099,216.3000,285800
1469194619,216.1600,216.2600,216.1500,216.2500,171400
1469194620,216.1995,216.2200,216.1500,216.1650,171200
1469194739,216.1800,216.2100,216.1501,216.1900,88200
1469194799,216.1200,216.2000,216.1200,216.1700,102000
1469194800,216.1600,216.1900,216.1100,216.1200,110800
1469194860,216.1900,216.2300,216.1550,216.1600,117200
1469194920,216.2200,216.2500,216.1900,216.1900,87300
1469194980,216.1400,216.2300,216.1300,216.2100,160000
1469195040,216.1699,216.2100,216.1400,216.1400,72700
1469195100,216.2400,216.2400,216.1700,216.1700,102000
1469195160,216.2100,216.2600,216.2000,216.2400,68200
1469195220,216.2600,216.2900,216.1900,216.2100,112200
1469195280,216.3200,216.3300,216.2400,216.2600,98300
1469195340,216.2800,216.3300,216.2790,216.3200,107200
1469195400,216.3200,216.3300,216.2400,216.2799,89700
1469195460,216.3400,216.3520,216.2800,216.3200,66700
1469195579,216.4199,216.4200,216.3300,216.3400,113900
1469195580,216.3600,216.4300,216.3450,216.4120,117200
1469195640,216.3200,216.3800,216.3100,216.3600,102400
1469195759,216.1800,216.3200,216.1800,216.3150,129500
1469195819,216.1600,216.1875,216.1000,216.1800,141400
1469195820,216.1300,216.1800,216.1240,216.1600,79100
1469195939,216.1900,216.2399,216.1250,216.1300,149500
1469195999,216.2400,216.2400,216.1600,216.2000,170300
1469196058,216.2300,216.2700,216.2000,216.2300,103200
1469196119,216.4200,216.4500,216.2299,216.2300,177600
1469196120,216.4500,216.4700,216.4100,216.4200,149800
1469196180,216.3900,216.4600,216.3800,216.4410,123900
1469196240,216.3900,216.4100,216.3400,216.3900,92800
1469196359,216.4500,216.4700,216.3800,216.3800,118400
1469196360,216.4300,216.4650,216.4000,216.4600,65300
1469196479,216.3500,216.4390,216.3200,216.4300,68200
1469196480,216.3500,216.3794,216.3400,216.3500,52300
1469196599,216.3100,216.3800,216.2900,216.3500,77900
1469196600,216.2589,216.3100,216.2400,216.3100,86500
1469196719,216.2600,216.2800,216.2400,216.2550,45000
1469196779,216.3200,216.3300,216.2350,216.2700,58800
1469196839,216.2763,216.3200,216.2600,216.3200,57100
1469196899,216.2500,216.2700,216.2400,216.2700,40600
1469196900,216.2600,216.2900,216.2100,216.2500,50700
1469196960,216.3200,216.3400,216.2200,216.2500,110700
1469197020,216.2600,216.3300,216.2500,216.3200,70300
1469197080,216.2400,216.2900,216.2100,216.2600,109200
1469197197,216.2500,216.2700,216.2227,216.2500,58700
1469197258,216.3100,216.3400,216.2400,216.2400,65900
1469197260,216.3300,216.3350,216.2930,216.3135,55300
1469197320,216.3450,216.3600,216.3100,216.3200,77200
1469197439,216.3900,216.4000,216.3300,216.3450,45400
1469197499,216.4250,216.4300,216.3850,216.3900,44800
1469197557,216.4259,216.4300,216.4100,216.4250,47100
1469197560,216.4600,216.4800,216.4200,216.4200,86600
1469197679,216.4500,216.4600,216.4200,216.4501,38600
1469197738,216.4300,216.4750,216.4300,216.4500,41600
1469197740,216.4300,216.4500,216.4200,216.4350,51900
1469197859,216.4100,216.4800,216.4100,216.4250,120100
1469197917,216.4000,216.4208,216.3500,216.4100,112800
1469197979,216.4400,216.4600,216.4000,216.4100,69900
1469198039,216.4800,216.4900,216.4400,216.4490,50600
1469198099,216.5800,216.5800,216.4600,216.4800,299600
1469198159,216.6100,216.6100,216.5450,216.5700,202300
1469198160,216.5600,216.6100,216.5400,216.6000,119600
1469198278,216.5700,216.5800,216.5465,216.5500,57700
1469198339,216.5050,216.5700,216.5042,216.5700,57100
1469198399,216.5400,216.5400,216.5000,216.5050,64100
1469198457,216.5500,216.5800,216.5100,216.5300,82100
1469198460,216.5500,216.5900,216.5300,216.5600,53600
1469198578,216.5200,216.5700,216.5200,216.5490,52900
1469198582,216.5800,216.5900,216.5200,216.5200,38600
1469198699,216.6305,216.6500,216.5800,216.5800,236700
1469198757,216.6800,216.6800,216.6210,216.6300,130200
1469198760,216.6789,216.6800,216.6400,216.6800,82400
1469198879,216.6600,216.6900,216.6600,216.6750,179300
1469198939,216.6989,216.7000,216.6501,216.6600,102000
1469198941,216.7400,216.7500,216.6900,216.6900,142300
1469199059,216.7400,216.7500,216.7300,216.7350,100800
1469199060,216.7450,216.7500,216.7200,216.7400,99500
1469199178,216.7000,216.7600,216.7000,216.7500,73500
1469199238,216.7300,216.7400,216.6900,216.6950,53500
1469199298,216.7493,216.7500,216.7100,216.7300,47500
1469199359,216.7700,216.7700,216.7400,216.7450,55700
1469199419,216.7500,216.7700,216.7200,216.7700,68700
1469199479,216.7210,216.7550,216.7210,216.7450,34300
1469199539,216.7300,216.7600,216.7200,216.7300,65300
1469199540,216.7450,216.7500,216.7200,216.7300,59700
1469199600,216.7550,216.7600,216.7250,216.7450,59700
1469199660,216.7200,216.7600,216.7137,216.7500,59100
1469199720,216.7389,216.7600,216.7100,216.7250,91200
1469199780,216.6750,216.7500,216.6610,216.7400,103200
1469199899,216.6600,216.6750,216.6300,216.6750,107000
1469199900,216.6200,216.6600,216.6150,216.6589,94100
1469200019,216.6300,216.6310,216.6000,216.6200,58200
1469200020,216.6410,216.6500,216.6201,216.6201,74400
1469200080,216.6550,216.6600,216.6400,216.6400,19500
1469200199,216.5950,216.6550,216.5900,216.6500,68700
1469200200,216.5700,216.6190,216.5700,216.5900,76700
1469200260,216.5750,216.5899,216.5400,216.5700,52800
1469200320,216.5900,216.5950,216.5750,216.5800,45100
1469200380,216.6008,216.6100,216.5800,216.5900,85600
1469200444,216.5750,216.6200,216.5700,216.6000,63800
1469200500,216.6097,216.6100,216.5700,216.5800,14400
1469200619,216.5750,216.6299,216.5700,216.6000,62100
1469200678,216.5700,216.5900,216.5700,216.5700,16900
1469200684,216.5900,216.6000,216.5550,216.5795,20900
1469200797,216.5550,216.6000,216.5450,216.6000,38100
1469200859,216.5800,216.5800,216.5500,216.5500,33500
1469200860,216.5750,216.6000,216.5700,216.5732,67300
1469200978,216.6110,216.6200,216.5750,216.5800,34400
1469201039,216.6150,216.6300,216.6100,216.6200,28300
1469201099,216.6050,216.6200,216.6050,216.6200,41200
1469201100,216.5800,216.6100,216.5800,216.6050,44100
1469201219,216.5850,216.5900,216.5600,216.5850,34200
1469201220,216.5701,216.6000,216.5700,216.5900,35600
1469201281,216.5900,216.6000,216.5750,216.5800,50100
1469201340,216.6000,216.6000,216.5650,216.5901,47800
1469201458,216.5950,216.6000,216.5700,216.6000,43100
1469201519,216.6700,216.6700,216.5900,216.5905,161000
1469201579,216.6500,216.6800,216.6500,216.6700,52200
1469201580,216.6662,216.6750,216.6300,216.6500,25300
1469201646,216.6700,216.6750,216.6600,216.6700,31200
1469201700,216.6900,216.7000,216.6600,216.6700,58700
1469201819,216.6930,216.7000,216.6800,216.6900,23700
1469201826,216.6995,216.7000,216.6800,216.6950,65200
1469201938,216.6200,216.7000,216.6150,216.7000,101100
1469201940,216.6400,216.6450,216.6100,216.6200,32300
1469202059,216.6400,216.6550,216.6300,216.6350,41500
1469202119,216.6650,216.6700,216.6300,216.6400,36100
1469202120,216.7000,216.7099,216.6600,216.6650,54200
1469202239,216.6700,216.7050,216.6600,216.7000,70800
1469202299,216.6700,216.6800,216.6550,216.6700,19100
1469202302,216.7000,216.7000,216.6700,216.6700,33000
1469202360,216.7000,216.7100,216.6800,216.7000,33500
1469202421,216.6950,216.7200,216.6900,216.6990,26100
1469202481,216.7100,216.7250,216.6900,216.7000,48800
1469202597,216.7169,216.7300,216.7000,216.7100,47400
1469202659,216.7700,216.7800,216.6900,216.7150,158800
1469202660,216.7800,216.8100,216.7632,216.7800,171800
1469202779,216.8350,216.8400,216.7750,216.7750,71500
1469202780,216.8800,216.8900,216.8200,216.8400,119500
1469202899,216.9000,216.9000,216.8400,216.8850,122400
1469202900,216.9200,216.9200,216.9000,216.9000,86100
1469203018,216.9500,216.9600,216.9000,216.9100,191500
1469203077,216.9500,216.9699,216.9200,216.9500,164200
1469203080,216.9700,216.9700,216.9500,216.9505,62900
1469203140,216.9700,217.0000,216.9555,216.9700,99700
1469203258,216.9890,217.0100,216.9650,216.9650,82000
1469203261,216.9900,217.0000,216.9650,216.9800,43600
1469203320,217.0100,217.0100,216.9600,216.9900,84400
1469203439,216.9900,217.0100,216.9850,217.0050,47600
1469203440,216.9695,216.9850,216.9400,216.9800,77400
1469203505,216.9300,216.9699,216.9300,216.9601,58200
1469203560,216.9400,216.9400,216.9200,216.9300,45700
1469203623,216.9400,216.9500,216.9200,216.9300,26300
1469203683,216.9300,216.9500,216.9200,216.9500,60400
1469203741,216.9100,216.9400,216.9005,216.9300,39600
1469203800,216.9400,216.9400,216.8900,216.9050,46600
1469203862,216.9300,216.9400,216.9200,216.9350,42500
1469203920,216.9589,216.9600,216.9300,216.9300,34500
1469204038,216.9300,216.9700,216.9200,216.9550,582200
1469204042,216.9300,216.9400,216.9150,216.9300,40100
1469204101,216.9350,216.9400,216.9200,216.9300,26200
1469204218,216.9400,216.9500,216.9300,216.9350,24400
1469204220,216.9600,216.9600,216.9310,216.9400,13800
1469204281,216.9550,216.9700,216.9402,216.9600,26000
1469204398,216.9600,216.9700,216.9500,216.9500,38000
1469204401,216.9600,216.9800,216.9550,216.9600,37500
1469204519,216.9950,217.0000,216.9600,216.9600,77800
1469204578,217.0100,217.0200,216.9800,217.0000,108200
1469204581,216.9800,217.0300,216.9800,217.0100,61400
1469204699,217.0050,217.0100,216.9600,216.9800,565300
1469204759,217.0650,217.0700,216.9650,217.0000,147100
1469204819,217.0400,217.0700,217.0250,217.0700,101200
1469204820,217.0100,217.0400,217.0000,217.0300,39200
1469204939,217.0800,217.0900,217.0000,217.0050,209300
1469204998,217.0500,217.0900,217.0450,217.0900,95100
1469205000,217.0500,217.0660,217.0500,217.0500,33700
1469205119,217.0750,217.0750,217.0400,217.0500,53900
1469205179,217.0800,217.1000,217.0750,217.0750,33000
1469205180,217.0592,217.0850,217.0500,217.0700,38300
1469205240,217.0500,217.0600,217.0400,217.0500,39500
1469205300,217.0300,217.0550,217.0300,217.0400,33400
1469205419,216.9700,217.0331,216.9650,217.0331,80900
1469205420,216.9900,217.0000,216.9700,216.9700,28500
1469205482,217.0000,217.0100,216.9800,216.9850,55500
1469205540,216.9750,217.0051,216.9700,217.0000,38500
1469205659,216.9600,216.9800,216.9500,216.9750,46900
1469205716,216.9800,216.9800,216.9500,216.9595,24200
1469205778,216.9984,217.0000,216.9700,216.9760,65600
1469205781,217.0195,217.0250,216.9900,216.9990,41900
1469205899,217.0200,217.0300,217.0000,217.0150,26200
1469205958,217.0300,217.0300,217.0150,217.0200,14400
1469206018,217.0500,217.0500,217.0200,217.0250,38300
1469206079,217.0310,217.0468,217.0200,217.0468,45600
1469206139,217.0000,217.0400,217.0000,217.0400,42000
1469206199,217.0600,217.0600,217.0000,217.0000,545600
1469206259,217.0400,217.0600,217.0300,217.0600,43000
1469206260,217.0250,217.0500,217.0200,217.0400,47400
1469206320,217.0600,217.0600,217.0200,217.0250,45900
1469206381,217.0900,217.1000,217.0550,217.0600,95900
1469206440,217.0600,217.0900,217.0600,217.0805,19900
1469206502,217.1000,217.1000,217.0699,217.0700,15700
1469206562,217.0700,217.0950,217.0600,217.0900,28600
1469206679,217.0700,217.0800,217.0500,217.0700,37100
1469206739,217.0500,217.0750,217.0500,217.0700,35500
1469206740,216.9900,217.0500,216.9900,217.0500,31200
1469206859,216.9600,217.0000,216.9500,217.0000,41500
1469206861,216.9750,216.9800,216.9600,216.9611,31800
1469206979,217.0150,217.0150,216.9750,216.9800,31100
1469206980,217.0100,217.0300,217.0100,217.0150,55500
1469207098,217.0000,217.0168,217.0000,217.0168,36300
1469207100,217.0000,217.0100,216.9850,217.0000,44600
1469207219,217.0410,217.0500,216.9900,216.9957,81000
1469207221,217.0300,217.0500,217.0200,217.0500,37500
1469207338,217.0350,217.0400,217.0200,217.0300,44700
1469207399,217.0600,217.0600,217.0300,217.0300,31600
1469207400,217.0350,217.0700,217.0200,217.0600,55900
1469207519,217.0250,217.0550,217.0200,217.0350,62100
1469207578,217.0300,217.0400,217.0200,217.0300,25500
1469207639,217.0000,217.0400,217.0000,217.0300,54300
1469207699,217.0100,217.0208,217.0000,217.0208,76100
1469207759,217.0050,217.0200,217.0000,217.0199,25800
1469207760,216.9800,217.0200,216.9800,217.0050,62000
1469207879,216.9900,217.0100,216.9750,216.9800,34800
1469207881,216.9978,217.0050,216.9850,216.9850,39100
1469207995,216.9850,217.0000,216.9750,217.0000,27100
1469208000,217.0050,217.0300,216.9850,216.9850,96600
1469208119,217.0073,217.0100,217.0000,217.0100,8300
1469208179,217.0200,217.0300,217.0000,217.0050,58800
1469208225,217.0550,217.0600,217.0242,217.0300,50000
1469208289,217.0475,217.0600,217.0300,217.0575,114400
1469208300,217.0522,217.0600,217.0500,217.0600,33000
1469208419,217.0500,217.0600,217.0400,217.0600,47800
1469208479,217.0600,217.0800,217.0500,217.0500,38000
1469208480,217.0700,217.0750,217.0300,217.0600,74300
1469208599,217.0700,217.0900,217.0600,217.0700,72900
1469208600,217.0900,217.0900,217.0700,217.0800,24400
1469208660,217.0750,217.1000,217.0700,217.0900,36900
1469208720,217.0950,217.1000,217.0750,217.0800,19900
1469208780,217.0801,217.0950,217.0700,217.0950,43600
1469208899,217.1100,217.1300,217.0800,217.0800,106600
1469208900,217.0800,217.1050,217.0800,217.1050,41200
1469209018,217.0500,217.0850,217.0500,217.0800,28700
1469209079,217.0400,217.0600,217.0400,217.0500,78700
1469209139,216.9800,217.0427,216.9700,217.0427,74800
1469209198,216.9500,216.9800,216.9450,216.9800,71300
1469209258,217.0000,217.0100,216.9500,216.9550,64800
1469209319,216.9850,217.0000,216.9700,217.0000,22200
1469209320,216.9710,216.9900,216.9700,216.9899,29900
1469209434,217.0100,217.0100,216.9700,216.9800,61800
1469209440,216.9900,217.0100,216.9800,217.0100,37700
1469209559,216.9850,217.0050,216.9773,217.0000,17600
1469209619,217.0000,217.0100,216.9800,216.9850,25900
1469209679,216.9800,217.0200,216.9800,217.0000,13600
1469209680,217.0400,217.0400,216.9800,216.9850,54500
1469209740,217.0350,217.0400,217.0215,217.0400,17600
1469209800,217.0400,217.0550,217.0300,217.0400,28000
1469209919,217.0350,217.0500,217.0300,217.0400,58000
1469209979,217.0800,217.0850,217.0300,217.0400,83800
1469210039,217.0750,217.0900,217.0500,217.0900,68400
1469210097,217.0700,217.0935,217.0600,217.0750,51200
1469210159,217.0400,217.0650,217.0300,217.0650,27900
1469210219,217.0600,217.0700,217.0400,217.0400,37800
1469210279,217.0400,217.0600,217.0330,217.0600,51200
1469210280,217.0400,217.0500,217.0200,217.0400,30400
1469210341,217.0450,217.0700,217.0350,217.0400,36500
1469210406,217.0301,217.0500,217.0200,217.0500,19100
1469210513,216.9901,217.0300,216.9900,217.0300,32700
1469210579,216.9950,217.0000,216.9800,216.9900,31300
1469210580,217.0000,217.0200,216.9950,216.9950,31900
1469210640,216.9950,217.0250,216.9900,217.0000,47000
1469210702,217.0450,217.0650,216.9900,216.9950,70300
1469210819,217.0300,217.0550,217.0300,217.0500,79400
1469210820,217.0600,217.0700,217.0200,217.0300,70100
1469210939,217.0600,217.0700,217.0550,217.0600,51200
1469210941,217.0900,217.1000,217.0650,217.0700,87900
1469211003,217.0800,217.1100,217.0800,217.0900,56000
1469211060,217.0890,217.0900,217.0700,217.0800,56900
1469211123,217.0699,217.1000,217.0500,217.0850,73000
1469211180,217.0600,217.0900,217.0500,217.0600,60400
1469211297,217.0300,217.0700,217.0300,217.0550,66000
1469211358,217.0450,217.0500,217.0300,217.0300,20600
1469211415,217.0700,217.0800,217.0450,217.0492,39800
1469211474,217.0800,217.0900,217.0400,217.0700,65400
1469211480,217.0950,217.1000,217.0710,217.0900,13400
1469211540,217.1050,217.1050,217.0750,217.0950,25300
1469211651,217.0950,217.1100,217.0850,217.1011,27200
1469211660,217.0800,217.1000,217.0800,217.1000,45600
1469211723,217.0850,217.1100,217.0700,217.0900,29500
1469211839,217.0895,217.1000,217.0700,217.0800,19100
1469211845,217.1050,217.1100,217.0840,217.0840,28500
1469211900,217.1439,217.1500,217.1000,217.1000,104900
1469211960,217.1250,217.1500,217.1100,217.1439,44500
1469212078,217.1200,217.1300,217.1100,217.1200,30200
1469212139,217.0950,217.1300,217.0900,217.1100,58400
1469212140,217.0900,217.1000,217.0800,217.1000,38800
1469212200,217.0600,217.1000,217.0600,217.0950,46400
1469212262,217.0600,217.0700,217.0500,217.0600,28900
1469212321,217.0400,217.0700,217.0400,217.0600,28000
1469212380,217.0400,217.0500,217.0300,217.0400,51100
1469212442,217.0450,217.0500,217.0350,217.0500,26100
1469212504,217.0610,217.0800,217.0500,217.0500,33400
1469212619,217.1000,217.1200,217.0650,217.0700,106100
1469212620,217.0700,217.1000,217.0600,217.0900,44400
1469212680,217.0900,217.0900,217.0600,217.0600,34400
1469212740,217.0800,217.0950,217.0700,217.0900,32600
1469212859,217.1000,217.1000,217.0835,217.0900,32800
1469212919,217.1200,217.1200,217.1000,217.1000,23800
1469212978,217.1300,217.1300,217.1100,217.1134,46200
1469212980,217.1200,217.1400,217.1100,217.1300,116500
1469213097,217.1201,217.1301,217.1100,217.1200,43700
1469213159,217.1200,217.1300,217.1050,217.1300,51100
1469213218,217.1300,217.1400,217.1200,217.1200,79900
1469213279,217.1374,217.1400,217.1300,217.1400,40800
1469213280,217.1300,217.1400,217.1300,217.1400,27100
1469213394,217.1400,217.1500,217.1100,217.1300,68500
1469213403,217.1401,217.1500,217.1300,217.1450,27600
1469213519,217.1400,217.1450,217.1200,217.1400,50500
1469213579,217.1450,217.1500,217.1300,217.1300,36800
1469213580,217.1500,217.1500,217.1400,217.1450,31900
1469213699,217.1700,217.1700,217.1400,217.1500,170600
1469213700,217.1800,217.1896,217.1650,217.1700,76300
1469213760,217.1500,217.1800,217.1400,217.1800,53700
1469213821,217.1200,217.1500,217.1100,217.1500,113900
1469213882,217.1200,217.1395,217.1100,217.1201,49100
1469213999,217.1500,217.1600,217.1250,217.1250,33600
1469214055,217.1550,217.1600,217.1400,217.1500,577400
1469214119,217.1500,217.1600,217.1400,217.1550,43800
1469214120,217.1850,217.1900,217.1450,217.1450,68600
1469214180,217.1400,217.1900,217.1400,217.1811,51800
1469214299,217.1500,217.1500,217.1400,217.1450,20700
1469214359,217.1000,217.1550,217.0900,217.1500,101100
1469214360,217.0900,217.1000,217.0500,217.1000,89100
1469214478,217.1300,217.1300,217.0900,217.0950,191000
1469214539,217.1000,217.1300,217.1000,217.1210,46000
1469214598,217.0950,217.1100,217.0800,217.1100,38200
1469214659,217.1000,217.1000,217.0900,217.1000,30600
1469214719,217.1100,217.1300,217.0900,217.1000,49900
1469214720,217.1700,217.1800,217.1150,217.1200,132000
1469214782,217.1500,217.1700,217.1400,217.1650,35100
1469214899,217.1300,217.1600,217.1300,217.1400,50200
1469214959,217.1300,217.1300,217.0900,217.1200,57300
1469215019,217.1000,217.1300,217.0750,217.1300,68500
1469215078,217.1500,217.1700,217.0800,217.0950,110400
1469215138,217.1554,217.1700,217.1200,217.1500,229300
1469215141,217.1700,217.1900,217.1500,217.1500,137300
1469215200,217.1763,217.1900,217.1600,217.1700,58100
1469215260,217.2350,217.2500,217.1750,217.1800,292000
1469215322,217.2500,217.2900,217.2300,217.2350,189300
1469215380,217.2600,217.2700,217.2400,217.2500,78300
1469215499,217.2350,217.2700,217.2300,217.2601,70800
1469215558,217.2700,217.2700,217.2300,217.2350,64800
1469215560,217.2800,217.3000,217.2500,217.2700,235600
1469215620,217.2700,217.2900,217.2600,217.2700,602000
1469215739,217.2600,217.2900,217.2600,217.2800,112400
1469215799,217.2100,217.2700,217.2100,217.2650,276200
1469215857,217.2300,217.2300,217.2000,217.2100,133600
1469215860,217.2250,217.2300,217.2000,217.2300,112200
1469215921,217.2000,217.2300,217.2000,217.2250,90500
1469216038,217.2500,217.2700,217.1900,217.2010,123300
1469216099,217.2000,217.2700,217.2000,217.2450,158100
1469216100,217.2200,217.2350,217.1900,217.2000,180600
1469216219,217.2500,217.2700,217.2200,217.2300,166500
1469216220,217.2900,217.3000,217.2500,217.2599,231200
1469216339,217.2600,217.3000,217.2600,217.3000,160100
1469216399,217.2900,217.3000,217.2600,217.2700,149900
1469216400,217.2600,217.2900,217.2400,217.2800,148100
1469216460,217.2700,217.2700,217.2500,217.2600,66400
1469216579,217.2682,217.2800,217.2600,217.2700,116300
1469216639,217.2400,217.2800,217.2300,217.2700,108500
1469216640,217.2600,217.2600,217.2300,217.2300,118200
1469216700,217.2600,217.2800,217.2600,217.2600,225100
1469216760,217.2800,217.2900,217.2600,217.2600,141800
1469216820,217.2550,217.2900,217.2200,217.2899,157200
1469216880,217.2300,217.2600,217.2201,217.2500,148300
1469216999,217.2350,217.2500,217.2300,217.2350,94500
1469217000,217.2592,217.2600,217.2300,217.2300,153400
1469217119,217.2600,217.2600,217.2200,217.2565,162500
1469217179,217.2250,217.2600,217.2200,217.2533,114400
1469217238,217.1800,217.2300,217.1600,217.2300,717600
1469217299,217.1700,217.1800,217.1500,217.1800,175600
1469217359,217.1550,217.1800,217.1500,217.1650,331400
1469217419,217.1150,217.1600,217.1000,217.1550,258600
1469217479,217.1400,217.1600,217.1050,217.1100,224700
1469217480,217.1550,217.1600,217.1200,217.1400,259100
1469217599,217.2300,217.2500,217.1400,217.1500,965300
1469217600,217.2300,217.2300,217.2300,217.2300,1000
