uri:/instrument/1.0/PGP/chartdata;type=quote;range=1d/csv
ticker:pgp
Company-Name:Pimco Global Stocksplus & Incom
Exchange-Name:NYQ
unit:MIN
timezone:EDT
currency:USD
gmtoffset:-14400
previous_close:20.2100
Timestamp:1468935000,1468958400
labels:1468936800,1468940400,1468944000,1468947600,1468951200,1468954800,1468958400
values:Timestamp,close,high,low,open,volume
close:20.2410,20.4399
high:20.2410,20.4400
low:20.2410,20.3980
open:20.2410,20.3980
volume:0,3000
1468935179,20.3800,20.3800,20.2500,20.2500,2500
1468935222,20.2900,20.3500,20.2900,20.3500,1200
1468935285,20.3100,20.3600,20.3100,20.3101,300
1468935341,20.3000,20.3100,20.3000,20.3050,800
1468935417,20.3200,20.3200,20.3200,20.3200,100
1468935456,20.3100,20.3500,20.3100,20.3500,500
1468935512,20.2600,20.2900,20.2600,20.2900,500
1468935570,20.2805,20.2900,20.2800,20.2800,300
1468935819,20.3350,20.3350,20.3350,20.3350,1000
1468937083,20.3490,20.3490,20.3490,20.3490,100
1468937129,20.2945,20.2945,20.2945,20.2945,300
1468939957,20.3092,20.3092,20.3070,20.3089,500
1468941202,20.2944,20.2989,20.2944,20.2989,1500
1468941286,20.3190,20.3190,20.3190,20.3190,3000
1468941425,20.2696,20.2696,20.2696,20.2696,300
1468941590,20.2410,20.2410,20.2410,20.2410,1000
1468942343,20.2750,20.2750,20.2750,20.2750,100
1468942742,20.3000,20.3200,20.3000,20.3000,500
1468942853,20.3592,20.3600,20.3470,20.3489,1800
1468942918,20.3889,20.3990,20.3500,20.3530,2500
1468943403,20.3500,20.3700,20.3500,20.3700,400
1468943999,20.4399,20.4400,20.3700,20.3700,1400
1468944017,20.3700,20.3700,20.3500,20.3500,400
1468944066,20.3980,20.3980,20.3980,20.3980,100
1468944887,20.3850,20.3850,20.3500,20.3500,1000
1468945924,20.3520,20.3520,20.3520,20.3520,300
1468947074,20.3803,20.3803,20.3803,20.3803,100
1468948390,20.3500,20.3500,20.3500,20.3500,300
1468949625,20.3980,20.3980,20.3980,20.3980,200
1468950036,20.3090,20.3090,20.3090,20.3090,300
1468952976,20.3142,20.3142,20.3142,20.3142,200
1468954593,20.3001,20.3001,20.3001,20.3001,100
1468955035,20.2862,20.2862,20.2862,20.2862,200
1468955844,20.2600,20.2600,20.2600,20.2600,100
1468956510,20.2900,20.2900,20.2900,20.2900,700
1468956553,20.2500,20.2500,20.2500,20.2500,200
1468957804,20.2900,20.2900,20.2900,20.2900,1500
1468958102,20.3500,20.3500,20.3500,20.3500,1000
1468958161,20.3177,20.3177,20.3177,20.3177,100
1468958222,20.3600,20.3600,20.3600,20.3600,3000
1468958349,20.3300,20.3300,20.3300,20.3300,500
1468958400,20.3400,20.3400,20.3400,20.3400,0
