uri:/instrument/1.0/SCHB/chartdata;type=quote;range=1d/csv
ticker:schb
Company-Name:Schwab U.S. Broad Market ETF
Exchange-Name:PCX
unit:MIN
timezone:EDT
currency:USD
gmtoffset:-14400
previous_close:52.0400
Timestamp:1468935000,1468958400
labels:1468936800,1468940400,1468944000,1468947600,1468951200,1468954800,1468958400
values:Timestamp,close,high,low,open,volume
close:51.8330,51.9800
high:51.8400,51.9800
low:51.8300,51.9800
open:51.8320,51.9800
volume:100,74400
1468935021,51.9400,51.9500,51.9400,51.9400,74400
1468935100,51.9010,51.9300,51.9010,51.9300,2600
1468935154,51.9000,51.9088,51.9000,51.9000,1500
1468935189,51.8900,51.9000,51.8900,51.9000,400
1468935246,51.9399,51.9400,51.8900,51.9000,900
1468935479,51.9500,51.9500,51.9500,51.9500,200
1468935569,51.9200,51.9200,51.9200,51.9200,400
1468935606,51.8900,51.8900,51.8900,51.8900,400
1468935698,51.9500,51.9500,51.9500,51.9500,200
1468935724,51.9200,51.9382,51.9200,51.9382,500
1468935922,51.9100,51.9100,51.9100,51.9100,300
1468935997,51.8900,51.8900,51.8900,51.8900,1900
1468936027,51.8800,51.8800,51.8800,51.8800,500
1468936105,51.9000,51.9000,51.9000,51.9000,300
1468936172,51.8800,51.8800,51.8800,51.8800,200
1468936310,51.8899,51.8899,51.8899,51.8899,200
1468936369,51.8939,51.8939,51.8939,51.8939,100
1468936381,51.9000,51.9000,51.8900,51.8900,1700
1468936484,51.8900,51.9080,51.8900,51.9080,800
1468936518,51.9199,51.9199,51.8920,51.8920,900
1468936589,51.9000,51.9100,51.9000,51.9100,700
1468936673,51.8900,51.8900,51.8900,51.8900,100
1468936681,51.8900,51.8900,51.8900,51.8900,100
1468936763,51.8990,51.8990,51.8990,51.8990,300
1468936836,51.8900,51.8900,51.8900,51.8900,300
1468936882,51.8899,51.8899,51.8800,51.8800,500
1468936948,51.8600,51.8800,51.8600,51.8787,2400
1468937055,51.8626,51.8799,51.8626,51.8699,1300
1468937128,51.8899,51.8900,51.8899,51.8900,500
1468937256,51.8900,51.8900,51.8900,51.8900,500
1468937295,51.9100,51.9100,51.8900,51.8900,800
1468937360,51.9100,51.9200,51.9100,51.9200,700
1468937431,51.9500,51.9500,51.9300,51.9300,500
1468937548,51.9400,51.9400,51.9400,51.9400,400
1468937583,51.9500,51.9500,51.9300,51.9399,900
1468937652,51.9310,51.9474,51.9310,51.9474,900
1468937730,51.9500,51.9500,51.9400,51.9500,500
1468937760,51.9500,51.9500,51.9310,51.9310,900
1468937836,51.9390,51.9390,51.9300,51.9300,400
1468937905,51.9287,51.9400,51.9287,51.9300,1400
1468937997,51.9300,51.9300,51.9200,51.9287,2400
1468938007,51.9264,51.9264,51.9200,51.9200,2800
1468938094,51.9200,51.9200,51.9200,51.9200,200
1468938126,51.9180,51.9300,51.9180,51.9300,1000
1468938198,51.9400,51.9400,51.9300,51.9300,800
1468938318,51.9420,51.9500,51.9420,51.9500,900
1468938395,51.9600,51.9600,51.9600,51.9600,100
1468938474,51.9587,51.9587,51.9587,51.9587,200
1468938498,51.9500,51.9500,51.9500,51.9500,600
1468938582,51.9413,51.9413,51.9413,51.9413,300
1468938615,51.9600,51.9600,51.9487,51.9487,400
1468938682,51.9500,51.9500,51.9500,51.9500,400
1468938735,51.9400,51.9400,51.9400,51.9400,200
1468938840,51.9400,51.9400,51.9342,51.9342,300
1468938927,51.9400,51.9498,51.9400,51.9498,400
1468939038,51.9400,51.9420,51.9400,51.9420,400
1468939196,51.9100,51.9100,51.9100,51.9100,200
1468939333,51.9300,51.9300,51.9300,51.9300,100
1468939439,51.9200,51.9200,51.9144,51.9200,900
1468939440,51.9158,51.9200,51.9100,51.9200,1200
1468939520,51.9120,51.9190,51.9100,51.9190,1200
1468939605,51.9100,51.9100,51.9100,51.9100,500
1468939849,51.9000,51.9000,51.8968,51.8968,300
1468939880,51.9100,51.9100,51.9100,51.9100,100
1468939923,51.9100,51.9100,51.9100,51.9100,200
1468940007,51.9200,51.9200,51.9200,51.9200,400
1468940328,51.9200,51.9200,51.9200,51.9200,100
1468940377,51.9300,51.9300,51.9300,51.9300,100
1468940436,51.9400,51.9400,51.9310,51.9350,700
1468940473,51.9400,51.9400,51.9400,51.9400,300
1468940622,51.9665,51.9665,51.9665,51.9665,100
1468940680,51.9644,51.9644,51.9644,51.9644,200
1468940717,51.9720,51.9720,51.9700,51.9700,300
1468940799,51.9800,51.9800,51.9710,51.9799,1200
1468940876,51.9700,51.9700,51.9700,51.9700,600
1468940888,51.9800,51.9800,51.9710,51.9710,1200
1468940962,51.9800,51.9800,51.9800,51.9800,200
1468941057,51.9500,51.9500,51.9500,51.9500,200
1468941074,51.9500,51.9500,51.9470,51.9500,3400
1468941147,51.9344,51.9344,51.9344,51.9344,200
1468941230,51.9400,51.9400,51.9220,51.9220,700
1468941290,51.9440,51.9440,51.9440,51.9440,600
1468941324,51.9400,51.9456,51.9400,51.9440,700
1468941469,51.9700,51.9700,51.9616,51.9616,400
1468941504,51.9600,51.9600,51.9600,51.9600,100
1468941611,51.9400,51.9500,51.9400,51.9500,1100
1468941682,51.9290,51.9290,51.9290,51.9290,1000
1468941771,51.9456,51.9456,51.9320,51.9320,2200
1468941812,51.9590,51.9590,51.9590,51.9590,300
1468941947,51.9490,51.9490,51.9490,51.9490,400
1468942013,51.9500,51.9600,51.9480,51.9480,2900
1468942069,51.9400,51.9400,51.9400,51.9400,200
1468942176,51.9320,51.9320,51.9320,51.9320,300
1468942275,51.9600,51.9600,51.9600,51.9600,600
1468942464,51.9450,51.9500,51.9450,51.9500,600
1468942611,51.9400,51.9400,51.9400,51.9400,100
1468942620,51.9320,51.9356,51.9320,51.9356,1100
1468943006,51.9400,51.9400,51.9400,51.9400,400
1468943099,51.9300,51.9356,51.9300,51.9356,1200
1468943156,51.9000,51.9000,51.9000,51.9000,100
1468943162,51.8800,51.8900,51.8800,51.8900,2700
1468943469,51.8800,51.8800,51.8800,51.8800,100
1468943595,51.8900,51.8900,51.8800,51.8800,8200
1468943699,51.9056,51.9056,51.9000,51.9000,400
1468943708,51.9100,51.9100,51.9027,51.9027,1300
1468943975,51.8800,51.8800,51.8800,51.8800,600
1468944033,51.8600,51.8600,51.8600,51.8600,100
1468944253,51.8600,51.8700,51.8600,51.8600,800
1468944382,51.8701,51.8701,51.8700,51.8700,200
1468944563,51.8600,51.8600,51.8600,51.8600,100
1468944644,51.8700,51.8700,51.8635,51.8635,200
1468944695,51.8700,51.8700,51.8700,51.8700,700
1468944744,51.8800,51.8800,51.8800,51.8800,400
1468944878,51.8900,51.8900,51.8900,51.8900,100
1468945017,51.8890,51.8890,51.8890,51.8890,100
1468945192,51.8900,51.8900,51.8900,51.8900,300
1468945237,51.8900,51.8900,51.8900,51.8900,200
1468945422,51.8856,51.8856,51.8856,51.8856,300
1468945484,51.8810,51.8900,51.8800,51.8900,900
1468945541,51.8800,51.8800,51.8800,51.8800,10600
1468945658,51.8990,51.8990,51.8990,51.8990,400
1468945705,51.8869,51.8869,51.8869,51.8869,100
1468945820,51.8890,51.8890,51.8890,51.8890,200
1468945882,51.9000,51.9000,51.8900,51.8900,2500
1468945945,51.8900,51.8900,51.8775,51.8900,10700
1468946133,51.8700,51.8900,51.8700,51.8800,17000
1468946173,51.8700,51.8700,51.8690,51.8690,900
1468946379,51.8790,51.8790,51.8790,51.8790,400
1468946411,51.8700,51.8700,51.8700,51.8700,600
1468946586,51.8800,51.8890,51.8800,51.8890,300
1468946677,51.8890,51.8890,51.8890,51.8890,800
1468946927,51.9000,51.9000,51.8950,51.9000,900
1468946951,51.9099,51.9100,51.9050,51.9100,3100
1468947080,51.9300,51.9300,51.9200,51.9200,600
1468947158,51.9250,51.9250,51.9250,51.9250,300
1468947227,51.9300,51.9300,51.9290,51.9290,3400
1468947272,51.9290,51.9290,51.9200,51.9200,2400
1468947310,51.9100,51.9250,51.9100,51.9250,11400
1468947385,51.8944,51.9090,51.8944,51.9090,2400
1468947569,51.9020,51.9020,51.9020,51.9020,200
1468947686,51.9056,51.9056,51.9056,51.9056,1600
1468947763,51.9042,51.9042,51.9042,51.9042,600
1468947807,51.9000,51.9000,51.9000,51.9000,100
1468947953,51.8999,51.8999,51.8999,51.8999,2800
1468947998,51.9000,51.9010,51.9000,51.9000,700
1468948022,51.8900,51.9000,51.8900,51.9000,3300
1468948193,51.9000,51.9000,51.9000,51.9000,2400
1468948250,51.8900,51.8900,51.8900,51.8900,900
1468948316,51.8900,51.8901,51.8900,51.8900,1800
1468948325,51.8900,51.8900,51.8900,51.8900,600
1468948449,51.8800,51.8890,51.8800,51.8890,300
1468948502,51.8800,51.8800,51.8800,51.8800,900
1468948622,51.8600,51.8799,51.8600,51.8799,3100
1468948777,51.8600,51.8600,51.8600,51.8600,7800
1468948804,51.8525,51.8525,51.8520,51.8520,6400
1468948913,51.8600,51.8600,51.8600,51.8600,3300
1468948955,51.8600,51.8600,51.8600,51.8600,800
1468948995,51.8600,51.8600,51.8600,51.8600,400
1468949159,51.8550,51.8550,51.8500,51.8500,700
1468949213,51.8550,51.8590,51.8500,51.8590,2100
1468949241,51.8590,51.8590,51.8550,51.8550,400
1468949312,51.8500,51.8550,51.8500,51.8550,2900
1468949342,51.8501,51.8556,51.8500,51.8550,700
1468949459,51.8500,51.8500,51.8500,51.8500,1300
1468949504,51.8500,51.8560,51.8500,51.8500,4000
1468949528,51.8400,51.8400,51.8300,51.8400,7200
1468949659,51.8600,51.8600,51.8500,51.8500,500
1468949814,51.8600,51.8600,51.8550,51.8550,3700
1468949864,51.8500,51.8550,51.8500,51.8550,4700
1468949972,51.8600,51.8600,51.8600,51.8600,1800
1468950002,51.8610,51.8700,51.8544,51.8544,5000
1468950161,51.8600,51.8600,51.8600,51.8600,400
1468950226,51.8700,51.8700,51.8659,51.8659,2500
1468950294,51.8610,51.8610,51.8610,51.8610,500
1468950321,51.8699,51.8699,51.8699,51.8699,700
1468950415,51.8700,51.8700,51.8656,51.8656,7200
1468950425,51.8700,51.8750,51.8700,51.8750,3600
1468950525,51.8600,51.8690,51.8600,51.8690,1200
1468950615,51.8600,51.8610,51.8600,51.8610,800
1468950715,51.8659,51.8690,51.8659,51.8690,200
1468950730,51.8620,51.8620,51.8600,51.8620,400
1468950830,51.8700,51.8700,51.8650,51.8650,4800
1468950856,51.8641,51.8700,51.8600,51.8700,5600
1468950955,51.8359,51.8600,51.8320,51.8600,11100
1468950973,51.8400,51.8500,51.8400,51.8400,500
1468951030,51.8500,51.8500,51.8400,51.8400,3700
1468951088,51.8330,51.8400,51.8320,51.8320,1700
1468951168,51.8420,51.8420,51.8410,51.8410,1200
1468951253,51.8600,51.8600,51.8500,51.8500,2800
1468951307,51.8480,51.8500,51.8415,51.8500,1000
1468951329,51.8500,51.8500,51.8500,51.8500,500
1468951417,51.8510,51.8510,51.8510,51.8510,100
1468951492,51.8700,51.8700,51.8520,51.8600,1100
1468951551,51.8700,51.8700,51.8700,51.8700,2000
1468951595,51.8800,51.8800,51.8800,51.8800,400
1468951634,51.8890,51.8890,51.8800,51.8800,4000
1468951694,51.8800,51.8800,51.8800,51.8800,600
1468951847,51.8844,51.8900,51.8844,51.8900,500
1468951861,51.8900,51.8900,51.8890,51.8900,5300
1468952082,51.8800,51.8800,51.8800,51.8800,100
1468952111,51.9000,51.9000,51.8900,51.8900,1600
1468952208,51.8950,51.9000,51.8900,51.9000,8400
1468952278,51.8950,51.8950,51.8900,51.8900,1500
1468952301,51.9000,51.9000,51.8950,51.8950,600
1468952344,51.9000,51.9050,51.8990,51.8990,1600
1468952595,51.9000,51.9050,51.9000,51.9000,2800
1468952731,51.9000,51.9000,51.9000,51.9000,3400
1468952805,51.8910,51.8910,51.8910,51.8910,200
1468952868,51.9000,51.9000,51.8950,51.9000,3600
1468952889,51.9050,51.9100,51.9044,51.9050,2300
1468952948,51.9100,51.9100,51.9050,51.9050,5100
1468953000,51.9020,51.9059,51.9000,51.9050,7600
1468953078,51.9056,51.9059,51.9056,51.9059,1500
1468953356,51.9000,51.9000,51.9000,51.9000,3200
1468953363,51.8900,51.8900,51.8900,51.8900,600
1468953427,51.9000,51.9000,51.8900,51.8900,3000
1468953509,51.8920,51.8920,51.8920,51.8920,100
1468953540,51.9000,51.9000,51.9000,51.9000,1100
1468953642,51.9000,51.9000,51.9000,51.9000,1200
1468953671,51.9056,51.9056,51.9050,51.9050,300
1468953749,51.9100,51.9100,51.9050,51.9100,3200
1468953919,51.9150,51.9150,51.9150,51.9150,400
1468953967,51.9025,51.9150,51.9025,51.9150,4200
1468954127,51.9059,51.9156,51.9000,51.9156,1600
1468954141,51.9090,51.9090,51.9090,51.9090,700
1468954314,51.9080,51.9099,51.9000,51.9090,22900
1468954359,51.9010,51.9010,51.9010,51.9010,100
1468954421,51.9080,51.9080,51.9080,51.9080,300
1468954511,51.9150,51.9150,51.9100,51.9100,2300
1468954708,51.9050,51.9090,51.9000,51.9090,3000
1468954748,51.9000,51.9000,51.9000,51.9000,2800
1468954824,51.8900,51.8900,51.8900,51.8900,1500
1468955007,51.9000,51.9000,51.9000,51.9000,1200
1468955058,51.8900,51.8900,51.8900,51.8900,300
1468955139,51.9054,51.9060,51.8950,51.8950,7900
1468955163,51.8900,51.9000,51.8900,51.9000,600
1468955275,51.8900,51.8900,51.8900,51.8900,400
1468955384,51.8900,51.8910,51.8900,51.8910,500
1468955423,51.8900,51.9000,51.8900,51.8900,2500
1468955492,51.8840,51.8840,51.8840,51.8840,100
1468955548,51.8900,51.8900,51.8900,51.8900,600
1468955637,51.9000,51.9000,51.8880,51.8900,2000
1468955650,51.8870,51.8950,51.8870,51.8950,5400
1468955774,51.8910,51.8910,51.8910,51.8910,500
1468955896,51.9050,51.9050,51.8931,51.8931,5500
1468955949,51.9069,51.9090,51.9050,51.9050,4300
1468956114,51.9150,51.9190,51.9100,51.9150,1300
1468956124,51.9150,51.9150,51.9100,51.9100,600
1468956239,51.9150,51.9200,51.9150,51.9200,8300
1468956255,51.9100,51.9100,51.9100,51.9100,6100
1468956393,51.9069,51.9090,51.9036,51.9036,8900
1468956530,51.9000,51.9050,51.9000,51.9050,400
1468956628,51.9060,51.9060,51.9060,51.9060,700
1468956711,51.9060,51.9090,51.9020,51.9020,2900
1468956773,51.9150,51.9150,51.9100,51.9100,1100
1468956847,51.9150,51.9162,51.9150,51.9162,5400
1468957005,51.9140,51.9140,51.9100,51.9100,600
1468957031,51.9100,51.9190,51.9100,51.9190,10200
1468957135,51.9200,51.9200,51.9150,51.9150,1500
1468957166,51.9150,51.9150,51.9100,51.9100,2200
1468957246,51.9140,51.9140,51.9140,51.9140,100
1468957287,51.9190,51.9200,51.9190,51.9200,5000
1468957400,51.9150,51.9200,51.9150,51.9200,2200
1468957468,51.9200,51.9200,51.9160,51.9160,7300
1468957501,51.9200,51.9300,51.9200,51.9200,7500
1468957626,51.9250,51.9290,51.9250,51.9290,1800
1468957768,51.9210,51.9250,51.9200,51.9200,4500
1468957852,51.9290,51.9300,51.9200,51.9200,13800
1468957916,51.9284,51.9284,51.9250,51.9250,2400
1468957961,51.9250,51.9250,51.9200,51.9250,300
1468957994,51.9208,51.9250,51.9208,51.9250,3000
1468958098,51.9200,51.9250,51.9200,51.9250,1200
1468958157,51.9200,51.9260,51.9200,51.9200,11200
1468958160,51.9200,51.9300,51.9150,51.9300,10800
1468958236,51.9350,51.9350,51.9256,51.9300,14300
1468958288,51.9400,51.9400,51.9315,51.9315,7000
1468958345,51.9300,51.9500,51.9300,51.9400,33600
1468958400,51.9500,51.9500,51.9500,51.9500,200
