uri:/instrument/1.0/VUG/chartdata;type=quote;range=1d/csv
ticker:vug
Company-Name:Vanguard Growth ETF - DNQ
Exchange-Name:PCX
unit:MIN
timezone:EDT
currency:USD
gmtoffset:-14400
previous_close:111.5300
Timestamp:1469539800,1469563200
labels:1469541600,1469545200,1469548800,1469552400,1469556000,1469559600,1469563200
values:Timestamp,close,high,low,open,volume
close:110.9720,111.7400
high:110.9720,111.7400
low:110.9670,111.7400
open:110.9715,111.7400
volume:0,33200
1469539888,111.3700,111.4239,111.3700,111.4239,33200
1469539958,111.3800,111.3800,111.3800,111.3800,400
1469539986,111.4420,111.4420,111.4420,111.4420,2100
1469540075,111.4190,111.4190,111.4190,111.4190,1100
1469540189,111.4300,111.4508,111.4300,111.4508,800
1469540239,111.5115,111.5115,111.5115,111.5115,400
1469540317,111.5000,111.5225,111.5000,111.5225,300
1469540384,111.5000,111.5000,111.5000,111.5000,200
1469540412,111.5300,111.5300,111.5300,111.5300,600
1469540667,111.6071,111.6071,111.6071,111.6071,1800
1469540814,111.6500,111.6500,111.6500,111.6500,400
1469540869,111.6753,111.6753,111.6601,111.6700,900
1469540906,111.6900,111.6900,111.6800,111.6800,300
1469540967,111.7300,111.7300,111.7300,111.7300,100
1469541008,111.7400,111.7400,111.7400,111.7400,200
1469541081,111.7000,111.7008,111.7000,111.7008,2100
1469541133,111.6772,111.6772,111.6640,111.6640,800
1469541193,111.6873,111.6873,111.6800,111.6800,1300
1469541256,111.6900,111.6900,111.6600,111.6600,500
1469541332,111.6736,111.6736,111.6736,111.6736,200
1469541486,111.6448,111.6448,111.6448,111.6448,500
1469541602,111.6883,111.6883,111.6700,111.6700,1000
1469541696,111.7200,111.7200,111.7100,111.7100,800
1469541746,111.7200,111.7200,111.7200,111.7200,100
1469541798,111.6600,111.6600,111.6600,111.6600,400
1469541926,111.6799,111.6800,111.6799,111.6800,400
1469541962,111.6491,111.6491,111.6491,111.6491,300
1469542061,111.6300,111.6300,111.6101,111.6200,1500
1469542103,111.6000,111.6100,111.6000,111.6100,600
1469542189,111.5603,111.5630,111.5603,111.5630,900
1469542203,111.5800,111.6100,111.5610,111.5610,2200
1469542299,111.5600,111.5600,111.5500,111.5500,600
1469542334,111.5101,111.5438,111.5101,111.5438,900
1469542404,111.5400,111.5400,111.5400,111.5400,1400
1469542496,111.5610,111.5610,111.5610,111.5610,100
1469542519,111.5577,111.5590,111.5577,111.5590,400
1469542618,111.5629,111.5629,111.5550,111.5550,700
1469542675,111.5900,111.5900,111.5474,111.5567,1300
1469542681,111.5668,111.5668,111.5668,111.5668,300
1469542758,111.5521,111.5800,111.5521,111.5800,2600
1469542880,111.5862,111.5862,111.5862,111.5862,800
1469543056,111.6000,111.6000,111.5800,111.5800,400
1469543130,111.6300,111.6300,111.6100,111.6100,400
1469543207,111.6100,111.6100,111.6100,111.6100,100
1469543241,111.6124,111.6124,111.6124,111.6124,500
1469543295,111.6400,111.6400,111.6400,111.6400,200
1469543420,111.6420,111.6420,111.6400,111.6400,2200
1469543466,111.6400,111.6400,111.6400,111.6400,400
1469543575,111.5900,111.6050,111.5700,111.6020,3100
1469543584,111.5800,111.5800,111.5800,111.5800,1400
1469543820,111.5540,111.5700,111.5540,111.5700,400
1469543907,111.5600,111.5600,111.5600,111.5600,400
1469544061,111.5500,111.5500,111.5500,111.5500,1600
1469544195,111.5259,111.5259,111.5259,111.5259,500
1469544296,111.5200,111.5390,111.5000,111.5010,1600
1469544316,111.5380,111.5380,111.5300,111.5300,900
1469544457,111.5160,111.5160,111.5090,111.5090,400
1469544517,111.5200,111.5200,111.5200,111.5200,1200
1469544559,111.5290,111.5290,111.5290,111.5290,600
1469544631,111.4900,111.5040,111.4900,111.5000,1100
1469544717,111.4705,111.4705,111.4674,111.4674,300
1469544752,111.4511,111.4511,111.4511,111.4511,300
1469544815,111.4207,111.4427,111.4174,111.4427,2100
1469544896,111.1900,111.3600,111.1900,111.3600,10200
1469544956,111.1300,111.1661,111.1100,111.1661,1900
1469545016,111.1600,111.1600,111.1600,111.1600,1100
1469545055,111.2100,111.2100,111.2100,111.2100,300
1469545091,111.1700,111.2427,111.1700,111.2427,1300
1469545156,111.0400,111.1500,111.0400,111.1500,6000
1469545257,111.0400,111.0400,111.0000,111.0000,3200
1469545296,111.1005,111.1005,111.1005,111.1005,500
1469545477,111.1000,111.1000,111.0974,111.0974,700
1469545514,111.0700,111.0700,111.0700,111.0700,700
1469545604,111.0881,111.0881,111.0881,111.0881,200
1469545626,111.0600,111.0600,111.0430,111.0540,1900
1469545683,111.0520,111.0520,111.0520,111.0520,200
1469545821,111.0300,111.0300,111.0300,111.0300,300
1469545871,111.0200,111.0200,110.9900,111.0000,1700
1469545959,110.9720,110.9720,110.9670,110.9715,3900
1469546006,110.9795,111.0000,110.9795,111.0000,500
1469546158,111.0490,111.0500,111.0490,111.0500,1300
1469546200,111.0200,111.0498,111.0200,111.0498,2500
1469546251,111.0211,111.0211,111.0211,111.0211,300
1469546313,111.0550,111.0550,111.0550,111.0550,300
1469546578,111.1100,111.1100,111.0500,111.0500,2600
1469546584,111.1700,111.1700,111.1400,111.1400,600
1469546690,111.1590,111.1590,111.1590,111.1590,200
1469546734,111.1600,111.1600,111.1600,111.1600,900
1469546765,111.1601,111.1601,111.1404,111.1404,300
1469546835,111.1487,111.1608,111.1487,111.1608,1000
1469546886,111.1400,111.1500,111.1400,111.1500,600
1469546983,111.1704,111.1704,111.1704,111.1704,400
1469547136,111.1511,111.1511,111.1511,111.1511,300
1469547287,111.1500,111.1500,111.1500,111.1500,100
1469547314,111.1618,111.1700,111.1618,111.1700,2900
1469547375,111.1804,111.1895,111.1804,111.1895,800
1469547516,111.1800,111.1800,111.1800,111.1800,200
1469547695,111.1816,111.1816,111.1816,111.1816,1500
1469547742,111.2300,111.2300,111.2300,111.2300,400
1469547832,111.2300,111.2300,111.2100,111.2100,500
1469547892,111.1882,111.1882,111.1882,111.1882,200
1469547909,111.1899,111.1899,111.1899,111.1899,100
1469547997,111.1868,111.1868,111.1868,111.1868,100
1469548029,111.1813,111.1813,111.1813,111.1813,300
1469548163,111.2225,111.2300,111.2225,111.2300,400
1469548219,111.2973,111.2990,111.2600,111.2600,2000
1469548291,111.3600,111.3600,111.3400,111.3400,400
1469548321,111.3126,111.3290,111.3126,111.3290,800
1469548480,111.2700,111.2700,111.2700,111.2700,500
1469548594,111.3100,111.3100,111.2949,111.2949,800
1469548764,111.3000,111.3299,111.3000,111.3299,300
1469548841,111.3590,111.3590,111.3590,111.3590,400
1469548870,111.3202,111.3547,111.3202,111.3547,7400
1469548929,111.3390,111.3390,111.3390,111.3390,500
1469549007,111.3290,111.3290,111.3290,111.3290,400
1469549069,111.3200,111.3200,111.3200,111.3200,600
1469549247,111.3500,111.3500,111.3500,111.3500,300
1469549333,111.3452,111.3452,111.3200,111.3412,4200
1469549342,111.3184,111.3200,111.3150,111.3200,1000
1469549600,111.3000,111.3000,111.3000,111.3000,200
1469549696,111.3100,111.3100,111.3100,111.3100,100
1469549719,111.2800,111.3010,111.2800,111.2994,1600
1469549819,111.2800,111.2930,111.2800,111.2930,2000
1469549865,111.2900,111.2900,111.2800,111.2800,1400
1469549885,111.2851,111.2990,111.2851,111.2990,700
1469549975,111.3100,111.3100,111.3100,111.3100,200
1469550113,111.4263,111.4263,111.4263,111.4263,100
1469550161,111.4500,111.4500,111.4499,111.4499,800
1469550191,111.4460,111.4460,111.4460,111.4460,100
1469550255,111.4390,111.4390,111.4299,111.4299,300
1469550357,111.4198,111.4198,111.4198,111.4198,300
1469550374,111.4400,111.4500,111.4300,111.4300,300
1469550447,111.4200,111.4200,111.4200,111.4200,100
1469550533,111.3900,111.3900,111.3800,111.3900,600
1469550588,111.3900,111.4000,111.3900,111.3900,2100
1469550600,111.3700,111.3850,111.3700,111.3850,200
1469550675,111.3700,111.3816,111.3700,111.3816,800
1469550769,111.3650,111.3680,111.3650,111.3680,1400
1469550832,111.3800,111.3940,111.3800,111.3940,200
1469550898,111.3800,111.3800,111.3800,111.3800,100
1469550904,111.3800,111.3800,111.3777,111.3777,500
1469551012,111.3722,111.3722,111.3722,111.3722,100
1469551077,111.3550,111.3600,111.3550,111.3600,200
1469551081,111.3688,111.3688,111.3580,111.3580,3700
1469551185,111.3760,111.3760,111.3760,111.3760,5500
1469551371,111.3340,111.3340,111.3340,111.3340,200
1469551412,111.3500,111.3500,111.3400,111.3400,600
1469551463,111.3675,111.3675,111.3606,111.3606,600
1469551544,111.3401,111.3401,111.3401,111.3401,100
1469551610,111.3600,111.3623,111.3581,111.3581,800
1469551621,111.3504,111.3504,111.3500,111.3500,600
1469551689,111.3800,111.3800,111.3600,111.3600,600
1469551772,111.3724,111.3724,111.3724,111.3724,300
1469551847,111.3880,111.3880,111.3880,111.3880,600
1469551879,111.3700,111.3700,111.3700,111.3700,100
1469551921,111.3700,111.3700,111.3515,111.3515,2300
1469552098,111.3500,111.3500,111.3499,111.3500,1800
1469552103,111.3400,111.3400,111.3400,111.3400,300
1469552256,111.3362,111.3400,111.3300,111.3400,500
1469552321,111.3326,111.3326,111.3326,111.3326,500
1469552371,111.3349,111.3349,111.3349,111.3349,200
1469552440,111.3335,111.3335,111.3280,111.3280,200
1469552471,111.3400,111.3400,111.3400,111.3400,1100
1469552580,111.3300,111.3300,111.3300,111.3300,100
1469552654,111.3490,111.3490,111.3490,111.3490,200
1469552723,111.3599,111.3599,111.3599,111.3599,700
1469552810,111.3390,111.3390,111.3390,111.3390,200
1469552844,111.3001,111.3001,111.3001,111.3001,100
1469552914,111.3300,111.3300,111.3300,111.3300,400
1469553008,111.3160,111.3400,111.3160,111.3227,2500
1469553083,111.3074,111.3100,111.3021,111.3100,600
1469553128,111.3040,111.3040,111.3040,111.3040,400
1469553213,111.2910,111.3000,111.2910,111.3000,400
1469553327,111.3300,111.3300,111.3300,111.3300,300
1469553444,111.3275,111.3275,111.3200,111.3200,2400
1469553653,111.2700,111.3000,111.2700,111.3000,300
1469553661,111.2400,111.2400,111.2400,111.2400,500
1469553778,111.1400,111.1400,111.1400,111.1400,200
1469553839,111.1500,111.1500,111.1200,111.1200,3700
1469553841,111.1329,111.1600,111.1301,111.1600,5500
1469553943,111.1140,111.1140,111.1140,111.1140,200
1469553964,111.1070,111.1070,111.1070,111.1070,500
1469554042,111.1400,111.1400,111.1100,111.1250,5800
1469554101,111.1049,111.1049,111.1049,111.1049,100
1469554143,111.1200,111.1210,111.1200,111.1210,500
1469554202,111.1265,111.1265,111.1265,111.1265,2900
1469554287,111.1347,111.1347,111.1250,111.1250,700
1469554338,111.1100,111.1100,111.1100,111.1100,200
1469554388,111.1000,111.1094,111.1000,111.1094,400
1469554469,111.1010,111.1010,111.1010,111.1010,400
1469554625,111.1600,111.1600,111.1300,111.1350,9300
1469554779,111.1800,111.1800,111.1580,111.1580,700
1469554803,111.2042,111.2100,111.1760,111.1940,7800
1469554863,111.2099,111.2099,111.1860,111.1981,2900
1469555041,111.1731,111.1731,111.1731,111.1731,400
1469555106,111.1904,111.1904,111.1904,111.1904,400
1469555199,111.2000,111.2000,111.2000,111.2000,700
1469555271,111.1910,111.1910,111.1910,111.1910,400
1469555282,111.1890,111.1890,111.1890,111.1890,400
1469555366,111.1700,111.2000,111.1700,111.2000,600
1469555446,111.1600,111.1600,111.1600,111.1600,100
1469555465,111.1605,111.1628,111.1605,111.1628,900
1469555529,111.1790,111.1800,111.1726,111.1726,400
1469555585,111.1581,111.1581,111.1581,111.1581,200
1469555641,111.1418,111.1500,111.1418,111.1500,300
1469555708,111.1690,111.1690,111.1532,111.1532,800
1469555814,111.1872,111.1872,111.1621,111.1621,1700
1469555832,111.1927,111.1979,111.1702,111.1899,3400
1469555927,111.1615,111.1700,111.1615,111.1700,2600
1469555964,111.1710,111.1800,111.1700,111.1800,2800
1469556021,111.1816,111.1816,111.1800,111.1800,500
1469556063,111.2000,111.2000,111.1900,111.1900,600
1469556174,111.2205,111.2205,111.2205,111.2205,200
1469556191,111.2200,111.2200,111.2200,111.2200,200
1469556254,111.2100,111.2100,111.2100,111.2100,700
1469556315,111.1800,111.1981,111.1800,111.1900,3000
1469556497,111.1200,111.1380,111.1200,111.1380,3100
1469556540,111.0900,111.1149,111.0900,111.1149,2200
1469556657,111.0800,111.0800,111.0800,111.0800,100
1469556702,111.0850,111.1000,111.0800,111.1000,2400
1469556727,111.0900,111.0900,111.0700,111.0700,900
1469556823,111.1229,111.1229,111.1000,111.1000,1400
1469556852,111.1190,111.1300,111.1190,111.1300,400
1469556917,111.1200,111.1300,111.1100,111.1100,8100
1469556976,111.1400,111.1400,111.1400,111.1400,400
1469557024,111.1179,111.1300,111.1179,111.1300,800
1469557080,111.1400,111.1400,111.1000,111.1000,800
1469557175,111.1300,111.1300,111.1300,111.1300,200
1469557217,111.1600,111.1600,111.1207,111.1207,800
1469557290,111.1500,111.1500,111.1500,111.1500,300
1469557349,111.1900,111.2000,111.1700,111.1700,3300
1469557436,111.2450,111.2500,111.1800,111.1800,800
1469557441,111.2500,111.2500,111.2300,111.2300,600
1469557532,111.2742,111.2742,111.2742,111.2742,200
1469557601,111.2730,111.2730,111.2730,111.2730,800
1469557679,111.3200,111.3400,111.3200,111.3200,4200
1469557699,111.3204,111.3400,111.3200,111.3200,11500
1469557760,111.2814,111.3300,111.2800,111.3300,300
1469557859,111.3700,111.3700,111.3099,111.3099,3200
1469557862,111.3500,111.3800,111.3500,111.3600,4000
1469557981,111.3400,111.3400,111.3400,111.3400,900
1469558111,111.3500,111.3500,111.3180,111.3180,1000
1469558179,111.3600,111.3800,111.3400,111.3400,900
1469558222,111.3430,111.3430,111.3400,111.3400,500
1469558283,111.3499,111.3600,111.3468,111.3600,900
1469558350,111.3421,111.3421,111.3421,111.3421,300
1469558404,111.3800,111.3800,111.3700,111.3700,200
1469558490,111.3600,111.3600,111.3600,111.3600,100
1469558527,111.3400,111.3400,111.3400,111.3400,200
1469558609,111.3562,111.3562,111.3562,111.3562,1300
1469558700,111.3616,111.3616,111.3500,111.3500,800
1469558901,111.3440,111.3440,111.3374,111.3374,1200
1469558994,111.3200,111.3200,111.3200,111.3200,100
1469559009,111.3326,111.3326,111.3200,111.3200,700
1469559063,111.3200,111.3287,111.3200,111.3287,400
1469559207,111.3300,111.3300,111.3228,111.3228,600
1469559340,111.3450,111.3450,111.3450,111.3450,100
1469559360,111.3600,111.3600,111.3221,111.3487,1800
1469559431,111.3520,111.3520,111.3520,111.3520,700
1469559537,111.3200,111.3600,111.3200,111.3520,8800
1469559540,111.3200,111.3500,111.3200,111.3500,1800
1469559648,111.3288,111.3288,111.3288,111.3288,200
1469559664,111.3400,111.3400,111.3300,111.3300,500
1469559806,111.3800,111.3800,111.3600,111.3600,300
1469559866,111.3850,111.3955,111.3850,111.3955,1100
1469559956,111.3800,111.3800,111.3800,111.3800,100
1469559979,111.3602,111.3602,111.3602,111.3602,100
1469560071,111.3650,111.3800,111.3500,111.3650,4300
1469560129,111.3700,111.3790,111.3500,111.3500,500
1469560140,111.3743,111.3743,111.3743,111.3743,300
1469560206,111.3700,111.3700,111.3700,111.3700,600
1469560268,111.4040,111.4110,111.4040,111.4110,900
1469560327,111.4000,111.4050,111.4000,111.4050,1000
1469560382,111.3700,111.3910,111.3700,111.3910,2500
1469560459,111.3501,111.3600,111.3501,111.3600,900
1469560588,111.3547,111.3547,111.3547,111.3547,200
1469560693,111.3500,111.3500,111.3395,111.3395,1000
1469560748,111.3200,111.3500,111.3200,111.3500,5200
1469560823,111.3100,111.3100,111.3100,111.3100,400
1469560863,111.3310,111.3310,111.3000,111.3000,400
1469561024,111.3429,111.3700,111.3429,111.3700,700
1469561101,111.3900,111.3900,111.3550,111.3550,400
1469561201,111.3626,111.3626,111.3552,111.3552,1400
1469561233,111.3800,111.3800,111.3680,111.3680,900
1469561281,111.3850,111.3850,111.3850,111.3850,300
1469561400,111.3998,111.4200,111.3892,111.4200,700
1469561464,111.3904,111.4140,111.3904,111.4140,2900
1469561574,111.4050,111.4050,111.4050,111.4050,900
1469561612,111.3950,111.3950,111.3950,111.3950,500
1469561641,111.4250,111.4250,111.3900,111.3900,1100
1469561700,111.4130,111.4300,111.4090,111.4300,4400
1469561765,111.4389,111.4389,111.4090,111.4140,1200
1469561820,111.4210,111.4210,111.4210,111.4210,1100
1469561936,111.4200,111.4500,111.4200,111.4320,1700
1469561943,111.4500,111.4500,111.4312,111.4312,2200
1469562032,111.4484,111.4500,111.4484,111.4500,900
1469562179,111.4400,111.4500,111.4400,111.4400,4600
1469562239,111.4200,111.4424,111.4200,111.4424,1600
1469562249,111.4194,111.4400,111.4194,111.4240,2500
1469562311,111.4426,111.4426,111.4426,111.4426,300
1469562403,111.4800,111.4800,111.4600,111.4600,1600
1469562448,111.4699,111.4699,111.4401,111.4632,2800
1469562491,111.4800,111.4800,111.4799,111.4799,500
1469562568,111.4800,111.4900,111.4800,111.4900,1400
1469562626,111.4218,111.4400,111.4190,111.4370,700
1469562676,111.4212,111.4300,111.4212,111.4300,1600
1469562742,111.4100,111.4100,111.4100,111.4100,300
1469562830,111.4300,111.4300,111.4026,111.4026,2100
1469562847,111.4300,111.4300,111.4120,111.4120,2900
1469562905,111.4300,111.4300,111.4100,111.4200,1200
1469563016,111.4600,111.4600,111.4500,111.4500,900
1469563076,111.4800,111.4800,111.4680,111.4800,1600
1469563083,111.4700,111.4900,111.4600,111.4800,2600
1469563149,111.4700,111.4890,111.4400,111.4700,2400
1469563200,111.4400,111.4400,111.4400,111.4400,0
