uri:/instrument/1.0/SPB/chartdata;type=quote;range=1d/csv
ticker:spb
Company-Name:Spectrum Brands Holdings, Inc. 
Exchange-Name:NYQ
unit:MIN
timezone:EDT
currency:USD
gmtoffset:-14400
previous_close:118.2800
Timestamp:1469539800,1469563200
labels:1469541600,1469545200,1469548800,1469552400,1469556000,1469559600,1469563200
values:Timestamp,close,high,low,open,volume
close:117.6400,118.8300
high:117.6600,118.8300
low:117.6400,118.8300
open:117.6600,118.8300
volume:100,7900
1469539901,118.0100,118.1500,118.0100,118.0400,4300
1469539960,118.5600,118.5600,118.5000,118.5000,2600
1469540001,118.8300,118.8300,118.8300,118.8300,1400
1469540131,118.3200,118.3200,118.1000,118.1000,2400
1469540169,118.4200,118.4300,118.4200,118.4300,1700
1469540255,118.4050,118.4050,118.2100,118.2100,2700
1469540281,118.3000,118.3800,118.1600,118.3800,2900
1469540371,118.5200,118.5200,118.5000,118.5000,300
1469540545,118.4600,118.4600,118.4600,118.4600,1500
1469540622,118.4000,118.4800,118.3800,118.3800,900
1469540670,118.2100,118.3700,118.2100,118.3700,300
1469540870,118.3201,118.4600,118.3201,118.4600,1900
1469540954,118.5700,118.5700,118.5700,118.5700,200
1469541028,118.6000,118.6000,118.6000,118.6000,100
1469541112,118.3900,118.3900,118.3900,118.3900,400
1469541160,118.4550,118.4550,118.4550,118.4550,300
1469541503,118.4100,118.4100,118.4100,118.4100,100
1469541828,118.3000,118.3000,118.3000,118.3000,2600
1469541857,118.2600,118.2600,118.2600,118.2600,500
1469541977,118.2200,118.2200,118.2200,118.2200,400
1469542151,118.2500,118.2500,118.1400,118.2500,2300
1469542230,118.3500,118.3500,118.3200,118.3200,300
1469542316,118.3800,118.3800,118.3800,118.3800,200
1469542518,118.3800,118.3800,118.3700,118.3700,1000
1469542677,118.3700,118.3700,118.3700,118.3700,200
1469542749,118.4200,118.4200,118.4200,118.4200,100
1469542869,118.4100,118.4200,118.4000,118.4100,1100
1469543035,118.4200,118.4200,118.4200,118.4200,100
1469543143,118.3100,118.3100,118.3100,118.3100,200
1469543268,118.4200,118.4200,118.4200,118.4200,100
1469543341,118.4700,118.4700,118.4300,118.4700,1100
1469543422,118.7500,118.7500,118.6100,118.6100,2800
1469543678,118.6200,118.6200,118.6200,118.6200,600
1469543873,118.5800,118.5800,118.5800,118.5800,200
1469544088,118.5900,118.5900,118.5900,118.5900,100
1469544144,118.7100,118.7100,118.7100,118.7100,100
1469544237,118.7000,118.7000,118.7000,118.7000,100
1469544409,118.5500,118.5600,118.5500,118.5600,200
1469544535,118.6700,118.6700,118.6700,118.6700,100
1469544541,118.5400,118.6600,118.5400,118.6050,3500
1469544838,118.4900,118.5150,118.4900,118.5000,400
1469544848,118.3500,118.4100,118.3500,118.4100,900
1469544998,118.1700,118.1700,118.1700,118.1700,1000
1469545054,118.2600,118.2600,118.1800,118.1800,1400
1469545137,118.2700,118.2700,118.2600,118.2600,1000
1469545347,117.6700,117.8400,117.6700,117.8300,1200
1469545433,117.8900,117.8900,117.8900,117.8900,100
1469545756,117.8800,117.8800,117.8800,117.8800,200
1469545970,117.8700,117.8700,117.8700,117.8700,100
1469546012,117.6400,117.8600,117.6400,117.7200,900
1469546338,117.7800,117.7900,117.6500,117.7400,2700
1469546459,117.7400,117.7900,117.7400,117.7900,700
1469546576,117.6600,117.6600,117.6600,117.6600,100
1469546637,117.6600,117.6600,117.6600,117.6600,100
1469546743,117.6700,117.7100,117.6600,117.6600,1000
1469546783,117.6600,117.7600,117.6600,117.7600,2300
1469546913,117.6900,117.6900,117.6700,117.6800,600
1469547157,117.7400,117.7400,117.7400,117.7400,200
1469547260,117.7400,117.7400,117.7400,117.7400,100
1469547321,117.7400,117.7400,117.7400,117.7400,2000
1469547465,117.8500,117.8500,117.8500,117.8500,100
1469547546,117.9000,117.9000,117.9000,117.9000,500
1469547800,117.7700,117.7700,117.7700,117.7700,100
1469547856,117.8900,117.8900,117.8900,117.8900,100
1469548001,117.7700,117.7800,117.7700,117.7800,200
1469548020,117.7200,117.8100,117.7200,117.8100,500
1469548147,117.8100,117.8100,117.8100,117.8100,100
1469548241,117.7900,117.7900,117.7900,117.7900,1600
1469548440,117.8400,117.8700,117.8400,117.8700,200
1469548510,117.8300,117.8300,117.8300,117.8300,100
1469548624,117.8600,117.8600,117.8600,117.8600,100
1469548751,117.9000,117.9000,117.9000,117.9000,100
1469548831,117.9200,117.9200,117.8900,117.8900,1100
1469548900,117.9800,117.9800,117.9800,117.9800,200
1469549037,117.9800,117.9800,117.9800,117.9800,100
1469549131,118.0250,118.0400,117.9700,118.0400,900
1469549341,117.9300,117.9300,117.9300,117.9300,100
1469549448,117.9000,117.9000,117.9000,117.9000,900
1469549572,117.9000,117.9000,117.8950,117.8950,200
1469549639,117.9000,117.9000,117.9000,117.9000,200
1469549644,117.9000,117.9000,117.9000,117.9000,100
1469549793,117.9000,117.9000,117.9000,117.9000,500
1469550198,117.9900,117.9900,117.9900,117.9900,700
1469550384,118.1000,118.1000,117.9900,117.9900,200
1469550501,118.0400,118.0400,118.0400,118.0400,100
1469550545,118.1000,118.1000,118.1000,118.1000,300
1469550661,118.1000,118.1000,118.0700,118.0700,400
1469550825,118.0800,118.0800,118.0800,118.0800,300
1469550974,118.0300,118.0500,118.0300,118.0500,200
1469551117,118.0700,118.0700,118.0300,118.0500,500
1469551151,118.0700,118.0700,118.0700,118.0700,100
1469551284,118.0600,118.0600,118.0600,118.0600,200
1469551459,118.0600,118.0600,118.0600,118.0600,100
1469551569,117.9800,117.9800,117.9700,117.9700,400
1469551660,117.9900,117.9900,117.9900,117.9900,300
1469551860,117.9700,117.9700,117.9700,117.9700,100
1469552019,117.9850,117.9850,117.9700,117.9800,400
1469552147,117.9200,117.9200,117.9200,117.9200,100
1469552268,117.9300,118.0300,117.9300,117.9420,7900
1469552412,117.9200,117.9600,117.9200,117.9600,300
1469552517,117.9000,117.9000,117.9000,117.9000,100
1469552543,117.9000,117.9000,117.9000,117.9000,100
1469552637,117.8800,117.9225,117.8800,117.9000,1600
1469552669,117.8200,117.8200,117.8200,117.8200,100
1469552935,117.9100,117.9100,117.8200,117.8200,300
1469552968,117.9600,117.9600,117.8800,117.9100,1800
1469553109,117.9350,117.9400,117.9350,117.9400,200
1469553216,118.0200,118.0200,117.9900,117.9900,800
1469553247,118.0400,118.0400,118.0400,118.0400,100
1469553343,118.0600,118.0600,118.0400,118.0400,300
1469553499,118.0700,118.0700,118.0400,118.0400,700
1469553550,118.1000,118.1000,118.1000,118.1000,100
1469553680,118.0000,118.0500,118.0000,118.0500,1200
1469553779,117.9900,117.9900,117.9650,117.9650,300
1469553788,117.9400,117.9400,117.9400,117.9400,200
1469554058,117.8800,117.8800,117.8700,117.8800,700
1469554136,117.8100,117.8100,117.8100,117.8100,100
1469554183,117.8300,117.8300,117.8300,117.8300,500
1469554213,117.8900,117.8900,117.8500,117.8500,1100
1469554430,117.9300,117.9300,117.9000,117.9000,300
1469554441,117.9300,117.9500,117.9200,117.9400,600
1469554514,117.8800,117.8800,117.8800,117.8800,100
1469554750,117.8800,117.8800,117.8700,117.8700,400
1469554840,117.9200,117.9200,117.9200,117.9200,200
1469555044,117.8900,117.8900,117.8700,117.8800,1400
1469555128,117.9271,117.9271,117.9271,117.9271,500
1469555334,118.0600,118.0600,118.0600,118.0600,100
1469555353,118.0500,118.0500,118.0500,118.0500,100
1469555418,117.9975,117.9975,117.9900,117.9900,600
1469555630,118.0500,118.0500,118.0500,118.0500,100
1469555648,118.0000,118.0000,118.0000,118.0000,100
1469555720,118.0000,118.0400,117.8900,118.0400,1200
1469555935,118.0300,118.0300,118.0300,118.0300,200
1469556016,118.0300,118.0300,118.0300,118.0300,1200
1469556088,118.0700,118.0700,118.0700,118.0700,300
1469556165,118.0850,118.0850,118.0100,118.0700,2400
1469556236,118.0500,118.0500,118.0500,118.0500,100
1469556355,117.9700,118.0400,117.9700,118.0400,500
1469556364,117.9100,117.9500,117.9100,117.9500,200
1469556451,117.9200,117.9200,117.8900,117.8900,1000
1469556515,117.9300,117.9300,117.9100,117.9150,300
1469556563,117.9700,117.9700,117.9700,117.9700,100
1469556647,117.9300,117.9300,117.9300,117.9300,100
1469556663,117.9150,117.9150,117.9150,117.9150,100
1469556838,117.9600,117.9600,117.9600,117.9600,1100
1469556993,117.9600,117.9600,117.9600,117.9600,100
1469557054,117.8800,117.8800,117.8800,117.8800,400
1469557387,118.0200,118.0200,117.9300,117.9700,1300
1469557531,118.0300,118.0700,118.0100,118.0700,1200
1469557739,118.1200,118.1200,118.1200,118.1200,200
1469557742,118.0400,118.0400,118.0400,118.0400,800
1469557842,118.1100,118.1100,118.1000,118.1000,900
1469558016,118.1100,118.1100,118.1100,118.1100,700
1469558053,118.0600,118.0600,118.0600,118.0600,100
1469558123,118.1300,118.1300,118.1100,118.1100,500
1469558185,118.1100,118.1300,118.0800,118.1200,1200
1469558334,118.1500,118.1500,118.1500,118.1500,100
1469558444,118.1500,118.1500,118.1500,118.1500,200
1469558549,118.1600,118.1600,118.1600,118.1600,100
1469558580,118.1500,118.1500,118.1500,118.1500,100
1469558644,118.1600,118.1600,118.1600,118.1600,100
1469558767,118.0700,118.1100,117.9700,118.0800,2300
1469558820,118.0100,118.0700,118.0000,118.0700,500
1469558938,118.0800,118.0800,118.0700,118.0700,1100
1469558953,118.0400,118.1200,118.0400,118.1200,1000
1469559107,118.0800,118.0800,118.0800,118.0800,100
1469559127,118.1000,118.1000,118.1000,118.1000,300
1469559231,118.1800,118.1800,118.1800,118.1800,100
1469559296,118.2000,118.2000,118.1800,118.1800,400
1469559376,118.1900,118.1900,118.1900,118.1900,100
1469559538,118.0950,118.2600,118.0700,118.1600,1700
1469559573,118.1200,118.1200,118.0850,118.0900,1200
1469559758,118.2100,118.2100,118.1600,118.2100,400
1469559783,118.2100,118.2100,118.1600,118.1700,800
1469559868,118.1000,118.1900,118.1000,118.1600,1300
1469559915,118.0900,118.0900,118.0900,118.0900,100
1469559967,118.0900,118.0900,118.0900,118.0900,200
1469560137,118.1000,118.1100,118.1000,118.1000,800
1469560147,118.1122,118.1500,118.1000,118.1200,5300
1469560252,118.1500,118.1500,118.1500,118.1500,300
1469560310,118.1900,118.1900,118.1400,118.1400,400
1469560376,118.2100,118.2100,118.1900,118.1900,500
1469560392,118.1900,118.1900,118.1100,118.1900,1900
1469560456,118.1700,118.1700,118.1700,118.1700,100
1469560546,118.2000,118.2000,118.2000,118.2000,300
1469560591,118.1700,118.1900,118.1700,118.1900,400
1469560627,118.1750,118.1750,118.1500,118.1500,400
1469560713,118.1200,118.1200,118.1200,118.1200,100
1469560743,118.1900,118.1900,118.1900,118.1900,300
1469560807,118.1275,118.1450,118.1100,118.1100,300
1469560889,118.0900,118.0900,118.0900,118.0900,100
1469560931,118.2400,118.2400,118.1000,118.1700,2100
1469561012,118.3200,118.3200,118.2100,118.2300,1500
1469561083,118.2300,118.2800,118.1900,118.2400,2600
1469561266,118.3100,118.3100,118.2400,118.2400,200
1469561314,118.2700,118.2700,118.2400,118.2400,1000
1469561361,118.1700,118.1700,118.1700,118.1700,100
1469561452,118.3200,118.3300,118.1800,118.1800,5900
1469561562,118.4200,118.4200,118.3200,118.3200,7400
1469561593,118.4400,118.4400,118.4400,118.4400,600
1469561684,118.4250,118.4250,118.4250,118.4250,100
1469561750,118.4800,118.4800,118.3800,118.4800,500
1469561819,118.5100,118.5100,118.4800,118.4800,1400
1469561832,118.5000,118.5000,118.5000,118.5000,2100
1469561998,118.4900,118.4900,118.3900,118.4900,400
1469562041,118.4400,118.4400,118.4000,118.4000,600
1469562095,118.3700,118.3700,118.3700,118.3700,300
1469562149,118.3600,118.3600,118.3600,118.3600,100
1469562193,118.4400,118.4400,118.3600,118.3600,400
1469562281,118.3600,118.3600,118.3600,118.3600,300
1469562300,118.3700,118.3700,118.3600,118.3600,3100
1469562410,118.5100,118.5100,118.4600,118.4900,3100
1469562470,118.4800,118.5500,118.4800,118.5100,4300
1469562525,118.4700,118.4700,118.4700,118.4700,700
1469562593,118.4300,118.4800,118.3400,118.4800,2900
1469562657,118.3500,118.4400,118.3500,118.4400,1400
1469562718,118.3800,118.3800,118.3300,118.3300,200
1469562779,118.3600,118.3900,118.3300,118.3300,900
1469562810,118.4200,118.4500,118.4200,118.4200,3900
1469562842,118.4900,118.4900,118.4500,118.4500,3200
1469562919,118.5050,118.5300,118.4600,118.4700,2400
1469563003,118.4500,118.4800,118.4400,118.4800,4000
1469563068,118.5300,118.5300,118.5300,118.5300,600
1469563133,118.4500,118.5350,118.4500,118.5350,4400
1469563142,118.4400,118.4700,118.4300,118.4400,3900
1469563200,118.4500,118.4500,118.4500,118.4500,5300
