uri:/instrument/1.0/PGP/chartdata;type=quote;range=1d/csv
ticker:pgp
Company-Name:Pimco Global Stocksplus & Incom
Exchange-Name:NYQ
unit:MIN
timezone:EDT
currency:USD
gmtoffset:-14400
previous_close:20.4400
Timestamp:1469799000,1469822400
labels:1469800800,1469804400,1469808000,1469811600,1469815200,1469818800,1469822400
values:Timestamp,close,high,low,open,volume
close:20.3000,20.5400
high:20.3100,20.5400
low:20.3000,20.5400
open:20.3100,20.5400
volume:100,11200
1469799000,20.4700,20.4700,20.4700,20.4700,300
1469799295,20.4800,20.4800,20.4800,20.4800,100
1469800086,20.4999,20.4999,20.4999,20.4999,200
1469801063,20.3400,20.3400,20.3400,20.3400,600
1469801147,20.3900,20.3900,20.3800,20.3800,300
1469801219,20.4000,20.4000,20.3900,20.3900,200
1469801272,20.4700,20.4900,20.4700,20.4900,700
1469801284,20.4200,20.4200,20.4200,20.4200,200
1469803017,20.4300,20.4400,20.3700,20.3700,1900
1469803034,20.4300,20.4300,20.4300,20.4300,600
1469803080,20.4700,20.4700,20.4700,20.4700,1300
1469803666,20.4400,20.4400,20.4400,20.4400,2500
1469804023,20.4780,20.4780,20.4411,20.4411,300
1469804698,20.5000,20.5000,20.4900,20.4900,1000
1469804701,20.5000,20.5000,20.5000,20.5000,300
1469805023,20.5395,20.5395,20.5395,20.5395,200
1469807188,20.5360,20.5400,20.5200,20.5390,3800
1469808437,20.5100,20.5100,20.5100,20.5100,100
1469809200,20.5000,20.5000,20.5000,20.5000,100
1469809301,20.5166,20.5166,20.5166,20.5166,100
1469809490,20.5208,20.5208,20.5208,20.5208,1000
1469809554,20.5256,20.5256,20.5256,20.5256,200
1469810826,20.5400,20.5400,20.5400,20.5400,300
1469811032,20.5390,20.5390,20.5390,20.5390,500
1469811090,20.4800,20.5000,20.4800,20.5000,1300
1469811195,20.4701,20.4701,20.4701,20.4701,400
1469811344,20.4500,20.4700,20.4500,20.4700,200
1469811668,20.4157,20.4157,20.4157,20.4157,100
1469811720,20.3810,20.3810,20.3810,20.3810,1000
1469812852,20.4699,20.4699,20.4699,20.4699,1000
1469814221,20.3800,20.4700,20.3800,20.4700,1900
1469814417,20.3500,20.3716,20.3500,20.3510,1200
1469814706,20.3100,20.3200,20.3000,20.3120,1800
1469814729,20.3000,20.3400,20.3000,20.3400,11200
1469814902,20.4000,20.4000,20.4000,20.4000,200
1469816381,20.3601,20.4074,20.3601,20.4053,400
1469816442,20.3610,20.3610,20.3610,20.3610,100
1469816522,20.3700,20.3700,20.3700,20.3700,200
1469817287,20.3740,20.3740,20.3740,20.3740,100
1469817598,20.3699,20.3799,20.3400,20.3799,500
1469817653,20.3900,20.3999,20.3500,20.3500,1700
1469817706,20.3700,20.4700,20.3700,20.4600,1500
1469817779,20.3400,20.4300,20.3400,20.3700,1500
1469817786,20.4000,20.4000,20.3500,20.3500,1000
1469817905,20.4000,20.4000,20.4000,20.4000,100
1469817989,20.4000,20.4000,20.3500,20.3500,300
1469818057,20.4000,20.4000,20.3500,20.3500,200
1469818114,20.4206,20.4206,20.4000,20.4000,400
1469818557,20.3758,20.4700,20.3756,20.3756,300
1469818720,20.3418,20.3590,20.3200,20.3590,1200
1469818787,20.3100,20.3100,20.3100,20.3100,100
1469818820,20.3544,20.3544,20.3100,20.3200,500
1469820414,20.3300,20.3500,20.3300,20.3500,2400
1469820459,20.3200,20.3794,20.3200,20.3684,1500
1469821860,20.3975,20.3975,20.3975,20.3975,1000
1469822101,20.3900,20.3900,20.3800,20.3800,200
1469822390,20.4300,20.4300,20.4200,20.4200,500
1469822400,20.4200,20.4200,20.4200,20.4200,700
