uri:/instrument/1.0/XLU/chartdata;type=quote;range=1d/csv
ticker:xlu
Company-Name:SPDR Select Sector Fund - Utili
Exchange-Name:PCX
unit:MIN
timezone:EDT
currency:USD
gmtoffset:-14400
previous_close:51.8100
Timestamp:1469799000,1469822400
labels:1469800800,1469804400,1469808000,1469811600,1469815200,1469818800,1469822400
values:Timestamp,close,high,low,open,volume
close:51.7850,52.2762
high:51.8000,52.2900
low:51.7300,52.2700
open:51.7800,52.2700
volume:0,6035100
1469799054,51.8100,51.8200,51.7300,51.8000,133600
1469799118,51.9250,51.9300,51.7900,51.8000,56500
1469799120,51.9300,51.9300,51.9300,51.9300,100
1469799234,51.9500,51.9500,51.9200,51.9200,54100
1469799299,51.9500,51.9610,51.9399,51.9400,51600
1469799358,52.0100,52.0100,51.9500,51.9500,37300
1469799410,52.0000,52.0400,51.9800,52.0200,58000
1469799471,52.0300,52.0300,52.0050,52.0100,8700
1469799538,51.9700,52.0300,51.9700,52.0300,28800
1469799599,51.9700,51.9800,51.9600,51.9700,23700
1469799659,51.9000,51.9600,51.8900,51.9600,24800
1469799712,51.8850,51.9100,51.8700,51.9100,17600
1469799724,51.8500,51.8900,51.8500,51.8900,12200
1469799837,51.7900,51.8500,51.7800,51.8500,75500
1469799840,51.8100,51.8150,51.7900,51.7900,15700
1469799902,51.8201,51.8300,51.8035,51.8089,53500
1469799961,51.8000,51.8300,51.8000,51.8250,94500
1469800077,51.7900,51.8200,51.7800,51.8000,73000
1469800082,51.7900,51.8000,51.7700,51.7800,51900
1469800199,51.8100,51.8200,51.7799,51.7900,30400
1469800251,51.8100,51.8250,51.7900,51.8050,20700
1469800319,51.8000,51.8200,51.7990,51.8000,30100
1469800374,51.8100,51.8200,51.7900,51.8000,32400
1469800381,51.8600,51.8600,51.8200,51.8200,26500
1469800497,51.7900,51.8600,51.7900,51.8600,37500
1469800559,51.7850,51.8000,51.7800,51.7900,13500
1469800561,51.8000,51.8150,51.7700,51.7900,24900
1469800678,51.8200,51.8250,51.7900,51.8000,14100
1469800738,51.8400,51.8400,51.8000,51.8200,40800
1469800798,51.8350,51.8500,51.8200,51.8400,41800
1469800857,51.8500,51.8600,51.8100,51.8300,228700
1469800860,51.9000,51.9000,51.8490,51.8500,88500
1469800926,51.8910,51.9000,51.8900,51.9000,43100
1469801037,51.9200,51.9200,51.8800,51.8950,110200
1469801097,51.9500,51.9500,51.9100,51.9200,72600
1469801159,51.9300,51.9510,51.9250,51.9500,44200
1469801218,51.9400,51.9400,51.9100,51.9300,19700
1469801224,51.9250,51.9400,51.9200,51.9400,23800
1469801339,51.9400,51.9400,51.9200,51.9200,62400
1469801340,51.9400,51.9400,51.9050,51.9300,23600
1469801459,51.9100,51.9400,51.9000,51.9400,20400
1469801519,51.9200,51.9300,51.9000,51.9000,21500
1469801574,51.9200,51.9400,51.9200,51.9200,14100
1469801581,51.9450,51.9500,51.9200,51.9200,25100
1469801644,51.9500,51.9700,51.9400,51.9500,57600
1469801758,51.9800,51.9900,51.9500,51.9500,16500
1469801818,51.9300,51.9800,51.9300,51.9800,50200
1469801878,51.9500,51.9600,51.9200,51.9300,14000
1469801935,51.9250,51.9401,51.9200,51.9401,36300
1469801990,51.9225,51.9450,51.9200,51.9200,36100
1469802059,51.9100,51.9300,51.9100,51.9200,29500
1469802118,51.9200,51.9300,51.9200,51.9200,60800
1469802120,51.9350,51.9400,51.9200,51.9250,55000
1469802238,51.9200,51.9400,51.9100,51.9400,51500
1469802298,51.9301,51.9400,51.9200,51.9200,27600
1469802358,51.9550,51.9550,51.9300,51.9300,37900
1469802419,51.9600,51.9650,51.9500,51.9600,30600
1469802422,51.9600,51.9700,51.9600,51.9600,26200
1469802539,51.9601,51.9700,51.9600,51.9650,17800
1469802599,51.9700,51.9700,51.9600,51.9650,43600
1469802659,51.9750,51.9750,51.9600,51.9700,7100
1469802718,52.0100,52.0100,51.9700,51.9750,18400
1469802778,52.0100,52.0150,52.0000,52.0100,980000
1469802839,52.0150,52.0200,52.0100,52.0200,24700
1469802893,52.0150,52.0200,52.0100,52.0100,9300
1469802902,51.9950,52.0150,51.9900,52.0135,27200
1469802961,51.9738,51.9900,51.9700,51.9900,17200
1469803022,51.9700,51.9800,51.9700,51.9700,11200
1469803137,51.9710,51.9800,51.9700,51.9700,10800
1469803196,51.9910,51.9915,51.9700,51.9700,12600
1469803257,51.9910,52.0000,51.9900,51.9900,2200
1469803311,51.9858,52.0000,51.9800,51.9900,12500
1469803379,52.0000,52.0000,51.9800,51.9800,61100
1469803435,52.0150,52.0200,52.0000,52.0050,22200
1469803499,52.0050,52.0200,52.0010,52.0100,21600
1469803555,52.0300,52.0300,52.0000,52.0000,51700
1469803560,52.0300,52.0400,52.0300,52.0400,17900
1469803679,52.0150,52.0400,52.0100,52.0375,16600
1469803738,52.0200,52.0300,52.0000,52.0100,26700
1469803794,52.0200,52.0300,52.0200,52.0200,32500
1469803802,52.0400,52.0400,52.0200,52.0210,18100
1469803915,52.0200,52.0400,52.0100,52.0400,8500
1469803977,52.0200,52.0200,52.0100,52.0100,85500
1469803982,52.0500,52.0500,52.0200,52.0200,119900
1469804098,52.0500,52.0500,52.0400,52.0500,22400
1469804147,52.0700,52.0700,52.0400,52.0400,16700
1469804219,52.0700,52.0700,52.0600,52.0600,25700
1469804279,52.0800,52.0800,52.0600,52.0600,37400
1469804333,52.0500,52.0750,52.0500,52.0700,14400
1469804394,52.0450,52.0600,52.0450,52.0500,6100
1469804457,52.0600,52.0600,52.0450,52.0500,13800
1469804519,52.0100,52.0500,52.0100,52.0500,16500
1469804579,52.0200,52.0200,52.0100,52.0100,20700
1469804637,52.0300,52.0301,52.0200,52.0200,45500
1469804647,52.0300,52.0400,52.0200,52.0300,12400
1469804705,52.0300,52.0399,52.0300,52.0300,12800
1469804817,52.0300,52.0450,52.0300,52.0300,14900
1469804826,52.0200,52.0300,52.0200,52.0300,30000
1469804937,52.0100,52.0250,52.0100,52.0200,7600
1469804995,52.0250,52.0300,52.0100,52.0100,28100
1469805001,52.0200,52.0200,52.0100,52.0200,3900
1469805063,52.0100,52.0250,52.0000,52.0201,8600
1469805177,52.0300,52.0300,51.9900,52.0100,11600
1469805239,51.9900,52.0201,51.9900,52.0200,4200
1469805240,52.0000,52.0100,51.9900,51.9900,7300
1469805357,52.0200,52.0200,51.9950,52.0000,11500
1469805418,52.0000,52.0200,52.0000,52.0200,16900
1469805477,51.9950,52.0100,51.9900,52.0000,14700
1469805538,51.9900,52.0000,51.9900,52.0000,7200
1469805596,51.9750,52.0000,51.9750,51.9900,6900
1469805600,51.9900,51.9900,51.9725,51.9725,7200
1469805667,52.0100,52.0100,51.9850,51.9900,14700
1469805774,52.0250,52.0300,52.0100,52.0100,8500
1469805831,52.0300,52.0300,52.0150,52.0200,10000
1469805899,52.0300,52.0400,52.0300,52.0300,5500
1469805958,52.0200,52.0300,52.0100,52.0300,29900
1469806019,52.0300,52.0300,52.0200,52.0200,20700
1469806078,52.0378,52.0399,52.0200,52.0300,7700
1469806084,52.0500,52.0550,52.0400,52.0400,15700
1469806143,52.0400,52.0642,52.0400,52.0600,6700
1469806252,52.0400,52.0500,52.0400,52.0400,5100
1469806319,52.0500,52.0500,52.0400,52.0450,36600
1469806320,52.0400,52.0500,52.0300,52.0500,21200
1469806437,52.0500,52.0500,52.0450,52.0500,16100
1469806487,52.0500,52.0550,52.0500,52.0500,2900
1469806557,52.0900,52.0900,52.0500,52.0600,23100
1469806619,52.0800,52.0800,52.0700,52.0800,9800
1469806679,52.0911,52.1000,52.0750,52.0800,8200
1469806739,52.1300,52.1300,52.1000,52.1000,42500
1469806794,52.1550,52.1600,52.1250,52.1250,56100
1469806858,52.1700,52.1700,52.1600,52.1600,54000
1469806914,52.1600,52.1700,52.1400,52.1700,61800
1469806977,52.1750,52.1750,52.1550,52.1600,25600
1469807034,52.1800,52.2000,52.1775,52.1800,99900
1469807042,52.1900,52.2000,52.1850,52.1900,97800
1469807158,52.2000,52.2000,52.1900,52.2000,9100
1469807214,52.2100,52.2100,52.1900,52.1900,45400
1469807222,52.2100,52.2185,52.2000,52.2100,9800
1469807281,52.2100,52.2150,52.2000,52.2100,25200
1469807347,52.2200,52.2200,52.2000,52.2075,24200
1469807459,52.2100,52.2365,52.2000,52.2300,28500
1469807512,52.2050,52.2100,52.2000,52.2100,7500
1469807579,52.2000,52.2050,52.1900,52.2040,25300
1469807639,52.1900,52.2000,52.1800,52.2000,18100
1469807697,52.2001,52.2001,52.1850,52.2000,72500
1469807710,52.2000,52.2061,52.2000,52.2000,3400
1469807817,52.2100,52.2100,52.2000,52.2100,3500
1469807869,52.2200,52.2200,52.2000,52.2100,8700
1469807937,52.1900,52.2200,52.1900,52.2100,40000
1469807998,52.2000,52.2000,52.1900,52.2000,6000
1469808053,52.1950,52.2000,52.1900,52.1950,2500
1469808105,52.2150,52.2150,52.1950,52.2000,9800
1469808121,52.2200,52.2200,52.2100,52.2100,2000
1469808236,52.2200,52.2200,52.2100,52.2200,3800
1469808289,52.2400,52.2400,52.2250,52.2300,8300
1469808302,52.2600,52.2600,52.2400,52.2400,19800
1469808418,52.2650,52.2650,52.2500,52.2600,9800
1469808477,52.2650,52.2700,52.2600,52.2650,2500
1469808536,52.2762,52.2900,52.2700,52.2700,7600
1469808588,52.2600,52.2700,52.2600,52.2700,4300
1469808659,52.2600,52.2700,52.2600,52.2650,6300
1469808715,52.2501,52.2700,52.2501,52.2600,14400
1469808768,52.2300,52.2500,52.2300,52.2500,9000
1469808838,52.2100,52.2300,52.2100,52.2200,5000
1469808841,52.2300,52.2300,52.2100,52.2100,8500
1469808953,52.2280,52.2300,52.2100,52.2250,15500
1469809016,52.2100,52.2300,52.2100,52.2200,2100
1469809075,52.2200,52.2200,52.2150,52.2200,7100
1469809139,52.2100,52.2235,52.2100,52.2200,4200
1469809195,52.2100,52.2200,52.2100,52.2100,11000
1469809205,52.2050,52.2137,52.2000,52.2100,23100
1469809266,52.1800,52.2090,52.1700,52.2090,16600
1469809378,52.1700,52.1800,52.1700,52.1800,4400
1469809439,52.1700,52.1800,52.1600,52.1600,8100
1469809496,52.1700,52.1800,52.1600,52.1800,8700
1469809510,52.1800,52.1800,52.1600,52.1700,7400
1469809614,52.1950,52.2000,52.1800,52.1900,7500
1469809679,52.1999,52.2000,52.1900,52.1950,2400
1469809682,52.1900,52.1950,52.1800,52.1950,8100
1469809796,52.1900,52.1934,52.1800,52.1800,15000
1469809857,52.1800,52.1900,52.1750,52.1800,10500
1469809862,52.1800,52.1800,52.1700,52.1800,3300
1469809971,52.1800,52.1900,52.1700,52.1700,1900
1469810036,52.1800,52.1900,52.1800,52.1900,3000
1469810096,52.1800,52.1900,52.1800,52.1900,9700
1469810152,52.1500,52.1800,52.1500,52.1800,11600
1469810160,52.1500,52.1500,52.1400,52.1500,9500
1469810221,52.1600,52.1600,52.1400,52.1500,6000
1469810281,52.1500,52.1600,52.1400,52.1600,36700
1469810398,52.1600,52.1600,52.1400,52.1500,8500
1469810456,52.1500,52.1600,52.1500,52.1500,2200
1469810514,52.1350,52.1700,52.1300,52.1600,59400
1469810577,52.1340,52.1500,52.1300,52.1500,20900
1469810582,52.1400,52.1400,52.1300,52.1400,1300
1469810681,52.1538,52.1538,52.1300,52.1300,6900
1469810759,52.1400,52.1600,52.1300,52.1500,11900
1469810763,52.1400,52.1400,52.1300,52.1400,3100
1469810829,52.1400,52.1400,52.1300,52.1350,3000
1469810937,52.1400,52.1500,52.1300,52.1400,13800
1469810987,52.1500,52.1600,52.1400,52.1400,11900
1469811059,52.1450,52.1500,52.1400,52.1500,3400
1469811112,52.1450,52.1500,52.1400,52.1490,3800
1469811173,52.1500,52.1600,52.1500,52.1500,4200
1469811238,52.1500,52.1550,52.1400,52.1550,6900
1469811298,52.1500,52.1600,52.1400,52.1400,16700
1469811359,52.1700,52.1800,52.1500,52.1500,52000
1469811415,52.1550,52.1750,52.1550,52.1700,4600
1469811475,52.1650,52.1700,52.1550,52.1600,6000
1469811538,52.1700,52.1700,52.1650,52.1700,5000
1469811598,52.1700,52.1800,52.1600,52.1600,3600
1469811655,52.1800,52.1800,52.1700,52.1800,3600
1469811719,52.1600,52.1800,52.1600,52.1790,6900
1469811773,52.1600,52.1600,52.1500,52.1600,94900
1469811838,52.1600,52.1600,52.1500,52.1500,1500
1469811840,52.1600,52.1700,52.1500,52.1600,11000
1469811943,52.1700,52.1700,52.1550,52.1600,17800
1469812014,52.1750,52.1800,52.1600,52.1600,16600
1469812078,52.1700,52.1700,52.1650,52.1700,13500
1469812139,52.1690,52.1800,52.1600,52.1700,6600
1469812195,52.1538,52.1700,52.1538,52.1700,3500
1469812201,52.1650,52.1700,52.1500,52.1500,12200
1469812317,52.1550,52.1700,52.1550,52.1700,14100
1469812376,52.1400,52.1550,52.1400,52.1500,5100
1469812438,52.1371,52.1500,52.1350,52.1400,5300
1469812441,52.1500,52.1600,52.1400,52.1400,12900
1469812558,52.1600,52.1600,52.1500,52.1500,1600
1469812619,52.1400,52.1600,52.1400,52.1600,5700
1469812623,52.1200,52.1400,52.1200,52.1400,6400
1469812736,52.1200,52.1300,52.1200,52.1300,3200
1469812794,52.1300,52.1301,52.1200,52.1300,9300
1469812859,52.1400,52.1400,52.1200,52.1250,8600
1469812916,52.1450,52.1450,52.1350,52.1400,11300
1469812978,52.1500,52.1500,52.1400,52.1500,1400
1469813034,52.1450,52.1600,52.1400,52.1500,7100
1469813098,52.1600,52.1600,52.1400,52.1500,12200
1469813151,52.1700,52.1700,52.1600,52.1600,2500
1469813216,52.1500,52.1700,52.1500,52.1700,4300
1469813221,52.1600,52.1700,52.1550,52.1600,6600
1469813338,52.1600,52.1800,52.1500,52.1500,34900
1469813398,52.1700,52.1700,52.1600,52.1600,2200
1469813458,52.1500,52.1700,52.1500,52.1700,8000
1469813469,52.1400,52.1600,52.1400,52.1600,5600
1469813579,52.1300,52.1300,52.1200,52.1300,4100
1469813639,52.1200,52.1300,52.1100,52.1200,7400
1469813699,52.1301,52.1400,52.1100,52.1100,7500
1469813709,52.1300,52.1400,52.1300,52.1400,1800
1469813819,52.1310,52.1400,52.1300,52.1300,2600
1469813822,52.1350,52.1400,52.1300,52.1300,2000
1469813932,52.1400,52.1400,52.1250,52.1400,7100
1469813943,52.1300,52.1400,52.1200,52.1300,4200
1469814053,52.1100,52.1300,52.1100,52.1226,4200
1469814115,52.1100,52.1200,52.1000,52.1100,8700
1469814123,52.0900,52.1100,52.0900,52.1000,6900
1469814182,52.1066,52.1100,52.0900,52.1000,11500
1469814299,52.1100,52.1100,52.1000,52.1100,1800
1469814355,52.1150,52.1200,52.1050,52.1100,5200
1469814418,52.1200,52.1200,52.1150,52.1200,1800
1469814477,52.1100,52.1200,52.1050,52.1150,14400
1469814534,52.1100,52.1100,52.1000,52.1100,3100
1469814586,52.1300,52.1300,52.1050,52.1100,3700
1469814600,52.1400,52.1400,52.1250,52.1300,5000
1469814717,52.1500,52.1500,52.1400,52.1400,23800
1469814778,52.1400,52.1500,52.1373,52.1450,23700
1469814836,52.1400,52.1500,52.1350,52.1500,7400
1469814851,52.1400,52.1500,52.1400,52.1500,3200
1469814953,52.1600,52.1600,52.1400,52.1500,7500
1469815018,52.1700,52.1700,52.1500,52.1600,3400
1469815078,52.1400,52.1700,52.1400,52.1600,16000
1469815138,52.1450,52.1500,52.1400,52.1500,2600
1469815195,52.1400,52.1500,52.1400,52.1400,4600
1469815254,52.1400,52.1500,52.1300,52.1500,6600
1469815295,52.1300,52.1400,52.1235,52.1300,6500
1469815374,52.1500,52.1500,52.1300,52.1400,5200
1469815438,52.1300,52.1500,52.1300,52.1450,8300
1469815498,52.1250,52.1400,52.1250,52.1300,4000
1469815556,52.1200,52.1400,52.1200,52.1300,9400
1469815560,52.1450,52.1450,52.1200,52.1200,8900
1469815663,52.1600,52.1600,52.1450,52.1500,7600
1469815737,52.1700,52.1700,52.1600,52.1700,3500
1469815794,52.1600,52.1700,52.1600,52.1650,2800
1469815804,52.1661,52.1800,52.1510,52.1700,60100
1469815911,52.1900,52.1900,52.1650,52.1700,5600
1469815973,52.1900,52.1900,52.1800,52.1900,3000
1469816021,52.2000,52.2000,52.1800,52.1800,20100
1469816095,52.1850,52.2000,52.1800,52.1945,9300
1469816145,52.1800,52.1801,52.1700,52.1800,5600
1469816215,52.1750,52.1800,52.1700,52.1800,6000
1469816220,52.1800,52.1850,52.1734,52.1750,8000
1469816339,52.1800,52.1899,52.1800,52.1899,1400
1469816389,52.1800,52.1850,52.1750,52.1800,6000
1469816403,52.1700,52.1800,52.1645,52.1800,6600
1469816513,52.1800,52.1800,52.1625,52.1650,6100
1469816520,52.1800,52.1800,52.1700,52.1800,2600
1469816639,52.1800,52.1900,52.1800,52.1800,6500
1469816696,52.1900,52.1900,52.1750,52.1900,17500
1469816756,52.2001,52.2001,52.1900,52.1950,13000
1469816817,52.2025,52.2150,52.2000,52.2050,18400
1469816872,52.2050,52.2100,52.2000,52.2100,2700
1469816937,52.2100,52.2200,52.2100,52.2100,11800
1469816993,52.2100,52.2100,52.2000,52.2100,3000
1469817056,52.2000,52.2050,52.2000,52.2050,2800
1469817116,52.2000,52.2050,52.2000,52.2000,2700
1469817122,52.1800,52.2050,52.1800,52.2050,14400
1469817180,52.1700,52.1800,52.1700,52.1800,6600
1469817298,52.1500,52.1800,52.1500,52.1800,6600
1469817358,52.1400,52.1600,52.1400,52.1500,7700
1469817417,52.1400,52.1500,52.1400,52.1500,5300
1469817427,52.1350,52.1500,52.1300,52.1400,9400
1469817539,52.1300,52.1400,52.1200,52.1400,9400
1469817599,52.1550,52.1600,52.1100,52.1250,101100
1469817606,52.1500,52.1550,52.1410,52.1500,9500
1469817719,52.1550,52.1600,52.1425,52.1500,14700
1469817773,52.1500,52.1600,52.1500,52.1500,3700
1469817837,52.1500,52.1600,52.1500,52.1500,6600
1469817893,52.1400,52.1548,52.1300,52.1548,16700
1469817911,52.1200,52.1390,52.1200,52.1300,5100
1469818016,52.1200,52.1268,52.1200,52.1268,5000
1469818078,52.1400,52.1400,52.1200,52.1200,8200
1469818136,52.1400,52.1400,52.1300,52.1350,9400
1469818199,52.1400,52.1400,52.1325,52.1400,5100
1469818205,52.1400,52.1400,52.1350,52.1350,7500
1469818262,52.1400,52.1450,52.1300,52.1450,9400
1469818369,52.1500,52.1500,52.1350,52.1350,7300
1469818380,52.1700,52.1700,52.1400,52.1400,20100
1469818499,52.1650,52.1700,52.1600,52.1650,2300
1469818507,52.1500,52.1650,52.1500,52.1650,13500
1469818617,52.1300,52.1500,52.1300,52.1400,8500
1469818620,52.1450,52.1500,52.1300,52.1400,12000
1469818739,52.1444,52.1600,52.1400,52.1500,6400
1469818799,52.1600,52.1650,52.1400,52.1450,33400
1469818858,52.1700,52.1700,52.1600,52.1600,5400
1469818918,52.1600,52.1700,52.1500,52.1650,8000
1469818978,52.1500,52.1600,52.1500,52.1500,3000
1469819030,52.1400,52.1600,52.1350,52.1550,20700
1469819096,52.1400,52.1564,52.1400,52.1400,10700
1469819157,52.1300,52.1450,52.1300,52.1450,10300
1469819216,52.1200,52.1300,52.1200,52.1300,7100
1469819276,52.1200,52.1300,52.1200,52.1250,8300
1469819284,52.1350,52.1400,52.1200,52.1257,15400
1469819395,52.1350,52.1400,52.1300,52.1400,6300
1469819459,52.1300,52.1400,52.1200,52.1400,13400
1469819513,52.1465,52.1500,52.1250,52.1250,16700
1469819520,52.1550,52.1600,52.1400,52.1500,8200
1469819580,52.1400,52.1600,52.1400,52.1500,21400
1469819640,52.1200,52.1350,52.1150,52.1350,15700
1469819759,52.1200,52.1300,52.1100,52.1150,8300
1469819809,52.1200,52.1300,52.1200,52.1250,2400
1469819877,52.1100,52.1250,52.1100,52.1250,7300
1469819938,52.1000,52.1200,52.0925,52.1100,16200
1469819998,52.1000,52.1100,52.0950,52.1000,15500
1469820059,52.1100,52.1200,52.1000,52.1100,11500
1469820060,52.1050,52.1100,52.1025,52.1100,14100
1469820179,52.1100,52.1100,52.1000,52.1100,4000
1469820235,52.1200,52.1200,52.1025,52.1050,10000
1469820297,52.1150,52.1200,52.1150,52.1200,6200
1469820358,52.1100,52.1200,52.1100,52.1100,12600
1469820418,52.1100,52.1200,52.1100,52.1100,6400
1469820420,52.1300,52.1300,52.1150,52.1150,20000
1469820481,52.1200,52.1300,52.1200,52.1300,11700
1469820598,52.1150,52.1300,52.1000,52.1300,20300
1469820659,52.0900,52.1200,52.0800,52.1100,16100
1469820719,52.0850,52.1000,52.0800,52.0900,44800
1469820778,52.1000,52.1000,52.0800,52.0900,28600
1469820839,52.0950,52.1000,52.0925,52.1000,19800
1469820898,52.1000,52.1100,52.0950,52.0950,22400
1469820959,52.0950,52.1000,52.0900,52.1000,18300
1469821019,52.0800,52.1000,52.0700,52.0975,38900
1469821078,52.0500,52.0700,52.0400,52.0700,65800
1469821080,52.0650,52.0700,52.0500,52.0500,13000
1469821191,52.0699,52.0700,52.0600,52.0700,8100
1469821259,52.1000,52.1000,52.0700,52.0700,47500
1469821319,52.1200,52.1200,52.1000,52.1000,54600
1469821379,52.1300,52.1400,52.1150,52.1150,66100
1469821439,52.1400,52.1400,52.1250,52.1300,29900
1469821440,52.1500,52.1500,52.1350,52.1350,17100
1469821505,52.2150,52.2150,52.1700,52.1700,94400
1469821617,52.2100,52.2200,52.2100,52.2200,15500
1469821620,52.1900,52.2150,52.1800,52.2150,66200
1469821739,52.1900,52.1900,52.1800,52.1900,23900
1469821799,52.2150,52.2200,52.1900,52.1900,96200
1469821859,52.2050,52.2150,52.2000,52.2150,59000
1469821918,52.1950,52.2100,52.1900,52.2000,54200
1469821979,52.1800,52.2000,52.1800,52.1900,66600
1469822039,52.1700,52.1900,52.1700,52.1900,30400
1469822099,52.1500,52.1800,52.1500,52.1750,50300
1469822159,52.1650,52.1800,52.1500,52.1600,247800
1469822161,52.1800,52.1800,52.1600,52.1650,55000
1469822220,52.2100,52.2100,52.1800,52.1800,174600
1469822339,52.1900,52.2100,52.1800,52.2099,133600
1469822341,52.1550,52.1900,52.1300,52.1899,6035100
1469822400,52.1200,52.1200,52.1200,52.1200,0
