uri:/instrument/1.0/SNE/chartdata;type=quote;range=1d/csv
ticker:sne
Company-Name:Sony Corporation Common Stock
Exchange-Name:NYQ
unit:MIN
timezone:EDT
currency:USD
gmtoffset:-14400
previous_close:32.5000
Timestamp:1470231000,1470254400
labels:1470232800,1470236400,1470240000,1470243600,1470247200,1470250800,1470254400
values:Timestamp,close,high,low,open,volume
close:32.0600,32.3700
high:32.0650,32.3800
low:32.0500,32.3600
open:32.0600,32.3650
volume:100,58800
1470231030,32.1900,32.1900,32.1600,32.1900,22400
1470231187,32.2200,32.2400,32.2100,32.2300,24800
1470231256,32.2100,32.2186,32.2100,32.2100,1900
1470231311,32.1900,32.2100,32.1800,32.2100,1900
1470231400,32.2000,32.2000,32.2000,32.2000,100
1470231458,32.1900,32.1900,32.1900,32.1900,400
1470231490,32.1600,32.1900,32.1600,32.1900,1200
1470231555,32.1700,32.1800,32.1700,32.1700,3400
1470231636,32.2200,32.2200,32.1900,32.1900,3600
1470231668,32.1800,32.2120,32.1800,32.2120,400
1470231771,32.1300,32.1850,32.1300,32.1800,2300
1470231825,32.1500,32.1500,32.1300,32.1300,300
1470231891,32.1400,32.1500,32.1400,32.1500,200
1470231911,32.1700,32.1700,32.1400,32.1400,4300
1470231976,32.1500,32.1700,32.1460,32.1700,3400
1470232112,32.1300,32.1330,32.1300,32.1330,400
1470232191,32.1200,32.1300,32.1200,32.1200,1800
1470232247,32.0935,32.1150,32.0935,32.1150,3700
1470232262,32.0900,32.1000,32.0900,32.1000,3600
1470232365,32.1000,32.1000,32.0810,32.0900,1800
1470232402,32.0835,32.0963,32.0807,32.0963,800
1470232449,32.0900,32.0900,32.0800,32.0800,1500
1470232516,32.0800,32.0900,32.0785,32.0785,3600
1470232667,32.0708,32.0750,32.0600,32.0750,8700
1470232738,32.0600,32.0650,32.0600,32.0600,3100
1470232740,32.0600,32.0700,32.0600,32.0600,3000
1470232857,32.0600,32.0700,32.0500,32.0600,7000
1470232881,32.0700,32.0700,32.0600,32.0600,2500
1470232967,32.0700,32.0800,32.0700,32.0700,300
1470232988,32.0935,32.0950,32.0700,32.0700,1800
1470233050,32.1200,32.1200,32.0900,32.0900,2900
1470233106,32.1300,32.1300,32.1000,32.1200,16300
1470233194,32.1313,32.1313,32.1313,32.1313,100
1470233268,32.1500,32.1500,32.1300,32.1300,8200
1470233284,32.1480,32.1480,32.1450,32.1450,500
1470233374,32.1450,32.1450,32.1450,32.1450,200
1470233437,32.1401,32.1450,32.1400,32.1400,600
1470233465,32.1950,32.2000,32.1400,32.1400,8600
1470233520,32.2000,32.2000,32.2000,32.2000,100
1470233753,32.2000,32.2000,32.1950,32.1950,400
1470233792,32.1942,32.1942,32.1910,32.1910,300
1470233835,32.2000,32.2000,32.1900,32.1934,2700
1470233930,32.1900,32.1950,32.1800,32.1950,3200
1470233954,32.1610,32.1700,32.1600,32.1700,800
1470234023,32.1600,32.1600,32.1600,32.1600,500
1470234119,32.1700,32.1700,32.1700,32.1700,100
1470234159,32.1650,32.1650,32.1600,32.1601,5500
1470234262,32.1531,32.1600,32.1500,32.1600,3900
1470234350,32.1500,32.1600,32.1500,32.1600,200
1470234376,32.1500,32.1511,32.1500,32.1511,1700
1470234422,32.1500,32.1500,32.1500,32.1500,600
1470234490,32.1401,32.1490,32.1401,32.1490,700
1470234590,32.1400,32.1400,32.1400,32.1400,100
1470234600,32.0900,32.1400,32.0750,32.1400,7100
1470234696,32.0810,32.0810,32.0810,32.0810,200
1470234825,32.1100,32.1100,32.0900,32.0900,2200
1470234897,32.1400,32.1400,32.1200,32.1200,6500
1470234919,32.1350,32.1500,32.1350,32.1500,800
1470235010,32.1400,32.1400,32.1400,32.1400,100
1470235030,32.1300,32.1350,32.1300,32.1300,4200
1470235116,32.1400,32.1400,32.1400,32.1400,1400
1470235144,32.1500,32.1500,32.1500,32.1500,1200
1470235249,32.1537,32.1537,32.1500,32.1500,600
1470235283,32.1500,32.1500,32.1500,32.1500,800
1470235362,32.1599,32.1599,32.1500,32.1500,1100
1470235431,32.1500,32.1500,32.1500,32.1500,900
1470235480,32.1600,32.1600,32.1500,32.1500,1100
1470235515,32.1600,32.1600,32.1600,32.1600,500
1470235561,32.1500,32.1550,32.1500,32.1500,600
1470235632,32.1500,32.1500,32.1500,32.1500,700
1470235738,32.1550,32.1550,32.1550,32.1550,200
1470235747,32.1550,32.1550,32.1550,32.1550,200
1470235812,32.1800,32.1800,32.1600,32.1600,2000
1470235878,32.1737,32.1737,32.1737,32.1737,100
1470235966,32.1600,32.1750,32.1600,32.1700,3200
1470235981,32.1700,32.1700,32.1700,32.1700,100
1470236040,32.1600,32.1600,32.1600,32.1600,100
1470236149,32.1700,32.1700,32.1700,32.1700,2700
1470236168,32.1700,32.1700,32.1700,32.1700,2300
1470236224,32.1700,32.1800,32.1700,32.1800,2400
1470236360,32.1600,32.1650,32.1600,32.1600,2000
1470236401,32.1550,32.1700,32.1500,32.1700,7600
1470236521,32.1570,32.1570,32.1510,32.1510,3300
1470236657,32.1450,32.1500,32.1400,32.1500,5100
1470236710,32.1600,32.1600,32.1340,32.1340,6600
1470236804,32.1600,32.1600,32.1600,32.1600,1000
1470236849,32.1600,32.1600,32.1600,32.1600,1700
1470237057,32.1550,32.1650,32.1550,32.1650,3400
1470237117,32.1600,32.1700,32.1550,32.1550,2300
1470237128,32.1700,32.1790,32.1700,32.1700,2000
1470237189,32.1700,32.1700,32.1700,32.1700,1900
1470237306,32.1876,32.1900,32.1800,32.1800,2600
1470237379,32.1900,32.1900,32.1830,32.1830,1000
1470237517,32.1837,32.1837,32.1837,32.1837,100
1470237587,32.1837,32.1851,32.1800,32.1851,3500
1470237612,32.1900,32.1900,32.1900,32.1900,600
1470237737,32.2100,32.2100,32.1900,32.1900,1800
1470237835,32.2150,32.2200,32.2100,32.2100,4100
1470237879,32.2200,32.2200,32.2200,32.2200,500
1470237975,32.2236,32.2236,32.2236,32.2236,400
1470238110,32.2200,32.2250,32.2200,32.2200,4200
1470238163,32.2167,32.2167,32.2167,32.2167,500
1470238202,32.2100,32.2150,32.2100,32.2100,3100
1470238264,32.2001,32.2010,32.2001,32.2010,900
1470238355,32.2100,32.2100,32.2100,32.2100,1700
1470238394,32.2170,32.2170,32.2170,32.2170,100
1470238453,32.2200,32.2200,32.2137,32.2150,400
1470238542,32.2073,32.2125,32.2000,32.2100,4200
1470238568,32.2100,32.2100,32.2100,32.2100,700
1470238634,32.2300,32.2300,32.2200,32.2200,900
1470238683,32.2300,32.2300,32.2300,32.2300,400
1470238856,32.2200,32.2350,32.2200,32.2290,6600
1470238875,32.2100,32.2100,32.2100,32.2100,200
1470238995,32.2150,32.2150,32.2150,32.2150,200
1470239056,32.2050,32.2050,32.2000,32.2050,400
1470239200,32.1957,32.2000,32.1900,32.2000,2200
1470239222,32.2000,32.2000,32.2000,32.2000,100
1470239364,32.2000,32.2000,32.2000,32.2000,900
1470239442,32.1950,32.2035,32.1950,32.2035,2100
1470239518,32.2100,32.2100,32.2000,32.2000,1700
1470239579,32.2200,32.2200,32.2100,32.2200,300
1470239612,32.2100,32.2100,32.2100,32.2100,200
1470239655,32.2160,32.2163,32.2160,32.2163,600
1470239819,32.2300,32.2300,32.2200,32.2200,2700
1470239823,32.2300,32.2300,32.2300,32.2300,300
1470239909,32.2300,32.2300,32.2300,32.2300,100
1470239983,32.2300,32.2300,32.2300,32.2300,200
1470240081,32.2300,32.2300,32.2300,32.2300,100
1470240156,32.2300,32.2300,32.2200,32.2300,1700
1470240203,32.2300,32.2300,32.2300,32.2300,100
1470240264,32.2300,32.2300,32.2300,32.2300,100
1470240363,32.2300,32.2300,32.2300,32.2300,100
1470240599,32.2300,32.2300,32.2100,32.2250,7200
1470240624,32.2350,32.2350,32.2350,32.2350,100
1470240719,32.2400,32.2400,32.2400,32.2400,1400
1470240729,32.2400,32.2400,32.2300,32.2400,300
1470240818,32.2400,32.2400,32.2400,32.2400,100
1470240865,32.2443,32.2443,32.2443,32.2443,200
1470240957,32.2500,32.2500,32.2500,32.2500,1100
1470241001,32.2590,32.2590,32.2590,32.2590,2700
1470241062,32.2600,32.2600,32.2600,32.2600,400
1470241312,32.2400,32.2600,32.2400,32.2600,1300
1470241362,32.2400,32.2400,32.2350,32.2350,200
1470241468,32.2300,32.2310,32.2210,32.2300,2200
1470241550,32.2310,32.2310,32.2310,32.2310,2100
1470241791,32.2400,32.2400,32.2400,32.2400,1500
1470241802,32.2400,32.2400,32.2300,32.2350,700
1470241893,32.2400,32.2400,32.2400,32.2400,200
1470241920,32.2400,32.2400,32.2300,32.2300,300
1470242039,32.2400,32.2400,32.2400,32.2400,300
1470242041,32.2300,32.2400,32.2300,32.2400,700
1470242137,32.2410,32.2430,32.2400,32.2400,2100
1470242200,32.2310,32.2400,32.2310,32.2400,2000
1470242225,32.2400,32.2400,32.2400,32.2400,600
1470242295,32.2400,32.2400,32.2400,32.2400,900
1470242352,32.2500,32.2500,32.2400,32.2400,2300
1470242442,32.2500,32.2500,32.2500,32.2500,200
1470242499,32.2500,32.2500,32.2500,32.2500,400
1470242549,32.2500,32.2500,32.2500,32.2500,300
1470242580,32.2500,32.2500,32.2500,32.2500,900
1470242699,32.2600,32.2600,32.2500,32.2600,1300
1470242730,32.2600,32.2600,32.2590,32.2590,700
1470242800,32.2765,32.2765,32.2600,32.2600,3600
1470242907,32.2700,32.2700,32.2700,32.2700,800
1470243024,32.2800,32.2800,32.2800,32.2800,100
1470243087,32.2800,32.2800,32.2700,32.2735,1300
1470243151,32.2800,32.2800,32.2800,32.2800,200
1470243220,32.2800,32.2800,32.2800,32.2800,400
1470243297,32.2700,32.2800,32.2700,32.2800,600
1470243336,32.2800,32.2800,32.2736,32.2800,800
1470243370,32.2900,32.2900,32.2900,32.2900,200
1470243598,32.3000,32.3000,32.2900,32.2900,3300
1470243602,32.2900,32.2900,32.2900,32.2900,2300
1470243667,32.2800,32.2876,32.2750,32.2800,3100
1470243759,32.2832,32.2900,32.2832,32.2900,300
1470243832,32.2800,32.2800,32.2800,32.2800,200
1470243948,32.2900,32.2900,32.2800,32.2800,200
1470244005,32.2900,32.2900,32.2900,32.2900,1000
1470244033,32.3000,32.3000,32.2967,32.3000,1400
1470244099,32.3000,32.3000,32.3000,32.3000,200
1470244153,32.3000,32.3000,32.3000,32.3000,300
1470244220,32.2900,32.2900,32.2900,32.2900,4000
1470244260,32.2900,32.2900,32.2900,32.2900,300
1470244339,32.3000,32.3000,32.3000,32.3000,200
1470244430,32.2900,32.2900,32.2800,32.2900,5500
1470244499,32.2934,32.2934,32.2934,32.2934,300
1470244507,32.2900,32.2900,32.2900,32.2900,100
1470244581,32.2900,32.2900,32.2900,32.2900,200
1470244655,32.2900,32.2900,32.2900,32.2900,200
1470244736,32.2900,32.2900,32.2900,32.2900,2300
1470244743,32.2900,32.2900,32.2900,32.2900,100
1470244808,32.2900,32.2900,32.2900,32.2900,500
1470244889,32.2900,32.2900,32.2900,32.2900,200
1470245038,32.3000,32.3000,32.3000,32.3000,800
1470245059,32.3100,32.3100,32.3000,32.3000,2200
1470245184,32.3200,32.3250,32.3150,32.3200,5200
1470245220,32.3100,32.3100,32.3100,32.3100,1000
1470245293,32.2950,32.3100,32.2950,32.3100,1300
1470245358,32.2900,32.2900,32.2900,32.2900,200
1470245400,32.3000,32.3000,32.3000,32.3000,100
1470245614,32.3000,32.3100,32.3000,32.3100,500
1470245691,32.3001,32.3001,32.3000,32.3000,6100
1470245756,32.3000,32.3000,32.3000,32.3000,2300
1470245802,32.3037,32.3037,32.3037,32.3037,300
1470245904,32.3036,32.3065,32.3036,32.3065,400
1470245947,32.3000,32.3000,32.3000,32.3000,3600
1470246049,32.2900,32.2993,32.2900,32.2900,1400
1470246127,32.2900,32.2900,32.2900,32.2900,100
1470246190,32.2900,32.2900,32.2850,32.2900,4000
1470246287,32.2858,32.2858,32.2858,32.2858,100
1470246332,32.2900,32.2900,32.2900,32.2900,100
1470246536,32.2850,32.2900,32.2850,32.2890,300
1470246555,32.2900,32.2900,32.2800,32.2850,600
1470246658,32.2700,32.2900,32.2700,32.2900,3700
1470246665,32.2650,32.2700,32.2650,32.2650,1000
1470246771,32.2700,32.2700,32.2700,32.2700,400
1470246825,32.2700,32.2700,32.2700,32.2700,100
1470246882,32.2680,32.2680,32.2680,32.2680,700
1470246952,32.2658,32.2700,32.2650,32.2700,700
1470247019,32.2700,32.2700,32.2700,32.2700,500
1470247077,32.2650,32.2650,32.2631,32.2631,1100
1470247124,32.2600,32.2600,32.2600,32.2600,300
1470247293,32.2640,32.2700,32.2600,32.2600,1600
1470247365,32.2700,32.2700,32.2700,32.2700,100
1470247380,32.2600,32.2600,32.2600,32.2600,200
1470247493,32.2700,32.2700,32.2610,32.2650,1000
1470247509,32.2700,32.2700,32.2650,32.2700,11300
1470247671,32.2612,32.2700,32.2612,32.2700,2900
1470247727,32.2700,32.2700,32.2611,32.2611,1700
1470247756,32.2900,32.2900,32.2800,32.2800,1900
1470247834,32.2901,32.3000,32.2900,32.3000,1500
1470247906,32.3000,32.3000,32.3000,32.3000,100
1470247976,32.3050,32.3050,32.2950,32.3000,2400
1470247996,32.3000,32.3000,32.3000,32.3000,700
1470248041,32.3000,32.3000,32.2900,32.3000,10700
1470248127,32.3100,32.3100,32.3100,32.3100,100
1470248172,32.3000,32.3000,32.3000,32.3000,300
1470248256,32.2900,32.3000,32.2900,32.3000,5700
1470248451,32.2950,32.2950,32.2900,32.2900,2500
1470248508,32.2936,32.3000,32.2936,32.3000,400
1470248667,32.2900,32.2900,32.2900,32.2900,5800
1470248702,32.2800,32.2900,32.2800,32.2900,6100
1470248823,32.2800,32.2800,32.2800,32.2800,200
1470248921,32.2700,32.2700,32.2700,32.2700,2600
1470249017,32.2500,32.2600,32.2500,32.2600,800
1470249104,32.2500,32.2500,32.2500,32.2500,1800
1470249205,32.2600,32.2600,32.2600,32.2600,500
1470249324,32.2700,32.2700,32.2600,32.2600,1000
1470249455,32.2642,32.2642,32.2642,32.2642,200
1470249594,32.2614,32.2614,32.2614,32.2614,500
1470249641,32.2664,32.2664,32.2601,32.2636,300
1470249713,32.2700,32.2700,32.2600,32.2650,1400
1470249726,32.2700,32.2700,32.2700,32.2700,300
1470249830,32.2700,32.2800,32.2650,32.2700,3900
1470249849,32.2700,32.2700,32.2650,32.2700,4400
1470249953,32.2800,32.2800,32.2700,32.2800,300
1470249964,32.2731,32.2731,32.2731,32.2731,900
1470250021,32.2731,32.2731,32.2731,32.2731,1600
1470250096,32.2800,32.2800,32.2800,32.2800,100
1470250183,32.2773,32.2773,32.2773,32.2773,600
1470250231,32.2800,32.2800,32.2800,32.2800,100
1470250311,32.2800,32.2800,32.2800,32.2800,1000
1470250326,32.2850,32.2850,32.2800,32.2800,2000
1470250450,32.2900,32.2900,32.2900,32.2900,100
1470250558,32.2900,32.2900,32.2900,32.2900,700
1470250563,32.2900,32.2900,32.2900,32.2900,700
1470250643,32.2900,32.3000,32.2900,32.2900,2700
1470250799,32.2990,32.2990,32.2900,32.2900,1100
1470250802,32.2900,32.3000,32.2900,32.3000,400
1470250863,32.2910,32.3000,32.2900,32.3000,400
1470250932,32.3000,32.3000,32.2950,32.3000,9700
1470251023,32.3070,32.3070,32.3070,32.3070,300
1470251095,32.3000,32.3000,32.3000,32.3000,58800
1470251131,32.3100,32.3100,32.3100,32.3100,100
1470251210,32.3000,32.3000,32.3000,32.3000,200
1470251273,32.3090,32.3090,32.3090,32.3090,200
1470251336,32.3100,32.3200,32.3100,32.3100,1500
1470251341,32.3103,32.3200,32.3100,32.3100,2800
1470251407,32.3117,32.3117,32.3117,32.3117,1300
1470251474,32.3250,32.3250,32.3200,32.3200,1300
1470251571,32.3210,32.3210,32.3200,32.3200,600
1470251691,32.3300,32.3300,32.3230,32.3230,600
1470251721,32.3300,32.3400,32.3250,32.3300,6300
1470251805,32.3363,32.3364,32.3363,32.3364,300
1470251877,32.3200,32.3300,32.3200,32.3300,3700
1470251898,32.3290,32.3290,32.3290,32.3290,100
1470251976,32.3200,32.3200,32.3200,32.3200,200
1470252034,32.3200,32.3200,32.3150,32.3200,3900
1470252063,32.3300,32.3300,32.3300,32.3300,100
1470252153,32.3363,32.3400,32.3300,32.3300,700
1470252214,32.3500,32.3500,32.3344,32.3344,1000
1470252297,32.3500,32.3500,32.3500,32.3500,100
1470252310,32.3600,32.3600,32.3500,32.3500,1300
1470252403,32.3500,32.3500,32.3500,32.3500,100
1470252447,32.3700,32.3700,32.3550,32.3590,11200
1470252615,32.3600,32.3650,32.3550,32.3650,5300
1470252696,32.3501,32.3501,32.3500,32.3500,700
1470252756,32.3331,32.3500,32.3331,32.3500,3800
1470252828,32.3400,32.3400,32.3400,32.3400,100
1470252844,32.3400,32.3400,32.3300,32.3310,500
1470252968,32.3318,32.3318,32.3300,32.3300,600
1470253077,32.3250,32.3400,32.3250,32.3400,8000
1470253130,32.3250,32.3300,32.3250,32.3250,900
1470253195,32.3150,32.3300,32.3150,32.3200,13400
1470253253,32.3100,32.3150,32.3100,32.3150,1700
1470253310,32.3199,32.3199,32.3100,32.3100,300
1470253366,32.3000,32.3100,32.3000,32.3100,4800
1470253389,32.2900,32.3050,32.2899,32.3050,11000
1470253453,32.2900,32.2900,32.2900,32.2900,100
1470253557,32.3150,32.3150,32.2850,32.2850,10000
1470253561,32.3200,32.3200,32.3150,32.3150,1500
1470253620,32.3300,32.3300,32.3250,32.3250,1600
1470253732,32.3300,32.3300,32.3250,32.3300,1000
1470253799,32.3300,32.3300,32.3200,32.3250,2700
1470253800,32.3300,32.3400,32.3200,32.3300,6600
1470253909,32.3400,32.3400,32.3300,32.3400,2500
1470253978,32.3199,32.3400,32.3100,32.3300,12200
1470254032,32.3100,32.3150,32.3100,32.3100,1900
1470254091,32.3100,32.3190,32.3100,32.3100,900
1470254158,32.3390,32.3400,32.3100,32.3200,10500
1470254215,32.3400,32.3400,32.3300,32.3300,7700
1470254275,32.3600,32.3600,32.3400,32.3400,4900
1470254280,32.3700,32.3800,32.3600,32.3600,8200
1470254347,32.3600,32.3700,32.3600,32.3650,12700
1470254400,32.3600,32.3600,32.3600,32.3600,300
