uri:/instrument/1.0/PRGO/chartdata;type=quote;range=1d/csv
ticker:prgo
Company-Name:Perrigo Company plc Ordinary Sh
Exchange-Name:NYQ
unit:MIN
timezone:EDT
currency:USD
gmtoffset:-14400
previous_close:91.3900
Timestamp:1470058200,1470081600
labels:1470060000,1470063600,1470067200,1470070800,1470074400,1470078000,1470081600
values:Timestamp,close,high,low,open,volume
close:90.8200,91.6300
high:90.8600,91.7100
low:90.7900,91.5300
open:90.8200,91.6450
volume:200,74400
1470058244,91.5300,91.6100,91.5200,91.5300,9300
1470058318,91.4600,91.5200,91.4600,91.5100,3300
1470058332,91.4500,91.5000,91.4500,91.4750,2100
1470058409,91.5500,91.5500,91.4300,91.4300,5100
1470058519,91.5600,91.7100,91.5240,91.5240,3400
1470058618,91.5500,91.6450,91.5100,91.6450,3300
1470058678,91.4300,91.5340,91.3900,91.5000,4800
1470058691,91.4200,91.4700,91.3400,91.3900,4700
1470058790,91.3075,91.3900,91.2500,91.3900,4600
1470058803,91.1500,91.1700,91.1100,91.1200,11700
1470058913,91.1000,91.1600,91.0600,91.1400,3500
1470058979,91.1200,91.1400,91.0500,91.1000,5300
1470058982,91.1300,91.1500,91.1150,91.1150,3400
1470059061,91.1500,91.1700,91.1450,91.1600,2900
1470059110,91.1550,91.1550,91.1550,91.1550,200
1470059160,91.1400,91.1700,91.1300,91.1450,4500
1470059237,91.0500,91.0900,91.0500,91.0700,900
1470059281,91.0300,91.0900,91.0300,91.0500,5200
1470059397,91.0900,91.0900,91.0000,91.0000,3500
1470059409,91.1800,91.1900,91.0900,91.0900,5900
1470059500,91.2900,91.2900,91.2900,91.2900,2600
1470059576,91.2800,91.2800,91.2600,91.2700,1700
1470059582,91.2300,91.3100,91.2200,91.3028,6800
1470059640,91.4200,91.4300,91.1900,91.1900,17400
1470059732,91.3000,91.3500,91.3000,91.3500,1200
1470059768,91.3000,91.3000,91.2400,91.2900,4100
1470059871,91.2600,91.2600,91.2100,91.2500,4100
1470059919,91.3100,91.3200,91.2850,91.3100,700
1470059940,91.3400,91.3500,91.3100,91.3500,3400
1470060008,91.2800,91.2800,91.2200,91.2400,6900
1470060062,91.3000,91.3000,91.2000,91.2200,8500
1470060138,91.3700,91.3700,91.2750,91.2750,10200
1470060182,91.3500,91.3700,91.3350,91.3500,8700
1470060249,91.3500,91.3900,91.3300,91.3650,6400
1470060357,91.3460,91.3700,91.3150,91.3150,2000
1470060369,91.3700,91.3800,91.3300,91.3500,3600
1470060474,91.3800,91.4200,91.3700,91.3800,18800
1470060482,91.4800,91.4800,91.3700,91.3700,4900
1470060599,91.5100,91.5400,91.4900,91.5200,35000
1470060659,91.4600,91.5900,91.4200,91.5150,53200
1470060710,91.6300,91.6300,91.4600,91.4900,10100
1470060721,91.5200,91.5900,91.4800,91.5900,7700
1470060783,91.5050,91.5300,91.4900,91.4900,1300
1470060843,91.4000,91.4700,91.4000,91.4700,1300
1470060904,91.3100,91.3700,91.3100,91.3500,1800
1470060961,91.2950,91.3322,91.2600,91.3000,4800
1470061077,91.4400,91.4400,91.3100,91.3200,5300
1470061130,91.3600,91.5100,91.3600,91.4900,7100
1470061147,91.4800,91.4800,91.3800,91.3800,1500
1470061259,91.4900,91.5100,91.4600,91.4650,5900
1470061300,91.4700,91.5000,91.4500,91.4900,8000
1470061378,91.5000,91.5000,91.4300,91.4300,5800
1470061381,91.4700,91.5000,91.4400,91.4800,9300
1470061477,91.3900,91.4100,91.3900,91.4100,2100
1470061557,91.4800,91.4800,91.4000,91.4100,2400
1470061615,91.4600,91.5000,91.4600,91.4800,10900
1470061663,91.4500,91.4600,91.4500,91.4600,1200
1470061683,91.4000,91.4500,91.4000,91.4500,1300
1470061798,91.5000,91.5000,91.4200,91.4200,4300
1470061800,91.4846,91.5100,91.4800,91.5100,4200
1470061905,91.4400,91.4805,91.4100,91.4805,3000
1470061935,91.4700,91.4800,91.4650,91.4800,1600
1470062035,91.4700,91.4800,91.4450,91.4700,1600
1470062099,91.4500,91.4900,91.4500,91.4700,2700
1470062104,91.4700,91.5000,91.4400,91.4400,3700
1470062175,91.4600,91.4600,91.4600,91.4600,700
1470062233,91.3638,91.4000,91.3300,91.4000,5900
1470062328,91.3500,91.3900,91.3500,91.3800,2000
1470062379,91.3100,91.3600,91.2900,91.3550,3000
1470062407,91.3700,91.3700,91.3400,91.3400,1600
1470062519,91.3800,91.4200,91.3800,91.3800,3600
1470062563,91.3450,91.3900,91.3300,91.3600,3500
1470062596,91.3600,91.3600,91.2900,91.3000,4300
1470062757,91.3000,91.3600,91.3000,91.3600,1300
1470062817,91.3300,91.3300,91.2800,91.2800,2600
1470062828,91.4600,91.4600,91.3600,91.3600,1700
1470062990,91.3150,91.3900,91.2800,91.3700,3200
1470063046,91.4200,91.4200,91.3400,91.3500,600
1470063070,91.4200,91.4200,91.3900,91.4000,1300
1470063148,91.4100,91.4100,91.3300,91.3500,4600
1470063282,91.3700,91.3700,91.3700,91.3700,1500
1470063358,91.3700,91.4000,91.3700,91.4000,5800
1470063418,91.3100,91.3900,91.3100,91.3800,2400
1470063478,91.3400,91.3700,91.3400,91.3400,800
1470063482,91.3650,91.3650,91.3650,91.3650,300
1470063598,91.4400,91.4400,91.3800,91.3800,6600
1470063600,91.4400,91.5550,91.4400,91.4400,20400
1470063717,91.3700,91.4750,91.3400,91.4300,4200
1470063724,91.3400,91.3800,91.3400,91.3500,1400
1470063888,91.4350,91.4400,91.3550,91.3550,4400
1470063910,91.4900,91.4900,91.4000,91.4300,2500
1470063991,91.4300,91.4900,91.4300,91.4900,1700
1470064048,91.4600,91.5000,91.4600,91.4800,2200
1470064081,91.4700,91.5500,91.4700,91.4900,4000
1470064198,91.4900,91.5000,91.4500,91.5000,1900
1470064214,91.5125,91.5200,91.4700,91.4700,8800
1470064316,91.4400,91.5200,91.4400,91.5200,9300
1470064358,91.4900,91.4900,91.4600,91.4600,4600
1470064381,91.5625,91.5625,91.5000,91.5000,3200
1470064493,91.5450,91.5700,91.5200,91.5200,4000
1470064538,91.4700,91.5500,91.4700,91.5500,700
1470064567,91.4800,91.5300,91.4800,91.5130,6800
1470064623,91.4800,91.4900,91.4500,91.4500,3500
1470064691,91.4650,91.4650,91.4650,91.4650,500
1470064793,91.5200,91.5300,91.4650,91.4900,6500
1470064856,91.5300,91.5400,91.5200,91.5200,8700
1470064919,91.5500,91.5550,91.5100,91.5400,14500
1470064920,91.5200,91.5800,91.5200,91.5700,4400
1470064992,91.5300,91.5400,91.5100,91.5300,4100
1470065054,91.5200,91.5400,91.5100,91.5100,5900
1470065159,91.5300,91.5300,91.5200,91.5300,3700
1470065162,91.5000,91.5300,91.4900,91.5200,6400
1470065279,91.4900,91.5100,91.4900,91.5050,1500
1470065281,91.5300,91.5300,91.4900,91.4900,3600
1470065344,91.4500,91.4800,91.4500,91.4800,2000
1470065459,91.4900,91.5300,91.4300,91.4300,7800
1470065506,91.4300,91.4998,91.4300,91.4998,1000
1470065525,91.4900,91.5050,91.4500,91.4500,2300
1470065604,91.4300,91.4800,91.4300,91.4700,900
1470065698,91.4300,91.4400,91.3900,91.4100,2000
1470065755,91.4700,91.4900,91.4400,91.4500,2600
1470065818,91.4800,91.5000,91.4500,91.4750,1200
1470065839,91.4500,91.5200,91.4500,91.4600,3500
1470065891,91.4000,91.4400,91.4000,91.4200,1500
1470065983,91.3500,91.4000,91.3500,91.4000,600
1470066044,91.2800,91.3500,91.2800,91.3500,1000
1470066062,91.2800,91.2800,91.2800,91.2800,800
1470066129,91.2700,91.2800,91.2300,91.2700,1400
1470066192,91.2150,91.2300,91.1800,91.2300,1000
1470066291,91.1400,91.1500,91.1300,91.1300,700
1470066343,91.0800,91.0800,91.0500,91.0500,800
1470066370,91.0800,91.1500,91.0800,91.0850,3100
1470066473,91.0300,91.0850,91.0300,91.0700,900
1470066481,91.1000,91.1100,91.0500,91.0900,2800
1470066541,91.0700,91.1200,91.0600,91.1000,1800
1470066612,90.8200,91.0300,90.7900,91.0200,19200
1470066660,90.8700,90.9100,90.8600,90.9100,1200
1470066777,90.8950,90.9300,90.8600,90.8700,3100
1470066790,90.9300,90.9300,90.9000,90.9100,3900
1470066843,91.0300,91.0300,90.9150,90.9300,3500
1470066921,91.0200,91.0500,91.0000,91.0300,2400
1470067025,90.9900,91.0400,90.9900,91.0150,600
1470067138,91.1100,91.1100,91.0000,91.0000,6400
1470067140,91.1600,91.1650,91.1250,91.1400,3700
1470067201,91.2450,91.2450,91.1700,91.1700,2200
1470067264,91.2200,91.2600,91.2200,91.2400,3400
1470067348,91.3000,91.3000,91.2800,91.2800,500
1470067438,91.2900,91.3300,91.2900,91.3100,2800
1470067453,91.4000,91.4000,91.3400,91.3850,2600
1470067555,91.3900,91.4200,91.3700,91.3900,3600
1470067614,91.3500,91.3900,91.3400,91.3750,2900
1470067632,91.4100,91.4100,91.3500,91.3500,1800
1470067682,91.3200,91.4000,91.2700,91.3700,2500
1470067788,91.2650,91.2800,91.2300,91.2300,1500
1470067813,91.2800,91.2800,91.2300,91.2400,3000
1470067916,91.3300,91.3300,91.2900,91.2900,4500
1470067968,91.3100,91.3100,91.2700,91.3000,900
1470068037,91.2450,91.3100,91.2300,91.2901,3600
1470068044,91.1100,91.1900,91.1100,91.1900,3000
1470068107,91.1000,91.1400,91.0600,91.1400,2100
1470068210,91.0650,91.1300,91.0600,91.1291,2200
1470068244,91.1550,91.1720,91.1300,91.1600,2700
1470068283,91.2200,91.2300,91.0900,91.1300,4600
1470068383,91.2100,91.2300,91.2100,91.2100,1000
1470068445,91.1650,91.2100,91.1650,91.2000,3800
1470068506,91.2200,91.2400,91.1700,91.2300,5800
1470068572,91.2300,91.2400,91.1800,91.2200,4600
1470068583,91.2800,91.2800,91.2300,91.2300,1500
1470068653,91.2400,91.2750,91.1700,91.2600,6000
1470068752,91.2050,91.2300,91.1900,91.2050,2100
1470068772,91.1600,91.2050,91.1300,91.1800,2800
1470068871,91.1700,91.1700,91.1150,91.1400,1200
1470068881,91.1800,91.1850,91.1500,91.1700,2400
1470068944,91.2500,91.2500,91.2000,91.2000,800
1470069047,91.2200,91.2600,91.2200,91.2600,2200
1470069113,91.2300,91.2600,91.1900,91.2200,1800
1470069161,91.1550,91.2400,91.1550,91.2300,2400
1470069184,91.1300,91.1500,91.0900,91.1300,2100
1470069242,91.0580,91.1000,91.0400,91.1000,2000
1470069355,91.0400,91.0400,90.9900,91.0300,2200
1470069388,91.0300,91.0300,91.0300,91.0300,600
1470069423,91.0900,91.1100,91.0200,91.0200,2500
1470069503,91.1300,91.1300,91.0800,91.0800,1300
1470069595,91.1700,91.2200,91.1600,91.1700,3900
1470069613,91.0800,91.1600,91.0800,91.1400,500
1470069696,91.1300,91.1350,91.0700,91.0800,2500
1470069779,91.0600,91.1200,91.0600,91.1200,1300
1470069795,91.0600,91.0800,91.0600,91.0600,1000
1470069893,91.0800,91.0900,91.0000,91.0400,2600
1470069907,91.0300,91.1000,91.0300,91.0800,1100
1470070019,91.1000,91.1000,91.0300,91.0300,1500
1470070044,91.0900,91.1400,91.0800,91.0800,1100
1470070099,91.0700,91.0700,91.0600,91.0700,600
1470070167,91.0200,91.0500,91.0200,91.0400,1100
1470070259,90.9500,91.0000,90.9500,90.9900,2900
1470070305,90.9050,90.9600,90.9000,90.9400,1300
1470070322,90.9400,90.9750,90.8800,90.8800,3800
1470070388,90.8900,90.9200,90.8800,90.9200,1200
1470070441,90.8700,90.9200,90.8700,90.9000,3800
1470070558,90.8500,90.8700,90.8300,90.8700,1800
1470070560,90.8400,90.8701,90.8200,90.8700,3100
1470070624,90.8800,90.9150,90.8300,90.8300,3300
1470070684,90.8200,90.8600,90.8128,90.8600,1700
1470070741,90.8600,90.8900,90.8200,90.8200,3700
1470070809,90.9400,90.9400,90.8600,90.8600,1600
1470070913,90.9725,91.0200,90.9500,90.9900,2000
1470070968,90.9400,90.9600,90.9400,90.9600,900
1470070993,90.9400,90.9400,90.9400,90.9400,1300
1470071048,90.8900,90.9300,90.8800,90.9300,1300
1470071149,90.9500,90.9500,90.8900,90.8900,1300
1470071212,90.9600,90.9700,90.9200,90.9300,1600
1470071223,90.9750,90.9750,90.9300,90.9700,1100
1470071329,90.9900,91.0100,90.9600,90.9600,1300
1470071392,91.0400,91.0700,90.9900,91.0100,1900
1470071405,90.9500,91.0600,90.9500,91.0600,2600
1470071518,90.9400,90.9750,90.9400,90.9750,700
1470071573,90.9200,90.9800,90.9200,90.9800,1200
1470071596,90.9400,90.9700,90.9400,90.9700,1200
1470071689,91.0500,91.0600,90.9500,90.9500,2800
1470071704,91.0750,91.0900,91.0400,91.0600,6800
1470071807,91.1501,91.1800,91.0400,91.0900,4500
1470071866,91.2200,91.2400,91.1900,91.1900,600
1470071907,91.2248,91.2248,91.2000,91.2000,2400
1470071984,91.2800,91.2800,91.2200,91.2200,1600
1470072005,91.3600,91.3600,91.3100,91.3100,5300
1470072111,91.4400,91.4400,91.3700,91.3700,1900
1470072131,91.5000,91.5100,91.4300,91.4300,6800
1470072237,91.5000,91.5100,91.5000,91.5100,1500
1470072286,91.4950,91.5009,91.4800,91.5000,900
1470072304,91.4700,91.5200,91.4700,91.5000,5400
1470072418,91.4850,91.4850,91.4791,91.4791,600
1470072468,91.4700,91.4850,91.4700,91.4700,2800
1470072538,91.4100,91.4800,91.4100,91.4800,13400
1470072597,91.4800,91.4800,91.4000,91.4100,2900
1470072659,91.4700,91.5000,91.4500,91.4800,15900
1470072709,91.3900,91.4900,91.3900,91.4800,2000
1470072778,91.3200,91.4000,91.3000,91.3900,2600
1470072836,91.3450,91.3700,91.3400,91.3450,1100
1470072894,91.3300,91.3425,91.3000,91.3300,1000
1470072959,91.4100,91.4100,91.3000,91.3000,1900
1470072974,91.4100,91.4300,91.3800,91.3800,1700
1470073042,91.3800,91.4050,91.3700,91.3900,1300
1470073086,91.3800,91.4000,91.3100,91.3800,3300
1470073197,91.4300,91.4500,91.4100,91.4300,900
1470073218,91.3800,91.4200,91.3800,91.3900,800
1470073314,91.3000,91.3600,91.3000,91.3000,1000
1470073368,91.3400,91.3600,91.3000,91.3490,2000
1470073420,91.4300,91.4300,91.3550,91.3800,3300
1470073453,91.4700,91.4800,91.4100,91.4200,1200
1470073551,91.4400,91.4700,91.3900,91.4400,2600
1470073607,91.4300,91.4300,91.4000,91.4300,1300
1470073624,91.4400,91.4400,91.3600,91.4000,2600
1470073683,91.4150,91.4400,91.3900,91.3900,1000
1470073753,91.4300,91.4300,91.3900,91.4100,700
1470073834,91.3800,91.3900,91.3500,91.3900,600
1470073914,91.3850,91.4000,91.3600,91.3600,1100
1470073973,91.4100,91.4100,91.3750,91.3750,1700
1470074020,91.3300,91.4060,91.3300,91.3900,1500
1470074099,91.3350,91.3400,91.3200,91.3400,900
1470074149,91.3500,91.3500,91.3000,91.3200,1500
1470074219,91.3800,91.3800,91.3400,91.3400,2400
1470074222,91.3650,91.3800,91.3500,91.3800,1400
1470074329,91.3900,91.3900,91.3500,91.3500,1100
1470074345,91.4900,91.5050,91.4700,91.4700,2400
1470074411,91.5400,91.5500,91.5300,91.5300,1800
1470074519,91.5050,91.5400,91.4900,91.5400,2000
1470074570,91.5000,91.5000,91.4700,91.5000,23200
1470074580,91.4700,91.5100,91.4700,91.4900,11200
1470074686,91.5000,91.5000,91.5000,91.5000,600
1470074759,91.4900,91.5000,91.4900,91.4950,8700
1470074764,91.5550,91.5600,91.4891,91.4900,34200
1470074878,91.5100,91.5600,91.5000,91.5300,9800
1470074884,91.4000,91.5200,91.4000,91.5000,1800
1470074980,91.3700,91.4200,91.3700,91.4200,1000
1470075059,91.3100,91.3500,91.3000,91.3500,5800
1470075114,91.4000,91.4000,91.3700,91.3800,2600
1470075179,91.4500,91.4500,91.3700,91.3800,1800
1470075184,91.4500,91.4800,91.4350,91.4350,2300
1470075269,91.4450,91.4450,91.4200,91.4300,300
1470075358,91.4500,91.4900,91.4200,91.4200,2500
1470075404,91.4150,91.4700,91.4000,91.4700,2200
1470075479,91.3800,91.4100,91.3800,91.4000,2000
1470075480,91.3700,91.4000,91.3550,91.4000,1200
1470075588,91.4200,91.4300,91.3400,91.3400,1400
1470075600,91.4100,91.4700,91.4100,91.4500,2300
1470075719,91.4500,91.4500,91.4100,91.4200,900
1470075730,91.3700,91.4500,91.3700,91.4500,1800
1470075835,91.4100,91.4300,91.3950,91.4000,1900
1470075894,91.4400,91.4600,91.3950,91.3950,2800
1470075949,91.4900,91.4900,91.4550,91.4700,1700
1470075964,91.4700,91.5000,91.4600,91.4900,7000
1470076067,91.4550,91.4550,91.4500,91.4500,1100
1470076084,91.4200,91.4550,91.4200,91.4400,1100
1470076193,91.3500,91.4100,91.3400,91.4000,1600
1470076253,91.3800,91.3800,91.3400,91.3400,600
1470076310,91.3550,91.3600,91.3350,91.3600,2300
1470076375,91.3850,91.3850,91.3300,91.3400,2400
1470076408,91.4300,91.4400,91.4100,91.4200,2000
1470076457,91.3900,91.4100,91.3600,91.4100,1100
1470076554,91.4100,91.4100,91.3600,91.3600,1100
1470076618,91.3600,91.4000,91.3600,91.3600,1000
1470076620,91.4400,91.4700,91.3700,91.3700,1800
1470076697,91.4600,91.4600,91.4200,91.4300,1200
1470076798,91.4310,91.4600,91.4300,91.4300,2300
1470076818,91.4100,91.4400,91.4100,91.4300,1200
1470076873,91.4700,91.4700,91.3800,91.3800,3900
1470076979,91.4700,91.5000,91.4500,91.4700,2200
1470076980,91.4450,91.5100,91.4200,91.5100,1400
1470077093,91.4300,91.4300,91.4000,91.4000,1000
1470077102,91.4100,91.4400,91.3700,91.4400,1300
1470077164,91.4400,91.4400,91.3900,91.4300,3300
1470077223,91.4500,91.5000,91.4400,91.4400,11700
1470077324,91.4700,91.4750,91.4650,91.4700,900
1470077398,91.4500,91.4900,91.4500,91.4650,7700
1470077413,91.4200,91.4700,91.4200,91.4700,4800
1470077478,91.4000,91.4500,91.4000,91.4200,1600
1470077539,91.4550,91.4700,91.3700,91.3700,2900
1470077621,91.4300,91.4700,91.4300,91.4500,1300
1470077692,91.4500,91.4500,91.4000,91.4200,2700
1470077704,91.4300,91.4500,91.4100,91.4500,3700
1470077813,91.4300,91.4500,91.4100,91.4300,1000
1470077822,91.3900,91.4400,91.3800,91.4100,2000
1470077885,91.3300,91.3850,91.3300,91.3800,1700
1470077944,91.3450,91.3600,91.3300,91.3368,2500
1470078059,91.3000,91.3450,91.3000,91.3450,2800
1470078069,91.3000,91.3200,91.3000,91.3000,5500
1470078168,91.2950,91.3100,91.2950,91.3000,2300
1470078181,91.2550,91.3100,91.2500,91.2950,3900
1470078298,91.2600,91.2600,91.1900,91.2100,5300
1470078329,91.2500,91.2600,91.2500,91.2500,1100
1470078360,91.2500,91.2600,91.2300,91.2300,3100
1470078426,91.2100,91.2400,91.2100,91.2250,2100
1470078518,91.1700,91.2000,91.1700,91.1700,1800
1470078543,91.1200,91.1750,91.1000,91.1700,3800
1470078648,91.1200,91.1600,91.0800,91.1200,2900
1470078719,91.1800,91.2100,91.1250,91.1250,4000
1470078726,91.1800,91.2300,91.1500,91.2100,3300
1470078790,91.2300,91.2300,91.1700,91.2000,2500
1470078899,91.1600,91.2500,91.1600,91.2000,3900
1470078927,91.1650,91.2000,91.1500,91.1800,3600
1470078960,91.1500,91.1800,91.1500,91.1800,2900
1470079027,91.0300,91.1600,91.0300,91.1600,3900
1470079136,91.0200,91.0700,91.0000,91.0400,2100
1470079148,91.0300,91.0700,91.0000,91.0100,3900
1470079256,91.0300,91.0300,90.9700,90.9900,3600
1470079265,90.9400,91.0200,90.9400,91.0197,3100
1470079330,90.9700,90.9900,90.9350,90.9350,3600
1470079394,91.0000,91.0100,90.9500,90.9500,3700
1470079458,90.9800,91.0200,90.9600,90.9700,1700
1470079504,91.0300,91.0500,90.9800,90.9800,2500
1470079568,91.1300,91.1300,91.0400,91.0400,3400
1470079638,91.2000,91.2600,91.1100,91.1100,3200
1470079726,91.1800,91.2000,91.1500,91.1600,1500
1470079743,91.1000,91.1700,91.0600,91.1500,2000
1470079856,91.1800,91.1800,91.0800,91.0900,2800
1470079860,91.2400,91.2600,91.2000,91.2000,2800
1470079971,91.2750,91.2900,91.2450,91.2450,3800
1470080038,91.2400,91.2800,91.2300,91.2600,1700
1470080049,91.2100,91.2600,91.2100,91.2300,2100
1470080118,91.1900,91.2300,91.1400,91.2000,3900
1470080214,91.1900,91.2400,91.1850,91.2000,13200
1470080278,91.2400,91.2400,91.1900,91.1900,3500
1470080339,91.2700,91.2900,91.2100,91.2300,5400
1470080353,91.2600,91.2800,91.2100,91.2100,4300
1470080453,91.2550,91.2800,91.2400,91.2650,4500
1470080464,91.3100,91.3300,91.2500,91.2899,13700
1470080574,91.3200,91.3500,91.3200,91.3300,5000
1470080583,91.3200,91.3400,91.3000,91.3200,3700
1470080683,91.3450,91.3700,91.3200,91.3400,5800
1470080700,91.2700,91.3500,91.2300,91.3400,16900
1470080764,91.2350,91.3000,91.2100,91.2600,9500
1470080834,91.1400,91.2150,91.1400,91.2100,6900
1470080938,91.1200,91.1700,91.1200,91.1700,8900
1470080944,91.1850,91.2100,91.1200,91.1200,10800
1470081002,91.1300,91.2000,91.1100,91.1800,17800
1470081079,91.1900,91.1900,91.1400,91.1400,17400
1470081124,91.0850,91.1900,91.0700,91.1800,8800
1470081182,91.0700,91.1100,91.0400,91.0800,11100
1470081251,91.0700,91.1000,91.0600,91.0700,14800
1470081319,91.0800,91.1400,91.0800,91.1400,7000
1470081418,91.0100,91.0600,90.9900,91.0600,14200
1470081479,90.9750,91.0100,90.9600,91.0100,16800
1470081480,91.0025,91.0300,90.9750,90.9750,17900
1470081540,91.0700,91.0700,90.9900,91.0100,32100
1470081600,91.1000,91.1000,91.1000,91.1000,74400
