uri:/instrument/1.0/SCHB/chartdata;type=quote;range=1d/csv
ticker:schb
Company-Name:Schwab U.S. Broad Market ETF
Exchange-Name:PCX
unit:MIN
timezone:EDT
currency:USD
gmtoffset:-14400
previous_close:52.5200
Timestamp:1470663000,1470686400
labels:1470664800,1470668400,1470672000,1470675600,1470679200,1470682800,1470686400
values:Timestamp,close,high,low,open,volume
close:52.4320,52.6100
high:52.4320,52.6300
low:52.4300,52.6074
open:52.4300,52.6200
volume:0,44000
1470663128,52.5590,52.5590,52.5590,52.5590,44000
1470663248,52.5600,52.6000,52.5600,52.6000,3900
1470663322,52.6100,52.6100,52.6000,52.6000,2500
1470663464,52.6000,52.6116,52.6000,52.6116,300
1470663504,52.6074,52.6074,52.6074,52.6074,1000
1470663603,52.5851,52.5851,52.5810,52.5851,3400
1470663896,52.6000,52.6300,52.6000,52.6200,600
1470663958,52.6000,52.6000,52.5968,52.5968,400
1470663974,52.5940,52.5940,52.5940,52.5940,100
1470664025,52.5833,52.5899,52.5833,52.5899,2600
1470664436,52.5327,52.5327,52.5300,52.5300,400
1470664458,52.5284,52.5284,52.5284,52.5284,100
1470664506,52.5500,52.5500,52.5380,52.5380,1200
1470664617,52.5574,52.5574,52.5500,52.5500,300
1470664702,52.5500,52.5510,52.5500,52.5510,700
1470664743,52.5517,52.5517,52.5517,52.5517,200
1470664805,52.5330,52.5330,52.5330,52.5330,500
1470665000,52.5210,52.5210,52.5210,52.5210,200
1470665042,52.5210,52.5210,52.5210,52.5210,400
1470665122,52.5400,52.5400,52.5213,52.5213,2400
1470665253,52.5500,52.5500,52.5500,52.5500,600
1470665287,52.5700,52.5700,52.5540,52.5600,2300
1470665342,52.5590,52.5650,52.5590,52.5617,6000
1470665431,52.5500,52.5500,52.5400,52.5400,6900
1470665502,52.5500,52.5500,52.5500,52.5500,100
1470665541,52.5500,52.5500,52.5500,52.5500,1200
1470665581,52.5400,52.5400,52.5400,52.5400,100
1470665697,52.5401,52.5401,52.5401,52.5401,300
1470665769,52.5460,52.5460,52.5310,52.5387,1000
1470665952,52.5100,52.5300,52.5100,52.5250,1900
1470666012,52.4999,52.5000,52.4999,52.5000,900
1470666071,52.4900,52.4900,52.4820,52.4820,500
1470666234,52.4700,52.4700,52.4700,52.4700,200
1470666343,52.4800,52.4800,52.4800,52.4800,2700
1470666467,52.4900,52.4900,52.4810,52.4810,500
1470666535,52.4810,52.4820,52.4810,52.4820,1600
1470666548,52.4900,52.4900,52.4800,52.4800,400
1470666686,52.5000,52.5000,52.4900,52.4900,3100
1470666816,52.5100,52.5100,52.5100,52.5100,1700
1470666892,52.5100,52.5100,52.5100,52.5100,2600
1470666974,52.5110,52.5110,52.5110,52.5110,100
1470667025,52.5100,52.5100,52.5100,52.5100,1200
1470667111,52.5000,52.5100,52.5000,52.5100,200
1470667194,52.5000,52.5000,52.5000,52.5000,4200
1470667470,52.5260,52.5260,52.5260,52.5260,400
1470667578,52.5199,52.5199,52.5199,52.5199,100
1470667636,52.5200,52.5200,52.5199,52.5199,1100
1470667726,52.5100,52.5100,52.5100,52.5100,100
1470667835,52.5070,52.5099,52.5070,52.5099,2200
1470668052,52.4986,52.4986,52.4986,52.4986,100
1470668157,52.5110,52.5150,52.5110,52.5150,2400
1470668180,52.5100,52.5140,52.5100,52.5140,500
1470668334,52.5200,52.5200,52.5200,52.5200,2600
1470668461,52.5286,52.5286,52.5286,52.5286,2600
1470668677,52.5238,52.5300,52.5238,52.5300,900
1470668700,52.5300,52.5300,52.5300,52.5300,400
1470668889,52.5410,52.5410,52.5400,52.5400,2500
1470668992,52.5500,52.5500,52.5500,52.5500,500
1470669147,52.5300,52.5400,52.5300,52.5300,1500
1470669306,52.5110,52.5120,52.5110,52.5120,2400
1470669395,52.5140,52.5140,52.5140,52.5140,200
1470669461,52.5140,52.5140,52.5140,52.5140,500
1470669525,52.5100,52.5150,52.5100,52.5150,500
1470669655,52.5100,52.5130,52.5100,52.5130,4700
1470669800,52.5200,52.5200,52.5200,52.5200,200
1470669884,52.5100,52.5100,52.5100,52.5100,100
1470669910,52.5160,52.5160,52.5160,52.5160,700
1470669960,52.5300,52.5300,52.5200,52.5200,400
1470670089,52.5400,52.5400,52.5399,52.5399,34700
1470670242,52.5300,52.5300,52.5300,52.5300,700
1470670334,52.5310,52.5310,52.5300,52.5300,300
1470670396,52.5320,52.5320,52.5320,52.5320,200
1470670744,52.5500,52.5599,52.5500,52.5500,600
1470671077,52.5488,52.5488,52.5488,52.5488,500
1470671213,52.5400,52.5400,52.5400,52.5400,100
1470671272,52.5350,52.5350,52.5350,52.5350,900
1470671375,52.5300,52.5350,52.5300,52.5350,200
1470671418,52.5400,52.5400,52.5400,52.5400,100
1470671628,52.5350,52.5350,52.5350,52.5350,300
1470671668,52.5373,52.5373,52.5373,52.5373,200
1470671744,52.5200,52.5290,52.5200,52.5290,900
1470671829,52.5200,52.5200,52.5200,52.5200,200
1470671933,52.5160,52.5160,52.5110,52.5110,300
1470672190,52.5127,52.5200,52.5127,52.5200,400
1470672286,52.5160,52.5160,52.5160,52.5160,100
1470672372,52.5200,52.5200,52.5200,52.5200,400
1470672468,52.5150,52.5150,52.5150,52.5150,100
1470672511,52.5020,52.5100,52.5020,52.5100,400
1470672578,52.5001,52.5090,52.5001,52.5090,300
1470672655,52.5072,52.5072,52.5072,52.5072,1800
1470672757,52.5000,52.5000,52.5000,52.5000,2500
1470672834,52.4990,52.4990,52.4990,52.4990,300
1470672840,52.4900,52.5000,52.4900,52.5000,8000
1470673275,52.5010,52.5010,52.5010,52.5010,600
1470673377,52.5060,52.5060,52.5060,52.5060,200
1470673450,52.5100,52.5100,52.5100,52.5100,4200
1470673565,52.5000,52.5000,52.5000,52.5000,100
1470673740,52.5020,52.5060,52.5020,52.5060,1700
1470673851,52.5000,52.5000,52.5000,52.5000,100
1470673888,52.5100,52.5100,52.5100,52.5100,500
1470674199,52.5110,52.5110,52.5110,52.5110,400
1470674234,52.5110,52.5110,52.5110,52.5110,300
1470674333,52.5100,52.5100,52.5100,52.5100,300
1470674392,52.5020,52.5020,52.5020,52.5020,400
1470674495,52.5100,52.5100,52.5100,52.5100,100
1470674589,52.5000,52.5000,52.5000,52.5000,200
1470674652,52.4800,52.4900,52.4800,52.4900,900
1470674872,52.4920,52.4940,52.4920,52.4940,700
1470674893,52.5000,52.5000,52.4900,52.4900,3000
1470674942,52.5000,52.5000,52.5000,52.5000,200
1470675057,52.5073,52.5073,52.5073,52.5073,200
1470675085,52.5020,52.5020,52.5020,52.5020,100
1470675140,52.5050,52.5050,52.5050,52.5050,1000
1470675367,52.5000,52.5000,52.5000,52.5000,2700
1470675613,52.5001,52.5001,52.5001,52.5001,300
1470675713,52.4999,52.4999,52.4999,52.4999,800
1470675772,52.4900,52.4900,52.4900,52.4900,100
1470675846,52.4999,52.4999,52.4999,52.4999,300
1470676005,52.4960,52.4990,52.4960,52.4990,200
1470676064,52.4910,52.4990,52.4910,52.4990,500
1470676110,52.4907,52.4907,52.4907,52.4907,500
1470676228,52.4960,52.4960,52.4960,52.4960,500
1470676364,52.4890,52.4890,52.4890,52.4890,100
1470676446,52.4960,52.4960,52.4960,52.4960,1600
1470676574,52.5000,52.5000,52.5000,52.5000,900
1470676732,52.5040,52.5090,52.5040,52.5090,600
1470676797,52.5090,52.5090,52.5090,52.5090,100
1470676850,52.5000,52.5040,52.5000,52.5040,300
1470676889,52.5014,52.5014,52.5014,52.5014,500
1470677109,52.5020,52.5020,52.5020,52.5020,100
1470677204,52.5040,52.5040,52.5040,52.5040,100
1470677402,52.5100,52.5100,52.5100,52.5100,100
1470677501,52.5057,52.5100,52.5057,52.5100,400
1470677534,52.5090,52.5090,52.5090,52.5090,100
1470677620,52.5090,52.5090,52.5090,52.5090,100
1470677669,52.5058,52.5058,52.5058,52.5058,200
1470677737,52.5100,52.5100,52.5000,52.5010,400
1470677927,52.4900,52.5000,52.4900,52.5000,1000
1470678385,52.4990,52.4990,52.4990,52.4990,700
1470678428,52.5060,52.5060,52.5000,52.5000,1600
1470678529,52.4920,52.5000,52.4920,52.5000,1700
1470678818,52.4900,52.4900,52.4900,52.4900,300
1470678935,52.5019,52.5019,52.5019,52.5019,100
1470679110,52.5100,52.5100,52.5025,52.5036,3600
1470679358,52.5000,52.5000,52.5000,52.5000,300
1470679405,52.4925,52.4990,52.4901,52.4990,2200
1470679498,52.4900,52.4900,52.4900,52.4900,200
1470679624,52.4940,52.4940,52.4940,52.4940,600
1470679806,52.4980,52.4980,52.4980,52.4980,300
1470680171,52.4800,52.4860,52.4800,52.4860,500
1470680290,52.4700,52.4700,52.4700,52.4700,1100
1470680368,52.4500,52.4700,52.4500,52.4700,3500
1470680421,52.4540,52.4600,52.4500,52.4600,2300
1470680517,52.4400,52.4400,52.4400,52.4400,100
1470680708,52.4399,52.4399,52.4399,52.4399,1800
1470680786,52.4320,52.4320,52.4300,52.4300,900
1470680935,52.4463,52.4463,52.4463,52.4463,600
1470680951,52.4390,52.4390,52.4390,52.4390,100
1470681047,52.4390,52.4390,52.4390,52.4390,4000
1470681155,52.4400,52.4400,52.4400,52.4400,1600
1470681197,52.4500,52.4550,52.4500,52.4500,5300
1470681303,52.4420,52.4515,52.4420,52.4515,800
1470681416,52.4473,52.4476,52.4473,52.4476,300
1470681436,52.4499,52.4499,52.4400,52.4400,500
1470681497,52.4437,52.4437,52.4437,52.4437,100
1470681695,52.4460,52.4460,52.4460,52.4460,100
1470681728,52.4490,52.4490,52.4490,52.4490,200
1470681877,52.4490,52.4490,52.4490,52.4490,500
1470681910,52.4460,52.4460,52.4460,52.4460,100
1470682071,52.4600,52.4600,52.4600,52.4600,3900
1470682096,52.4690,52.4700,52.4684,52.4700,1300
1470682189,52.4560,52.4560,52.4560,52.4560,300
1470682225,52.4590,52.4590,52.4510,52.4510,1300
1470682260,52.4584,52.4584,52.4510,52.4510,1700
1470682330,52.4520,52.4580,52.4520,52.4580,1900
1470682396,52.4600,52.4600,52.4600,52.4600,400
1470682442,52.4600,52.4600,52.4501,52.4501,1600
1470682528,52.4520,52.4520,52.4520,52.4520,800
1470682573,52.4600,52.4600,52.4600,52.4600,600
1470682669,52.4560,52.4560,52.4560,52.4560,1000
1470682979,52.4460,52.4500,52.4400,52.4400,2500
1470682989,52.4484,52.4484,52.4484,52.4484,1200
1470683112,52.4400,52.4400,52.4400,52.4400,200
1470683194,52.4400,52.4400,52.4400,52.4400,2100
1470683328,52.4437,52.4437,52.4410,52.4410,500
1470683351,52.4590,52.4590,52.4500,52.4500,2500
1470683472,52.4520,52.4520,52.4520,52.4520,200
1470683555,52.4516,52.4516,52.4516,52.4516,200
1470683639,52.4500,52.4590,52.4500,52.4590,5100
1470683690,52.4590,52.4590,52.4560,52.4560,5400
1470683713,52.4540,52.4568,52.4540,52.4568,9000
1470683788,52.4590,52.4590,52.4590,52.4590,600
1470683863,52.4534,52.4534,52.4500,52.4500,400
1470683894,52.4505,52.4505,52.4505,52.4505,2400
1470684012,52.4500,52.4500,52.4500,52.4500,900
1470684129,52.4468,52.4590,52.4400,52.4590,900
1470684541,52.4520,52.4520,52.4500,52.4500,1000
1470684654,52.4600,52.4600,52.4500,52.4550,10700
1470684702,52.4600,52.4600,52.4600,52.4600,1500
1470684745,52.4650,52.4650,52.4610,52.4640,1500
1470684822,52.4620,52.4690,52.4600,52.4600,800
1470684890,52.4690,52.4690,52.4690,52.4690,800
1470684903,52.4690,52.4700,52.4600,52.4600,1700
1470685073,52.4600,52.4699,52.4600,52.4610,2500
1470685090,52.4700,52.4700,52.4650,52.4650,3200
1470685234,52.4660,52.4660,52.4660,52.4660,100
1470685321,52.4600,52.4670,52.4600,52.4670,2800
1470685437,52.4520,52.4520,52.4520,52.4520,600
1470685532,52.4700,52.4700,52.4700,52.4700,200
1470685577,52.4620,52.4660,52.4600,52.4660,1800
1470685652,52.4800,52.4800,52.4800,52.4800,100
1470685743,52.4800,52.4800,52.4710,52.4710,1600
1470685825,52.4800,52.4800,52.4800,52.4800,400
1470685871,52.4800,52.4800,52.4720,52.4740,1200
1470685974,52.4900,52.4900,52.4900,52.4900,100
1470685987,52.4890,52.4890,52.4850,52.4850,2200
1470686078,52.4800,52.4800,52.4800,52.4800,300
1470686151,52.4860,52.4900,52.4780,52.4900,2200
1470686194,52.4720,52.4800,52.4720,52.4800,800
1470686232,52.4800,52.4800,52.4800,52.4800,200
1470686313,52.4900,52.4900,52.4900,52.4900,1200
1470686347,52.5000,52.5000,52.4900,52.4900,0
1470686400,52.5000,52.5000,52.5000,52.5000,0
