uri:/instrument/1.0/SPB/chartdata;type=quote;range=1d/csv
ticker:spb
Company-Name:Spectrum Brands Holdings, Inc. 
Exchange-Name:NYQ
unit:MIN
timezone:EDT
currency:USD
gmtoffset:-14400
previous_close:129.1900
Timestamp:1470144600,1470168000
labels:1470146400,1470150000,1470153600,1470157200,1470160800,1470164400,1470168000
values:Timestamp,close,high,low,open,volume
close:127.8000,129.0500
high:127.8800,129.1150
low:127.7300,129.0000
open:127.7300,129.1100
volume:100,12300
1470144835,128.9800,128.9800,128.9800,128.9800,5800
1470145304,128.4300,128.4300,128.4300,128.4300,2400
1470145615,128.7500,128.9000,128.7500,128.9000,800
1470145676,128.8900,128.8900,128.8300,128.8300,200
1470145729,128.9900,128.9900,128.9900,128.9900,300
1470145787,128.8500,128.9900,128.8500,128.9900,1100
1470145806,128.8500,128.8500,128.8500,128.8500,200
1470145882,128.9400,129.0700,128.9100,129.0700,7700
1470146152,128.9100,128.9100,128.8500,128.8950,500
1470146185,128.9300,129.0000,128.9300,129.0000,800
1470146273,128.9100,128.9100,128.9100,128.9100,800
1470146397,129.0200,129.0200,129.0000,129.0000,1300
1470146423,128.8200,129.1150,128.7800,129.1100,2800
1470146518,128.7500,128.8900,128.6600,128.8000,8600
1470146609,128.7000,128.7400,128.7000,128.7400,300
1470146673,128.7000,128.7000,128.7000,128.7000,600
1470146847,128.4300,128.4300,128.4300,128.4300,1300
1470146971,128.6700,128.8200,128.6700,128.6700,1600
1470147094,128.3500,128.3800,128.2400,128.2400,1700
1470147149,128.3600,128.3900,128.3600,128.3900,300
1470147209,128.4100,128.4100,128.4100,128.4100,1800
1470147358,128.3800,128.5700,128.3800,128.5500,1700
1470147412,128.4300,128.4300,128.4200,128.4200,1400
1470147479,128.5600,128.5600,128.5600,128.5600,400
1470147488,128.4000,128.5700,128.4000,128.5700,2200
1470147659,128.1000,128.1000,128.1000,128.1000,200
1470147719,128.1000,128.1000,128.1000,128.1000,300
1470147737,128.1000,128.1400,127.9700,128.1400,400
1470147798,128.0000,128.0800,128.0000,128.0800,500
1470147866,128.1100,128.2200,128.0000,128.1100,1100
1470147946,127.9900,128.2300,127.9500,128.0200,3200
1470148019,127.9000,127.9000,127.7300,127.7300,1100
1470148050,127.8000,127.9000,127.8000,127.8200,1600
1470148139,127.9100,127.9100,127.8000,127.8000,1000
1470148170,128.2550,128.2600,127.9150,127.9150,3300
1470148256,128.3350,128.3350,128.3350,128.3350,3100
1470148283,128.2800,128.5000,128.2800,128.5000,1300
1470148377,127.9800,128.2500,127.8500,128.2500,2700
1470148433,127.8700,128.0000,127.8700,128.0000,200
1470148499,127.8900,128.0000,127.8900,127.9900,500
1470148559,128.0500,128.0500,128.0500,128.0500,500
1470148629,128.0750,128.1400,128.0600,128.1000,500
1470148712,128.1050,128.1050,128.1050,128.1050,200
1470148759,128.3700,128.3700,128.1100,128.1500,1000
1470149069,128.3050,128.3800,128.3050,128.3800,2500
1470149127,128.3050,128.3800,128.3050,128.3800,200
1470149263,128.2300,128.3000,128.2300,128.3000,600
1470149397,128.1400,128.1900,128.1400,128.1900,600
1470149458,128.0300,128.1100,128.0300,128.1100,2100
1470149540,128.0900,128.1100,128.0900,128.1100,600
1470149599,128.0600,128.0600,128.0600,128.0600,900
1470149643,127.9900,128.0000,127.9900,128.0000,200
1470149761,128.0400,128.1400,128.0000,128.0400,2800
1470149849,128.0600,128.0600,128.0600,128.0600,400
1470149913,128.0600,128.0600,128.0600,128.0600,700
1470150010,128.0600,128.0600,128.0450,128.0500,900
1470150107,128.0900,128.0900,128.0000,128.0600,1300
1470150209,128.0500,128.0500,128.0500,128.0500,300
1470150299,128.0500,128.0500,128.0500,128.0500,2700
1470150542,128.3100,128.3400,128.2500,128.3400,1100
1470150718,128.2600,128.3303,128.2600,128.3100,1200
1470150744,128.2500,128.2500,128.2500,128.2500,800
1470150845,128.2200,128.2300,128.2200,128.2300,200
1470150905,128.2100,128.2100,128.2100,128.2100,200
1470150975,128.2300,128.3100,128.2300,128.2600,600
1470151066,128.1800,128.2300,128.1800,128.2300,600
1470151147,128.0700,128.0700,128.0700,128.0700,100
1470151263,128.3500,128.3500,128.1800,128.2000,2800
1470151559,128.3600,128.3800,128.3600,128.3800,200
1470151560,128.3600,128.3800,128.3600,128.3700,500
1470151645,128.3300,128.3300,128.3300,128.3300,100
1470151813,128.2900,128.3800,128.2900,128.3800,700
1470151966,128.3300,128.3300,128.3300,128.3300,400
1470152066,128.2000,128.2500,128.2000,128.2500,300
1470152120,128.3400,128.3900,128.3400,128.3400,2400
1470152393,128.3800,128.3800,128.3800,128.3800,100
1470152510,128.3800,128.3800,128.3800,128.3800,500
1470152568,128.4300,128.4300,128.3650,128.3900,300
1470152593,128.3800,128.4300,128.3800,128.4300,900
1470152734,128.3000,128.3100,128.3000,128.3100,800
1470152893,128.2900,128.2900,128.2000,128.2000,1000
1470152984,128.3600,128.3600,128.3600,128.3600,400
1470153000,128.4200,128.4200,128.4200,128.4200,100
1470153099,128.4400,128.4400,128.4400,128.4400,100
1470153171,128.2700,128.4100,128.2700,128.4100,1300
1470153291,128.2300,128.2300,128.2200,128.2200,700
1470153325,128.2600,128.2600,128.2600,128.2600,400
1470153410,128.2200,128.2200,128.2200,128.2200,100
1470153509,128.1800,128.1800,128.1800,128.1800,100
1470153551,127.9800,128.1800,127.9600,128.1800,1400
1470153745,127.9500,127.9500,127.9500,127.9500,200
1470153829,127.9700,127.9700,127.9700,127.9700,100
1470153863,127.9100,127.9100,127.9100,127.9100,400
1470154001,127.9200,127.9672,127.9200,127.9672,800
1470154026,128.0000,128.0000,127.9480,127.9480,1500
1470154092,128.0500,128.0713,127.9900,128.0000,2500
1470154156,127.9000,128.0400,127.9000,128.0300,1300
1470154266,127.9300,127.9300,127.9300,127.9300,400
1470154439,128.0000,128.0000,128.0000,128.0000,100
1470154539,128.0900,128.0900,128.0400,128.0400,400
1470154583,128.0400,128.0400,128.0400,128.0400,100
1470154706,128.2600,128.2600,128.1525,128.2000,700
1470154742,128.2300,128.3300,128.2300,128.3100,1200
1470154828,128.0700,128.2300,128.0700,128.2000,2400
1470154871,128.1100,128.1100,128.1100,128.1100,200
1470154991,128.0800,128.2100,128.0800,128.2100,300
1470155172,128.0300,128.1300,128.0300,128.1300,1200
1470155397,128.1500,128.1500,128.1500,128.1500,300
1470155441,127.9900,128.1000,127.9900,128.1000,600
1470155519,128.1000,128.1000,127.9300,127.9300,200
1470155639,128.0000,128.0000,128.0000,128.0000,100
1470155727,128.0000,128.0000,128.0000,128.0000,100
1470155763,127.9800,128.1100,127.9800,128.1100,200
1470155827,128.0000,128.0350,128.0000,128.0350,200
1470155939,128.1000,128.1000,128.1000,128.1000,100
1470155945,128.0000,128.0000,127.9700,127.9700,1300
1470156050,127.9600,128.0100,127.9600,127.9900,1100
1470156175,127.9800,127.9800,127.9800,127.9800,300
1470156214,127.9000,127.9400,127.9000,127.9400,500
1470156303,127.9000,127.9000,127.9000,127.9000,200
1470156378,127.8600,127.9000,127.8600,127.9000,400
1470156539,128.0000,128.0000,128.0000,128.0000,100
1470156588,128.0150,128.0900,128.0000,128.0000,900
1470156654,128.0000,128.0100,128.0000,128.0100,700
1470156671,127.9400,128.0300,127.9400,128.0200,1600
1470156779,128.0000,128.0000,128.0000,128.0000,600
1470156781,127.9200,127.9900,127.9000,127.9900,1800
1470157019,127.9000,127.9100,127.9000,127.9100,700
1470157037,127.8300,127.9000,127.8300,127.9000,300
1470157125,127.8800,127.8800,127.8800,127.8800,600
1470157316,127.8200,127.8800,127.8200,127.8800,700
1470157400,127.9500,127.9500,127.8800,127.8800,1300
1470157496,127.9000,127.9000,127.9000,127.9000,200
1470157554,127.9900,127.9900,127.9500,127.9600,1200
1470157569,127.9600,127.9600,127.9600,127.9600,200
1470157623,127.9300,128.0000,127.9300,128.0000,800
1470157726,127.9400,127.9600,127.9400,127.9600,400
1470157778,127.9200,127.9200,127.9200,127.9200,600
1470157885,127.9499,128.0000,127.9499,128.0000,300
1470158006,127.9700,127.9700,127.9700,127.9700,200
1470158041,127.9300,127.9600,127.9100,127.9600,1000
1470158139,127.9600,127.9600,127.9600,127.9600,1700
1470158193,127.8800,127.9500,127.8800,127.9500,1700
1470158459,127.9500,127.9500,127.9500,127.9500,100
1470158528,128.0300,128.0300,128.0300,128.0300,100
1470158580,128.0400,128.0600,128.0400,128.0600,300
1470158707,128.0000,128.0800,128.0000,128.0800,1500
1470158939,128.1200,128.1200,128.1200,128.1200,100
1470158970,128.1100,128.1100,128.0700,128.1000,700
1470159021,128.0400,128.1200,128.0400,128.1000,600
1470159104,128.0110,128.0110,128.0110,128.0110,2500
1470159209,128.0900,128.1100,128.0900,128.1100,900
1470159258,128.1400,128.1400,128.1400,128.1400,100
1470159320,128.0800,128.0800,128.0800,128.0800,400
1470159380,128.1500,128.1500,128.1200,128.1200,1200
1470159464,128.1500,128.1500,128.1500,128.1500,1000
1470159543,128.1900,128.1900,128.1900,128.1900,300
1470159680,128.2000,128.2000,128.2000,128.2000,500
1470159742,128.2700,128.2700,128.2600,128.2600,600
1470159780,128.1650,128.1900,128.1650,128.1900,300
1470159857,128.2300,128.2400,128.2100,128.2100,500
1470160010,128.3200,128.3200,128.3200,128.3200,100
1470160023,128.3600,128.3600,128.3500,128.3500,300
1470160081,128.3800,128.3800,128.3800,128.3800,100
1470160142,128.4400,128.4400,128.3900,128.4000,1700
1470160317,128.4700,128.4900,128.4500,128.4900,1100
1470160369,128.4900,128.4900,128.4900,128.4900,600
1470160587,128.5000,128.5700,128.5000,128.5700,1500
1470160626,128.4800,128.5000,128.4800,128.5000,500
1470160691,128.4500,128.5000,128.4500,128.5000,200
1470160766,128.4700,128.4700,128.4700,128.4700,300
1470160814,128.5100,128.5100,128.4900,128.4900,400
1470160932,128.5700,128.6000,128.5600,128.5600,900
1470161009,128.5700,128.5700,128.5600,128.5600,600
1470161130,128.4600,128.5000,128.4600,128.5000,300
1470161211,128.5100,128.5100,128.5100,128.5100,400
1470161252,128.4900,128.5000,128.4600,128.5000,800
1470161298,128.6800,128.6800,128.4600,128.4600,1500
1470161437,128.5900,128.6400,128.5900,128.6400,1100
1470161569,128.5900,128.5900,128.5700,128.5800,1000
1470161627,128.6500,128.6500,128.5300,128.5300,300
1470161650,128.6450,128.6450,128.6000,128.6400,400
1470161729,128.6900,128.6900,128.6900,128.6900,100
1470161781,128.6400,128.6900,128.6400,128.6900,1300
1470161879,128.6800,128.6899,128.6700,128.6750,400
1470161939,128.6900,128.6900,128.6900,128.6900,100
1470161949,128.6600,128.6999,128.6400,128.6700,700
1470162090,128.6400,128.6400,128.6400,128.6400,500
1470162143,128.7800,128.8100,128.6650,128.6650,2600
1470162195,128.8000,128.8000,128.8000,128.8000,1300
1470162326,128.7900,128.7900,128.7700,128.7900,700
1470162406,128.8400,128.8400,128.8400,128.8400,100
1470162480,128.8100,128.9100,128.8000,128.9100,1300
1470162618,128.7000,128.7200,128.7000,128.7200,700
1470162668,128.7600,128.7600,128.7600,128.7600,300
1470162755,128.6600,128.6900,128.6600,128.6900,1100
1470162836,128.7100,128.7400,128.6900,128.7400,1300
1470162936,128.7700,128.7700,128.7400,128.7400,800
1470163048,128.7800,128.8600,128.7800,128.8600,400
1470163115,128.7800,128.7800,128.7800,128.7800,900
1470163180,128.7700,128.7700,128.7700,128.7700,600
1470163256,128.9300,128.9300,128.9300,128.9300,100
1470163349,128.9100,128.9100,128.9100,128.9100,400
1470163393,128.9700,129.0000,128.9200,128.9200,1100
1470163473,129.0000,129.0000,128.9950,129.0000,1000
1470163500,128.9850,129.0200,128.9800,128.9900,4600
1470163579,128.9500,128.9500,128.9500,128.9500,200
1470163635,128.9400,128.9400,128.9400,128.9400,100
1470163705,128.9800,129.0550,128.9400,128.9600,1300
1470163820,128.9900,128.9900,128.9900,128.9900,200
1470163877,128.9400,129.0000,128.9400,129.0000,1900
1470164016,128.9200,128.9200,128.9200,128.9200,100
1470164045,128.9500,128.9500,128.9300,128.9490,1800
1470164147,128.9400,128.9400,128.9400,128.9400,500
1470164218,128.9600,129.0000,128.9400,128.9400,3100
1470164318,128.9800,128.9800,128.9800,128.9800,200
1470164381,128.9000,128.9600,128.9000,128.9600,1200
1470164413,128.8300,128.8700,128.8300,128.8700,500
1470164471,128.8875,128.8875,128.8100,128.8100,2600
1470164539,128.8100,128.8700,128.8100,128.8700,1300
1470164593,128.8700,128.8800,128.8500,128.8500,1500
1470164700,128.8500,128.8500,128.8500,128.8500,300
1470164822,128.7900,128.7900,128.7900,128.7900,400
1470164953,128.6800,128.7500,128.6800,128.7500,1500
1470165059,128.7400,128.7400,128.6800,128.6800,1000
1470165066,128.7300,128.7300,128.7300,128.7300,1000
1470165164,128.7408,128.7408,128.7408,128.7408,500
1470165200,128.6900,128.6900,128.6900,128.6900,400
1470165301,128.6800,128.7000,128.6453,128.6453,3200
1470165479,128.7100,128.7200,128.7100,128.7200,500
1470165520,128.6600,128.6600,128.6600,128.6600,100
1470165573,128.7500,128.7500,128.6400,128.6500,900
1470165603,128.7300,128.7300,128.7300,128.7300,900
1470165709,128.8400,128.8600,128.7800,128.7800,500
1470165741,128.7900,128.8400,128.7900,128.8400,1500
1470165836,128.8800,128.8800,128.8800,128.8800,300
1470165876,128.8800,128.8900,128.8800,128.8900,1100
1470165950,128.9000,128.9000,128.9000,128.9000,500
1470166076,129.0500,129.0500,128.9400,128.9400,1500
1470166080,128.9200,129.0150,128.9200,128.9800,3300
1470166212,128.9400,128.9400,128.8900,128.9100,700
1470166271,129.0000,129.0000,129.0000,129.0000,2200
1470166346,128.9700,128.9700,128.9500,128.9600,1200
1470166529,128.9100,128.9400,128.9100,128.9400,1100
1470166623,128.9750,128.9800,128.9700,128.9700,2000
1470166680,128.9600,129.0000,128.9500,129.0000,2300
1470166783,128.9800,128.9800,128.9700,128.9700,500
1470166854,128.9300,128.9900,128.9300,128.9900,2500
1470166867,128.9400,128.9400,128.9000,128.9000,800
1470166921,128.9200,128.9400,128.9200,128.9400,2400
1470167068,128.9900,128.9900,128.9900,128.9900,200
1470167103,128.9700,128.9700,128.9300,128.9300,3500
1470167220,128.9400,129.0000,128.9400,129.0000,1900
1470167369,128.9400,128.9700,128.9200,128.9700,2300
1470167413,128.9300,128.9300,128.9300,128.9300,500
1470167468,128.9300,128.9300,128.9300,128.9300,1200
1470167538,128.9000,128.9200,128.8900,128.8900,3500
1470167661,128.9300,128.9300,128.8800,128.8800,1600
1470167700,128.9100,128.9500,128.9100,128.9500,2800
1470167800,128.9100,128.9100,128.9100,128.9100,5100
1470167915,128.9400,128.9400,128.9400,128.9400,500
1470167990,128.9100,128.9150,128.8800,128.8800,4500
1470168000,128.9000,128.9000,128.9000,128.9000,12300
