uri:/instrument/1.0/PGP/chartdata;type=quote;range=1d/csv
ticker:pgp
Company-Name:Pimco Global Stocksplus & Incom
Exchange-Name:NYQ
unit:MIN
timezone:EDT
currency:USD
gmtoffset:-14400
previous_close:20.4200
Timestamp:1470058200,1470081600
labels:1470060000,1470063600,1470067200,1470070800,1470074400,1470078000,1470081600
values:Timestamp,close,high,low,open,volume
close:20.3500,20.4600
high:20.3580,20.4600
low:20.3500,20.4500
open:20.3510,20.4500
volume:100,7400
1470058362,20.4600,20.4600,20.4410,20.4410,6700
1470058404,20.4000,20.4000,20.4000,20.4000,7400
1470059098,20.4300,20.4300,20.4200,20.4200,600
1470059146,20.4272,20.4272,20.4272,20.4272,100
1470059172,20.3600,20.4300,20.3600,20.4300,500
1470059508,20.3500,20.3580,20.3500,20.3510,4800
1470060087,20.4000,20.4270,20.4000,20.4270,500
1470060243,20.4299,20.4299,20.4299,20.4299,300
1470060539,20.4000,20.4200,20.4000,20.4200,500
1470060548,20.4500,20.4500,20.4000,20.4200,1300
1470060686,20.4128,20.4128,20.4128,20.4128,200
1470061008,20.4100,20.4500,20.4100,20.4500,4000
1470061070,20.4100,20.4460,20.4100,20.4460,800
1470061231,20.4500,20.4500,20.4300,20.4300,1800
1470061354,20.4500,20.4500,20.4500,20.4500,200
1470062370,20.4500,20.4500,20.4500,20.4500,400
1470062694,20.4200,20.4400,20.4200,20.4400,800
1470062803,20.4500,20.4500,20.4100,20.4100,2200
1470063816,20.4039,20.4039,20.4039,20.4039,200
1470065411,20.4400,20.4400,20.4400,20.4400,200
1470066582,20.4000,20.4103,20.4000,20.4103,5100
1470067950,20.4212,20.4212,20.4212,20.4212,200
1470068203,20.4000,20.4308,20.4000,20.4308,600
1470068690,20.3900,20.4000,20.3900,20.4000,200
1470070189,20.4301,20.4350,20.3900,20.3900,1700
1470070215,20.4200,20.4200,20.4200,20.4200,100
1470070305,20.4400,20.4500,20.4300,20.4300,5800
1470070501,20.4200,20.4200,20.4200,20.4200,200
1470070751,20.3860,20.3860,20.3800,20.3800,2400
1470070894,20.4000,20.4200,20.4000,20.4200,300
1470073084,20.4200,20.4200,20.4200,20.4200,100
1470073593,20.4200,20.4200,20.4200,20.4200,100
1470073855,20.4200,20.4200,20.4200,20.4200,100
1470074886,20.4338,20.4338,20.4338,20.4338,200
1470075116,20.3960,20.3960,20.3960,20.3960,1100
1470077969,20.3911,20.3960,20.3901,20.3901,500
1470078161,20.4196,20.4196,20.4042,20.4042,2600
1470079485,20.3900,20.3900,20.3900,20.3900,100
1470079778,20.4128,20.4128,20.4128,20.4128,200
1470079835,20.3900,20.3900,20.3900,20.3900,2000
1470080516,20.3800,20.4000,20.3800,20.4000,1400
1470080525,20.3500,20.3701,20.3500,20.3700,800
1470081511,20.3600,20.3600,20.3600,20.3600,200
1470081598,20.3600,20.3600,20.3600,20.3600,200
1470081600,20.3600,20.3600,20.3600,20.3600,100
