uri:/instrument/1.0/SNE/chartdata;type=quote;range=1d/csv
ticker:sne
Company-Name:Sony Corporation Common Stock
Exchange-Name:NYQ
unit:MIN
timezone:EDT
currency:USD
gmtoffset:-14400
previous_close:32.7200
Timestamp:1470663000,1470686400
labels:1470664800,1470668400,1470672000,1470675600,1470679200,1470682800,1470686400
values:Timestamp,close,high,low,open,volume
close:32.1450,32.3746
high:32.1600,32.4000
low:32.1450,32.3746
open:32.1500,32.3800
volume:100,45700
1470663056,32.3500,32.3600,32.2901,32.2901,45700
1470663113,32.3746,32.4000,32.3746,32.3800,9800
1470663173,32.3400,32.3800,32.3320,32.3800,3000
1470663236,32.3200,32.3200,32.3199,32.3199,4700
1470663298,32.3500,32.3500,32.3200,32.3200,4100
1470663356,32.3400,32.3500,32.3300,32.3300,10400
1470663360,32.3400,32.3400,32.3200,32.3400,1500
1470663447,32.3400,32.3400,32.3300,32.3300,2700
1470663491,32.3200,32.3500,32.3200,32.3348,5000
1470663564,32.3100,32.3160,32.3100,32.3160,1300
1470663602,32.3400,32.3400,32.3200,32.3200,4500
1470663710,32.3300,32.3300,32.3300,32.3300,2800
1470663768,32.3500,32.3500,32.3356,32.3400,16800
1470663839,32.3600,32.3700,32.3500,32.3500,11400
1470663897,32.3600,32.3600,32.3590,32.3600,6700
1470663951,32.3400,32.3600,32.3400,32.3600,5500
1470664014,32.3200,32.3500,32.3200,32.3400,7100
1470664059,32.3400,32.3400,32.3300,32.3300,2600
1470664139,32.3400,32.3400,32.3400,32.3400,600
1470664253,32.3100,32.3300,32.3100,32.3300,4600
1470664266,32.3000,32.3100,32.3000,32.3100,4400
1470664372,32.2900,32.2900,32.2800,32.2900,4800
1470664420,32.2700,32.2900,32.2700,32.2900,1900
1470664480,32.2900,32.2900,32.2800,32.2800,4500
1470664518,32.2900,32.2910,32.2900,32.2910,700
1470664608,32.3100,32.3100,32.3000,32.3000,4600
1470664624,32.3000,32.3000,32.2900,32.3000,3700
1470664738,32.3000,32.3100,32.3000,32.3100,600
1470664795,32.2960,32.3066,32.2800,32.3000,4100
1470664853,32.2700,32.2950,32.2700,32.2900,1600
1470664914,32.2650,32.2700,32.2600,32.2700,4000
1470664960,32.2800,32.2900,32.2800,32.2800,4200
1470665032,32.2700,32.2800,32.2700,32.2800,2000
1470665052,32.2700,32.2700,32.2600,32.2600,700
1470665113,32.2700,32.2800,32.2700,32.2800,4300
1470665219,32.2700,32.2750,32.2700,32.2750,1500
1470665279,32.2600,32.2700,32.2600,32.2700,700
1470665334,32.2750,32.2800,32.2700,32.2700,5200
1470665399,32.2900,32.2900,32.2900,32.2900,3500
1470665454,32.2700,32.2800,32.2700,32.2800,1300
1470665491,32.2700,32.2700,32.2700,32.2700,300
1470665575,32.2500,32.2600,32.2350,32.2600,5800
1470665622,32.2500,32.2500,32.2500,32.2500,2100
1470665699,32.2600,32.2600,32.2500,32.2600,3100
1470665722,32.2500,32.2600,32.2500,32.2600,900
1470665816,32.2400,32.2470,32.2400,32.2400,900
1470665878,32.2500,32.2500,32.2350,32.2400,5200
1470665926,32.2500,32.2500,32.2500,32.2500,200
1470665990,32.2500,32.2500,32.2500,32.2500,1600
1470666054,32.2300,32.2400,32.2300,32.2350,5600
1470666070,32.2200,32.2400,32.2200,32.2300,4400
1470666178,32.2100,32.2200,32.2100,32.2200,4100
1470666231,32.2000,32.2000,32.2000,32.2000,700
1470666295,32.1900,32.2000,32.1900,32.2000,2600
1470666343,32.2100,32.2100,32.1900,32.1900,5000
1470666364,32.2100,32.2100,32.2100,32.2100,1100
1470666435,32.2150,32.2200,32.2150,32.2200,2000
1470666524,32.2100,32.2250,32.2100,32.2200,1200
1470666584,32.2200,32.2200,32.2000,32.2000,1100
1470666656,32.2100,32.2100,32.2100,32.2100,400
1470666719,32.2100,32.2100,32.2100,32.2100,600
1470666722,32.2100,32.2100,32.2100,32.2100,200
1470666838,32.2100,32.2200,32.2100,32.2100,2200
1470666888,32.2100,32.2100,32.2000,32.2050,2900
1470666955,32.2100,32.2190,32.2100,32.2190,1400
1470667006,32.2200,32.2200,32.2150,32.2190,3400
1470667073,32.2100,32.2200,32.2100,32.2200,2100
1470667123,32.2100,32.2101,32.2100,32.2100,3900
1470667174,32.2150,32.2150,32.2000,32.2100,3100
1470667258,32.2100,32.2100,32.2100,32.2100,3400
1470667309,32.2100,32.2100,32.2100,32.2100,400
1470667373,32.2150,32.2200,32.2100,32.2100,2300
1470667429,32.2100,32.2200,32.2100,32.2200,2000
1470667465,32.2200,32.2300,32.2170,32.2170,1400
1470667518,32.2300,32.2300,32.2300,32.2300,800
1470667565,32.2350,32.2350,32.2350,32.2350,200
1470667685,32.2300,32.2300,32.2250,32.2300,2100
1470667788,32.2150,32.2300,32.2150,32.2300,500
1470667855,32.2100,32.2200,32.2100,32.2199,2100
1470667916,32.2100,32.2100,32.2100,32.2100,500
1470667923,32.2000,32.2100,32.2000,32.2100,1500
1470667994,32.1999,32.2000,32.1850,32.1900,2900
1470668077,32.1900,32.1900,32.1900,32.1900,500
1470668145,32.1800,32.1900,32.1800,32.1900,1100
1470668213,32.1800,32.1900,32.1800,32.1800,800
1470668226,32.1700,32.1800,32.1700,32.1800,600
1470668325,32.1700,32.1700,32.1700,32.1700,4300
1470668382,32.1935,32.1935,32.1900,32.1900,800
1470668442,32.1900,32.1900,32.1900,32.1900,300
1470668509,32.1900,32.1999,32.1900,32.1950,5000
1470668553,32.1900,32.1950,32.1900,32.1950,300
1470668592,32.2000,32.2050,32.1950,32.1950,6800
1470668640,32.2000,32.2000,32.1989,32.2000,7100
1470668752,32.2000,32.2000,32.1900,32.1990,1100
1470668801,32.2000,32.2000,32.2000,32.2000,100
1470668895,32.2290,32.2290,32.1900,32.1900,10200
1470668945,32.2200,32.2250,32.2200,32.2250,2300
1470669039,32.2200,32.2200,32.2200,32.2200,2000
1470669103,32.2100,32.2100,32.2100,32.2100,900
1470669230,32.1850,32.2000,32.1850,32.2000,1000
1470669280,32.1900,32.1900,32.1800,32.1850,5000
1470669350,32.1800,32.1800,32.1800,32.1800,600
1470669412,32.1900,32.1900,32.1800,32.1800,5000
1470669421,32.1840,32.1850,32.1800,32.1800,1800
1470669532,32.1800,32.1800,32.1750,32.1800,1400
1470669710,32.1700,32.1700,32.1700,32.1700,1500
1470669771,32.1650,32.1700,32.1500,32.1600,9900
1470669786,32.1450,32.1611,32.1450,32.1600,9400
1470669927,32.1600,32.1600,32.1500,32.1500,3700
1470670057,32.1900,32.1900,32.1800,32.1800,2200
1470670149,32.1800,32.1800,32.1800,32.1800,1000
1470670215,32.1750,32.1750,32.1750,32.1750,100
1470670266,32.1700,32.1737,32.1700,32.1737,1200
1470670368,32.1600,32.1700,32.1600,32.1700,3400
1470670432,32.1600,32.1658,32.1600,32.1600,900
1470670460,32.1600,32.1600,32.1600,32.1600,400
1470670517,32.1600,32.1610,32.1500,32.1600,7100
1470670561,32.1700,32.1700,32.1500,32.1600,3900
1470670644,32.1800,32.1800,32.1700,32.1700,2300
1470670858,32.1700,32.1763,32.1700,32.1763,4800
1470670908,32.1700,32.1700,32.1600,32.1600,3700
1470670920,32.1800,32.1800,32.1700,32.1700,2800
1470671081,32.1800,32.1800,32.1750,32.1750,400
1470671149,32.1700,32.1700,32.1700,32.1700,1100
1470671207,32.1600,32.1700,32.1600,32.1650,900
1470671224,32.1600,32.1600,32.1600,32.1600,1200
1470671335,32.1700,32.1700,32.1600,32.1600,700
1470671379,32.1600,32.1600,32.1550,32.1600,1700
1470671408,32.1800,32.1800,32.1700,32.1700,2300
1470671492,32.1900,32.1900,32.1799,32.1799,2500
1470671678,32.2200,32.2200,32.1931,32.1998,9300
1470671717,32.2100,32.2100,32.2100,32.2100,100
1470671912,32.2150,32.2200,32.2150,32.2150,500
1470671977,32.2150,32.2150,32.2150,32.2150,300
1470672015,32.2400,32.2400,32.2150,32.2150,5700
1470672192,32.2311,32.2400,32.2300,32.2300,2800
1470672314,32.2300,32.2300,32.2300,32.2300,100
1470672399,32.2400,32.2400,32.2400,32.2400,400
1470672443,32.2600,32.2600,32.2400,32.2400,6600
1470672529,32.2600,32.2600,32.2500,32.2500,1200
1470672589,32.2590,32.2590,32.2590,32.2590,100
1470672620,32.2585,32.2585,32.2585,32.2585,200
1470672712,32.2410,32.2550,32.2400,32.2550,6300
1470672779,32.2600,32.2600,32.2400,32.2400,3500
1470672850,32.2501,32.2501,32.2501,32.2501,800
1470673070,32.2500,32.2500,32.2400,32.2400,1200
1470673139,32.2401,32.2401,32.2401,32.2401,600
1470673184,32.2400,32.2400,32.2400,32.2400,100
1470673243,32.2500,32.2500,32.2490,32.2490,200
1470673288,32.2450,32.2450,32.2400,32.2400,300
1470673372,32.2450,32.2500,32.2410,32.2450,800
1470673388,32.2420,32.2420,32.2420,32.2420,200
1470673461,32.2500,32.2500,32.2450,32.2450,2300
1470673556,32.2660,32.2700,32.2500,32.2500,4200
1470673586,32.2700,32.2700,32.2700,32.2700,300
1470673668,32.2700,32.2700,32.2600,32.2650,500
1470673749,32.2600,32.2600,32.2600,32.2600,500
1470673916,32.2750,32.2800,32.2700,32.2700,6300
1470673937,32.2750,32.2750,32.2750,32.2750,100
1470673997,32.2798,32.2798,32.2700,32.2700,500
1470674094,32.2800,32.2800,32.2800,32.2800,100
1470674117,32.2700,32.2700,32.2700,32.2700,200
1470674201,32.2750,32.2750,32.2700,32.2700,200
1470674276,32.2700,32.2700,32.2700,32.2700,100
1470674336,32.2750,32.2750,32.2750,32.2750,100
1470674402,32.2750,32.2750,32.2700,32.2700,800
1470674619,32.2550,32.2750,32.2500,32.2750,4100
1470674654,32.2600,32.2600,32.2600,32.2600,100
1470674720,32.2500,32.2500,32.2500,32.2500,2700
1470674962,32.2450,32.2450,32.2450,32.2450,100
1470675003,32.2465,32.2465,32.2465,32.2465,200
1470675199,32.2500,32.2500,32.2450,32.2450,400
1470675295,32.2400,32.2460,32.2400,32.2460,300
1470675398,32.2590,32.2590,32.2500,32.2500,4500
1470675453,32.2550,32.2550,32.2550,32.2550,400
1470675538,32.2500,32.2500,32.2500,32.2500,100
1470675550,32.2500,32.2500,32.2500,32.2500,600
1470675627,32.2500,32.2500,32.2500,32.2500,1000
1470675746,32.2540,32.2600,32.2540,32.2600,400
1470675791,32.2500,32.2500,32.2500,32.2500,100
1470675858,32.2600,32.2600,32.2600,32.2600,100
1470675934,32.2600,32.2600,32.2600,32.2600,100
1470676038,32.2543,32.2543,32.2543,32.2543,300
1470676139,32.2600,32.2600,32.2600,32.2600,100
1470676286,32.2600,32.2600,32.2600,32.2600,100
1470676331,32.2600,32.2600,32.2600,32.2600,100
1470676380,32.2600,32.2600,32.2600,32.2600,800
1470676582,32.2600,32.2600,32.2600,32.2600,2700
1470676689,32.2600,32.2600,32.2600,32.2600,100
1470676906,32.2599,32.2600,32.2599,32.2600,200
1470676941,32.2600,32.2700,32.2600,32.2600,3200
1470676998,32.2600,32.2600,32.2500,32.2500,400
1470677235,32.2700,32.2700,32.2600,32.2600,3000
1470677334,32.2600,32.2600,32.2600,32.2600,300
1470677379,32.2700,32.2700,32.2600,32.2600,200
1470677416,32.2700,32.2700,32.2700,32.2700,100
1470677489,32.2700,32.2700,32.2700,32.2700,1600
1470677559,32.2700,32.2700,32.2700,32.2700,200
1470677603,32.2700,32.2700,32.2700,32.2700,100
1470677661,32.2800,32.2800,32.2700,32.2700,1000
1470677702,32.2700,32.2750,32.2700,32.2700,600
1470677789,32.2800,32.2800,32.2800,32.2800,100
1470677912,32.2800,32.2800,32.2750,32.2750,300
1470678105,32.2800,32.2800,32.2800,32.2800,800
1470678162,32.2800,32.2800,32.2800,32.2800,100
1470678287,32.2738,32.2800,32.2738,32.2800,900
1470678359,32.2800,32.2800,32.2763,32.2763,300
1470678469,32.2700,32.2800,32.2700,32.2800,800
1470678484,32.2900,32.2900,32.2800,32.2800,3400
1470678558,32.2800,32.2801,32.2800,32.2801,900
1470678659,32.2800,32.2800,32.2800,32.2800,300
1470678753,32.2800,32.2800,32.2800,32.2800,100
1470678822,32.2900,32.2900,32.2900,32.2900,900
1470678866,32.2860,32.2860,32.2860,32.2860,200
1470678962,32.2810,32.2810,32.2800,32.2800,300
1470679055,32.2834,32.2900,32.2834,32.2900,600
1470679197,32.2950,32.2950,32.2900,32.2900,6900
1470679229,32.2800,32.2850,32.2800,32.2800,2300
1470679340,32.2600,32.2837,32.2600,32.2837,28600
1470679380,32.2600,32.2600,32.2598,32.2600,1900
1470679448,32.2501,32.2501,32.2501,32.2501,900
1470679856,32.2550,32.2550,32.2500,32.2500,700
1470679860,32.2600,32.2600,32.2550,32.2600,5100
1470679942,32.2600,32.2600,32.2600,32.2600,2600
1470680136,32.2550,32.2550,32.2500,32.2550,400
1470680180,32.2600,32.2600,32.2600,32.2600,100
1470680230,32.2500,32.2600,32.2500,32.2600,6900
1470680338,32.2500,32.2500,32.2500,32.2500,100
1470680349,32.2400,32.2500,32.2400,32.2500,900
1470680444,32.2300,32.2300,32.2300,32.2300,4000
1470680730,32.2200,32.2200,32.2200,32.2200,31100
1470680990,32.2200,32.2250,32.2100,32.2200,2500
1470681066,32.2136,32.2144,32.2136,32.2144,600
1470681159,32.2257,32.2257,32.2257,32.2257,100
1470681186,32.2336,32.2400,32.2336,32.2400,1200
1470681342,32.2320,32.2320,32.2320,32.2320,6800
1470681447,32.2500,32.2500,32.2400,32.2400,300
1470681639,32.2490,32.2500,32.2437,32.2437,600
1470681663,32.2500,32.2500,32.2500,32.2500,200
1470681750,32.2448,32.2448,32.2448,32.2448,200
1470681787,32.2500,32.2500,32.2499,32.2500,4100
1470681891,32.2400,32.2400,32.2400,32.2400,200
1470681913,32.2463,32.2500,32.2410,32.2410,1300
1470682071,32.2650,32.2650,32.2434,32.2434,4300
1470682101,32.2700,32.2700,32.2700,32.2700,200
1470682199,32.2690,32.2690,32.2690,32.2690,100
1470682255,32.2700,32.2700,32.2600,32.2600,900
1470682269,32.2600,32.2600,32.2600,32.2600,1500
1470682334,32.2650,32.2650,32.2650,32.2650,100
1470682430,32.2600,32.2600,32.2600,32.2600,400
1470682441,32.2550,32.2600,32.2550,32.2600,2700
1470682728,32.2550,32.2595,32.2550,32.2595,200
1470682743,32.2400,32.2500,32.2400,32.2500,1200
1470682904,32.2337,32.2337,32.2337,32.2337,200
1470682970,32.2400,32.2400,32.2400,32.2400,700
1470682997,32.2400,32.2400,32.2390,32.2390,600
1470683215,32.2310,32.2310,32.2310,32.2310,100
1470683257,32.2400,32.2400,32.2400,32.2400,300
1470683338,32.2395,32.2395,32.2395,32.2395,300
1470683411,32.2400,32.2400,32.2400,32.2400,200
1470683482,32.2499,32.2500,32.2400,32.2400,3800
1470683547,32.2500,32.2500,32.2500,32.2500,100
1470683696,32.2500,32.2500,32.2500,32.2500,100
1470683702,32.2450,32.2500,32.2450,32.2500,500
1470683842,32.2490,32.2490,32.2490,32.2490,300
1470684004,32.2450,32.2500,32.2400,32.2500,600
1470684178,32.2400,32.2400,32.2400,32.2400,4400
1470684181,32.2400,32.2400,32.2300,32.2300,300
1470684295,32.2400,32.2400,32.2400,32.2400,600
1470684357,32.2450,32.2450,32.2450,32.2450,300
1470684418,32.2400,32.2500,32.2400,32.2500,700
1470684451,32.2500,32.2500,32.2500,32.2500,300
1470684498,32.2600,32.2600,32.2600,32.2600,100
1470684597,32.2600,32.2600,32.2600,32.2600,600
1470684630,32.2500,32.2550,32.2500,32.2500,4100
1470684748,32.2400,32.2400,32.2400,32.2400,3200
1470684786,32.2500,32.2500,32.2482,32.2482,2200
1470684854,32.2500,32.2550,32.2500,32.2550,300
1470684947,32.2550,32.2550,32.2550,32.2550,100
1470685018,32.2600,32.2600,32.2553,32.2553,1700
1470685077,32.2700,32.2700,32.2599,32.2600,4600
1470685106,32.2700,32.2700,32.2700,32.2700,800
1470685151,32.2700,32.2700,32.2700,32.2700,300
1470685257,32.2690,32.2690,32.2690,32.2690,200
1470685282,32.2700,32.2700,32.2700,32.2700,2000
1470685362,32.2750,32.2750,32.2700,32.2700,1800
1470685437,32.2750,32.2800,32.2750,32.2800,1000
1470685455,32.2800,32.2800,32.2790,32.2800,1200
1470685500,32.2700,32.2800,32.2700,32.2700,16200
1470685570,32.2781,32.2800,32.2600,32.2790,18800
1470685732,32.2700,32.2700,32.2700,32.2700,500
1470685749,32.2790,32.2800,32.2750,32.2750,3500
1470685852,32.2900,32.2900,32.2900,32.2900,6300
1470685977,32.2800,32.2850,32.2800,32.2800,6500
1470686003,32.2800,32.2800,32.2700,32.2700,6800
1470686078,32.2700,32.2800,32.2700,32.2700,800
1470686154,32.2700,32.2750,32.2700,32.2750,2000
1470686183,32.2700,32.2700,32.2650,32.2650,3400
1470686267,32.2900,32.2900,32.2600,32.2600,6500
1470686290,32.2950,32.2950,32.2850,32.2900,22200
1470686397,32.2900,32.2900,32.2900,32.2900,14800
1470686400,32.3000,32.3000,32.3000,32.3000,23600
