uri:/instrument/1.0/VIA/chartdata;type=quote;range=1d/csv
ticker:via
Company-Name:Viacom Inc.
Exchange-Name:NMS
unit:MIN
timezone:EDT
currency:USD
gmtoffset:-14400
previous_close:49.6400
Timestamp:1470058200,1470081600
labels:1470060000,1470063600,1470067200,1470070800,1470074400,1470078000,1470081600
values:Timestamp,close,high,low,open,volume
close:48.3900,49.6400
high:48.3900,49.6400
low:48.3800,49.6400
open:48.3800,49.6400
volume:100,2100
1470058359,49.6400,49.6400,49.6400,49.6400,1200
1470059083,49.3800,49.3800,49.3800,49.3800,900
1470059153,49.2746,49.2746,49.2746,49.2746,100
1470059212,49.2600,49.2600,49.2500,49.2500,200
1470059581,49.1745,49.1745,49.1700,49.1700,1300
1470059936,49.1350,49.1350,49.1350,49.1350,600
1470060129,49.0700,49.1350,49.0700,49.1350,400
1470060327,49.0900,49.0900,49.0900,49.0900,300
1470060664,49.1400,49.1400,49.1400,49.1400,100
1470060731,49.1800,49.1800,49.1500,49.1500,400
1470061223,49.3050,49.3200,49.3000,49.3200,300
1470061307,49.1900,49.3300,49.1900,49.2800,500
1470062226,49.2100,49.2100,49.2100,49.2100,200
1470062745,49.1371,49.1371,49.1371,49.1371,100
1470062849,49.2400,49.2400,49.2400,49.2400,200
1470062975,49.1660,49.1900,49.1660,49.1900,400
1470063477,49.1600,49.1800,49.1600,49.1800,200
1470063510,49.1100,49.1300,49.1100,49.1300,400
1470063829,49.2400,49.2400,49.1600,49.1600,800
1470063866,49.2000,49.2100,49.2000,49.2100,200
1470064173,49.1400,49.1400,49.1400,49.1400,100
1470064740,49.1400,49.1400,49.1400,49.1400,300
1470065375,49.1000,49.1000,49.1000,49.1000,100
1470065492,49.0500,49.0600,49.0500,49.0600,200
1470066451,49.0400,49.0500,49.0400,49.0500,200
1470067152,49.0400,49.0400,49.0400,49.0400,100
1470067318,49.0400,49.0400,49.0400,49.0400,200
1470067534,49.0400,49.0400,49.0400,49.0400,200
1470067750,49.0000,49.0500,48.9800,49.0500,500
1470067952,49.0000,49.0200,49.0000,49.0000,1300
1470068011,49.0000,49.0600,49.0000,49.0100,600
1470068071,49.0200,49.0200,49.0200,49.0200,100
1470068216,49.0300,49.0300,49.0300,49.0300,100
1470068487,48.9601,48.9601,48.9600,48.9600,600
1470068599,48.9100,48.9100,48.9100,48.9100,100
1470068677,48.8000,48.8000,48.8000,48.8000,100
1470068857,48.7900,48.7900,48.7900,48.7900,500
1470069156,48.8600,48.8600,48.8600,48.8600,100
1470069508,48.9500,48.9500,48.9500,48.9500,100
1470069563,48.8801,48.8801,48.8801,48.8801,100
1470069621,49.0000,49.0000,48.9900,48.9900,300
1470069833,48.8800,48.8800,48.8800,48.8800,100
1470070173,48.8700,48.8700,48.8700,48.8700,100
1470070667,48.8250,48.8250,48.8250,48.8250,100
1470070743,48.8500,48.8500,48.8500,48.8500,200
1470071822,48.9200,48.9200,48.9200,48.9200,400
1470072932,48.8100,48.8100,48.8100,48.8100,100
1470073190,48.7900,48.7900,48.7900,48.7900,100
1470073271,48.7400,48.7400,48.7400,48.7400,100
1470073490,48.7406,48.7406,48.7406,48.7406,100
1470073516,48.7500,48.7500,48.7500,48.7500,100
1470073561,48.7500,48.7500,48.7500,48.7500,400
1470073691,48.6700,48.7200,48.6700,48.7200,1100
1470073912,48.6600,48.6600,48.6600,48.6600,300
1470074105,48.6800,48.6800,48.6400,48.6400,700
1470074445,48.8300,48.8300,48.8300,48.8300,200
1470074511,48.8100,48.8100,48.8100,48.8100,200
1470075042,48.8100,48.8100,48.8100,48.8100,100
1470075063,48.7700,48.7700,48.7700,48.7700,300
1470075266,48.6400,48.6400,48.6400,48.6400,500
1470075579,48.6100,48.6400,48.6000,48.6100,2100
1470075613,48.5700,48.5700,48.5700,48.5700,200
1470075772,48.5350,48.5350,48.5350,48.5350,200
1470076129,48.6200,48.6200,48.6200,48.6200,600
1470076172,48.5700,48.5700,48.5700,48.5700,500
1470076618,48.5700,48.6100,48.5700,48.6100,400
1470076856,48.5800,48.6000,48.5800,48.6000,200
1470076876,48.6000,48.6000,48.6000,48.6000,100
1470076961,48.5850,48.5850,48.5850,48.5850,300
1470077039,48.5900,48.5900,48.5900,48.5900,200
1470077242,48.6500,48.6500,48.6500,48.6500,100
1470077343,48.6700,48.6700,48.6700,48.6700,200
1470077938,48.6210,48.6210,48.6210,48.6210,500
1470078100,48.6650,48.6650,48.6650,48.6650,400
1470078242,48.7000,48.7000,48.6650,48.6650,400
1470078331,48.6650,48.6650,48.6650,48.6650,200
1470078496,48.6300,48.6300,48.6300,48.6300,400
1470078810,48.6200,48.6200,48.6200,48.6200,300
1470079253,48.5700,48.5700,48.5700,48.5700,200
1470079291,48.5300,48.6200,48.5300,48.6100,500
1470079386,48.5400,48.5400,48.5400,48.5400,200
1470079498,48.3900,48.3900,48.3900,48.3900,100
1470079744,48.4300,48.4799,48.4300,48.4799,200
1470079841,48.5200,48.5200,48.4700,48.4700,500
1470079873,48.5000,48.5000,48.5000,48.5000,100
1470079954,48.5100,48.5100,48.4510,48.4510,200
1470080264,48.4500,48.4500,48.4500,48.4500,100
1470080385,48.4100,48.4100,48.4100,48.4100,300
1470080562,48.4350,48.4400,48.4350,48.4400,200
1470080591,48.3900,48.3900,48.3900,48.3900,100
1470080808,48.3920,48.3920,48.3800,48.3800,300
1470080869,48.4350,48.4600,48.4350,48.4600,600
1470080930,48.5000,48.5000,48.5000,48.5000,700
1470081246,48.4700,48.4700,48.4700,48.4700,200
1470081316,48.5200,48.5200,48.5200,48.5200,100
1470081360,48.5200,48.5200,48.5200,48.5200,600
1470081472,48.5100,48.5390,48.5100,48.5390,1000
1470081547,48.4800,48.5200,48.4800,48.5200,900
1470081600,48.5100,48.5100,48.5100,48.5100,700
