uri:/instrument/1.0/RE/chartdata;type=quote;range=1d/csv
ticker:re
Company-Name:Everest Re Group, Ltd. Common S
Exchange-Name:NYQ
unit:MIN
timezone:EDT
currency:USD
gmtoffset:-14400
previous_close:190.9000
Timestamp:1470663000,1470686400
labels:1470664800,1470668400,1470672000,1470675600,1470679200,1470682800,1470686400
values:Timestamp,close,high,low,open,volume
close:190.3100,191.5050
high:190.3100,191.8600
low:190.2401,191.4950
open:190.2401,191.8400
volume:100,16200
1470663015,190.6700,190.6700,190.6700,190.6700,2000
1470663161,190.3100,190.3100,190.3100,190.3100,500
1470663399,190.3150,190.3150,190.3150,190.3150,700
1470663515,190.8850,191.0500,190.8600,191.0300,600
1470663559,191.5050,191.8600,191.4950,191.8400,1100
1470663694,191.1200,191.1600,191.0800,191.1300,700
1470663992,191.0600,191.0600,191.0600,191.0600,200
1470664072,191.0600,191.0600,191.0600,191.0600,200
1470664238,190.7800,190.7800,190.7600,190.7600,1000
1470664335,190.4850,190.5401,190.4850,190.5401,1000
1470664473,190.3800,190.6600,190.3800,190.6200,2400
1470664539,190.6700,190.6700,190.5550,190.6600,600
1470664571,190.5600,190.7000,190.3450,190.6800,2200
1470664649,190.4100,190.4100,190.4100,190.4100,100
1470664690,190.3800,190.3800,190.2401,190.2401,400
1470664760,190.4050,190.5100,190.4050,190.5000,600
1470664811,190.5500,190.5500,190.4550,190.5000,2100
1470664911,190.6900,190.6900,190.6900,190.6900,500
1470664949,191.0800,191.0800,191.0800,191.0800,300
1470664984,190.8750,190.8950,190.8750,190.8950,200
1470665092,190.7500,190.9200,190.7500,190.9200,1300
1470665121,190.6000,190.7650,190.6000,190.7000,700
1470665246,190.4700,190.5250,190.4700,190.5250,300
1470665281,190.5701,190.7200,190.4401,190.4800,8400
1470665361,190.5400,190.7100,190.5400,190.6000,1000
1470665403,190.4900,190.6200,190.4600,190.6200,2200
1470665503,190.4601,190.4601,190.4601,190.4601,100
1470665550,190.7850,190.7850,190.5800,190.6550,900
1470665598,190.5050,190.5050,190.5050,190.5050,200
1470665690,190.7800,190.7800,190.7800,190.7800,100
1470665904,190.7450,190.7450,190.5150,190.5300,600
1470666078,190.7000,190.7000,190.6600,190.6600,400
1470666233,190.6800,190.6800,190.6800,190.6800,300
1470666354,190.7100,190.7100,190.7100,190.7100,1000
1470666450,190.4700,190.6350,190.4525,190.5600,2200
1470666484,190.5600,190.5600,190.3425,190.3675,1300
1470667067,190.4800,190.5400,190.4750,190.4800,2600
1470667104,190.4450,190.4450,190.4450,190.4450,400
1470667197,190.4700,190.5500,190.4700,190.5100,1100
1470667300,190.4700,190.4700,190.4700,190.4700,400
1470667515,190.4650,190.4650,190.4650,190.4650,700
1470667636,190.4001,190.4001,190.4001,190.4001,200
1470667710,190.4475,190.4550,190.4000,190.4000,2200
1470667765,190.4400,190.4400,190.4400,190.4400,500
1470667811,190.5000,190.5000,190.5000,190.5000,700
1470667884,190.4600,190.4600,190.4600,190.4600,500
1470667987,190.5000,190.5000,190.5000,190.5000,1700
1470668063,190.6700,190.6700,190.6700,190.6700,100
1470668333,190.5500,190.5500,190.5500,190.5500,100
1470668425,190.6100,190.6100,190.6100,190.6100,300
1470668942,190.6300,190.6300,190.6300,190.6300,100
1470669186,190.7500,190.7500,190.7100,190.7100,1000
1470669524,190.8300,190.8300,190.8300,190.8300,100
1470669574,190.8700,190.8700,190.8700,190.8700,100
1470669675,190.7900,190.7900,190.7900,190.7900,100
1470669741,190.8700,190.8700,190.8000,190.8000,300
1470669836,190.8700,190.8700,190.8700,190.8700,500
1470669862,190.8000,190.8550,190.8000,190.8550,600
1470669921,190.7600,190.7600,190.7600,190.7600,500
1470670012,190.7500,190.8000,190.7500,190.8000,300
1470670064,190.7400,190.7400,190.7400,190.7400,200
1470670136,190.7400,190.7400,190.7400,190.7400,300
1470670351,190.7400,190.7600,190.7400,190.7600,600
1470670560,190.6450,190.6450,190.6450,190.6450,200
1470671078,190.5200,190.5400,190.5200,190.5400,600
1470671108,190.5250,190.5300,190.5250,190.5300,200
1470671422,190.5300,190.5300,190.4550,190.5000,1000
1470671465,190.6100,190.6100,190.5700,190.5700,800
1470672355,190.5900,190.5900,190.5500,190.5700,600
1470672515,190.6100,190.6200,190.6100,190.6100,400
1470672604,190.7100,190.7100,190.5900,190.6400,1700
1470672682,190.6700,190.7500,190.6700,190.7400,1100
1470672850,190.6700,190.6700,190.6700,190.6700,400
1470672900,190.6300,190.6500,190.5700,190.6250,900
1470673061,190.7600,190.7600,190.7600,190.7600,200
1470673207,190.5700,190.5700,190.5700,190.5700,200
1470673560,190.7700,190.7800,190.7700,190.7800,200
1470673680,190.7850,190.8200,190.7800,190.8200,600
1470674015,190.6700,190.6900,190.6700,190.6900,400
1470674169,190.7400,190.7400,190.7400,190.7400,200
1470674458,190.6200,190.6200,190.6200,190.6200,300
1470674785,190.7200,190.7200,190.7200,190.7200,200
1470675026,190.6881,190.6881,190.6881,190.6881,500
1470675086,190.7700,190.7700,190.7700,190.7700,700
1470675672,190.6700,190.6900,190.6600,190.6900,700
1470676110,190.6600,190.6600,190.6600,190.6600,400
1470676454,190.6800,190.6800,190.6800,190.6800,100
1470676542,190.6200,190.6200,190.6200,190.6200,100
1470676568,190.7200,190.7200,190.7200,190.7200,300
1470676897,190.5800,190.5900,190.5800,190.5900,300
1470676964,190.5400,190.6762,190.5400,190.6762,600
1470677276,190.6600,190.8000,190.6300,190.6600,800
1470677400,190.6700,190.6700,190.6700,190.6700,200
1470677602,190.7600,190.7600,190.7600,190.7600,300
1470677882,190.7000,190.7200,190.7000,190.7200,500
1470677941,190.6800,190.7500,190.6800,190.7500,600
1470678082,190.6900,190.7000,190.6900,190.7000,700
1470678432,190.7500,190.7500,190.7500,190.7500,100
1470678552,190.6700,190.6900,190.6700,190.6900,500
1470678844,190.6000,190.6000,190.6000,190.6000,400
1470678917,190.6600,190.7000,190.6600,190.7000,200
1470679082,190.7200,190.7200,190.7100,190.7100,300
1470679358,190.6200,190.6500,190.6200,190.6500,500
1470679630,190.6100,190.6200,190.6100,190.6200,200
1470679680,190.6400,190.6400,190.6400,190.6400,100
1470679769,190.5800,190.6000,190.5800,190.6000,300
1470679805,190.5400,190.5400,190.5400,190.5400,500
1470680172,190.6600,190.6600,190.6100,190.6100,700
1470680254,190.6700,190.6800,190.6700,190.6800,600
1470680534,190.6000,190.6000,190.6000,190.6000,400
1470680686,190.6850,190.6850,190.6850,190.6850,100
1470680705,190.5200,190.5200,190.5200,190.5200,100
1470680919,190.6500,190.6500,190.6500,190.6500,200
1470681018,190.5900,190.6000,190.5400,190.6000,1000
1470681355,190.7000,190.7000,190.6700,190.6700,400
1470681589,190.7400,190.7400,190.7100,190.7100,500
1470681666,190.5900,190.6500,190.5900,190.6500,1600
1470682566,190.5860,190.5860,190.5700,190.5700,200
1470682701,190.6300,190.6300,190.6100,190.6100,300
1470682854,190.5900,190.5900,190.5900,190.5900,400
1470682956,190.5662,190.5662,190.5662,190.5662,300
1470683095,190.5400,190.5500,190.5400,190.5500,700
1470683106,190.5100,190.5100,190.5100,190.5100,900
1470683211,190.6000,190.6000,190.5700,190.5700,200
1470683233,190.5750,190.5750,190.5750,190.5750,100
1470683303,190.5200,190.5200,190.5200,190.5200,100
1470683340,190.5100,190.5300,190.5100,190.5300,300
1470683503,190.5500,190.5500,190.5500,190.5500,100
1470683540,190.5850,190.5850,190.5850,190.5850,200
1470683683,190.5400,190.5400,190.5400,190.5400,100
1470683866,190.5750,190.5900,190.5400,190.5500,600
1470683880,190.6200,190.6200,190.6100,190.6100,600
1470684219,190.5800,190.5800,190.5800,190.5800,100
1470684294,190.6400,190.6400,190.6400,190.6400,100
1470684316,190.6000,190.6300,190.6000,190.6300,400
1470684404,190.5500,190.5700,190.5500,190.5700,200
1470684427,190.5950,190.5950,190.5950,190.5950,200
1470684590,190.5900,190.5900,190.5900,190.5900,700
1470684652,190.6700,190.6700,190.6700,190.6700,100
1470684667,190.7200,190.7200,190.6800,190.6800,600
1470684751,190.6800,190.7400,190.6800,190.7200,500
1470684785,190.6800,190.6800,190.6800,190.6800,300
1470684964,190.7050,190.7050,190.7050,190.7050,100
1470685059,190.7350,190.7700,190.7350,190.7700,200
1470685098,190.7800,190.7800,190.7600,190.7600,500
1470685142,190.7600,190.7700,190.7600,190.7700,1100
1470685229,190.7200,190.7500,190.7200,190.7500,600
1470685263,190.6700,190.7000,190.6700,190.7000,600
1470685418,190.7100,190.7100,190.6600,190.7000,400
1470685496,190.6500,190.7100,190.6500,190.7100,200
1470685500,190.5600,190.6600,190.5600,190.6500,3600
1470685605,190.5800,190.5800,190.5200,190.5500,2300
1470685626,190.6000,190.6000,190.6000,190.6000,300
1470685693,190.5800,190.5800,190.5800,190.5800,100
1470685740,190.5400,190.6000,190.5400,190.6000,1400
1470685836,190.5300,190.5300,190.5300,190.5300,100
1470685890,190.5300,190.5700,190.5300,190.5700,300
1470685950,190.5500,190.5700,190.5250,190.5500,1200
1470685996,190.5400,190.5400,190.5300,190.5300,1700
1470686060,190.6000,190.6000,190.5800,190.5900,1000
1470686119,190.5600,190.5600,190.5600,190.5600,3000
1470686215,190.5900,190.5900,190.5900,190.5900,100
1470686228,190.5800,190.6400,190.5800,190.5900,3200
1470686289,190.6100,190.6100,190.6100,190.6100,100
1470686340,190.6150,190.6150,190.5800,190.5800,6600
1470686400,190.5800,190.5800,190.5800,190.5800,16200
