uri:/instrument/1.0/SCHB/chartdata;type=quote;range=1d/csv
ticker:schb
Company-Name:Schwab U.S. Broad Market ETF
Exchange-Name:PCX
unit:MIN
timezone:EDT
currency:USD
gmtoffset:-14400
previous_close:52.2210
Timestamp:1470144600,1470168000
labels:1470146400,1470150000,1470153600,1470157200,1470160800,1470164400,1470168000
values:Timestamp,close,high,low,open,volume
close:51.6320,52.2100
high:51.6320,52.2100
low:51.6320,52.2100
open:51.6320,52.2100
volume:100,19100
1470144610,52.1900,52.1900,52.1700,52.1700,18000
1470144704,52.1280,52.1500,52.1280,52.1500,8900
1470144736,52.1530,52.1600,52.1530,52.1600,300
1470144789,52.1823,52.1871,52.1823,52.1871,800
1470144895,52.1900,52.1900,52.1900,52.1900,300
1470144975,52.2100,52.2100,52.2100,52.2100,100
1470145129,52.0999,52.1300,52.0999,52.1300,400
1470145182,52.1000,52.1000,52.1000,52.1000,1200
1470145251,52.0700,52.0700,52.0700,52.0700,300
1470145260,52.0900,52.0900,52.0900,52.0900,500
1470145365,52.0900,52.0900,52.0900,52.0900,100
1470145385,52.0800,52.0800,52.0800,52.0800,300
1470145468,52.1100,52.1100,52.1100,52.1100,5500
1470145615,52.1190,52.1190,52.1190,52.1190,500
1470145654,52.0800,52.1000,52.0800,52.1000,600
1470145704,52.0620,52.0700,52.0500,52.0600,1500
1470145786,52.0800,52.0800,52.0620,52.0700,6200
1470145821,52.0900,52.0900,52.0900,52.0900,2800
1470145923,52.0800,52.0980,52.0700,52.0980,1100
1470146149,52.0641,52.0641,52.0641,52.0641,600
1470146213,52.0400,52.0400,52.0400,52.0400,100
1470146317,52.0900,52.0900,52.0900,52.0900,100
1470146395,52.0800,52.0800,52.0700,52.0700,1600
1470146401,52.0600,52.0790,52.0600,52.0790,600
1470146559,52.0500,52.0500,52.0500,52.0500,200
1470146596,52.0400,52.0400,52.0400,52.0400,400
1470146691,52.0400,52.0400,52.0400,52.0400,300
1470146728,52.0100,52.0200,52.0100,52.0200,400
1470146814,51.9930,52.0090,51.9900,52.0090,19100
1470146826,51.9799,51.9980,51.9799,51.9980,1100
1470146881,51.9775,51.9800,51.9775,51.9799,400
1470146989,51.9800,51.9800,51.9800,51.9800,100
1470147022,51.9600,51.9600,51.9600,51.9600,1000
1470147060,51.9300,51.9400,51.9300,51.9400,500
1470147155,51.9300,51.9300,51.9300,51.9300,100
1470147185,51.9300,51.9300,51.9300,51.9300,300
1470147264,51.9500,51.9500,51.9380,51.9380,5800
1470147432,51.9300,51.9300,51.9300,51.9300,100
1470147486,51.8900,51.9378,51.8900,51.9378,1900
1470147552,51.8800,51.8800,51.8800,51.8800,900
1470147612,51.8774,51.8830,51.8774,51.8830,500
1470147660,51.8930,51.8930,51.8700,51.8700,600
1470147733,51.9010,51.9010,51.9010,51.9010,300
1470147789,51.9100,51.9200,51.9100,51.9100,800
1470147877,51.9200,51.9200,51.9200,51.9200,2000
1470148033,51.9000,51.9000,51.8902,51.8902,900
1470148144,51.9260,51.9260,51.9120,51.9120,300
1470148220,51.9000,51.9000,51.9000,51.9000,400
1470148450,51.9000,51.9020,51.9000,51.9020,1100
1470148629,51.9000,51.9000,51.8910,51.8910,400
1470148690,51.8999,51.8999,51.8999,51.8999,3000
1470148780,51.8900,51.8900,51.8850,51.8850,700
1470148852,51.8723,51.8723,51.8723,51.8723,300
1470148862,51.8400,51.8600,51.8400,51.8600,500
1470148955,51.8500,51.8500,51.8500,51.8500,200
1470149019,51.8510,51.8510,51.8510,51.8510,300
1470149141,51.8300,51.8500,51.8300,51.8500,12700
1470149189,51.8220,51.8220,51.8220,51.8220,300
1470149229,51.8100,51.8200,51.8100,51.8200,300
1470149315,51.8100,51.8100,51.8100,51.8100,1600
1470149419,51.7800,51.7800,51.7800,51.7800,400
1470149471,51.7766,51.7766,51.7600,51.7600,2400
1470149589,51.7400,51.7500,51.7300,51.7500,6600
1470149663,51.7600,51.7600,51.7471,51.7500,1600
1470149739,51.7700,51.7700,51.7700,51.7700,2800
1470149821,51.7600,51.7600,51.7510,51.7510,400
1470149951,51.7480,51.7600,51.7480,51.7600,600
1470150030,51.7500,51.7500,51.7500,51.7500,300
1470150099,51.7600,51.7600,51.7600,51.7600,800
1470150283,51.7500,51.7600,51.7500,51.7510,1600
1470150301,51.7461,51.7480,51.7440,51.7440,1300
1470150362,51.7678,51.7678,51.7500,51.7500,2200
1470150632,51.7900,51.7900,51.7900,51.7900,100
1470150668,51.7900,51.8000,51.7810,51.7900,1500
1470150764,51.7900,51.7900,51.7900,51.7900,300
1470150888,51.8061,51.8061,51.8000,51.8000,1000
1470150982,51.7968,51.7968,51.7968,51.7968,1000
1470151069,51.7820,51.7820,51.7820,51.7820,1300
1470151099,51.7800,51.7900,51.7800,51.7800,1000
1470151162,51.7800,51.7878,51.7800,51.7878,2600
1470151219,51.7740,51.7740,51.7700,51.7740,600
1470151299,51.8200,51.8200,51.7867,51.7867,4800
1470151350,51.8179,51.8179,51.8179,51.8179,200
1470151436,51.8400,51.8420,51.8249,51.8249,800
1470151444,51.8400,51.8400,51.8300,51.8300,1700
1470151642,51.8400,51.8400,51.8400,51.8400,200
1470151768,51.8139,51.8139,51.8040,51.8040,300
1470151818,51.8020,51.8100,51.8020,51.8100,200
1470151973,51.7900,51.7900,51.7900,51.7900,100
1470151986,51.8000,51.8000,51.8000,51.8000,200
1470152070,51.7860,51.7860,51.7860,51.7860,200
1470152200,51.7800,51.7800,51.7800,51.7800,100
1470152221,51.7700,51.7700,51.7700,51.7700,400
1470152303,51.7775,51.7790,51.7775,51.7790,300
1470152395,51.7667,51.7800,51.7667,51.7800,2400
1470152414,51.7700,51.7700,51.7700,51.7700,100
1470152479,51.7600,51.7660,51.7600,51.7660,5500
1470152543,51.7700,51.7760,51.7700,51.7760,2300
1470152629,51.7600,51.7600,51.7500,51.7600,2300
1470152684,51.7700,51.7700,51.7700,51.7700,200
1470152715,51.7700,51.7733,51.7700,51.7733,5100
1470152773,51.7750,51.7750,51.7700,51.7700,300
1470152961,51.8012,51.8100,51.7810,51.7810,800
1470153166,51.7820,51.7820,51.7820,51.7820,200
1470153235,51.7820,51.7820,51.7820,51.7820,100
1470153245,51.7800,51.7800,51.7790,51.7790,600
1470153383,51.7660,51.7660,51.7500,51.7540,700
1470153469,51.7700,51.7790,51.7700,51.7790,800
1470153515,51.7510,51.7620,51.7510,51.7620,600
1470153540,51.7500,51.7500,51.7400,51.7500,1900
1470153610,51.7580,51.7600,51.7500,51.7500,1200
1470153769,51.7499,51.7499,51.7499,51.7499,100
1470153813,51.7400,51.7400,51.7400,51.7400,300
1470153944,51.7233,51.7233,51.7233,51.7233,900
1470153967,51.7200,51.7232,51.7200,51.7232,700
1470154055,51.7100,51.7100,51.7100,51.7100,800
1470154142,51.7400,51.7400,51.7400,51.7400,800
1470154248,51.7420,51.7440,51.7420,51.7440,1600
1470154270,51.7400,51.7400,51.7400,51.7400,200
1470154366,51.7600,51.7600,51.7600,51.7600,1000
1470154436,51.7600,51.7600,51.7600,51.7600,100
1470154451,51.7700,51.7700,51.7700,51.7700,1700
1470154540,51.7978,51.7978,51.7978,51.7978,400
1470154597,51.7800,51.7800,51.7700,51.7700,500
1470154681,51.7900,51.7900,51.7860,51.7890,1100
1470154741,51.7900,51.8000,51.7900,51.8000,700
1470154807,51.7900,51.7900,51.7900,51.7900,1000
1470154860,51.8000,51.8000,51.8000,51.8000,3700
1470154931,51.7900,51.7990,51.7900,51.7990,300
1470155058,51.8000,51.8000,51.8000,51.8000,2100
1470155153,51.8000,51.8000,51.8000,51.8000,200
1470155261,51.7840,51.7840,51.7840,51.7840,100
1470155305,51.7800,51.7800,51.7800,51.7800,600
1470155450,51.7600,51.7600,51.7600,51.7600,200
1470155495,51.7600,51.7600,51.7600,51.7600,400
1470155530,51.7700,51.7700,51.7700,51.7700,200
1470155679,51.7790,51.7790,51.7790,51.7790,200
1470155835,51.7510,51.7510,51.7510,51.7510,200
1470155897,51.7600,51.7600,51.7600,51.7600,100
1470155995,51.7600,51.7600,51.7540,51.7600,800
1470156089,51.7700,51.7700,51.7690,51.7690,3000
1470156247,51.7840,51.7840,51.7840,51.7840,200
1470156309,51.7839,51.7839,51.7839,51.7839,100
1470156441,51.7800,51.7800,51.7780,51.7780,1000
1470156481,51.7900,51.7900,51.7900,51.7900,600
1470156620,51.7780,51.7780,51.7780,51.7780,100
1470156728,51.7500,51.7508,51.7500,51.7508,1500
1470156830,51.7500,51.7500,51.7500,51.7500,500
1470157013,51.7100,51.7200,51.7100,51.7200,4900
1470157064,51.7000,51.7200,51.7000,51.7200,4400
1470157125,51.6711,51.6800,51.6700,51.6800,2700
1470157236,51.6900,51.6900,51.6900,51.6900,1400
1470157262,51.6800,51.6900,51.6800,51.6900,1800
1470157422,51.6730,51.6730,51.6730,51.6730,500
1470157531,51.6790,51.6790,51.6600,51.6600,3100
1470157582,51.6600,51.6600,51.6600,51.6600,200
1470157633,51.6500,51.6590,51.6500,51.6590,1000
1470157726,51.6400,51.6400,51.6400,51.6400,300
1470157837,51.6320,51.6320,51.6320,51.6320,200
1470157892,51.6500,51.6500,51.6400,51.6400,8500
1470158001,51.6360,51.6360,51.6360,51.6360,200
1470158112,51.6420,51.6420,51.6360,51.6360,500
1470158187,51.6537,51.6537,51.6500,51.6500,200
1470158253,51.6590,51.6600,51.6590,51.6600,500
1470158411,51.6600,51.6600,51.6580,51.6580,1800
1470158605,51.6690,51.6690,51.6600,51.6600,400
1470158704,51.6700,51.6700,51.6700,51.6700,100
1470158827,51.6800,51.6800,51.6800,51.6800,100
1470158954,51.6900,51.6900,51.6900,51.6900,100
1470159006,51.7039,51.7039,51.6901,51.6901,5100
1470159065,51.6950,51.6950,51.6800,51.6800,1400
1470159137,51.6900,51.6900,51.6900,51.6900,300
1470159193,51.6890,51.6890,51.6890,51.6890,300
1470159342,51.6900,51.6900,51.6900,51.6900,200
1470159404,51.6990,51.6990,51.6900,51.6900,1700
1470159437,51.6800,51.6960,51.6800,51.6960,1500
1470159498,51.6700,51.6700,51.6700,51.6700,300
1470159691,51.6520,51.6520,51.6400,51.6440,1100
1470159742,51.6690,51.6690,51.6500,51.6500,800
1470159834,51.6620,51.6639,51.6620,51.6639,400
1470159865,51.6700,51.6700,51.6661,51.6661,800
1470160013,51.6990,51.6990,51.6990,51.6990,200
1470160110,51.7000,51.7000,51.7000,51.7000,300
1470160155,51.7000,51.7000,51.7000,51.7000,100
1470160225,51.6901,51.6901,51.6900,51.6900,1300
1470160300,51.7020,51.7100,51.7020,51.7100,400
1470160369,51.7120,51.7120,51.7120,51.7120,1900
1470160429,51.6900,51.6900,51.6900,51.6900,200
1470160554,51.6900,51.6900,51.6900,51.6900,200
1470160790,51.6839,51.6839,51.6839,51.6839,200
1470160811,51.6960,51.6960,51.6800,51.6800,2100
1470160955,51.7020,51.7100,51.7020,51.7100,2000
1470160983,51.6990,51.7000,51.6961,51.7000,600
1470161075,51.6813,51.6813,51.6813,51.6813,200
1470161125,51.6800,51.6980,51.6700,51.6980,3100
1470161251,51.7100,51.7100,51.7100,51.7100,1200
1470161306,51.7300,51.7300,51.7061,51.7061,1800
1470161395,51.7600,51.7700,51.7401,51.7401,6000
1470161408,51.7700,51.7700,51.7700,51.7700,1300
1470161472,51.7671,51.7671,51.7671,51.7671,100
1470161544,51.7600,51.7621,51.7600,51.7621,1200
1470161605,51.7700,51.7700,51.7700,51.7700,400
1470161695,51.7790,51.7790,51.7790,51.7790,100
1470161724,51.7700,51.7700,51.7700,51.7700,300
1470161765,51.7600,51.7600,51.7600,51.7600,200
1470161838,51.7600,51.7600,51.7500,51.7600,1400
1470162016,51.7700,51.7700,51.7620,51.7620,900
1470162130,51.7500,51.7500,51.7500,51.7500,1600
1470162189,51.7800,51.7800,51.7600,51.7600,600
1470162406,51.8200,51.8200,51.8000,51.8000,3300
1470162442,51.8110,51.8190,51.8110,51.8190,700
1470162490,51.8100,51.8100,51.8100,51.8100,200
1470162590,51.8010,51.8010,51.8010,51.8010,600
1470162805,51.7900,51.7900,51.7861,51.7861,700
1470162885,51.7900,51.7900,51.7900,51.7900,700
1470162934,51.8000,51.8000,51.7900,51.7900,500
1470163053,51.8000,51.8000,51.8000,51.8000,200
1470163140,51.7780,51.7900,51.7780,51.7900,1100
1470163250,51.7900,51.7900,51.7900,51.7900,200
1470163317,51.7840,51.7840,51.7840,51.7840,100
1470163352,51.8300,51.8300,51.8000,51.8000,1100
1470163409,51.8600,51.8600,51.8500,51.8500,3400
1470163565,51.8600,51.8600,51.8501,51.8501,500
1470163662,51.8700,51.8700,51.8700,51.8700,200
1470163705,51.8590,51.8590,51.8590,51.8590,400
1470163826,51.8791,51.8791,51.8600,51.8600,600
1470163926,51.8461,51.8461,51.8400,51.8400,1100
1470164003,51.8400,51.8400,51.8400,51.8400,700
1470164056,51.8240,51.8240,51.8240,51.8240,200
1470164113,51.8239,51.8239,51.8200,51.8225,700
1470164298,51.8200,51.8200,51.8200,51.8200,300
1470164382,51.8200,51.8200,51.8100,51.8100,1000
1470164455,51.8239,51.8280,51.8139,51.8280,2200
1470164471,51.8200,51.8200,51.8200,51.8200,2800
1470164705,51.8500,51.8500,51.8500,51.8500,100
1470164805,51.8300,51.8300,51.8300,51.8300,300
1470164840,51.8360,51.8360,51.8300,51.8300,300
1470165156,51.8200,51.8296,51.8200,51.8296,3300
1470165293,51.8000,51.8000,51.7900,51.8000,1800
1470165307,51.7940,51.8000,51.7940,51.7980,2300
1470165381,51.8020,51.8020,51.8000,51.8000,500
1470165543,51.8100,51.8100,51.8000,51.8000,700
1470165721,51.8201,51.8201,51.8100,51.8100,800
1470165817,51.8290,51.8290,51.8290,51.8290,600
1470165990,51.8400,51.8400,51.8400,51.8400,100
1470166057,51.8366,51.8366,51.8300,51.8300,700
1470166154,51.8380,51.8380,51.8380,51.8380,100
1470166255,51.8210,51.8210,51.8210,51.8210,400
1470166268,51.8300,51.8300,51.8300,51.8300,100
1470166376,51.8200,51.8201,51.8110,51.8200,1200
1470166407,51.8290,51.8290,51.8214,51.8290,5100
1470166487,51.8400,51.8400,51.8400,51.8400,100
1470166554,51.8359,51.8360,51.8320,51.8360,800
1470166617,51.8400,51.8400,51.8300,51.8300,2700
1470166621,51.8400,51.8490,51.8340,51.8490,1500
1470166747,51.8720,51.8720,51.8700,51.8700,1200
1470166805,51.8600,51.8800,51.8600,51.8700,2200
1470166916,51.8240,51.8300,51.8240,51.8300,1000
1470166935,51.8200,51.8200,51.8200,51.8200,100
1470167005,51.8300,51.8300,51.8300,51.8300,100
1470167085,51.8520,51.8520,51.8400,51.8400,900
1470167140,51.8600,51.8600,51.8600,51.8600,400
1470167225,51.8800,51.8900,51.8800,51.8900,1000
1470167451,51.8600,51.8600,51.8500,51.8540,800
1470167495,51.8400,51.8560,51.8400,51.8500,3200
1470167524,51.8500,51.8600,51.8500,51.8600,1000
1470167631,51.8410,51.8410,51.8410,51.8410,200
1470167701,51.8500,51.8500,51.8500,51.8500,900
1470167862,51.8400,51.8400,51.8400,51.8400,400
1470167890,51.8300,51.8480,51.8300,51.8400,2900
1470167941,51.8300,51.8500,51.8300,51.8300,3200
1470168000,51.8400,51.8400,51.8400,51.8400,100
