uri:/instrument/1.0/PGP/chartdata;type=quote;range=1d/csv
ticker:pgp
Company-Name:Pimco Global Stocksplus & Incom
Exchange-Name:NYQ
unit:MIN
timezone:EDT
currency:USD
gmtoffset:-14400
previous_close:20.6000
Timestamp:1470663000,1470686400
labels:1470664800,1470668400,1470672000,1470675600,1470679200,1470682800,1470686400
values:Timestamp,close,high,low,open,volume
close:20.5664,20.7300
high:20.5664,20.7500
low:20.5664,20.7269
open:20.5664,20.7500
volume:100,7600
1470663000,20.6000,20.6000,20.6000,20.6000,1000
1470663422,20.5900,20.5900,20.5900,20.5900,1200
1470663936,20.5664,20.5664,20.5664,20.5664,2000
1470664696,20.6000,20.6000,20.5851,20.6000,1000
1470664820,20.6000,20.6000,20.6000,20.6000,800
1470665019,20.5826,20.5826,20.5826,20.5826,1000
1470665931,20.5801,20.5801,20.5801,20.5801,700
1470666100,20.5900,20.5900,20.5834,20.5900,600
1470666818,20.6000,20.6000,20.5916,20.6000,5200
1470666994,20.5901,20.6000,20.5901,20.6000,1600
1470667356,20.5950,20.5950,20.5950,20.5950,500
1470667930,20.5895,20.5895,20.5895,20.5895,500
1470668692,20.5771,20.5800,20.5771,20.5771,1800
1470669642,20.5700,20.6000,20.5700,20.5900,2100
1470669766,20.5883,20.5883,20.5883,20.5883,300
1470669957,20.6000,20.6000,20.6000,20.6000,7600
1470670895,20.6200,20.6200,20.6100,20.6200,300
1470671590,20.6201,20.6201,20.6201,20.6201,800
1470672555,20.6644,20.6644,20.6569,20.6569,800
1470672831,20.6600,20.6600,20.6550,20.6600,600
1470672871,20.6800,20.6800,20.6600,20.6600,600
1470672946,20.6800,20.6800,20.6800,20.6800,200
1470673004,20.6800,20.6800,20.6701,20.6701,600
1470673077,20.7000,20.7000,20.6899,20.6899,1700
1470673098,20.7300,20.7300,20.6701,20.6701,200
1470673197,20.7201,20.7500,20.7201,20.7500,900
1470673224,20.7100,20.7101,20.7100,20.7100,1600
1470673408,20.7269,20.7269,20.7269,20.7269,100
1470674139,20.6900,20.7000,20.6900,20.7000,1200
1470674214,20.7200,20.7200,20.7100,20.7100,700
1470674248,20.7000,20.7200,20.7000,20.7200,1200
1470674314,20.7190,20.7190,20.7190,20.7190,100
1470674390,20.6700,20.6700,20.6700,20.6700,400
1470674403,20.6500,20.6500,20.6500,20.6500,100
1470674824,20.6624,20.6624,20.6624,20.6624,700
1470677016,20.6500,20.6500,20.6500,20.6500,200
1470677470,20.6562,20.6562,20.6562,20.6562,100
1470678279,20.6557,20.6557,20.6557,20.6557,200
1470679473,20.6538,20.6538,20.6538,20.6538,2100
1470680194,20.6560,20.6560,20.6560,20.6560,500
1470681190,20.6500,20.6500,20.6500,20.6500,400
1470681424,20.6500,20.6500,20.6500,20.6500,200
1470681665,20.6280,20.6280,20.6280,20.6280,1400
1470681899,20.6282,20.6282,20.6282,20.6282,500
1470682376,20.6285,20.6285,20.6285,20.6285,300
1470683392,20.6299,20.6299,20.6282,20.6282,600
1470683497,20.6200,20.6200,20.6200,20.6200,600
1470684128,20.6200,20.6200,20.6200,20.6200,100
1470684298,20.6299,20.6299,20.6293,20.6293,1100
1470684433,20.6282,20.6282,20.6282,20.6282,500
1470684483,20.6232,20.6232,20.6232,20.6232,100
1470684620,20.6200,20.6200,20.6200,20.6200,200
1470684804,20.6100,20.6100,20.6000,20.6100,2100
1470685111,20.5985,20.5985,20.5985,20.5985,100
1470685403,20.5992,20.6000,20.5970,20.6000,300
1470685829,20.6000,20.6000,20.5900,20.5900,500
1470686370,20.5900,20.5900,20.5900,20.5900,200
1470686400,20.5900,20.5900,20.5900,20.5900,100
