uri:/instrument/1.0/AAPL/chartdata;type=quote;range=1d/csv
ticker:aapl
Company-Name:Apple Inc.
Exchange-Name:NMS
unit:MIN
timezone:EDT
currency:USD
gmtoffset:-14400
previous_close:105.8700
Timestamp:1470403800,1470427200
labels:1470405600,1470409200,1470412800,1470416400,1470420000,1470423600,1470427200
values:Timestamp,close,high,low,open,volume
close:106.3982,107.6500
high:106.4200,107.6500
low:106.1900,107.6350
open:106.2500,107.6500
volume:0,1159200
1470403812,106.3982,106.4200,106.1900,106.2500,1159200
1470403861,106.4393,106.4800,106.2700,106.3600,214600
1470403979,106.6100,106.6500,106.4300,106.4300,307600
1470404039,106.6650,106.6850,106.5200,106.6000,189100
1470404041,106.6300,106.6700,106.5200,106.6600,124600
1470404100,106.6200,106.6600,106.6000,106.6300,123200
1470404219,106.6500,106.6800,106.6000,106.6142,208100
1470404279,106.6626,106.6900,106.6000,106.6450,138600
1470404280,106.7800,106.7800,106.6600,106.6657,187700
1470404399,106.7800,106.7900,106.6800,106.7700,132800
1470404400,106.9240,106.9400,106.7800,106.7899,230000
1470404460,106.8600,106.9300,106.8500,106.9300,134600
1470404520,106.8500,106.8750,106.8100,106.8600,108300
1470404580,106.7900,106.9100,106.7600,106.8590,172500
1470404699,106.7650,106.8300,106.7600,106.8000,102200
1470404700,106.7770,106.7800,106.7100,106.7605,161900
1470404760,106.7150,106.8080,106.7100,106.7700,105500
1470404879,106.7200,106.7400,106.7000,106.7100,80000
1470404880,106.8400,106.8400,106.7200,106.7300,164100
1470404940,106.8400,106.8550,106.8100,106.8300,184200
1470405059,106.9400,106.9500,106.8400,106.8450,165400
1470405060,106.9900,107.0000,106.9435,106.9500,422900
1470405120,106.9740,106.9900,106.9500,106.9855,127600
1470405238,107.0163,107.0400,106.9700,106.9742,182300
1470405299,107.0000,107.0400,106.9900,107.0185,102600
1470405359,107.0010,107.0200,106.9900,106.9963,151400
1470405419,107.0000,107.0300,106.9950,107.0007,88600
1470405420,106.9770,107.0100,106.9250,107.0000,139000
1470405480,106.9700,106.9900,106.9600,106.9800,128200
1470405599,106.9900,106.9900,106.9099,106.9800,178500
1470405600,107.0400,107.0700,106.9792,106.9900,228900
1470405660,107.0400,107.0600,107.0200,107.0401,71800
1470405721,107.1000,107.1000,107.0342,107.0342,110900
1470405780,107.1250,107.1400,107.0915,107.1000,165600
1470405840,107.1642,107.1800,107.1100,107.1300,165600
1470405900,107.1550,107.1900,107.1000,107.1659,103100
1470406019,107.1100,107.1600,107.1100,107.1500,71600
1470406020,107.0998,107.1300,107.0970,107.1150,94000
1470406080,107.1175,107.1200,107.0900,107.0910,124100
1470406199,107.1050,107.1200,107.0900,107.1100,59700
1470406200,107.1433,107.1500,107.0900,107.1050,101700
1470406260,107.1400,107.1500,107.1100,107.1500,44200
1470406379,107.2000,107.2000,107.1300,107.1322,98700
1470406380,107.2250,107.2300,107.1900,107.2000,117000
1470406499,107.2469,107.2500,107.2100,107.2200,103200
1470406559,107.1600,107.2650,107.1600,107.2500,203400
1470406560,107.1900,107.2200,107.1600,107.1875,89000
1470406621,107.2100,107.2300,107.1900,107.1950,92000
1470406680,107.1501,107.2200,107.1501,107.2173,53000
1470406740,107.1433,107.1600,107.1200,107.1500,80300
1470406800,107.1854,107.1900,107.1500,107.1500,55600
1470406919,107.1899,107.1900,107.1500,107.1800,58600
1470406920,107.1400,107.2000,107.1400,107.1900,64500
1470407039,107.1500,107.1500,107.0900,107.1400,77000
1470407040,107.1144,107.1600,107.1100,107.1500,58300
1470407102,107.1600,107.1600,107.1141,107.1200,90800
1470407160,107.1825,107.2000,107.1556,107.1556,75600
1470407279,107.2101,107.2200,107.1800,107.1800,74900
1470407339,107.2450,107.2500,107.2100,107.2109,129900
1470407340,107.2600,107.2700,107.2400,107.2460,92300
1470407401,107.2800,107.2800,107.2500,107.2560,120300
1470407461,107.2500,107.2750,107.2400,107.2701,98800
1470407520,107.2500,107.2500,107.2400,107.2500,56200
1470407581,107.2550,107.2600,107.2400,107.2450,71800
1470407640,107.2700,107.2800,107.2500,107.2501,58700
1470407700,107.2650,107.2800,107.2600,107.2722,70300
1470407819,107.3000,107.3300,107.2600,107.2602,161200
1470407820,107.2900,107.3500,107.2800,107.3010,159600
1470407880,107.2850,107.2900,107.2700,107.2800,116900
1470407940,107.2800,107.2900,107.2700,107.2800,46800
1470408059,107.3000,107.3000,107.2800,107.2800,68200
1470408119,107.2740,107.3000,107.2500,107.2900,73900
1470408120,107.2648,107.2850,107.2400,107.2729,60700
1470408181,107.2700,107.2800,107.2500,107.2600,53200
1470408241,107.2450,107.2900,107.2300,107.2750,124100
1470408359,107.2500,107.2700,107.2300,107.2500,84400
1470408418,107.2750,107.2900,107.2500,107.2500,49000
1470408420,107.2950,107.3000,107.2710,107.2710,44600
1470408480,107.3050,107.3300,107.2900,107.2900,114700
1470408540,107.3201,107.3300,107.3000,107.3100,38300
1470408601,107.3700,107.3700,107.3200,107.3202,106100
1470408660,107.4000,107.4150,107.3685,107.3685,199700
1470408720,107.4100,107.4400,107.3800,107.4000,94300
1470408780,107.4240,107.4450,107.4000,107.4000,78800
1470408899,107.4200,107.4400,107.4100,107.4300,89500
1470408959,107.3650,107.4190,107.3600,107.4160,99500
1470408960,107.3700,107.4100,107.3600,107.3700,79100
1470409020,107.3700,107.3900,107.3600,107.3700,580300
1470409082,107.3700,107.3800,107.3300,107.3700,81400
1470409199,107.3546,107.4000,107.3500,107.3789,54400
1470409200,107.3300,107.3547,107.3200,107.3500,70000
1470409260,107.3400,107.3700,107.3210,107.3390,88600
1470409320,107.3100,107.3700,107.3100,107.3400,78500
1470409381,107.2800,107.3400,107.2600,107.3100,106700
1470409440,107.2600,107.2700,107.2300,107.2700,179200
1470409500,107.2735,107.2950,107.2600,107.2700,91300
1470409562,107.3200,107.3300,107.2750,107.2750,59100
1470409620,107.2741,107.3150,107.2600,107.3150,69200
1470409680,107.2900,107.2950,107.2600,107.2700,52400
1470409742,107.2655,107.2959,107.2600,107.2915,37100
1470409859,107.2700,107.2700,107.2400,107.2640,52000
1470409860,107.2744,107.2900,107.2600,107.2700,38600
1470409920,107.2835,107.2900,107.2600,107.2701,21300
1470410039,107.3300,107.3350,107.2850,107.2850,42100
1470410040,107.2942,107.3300,107.2800,107.3250,57400
1470410101,107.2638,107.3000,107.2600,107.3000,47300
1470410160,107.2600,107.2700,107.2400,107.2650,67500
1470410220,107.2600,107.2800,107.2500,107.2600,49000
1470410339,107.2650,107.2700,107.2500,107.2600,45900
1470410340,107.3050,107.3150,107.2600,107.2690,35600
1470410400,107.2696,107.3050,107.2500,107.3050,49800
1470410460,107.2550,107.2700,107.2500,107.2650,32200
1470410521,107.2642,107.2700,107.2500,107.2500,59300
1470410639,107.2600,107.2700,107.2400,107.2600,73300
1470410641,107.2700,107.2700,107.2500,107.2501,32700
1470410700,107.2800,107.2900,107.2650,107.2700,44100
1470410763,107.2750,107.3000,107.2700,107.2700,56200
1470410820,107.2700,107.2900,107.2600,107.2700,43200
1470410881,107.2601,107.2800,107.2500,107.2542,61700
1470410999,107.2700,107.2790,107.2600,107.2600,26300
1470411000,107.2750,107.2800,107.2600,107.2700,55400
1470411060,107.2600,107.2756,107.2500,107.2756,34300
1470411121,107.2700,107.2800,107.2550,107.2652,52300
1470411239,107.2100,107.2800,107.2100,107.2600,119900
1470411298,107.2550,107.2600,107.2000,107.2050,53300
1470411359,107.2800,107.3000,107.2500,107.2501,348900
1470411360,107.3300,107.3500,107.2800,107.2849,93400
1470411420,107.3550,107.3800,107.3300,107.3300,79100
1470411480,107.3550,107.3700,107.3500,107.3600,51100
1470411540,107.3750,107.3800,107.3500,107.3600,30700
1470411600,107.4110,107.4200,107.3701,107.3800,59300
1470411661,107.4250,107.4400,107.4100,107.4156,174200
1470411779,107.4350,107.4400,107.4200,107.4200,71000
1470411780,107.4500,107.4600,107.4300,107.4350,119800
1470411840,107.4500,107.4550,107.4400,107.4500,48500
1470411900,107.4675,107.4700,107.4250,107.4400,207600
1470411961,107.5010,107.5100,107.4600,107.4650,225000
1470412079,107.4600,107.5100,107.4410,107.5050,107300
1470412080,107.4699,107.4700,107.4500,107.4550,30800
1470412199,107.5042,107.5150,107.4600,107.4600,109600
1470412200,107.5200,107.5500,107.5050,107.5100,90700
1470412261,107.4750,107.5250,107.4700,107.5250,95000
1470412379,107.4541,107.4759,107.4300,107.4700,78200
1470412439,107.4460,107.4600,107.4300,107.4560,39900
1470412499,107.4760,107.5000,107.4400,107.4400,84300
1470412559,107.5100,107.5101,107.4500,107.4700,106900
1470412619,107.5342,107.5400,107.5100,107.5100,47600
1470412621,107.5100,107.5358,107.4900,107.5300,129300
1470412680,107.5300,107.5400,107.5100,107.5100,32100
1470412740,107.4900,107.5400,107.4900,107.5301,81900
1470412800,107.5000,107.5000,107.4900,107.4900,39800
1470412919,107.4400,107.5300,107.4400,107.5000,93200
1470412920,107.4700,107.4800,107.4400,107.4400,49100
1470412981,107.4800,107.4850,107.4700,107.4798,21500
1470413040,107.4960,107.5000,107.4700,107.4750,64300
1470413101,107.4900,107.4910,107.4800,107.4900,29300
1470413161,107.4850,107.5000,107.4700,107.4801,53600
1470413279,107.5250,107.5300,107.4810,107.4850,73900
1470413339,107.5700,107.5800,107.5200,107.5250,99600
1470413399,107.5700,107.6000,107.5500,107.5600,77900
1470413400,107.5600,107.5850,107.5600,107.5790,50700
1470413460,107.5400,107.6000,107.5300,107.5601,60000
1470413521,107.5690,107.5700,107.5423,107.5423,25400
1470413639,107.5226,107.5700,107.5200,107.5675,42500
1470413699,107.5466,107.5500,107.5200,107.5275,17900
1470413701,107.5599,107.5600,107.5200,107.5473,45500
1470413761,107.5350,107.5700,107.5259,107.5537,24200
1470413820,107.5900,107.6000,107.5200,107.5300,102700
1470413882,107.5700,107.6000,107.5700,107.5950,18000
1470413998,107.5700,107.5800,107.5700,107.5800,9200
1470414000,107.5767,107.5800,107.5700,107.5700,13100
1470414119,107.5800,107.5900,107.5700,107.5800,74700
1470414120,107.5900,107.5900,107.5400,107.5800,67300
1470414184,107.5700,107.5900,107.5600,107.5800,42800
1470414298,107.6190,107.6300,107.5800,107.5800,114000
1470414359,107.5800,107.6100,107.5600,107.6100,39600
1470414361,107.5850,107.5900,107.5700,107.5800,16900
1470414479,107.5700,107.5850,107.5700,107.5800,21200
1470414481,107.5813,107.5900,107.5700,107.5758,20300
1470414544,107.6000,107.6100,107.5800,107.5810,58000
1470414600,107.6200,107.6400,107.6000,107.6100,74700
1470414660,107.5900,107.6200,107.5900,107.6200,36700
1470414722,107.6000,107.6100,107.5900,107.5900,26700
1470414781,107.5700,107.6030,107.5700,107.6000,55200
1470414899,107.5800,107.5800,107.5700,107.5700,53700
1470414900,107.5800,107.5900,107.5700,107.5750,130100
1470415018,107.5450,107.6000,107.5400,107.5900,113900
1470415021,107.5143,107.5499,107.5099,107.5400,251000
1470415080,107.5150,107.5400,107.5100,107.5200,145800
1470415140,107.5307,107.5400,107.5101,107.5199,37600
1470415200,107.5457,107.5500,107.5300,107.5300,13800
1470415318,107.5000,107.5500,107.4900,107.5400,60700
1470415320,107.4700,107.5050,107.4700,107.5001,71500
1470415439,107.4900,107.5000,107.4700,107.4800,50300
1470415441,107.5400,107.5400,107.4900,107.4900,1130300
1470415500,107.5300,107.5500,107.5200,107.5400,190600
1470415619,107.5825,107.5900,107.5350,107.5350,63700
1470415679,107.5940,107.6000,107.5769,107.5825,59600
1470415739,107.5950,107.6000,107.5900,107.5950,16200
1470415799,107.6100,107.6100,107.5900,107.5950,49700
1470415859,107.6000,107.6100,107.6000,107.6100,46300
1470415918,107.6000,107.6100,107.6000,107.6000,14900
1470415920,107.5938,107.6100,107.5800,107.6050,45700
1470415983,107.5900,107.6000,107.5900,107.5900,8400
1470416040,107.5950,107.6000,107.5900,107.5950,32100
1470416159,107.5679,107.5965,107.5500,107.5965,99500
1470416160,107.5700,107.5800,107.5601,107.5650,22000
1470416224,107.5550,107.5750,107.5500,107.5700,45900
1470416283,107.5565,107.5600,107.5500,107.5500,0
1470416344,107.5301,107.5600,107.5100,107.5500,78300
1470416400,107.5259,107.5400,107.5100,107.5350,35200
1470416460,107.5400,107.5550,107.5250,107.5250,32100
1470416524,107.5600,107.5600,107.5400,107.5400,31700
1470416580,107.5600,107.5600,107.5400,107.5500,36200
1470416699,107.5500,107.5700,107.5400,107.5500,64900
1470416701,107.5550,107.5700,107.5500,107.5500,25100
1470416760,107.5699,107.5700,107.5500,107.5591,26400
1470416821,107.5601,107.5700,107.5500,107.5600,51900
1470416939,107.5650,107.5700,107.5600,107.5600,21100
1470416941,107.5601,107.5700,107.5600,107.5650,39400
1470417000,107.5550,107.5700,107.5500,107.5650,56600
1470417064,107.5600,107.5690,107.5500,107.5541,34700
1470417120,107.5640,107.5700,107.5400,107.5635,60900
1470417185,107.5600,107.5700,107.5600,107.5700,34200
1470417240,107.5600,107.5700,107.5600,107.5650,21600
1470417302,107.5690,107.5700,107.5600,107.5700,19300
1470417362,107.5600,107.5700,107.5600,107.5618,14100
1470417423,107.5650,107.5700,107.5600,107.5688,27200
1470417539,107.5865,107.5900,107.5600,107.5700,47000
1470417599,107.5700,107.5950,107.5600,107.5850,44100
1470417659,107.5700,107.5800,107.5600,107.5610,26100
1470417719,107.5350,107.5700,107.5300,107.5700,54900
1470417779,107.5400,107.5400,107.5100,107.5300,57700
1470417839,107.5400,107.5500,107.5242,107.5350,40600
1470417840,107.5400,107.5500,107.5300,107.5350,31900
1470417957,107.5310,107.5500,107.5300,107.5450,27200
1470417960,107.5510,107.5600,107.5300,107.5400,29800
1470418021,107.5600,107.5700,107.5500,107.5550,18000
1470418081,107.5500,107.5700,107.5400,107.5650,88600
1470418199,107.5600,107.5650,107.5480,107.5500,21000
1470418201,107.5810,107.5900,107.5600,107.5600,39900
1470418260,107.5950,107.6000,107.5800,107.5850,292300
1470418322,107.6000,107.6000,107.5800,107.5900,35100
1470418384,107.5993,107.6000,107.5900,107.5901,14000
1470418443,107.5800,107.6000,107.5700,107.5900,59400
1470418501,107.5700,107.5850,107.5410,107.5825,48300
1470418619,107.5500,107.5800,107.5400,107.5600,43600
1470418625,107.5600,107.5700,107.5500,107.5550,15600
1470418687,107.5750,107.5800,107.5500,107.5500,24900
1470418799,107.5800,107.5800,107.5700,107.5800,23200
1470418800,107.6000,107.6000,107.5750,107.5750,47900
1470418919,107.6025,107.6100,107.5800,107.5960,244700
1470418979,107.5850,107.6000,107.5800,107.5800,21900
1470418980,107.6100,107.6100,107.5810,107.5900,51900
1470419092,107.6101,107.6300,107.6101,107.6200,53300
1470419159,107.6100,107.6300,107.6000,107.6100,35500
1470419218,107.5800,107.6150,107.5600,107.6060,65900
1470419220,107.5850,107.5900,107.5700,107.5800,34100
1470419281,107.6000,107.6000,107.5800,107.5800,135200
1470419340,107.5953,107.6000,107.5900,107.6000,17300
1470419459,107.6100,107.6200,107.5950,107.6000,85800
1470419519,107.6050,107.6200,107.6000,107.6150,146900
1470419520,107.6100,107.6100,107.6000,107.6100,23900
1470419639,107.6100,107.6100,107.6000,107.6038,69000
1470419640,107.6050,107.6100,107.6000,107.6100,41300
1470419758,107.6200,107.6200,107.6000,107.6050,67900
1470419819,107.6001,107.6170,107.5900,107.6170,45000
1470419879,107.6400,107.6400,107.6009,107.6041,81600
1470419881,107.6411,107.6500,107.6300,107.6393,46000
1470419940,107.6400,107.6500,107.6301,107.6500,552300
1470420000,107.6500,107.6500,107.6350,107.6400,40500
1470420060,107.6300,107.6500,107.6300,107.6450,240200
1470420120,107.6300,107.6400,107.6300,107.6350,18700
1470420180,107.6300,107.6400,107.6300,107.6400,76900
1470420240,107.6150,107.6341,107.6000,107.6300,84400
1470420300,107.6100,107.6200,107.5700,107.6150,48000
1470420366,107.5841,107.6100,107.5801,107.6050,31200
1470420421,107.5600,107.5900,107.5400,107.5801,61200
1470420480,107.5500,107.5600,107.5500,107.5600,23200
1470420599,107.5300,107.5700,107.5300,107.5500,54500
1470420600,107.5400,107.5500,107.5300,107.5300,34200
1470420661,107.5408,107.5560,107.5340,107.5450,51400
1470420720,107.5530,107.5600,107.5400,107.5404,27800
1470420782,107.5800,107.5900,107.5500,107.5500,38400
1470420841,107.5850,107.5900,107.5700,107.5700,15000
1470420902,107.5711,107.6000,107.5700,107.5900,80300
1470420962,107.5410,107.5800,107.5400,107.5700,42900
1470421079,107.5500,107.5600,107.5400,107.5400,23600
1470421084,107.5500,107.5650,107.5400,107.5500,48000
1470421199,107.5425,107.5700,107.5405,107.5500,66800
1470421254,107.5600,107.5700,107.5400,107.5450,12300
1470421261,107.5800,107.5900,107.5600,107.5650,45800
1470421377,107.5900,107.5900,107.5700,107.5800,25300
1470421383,107.5608,107.5864,107.5600,107.5800,41200
1470421441,107.5550,107.5790,107.5400,107.5653,49600
1470421558,107.5400,107.5600,107.5400,107.5600,26700
1470421560,107.5441,107.5500,107.5200,107.5400,59700
1470421679,107.5401,107.5550,107.5300,107.5441,31000
1470421681,107.5350,107.5500,107.5300,107.5467,16700
1470421740,107.5500,107.5550,107.5300,107.5350,28500
1470421800,107.5527,107.5600,107.5400,107.5500,35900
1470421861,107.5195,107.5550,107.5150,107.5550,51300
1470421979,107.5500,107.5600,107.5100,107.5165,41500
1470422039,107.5800,107.5800,107.5400,107.5400,38300
1470422099,107.5500,107.5793,107.5400,107.5701,62600
1470422100,107.5600,107.5600,107.5400,107.5450,45800
1470422219,107.5300,107.5700,107.5200,107.5700,126200
1470422279,107.5400,107.5500,107.5300,107.5450,34600
1470422280,107.5350,107.5400,107.5250,107.5350,58000
1470422342,107.5340,107.5400,107.5300,107.5400,12300
1470422400,107.5350,107.5400,107.5300,107.5325,26800
1470422519,107.5142,107.5400,107.4800,107.5400,170100
1470422520,107.5400,107.5500,107.5100,107.5101,106500
1470422580,107.5350,107.5500,107.5300,107.5300,66800
1470422640,107.5200,107.5400,107.5200,107.5350,112100
1470422700,107.5100,107.5250,107.5000,107.5117,72700
1470422764,107.5040,107.5299,107.5000,107.5200,84500
1470422823,107.4900,107.5100,107.4900,107.5027,76900
1470422880,107.5065,107.5065,107.4900,107.4900,45700
1470422940,107.4900,107.5100,107.4900,107.5000,264400
1470423000,107.3999,107.4999,107.3900,107.4999,249400
1470423060,107.4425,107.4500,107.3976,107.3976,70900
1470423120,107.4450,107.4500,107.4250,107.4400,54100
1470423180,107.4250,107.4500,107.4200,107.4400,45500
1470423241,107.4200,107.4400,107.4001,107.4300,48000
1470423359,107.4125,107.4200,107.4100,107.4100,40200
1470423360,107.4000,107.4300,107.3700,107.4100,109800
1470423420,107.4320,107.4320,107.3900,107.4000,31300
1470423482,107.4435,107.4600,107.4322,107.4338,51000
1470423540,107.4400,107.4500,107.4300,107.4441,30100
1470423600,107.4500,107.4500,107.4300,107.4400,46900
1470423660,107.4200,107.4700,107.4100,107.4400,71200
1470423779,107.4075,107.4300,107.4000,107.4200,61600
1470423780,107.4000,107.4100,107.3900,107.4001,38700
1470423840,107.4000,107.4100,107.3900,107.4000,65300
1470423959,107.4500,107.4600,107.3920,107.4000,63700
1470423960,107.4600,107.4800,107.4400,107.4600,112700
1470424079,107.4301,107.4650,107.4300,107.4600,44200
1470424080,107.3766,107.4359,107.3700,107.4300,93200
1470424199,107.4400,107.4400,107.3600,107.3800,46400
1470424200,107.4642,107.4700,107.4300,107.4400,52600
1470424260,107.4650,107.4700,107.4500,107.4600,50800
1470424379,107.4700,107.4900,107.4600,107.4601,59400
1470424439,107.4590,107.4750,107.4400,107.4659,39500
1470424499,107.4400,107.4700,107.4300,107.4500,54700
1470424500,107.4900,107.5000,107.4341,107.4400,67300
1470424619,107.5213,107.5400,107.4800,107.4900,195000
1470424678,107.5600,107.5700,107.5241,107.5300,77800
1470424680,107.5303,107.5800,107.5300,107.5600,71000
1470424743,107.5410,107.5499,107.5200,107.5300,25900
1470424859,107.5300,107.5550,107.5200,107.5400,49300
1470424917,107.5152,107.5400,107.5000,107.5299,45400
1470424920,107.5001,107.5150,107.4850,107.5100,45800
1470424984,107.4910,107.5200,107.4900,107.5059,32600
1470425040,107.5100,107.5200,107.4900,107.4900,47000
1470425101,107.4500,107.5100,107.4400,107.5050,67300
1470425160,107.4700,107.4700,107.4241,107.4450,68800
1470425220,107.4640,107.4800,107.4550,107.4610,66100
1470425280,107.4910,107.5000,107.4750,107.4760,38800
1470425340,107.5501,107.5600,107.4920,107.4999,55200
1470425400,107.5101,107.5550,107.5000,107.5550,103300
1470425460,107.5000,107.5200,107.4901,107.5200,46300
1470425522,107.4841,107.5000,107.4600,107.5000,60600
1470425580,107.4750,107.4850,107.4500,107.4850,63800
1470425640,107.4900,107.4900,107.4750,107.4799,64100
1470425700,107.4900,107.5100,107.4800,107.4900,186400
1470425819,107.5500,107.5500,107.4900,107.5000,76400
1470425879,107.5500,107.5600,107.5400,107.5410,94200
1470425939,107.5500,107.5800,107.5400,107.5550,45100
1470425940,107.5800,107.6000,107.5500,107.5500,80400
1470426000,107.5337,107.6000,107.5300,107.5900,130100
1470426060,107.5199,107.5400,107.4800,107.5300,128200
1470426179,107.5300,107.5500,107.5050,107.5200,124600
1470426180,107.5350,107.5400,107.5200,107.5200,46200
1470426299,107.5300,107.5400,107.5300,107.5305,59200
1470426300,107.5050,107.5400,107.4800,107.5310,94200
1470426418,107.5400,107.5400,107.4900,107.5050,98100
1470426477,107.5501,107.5600,107.5300,107.5400,77300
1470426539,107.5000,107.5590,107.4841,107.5542,132800
1470426599,107.4900,107.5000,107.4700,107.5000,80700
1470426600,107.5278,107.5600,107.4900,107.4900,131900
1470426660,107.5000,107.5450,107.4700,107.5300,158800
1470426720,107.5000,107.5100,107.4900,107.4900,95100
1470426781,107.5100,107.5100,107.4900,107.4900,84200
1470426840,107.4601,107.5100,107.4600,107.5100,115000
1470426900,107.4700,107.5000,107.4400,107.4650,193100
1470426960,107.4700,107.4800,107.4400,107.4700,239100
1470427079,107.5100,107.5100,107.4600,107.4760,125400
1470427080,107.4700,107.5100,107.4700,107.5050,240200
1470427140,107.4700,107.4900,107.4200,107.4700,500100
1470427200,107.4650,107.4650,107.4650,107.4650,100
