uri:/instrument/1.0/VIA/chartdata;type=quote;range=1d/csv
ticker:via
Company-Name:Viacom Inc.
Exchange-Name:NMS
unit:MIN
timezone:EDT
currency:USD
gmtoffset:-14400
previous_close:48.6400
Timestamp:1470317400,1470340800
labels:1470319200,1470322800,1470326400,1470330000,1470333600,1470337200,1470340800
values:Timestamp,close,high,low,open,volume
close:48.5300,49.6000
high:48.5300,49.6000
low:48.4200,49.6000
open:48.5300,49.6000
volume:0,107400
1470317400,49.4200,49.4200,49.4200,49.4200,107400
1470317514,48.9900,49.2450,48.9900,49.2450,13000
1470317547,48.6800,48.8400,48.6800,48.7400,10200
1470317580,48.6100,48.7500,48.5400,48.5500,2800
1470317748,48.6200,48.6200,48.6200,48.6200,500
1470317810,48.5400,48.6200,48.5400,48.6200,900
1470317837,48.7100,48.7100,48.5900,48.6100,800
1470317926,48.6000,48.8200,48.5000,48.7100,4600
1470317999,48.5300,48.6400,48.4200,48.6000,4700
1470318059,48.6130,48.8600,48.5300,48.5300,11300
1470318060,49.0000,49.0300,48.6130,48.6130,7700
1470318175,48.9800,49.1100,48.8500,48.9000,6500
1470318216,49.1300,49.1500,49.0500,49.0500,1100
1470318282,48.9900,49.0100,48.9000,49.0000,800
1470318350,49.0000,49.1000,48.9200,48.9800,3000
1470318419,48.7500,48.9800,48.6800,48.9500,7200
1470318453,48.8600,48.8600,48.7600,48.7600,1400
1470318517,48.9900,48.9900,48.9000,48.9000,500
1470318598,48.8900,48.9200,48.8900,48.9100,3000
1470318617,48.9900,49.0100,48.8700,48.8700,1400
1470318678,49.2200,49.2200,49.0500,49.0500,1400
1470318775,48.9700,49.1000,48.9600,49.1000,2300
1470318814,48.9000,49.1000,48.9000,49.0294,2300
1470318941,48.8000,48.8000,48.8000,48.8000,100
1470319013,49.3000,49.3000,48.9200,48.9200,1800
1470319078,49.0200,49.1000,49.0200,49.1000,2900
1470319138,48.8400,48.9500,48.8100,48.9500,900
1470319199,48.9500,49.0200,48.9300,48.9300,1300
1470319259,48.9900,48.9900,48.9500,48.9500,900
1470319305,49.0500,49.0500,48.9900,48.9900,800
1470319329,49.1500,49.1650,49.0400,49.0400,2600
1470319391,49.1400,49.1400,49.0700,49.0700,200
1470319499,49.2000,49.2000,49.2000,49.2000,1200
1470319500,49.0600,49.2100,49.0600,49.2000,1900
1470319619,48.8000,49.0200,48.8000,49.0200,1600
1470319649,48.8200,48.8200,48.7500,48.7500,500
1470319732,48.8900,48.8900,48.8300,48.8300,900
1470319845,49.0000,49.0500,48.9300,48.9600,900
1470319918,49.1100,49.1100,49.0900,49.0900,900
1470319923,49.1100,49.1100,49.1100,49.1100,200
1470320140,49.2200,49.2200,49.2200,49.2200,100
1470320228,49.3000,49.3000,49.3000,49.3000,100
1470320286,49.4800,49.4800,49.4800,49.4800,100
1470320448,49.4200,49.4200,49.4200,49.4200,1100
1470320571,49.6000,49.6000,49.6000,49.6000,300
1470320581,49.6000,49.6000,49.6000,49.6000,200
1470320746,49.5000,49.5000,49.5000,49.5000,100
1470320876,49.4400,49.4400,49.4400,49.4400,100
1470321292,49.3500,49.3600,49.3500,49.3600,700
1470321377,49.4000,49.4800,49.3600,49.3600,500
1470321455,49.3000,49.3000,49.3000,49.3000,100
1470321656,49.2600,49.2700,49.2600,49.2700,400
1470321701,49.2000,49.2800,49.2000,49.2800,200
1470321801,49.0000,49.1400,49.0000,49.1400,800
1470321950,49.0100,49.0100,49.0100,49.0100,100
1470322195,49.0800,49.0900,49.0800,49.0900,1500
1470322210,49.1100,49.1100,49.1100,49.1100,100
1470322366,48.9500,48.9500,48.9500,48.9500,500
1470322414,48.9750,48.9750,48.9750,48.9750,100
1470322908,49.2500,49.2500,49.2400,49.2500,300
1470322975,49.4500,49.4500,49.3950,49.4000,800
1470323483,49.3490,49.3950,49.2810,49.2810,1100
1470323572,49.2800,49.3472,49.2800,49.2800,2200
1470323792,49.4200,49.4200,49.4200,49.4200,100
1470324006,49.4500,49.4500,49.3700,49.3700,800
1470324238,49.4400,49.4400,49.4400,49.4400,200
1470324266,49.4600,49.4600,49.4600,49.4600,200
1470324682,49.4550,49.5100,49.4550,49.4550,900
1470324735,49.3600,49.4100,49.3600,49.4100,1900
1470324789,49.3600,49.3800,49.3600,49.3800,800
1470325361,49.3800,49.3800,49.3800,49.3800,100
1470325600,49.2533,49.2533,49.2533,49.2533,300
1470326082,49.1508,49.1508,49.1508,49.1508,300
1470326278,49.1800,49.1800,49.1600,49.1600,200
1470326870,49.1600,49.1600,49.1600,49.1600,200
1470326982,49.3300,49.3300,49.3300,49.3300,100
1470328437,49.2540,49.2540,49.2540,49.2540,100
1470329069,49.1701,49.1701,49.1701,49.1701,600
1470329397,49.2400,49.2400,49.2400,49.2400,100
1470329449,49.2500,49.2500,49.2500,49.2500,300
1470329619,49.1800,49.2000,49.1800,49.2000,300
1470329673,49.1200,49.1600,49.1200,49.1600,600
1470329848,48.9610,49.0700,48.9600,49.0201,3600
1470331304,48.7300,48.7300,48.7300,48.7300,100
1470331466,48.6800,48.6900,48.6800,48.6900,400
1470331804,48.6820,48.6820,48.6820,48.6820,200
1470331860,48.8500,48.8500,48.8500,48.8500,100
1470332567,48.9400,48.9400,48.9300,48.9300,700
1470332594,49.0000,49.0000,49.0000,49.0000,100
1470332895,48.9435,48.9435,48.9435,48.9435,100
1470333144,48.8800,48.8800,48.8800,48.8800,600
1470333603,48.7702,48.7702,48.7702,48.7702,500
1470333986,48.8500,48.8500,48.8500,48.8500,200
1470334690,48.7900,48.7900,48.7900,48.7900,200
1470334792,48.7100,48.7100,48.7100,48.7100,100
1470335131,48.7000,48.7000,48.7000,48.7000,700
1470335655,48.7600,48.7600,48.7100,48.7100,700
1470335827,48.7700,48.7700,48.7700,48.7700,100
1470335922,48.7700,48.7700,48.7700,48.7700,100
1470335992,48.7800,48.7800,48.7800,48.7800,100
1470336038,48.7100,48.7100,48.7100,48.7100,300
1470336309,48.7600,48.7600,48.7500,48.7500,600
1470336536,48.6500,48.7100,48.6500,48.7100,900
1470336548,48.6500,48.6500,48.6500,48.6500,400
1470336691,48.6900,48.6900,48.6900,48.6900,100
1470336742,48.7103,48.7700,48.7103,48.7400,1000
1470336791,48.7700,48.7700,48.7700,48.7700,200
1470337058,48.7700,48.7700,48.7600,48.7600,500
1470337603,48.7600,48.7600,48.7600,48.7600,100
1470337644,48.7363,48.7363,48.7363,48.7363,500
1470337704,48.7200,48.7400,48.7200,48.7400,800
1470338055,48.7000,48.7100,48.7000,48.7100,200
1470338253,48.5400,48.5400,48.5400,48.5400,100
1470338874,48.6000,48.6000,48.5800,48.5900,1000
1470339520,48.5300,48.5300,48.5300,48.5300,100
1470339770,48.5500,48.5500,48.5500,48.5500,200
1470339930,48.6700,48.6700,48.6000,48.6000,300
1470340000,48.7400,48.7400,48.6700,48.6700,500
1470340071,48.7400,48.7400,48.7400,48.7400,100
1470340219,48.7600,48.7600,48.7600,48.7600,100
1470340296,48.7400,48.7600,48.7000,48.7300,1400
1470340355,48.7300,48.7300,48.7300,48.7300,100
1470340435,48.7000,48.7000,48.7000,48.7000,100
1470340452,48.7300,48.7300,48.7300,48.7300,200
1470340500,48.7500,48.7500,48.7500,48.7500,100
1470340606,48.7600,48.7600,48.7600,48.7600,400
1470340678,48.7500,48.7500,48.7500,48.7500,300
1470340739,48.7800,48.7800,48.7700,48.7700,5000
1470340743,48.8300,48.8300,48.7800,48.7800,13800
1470340800,48.7700,48.7700,48.7700,48.7700,0
