uri:/instrument/1.0/GDX/chartdata;type=quote;range=1d/csv
ticker:gdx
Company-Name:VanEck Vectors Gold Miners ETF
Exchange-Name:PCX
unit:MIN
timezone:EDT
currency:USD
gmtoffset:-14400
previous_close:30.9300
Timestamp:1470144600,1470168000
labels:1470146400,1470150000,1470153600,1470157200,1470160800,1470164400,1470168000
values:Timestamp,close,high,low,open,volume
close:31.2050,31.6300
high:31.2200,31.6400
low:31.1800,31.6100
open:31.2000,31.6300
volume:1400,18291700
1470144653,31.2750,31.3100,31.2607,31.3100,918600
1470144719,31.3668,31.3900,31.3100,31.3100,278400
1470144779,31.3200,31.3900,31.3092,31.3800,228200
1470144786,31.3300,31.3500,31.3100,31.3200,199900
1470144899,31.3311,31.3700,31.3100,31.3500,144800
1470144901,31.2300,31.3400,31.2300,31.3400,321500
1470145018,31.2750,31.3000,31.2000,31.2350,252600
1470145032,31.2800,31.3300,31.2700,31.2750,195400
1470145138,31.3300,31.3650,31.2650,31.2850,159300
1470145199,31.4200,31.4300,31.3050,31.3300,288300
1470145258,31.4400,31.4700,31.4000,31.4200,294500
1470145319,31.4350,31.4400,31.4200,31.4300,313900
1470145378,31.4100,31.4301,31.4000,31.4300,273400
1470145439,31.3300,31.3900,31.3150,31.3900,140800
1470145499,31.3900,31.4000,31.3400,31.3400,151400
1470145556,31.3700,31.4300,31.3700,31.4100,172400
1470145618,31.3700,31.4000,31.3550,31.3650,101700
1470145679,31.4200,31.4250,31.3500,31.3600,155600
1470145738,31.4400,31.4500,31.4200,31.4250,150600
1470145799,31.3700,31.4400,31.3700,31.4400,118500
1470145859,31.4400,31.4400,31.3600,31.3600,173500
1470145919,31.4300,31.4550,31.4200,31.4490,88700
1470145977,31.4200,31.4400,31.3950,31.4400,53700
1470146038,31.4650,31.4750,31.4200,31.4200,205900
1470146095,31.4450,31.4800,31.4400,31.4800,135000
1470146154,31.5000,31.5000,31.4448,31.4650,126500
1470146219,31.4850,31.5090,31.4800,31.4957,121500
1470146279,31.4500,31.4900,31.4500,31.4835,162400
1470146339,31.4400,31.4600,31.4300,31.4600,103600
1470146399,31.4200,31.4599,31.4200,31.4550,45000
1470146459,31.4000,31.4300,31.3900,31.4300,90800
1470146518,31.4266,31.4266,31.4000,31.4100,59700
1470146579,31.4150,31.4299,31.3900,31.4299,139100
1470146638,31.4400,31.4450,31.3950,31.4200,191900
1470146699,31.4600,31.4600,31.4243,31.4350,46500
1470146758,31.4708,31.4900,31.4600,31.4664,120000
1470146819,31.4700,31.4801,31.4600,31.4801,141600
1470146878,31.4500,31.4888,31.4500,31.4700,59800
1470146938,31.4850,31.4900,31.4400,31.4500,92000
1470146998,31.5200,31.5397,31.4700,31.4850,184300
1470147001,31.5000,31.5300,31.4900,31.5200,98100
1470147113,31.4750,31.5050,31.4700,31.5000,114500
1470147175,31.4650,31.4900,31.4550,31.4700,98300
1470147239,31.4792,31.4900,31.4500,31.4600,143200
1470147298,31.4786,31.4990,31.4600,31.4800,75600
1470147359,31.5100,31.5100,31.4700,31.4700,71300
1470147418,31.5250,31.5350,31.5000,31.5100,163900
1470147478,31.5150,31.5266,31.5100,31.5200,107000
1470147539,31.5250,31.5500,31.5100,31.5200,269900
1470147540,31.4850,31.5300,31.4800,31.5200,160700
1470147659,31.4850,31.4900,31.4700,31.4800,68000
1470147718,31.4400,31.4850,31.4350,31.4850,157400
1470147720,31.4700,31.4800,31.4400,31.4400,86800
1470147837,31.4750,31.4950,31.4642,31.4650,51700
1470147894,31.4800,31.4800,31.4600,31.4800,36800
1470147959,31.5050,31.5200,31.4750,31.4800,63400
1470148019,31.4800,31.4990,31.4750,31.4800,60900
1470148020,31.4812,31.4950,31.4700,31.4800,79900
1470148139,31.4800,31.4872,31.4600,31.4872,89300
1470148199,31.4800,31.4900,31.4700,31.4701,82000
1470148200,31.5050,31.5050,31.4700,31.4750,64100
1470148318,31.5200,31.5300,31.4900,31.5050,98700
1470148375,31.5200,31.5300,31.5100,31.5200,63200
1470148439,31.5300,31.5400,31.5200,31.5250,58900
1470148499,31.5300,31.5300,31.5100,31.5300,39700
1470148558,31.5300,31.5500,31.5250,31.5300,63500
1470148619,31.5600,31.5868,31.5400,31.5500,218900
1470148679,31.5750,31.5899,31.5600,31.5650,91700
1470148680,31.5860,31.6000,31.5700,31.5750,92400
1470148799,31.6050,31.6100,31.5850,31.5890,89500
1470148859,31.6300,31.6300,31.6100,31.6100,183500
1470148919,31.6000,31.6400,31.5800,31.6300,278900
1470148979,31.5158,31.5800,31.5110,31.5700,112800
1470149038,31.4800,31.5265,31.4650,31.5100,195300
1470149040,31.5100,31.5200,31.4750,31.4850,60100
1470149159,31.5450,31.5650,31.5100,31.5160,145300
1470149219,31.5560,31.5600,31.5200,31.5450,150400
1470149220,31.5650,31.5762,31.5400,31.5550,86200
1470149339,31.5800,31.5900,31.5600,31.5600,71600
1470149396,31.5800,31.5850,31.5650,31.5700,54400
1470149458,31.5700,31.5801,31.5500,31.5801,74900
1470149519,31.5599,31.5700,31.5450,31.5700,59900
1470149577,31.5600,31.5700,31.5510,31.5600,87800
1470149638,31.5888,31.6000,31.5550,31.5550,115900
1470149697,31.5900,31.5950,31.5800,31.5900,65100
1470149759,31.5900,31.6000,31.5800,31.5950,44600
1470149819,31.6300,31.6300,31.5900,31.5950,71300
1470149879,31.6100,31.6300,31.6000,31.6300,56300
1470149880,31.5950,31.6100,31.5900,31.6050,56300
1470149997,31.5300,31.5900,31.5300,31.5800,90500
1470150058,31.5600,31.5700,31.5300,31.5300,198300
1470150119,31.5600,31.5700,31.5400,31.5600,102700
1470150179,31.5750,31.5800,31.5600,31.5700,103200
1470150236,31.5900,31.5950,31.5720,31.5800,88800
1470150299,31.5500,31.5900,31.5450,31.5900,111600
1470150300,31.5500,31.5599,31.5400,31.5552,54100
1470150417,31.5630,31.5800,31.5310,31.5350,117700
1470150420,31.5750,31.5800,31.5650,31.5700,72800
1470150539,31.5800,31.5900,31.5600,31.5750,71200
1470150590,31.5814,31.5950,31.5800,31.5900,56700
1470150657,31.5830,31.5990,31.5800,31.5900,76900
1470150668,31.5900,31.5950,31.5600,31.5800,73200
1470150722,31.5750,31.5950,31.5650,31.5900,53900
1470150838,31.5900,31.5950,31.5800,31.5900,45200
1470150898,31.5952,31.6000,31.5700,31.5900,108400
1470150956,31.5750,31.6000,31.5650,31.6000,51000
1470151019,31.5800,31.5800,31.5650,31.5700,57000
1470151078,31.5890,31.6000,31.5750,31.5800,84500
1470151137,31.6150,31.6200,31.5850,31.5900,92400
1470151142,31.5862,31.6250,31.5800,31.6164,54500
1470151259,31.5850,31.6000,31.5800,31.5900,77000
1470151263,31.6000,31.6050,31.5900,31.5900,46600
1470151378,31.5650,31.5950,31.5600,31.5900,70500
1470151383,31.5450,31.5750,31.5400,31.5750,99000
1470151498,31.5650,31.5690,31.5350,31.5400,82200
1470151559,31.5400,31.5650,31.5400,31.5650,154000
1470151613,31.5480,31.5599,31.5200,31.5400,38600
1470151623,31.5450,31.5599,31.5400,31.5450,80800
1470151738,31.5558,31.5650,31.5400,31.5450,86200
1470151799,31.5500,31.5600,31.5400,31.5600,50400
1470151858,31.5300,31.5500,31.5300,31.5500,40600
1470151916,31.5400,31.5400,31.5000,31.5300,130800
1470151979,31.5000,31.5500,31.5000,31.5350,62700
1470152037,31.5050,31.5100,31.4950,31.5000,52500
1470152090,31.5300,31.5300,31.5000,31.5057,65400
1470152152,31.5250,31.5300,31.5100,31.5300,101400
1470152162,31.5000,31.5150,31.4900,31.5150,93500
1470152277,31.4900,31.5100,31.4800,31.5050,28200
1470152339,31.4762,31.4950,31.4500,31.4900,108200
1470152394,31.4500,31.4800,31.4400,31.4800,114600
1470152402,31.4757,31.4835,31.4400,31.4450,115800
1470152519,31.5000,31.5150,31.4700,31.4750,114300
1470152576,31.5000,31.5200,31.4900,31.5000,59100
1470152628,31.4900,31.5100,31.4842,31.4900,54200
1470152690,31.4950,31.5100,31.4900,31.5000,19500
1470152750,31.4900,31.5100,31.4900,31.5000,53500
1470152819,31.4900,31.5000,31.4800,31.4800,54300
1470152877,31.5200,31.5300,31.4900,31.4900,91200
1470152888,31.5350,31.5400,31.5148,31.5203,50900
1470152999,31.5160,31.5300,31.5100,31.5300,45400
1470153057,31.4950,31.5188,31.4950,31.5100,33900
1470153119,31.4900,31.5050,31.4850,31.4900,46200
1470153177,31.5300,31.5350,31.4900,31.4950,90300
1470153229,31.5150,31.5300,31.5100,31.5100,52000
1470153298,31.5300,31.5300,31.5100,31.5160,26400
1470153300,31.5230,31.5350,31.5230,31.5300,31300
1470153417,31.5200,31.5300,31.5050,31.5300,55500
1470153477,31.5250,31.5300,31.5100,31.5200,78000
1470153539,31.4900,31.5300,31.4900,31.5250,32500
1470153598,31.4800,31.4968,31.4700,31.4850,65800
1470153659,31.4850,31.5000,31.4750,31.4850,45700
1470153719,31.4900,31.4900,31.4701,31.4800,46300
1470153778,31.4937,31.5000,31.4900,31.4900,26000
1470153836,31.4801,31.5000,31.4800,31.5000,43100
1470153893,31.4700,31.4880,31.4700,31.4850,22000
1470153959,31.4150,31.4776,31.4100,31.4776,115400
1470154019,31.4200,31.4290,31.4000,31.4150,92500
1470154078,31.4200,31.4290,31.4033,31.4200,59700
1470154081,31.3800,31.4200,31.3800,31.4100,48200
1470154198,31.4100,31.4100,31.3850,31.3900,62600
1470154253,31.4300,31.4499,31.4000,31.4000,85800
1470154313,31.4550,31.4600,31.4200,31.4300,43300
1470154375,31.4657,31.4700,31.4450,31.4600,67300
1470154439,31.4700,31.4800,31.4600,31.4651,118400
1470154498,31.5000,31.5050,31.4700,31.4700,80000
1470154558,31.5000,31.5100,31.4950,31.5000,73300
1470154619,31.5300,31.5300,31.5000,31.5000,146400
1470154678,31.5200,31.5400,31.5150,31.5300,70700
1470154738,31.4900,31.5100,31.4800,31.5100,39200
1470154791,31.4961,31.5100,31.4900,31.4900,41200
1470154859,31.4980,31.5100,31.4948,31.4980,26600
1470154917,31.4850,31.4970,31.4800,31.4901,46100
1470154932,31.4700,31.4900,31.4600,31.4800,28300
1470155032,31.4601,31.4750,31.4600,31.4700,25100
1470155042,31.4550,31.4750,31.4500,31.4600,27700
1470155158,31.4650,31.4650,31.4400,31.4450,30900
1470155162,31.4350,31.4650,31.4350,31.4600,21100
1470155278,31.4200,31.4400,31.4200,31.4400,33400
1470155336,31.4400,31.4400,31.4200,31.4300,88900
1470155398,31.4400,31.4500,31.4300,31.4400,29800
1470155455,31.4850,31.4950,31.4400,31.4400,61800
1470155517,31.4450,31.4800,31.4450,31.4800,36200
1470155576,31.4600,31.4650,31.4500,31.4500,51200
1470155634,31.4750,31.4750,31.4600,31.4600,17500
1470155642,31.5000,31.5100,31.4800,31.4800,43200
1470155758,31.4850,31.5100,31.4800,31.5100,33900
1470155817,31.5090,31.5099,31.4850,31.4873,49000
1470155878,31.5150,31.5150,31.5000,31.5000,32800
1470155892,31.5150,31.5150,31.5000,31.5150,39300
1470155998,31.5150,31.5200,31.5100,31.5200,26600
1470156002,31.4900,31.5200,31.4800,31.5200,51400
1470156061,31.4350,31.4850,31.4350,31.4850,88900
1470156177,31.4532,31.4600,31.4300,31.4350,79700
1470156235,31.4558,31.4600,31.4400,31.4401,30200
1470156299,31.4399,31.4550,31.4350,31.4500,44600
1470156359,31.4550,31.4600,31.4400,31.4400,22100
1470156418,31.4550,31.4750,31.4500,31.4600,37200
1470156475,31.4500,31.4650,31.4400,31.4600,28700
1470156538,31.4400,31.4550,31.4400,31.4450,28300
1470156597,31.4400,31.4500,31.4300,31.4450,16100
1470156658,31.4100,31.4450,31.4000,31.4450,33800
1470156718,31.4000,31.4189,31.3900,31.4100,56200
1470156777,31.4000,31.4150,31.4000,31.4000,59800
1470156783,31.3900,31.4100,31.3900,31.4050,44700
1470156851,31.3600,31.4100,31.3600,31.3900,61600
1470156952,31.3700,31.3700,31.3600,31.3700,23000
1470157019,31.3700,31.3800,31.3600,31.3601,46900
1470157079,31.3750,31.3900,31.3600,31.3700,45400
1470157139,31.3800,31.3890,31.3600,31.3750,55300
1470157199,31.3767,31.3800,31.3689,31.3700,40700
1470157200,31.4040,31.4050,31.3710,31.3800,52600
1470157316,31.4050,31.4200,31.4000,31.4100,68600
1470157377,31.3950,31.4090,31.3900,31.4050,12800
1470157438,31.3300,31.3900,31.3300,31.3900,96400
1470157494,31.2800,31.3300,31.2750,31.3300,113900
1470157558,31.2400,31.2800,31.2400,31.2700,115300
1470157618,31.2500,31.2600,31.2300,31.2450,123500
1470157678,31.2800,31.2850,31.2470,31.2470,68500
1470157736,31.2850,31.3000,31.2790,31.2790,61800
1470157745,31.3162,31.3200,31.2800,31.2850,53900
1470157858,31.3001,31.3250,31.3000,31.3200,38400
1470157864,31.2700,31.3000,31.2600,31.3000,57400
1470157974,31.2750,31.2900,31.2700,31.2900,31500
1470158039,31.2800,31.2900,31.2700,31.2800,39200
1470158099,31.3150,31.3200,31.2800,31.2800,46400
1470158158,31.3000,31.3200,31.3000,31.3150,41500
1470158219,31.3300,31.3300,31.3000,31.3063,30600
1470158279,31.3400,31.3400,31.3137,31.3300,62000
1470158338,31.3550,31.3750,31.3150,31.3399,61900
1470158399,31.3750,31.3850,31.3500,31.3550,77400
1470158457,31.3650,31.3750,31.3500,31.3700,33400
1470158513,31.3900,31.4100,31.3600,31.3600,54400
1470158579,31.4000,31.4000,31.3800,31.3915,47400
1470158639,31.4200,31.4250,31.3950,31.4000,97700
1470158696,31.3900,31.4400,31.3900,31.4200,212600
1470158756,31.3700,31.4000,31.3610,31.3912,28400
1470158818,31.3600,31.3701,31.3400,31.3701,32000
1470158822,31.3900,31.3900,31.3600,31.3650,37400
1470158938,31.3900,31.4000,31.3800,31.3900,42600
1470158999,31.3700,31.3890,31.3600,31.3800,130600
1470159059,31.3900,31.3900,31.3600,31.3700,60400
1470159119,31.3600,31.3900,31.3500,31.3900,83600
1470159179,31.3200,31.3600,31.3189,31.3600,79000
1470159238,31.3200,31.3400,31.3100,31.3250,77800
1470159242,31.3250,31.3400,31.3200,31.3200,88900
1470159303,31.3450,31.3600,31.3300,31.3300,27400
1470159419,31.3350,31.3450,31.3350,31.3400,25000
1470159420,31.2900,31.3301,31.2900,31.3301,42100
1470159537,31.2750,31.3000,31.2700,31.2950,63900
1470159540,31.2800,31.2890,31.2700,31.2800,20200
1470159658,31.2750,31.2800,31.2600,31.2750,35000
1470159719,31.2300,31.2800,31.2300,31.2790,63100
1470159779,31.2050,31.2400,31.2000,31.2301,103600
1470159838,31.2150,31.2200,31.1800,31.2000,81200
1470159899,31.2400,31.2400,31.2100,31.2200,36500
1470159900,31.2484,31.2600,31.2400,31.2400,32500
1470159961,31.3100,31.3100,31.2400,31.2400,70400
1470160079,31.2999,31.3100,31.2900,31.3099,78600
1470160091,31.3384,31.3400,31.2900,31.2985,59300
1470160142,31.3250,31.3400,31.3200,31.3310,43500
1470160259,31.3000,31.3235,31.3000,31.3235,27600
1470160319,31.2600,31.3050,31.2600,31.3050,49900
1470160377,31.2950,31.2999,31.2601,31.2700,48100
1470160436,31.2890,31.2950,31.2800,31.2950,36000
1470160497,31.3000,31.3000,31.2800,31.2800,41100
1470160558,31.2800,31.3000,31.2750,31.3000,31600
1470160615,31.2901,31.3100,31.2800,31.2800,57300
1470160621,31.3150,31.3250,31.2900,31.2950,65400
1470160738,31.3100,31.3200,31.3100,31.3200,14600
1470160740,31.3400,31.3500,31.3050,31.3100,65900
1470160857,31.3550,31.3650,31.3300,31.3300,36800
1470160914,31.3329,31.3700,31.3300,31.3550,39900
1470160974,31.3500,31.3550,31.3300,31.3300,34300
1470161037,31.3550,31.3700,31.3550,31.3600,36600
1470161095,31.3600,31.3700,31.3500,31.3500,29900
1470161158,31.4000,31.4000,31.3600,31.3600,83500
1470161219,31.4100,31.4250,31.4000,31.4000,130000
1470161277,31.3950,31.4339,31.3900,31.4100,93400
1470161339,31.4300,31.4350,31.3900,31.3900,41900
1470161393,31.4100,31.4338,31.4100,31.4300,64000
1470161459,31.4200,31.4250,31.4050,31.4100,46700
1470161469,31.3850,31.4162,31.3700,31.4162,62700
1470161576,31.3750,31.3999,31.3750,31.3900,36700
1470161639,31.3900,31.4000,31.3750,31.3750,102800
1470161699,31.4150,31.4150,31.3900,31.4000,50200
1470161759,31.4500,31.4550,31.4100,31.4150,57700
1470161760,31.4538,31.4600,31.4450,31.4550,121400
1470161879,31.4450,31.4500,31.4300,31.4500,30500
1470161938,31.4500,31.4600,31.4400,31.4450,80900
1470161999,31.4490,31.4600,31.4400,31.4500,32200
1470162056,31.4200,31.4500,31.3950,31.4450,61500
1470162118,31.4150,31.4350,31.4100,31.4250,52900
1470162168,31.4350,31.4400,31.4193,31.4200,44900
1470162239,31.4200,31.4350,31.4200,31.4300,22600
1470162299,31.4450,31.4500,31.4250,31.4300,43900
1470162359,31.4700,31.4700,31.4450,31.4450,140600
1470162418,31.4900,31.5000,31.4700,31.4750,116300
1470162478,31.5000,31.5050,31.4850,31.4899,63700
1470162539,31.5200,31.5200,31.5000,31.5100,64900
1470162598,31.4900,31.5100,31.4700,31.4950,85500
1470162659,31.5150,31.5200,31.4775,31.4900,44200
1470162660,31.5050,31.5200,31.4900,31.5150,98900
1470162777,31.4950,31.5100,31.4850,31.5051,47400
1470162838,31.5000,31.5000,31.4800,31.4950,26800
1470162899,31.4900,31.4950,31.4700,31.4900,75800
1470162902,31.4800,31.4950,31.4700,31.4900,89200
1470163016,31.4800,31.4900,31.4600,31.4800,50900
1470163022,31.4700,31.4800,31.4600,31.4731,30200
1470163137,31.4900,31.4900,31.4625,31.4700,28700
1470163184,31.4700,31.4900,31.4700,31.4900,49500
1470163258,31.4450,31.4750,31.4400,31.4750,73700
1470163307,31.4500,31.4500,31.4300,31.4400,24300
1470163376,31.4300,31.4600,31.4199,31.4400,55200
1470163438,31.4500,31.4550,31.4300,31.4300,36000
1470163499,31.4400,31.4600,31.4330,31.4500,46700
1470163559,31.4400,31.4500,31.4300,31.4450,26500
1470163614,31.4250,31.4450,31.4250,31.4450,15900
1470163678,31.4300,31.4300,31.4010,31.4200,39600
1470163739,31.4000,31.4400,31.3715,31.4300,65800
1470163743,31.4100,31.4150,31.3999,31.4000,20400
1470163857,31.4000,31.4100,31.3900,31.4100,42000
1470163865,31.3800,31.4000,31.3600,31.4000,56500
1470163977,31.4050,31.4200,31.3700,31.3850,103400
1470163991,31.4450,31.4500,31.4001,31.4001,51200
1470164095,31.4400,31.4411,31.4300,31.4400,16100
1470164110,31.4500,31.4500,31.4348,31.4400,21700
1470164217,31.4450,31.4552,31.4400,31.4500,33300
1470164278,31.4390,31.4500,31.4300,31.4450,34200
1470164325,31.4600,31.4664,31.4400,31.4400,97900
1470164344,31.4400,31.4800,31.4350,31.4600,78400
1470164400,31.4400,31.4400,31.4300,31.4400,19900
1470164513,31.4650,31.4650,31.4400,31.4400,30100
1470164579,31.4550,31.4699,31.4550,31.4600,29900
1470164635,31.4500,31.4650,31.4500,31.4590,29600
1470164698,31.4300,31.4500,31.4300,31.4500,46900
1470164748,31.4499,31.4550,31.4300,31.4350,21300
1470164765,31.4610,31.4665,31.4400,31.4400,34400
1470164879,31.4900,31.4900,31.4675,31.4700,49100
1470164939,31.4800,31.4850,31.4600,31.4850,34700
1470164999,31.4850,31.4900,31.4700,31.4750,23500
1470165058,31.4748,31.4900,31.4700,31.4850,24700
1470165061,31.4500,31.4750,31.4500,31.4700,28900
1470165123,31.4600,31.4600,31.4500,31.4500,9400
1470165186,31.4400,31.4650,31.4400,31.4600,21600
1470165294,31.4500,31.4500,31.4400,31.4400,18800
1470165352,31.4410,31.4500,31.4400,31.4400,18600
1470165418,31.4500,31.4690,31.4400,31.4400,53700
1470165423,31.4550,31.4550,31.4400,31.4401,21100
1470165537,31.4500,31.4566,31.4450,31.4500,46900
1470165594,31.4600,31.4600,31.4300,31.4476,47100
1470165658,31.4550,31.4600,31.4350,31.4600,44200
1470165710,31.4500,31.4599,31.4400,31.4510,17300
1470165777,31.4300,31.4600,31.4300,31.4500,44500
1470165839,31.4100,31.4350,31.4100,31.4200,59900
1470165841,31.4099,31.4163,31.3900,31.4100,44800
1470165959,31.3900,31.4100,31.3900,31.4040,15800
1470165962,31.3810,31.3900,31.3800,31.3900,24000
1470166074,31.4100,31.4100,31.3850,31.3850,19200
1470166134,31.4100,31.4200,31.4100,31.4100,70600
1470166197,31.4108,31.4300,31.4100,31.4150,37200
1470166259,31.4300,31.4300,31.4001,31.4100,25600
1470166309,31.4366,31.4366,31.4100,31.4293,30900
1470166378,31.4100,31.4400,31.4050,31.4400,49400
1470166438,31.4000,31.4168,31.3901,31.4168,41600
1470166498,31.3950,31.4050,31.3900,31.4050,37700
1470166559,31.3593,31.3950,31.3500,31.3900,49600
1470166618,31.3450,31.3500,31.3300,31.3500,50500
1470166679,31.3450,31.3500,31.3400,31.3400,20800
1470166680,31.3450,31.3600,31.3350,31.3450,117100
1470166799,31.3300,31.3500,31.3300,31.3400,56500
1470166858,31.3200,31.3400,31.3200,31.3350,139400
1470166860,31.3610,31.3700,31.3200,31.3300,95400
1470166978,31.3900,31.4000,31.3620,31.3650,63700
1470166980,31.3950,31.4000,31.3850,31.3900,27300
1470167099,31.4050,31.4150,31.3900,31.4000,46500
1470167100,31.4100,31.4100,31.3900,31.4050,52800
1470167219,31.3800,31.4100,31.3800,31.4100,71000
1470167279,31.3550,31.3850,31.3500,31.3850,73100
1470167339,31.3900,31.3900,31.3500,31.3550,106200
1470167398,31.3850,31.3900,31.3750,31.3857,30000
1470167458,31.3700,31.3899,31.3700,31.3800,56900
1470167518,31.3650,31.3750,31.3600,31.3700,68100
1470167578,31.3600,31.3700,31.3500,31.3650,75500
1470167638,31.3700,31.3700,31.3550,31.3600,68100
1470167699,31.3550,31.3700,31.3500,31.3700,63600
1470167759,31.3400,31.3568,31.3400,31.3500,104000
1470167819,31.3300,31.3500,31.3200,31.3400,174900
1470167879,31.3200,31.3357,31.3100,31.3300,131700
1470167938,31.3200,31.3500,31.3100,31.3150,384600
1470167940,31.3150,31.3150,31.3150,31.3150,15300
1470167999,31.3100,31.3200,31.3000,31.3150,18291700
1470168000,31.3100,31.3100,31.3100,31.3100,1400
