uri:/instrument/1.0/SPY/chartdata;type=quote;range=1d/csv
ticker:spy
Company-Name:SPDR S&P 500
Exchange-Name:PCX
unit:MIN
timezone:EDT
currency:USD
gmtoffset:-14400
previous_close:216.9400
Timestamp:1470144600,1470168000
labels:1470146400,1470150000,1470153600,1470157200,1470160800,1470164400,1470168000
values:Timestamp,close,high,low,open,volume
close:214.5900,216.7600
high:214.6011,216.8300
low:214.5700,216.7200
open:214.5890,216.7500
volume:100,23938100
1470144603,216.6500,216.6700,216.6200,216.6500,1017300
1470144667,216.4300,216.6100,216.4100,216.5800,219600
1470144776,216.6700,216.6700,216.4308,216.5200,189700
1470144839,216.7600,216.7900,216.6665,216.6790,192900
1470144840,216.6900,216.7900,216.6800,216.7500,154400
1470144959,216.7300,216.7500,216.6800,216.7100,137100
1470145019,216.7400,216.8300,216.7200,216.7400,189700
1470145025,216.6100,216.6900,216.5400,216.6900,182900
1470145082,216.3800,216.6000,216.3700,216.5700,282700
1470145140,216.3800,216.4000,216.3000,216.3800,362000
1470145259,216.3100,216.4500,216.2400,216.3500,264200
1470145318,216.3000,216.3858,216.2900,216.3500,148400
1470145379,216.3700,216.4100,216.2900,216.3000,147100
1470145437,216.3400,216.3700,216.3000,216.3700,127100
1470145445,216.3900,216.4400,216.3300,216.3500,124400
1470145559,216.4550,216.4700,216.3600,216.3800,230900
1470145563,216.4100,216.4500,216.3800,216.4000,92400
1470145678,216.2600,216.4500,216.2600,216.4100,142600
1470145681,216.2000,216.2850,216.1600,216.2600,762600
1470145741,216.3300,216.3500,216.1900,216.1900,142000
1470145808,216.3700,216.4300,216.3099,216.3100,149100
1470145860,216.3893,216.4000,216.3300,216.3700,97800
1470145977,216.3300,216.3900,216.2500,216.3900,166500
1470145981,216.2800,216.3500,216.2500,216.3100,129600
1470146099,216.2200,216.3000,216.1800,216.2700,133800
1470146156,216.2600,216.3100,216.2200,216.2250,108300
1470146163,216.2200,216.2292,216.1500,216.2200,155200
1470146220,216.2900,216.3200,216.2000,216.2200,172300
1470146338,216.3308,216.4100,216.2900,216.3000,111100
1470146343,216.2900,216.3601,216.2500,216.3601,210000
1470146459,216.2350,216.3400,216.2350,216.2900,168000
1470146519,216.2400,216.2600,216.1600,216.2400,114800
1470146520,216.1450,216.2300,216.1300,216.2300,111400
1470146583,216.1500,216.2000,216.1300,216.1310,83600
1470146699,216.1300,216.2150,216.1100,216.1750,152700
1470146700,216.0189,216.1400,216.0100,216.1200,172000
1470146770,215.9600,216.0300,215.9400,216.0200,301000
1470146820,215.9100,215.9600,215.8900,215.9500,700700
1470146939,215.8950,215.9500,215.8900,215.9200,205800
1470146998,215.9100,215.9200,215.8701,215.9100,148700
1470147006,215.7600,215.9200,215.7500,215.9150,178500
1470147119,215.8000,215.8050,215.7000,215.7500,276700
1470147120,215.7100,215.8000,215.7000,215.8000,193900
1470147239,215.7600,215.7900,215.7200,215.7210,107100
1470147299,215.8500,215.8600,215.7400,215.7600,135000
1470147300,215.8000,215.8600,215.7800,215.8600,143700
1470147360,215.7000,215.8100,215.6900,215.8000,159900
1470147479,215.7400,215.7700,215.6800,215.7000,145300
1470147539,215.5200,215.7575,215.5000,215.7500,256700
1470147540,215.5200,215.6000,215.5000,215.5300,183100
1470147659,215.4650,215.5600,215.4500,215.5200,229700
1470147660,215.5900,215.6000,215.4650,215.4700,678600
1470147720,215.6200,215.6300,215.5800,215.6100,95300
1470147783,215.6800,215.7000,215.6000,215.6300,116300
1470147840,215.6601,215.7000,215.6400,215.6800,126200
1470147959,215.5750,215.6700,215.5700,215.6650,171400
1470148019,215.6200,215.6200,215.5500,215.5700,128800
1470148079,215.6051,215.6350,215.5900,215.6100,58800
1470148139,215.6950,215.6950,215.6000,215.6100,137300
1470148199,215.6934,215.7100,215.6600,215.6950,150300
1470148259,215.7000,215.7100,215.5750,215.6950,160700
1470148319,215.7400,215.7800,215.6900,215.7100,137400
1470148377,215.6600,215.7450,215.6400,215.7300,181500
1470148439,215.6600,215.7100,215.6500,215.6950,126900
1470148498,215.5900,215.6500,215.5900,215.6400,107400
1470148556,215.5501,215.6150,215.5300,215.6000,620200
1470148619,215.6100,215.6400,215.5400,215.5500,159000
1470148626,215.6300,215.6800,215.6200,215.6300,102100
1470148739,215.5750,215.6400,215.5310,215.6211,106400
1470148798,215.5900,215.6100,215.5700,215.5750,91500
1470148800,215.4808,215.5800,215.4600,215.5800,133800
1470148919,215.4000,215.5100,215.4000,215.4763,280200
1470148979,215.4600,215.4700,215.3600,215.4000,239300
1470148980,215.4700,215.4900,215.4400,215.4690,104300
1470149040,215.4200,215.4800,215.3800,215.4700,114900
1470149100,215.3250,215.4300,215.2200,215.4200,244100
1470149165,215.3700,215.3900,215.3250,215.3300,197900
1470149279,215.2500,215.3800,215.2200,215.3800,738100
1470149280,215.2000,215.3000,215.1800,215.2600,195600
1470149399,215.1600,215.2300,215.1600,215.1900,203400
1470149400,215.1463,215.1800,215.1100,215.1650,245600
1470149519,215.0900,215.1750,215.0800,215.1000,156300
1470149579,215.0800,215.1200,215.0600,215.0900,281800
1470149639,215.0400,215.0800,214.9600,215.0700,285500
1470149697,215.0800,215.1000,215.0000,215.0100,252400
1470149705,215.1000,215.1550,215.0700,215.0900,179400
1470149760,215.1000,215.1000,215.0600,215.0900,148600
1470149820,215.1600,215.1800,215.0900,215.0900,147200
1470149939,215.0950,215.1500,215.0700,215.1500,221500
1470149997,214.9400,215.1000,214.9400,215.0950,295100
1470150059,215.0700,215.1000,214.9700,214.9700,158400
1470150060,215.1400,215.1600,215.0600,215.0700,169900
1470150178,215.0890,215.1500,215.0600,215.1500,131400
1470150184,215.0961,215.1300,215.0800,215.1000,83500
1470150247,215.0400,215.1000,215.0300,215.0700,73400
1470150300,215.0500,215.0500,215.0000,215.0400,95500
1470150419,215.1135,215.1450,215.0600,215.0700,108100
1470150479,215.1299,215.1400,215.0900,215.1088,71600
1470150539,215.1700,215.1900,215.1200,215.1300,203100
1470150593,215.2498,215.2600,215.1700,215.1750,227300
1470150600,215.2050,215.2510,215.1800,215.2500,154000
1470150719,215.2100,215.2500,215.2100,215.2300,97200
1470150720,215.2200,215.2400,215.2000,215.2100,89300
1470150839,215.2400,215.2600,215.2000,215.2100,101500
1470150840,215.2990,215.3000,215.2400,215.2500,80400
1470150900,215.2800,215.3200,215.2700,215.2900,158900
1470150966,215.2200,215.2900,215.2200,215.2700,66000
1470151020,215.2200,215.2500,215.1900,215.2201,90500
1470151086,215.2400,215.2500,215.2000,215.2200,54200
1470151199,215.2011,215.2500,215.1900,215.2400,52700
1470151259,215.2280,215.2300,215.1600,215.2000,96100
1470151319,215.3300,215.3800,215.2200,215.2280,125300
1470151374,215.3700,215.3900,215.3400,215.3400,104400
1470151383,215.4400,215.4700,215.3900,215.4000,124400
1470151499,215.4200,215.4650,215.4100,215.4400,131300
1470151500,215.3600,215.4500,215.3600,215.4200,116600
1470151561,215.3900,215.4000,215.3550,215.3601,114300
1470151620,215.3700,215.4500,215.3610,215.4100,133400
1470151734,215.3150,215.3800,215.3010,215.3600,148100
1470151799,215.3000,215.3300,215.2900,215.3050,114500
1470151859,215.3400,215.3600,215.2625,215.3000,89400
1470151860,215.3100,215.3600,215.3000,215.3400,82300
1470151978,215.2000,215.3300,215.2000,215.3200,100100
1470152038,215.2400,215.2950,215.2100,215.2500,104600
1470152045,215.2500,215.2600,215.2000,215.2400,91300
1470152152,215.2250,215.2400,215.1900,215.2092,66200
1470152161,215.1489,215.2100,215.1450,215.2100,162500
1470152279,215.1800,215.1900,215.1100,215.1400,101200
1470152339,215.1300,215.1900,215.0800,215.1900,122500
1470152396,215.1300,215.1500,215.0900,215.1300,108400
1470152457,215.1600,215.1700,215.1300,215.1400,94800
1470152519,215.1500,215.1500,215.1100,215.1400,96000
1470152579,215.1111,215.1800,215.0900,215.1414,120600
1470152635,215.1200,215.1200,215.0500,215.1150,114700
1470152697,215.1400,215.1611,215.1000,215.1200,124900
1470152700,215.1400,215.1850,215.1300,215.1350,76600
1470152760,215.1500,215.1800,215.1300,215.1400,75900
1470152879,215.2200,215.2400,215.1400,215.1400,91300
1470152937,215.2100,215.2200,215.1600,215.2100,111700
1470152941,215.2800,215.3150,215.2000,215.2100,129500
1470153001,215.2900,215.3000,215.2600,215.2699,50900
1470153119,215.2000,215.2950,215.2000,215.2800,111500
1470153176,215.1950,215.2200,215.1500,215.2050,66200
1470153188,215.1550,215.2100,215.1550,215.1850,60500
1470153297,215.1400,215.1900,215.1400,215.1600,55100
1470153359,215.1200,215.1500,215.0900,215.1400,83700
1470153360,215.1200,215.1300,215.0700,215.1100,67000
1470153474,215.1400,215.1900,215.1200,215.1200,77600
1470153539,215.0637,215.1250,215.0600,215.1250,38000
1470153540,215.0650,215.1000,215.0000,215.0600,99900
1470153600,215.0900,215.1700,215.0500,215.0600,94400
1470153719,215.0350,215.1000,215.0301,215.1000,73700
1470153720,215.0550,215.0800,215.0300,215.0300,85200
1470153839,215.0400,215.0800,215.0300,215.0500,51200
1470153895,215.0150,215.0350,215.0000,215.0350,100000
1470153901,214.9800,215.0300,214.9800,215.0200,82200
1470154018,214.9400,215.0000,214.9400,214.9900,62500
1470154020,214.9499,214.9600,214.8900,214.9500,188000
1470154139,215.0700,215.0700,214.9400,214.9500,105000
1470154197,215.0900,215.1200,215.0400,215.0700,94500
1470154200,215.0650,215.1300,215.0400,215.0900,79600
1470154262,215.0700,215.0800,215.0300,215.0500,67200
1470154378,215.1188,215.1450,215.0700,215.0701,141800
1470154438,215.1708,215.1750,215.1100,215.1113,84700
1470154499,215.2600,215.2800,215.1600,215.1750,211600
1470154500,215.2408,215.2800,215.2300,215.2601,148200
1470154618,215.2400,215.2400,215.1700,215.2400,128400
1470154625,215.2400,215.2400,215.2100,215.2400,67800
1470154680,215.3100,215.3200,215.2350,215.2400,123500
1470154799,215.2500,215.3200,215.2300,215.3200,126900
1470154858,215.2650,215.2900,215.2400,215.2500,55000
1470154919,215.2700,215.2900,215.2400,215.2600,46200
1470154920,215.2800,215.3000,215.2600,215.2800,78900
1470155038,215.2800,215.3100,215.2600,215.2700,68600
1470155096,215.3100,215.3440,215.2800,215.2900,96500
1470155159,215.2600,215.3000,215.2300,215.2700,597400
1470155163,215.2700,215.2800,215.2400,215.2600,76800
1470155279,215.2500,215.2600,215.2150,215.2400,107700
1470155339,215.2312,215.2700,215.2100,215.2600,36600
1470155340,215.2050,215.2600,215.1900,215.2400,113400
1470155459,215.1100,215.2000,215.1100,215.2000,113000
1470155519,215.1400,215.1600,215.1000,215.1000,70600
1470155520,215.1900,215.2300,215.1400,215.1400,49700
1470155581,215.1700,215.1900,215.1500,215.1850,33400
1470155699,215.1850,215.1850,215.1600,215.1800,29000
1470155759,215.1800,215.2250,215.1800,215.1900,70500
1470155818,215.1200,215.1800,215.1100,215.1800,45000
1470155826,215.1398,215.1500,215.1100,215.1300,47200
1470155939,215.1100,215.1700,215.1100,215.1300,55000
1470155940,215.1399,215.1401,215.1000,215.1188,61500
1470156058,215.1000,215.1400,215.0900,215.1400,56000
1470156060,215.2200,215.2400,215.0900,215.0900,124200
1470156177,215.1900,215.2400,215.1800,215.2300,65000
1470156239,215.2500,215.2600,215.2000,215.2000,36400
1470156298,215.2400,215.2700,215.2300,215.2550,52500
1470156303,215.2500,215.2600,215.2200,215.2300,18500
1470156419,215.2100,215.2700,215.2000,215.2411,94800
1470156478,215.2700,215.2850,215.2000,215.2001,68000
1470156539,215.1700,215.2600,215.1600,215.2600,69100
1470156542,215.1900,215.2120,215.1700,215.1700,41700
1470156658,215.1900,215.2200,215.1700,215.1800,45600
1470156666,215.1400,215.1800,215.1300,215.1700,94900
1470156726,215.1300,215.1500,215.1100,215.1400,74700
1470156839,215.1000,215.1462,215.0900,215.1300,52500
1470156899,215.0350,215.1400,215.0300,215.0950,64000
1470156959,215.0100,215.0612,215.0000,215.0400,103900
1470157019,214.9600,215.0200,214.9300,215.0200,217600
1470157079,214.9200,214.9600,214.9100,214.9600,58900
1470157139,214.8000,214.9200,214.7600,214.9200,192200
1470157140,214.8600,214.8699,214.7658,214.8000,106500
1470157259,214.8300,214.9000,214.8300,214.8600,197400
1470157319,214.8000,214.8400,214.7900,214.8400,87400
1470157378,214.8200,214.8200,214.7700,214.8000,67900
1470157380,214.7837,214.8700,214.7800,214.8200,107800
1470157499,214.7300,214.8563,214.7200,214.8100,110900
1470157558,214.7600,214.7900,214.7200,214.7400,103500
1470157619,214.7172,214.7700,214.6900,214.7700,110800
1470157679,214.6450,214.7200,214.6400,214.7100,75100
1470157739,214.6200,214.6700,214.6100,214.6400,115400
1470157745,214.6100,214.6200,214.5900,214.6100,90200
1470157800,214.5900,214.6199,214.5700,214.6000,142200
1470157862,214.6900,214.7100,214.5800,214.5890,115700
1470157922,214.6500,214.7000,214.6350,214.7000,74000
1470158038,214.6000,214.6400,214.6000,214.6400,88000
1470158040,214.6000,214.6011,214.5800,214.6011,62100
1470158100,214.6973,214.7000,214.5900,214.6000,179900
1470158161,214.7000,214.7100,214.6462,214.6900,111000
1470158221,214.7300,214.7400,214.6800,214.6900,58700
1470158280,214.7100,214.7400,214.6600,214.7300,53300
1470158399,214.6900,214.7100,214.6700,214.7100,57800
1470158459,214.6900,214.7400,214.6800,214.7000,100400
1470158519,214.7300,214.7400,214.6800,214.6900,56800
1470158526,214.7300,214.7400,214.7100,214.7101,82300
1470158580,214.7200,214.7400,214.7000,214.7200,66000
1470158699,214.7500,214.7500,214.7200,214.7200,37900
1470158700,214.7757,214.8000,214.7400,214.7400,119700
1470158819,214.7900,214.8100,214.7700,214.7800,76200
1470158820,214.8300,214.8300,214.7800,214.7900,85300
1470158939,214.8600,214.8700,214.8400,214.8400,63000
1470158940,214.8800,214.8900,214.8300,214.8600,103800
1470159059,214.8200,214.9000,214.8200,214.8850,76400
1470159060,214.8300,214.8700,214.8200,214.8250,57300
1470159121,214.8301,214.8700,214.8100,214.8300,63600
1470159181,214.7938,214.8350,214.7900,214.8350,86600
1470159243,214.8000,214.8200,214.7900,214.8000,53100
1470159359,214.8650,214.8700,214.7900,214.8000,65800
1470159360,214.8401,214.8700,214.8400,214.8552,53200
1470159479,214.7300,214.8500,214.7200,214.8500,148900
1470159539,214.7550,214.7700,214.7100,214.7300,99000
1470159540,214.7300,214.8100,214.7100,214.7550,170500
1470159658,214.6900,214.7500,214.6800,214.7200,158100
1470159661,214.6201,214.6900,214.6201,214.6900,81700
1470159779,214.6800,214.7200,214.6300,214.6390,90900
1470159780,214.7500,214.7600,214.6650,214.6800,73900
1470159840,214.7700,214.7800,214.7200,214.7562,63200
1470159900,214.8200,214.8300,214.7700,214.7799,62100
1470160019,214.8800,214.8900,214.8000,214.8290,111700
1470160020,214.8700,214.8800,214.8500,214.8750,84300
1470160139,214.8500,214.9100,214.8400,214.8800,70000
1470160140,214.8738,214.8800,214.8400,214.8489,74200
1470160210,214.8701,214.8990,214.8700,214.8737,55000
1470160261,214.9050,214.9300,214.8700,214.8790,61900
1470160321,214.9100,214.9200,214.9000,214.9100,34200
1470160439,214.8435,214.9050,214.8200,214.9000,122800
1470160445,214.8900,214.9100,214.8500,214.8580,49800
1470160500,214.8500,214.8900,214.8200,214.8900,86200
1470160560,214.8711,214.8711,214.8400,214.8400,39200
1470160679,214.8500,214.8800,214.8302,214.8700,40200
1470160680,214.8800,214.9100,214.8450,214.8500,71800
1470160798,214.8490,214.8900,214.8200,214.8800,68600
1470160859,214.8300,214.8450,214.7800,214.8450,124400
1470160860,214.8800,214.9000,214.8300,214.8300,76700
1470160977,214.8700,214.9300,214.8600,214.8850,95000
1470160981,214.7900,214.8650,214.7600,214.8650,62200
1470161098,214.7900,214.8100,214.7600,214.7800,117000
1470161100,214.8000,214.8500,214.7700,214.7900,77800
1470161219,214.8336,214.8400,214.7800,214.7900,75600
1470161224,214.9100,214.9300,214.8300,214.8350,115500
1470161280,215.0900,215.1000,214.9150,214.9200,216700
1470161399,215.1500,215.1600,215.0400,215.0900,178500
1470161400,215.1305,215.1800,215.0800,215.1500,193600
1470161519,215.1375,215.1500,215.1100,215.1300,143500
1470161578,215.1500,215.1600,215.1300,215.1450,57500
1470161639,215.1900,215.2000,215.1300,215.1500,91600
1470161699,215.2066,215.2300,215.1900,215.1900,87800
1470161700,215.1700,215.2200,215.1600,215.2050,57800
1470161818,215.0900,215.1700,215.0700,215.1700,101300
1470161820,215.1300,215.1400,215.0800,215.0835,64200
1470161884,215.1100,215.1300,215.0900,215.1300,66300
1470161997,215.1200,215.1450,215.0900,215.1100,61800
1470162059,215.1750,215.1750,215.1300,215.1300,76700
1470162119,215.1100,215.1900,215.0600,215.1800,101100
1470162177,215.1000,215.1200,215.0600,215.1100,80100
1470162180,215.2700,215.2700,215.1100,215.1160,190600
1470162240,215.2390,215.2700,215.2300,215.2600,74900
1470162359,215.2600,215.2800,215.2242,215.2400,103800
1470162418,215.3400,215.3700,215.2700,215.2700,204500
1470162479,215.2950,215.3700,215.2950,215.3500,81000
1470162539,215.3200,215.3400,215.2700,215.2900,148300
1470162540,215.2650,215.3300,215.2600,215.3100,58100
1470162600,215.2590,215.2800,215.2400,215.2700,145500
1470162719,215.2100,215.2575,215.1900,215.2550,111400
1470162720,215.2400,215.2401,215.2000,215.2050,50500
1470162780,215.2350,215.2600,215.2100,215.2400,75900
1470162842,215.2150,215.2363,215.1900,215.2363,64100
1470162958,215.2800,215.2890,215.2100,215.2200,67800
1470163019,215.2400,215.2900,215.2400,215.2800,52800
1470163079,215.2750,215.2900,215.2500,215.2500,41500
1470163080,215.2111,215.2900,215.2111,215.2750,64300
1470163199,215.1699,215.2400,215.1600,215.2200,91100
1470163259,215.2298,215.2700,215.1650,215.1700,67500
1470163316,215.2400,215.2500,215.2050,215.2300,34400
1470163320,215.3800,215.3900,215.2301,215.2450,258500
1470163439,215.5000,215.5200,215.3900,215.3900,791400
1470163499,215.5260,215.5450,215.4700,215.4950,152700
1470163559,215.4853,215.5350,215.4700,215.5200,149200
1470163562,215.4900,215.5200,215.4500,215.4890,178400
1470163679,215.5000,215.5500,215.4400,215.4900,137500
1470163739,215.4901,215.5200,215.4500,215.5000,118400
1470163799,215.5400,215.5700,215.4900,215.4950,164300
1470163800,215.5500,215.5700,215.5300,215.5350,156600
1470163919,215.4200,215.5450,215.4200,215.5450,169700
1470163979,215.4200,215.4700,215.4000,215.4200,153000
1470164039,215.3900,215.4600,215.3700,215.4300,126300
1470164099,215.3600,215.4100,215.3400,215.3900,152500
1470164100,215.3111,215.3600,215.3000,215.3550,145600
1470164219,215.3900,215.3900,215.3108,215.3200,56200
1470164277,215.3800,215.4200,215.3500,215.3900,93700
1470164339,215.3500,215.3800,215.3300,215.3800,87300
1470164399,215.3300,215.3500,215.2900,215.3488,73300
1470164400,215.3500,215.3800,215.3250,215.3400,51400
1470164460,215.4300,215.4300,215.3300,215.3400,119800
1470164520,215.4500,215.4700,215.4100,215.4300,112700
1470164639,215.4700,215.5100,215.4400,215.4410,174600
1470164699,215.4450,215.5000,215.4400,215.4600,57500
1470164700,215.4736,215.5000,215.4500,215.4500,81400
1470164818,215.3750,215.4775,215.3700,215.4700,127600
1470164820,215.4500,215.4600,215.3700,215.3750,46000
1470164939,215.3760,215.4500,215.3700,215.4500,50300
1470164997,215.4200,215.4450,215.3700,215.3700,92100
1470165059,215.4199,215.4400,215.4100,215.4200,64200
1470165119,215.3800,215.4200,215.3700,215.4150,45700
1470165120,215.3200,215.3701,215.3100,215.3700,101100
1470165181,215.3050,215.3300,215.2900,215.3300,77300
1470165240,215.2700,215.3000,215.2200,215.2950,112500
1470165300,215.2400,215.2800,215.2200,215.2800,664400
1470165419,215.2700,215.3000,215.2400,215.2500,57000
1470165420,215.3000,215.3300,215.2700,215.2800,47900
1470165538,215.2600,215.3062,215.2500,215.3000,55400
1470165599,215.3200,215.3300,215.2600,215.2600,56500
1470165600,215.2975,215.3290,215.2900,215.3200,45600
1470165719,215.3400,215.3400,215.2777,215.2900,70700
1470165779,215.3950,215.4000,215.3400,215.3500,80700
1470165839,215.4500,215.4500,215.3800,215.3900,62500
1470165899,215.4300,215.4500,215.4100,215.4500,71300
1470165900,215.4008,215.4200,215.3900,215.4200,549800
1470165960,215.4200,215.5000,215.4025,215.4100,131200
1470166021,215.4300,215.4500,215.3900,215.4300,61600
1470166139,215.4600,215.4700,215.4350,215.4350,47800
1470166140,215.3800,215.4600,215.3700,215.4600,130000
1470166200,215.4000,215.4000,215.3600,215.3800,79100
1470166319,215.4300,215.4700,215.4000,215.4000,128600
1470166320,215.3700,215.4250,215.3400,215.4200,120700
1470166439,215.4300,215.4400,215.3500,215.3600,91300
1470166499,215.4600,215.4700,215.4100,215.4400,71100
1470166500,215.4400,215.4700,215.4000,215.4600,23938100
1470166619,215.4600,215.4600,215.4200,215.4400,64900
1470166679,215.4970,215.5100,215.4200,215.4600,156200
1470166739,215.6089,215.6200,215.4900,215.4901,193600
1470166740,215.6000,215.6200,215.5500,215.6000,262900
1470166859,215.4300,215.6000,215.4200,215.5900,140300
1470166919,215.3900,215.4400,215.3900,215.4250,189400
1470166979,215.4100,215.4200,215.3400,215.3950,172200
1470167039,215.4700,215.4700,215.4100,215.4150,107800
1470167099,215.5700,215.5700,215.4304,215.4700,233600
1470167100,215.6200,215.6300,215.5300,215.5600,2552400
1470167161,215.6800,215.7200,215.6200,215.6200,227700
1470167279,215.6300,215.7000,215.6300,215.6800,145400
1470167280,215.5700,215.6500,215.5700,215.6200,187300
1470167399,215.6000,215.6500,215.5600,215.5700,163200
1470167400,215.5850,215.6100,215.5300,215.6000,242600
1470167519,215.5362,215.5839,215.5200,215.5839,123200
1470167579,215.5600,215.6000,215.5200,215.5300,222900
1470167639,215.5200,215.5700,215.5000,215.5600,2474800
1470167699,215.5301,215.5400,215.5000,215.5100,191300
1470167759,215.5500,215.5600,215.5200,215.5400,807100
1470167819,215.5300,215.5600,215.5000,215.5550,236100
1470167879,215.4900,215.5300,215.4900,215.5300,203500
1470167939,215.4500,215.5300,215.4400,215.4950,424100
1470167940,215.5500,215.5700,215.4600,215.4700,2838500
1470168000,215.5492,215.5492,215.5492,215.5492,100
