uri:/instrument/1.0/PGP/chartdata;type=quote;range=1d/csv
ticker:pgp
Company-Name:Pimco Global Stocksplus & Incom
Exchange-Name:NYQ
unit:MIN
timezone:EDT
currency:USD
gmtoffset:-14400
previous_close:20.3600
Timestamp:1470144600,1470168000
labels:1470146400,1470150000,1470153600,1470157200,1470160800,1470164400,1470168000
values:Timestamp,close,high,low,open,volume
close:20.3100,20.6856
high:20.3200,20.6856
low:20.3100,20.6800
open:20.3200,20.6800
volume:0,8900
1470144600,20.5000,20.5000,20.5000,20.5000,1700
1470144920,20.4887,20.4887,20.4887,20.4887,1300
1470144982,20.5400,20.5400,20.5344,20.5344,400
1470145429,20.6856,20.6856,20.5400,20.5900,8900
1470145752,20.6600,20.6600,20.6600,20.6600,200
1470145922,20.6800,20.6800,20.6800,20.6800,1000
1470146414,20.6780,20.6780,20.6780,20.6780,2300
1470148341,20.5500,20.5500,20.5500,20.5500,200
1470149545,20.6000,20.6000,20.6000,20.6000,600
1470149654,20.6000,20.6400,20.6000,20.6400,7600
1470149714,20.5800,20.5800,20.5800,20.5800,400
1470150426,20.5535,20.5535,20.5500,20.5501,1500
1470150987,20.6000,20.6000,20.6000,20.6000,200
1470151972,20.5750,20.5900,20.5500,20.5530,2500
1470152065,20.5510,20.5791,20.5500,20.5600,2300
1470152128,20.5700,20.5700,20.5700,20.5700,200
1470152182,20.5700,20.5700,20.5700,20.5700,400
1470152647,20.5889,20.5889,20.5889,20.5889,200
1470152872,20.5892,20.5893,20.5750,20.5889,900
1470152881,20.5892,20.5892,20.5750,20.5870,400
1470152951,20.5890,20.5890,20.5890,20.5890,500
1470153477,20.5840,20.5840,20.5610,20.5610,1900
1470153978,20.5899,20.5899,20.5899,20.5899,100
1470154125,20.5600,20.5601,20.5600,20.5601,2200
1470154424,20.5500,20.5500,20.5500,20.5500,100
1470154477,20.5700,20.5700,20.5700,20.5700,100
1470154552,20.5500,20.5623,20.5400,20.5600,4200
1470155166,20.5580,20.5580,20.5580,20.5580,1100
1470155654,20.5500,20.5500,20.5500,20.5500,200
1470157068,20.5150,20.5150,20.5150,20.5150,200
1470157639,20.5135,20.5500,20.5135,20.5500,300
1470157780,20.4950,20.5200,20.4950,20.5200,600
1470158739,20.4804,20.4804,20.4800,20.4800,600
1470159159,20.4000,20.4020,20.4000,20.4020,1300
1470159350,20.4000,20.4000,20.4000,20.4000,100
1470159633,20.4400,20.4400,20.4400,20.4400,100
1470160209,20.4200,20.4450,20.4200,20.4450,400
1470160740,20.4200,20.4200,20.4200,20.4200,200
1470160998,20.4500,20.4500,20.4300,20.4300,600
1470161102,20.4300,20.4300,20.4300,20.4300,100
1470161202,20.4900,20.4900,20.4550,20.4550,200
1470161343,20.4300,20.4300,20.4300,20.4300,400
1470161675,20.4500,20.4500,20.4300,20.4300,400
1470162089,20.4290,20.4290,20.4200,20.4200,400
1470163649,20.4600,20.4600,20.4600,20.4600,100
1470165161,20.4200,20.4300,20.4200,20.4300,1400
1470165181,20.4000,20.4000,20.4000,20.4000,100
1470165426,20.3200,20.3600,20.3100,20.3600,5000
1470165619,20.3200,20.3200,20.3200,20.3200,300
1470165713,20.3260,20.3260,20.3200,20.3200,400
1470165738,20.3400,20.3419,20.3300,20.3419,1100
1470165805,20.3200,20.3201,20.3200,20.3200,700
1470165868,20.3583,20.3583,20.3100,20.3200,900
1470166667,20.3100,20.3800,20.3100,20.3800,2800
1470166774,20.3292,20.3300,20.3200,20.3300,1100
1470167106,20.3400,20.3400,20.3400,20.3400,200
1470168000,20.3700,20.3700,20.3700,20.3700,0
