uri:/instrument/1.0/ULTA/chartdata;type=quote;range=1d/csv
ticker:ulta
Company-Name:Ulta Salon, Cosmetics & Fragran
Exchange-Name:NMS
unit:MIN
timezone:EDT
currency:USD
gmtoffset:-14400
previous_close:256.9800
Timestamp:1470231000,1470254400
labels:1470232800,1470236400,1470240000,1470243600,1470247200,1470250800,1470254400
values:Timestamp,close,high,low,open,volume
close:255.1000,258.9600
high:255.4500,258.9600
low:255.0600,258.9499
open:255.1100,258.9500
volume:0,27800
1470231071,256.7300,256.7300,256.7300,256.7300,5200
1470231123,255.7700,257.0550,255.7700,257.0550,6500
1470231182,255.9000,255.9700,255.4200,255.8800,1700
1470231275,255.9000,255.9000,255.9000,255.9000,100
1470231359,255.1000,255.9100,255.1000,255.9100,8200
1470231360,255.3142,255.4500,255.0600,255.1100,2200
1470231467,255.2500,255.6700,255.2500,255.6700,700
1470231480,255.5450,255.6000,255.2500,255.4400,3600
1470231541,255.7100,255.8100,255.6800,255.6800,1100
1470231652,255.8100,255.8100,255.7100,255.8100,1000
1470231668,256.0303,256.0303,255.6700,255.6800,2400
1470231729,255.8300,256.0700,255.8300,255.9886,2000
1470231793,255.9000,256.1199,255.7000,255.7000,1500
1470231858,256.3700,256.3700,256.0300,256.0300,1800
1470231902,256.2700,256.4800,256.2140,256.4800,1800
1470231999,256.4100,256.4100,256.2400,256.2400,600
1470232024,256.1200,256.5700,256.1200,256.5700,1500
1470232134,256.2300,256.2300,256.0805,256.0805,400
1470232141,256.4900,256.5400,256.3400,256.3400,800
1470232244,256.4600,256.4600,256.3050,256.3200,400
1470232265,256.6200,256.8900,256.5100,256.5100,2000
1470232352,256.6600,256.6600,256.5000,256.5000,700
1470232396,256.7000,256.8300,256.6500,256.8300,1000
1470232448,256.6300,256.6300,256.5500,256.5500,200
1470232521,256.6700,256.7800,256.6700,256.7700,1500
1470232572,256.7100,256.7100,256.5200,256.5200,1000
1470232638,256.6900,256.6900,256.6200,256.6200,2100
1470232738,256.7485,256.7500,256.6800,256.6900,1300
1470232745,256.7800,256.8700,256.7800,256.7800,600
1470232819,256.8100,256.8100,256.6900,256.7700,1600
1470232917,257.1780,257.1780,256.9300,256.9300,1800
1470232977,257.0200,257.0800,256.8000,256.9700,1800
1470232986,256.9100,257.2700,256.9100,257.0900,900
1470233094,257.1200,257.2900,257.0000,257.0000,1700
1470233131,257.1100,257.1100,257.0500,257.0500,200
1470233216,257.0900,257.2600,257.0900,257.1850,1500
1470233222,256.9675,257.0700,256.8900,257.0700,1100
1470233284,256.8000,256.8800,256.7000,256.8600,1900
1470233367,256.8000,256.8500,256.8000,256.8500,300
1470233408,257.0200,257.0599,256.8900,256.8900,500
1470233483,257.1000,257.1800,257.1000,257.1700,1000
1470233569,257.1400,257.1400,257.0700,257.0700,200
1470233581,257.2100,257.2600,257.1600,257.1600,1400
1470233669,257.2300,257.2300,257.2300,257.2300,200
1470233715,257.4600,257.4900,257.3800,257.4100,1900
1470233792,257.4954,257.4954,257.4954,257.4954,200
1470233848,257.6000,257.6000,257.5200,257.5200,1400
1470233906,257.5000,257.6200,257.5000,257.6200,1100
1470233950,257.3400,257.4200,257.3400,257.4000,900
1470234030,257.4900,257.4900,257.4300,257.4300,300
1470234093,257.5100,257.5100,257.5100,257.5100,500
1470234124,257.4400,257.6300,257.4400,257.6300,1000
1470234225,257.3900,257.3900,257.2200,257.2800,400
1470234269,257.3700,257.3700,257.3700,257.3700,700
1470234309,257.4558,257.4558,257.4558,257.4558,600
1470234361,257.4740,257.4740,257.4300,257.4300,1200
1470234431,257.4400,257.4400,257.4000,257.4000,200
1470234540,257.4700,257.6350,257.4700,257.4900,1500
1470234607,257.3700,257.3700,257.2300,257.3306,700
1470234727,257.3080,257.4500,257.3080,257.4000,1500
1470234823,257.7000,257.7000,257.6500,257.6600,600
1470234845,257.6700,257.8800,257.6700,257.7000,2800
1470234949,257.4920,257.6850,257.4920,257.6300,600
1470235006,257.5600,257.5700,257.5500,257.5500,1000
1470235151,257.4600,257.6500,257.4600,257.6500,1700
1470235253,257.5300,257.6200,257.5300,257.6100,700
1470235298,257.4600,257.5500,257.4000,257.5200,1000
1470235341,257.3600,257.3800,257.3600,257.3600,800
1470235380,257.4479,257.5000,257.4200,257.4200,1100
1470235475,257.6100,257.7500,257.6100,257.6300,1100
1470235527,257.5900,257.5900,257.5800,257.5900,1000
1470235572,257.5583,257.5700,257.4600,257.4600,1400
1470235685,257.5001,257.5950,257.5000,257.5950,500
1470235753,257.5500,257.5500,257.5500,257.5500,300
1470235805,257.6200,257.6200,257.4200,257.4200,800
1470235867,257.7300,257.8000,257.7100,257.8000,1600
1470235973,257.5400,257.5400,257.5400,257.5400,100
1470235999,257.6500,257.6500,257.6104,257.6104,600
1470236044,257.5435,257.6800,257.5435,257.6800,1100
1470236163,257.5200,257.5600,257.3000,257.5600,2100
1470236277,257.1200,257.2958,257.1100,257.2958,700
1470236302,257.1000,257.1000,257.1000,257.1000,900
1470236391,257.1500,257.1500,257.1500,257.1500,300
1470236431,257.2900,257.2900,257.1600,257.1800,700
1470236478,257.4600,257.4600,257.3200,257.3200,300
1470236530,257.4100,257.5100,257.3800,257.4700,800
1470236606,257.4800,257.4800,257.4500,257.4500,300
1470236645,257.5300,257.5300,257.4300,257.5300,1200
1470236700,257.5500,257.5500,257.5000,257.5000,400
1470236817,257.5400,257.7300,257.5400,257.6300,1400
1470236841,257.5100,257.5100,257.4600,257.4600,400
1470236917,257.6700,257.6700,257.6700,257.6700,100
1470236963,257.4700,257.6100,257.4700,257.6100,1000
1470237025,257.5700,257.5700,257.5500,257.5500,400
1470237062,257.7000,257.7000,257.5300,257.6200,1700
1470237177,257.5900,257.7450,257.5900,257.7350,1200
1470237191,257.5200,257.5400,257.5200,257.5400,400
1470237301,257.6300,257.6300,257.6300,257.6300,400
1470237392,257.7200,257.7200,257.7200,257.7200,300
1470237434,257.6700,257.6800,257.6700,257.6800,600
1470237536,257.4700,257.4700,257.4700,257.4700,100
1470237616,257.7500,257.7900,257.6500,257.6500,1200
1470237666,257.7300,257.8400,257.7300,257.8400,800
1470237748,257.7500,257.7500,257.7500,257.7500,100
1470237787,257.8300,257.9000,257.8300,257.8700,900
1470237887,257.6700,257.6700,257.6700,257.6700,100
1470237941,257.5700,257.7500,257.5700,257.7500,300
1470237960,257.6300,257.6300,257.6000,257.6000,900
1470238177,257.4700,257.5300,257.4700,257.5300,400
1470238313,257.4900,257.4900,257.4900,257.4900,100
1470238371,257.5540,257.5540,257.5540,257.5540,200
1470238473,257.3800,257.5250,257.3800,257.4800,1400
1470238500,257.3700,257.4700,257.3700,257.4700,500
1470238563,257.3790,257.3790,257.2700,257.2700,400
1470238632,257.4600,257.4600,257.4600,257.4600,100
1470238760,257.5699,257.5699,257.5699,257.5699,200
1470238857,257.3400,257.4900,257.3400,257.4900,600
1470238908,257.3500,257.4200,257.2700,257.3600,1100
1470238957,257.4200,257.4200,257.3500,257.3500,500
1470239010,257.2700,257.3200,257.2200,257.3200,1300
1470239079,257.3300,257.3300,257.3300,257.3300,400
1470239109,257.3600,257.4600,257.3600,257.4600,300
1470239167,257.3600,257.3600,257.2953,257.3200,400
1470239234,257.4900,257.4900,257.3700,257.3700,200
1470239280,257.3900,257.5600,257.3900,257.5600,400
1470239349,257.5600,257.5600,257.4200,257.4200,800
1470239492,257.6100,257.6600,257.6100,257.6100,1500
1470239560,257.6500,257.6500,257.6300,257.6300,300
1470239596,257.6499,257.6933,257.6499,257.6933,1200
1470239753,257.5800,257.6550,257.5800,257.6000,700
1470239767,257.6000,257.6000,257.5000,257.5500,500
1470239941,257.7400,257.7600,257.6400,257.6400,900
1470240013,257.6600,257.6900,257.6600,257.6900,500
1470240099,257.6700,257.7000,257.6700,257.7000,400
1470240137,257.6500,257.6500,257.6500,257.6500,100
1470240217,257.7000,257.7000,257.7000,257.7000,100
1470240255,257.6500,257.6500,257.5600,257.6300,1700
1470240327,257.6300,257.6300,257.6300,257.6300,500
1470240362,257.5400,257.5600,257.5300,257.5500,500
1470240430,257.6200,257.6200,257.5700,257.5900,500
1470240575,257.5900,257.6400,257.5900,257.6400,200
1470240623,257.7000,257.7000,257.5600,257.5600,600
1470240701,257.7900,257.7900,257.7200,257.7200,500
1470240728,257.6364,257.7000,257.4800,257.7000,1200
1470240811,257.6700,257.6700,257.5900,257.5900,200
1470240850,257.6700,257.6700,257.6600,257.6600,400
1470240900,257.6200,257.6700,257.5400,257.6600,1500
1470240983,257.5700,257.6900,257.5700,257.6000,1000
1470241060,257.6000,257.6100,257.5300,257.5300,700
1470241155,257.5600,257.5600,257.5600,257.5600,100
1470241240,257.5500,257.5500,257.5200,257.5200,0
1470241269,257.4500,257.4600,257.3600,257.4600,2600
1470241320,257.4000,257.4000,257.3900,257.3900,300
1470241494,257.4550,257.6400,257.4550,257.5400,500
1470241550,257.5750,257.6400,257.5750,257.6400,200
1470241653,257.4500,257.5000,257.4500,257.5000,500
1470241689,257.5187,257.5200,257.4800,257.4800,600
1470241793,257.5100,257.5100,257.4100,257.4300,400
1470241859,257.4000,257.5500,257.4000,257.5500,500
1470241860,257.4250,257.4700,257.4200,257.4200,800
1470241976,257.6200,257.6200,257.5300,257.5300,700
1470241982,257.4500,257.5100,257.4500,257.5100,500
1470242102,257.4300,257.4300,257.4300,257.4300,100
1470242205,257.4900,257.4900,257.4900,257.4900,100
1470242220,257.6100,257.6100,257.5700,257.5700,300
1470242295,257.6000,257.6000,257.6000,257.6000,200
1470242360,257.7300,257.7300,257.7300,257.7300,500
1470242415,257.9900,257.9900,257.7800,257.7900,1300
1470242473,257.8900,257.9900,257.8900,257.9900,1200
1470242626,258.0500,258.0500,257.9700,257.9700,1000
1470242645,258.1600,258.1600,258.0500,258.0600,700
1470242725,258.3099,258.3099,258.2900,258.2900,200
1470242776,258.1700,258.1700,258.1700,258.1700,100
1470242872,257.9900,258.1600,257.9900,258.1600,1900
1470242885,258.1200,258.1300,258.0300,258.0647,500
1470242972,258.1900,258.1900,258.1900,258.1900,100
1470243030,258.2100,258.2800,258.2000,258.2000,800
1470243061,258.1300,258.2330,258.1300,258.2330,800
1470243148,258.2618,258.2618,258.2000,258.2000,400
1470243188,258.3500,258.3500,258.2000,258.2300,1000
1470243240,258.2300,258.3700,258.2300,258.3700,500
1470243354,258.2200,258.2200,258.2105,258.2105,300
1470243379,258.2500,258.2500,258.2500,258.2500,100
1470243432,258.3100,258.4200,258.2800,258.2800,1000
1470243541,258.3800,258.3900,258.2640,258.3200,2000
1470243612,258.2700,258.3400,258.2700,258.3400,500
1470243731,258.3056,258.3056,258.2700,258.2700,400
1470243818,258.5300,258.5300,258.3600,258.3700,2300
1470243840,258.4500,258.6200,258.4500,258.4900,1400
1470243921,258.5600,258.5600,258.5600,258.5600,100
1470243973,258.6200,258.6200,258.6200,258.6200,300
1470244062,258.7000,258.7000,258.7000,258.7000,600
1470244114,258.7800,258.7800,258.7300,258.7300,700
1470244187,258.8256,258.8256,258.7200,258.7400,1100
1470244249,258.7324,258.7600,258.7324,258.7600,600
1470244274,258.7450,258.7450,258.6700,258.6700,200
1470244331,258.9600,258.9600,258.7650,258.8200,1200
1470244416,258.8400,258.9600,258.8400,258.9500,1200
1470244449,258.8300,258.9000,258.8300,258.9000,300
1470244502,258.9500,258.9500,258.9499,258.9499,500
1470244653,258.8300,258.8300,258.8300,258.8300,300
1470244768,258.8000,258.8600,258.8000,258.8600,200
1470244803,258.8800,258.8800,258.7800,258.7800,400
1470244914,258.8600,258.8899,258.8600,258.8899,300
1470244978,258.6700,258.7759,258.6700,258.7600,1900
1470244997,258.7150,258.7150,258.7150,258.7150,100
1470245102,258.8900,258.8900,258.7500,258.7800,1100
1470245172,258.9400,258.9400,258.9400,258.9400,100
1470245223,258.8525,258.9400,258.8525,258.9400,1000
1470245331,258.8640,258.8640,258.8640,258.8640,100
1470245385,258.8500,258.9000,258.8500,258.8800,700
1470245453,258.5800,258.9010,258.5200,258.8600,12500
1470245479,258.6800,258.6800,258.5450,258.5450,1400
1470245523,258.6000,258.6700,258.6000,258.6700,300
1470245582,258.7200,258.7200,258.7050,258.7050,400
1470245691,258.5200,258.6600,258.5200,258.6600,2000
1470245708,258.6600,258.6600,258.6500,258.6500,600
1470245938,258.6100,258.6150,258.6100,258.6150,400
1470246040,258.4600,258.4900,258.4600,258.4900,300
1470246092,258.6600,258.6600,258.5437,258.5800,600
1470246125,258.5000,258.6300,258.5000,258.6300,800
1470246201,258.4650,258.4900,258.4600,258.4900,800
1470246252,258.4600,258.4600,258.4600,258.4600,100
1470246315,258.5100,258.5100,258.5100,258.5100,300
1470246445,258.4440,258.5500,258.4440,258.5500,100
1470246610,258.4900,258.6800,258.4900,258.5900,3200
1470246678,258.4800,258.4800,258.4500,258.4500,300
1470246739,258.6000,258.6000,258.5300,258.5300,400
1470246780,258.3800,258.5100,258.3800,258.5100,1900
1470246958,258.1950,258.4200,258.1950,258.4200,400
1470247003,258.3700,258.3700,258.1890,258.1890,1200
1470247055,258.5300,258.5300,258.3800,258.3800,600
1470247169,258.6200,258.6200,258.6200,258.6200,100
1470247228,258.5400,258.6700,258.5400,258.6500,1600
1470247264,258.8320,258.8320,258.6500,258.6500,1200
1470247336,258.5700,258.6800,258.5700,258.6800,200
1470247498,258.5550,258.6700,258.4200,258.6600,1100
1470247512,258.5600,258.5600,258.5500,258.5500,400
1470247563,258.6170,258.6170,258.6170,258.6170,100
1470247642,258.6700,258.6700,258.6600,258.6600,300
1470247682,258.9000,258.9100,258.6900,258.6900,1500
1470247769,258.6000,258.8100,258.6000,258.8100,1200
1470247804,258.5748,258.5748,258.5700,258.5700,300
1470248008,258.6300,258.6300,258.6300,258.6300,300
1470248206,258.6600,258.6600,258.6600,258.6600,100
1470248244,258.4500,258.6600,258.4500,258.6600,1500
1470248283,258.4500,258.4600,258.4500,258.4600,200
1470248344,258.3544,258.4888,258.3544,258.3700,400
1470248404,258.5700,258.5700,258.4100,258.4300,700
1470248473,258.6600,258.6600,258.5000,258.5000,300
1470248675,258.4600,258.6900,258.4600,258.6900,1100
1470248751,258.4000,258.4000,258.4000,258.4000,100
1470248861,258.5500,258.5500,258.3700,258.3700,1000
1470248910,258.3100,258.5400,258.3100,258.5400,1100
1470248940,258.2500,258.3000,258.2500,258.3000,300
1470249025,258.2900,258.2900,258.1600,258.1600,1400
1470249119,258.3700,258.3800,258.3700,258.3800,500
1470249120,258.4250,258.4250,258.4250,258.4250,300
1470249185,258.3900,258.4600,258.3800,258.4600,600
1470249299,258.6600,258.6850,258.6200,258.6200,400
1470249302,258.4300,258.6300,258.3800,258.6300,1400
1470249401,258.2400,258.2400,258.2400,258.2400,100
1470249599,258.2400,258.2400,258.2400,258.2400,600
1470249621,258.2500,258.3600,258.2500,258.3300,900
1470249684,258.3300,258.3300,258.3300,258.3300,200
1470249773,258.5600,258.5600,258.3300,258.3400,1200
1470249780,258.5700,258.6950,258.5700,258.6700,1300
1470249873,258.3400,258.5500,258.3400,258.5500,900
1470249974,258.2400,258.2900,258.2400,258.2900,400
1470250030,258.0100,258.1742,258.0100,258.1742,1400
1470250115,258.2500,258.3400,258.1875,258.2000,2100
1470250141,258.1800,258.3000,257.9800,258.3000,3600
1470250206,258.2700,258.2700,258.2700,258.2700,200
1470250320,258.2300,258.4300,258.2300,258.4000,2000
1470250380,258.1800,258.2100,258.1800,258.2100,500
1470250458,258.1000,258.2190,258.1000,258.2190,200
1470250530,258.3000,258.3000,258.1800,258.1800,300
1470250569,258.2500,258.4200,258.2500,258.4200,400
1470250632,258.2510,258.2510,258.2510,258.2510,100
1470250690,258.2500,258.2700,258.2300,258.2600,1600
1470250754,258.1200,258.4100,258.1200,258.3400,1300
1470250817,258.0400,258.1900,258.0400,258.1341,600
1470250876,258.3000,258.3000,258.1700,258.1700,1800
1470250930,258.2800,258.2800,258.2300,258.2400,1700
1470251017,258.2500,258.3633,258.2500,258.3400,1200
1470251188,258.2400,258.2400,258.1600,258.1600,700
1470251243,258.4500,258.4500,258.3100,258.3100,400
1470251338,258.4600,258.5500,258.4500,258.4500,1000
1470251397,258.4519,258.5500,258.4519,258.5500,300
1470251414,258.5476,258.5476,258.5476,258.5476,200
1470251468,258.2600,258.5000,258.2600,258.5000,3000
1470251578,258.1700,258.3700,258.1700,258.3300,2800
1470251586,258.1400,258.1400,258.1300,258.1300,500
1470251747,258.2700,258.2700,258.1500,258.2200,1500
1470251805,258.2100,258.2400,258.1100,258.2400,1500
1470251820,258.2900,258.2900,258.0800,258.1450,1300
1470251937,258.3400,258.3400,258.3300,258.3300,300
1470251950,258.1300,258.2800,258.1300,258.2800,1400
1470252057,258.0800,258.1700,258.0800,258.0800,600
1470252070,258.1200,258.1200,258.1200,258.1200,700
1470252129,258.1300,258.3800,258.1300,258.2500,1800
1470252187,258.1700,258.1700,258.1700,258.1700,100
1470252241,258.0800,258.2090,258.0800,258.2010,7400
1470252308,258.2800,258.3200,258.1850,258.1900,2200
1470252382,258.1000,258.3000,258.0600,258.3000,1800
1470252440,258.1900,258.1900,258.1900,258.1900,200
1470252505,258.2700,258.3200,258.2700,258.2900,600
1470252541,258.1700,258.3200,258.1700,258.3200,1000
1470252653,258.2200,258.2200,258.2200,258.2200,600
1470252669,258.0700,258.1600,258.0600,258.1600,800
1470252777,258.2000,258.2500,258.0300,258.0300,2300
1470252816,258.1300,258.1300,258.1300,258.1300,200
1470252840,258.1900,258.2600,258.1800,258.2200,1000
1470252904,258.2260,258.2260,258.1800,258.1800,1500
1470252983,258.0500,258.1800,258.0500,258.1800,700
1470253023,258.1600,258.2500,258.0600,258.0600,1600
1470253107,258.2300,258.2400,258.2300,258.2400,1400
1470253184,258.3000,258.3000,258.3000,258.3000,300
1470253256,258.3000,258.3400,258.2300,258.3400,400
1470253284,258.3100,258.3200,258.2400,258.2400,800
1470253331,258.2300,258.2800,258.2300,258.2800,1100
1470253391,258.1800,258.2400,258.1800,258.2400,900
1470253491,258.1700,258.2517,258.1700,258.1900,800
1470253501,258.2525,258.3200,258.2300,258.2300,2400
1470253560,258.3100,258.3100,258.2600,258.3100,4300
1470253627,258.3100,258.3100,258.3000,258.3000,200
1470253697,258.3100,258.3100,258.2701,258.2812,1500
1470253790,258.4200,258.5100,258.3500,258.3600,2600
1470253800,258.5899,258.5900,258.4300,258.4300,2700
1470253919,258.5600,258.6500,258.5600,258.5800,3700
1470253921,258.6000,258.6200,258.5700,258.5800,2000
1470253981,258.5900,258.5900,258.5500,258.5800,3200
1470254047,258.6200,258.6300,258.5500,258.6300,1100
1470254111,258.7499,258.7499,258.6299,258.6299,2800
1470254214,258.6900,258.7400,258.6100,258.6700,6000
1470254220,258.7400,258.7500,258.6350,258.6500,2100
1470254280,258.7500,258.8600,258.7158,258.7180,7500
1470254342,258.9200,258.9600,258.7400,258.7700,23100
1470254400,258.9100,258.9100,258.9100,258.9100,27800
