uri:/instrument/1.0/XLU/chartdata;type=quote;range=1d/csv
ticker:xlu
Company-Name:SPDR Select Sector Fund - Utili
Exchange-Name:PCX
unit:MIN
timezone:EDT
currency:USD
gmtoffset:-14400
previous_close:52.1500
Timestamp:1470144600,1470168000
labels:1470146400,1470150000,1470153600,1470157200,1470160800,1470164400,1470168000
values:Timestamp,close,high,low,open,volume
close:51.5800,51.9700
high:51.6000,52.0100
low:51.5700,51.9500
open:51.5800,51.9700
volume:1000,216600
1470144655,51.9300,51.9400,51.8700,51.9000,171200
1470144719,51.9700,51.9700,51.9200,51.9300,115800
1470144768,51.8500,52.0100,51.8500,51.9700,116900
1470144837,51.8700,51.8900,51.8400,51.8400,216600
1470144898,51.7600,51.8800,51.7500,51.8700,85700
1470144959,51.7665,51.8300,51.7600,51.7700,60200
1470145019,51.8000,51.8100,51.7650,51.7659,79000
1470145076,51.8000,51.8300,51.7800,51.8100,64400
1470145139,51.8000,51.8300,51.7900,51.7900,46900
1470145199,51.7500,51.8000,51.7500,51.7900,72200
1470145258,51.7700,51.7800,51.7500,51.7500,71600
1470145316,51.7500,51.7800,51.7500,51.7800,66900
1470145379,51.7600,51.7800,51.7400,51.7500,109700
1470145438,51.7250,51.7600,51.7250,51.7600,43300
1470145499,51.7100,51.7400,51.7100,51.7300,69400
1470145558,51.6800,51.7500,51.6700,51.7100,68900
1470145619,51.6800,51.7000,51.6600,51.6700,71400
1470145679,51.6500,51.7000,51.6500,51.6800,72700
1470145738,51.6100,51.6700,51.6099,51.6600,75500
1470145799,51.6050,51.6200,51.5950,51.6100,28000
1470145858,51.6200,51.6200,51.5900,51.6000,31500
1470145919,51.6700,51.6800,51.6000,51.6300,44800
1470145968,51.6700,51.6800,51.6600,51.6700,29300
1470145987,51.7200,51.7300,51.6650,51.6700,16500
1470146097,51.7100,51.7400,51.7100,51.7300,18100
1470146156,51.6900,51.7141,51.6800,51.7100,19500
1470146217,51.7200,51.7200,51.6801,51.6801,22500
1470146276,51.7500,51.7700,51.7200,51.7200,17900
1470146335,51.7500,51.7700,51.7400,51.7600,27600
1470146342,51.7400,51.7400,51.7200,51.7400,20600
1470146458,51.7200,51.7500,51.7200,51.7400,27500
1470146519,51.7500,51.7500,51.7200,51.7300,24900
1470146576,51.7400,51.7400,51.7200,51.7400,37500
1470146639,51.7400,51.7700,51.7300,51.7500,18300
1470146699,51.7300,51.7500,51.7200,51.7400,74200
1470146757,51.6900,51.7300,51.6900,51.7300,38200
1470146818,51.6900,51.7000,51.6700,51.6850,47200
1470146821,51.7000,51.7050,51.6900,51.7000,56500
1470146880,51.6900,51.6925,51.6700,51.6925,112600
1470146999,51.6700,51.6850,51.6500,51.6800,68900
1470147005,51.6700,51.6900,51.6600,51.6600,57200
1470147118,51.6900,51.7000,51.6699,51.6800,34800
1470147172,51.7000,51.7100,51.6950,51.7000,66400
1470147234,51.6800,51.7000,51.6700,51.7000,45600
1470147299,51.6900,51.6950,51.6750,51.6900,30800
1470147353,51.6850,51.7100,51.6700,51.6900,28600
1470147419,51.6950,51.7000,51.6800,51.6900,22200
1470147478,51.6900,51.7000,51.6800,51.6900,15000
1470147539,51.6600,51.7000,51.6550,51.7000,31600
1470147543,51.6550,51.6800,51.6550,51.6700,34800
1470147656,51.6600,51.6700,51.6500,51.6600,29100
1470147718,51.6700,51.6800,51.6600,51.6600,16100
1470147779,51.6700,51.6800,51.6600,51.6800,31800
1470147784,51.6800,51.6800,51.6600,51.6700,19900
1470147856,51.6600,51.6800,51.6600,51.6800,7900
1470147900,51.6710,51.6800,51.6600,51.6600,65400
1470147965,51.6400,51.6800,51.6400,51.6750,85400
1470148068,51.6600,51.6600,51.6300,51.6400,12600
1470148137,51.6600,51.6700,51.6500,51.6500,20700
1470148140,51.6300,51.6700,51.6300,51.6600,25600
1470148258,51.6500,51.6500,51.6200,51.6300,28500
1470148318,51.6500,51.6600,51.6400,51.6500,19500
1470148378,51.6200,51.6500,51.6200,51.6500,19700
1470148380,51.5800,51.6200,51.5800,51.6110,20400
1470148441,51.5800,51.6000,51.5700,51.5800,16400
1470148558,51.5900,51.6000,51.5700,51.5800,63800
1470148618,51.6300,51.6400,51.5900,51.5900,61900
1470148624,51.6500,51.6500,51.6211,51.6300,21300
1470148683,51.6650,51.6700,51.6465,51.6499,39200
1470148795,51.7000,51.7050,51.6600,51.6650,19600
1470148800,51.7200,51.7300,51.7000,51.7100,50100
1470148919,51.6900,51.7100,51.6900,51.7000,34000
1470148974,51.7100,51.7100,51.6900,51.6900,33800
1470148983,51.7100,51.7100,51.7010,51.7100,11200
1470149040,51.7400,51.7400,51.6900,51.7100,42900
1470149159,51.7200,51.7300,51.7100,51.7300,37400
1470149206,51.7200,51.7200,51.7100,51.7200,17800
1470149279,51.6750,51.7100,51.6750,51.7100,12100
1470149336,51.6875,51.6900,51.6750,51.6750,16800
1470149396,51.6800,51.6900,51.6800,51.6900,12900
1470149405,51.6700,51.6800,51.6600,51.6800,18100
1470149515,51.7300,51.7300,51.6800,51.6800,6100
1470149576,51.7400,51.7400,51.7100,51.7300,8600
1470149639,51.7300,51.7500,51.7300,51.7500,26200
1470149642,51.7400,51.7400,51.7300,51.7300,14500
1470149700,51.7400,51.7500,51.7300,51.7500,22200
1470149816,51.7600,51.7600,51.7500,51.7500,11500
1470149879,51.7800,51.7900,51.7650,51.7700,17800
1470149923,51.8100,51.8100,51.7700,51.7800,28000
1470149940,51.8100,51.8100,51.7800,51.8100,35400
1470150057,51.8600,51.8600,51.8060,51.8060,19300
1470150119,51.8500,51.8600,51.8400,51.8535,22000
1470150120,51.8400,51.8500,51.8300,51.8500,28000
1470150237,51.8400,51.8600,51.8400,51.8400,28200
1470150298,51.8200,51.8400,51.8150,51.8365,70000
1470150359,51.8400,51.8400,51.8100,51.8200,40400
1470150419,51.8800,51.8900,51.8500,51.8500,40700
1470150479,51.9350,51.9400,51.8800,51.8800,56600
1470150534,51.9500,51.9500,51.9300,51.9301,15000
1470150540,51.9000,51.9401,51.9000,51.9400,48500
1470150657,51.9262,51.9300,51.9000,51.9000,8500
1470150718,51.9300,51.9400,51.9250,51.9300,17300
1470150723,51.9299,51.9400,51.9200,51.9300,7400
1470150781,51.9350,51.9400,51.9100,51.9200,18900
1470150897,51.9300,51.9400,51.9235,51.9400,15700
1470150958,51.9200,51.9400,51.9200,51.9400,9100
1470150961,51.9150,51.9150,51.8900,51.9100,22700
1470151076,51.9101,51.9200,51.9101,51.9150,6700
1470151136,51.9400,51.9400,51.9100,51.9200,13300
1470151197,51.9500,51.9500,51.9375,51.9375,5900
1470151259,51.9270,51.9500,51.9150,51.9500,50800
1470151315,51.9350,51.9500,51.9275,51.9300,18400
1470151331,51.9650,51.9650,51.9475,51.9500,11600
1470151438,51.9500,51.9700,51.9266,51.9700,30300
1470151497,51.9700,51.9700,51.9500,51.9500,9100
1470151506,51.9400,51.9600,51.9375,51.9600,16600
1470151570,51.9100,51.9300,51.9100,51.9300,21500
1470151620,51.8900,51.9300,51.8900,51.9100,9400
1470151739,51.8800,51.9000,51.8700,51.9000,12500
1470151741,51.8500,51.8800,51.8500,51.8700,11700
1470151859,51.8800,51.8900,51.8400,51.8500,26300
1470151863,51.8950,51.8950,51.8800,51.8900,5000
1470151920,51.8600,51.9100,51.8600,51.9000,15100
1470152039,51.8767,51.8800,51.8600,51.8600,8500
1470152099,51.8600,51.8800,51.8600,51.8800,11300
1470152145,51.8956,51.9050,51.8700,51.8700,30700
1470152161,51.8635,51.9000,51.8600,51.8900,21100
1470152278,51.8900,51.8900,51.8500,51.8600,20800
1470152332,51.8600,51.9000,51.8600,51.9000,15300
1470152389,51.8800,51.8850,51.8690,51.8700,31400
1470152445,51.9000,51.9000,51.8800,51.8800,12200
1470152518,51.8750,51.9000,51.8700,51.9000,19500
1470152576,51.9000,51.9000,51.8760,51.8800,10400
1470152584,51.8700,51.8950,51.8658,51.8900,29800
1470152699,51.8900,51.9000,51.8600,51.8700,27200
1470152756,51.8900,51.9000,51.8800,51.9000,19600
1470152818,51.8900,51.8900,51.8600,51.8800,18800
1470152872,51.9000,51.9050,51.8900,51.8900,6700
1470152884,51.8500,51.9050,51.8400,51.9000,19500
1470152999,51.8600,51.8600,51.8467,51.8500,17400
1470153001,51.8500,51.8550,51.8400,51.8500,6800
1470153113,51.8350,51.8500,51.8300,51.8400,16400
1470153176,51.8342,51.8450,51.8300,51.8300,19400
1470153191,51.8300,51.8400,51.8250,51.8400,15500
1470153293,51.8000,51.8300,51.8000,51.8300,24300
1470153355,51.7900,51.8100,51.7850,51.8000,17500
1470153417,51.7700,51.7900,51.7700,51.7900,19900
1470153473,51.7500,51.7750,51.7500,51.7750,4500
1470153539,51.7200,51.7400,51.7100,51.7400,55700
1470153540,51.7450,51.7450,51.7150,51.7200,25000
1470153658,51.7500,51.7700,51.7400,51.7400,18200
1470153719,51.7200,51.7550,51.7200,51.7550,18600
1470153768,51.7100,51.7400,51.7100,51.7100,23600
1470153838,51.7300,51.7300,51.7000,51.7200,7100
1470153889,51.7400,51.7500,51.7000,51.7200,20400
1470153900,51.7200,51.7300,51.7000,51.7300,11200
1470154011,51.7200,51.7250,51.7100,51.7200,10300
1470154077,51.7100,51.7200,51.7100,51.7100,10900
1470154136,51.7050,51.7200,51.7050,51.7110,16900
1470154195,51.7100,51.7200,51.7010,51.7010,6300
1470154227,51.7100,51.7200,51.7100,51.7100,5000
1470154316,51.7300,51.7300,51.7000,51.7000,5300
1470154376,51.7400,51.7500,51.7300,51.7300,31200
1470154389,51.7400,51.7400,51.7300,51.7400,6200
1470154446,51.7400,51.7500,51.7400,51.7400,22900
1470154559,51.7500,51.7500,51.7400,51.7400,1500
1470154612,51.7450,51.7600,51.7400,51.7600,5200
1470154625,51.7400,51.7500,51.7400,51.7500,23400
1470154730,51.7450,51.7500,51.7300,51.7400,13100
1470154763,51.7479,51.7600,51.7479,51.7500,6700
1470154858,51.7500,51.7600,51.7400,51.7437,4200
1470154905,51.7500,51.7600,51.7500,51.7600,6300
1470154923,51.7550,51.7600,51.7500,51.7588,1700
1470154980,51.7350,51.7500,51.7350,51.7500,13000
1470155098,51.7500,51.7500,51.7300,51.7400,9200
1470155158,51.7500,51.7500,51.7400,51.7400,4300
1470155219,51.7270,51.7500,51.7270,51.7500,16500
1470155277,51.7300,51.7400,51.7210,51.7300,4900
1470155287,51.7400,51.7400,51.7200,51.7300,6900
1470155398,51.7400,51.7500,51.7300,51.7400,6300
1470155455,51.7000,51.7300,51.7000,51.7300,8800
1470155515,51.7100,51.7100,51.6900,51.7000,25400
1470155525,51.7400,51.7400,51.7100,51.7100,6800
1470155638,51.7300,51.7400,51.7200,51.7350,4900
1470155684,51.7500,51.7600,51.7300,51.7300,33600
1470155759,51.7400,51.7600,51.7400,51.7600,16500
1470155817,51.7200,51.7400,51.7200,51.7400,5800
1470155879,51.7300,51.7300,51.7100,51.7200,10200
1470155939,51.7100,51.7300,51.7100,51.7200,8200
1470155993,51.7200,51.7200,51.7100,51.7100,8000
1470156057,51.7100,51.7300,51.7000,51.7200,56500
1470156062,51.7300,51.7300,51.7000,51.7100,15300
1470156179,51.7389,51.7450,51.7300,51.7400,12400
1470156181,51.7500,51.7500,51.7392,51.7392,4400
1470156241,51.7701,51.7701,51.7500,51.7500,9700
1470156358,51.7700,51.7900,51.7600,51.7700,11500
1470156419,51.7650,51.7800,51.7600,51.7700,15000
1470156467,51.7800,51.7800,51.7600,51.7600,6800
1470156538,51.7600,51.7800,51.7600,51.7800,11200
1470156540,51.7600,51.7601,51.7600,51.7600,10300
1470156611,51.7650,51.7800,51.7600,51.7600,14500
1470156660,51.7600,51.7700,51.7500,51.7700,16400
1470156722,51.7700,51.7700,51.7650,51.7663,1000
1470156833,51.7600,51.7800,51.7600,51.7600,8800
1470156899,51.7600,51.7900,51.7600,51.7600,40900
1470156956,51.7600,51.7700,51.7500,51.7600,19900
1470157013,51.7550,51.7600,51.7500,51.7600,2400
1470157028,51.7600,51.7600,51.7500,51.7500,2900
1470157137,51.7300,51.7650,51.7300,51.7600,4500
1470157147,51.7400,51.7500,51.7300,51.7300,9600
1470157248,51.7600,51.7600,51.7350,51.7400,2800
1470157317,51.7900,51.7900,51.7500,51.7500,4200
1470157376,51.8000,51.8000,51.7850,51.7850,3400
1470157430,51.8000,51.8100,51.8000,51.8000,14200
1470157440,51.7800,51.8100,51.7800,51.8000,19400
1470157551,51.8000,51.8000,51.7700,51.7700,6600
1470157615,51.7800,51.7900,51.7800,51.7900,5600
1470157679,51.7800,51.7900,51.7800,51.7800,3400
1470157738,51.7600,51.7800,51.7590,51.7800,12500
1470157783,51.7800,51.7800,51.7550,51.7600,12000
1470157856,51.7563,51.7733,51.7563,51.7733,9400
1470157868,51.7700,51.7700,51.7550,51.7550,2200
1470157979,51.7700,51.7740,51.7600,51.7700,11700
1470158027,51.7600,51.7650,51.7500,51.7650,1500
1470158096,51.7500,51.7500,51.7400,51.7500,6500
1470158159,51.7700,51.7800,51.7500,51.7540,9800
1470158163,51.7700,51.7700,51.7625,51.7700,6600
1470158275,51.7900,51.7900,51.7600,51.7675,7900
1470158328,51.7900,51.7900,51.7800,51.7900,4500
1470158387,51.7950,51.8100,51.7900,51.8100,17800
1470158459,51.7900,51.8100,51.7800,51.8000,16100
1470158461,51.8300,51.8300,51.7900,51.7900,5700
1470158521,51.8200,51.8200,51.8100,51.8200,3800
1470158636,51.8233,51.8300,51.8100,51.8100,3100
1470158690,51.8300,51.8350,51.8250,51.8300,2400
1470158745,51.8101,51.8250,51.8100,51.8250,15300
1470158818,51.8300,51.8400,51.8100,51.8200,22900
1470158879,51.8400,51.8500,51.8300,51.8438,183400
1470158937,51.8350,51.8500,51.8300,51.8400,6500
1470158997,51.8332,51.8400,51.8300,51.8350,2300
1470159054,51.8200,51.8400,51.8100,51.8300,5300
1470159114,51.8200,51.8400,51.8150,51.8150,8900
1470159179,51.8250,51.8400,51.8200,51.8300,5300
1470159181,51.8350,51.8400,51.8250,51.8250,17000
1470159298,51.8300,51.8400,51.8300,51.8300,2400
1470159307,51.8500,51.8600,51.8300,51.8300,39600
1470159360,51.8400,51.8500,51.8400,51.8500,10700
1470159426,51.8200,51.8499,51.8100,51.8461,12900
1470159538,51.8300,51.8300,51.8150,51.8199,7900
1470159599,51.8300,51.8500,51.8300,51.8400,12500
1470159646,51.8200,51.8400,51.8200,51.8300,2600
1470159718,51.8262,51.8300,51.8200,51.8300,3900
1470159721,51.8338,51.8400,51.8200,51.8200,3200
1470159838,51.8300,51.8300,51.8200,51.8300,1700
1470159890,51.8350,51.8400,51.8200,51.8200,5500
1470159956,51.8550,51.8600,51.8300,51.8400,4100
1470160015,51.8550,51.8600,51.8400,51.8510,6100
1470160078,51.8600,51.8600,51.8500,51.8550,1400
1470160133,51.8600,51.8700,51.8500,51.8500,7700
1470160159,51.8534,51.8600,51.8500,51.8500,1000
1470160202,51.8700,51.8700,51.8550,51.8550,6900
1470160313,51.8600,51.8650,51.8500,51.8500,5000
1470160322,51.8700,51.8700,51.8600,51.8700,2300
1470160438,51.8450,51.8650,51.8450,51.8600,10600
1470160498,51.8500,51.8600,51.8450,51.8500,8700
1470160557,51.8410,51.8500,51.8400,51.8450,8300
1470160616,51.8550,51.8700,51.8499,51.8500,12800
1470160679,51.8538,51.8600,51.8500,51.8600,1000
1470160734,51.8500,51.8600,51.8500,51.8500,2100
1470160792,51.8500,51.8600,51.8500,51.8500,4000
1470160801,51.8400,51.8500,51.8300,51.8500,19400
1470160911,51.8550,51.8600,51.8400,51.8400,4300
1470160974,51.8550,51.8600,51.8500,51.8500,4000
1470161038,51.8200,51.8600,51.8100,51.8500,22000
1470161082,51.8100,51.8200,51.8100,51.8200,1700
1470161157,51.8050,51.8100,51.8000,51.8100,6200
1470161214,51.8100,51.8111,51.8000,51.8000,14200
1470161279,51.8164,51.8200,51.7900,51.8050,13700
1470161332,51.8410,51.8600,51.8100,51.8200,27400
1470161396,51.8500,51.8600,51.8435,51.8500,11100
1470161459,51.8200,51.8400,51.8100,51.8400,12000
1470161510,51.8100,51.8200,51.8100,51.8200,1700
1470161576,51.8100,51.8200,51.8100,51.8100,4400
1470161636,51.8200,51.8250,51.8100,51.8100,8700
1470161695,51.8500,51.8600,51.8300,51.8300,79200
1470161754,51.8310,51.8500,51.8300,51.8500,14700
1470161760,51.8235,51.8400,51.8200,51.8300,10100
1470161868,51.8400,51.8400,51.8200,51.8200,25000
1470161939,51.8450,51.8500,51.8400,51.8450,6100
1470161995,51.8400,51.8500,51.8400,51.8500,1700
1470162041,51.8500,51.8550,51.8400,51.8500,5900
1470162060,51.8400,51.8500,51.8300,51.8500,8100
1470162173,51.8300,51.8400,51.8300,51.8400,3500
1470162238,51.8500,51.8500,51.8300,51.8400,8300
1470162257,51.8400,51.8500,51.8400,51.8450,7600
1470162351,51.8300,51.8400,51.8200,51.8400,6100
1470162415,51.8500,51.8500,51.8300,51.8300,11600
1470162479,51.8500,51.8600,51.8500,51.8500,5000
1470162527,51.8600,51.8700,51.8400,51.8400,12400
1470162597,51.8500,51.8700,51.8500,51.8661,4200
1470162601,51.8500,51.8600,51.8500,51.8600,2700
1470162717,51.8500,51.8600,51.8400,51.8500,20400
1470162772,51.8600,51.8600,51.8450,51.8500,9900
1470162824,51.8400,51.8600,51.8400,51.8600,7600
1470162840,51.8437,51.8437,51.8300,51.8400,18100
1470162957,51.8500,51.8500,51.8400,51.8400,5900
1470163013,51.8550,51.8600,51.8500,51.8600,17100
1470163070,51.8400,51.8600,51.8400,51.8600,5600
1470163136,51.8200,51.8500,51.8200,51.8400,4900
1470163191,51.8100,51.8300,51.8100,51.8200,6000
1470163200,51.8350,51.8400,51.8100,51.8100,12700
1470163264,51.8400,51.8400,51.8200,51.8400,3000
1470163379,51.7700,51.8300,51.7500,51.8300,33600
1470163432,51.7863,51.7900,51.7700,51.7700,14300
1470163443,51.7900,51.8000,51.7750,51.7900,42900
1470163555,51.7600,51.7800,51.7500,51.7800,125600
1470163616,51.7550,51.7700,51.7500,51.7500,9400
1470163662,51.7400,51.7600,51.7400,51.7600,25100
1470163727,51.7700,51.7750,51.7600,51.7600,17000
1470163790,51.7800,51.7800,51.7610,51.7700,3100
1470163859,51.7900,51.8000,51.7800,51.7800,16100
1470163862,51.7900,51.8000,51.7800,51.7900,16900
1470163920,51.8100,51.8100,51.7900,51.7900,5500
1470163987,51.7900,51.8200,51.7850,51.8200,16600
1470164042,51.7900,51.7900,51.7900,51.7900,6500
1470164108,51.7800,51.7900,51.7800,51.7900,12100
1470164219,51.7939,51.8000,51.7843,51.7900,3200
1470164277,51.8100,51.8100,51.7911,51.8000,15800
1470164337,51.8150,51.8200,51.8050,51.8100,7100
1470164396,51.8150,51.8300,51.8100,51.8134,24500
1470164453,51.8000,51.8200,51.7900,51.8200,20500
1470164513,51.8100,51.8200,51.7950,51.8000,12700
1470164574,51.8100,51.8200,51.8100,51.8200,1700
1470164639,51.8100,51.8150,51.7935,51.8100,12900
1470164641,51.7900,51.8110,51.7900,51.8100,20100
1470164745,51.8100,51.8100,51.7900,51.7900,4400
1470164816,51.8000,51.8100,51.8000,51.8099,9300
1470164874,51.8000,51.8100,51.8000,51.8050,3200
1470164883,51.7900,51.8100,51.7900,51.8000,19200
1470164996,51.7900,51.8000,51.7900,51.7900,3000
1470165058,51.7900,51.8000,51.7800,51.7900,9300
1470165113,51.7800,51.7900,51.7800,51.7850,3300
1470165122,51.7700,51.7900,51.7700,51.7800,8200
1470165239,51.7700,51.7800,51.7700,51.7800,10300
1470165241,51.7550,51.7700,51.7550,51.7700,24500
1470165355,51.7300,51.7550,51.7300,51.7500,26900
1470165416,51.7350,51.7500,51.7300,51.7400,23400
1470165463,51.7600,51.7700,51.7340,51.7360,19100
1470165535,51.7500,51.7700,51.7500,51.7600,8500
1470165597,51.7750,51.7750,51.7500,51.7550,6100
1470165601,51.7700,51.7900,51.7675,51.7778,34800
1470165716,51.7750,51.7800,51.7650,51.7650,3900
1470165769,51.7900,51.7900,51.7700,51.7777,7000
1470165782,51.8000,51.8000,51.7800,51.7900,7500
1470165895,51.7900,51.8000,51.7900,51.8000,6800
1470165900,51.7800,51.7900,51.7800,51.7810,4100
1470166018,51.7800,51.7900,51.7800,51.7800,9600
1470166021,51.7850,51.7900,51.7800,51.7800,6200
1470166129,51.8150,51.8150,51.8000,51.8000,15200
1470166198,51.8000,51.8100,51.8000,51.8100,23100
1470166257,51.7950,51.8000,51.7900,51.8000,13300
1470166318,51.8000,51.8100,51.7900,51.7950,24000
1470166320,51.7900,51.8000,51.7850,51.8000,14700
1470166439,51.8000,51.8050,51.7850,51.7850,14500
1470166489,51.7900,51.8050,51.7850,51.8050,13900
1470166559,51.7700,51.7900,51.7600,51.7900,30500
1470166569,51.7800,51.7800,51.7600,51.7700,21700
1470166675,51.7800,51.7800,51.7700,51.7750,4400
1470166680,51.8100,51.8200,51.7742,51.7750,40300
1470166799,51.8150,51.8200,51.8100,51.8150,8800
1470166852,51.8000,51.8200,51.7900,51.8150,23000
1470166914,51.8100,51.8100,51.7900,51.7900,21500
1470166978,51.8000,51.8100,51.7800,51.8100,92000
1470167038,51.8150,51.8200,51.8000,51.8050,18400
1470167040,51.8350,51.8400,51.8100,51.8150,31500
1470167159,51.8550,51.8600,51.8300,51.8400,21800
1470167219,51.8700,51.8990,51.8500,51.8557,73800
1470167279,51.8500,51.8800,51.8500,51.8760,59600
1470167339,51.8500,51.8600,51.8500,51.8500,14300
1470167393,51.8600,51.8700,51.8400,51.8500,31800
1470167400,51.8410,51.8600,51.8300,51.8550,21300
1470167518,51.8350,51.8450,51.8300,51.8400,45600
1470167579,51.8300,51.8500,51.8300,51.8350,37500
1470167637,51.8350,51.8400,51.8300,51.8350,7800
1470167641,51.8150,51.8350,51.8100,51.8350,113800
1470167758,51.8400,51.8400,51.8150,51.8200,34700
1470167819,51.8300,51.8400,51.8300,51.8400,52400
1470167879,51.8250,51.8400,51.8200,51.8350,54100
1470167939,51.8200,51.8300,51.8100,51.8200,78500
1470167999,51.8300,51.8300,51.8100,51.8100,177400
1470168000,51.8100,51.8100,51.8100,51.8100,157800
