uri:/instrument/1.0/ACWI/chartdata;type=quote;range=1d/csv
ticker:acwi
Company-Name:iShares MSCI ACWI Index Fund
Exchange-Name:NGM
unit:MIN
timezone:EDT
currency:USD
gmtoffset:-14400
previous_close:57.8600
Timestamp:1470317400,1470340800
labels:1470319200,1470322800,1470326400,1470330000,1470333600,1470337200,1470340800
values:Timestamp,close,high,low,open,volume
close:57.8600,58.1300
high:57.8700,58.1300
low:57.8600,58.1300
open:57.8600,58.1300
volume:0,148800
1470317411,57.9900,57.9900,57.9800,57.9800,3700
1470317512,57.9900,58.0000,57.9900,58.0000,9900
1470317558,57.9900,57.9900,57.9900,57.9900,1000
1470317625,57.9800,57.9950,57.9800,57.9800,8400
1470317640,57.9800,57.9800,57.9800,57.9800,100
1470317749,57.9950,57.9950,57.9800,57.9800,1500
1470317785,58.0000,58.0200,58.0000,58.0200,800
1470317821,58.0000,58.0000,58.0000,58.0000,100
1470317912,58.0300,58.0350,58.0300,58.0300,600
1470317961,58.0400,58.0450,58.0300,58.0300,900
1470318051,58.0550,58.0550,58.0400,58.0400,2300
1470318115,58.0500,58.0600,58.0400,58.0500,3300
1470318174,58.0550,58.0550,58.0500,58.0500,500
1470318239,58.0450,58.0650,58.0450,58.0600,1800
1470318299,58.0400,58.0500,58.0250,58.0350,2800
1470318346,58.0400,58.0500,58.0400,58.0500,800
1470318415,58.0100,58.0300,58.0100,58.0300,700
1470318455,58.0100,58.0100,58.0100,58.0100,200
1470318538,58.0131,58.0200,58.0131,58.0200,1600
1470318590,58.0300,58.0300,58.0200,58.0200,4100
1470318602,58.0400,58.0500,58.0400,58.0400,1600
1470318692,58.0400,58.0400,58.0300,58.0400,3000
1470318779,58.0300,58.0400,58.0300,58.0300,5700
1470318809,58.0300,58.0300,58.0200,58.0300,2000
1470318891,58.0200,58.0400,58.0200,58.0350,700
1470318957,57.9900,58.0200,57.9900,58.0200,4900
1470319016,57.9800,57.9900,57.9800,57.9900,3900
1470319070,57.9500,57.9800,57.9500,57.9800,1700
1470319095,57.9400,57.9400,57.9300,57.9400,900
1470319168,57.9300,57.9300,57.9300,57.9300,100
1470319257,57.9150,57.9300,57.9150,57.9300,700
1470319298,57.9000,57.9000,57.9000,57.9000,500
1470319375,57.9000,57.9100,57.9000,57.9000,600
1470319408,57.9300,57.9300,57.9100,57.9100,2100
1470319488,57.9300,57.9300,57.9300,57.9300,200
1470319545,57.9200,57.9300,57.9200,57.9300,3200
1470319618,57.8800,57.9100,57.8800,57.9100,3100
1470319673,57.8600,57.8700,57.8600,57.8700,1100
1470319721,57.8700,57.8700,57.8600,57.8600,1300
1470319795,57.8700,57.8800,57.8700,57.8800,1300
1470319859,57.8800,57.8800,57.8700,57.8700,3800
1470319889,57.8800,57.8800,57.8800,57.8800,600
1470319977,57.9100,57.9100,57.8900,57.8900,1800
1470320085,57.9000,57.9100,57.9000,57.9100,700
1470320213,57.9200,57.9200,57.9000,57.9000,1400
1470320265,57.9300,57.9300,57.9300,57.9300,1300
1470320328,57.9300,57.9300,57.9300,57.9300,200
1470320394,57.9300,57.9400,57.9300,57.9400,500
1470320438,57.9300,57.9373,57.9300,57.9300,1700
1470320519,57.9300,57.9300,57.9200,57.9200,1200
1470320526,57.9200,57.9300,57.9200,57.9300,400
1470320634,57.9200,57.9300,57.9200,57.9200,1400
1470320679,57.9300,57.9300,57.9200,57.9200,600
1470320746,57.9400,57.9400,57.9300,57.9300,1000
1470320782,57.9400,57.9400,57.9400,57.9400,100
1470320859,57.9400,57.9400,57.9400,57.9400,2200
1470320919,57.9300,57.9400,57.9300,57.9400,1700
1470320949,57.9400,57.9400,57.9400,57.9400,300
1470321054,57.9800,57.9900,57.9500,57.9500,10100
1470321098,57.9700,57.9700,57.9700,57.9700,1000
1470321166,57.9700,57.9800,57.9700,57.9800,600
1470321189,57.9700,57.9700,57.9700,57.9700,100
1470321291,57.9600,57.9700,57.9600,57.9700,500
1470321303,57.9600,57.9600,57.9600,57.9600,100
1470321418,57.9800,57.9800,57.9700,57.9700,1000
1470321455,57.9700,57.9700,57.9700,57.9700,500
1470321537,58.0000,58.0000,57.9800,57.9800,5100
1470321564,57.9900,58.0000,57.9900,58.0000,3300
1470321659,57.9900,57.9900,57.9900,57.9900,1100
1470321711,57.9700,57.9800,57.9700,57.9800,1800
1470321764,57.9800,57.9800,57.9800,57.9800,600
1470321835,57.9800,57.9850,57.9800,57.9800,800
1470321891,58.0000,58.0000,57.9900,57.9900,500
1470321953,57.9850,58.0000,57.9850,58.0000,1400
1470322018,57.9900,57.9900,57.9850,57.9850,1000
1470322073,57.9800,57.9900,57.9800,57.9900,700
1470322118,57.9700,57.9750,57.9700,57.9750,200
1470322196,57.9750,57.9750,57.9700,57.9750,700
1470322253,58.0100,58.0100,57.9700,57.9700,4400
1470322303,57.9900,58.0000,57.9900,58.0000,600
1470322331,57.9800,57.9900,57.9800,57.9900,600
1470322438,57.9800,57.9800,57.9700,57.9800,3600
1470322462,57.9800,57.9800,57.9800,57.9800,100
1470322511,57.9800,57.9800,57.9800,57.9800,700
1470322600,57.9800,57.9800,57.9800,57.9800,2400
1470322672,58.0000,58.0000,57.9800,57.9800,1200
1470322721,58.0200,58.0200,58.0100,58.0100,2000
1470322799,58.0400,58.0400,58.0400,58.0400,800
1470322800,58.0100,58.0300,58.0100,58.0300,1000
1470322904,58.0200,58.0200,58.0200,58.0200,900
1470322971,58.0400,58.0400,58.0200,58.0200,2100
1470323002,58.0300,58.0300,58.0300,58.0300,400
1470323056,58.0300,58.0300,58.0300,58.0300,1900
1470323136,58.0400,58.0400,58.0400,58.0400,200
1470323206,58.0300,58.0350,58.0263,58.0300,2000
1470323314,58.0300,58.0300,58.0250,58.0250,1700
1470323389,58.0300,58.0300,58.0300,58.0300,100
1470323437,58.0300,58.0300,58.0300,58.0300,2900
1470323510,58.0200,58.0300,58.0200,58.0300,1100
1470323557,58.0100,58.0200,58.0100,58.0200,900
1470323604,58.0000,58.0100,58.0000,58.0100,800
1470323680,58.0000,58.0084,58.0000,58.0000,1500
1470323722,58.0000,58.0050,58.0000,58.0050,2000
1470323770,57.9900,57.9900,57.9900,57.9900,200
1470323879,57.9900,57.9900,57.9900,57.9900,1400
1470323906,57.9999,57.9999,57.9900,57.9900,3600
1470323952,58.0000,58.0000,58.0000,58.0000,600
1470324045,58.0100,58.0100,58.0000,58.0000,2200
1470324063,58.0200,58.0200,58.0100,58.0100,900
1470324135,58.0200,58.0200,58.0200,58.0200,700
1470324201,58.0200,58.0200,58.0200,58.0200,200
1470324281,58.0000,58.0000,58.0000,58.0000,3000
1470324322,58.0065,58.0099,58.0000,58.0000,3500
1470324417,58.0100,58.0150,58.0100,58.0100,2400
1470324469,58.0100,58.0150,58.0000,58.0000,1800
1470324513,58.0200,58.0200,58.0100,58.0100,1300
1470324597,58.0100,58.0100,58.0000,58.0100,4700
1470324632,58.0100,58.0200,58.0100,58.0150,7300
1470324700,58.0200,58.0200,58.0100,58.0100,5900
1470324751,58.0100,58.0100,58.0100,58.0100,3800
1470324811,58.0200,58.0200,58.0100,58.0100,800
1470324899,58.0400,58.0483,58.0200,58.0200,7600
1470324947,58.0400,58.0400,58.0300,58.0400,900
1470324979,58.0500,58.0500,58.0500,58.0500,3100
1470325045,58.0400,58.0400,58.0400,58.0400,200
1470325123,58.0400,58.0500,58.0400,58.0500,1400
1470325224,58.0600,58.0600,58.0500,58.0500,6400
1470325365,58.0500,58.0500,58.0500,58.0500,100
1470325394,58.0600,58.0600,58.0400,58.0400,6400
1470325516,58.0400,58.0400,58.0400,58.0400,1800
1470325613,58.0500,58.0500,58.0500,58.0500,1400
1470325630,58.0500,58.0500,58.0500,58.0500,1300
1470325692,58.0500,58.0500,58.0500,58.0500,100
1470325745,58.0500,58.0550,58.0500,58.0500,700
1470325859,58.0500,58.0500,58.0500,58.0500,500
1470325881,58.0500,58.0500,58.0500,58.0500,900
1470325970,58.0550,58.0550,58.0500,58.0500,900
1470325983,58.0600,58.0600,58.0600,58.0600,900
1470326067,58.0600,58.0600,58.0600,58.0600,800
1470326153,58.0500,58.0600,58.0500,58.0600,400
1470326173,58.0600,58.0600,58.0600,58.0600,1400
1470326277,58.0900,58.0950,58.0700,58.0700,6200
1470326332,58.0950,58.0950,58.0900,58.0900,600
1470326347,58.1000,58.1100,58.1000,58.1000,3000
1470326465,58.1100,58.1200,58.1100,58.1100,4300
1470326571,58.1100,58.1100,58.1100,58.1100,700
1470326638,58.1200,58.1200,58.1200,58.1200,1600
1470326640,58.1200,58.1250,58.1200,58.1250,1300
1470326771,58.1300,58.1300,58.1300,58.1300,200
1470326938,58.1200,58.1200,58.1200,58.1200,100
1470326958,58.1150,58.1200,58.1150,58.1200,200
1470327041,58.1200,58.1200,58.1200,58.1200,1500
1470327088,58.1100,58.1100,58.1100,58.1100,200
1470327167,58.1100,58.1100,58.1100,58.1100,300
1470327219,58.1067,58.1100,58.1067,58.1100,2400
1470327463,58.1000,58.1050,58.1000,58.1050,1400
1470327493,58.1000,58.1000,58.0950,58.0950,300
1470327586,58.0900,58.0999,58.0900,58.0950,4600
1470327623,58.0801,58.0801,58.0801,58.0801,100
1470327685,58.0900,58.0900,58.0900,58.0900,5000
1470327761,58.0900,58.0900,58.0851,58.0851,2500
1470327780,58.0900,58.0900,58.0900,58.0900,1700
1470327891,58.1000,58.1000,58.1000,58.1000,900
1470327903,58.1000,58.1000,58.1000,58.1000,300
1470328016,58.1000,58.1050,58.1000,58.1050,600
1470328174,58.1000,58.1000,58.0900,58.0900,400
1470328271,58.0900,58.0900,58.0900,58.0900,100
1470328433,58.0900,58.0900,58.0800,58.0800,13200
1470328472,58.1000,58.1000,58.0850,58.0900,4400
1470328540,58.0900,58.0900,58.0900,58.0900,300
1470328657,58.0900,58.0900,58.0900,58.0900,300
1470328797,58.0800,58.0800,58.0800,58.0800,300
1470328827,58.0800,58.0800,58.0800,58.0800,600
1470328900,58.0800,58.0800,58.0800,58.0800,2600
1470329009,58.0899,58.0899,58.0899,58.0899,200
1470329041,58.0900,58.0900,58.0900,58.0900,300
1470329124,58.0990,58.0990,58.0900,58.0900,3100
1470329171,58.0900,58.0900,58.0850,58.0850,200
1470329273,58.1000,58.1000,58.0900,58.0900,3200
1470329290,58.1000,58.1000,58.1000,58.1000,300
1470329387,58.0935,58.0935,58.0935,58.0935,400
1470329424,58.1000,58.1000,58.1000,58.1000,100
1470329479,58.1000,58.1000,58.1000,58.1000,100
1470329579,58.1050,58.1050,58.0950,58.1000,2600
1470329618,58.0900,58.0950,58.0900,58.0900,800
1470329763,58.0900,58.0900,58.0900,58.0900,3200
1470329875,58.0800,58.0800,58.0800,58.0800,7100
1470329907,58.0800,58.0800,58.0800,58.0800,100
1470329952,58.0600,58.0700,58.0600,58.0700,2700
1470330057,58.0600,58.0600,58.0600,58.0600,4600
1470330200,58.0600,58.0600,58.0600,58.0600,1700
1470330285,58.0500,58.0500,58.0500,58.0500,3300
1470330359,58.0500,58.0500,58.0500,58.0500,1200
1470330391,58.0500,58.0500,58.0500,58.0500,400
1470330469,58.0400,58.0400,58.0400,58.0400,100
1470330520,58.0400,58.0450,58.0400,58.0400,1700
1470330658,58.0400,58.0400,58.0400,58.0400,3500
1470330836,58.0300,58.0400,58.0300,58.0400,1100
1470330877,58.0200,58.0300,58.0200,58.0300,2700
1470330953,58.0200,58.0200,58.0100,58.0100,500
1470331017,58.0243,58.0243,58.0235,58.0235,900
1470331040,58.0299,58.0299,58.0201,58.0201,300
1470331153,58.0300,58.0300,58.0300,58.0300,3500
1470331253,58.0300,58.0300,58.0238,58.0300,4100
1470331315,58.0400,58.0400,58.0400,58.0400,1100
1470331329,58.0400,58.0400,58.0400,58.0400,2600
1470331393,58.0300,58.0300,58.0300,58.0300,3300
1470331454,58.0200,58.0200,58.0100,58.0200,3600
1470331525,58.0200,58.0200,58.0200,58.0200,800
1470331589,58.0100,58.0100,58.0100,58.0100,1800
1470331674,58.0100,58.0100,58.0100,58.0100,800
1470331695,58.0200,58.0200,58.0100,58.0100,1600
1470331791,58.0250,58.0250,58.0200,58.0250,800
1470331851,58.0200,58.0300,58.0200,58.0250,500
1470331911,58.0150,58.0200,58.0150,58.0200,900
1470331968,58.0200,58.0200,58.0150,58.0150,3500
1470331992,58.0150,58.0150,58.0150,58.0150,300
1470332049,58.0242,58.0300,58.0150,58.0150,2200
1470332143,58.0200,58.0200,58.0200,58.0200,1400
1470332177,58.0200,58.0200,58.0200,58.0200,600
1470332267,58.0100,58.0100,58.0100,58.0100,500
1470332334,58.0150,58.0150,58.0100,58.0150,900
1470332395,58.0200,58.0200,58.0100,58.0150,2000
1470332406,58.0200,58.0200,58.0200,58.0200,2300
1470332498,58.0200,58.0200,58.0150,58.0150,1700
1470332531,58.0200,58.0250,58.0200,58.0200,600
1470332585,58.0250,58.0250,58.0250,58.0250,400
1470332697,58.0300,58.0300,58.0200,58.0200,1200
1470332744,58.0300,58.0300,58.0200,58.0300,1800
1470332785,58.0400,58.0400,58.0400,58.0400,100
1470332870,58.0300,58.0300,58.0300,58.0300,800
1470332914,58.0357,58.0357,58.0300,58.0300,1400
1470333004,58.0400,58.0400,58.0350,58.0400,2100
1470333163,58.0350,58.0350,58.0350,58.0350,300
1470333227,58.0300,58.0350,58.0300,58.0350,900
1470333262,58.0300,58.0300,58.0300,58.0300,2500
1470333324,58.0250,58.0250,58.0250,58.0250,1200
1470333390,58.0250,58.0300,58.0250,58.0300,500
1470333435,58.0200,58.0250,58.0200,58.0210,1500
1470333521,58.0300,58.0350,58.0300,58.0300,700
1470333576,58.0300,58.0350,58.0300,58.0350,17500
1470333605,58.0300,58.0300,58.0300,58.0300,100
1470333677,58.0250,58.0250,58.0250,58.0250,100
1470333776,58.0400,58.0400,58.0300,58.0300,4000
1470333795,58.0400,58.0400,58.0400,58.0400,1800
1470333889,58.0500,58.0500,58.0500,58.0500,200
1470333946,58.0450,58.0500,58.0400,58.0500,100400
1470333966,58.0500,58.0600,58.0450,58.0450,2600
1470334189,58.0500,58.0550,58.0500,58.0550,900
1470334252,58.0500,58.0550,58.0500,58.0500,900
1470334299,58.0500,58.0500,58.0500,58.0500,600
1470334377,58.0450,58.0500,58.0450,58.0500,1800
1470334415,58.0300,58.0450,58.0300,58.0400,9700
1470334458,58.0300,58.0300,58.0300,58.0300,300
1470334550,58.0200,58.0200,58.0200,58.0200,400
1470334679,57.9900,58.0000,57.9900,58.0000,20700
1470334724,57.9900,57.9900,57.9800,57.9900,9300
1470334767,57.9850,57.9850,57.9850,57.9850,100
1470334801,57.9850,57.9850,57.9800,57.9800,1000
1470334890,57.9900,57.9900,57.9850,57.9850,3600
1470335038,57.9950,57.9950,57.9950,57.9950,700
1470335091,58.0000,58.0000,57.9950,57.9950,1000
1470335155,58.0050,58.0099,57.9940,57.9940,3900
1470335214,58.0100,58.0100,58.0100,58.0100,6300
1470335253,58.0100,58.0100,58.0100,58.0100,500
1470335436,58.0000,58.0000,58.0000,58.0000,100
1470335483,58.0001,58.0001,58.0001,58.0001,300
1470335523,58.0000,58.0001,58.0000,58.0000,1200
1470335627,58.0000,58.0000,57.9900,58.0000,4800
1470335682,58.0050,58.0050,58.0040,58.0040,300
1470335743,58.0000,58.0000,58.0000,58.0000,1100
1470335771,58.0000,58.0050,58.0000,58.0050,400
1470335841,58.0000,58.0001,58.0000,58.0001,1100
1470335881,58.0000,58.0050,58.0000,58.0050,1500
1470336011,57.9900,57.9900,57.9900,57.9900,200
1470336090,57.9900,58.0000,57.9900,58.0000,1400
1470336157,57.9900,57.9950,57.9900,57.9950,500
1470336225,58.0000,58.0050,57.9900,57.9900,14000
1470336334,58.0000,58.0100,58.0000,58.0050,2300
1470336429,58.0000,58.0032,58.0000,58.0032,400
1470336529,58.0100,58.0100,58.0050,58.0100,4000
1470336541,58.0150,58.0150,58.0100,58.0100,3600
1470336631,58.0000,58.0100,58.0000,58.0100,400
1470336751,58.0100,58.0100,58.0050,58.0050,1000
1470336815,58.0100,58.0100,58.0100,58.0100,100
1470336870,58.0200,58.0200,58.0200,58.0200,2500
1470336942,58.0200,58.0200,58.0200,58.0200,1800
1470337001,58.0300,58.0300,58.0200,58.0200,300
1470337036,58.0250,58.0250,58.0250,58.0250,200
1470337133,58.0200,58.0300,58.0200,58.0300,700
1470337229,58.0100,58.0200,58.0100,58.0200,2200
1470337318,58.0101,58.0140,58.0100,58.0140,2000
1470337378,58.0100,58.0100,58.0100,58.0100,1400
1470337415,58.0001,58.0001,58.0000,58.0000,2800
1470337489,58.0100,58.0100,58.0000,58.0000,8900
1470337537,58.0230,58.0230,58.0200,58.0200,1600
1470337650,58.0100,58.0100,58.0100,58.0100,200
1470337728,58.0200,58.0200,58.0150,58.0200,2800
1470337794,58.0200,58.0200,58.0200,58.0200,200
1470337802,58.0100,58.0200,58.0100,58.0200,900
1470337894,58.0100,58.0150,58.0100,58.0150,2200
1470337977,58.0100,58.0101,58.0100,58.0100,1400
1470338020,58.0050,58.0100,58.0050,58.0100,3800
1470338059,58.0100,58.0100,58.0000,58.0035,6500
1470338153,58.0200,58.0200,58.0200,58.0200,500
1470338185,58.0135,58.0200,58.0100,58.0100,6500
1470338243,58.0150,58.0200,58.0150,58.0200,1300
1470338316,58.0100,58.0100,58.0100,58.0100,200
1470338399,58.0150,58.0150,58.0100,58.0100,700
1470338404,58.0200,58.0200,58.0150,58.0150,4100
1470338519,58.0100,58.0201,58.0100,58.0201,1600
1470338573,58.0050,58.0101,58.0000,58.0101,1900
1470338634,58.0000,58.0010,58.0000,58.0010,1100
1470338689,57.9950,58.0000,57.9900,58.0000,1800
1470338756,57.9900,57.9950,57.9900,57.9950,1800
1470338814,57.9900,58.0000,57.9900,57.9900,1600
1470338874,57.9950,57.9950,57.9900,57.9900,2700
1470338935,58.0000,58.0000,57.9900,57.9900,9300
1470338974,58.0100,58.0100,58.0000,58.0000,8700
1470339053,58.0200,58.0200,58.0150,58.0150,3100
1470339166,58.0201,58.0300,58.0200,58.0300,600
1470339231,58.0200,58.0200,58.0200,58.0200,1100
1470339271,58.0200,58.0200,58.0200,58.0200,400
1470339322,58.0300,58.0300,58.0200,58.0200,3500
1470339415,58.0500,58.0500,58.0400,58.0400,800
1470339470,58.0450,58.0450,58.0450,58.0450,100
1470339538,58.0500,58.0500,58.0400,58.0450,800
1470339572,58.0541,58.0541,58.0450,58.0450,1000
1470339629,58.0600,58.0600,58.0550,58.0550,1400
1470339663,58.0550,58.0600,58.0500,58.0600,700
1470339734,58.0450,58.0500,58.0450,58.0500,11400
1470339828,58.0450,58.0500,58.0400,58.0500,800
1470339873,58.0400,58.0450,58.0400,58.0450,400
1470339948,58.0400,58.0450,58.0400,58.0400,1000
1470339988,58.0400,58.0450,58.0400,58.0450,1300
1470340078,58.0500,58.0500,58.0400,58.0400,3000
1470340080,58.0510,58.0600,58.0510,58.0600,1000
1470340198,58.0400,58.0600,58.0400,58.0600,1600
1470340200,58.0500,58.0500,58.0450,58.0500,2000
1470340305,58.0450,58.0500,58.0400,58.0450,8500
1470340353,58.0450,58.0450,58.0400,58.0450,500
1470340433,58.0500,58.0500,58.0400,58.0450,1700
1470340499,58.0401,58.0500,58.0400,58.0450,1300
1470340557,58.0300,58.0450,58.0300,58.0450,2000
1470340609,58.0250,58.0350,58.0250,58.0300,2600
1470340678,58.0400,58.0400,58.0200,58.0250,8800
1470340738,58.0550,58.0600,58.0400,58.0400,5800
1470340741,58.0600,58.0600,58.0400,58.0501,148800
1470340800,58.0700,58.0700,58.0700,58.0700,0
