uri:/instrument/1.0/PGP/chartdata;type=quote;range=1d/csv
ticker:pgp
Company-Name:Pimco Global Stocksplus & Incom
Exchange-Name:NYQ
unit:MIN
timezone:EDT
currency:USD
gmtoffset:-14400
previous_close:20.5200
Timestamp:1470403800,1470427200
labels:1470405600,1470409200,1470412800,1470416400,1470420000,1470423600,1470427200
values:Timestamp,close,high,low,open,volume
close:20.4517,20.6000
high:20.4517,20.6000
low:20.4200,20.6000
open:20.4200,20.6000
volume:0,3700
1470403800,20.5500,20.5500,20.5500,20.5500,200
1470405618,20.5400,20.5400,20.5400,20.5400,300
1470405685,20.5590,20.5590,20.5590,20.5590,1000
1470405768,20.4710,20.4710,20.4710,20.4710,700
1470406208,20.4600,20.5400,20.4600,20.5400,1800
1470406548,20.4517,20.4517,20.4200,20.4200,800
1470406882,20.4922,20.4922,20.4922,20.4922,1000
1470408287,20.5282,20.5499,20.5282,20.5499,3700
1470408615,20.5346,20.5346,20.5346,20.5346,1000
1470409422,20.5458,20.5458,20.5458,20.5458,100
1470409458,20.5600,20.5600,20.5500,20.5500,200
1470410771,20.5600,20.5600,20.5600,20.5600,800
1470411638,20.5753,20.6000,20.5700,20.5700,500
1470415575,20.5700,20.5700,20.5500,20.5501,600
1470416880,20.5500,20.5600,20.5500,20.5600,400
1470419138,20.5800,20.5800,20.5600,20.5600,700
1470420770,20.5825,20.5899,20.5825,20.5899,500
1470421070,20.5900,20.5900,20.5900,20.5900,100
1470421240,20.5800,20.5800,20.5800,20.5800,100
1470421728,20.5850,20.5940,20.5800,20.5940,400
1470422323,20.5739,20.5739,20.5739,20.5739,100
1470422347,20.5650,20.5800,20.5650,20.5800,1400
1470423346,20.5756,20.5756,20.5756,20.5756,100
1470423731,20.5900,20.5900,20.5618,20.5618,300
1470424628,20.5900,20.5900,20.5900,20.5900,100
1470425365,20.6000,20.6000,20.6000,20.6000,100
1470426998,20.5800,20.5800,20.5800,20.5800,100
1470427125,20.6000,20.6000,20.5700,20.5700,2400
1470427187,20.6000,20.6000,20.6000,20.6000,200
1470427200,20.5700,20.5700,20.5700,20.5700,0
