uri:/instrument/1.0/VUG/chartdata;type=quote;range=1d/csv
ticker:vug
Company-Name:Vanguard Growth ETF - DNQ
Exchange-Name:PCX
unit:MIN
timezone:EDT
currency:USD
gmtoffset:-14400
previous_close:112.1500
Timestamp:1470403800,1470427200
labels:1470405600,1470409200,1470412800,1470416400,1470420000,1470423600,1470427200
values:Timestamp,close,high,low,open,volume
close:112.3450,112.9230
high:112.4000,112.9230
low:112.3300,112.9230
open:112.3300,112.9230
volume:0,35900
1470403840,112.4600,112.4600,112.4600,112.4600,35900
1470403860,112.3450,112.4200,112.3300,112.3300,2000
1470403975,112.4000,112.4000,112.3750,112.3800,2000
1470404000,112.4500,112.4500,112.3500,112.3750,4600
1470404093,112.4800,112.4900,112.4700,112.4700,1300
1470404102,112.5200,112.5200,112.5200,112.5200,200
1470404175,112.5300,112.5300,112.4500,112.4800,4400
1470404332,112.5001,112.5125,112.5001,112.5125,400
1470404455,112.6200,112.6200,112.5600,112.5600,7200
1470404501,112.5700,112.5700,112.5700,112.5700,400
1470404634,112.6361,112.6700,112.6200,112.6700,3300
1470404642,112.6326,112.6400,112.6205,112.6400,1000
1470404709,112.6463,112.6700,112.6463,112.6700,1600
1470404774,112.5900,112.6200,112.5900,112.6200,500
1470404912,112.6500,112.6500,112.6400,112.6400,600
1470404964,112.6320,112.6320,112.6320,112.6320,200
1470405038,112.6900,112.6900,112.6900,112.6900,400
1470405093,112.7200,112.7390,112.7200,112.7390,1900
1470405133,112.7193,112.7193,112.7000,112.7000,1700
1470405222,112.7000,112.7000,112.7000,112.7000,200
1470405252,112.7113,112.7113,112.7113,112.7113,400
1470405308,112.7200,112.7200,112.6900,112.6900,1700
1470405465,112.7390,112.7390,112.7100,112.7100,400
1470405509,112.7200,112.7200,112.7200,112.7200,100
1470405561,112.7300,112.7300,112.7300,112.7300,1000
1470405631,112.7700,112.7800,112.7700,112.7800,1100
1470405750,112.7800,112.7800,112.7800,112.7800,500
1470405813,112.7700,112.7880,112.7674,112.7880,1200
1470405892,112.7800,112.7800,112.7700,112.7700,400
1470405930,112.7824,112.7824,112.7824,112.7824,300
1470405965,112.7850,112.7850,112.7735,112.7735,1000
1470406037,112.8100,112.8100,112.8000,112.8100,800
1470406131,112.8150,112.8455,112.8100,112.8350,1100
1470406145,112.7500,112.8000,112.7500,112.8000,300
1470406226,112.8000,112.8000,112.7700,112.7700,400
1470406263,112.7700,112.8000,112.7600,112.8000,2300
1470406331,112.7540,112.7540,112.7501,112.7501,900
1470406406,112.7400,112.7690,112.7400,112.7670,500
1470406477,112.7790,112.7790,112.7600,112.7600,400
1470406517,112.7709,112.7709,112.7500,112.7501,900
1470406616,112.8377,112.8377,112.8100,112.8100,1600
1470406620,112.8200,112.8580,112.8200,112.8500,2200
1470406739,112.7800,112.7800,112.7800,112.7800,400
1470406748,112.7799,112.7799,112.7700,112.7750,600
1470406821,112.7800,112.7800,112.7500,112.7500,300
1470406863,112.7700,112.7700,112.7700,112.7700,200
1470406928,112.7598,112.7598,112.7598,112.7598,800
1470407071,112.7500,112.7500,112.7500,112.7500,400
1470407100,112.7200,112.7500,112.7200,112.7400,1600
1470407187,112.7495,112.7500,112.7450,112.7500,500
1470407224,112.7474,112.7500,112.7474,112.7500,700
1470407287,112.7500,112.7500,112.7400,112.7400,400
1470407377,112.7400,112.7400,112.7400,112.7400,1500
1470407442,112.7700,112.7700,112.7600,112.7600,1600
1470407522,112.7300,112.7420,112.7300,112.7420,500
1470407580,112.7200,112.7274,112.7200,112.7274,500
1470407749,112.7500,112.7500,112.7445,112.7500,1500
1470407768,112.7665,112.7665,112.7600,112.7600,600
1470407839,112.7900,112.7900,112.7800,112.7800,1500
1470407922,112.7800,112.7800,112.7600,112.7600,900
1470408053,112.7500,112.7500,112.7401,112.7401,800
1470408088,112.7600,112.7700,112.7600,112.7700,1300
1470408136,112.7500,112.7500,112.7500,112.7500,800
1470408206,112.7931,112.7931,112.7931,112.7931,100
1470408264,112.7900,112.7900,112.7900,112.7900,200
1470408313,112.8000,112.8000,112.7800,112.7800,500
1470408369,112.8000,112.8000,112.7950,112.7950,700
1470408472,112.7710,112.7710,112.7710,112.7710,600
1470408481,112.7500,112.7700,112.7500,112.7700,1700
1470408583,112.7638,112.7698,112.7620,112.7698,1500
1470408633,112.7800,112.7800,112.7700,112.7700,900
1470408661,112.8000,112.8075,112.7800,112.7800,3500
1470408753,112.8010,112.8010,112.8010,112.8010,300
1470408846,112.8300,112.8300,112.8300,112.8300,100
1470408903,112.8100,112.8200,112.8100,112.8200,700
1470408965,112.8200,112.8234,112.8032,112.8065,1200
1470409058,112.8300,112.8300,112.8300,112.8300,400
1470409096,112.8300,112.8300,112.8200,112.8300,1400
1470409148,112.8400,112.8500,112.8400,112.8500,1200
1470409205,112.8492,112.8500,112.8300,112.8480,2700
1470409318,112.8800,112.8800,112.8500,112.8500,2200
1470409332,112.8800,112.8800,112.8800,112.8800,1100
1470409395,112.8800,112.8800,112.8800,112.8800,900
1470409475,112.8700,112.8700,112.8700,112.8700,400
1470409574,112.9200,112.9200,112.9000,112.9000,7800
1470409665,112.8895,112.8895,112.8734,112.8734,600
1470409690,112.8990,112.8990,112.8990,112.8990,500
1470409750,112.8700,112.8800,112.8700,112.8800,900
1470409874,112.8374,112.8411,112.8374,112.8411,500
1470409946,112.8330,112.8390,112.8202,112.8202,400
1470410101,112.8578,112.8600,112.8300,112.8600,1300
1470410273,112.8240,112.8240,112.8240,112.8240,300
1470410286,112.8000,112.8000,112.7800,112.7974,700
1470410394,112.8270,112.8270,112.8270,112.8270,400
1470410515,112.8000,112.8000,112.8000,112.8000,400
1470410571,112.8000,112.8200,112.8000,112.8170,1900
1470410584,112.8106,112.8200,112.8000,112.8000,700
1470410646,112.8300,112.8368,112.8200,112.8200,800
1470410714,112.8400,112.8400,112.8400,112.8400,200
1470410761,112.8552,112.8600,112.8470,112.8600,3100
1470411049,112.8610,112.8698,112.8610,112.8698,300
1470411069,112.8650,112.8800,112.8600,112.8600,1100
1470411236,112.8700,112.8700,112.8700,112.8700,100
1470411282,112.8810,112.8810,112.8810,112.8810,3900
1470411309,112.9000,112.9000,112.9000,112.9000,3400
1470411474,112.9155,112.9155,112.9155,112.9155,100
1470411539,112.9100,112.9140,112.9100,112.9140,3600
1470411540,112.8800,112.9100,112.8800,112.9100,500
1470411619,112.9074,112.9074,112.8800,112.8800,800
1470411737,112.8700,112.8874,112.8700,112.8874,600
1470411813,112.8999,112.8999,112.8999,112.8999,300
1470411983,112.8610,112.8610,112.8610,112.8610,100
1470412067,112.8985,112.8985,112.8929,112.8929,400
1470412108,112.8937,112.8937,112.8937,112.8937,100
1470412169,112.8946,112.8946,112.8946,112.8946,100
1470412238,112.8904,112.8904,112.8900,112.8900,500
1470412290,112.8800,112.8900,112.8800,112.8900,1300
1470412357,112.8769,112.8769,112.8769,112.8769,1000
1470412398,112.8650,112.8650,112.8500,112.8600,3900
1470412593,112.8530,112.8574,112.8530,112.8574,500
1470412634,112.8494,112.8500,112.8494,112.8500,400
1470412796,112.8200,112.8200,112.8101,112.8101,4800
1470412834,112.8363,112.8363,112.8363,112.8363,100
1470412918,112.8200,112.8511,112.8200,112.8495,2700
1470412945,112.8314,112.8314,112.8200,112.8200,500
1470412989,112.8499,112.8499,112.8395,112.8490,700
1470413082,112.8500,112.8500,112.8400,112.8400,200
1470413135,112.8600,112.8600,112.8600,112.8600,200
1470413186,112.8500,112.8500,112.8500,112.8500,500
1470413298,112.8545,112.8674,112.8545,112.8674,400
1470413441,112.9000,112.9000,112.9000,112.9000,100
1470413479,112.9138,112.9138,112.9008,112.9008,500
1470413540,112.9071,112.9071,112.9071,112.9071,100
1470413624,112.8920,112.8920,112.8920,112.8920,200
1470413657,112.9000,112.9000,112.9000,112.9000,200
1470413753,112.9098,112.9098,112.9098,112.9098,100
1470413784,112.9000,112.9050,112.9000,112.9050,300
1470413870,112.8900,112.8900,112.8900,112.8900,100
1470413881,112.9125,112.9125,112.9125,112.9125,400
1470414000,112.8800,112.8900,112.8800,112.8900,900
1470414127,112.8730,112.8860,112.8730,112.8759,1200
1470414292,112.8900,112.8900,112.8900,112.8900,300
1470414314,112.9000,112.9000,112.9000,112.9000,200
1470414423,112.8900,112.9100,112.8900,112.9100,400
1470414522,112.8960,112.8960,112.8960,112.8960,200
1470414591,112.9071,112.9071,112.9071,112.9071,200
1470414613,112.9000,112.9200,112.9000,112.9200,700
1470414761,112.8995,112.9100,112.8900,112.9100,2400
1470414780,112.9098,112.9100,112.9098,112.9100,300
1470414906,112.9198,112.9198,112.9198,112.9198,200
1470415008,112.9098,112.9200,112.9098,112.9100,1400
1470415026,112.8998,112.8998,112.8984,112.8984,400
1470415128,112.9199,112.9199,112.9199,112.9199,700
1470415151,112.9059,112.9059,112.9059,112.9059,900
1470415217,112.9060,112.9060,112.9060,112.9060,100
1470415266,112.9170,112.9170,112.9170,112.9170,100
1470415406,112.9000,112.9100,112.9000,112.9000,400
1470415541,112.9010,112.9199,112.9010,112.9199,700
1470415644,112.9230,112.9230,112.9230,112.9230,700
1470415764,112.9000,112.9000,112.9000,112.9000,200
1470415804,112.9200,112.9200,112.9111,112.9111,2500
1470415952,112.9100,112.9100,112.9000,112.9000,200
1470415997,112.9040,112.9040,112.9000,112.9000,900
1470416135,112.9000,112.9000,112.9000,112.9000,1600
1470416212,112.8974,112.8974,112.8974,112.8974,100
1470416260,112.8970,112.9000,112.8970,112.9000,400
1470416280,112.8932,112.8932,112.8920,112.8920,700
1470416360,112.8613,112.8721,112.8613,112.8695,500
1470416424,112.8500,112.8610,112.8500,112.8610,2900
1470416548,112.8716,112.8800,112.8716,112.8800,600
1470416638,112.8756,112.8756,112.8756,112.8756,200
1470416716,112.8818,112.8962,112.8818,112.8872,1400
1470416970,112.8700,112.8700,112.8700,112.8700,200
1470417173,112.8730,112.8730,112.8730,112.8730,300
1470417182,112.8685,112.8800,112.8685,112.8800,600
1470417283,112.8700,112.8700,112.8600,112.8674,1200
1470417310,112.8574,112.8574,112.8574,112.8574,100
1470417367,112.8800,112.8800,112.8715,112.8799,1100
1470417502,112.8600,112.8799,112.8600,112.8799,2100
1470417650,112.8714,112.8714,112.8714,112.8714,100
1470417717,112.8595,112.8726,112.8595,112.8726,900
1470417777,112.8410,112.8700,112.8410,112.8700,300
1470417788,112.8515,112.8515,112.8515,112.8515,700
1470417955,112.8500,112.8700,112.8500,112.8674,2500
1470417961,112.8424,112.8500,112.8424,112.8500,300
1470418037,112.8400,112.8400,112.8400,112.8400,300
1470418213,112.8400,112.8500,112.8300,112.8400,2400
1470418266,112.8500,112.8500,112.8400,112.8500,2100
1470418347,112.8450,112.8450,112.8450,112.8450,200
1470418439,112.8300,112.8400,112.8200,112.8400,6600
1470418447,112.8300,112.8300,112.8300,112.8300,100
1470418548,112.8200,112.8200,112.8200,112.8200,1100
1470418618,112.8398,112.8467,112.8301,112.8400,800
1470418620,112.8442,112.8499,112.8400,112.8430,0
1470418727,112.8398,112.8398,112.8398,112.8398,200
1470418860,112.8400,112.8400,112.8400,112.8400,600
1470418927,112.8500,112.8580,112.8410,112.8580,5500
1470419002,112.8600,112.8700,112.8440,112.8440,1300
1470419040,112.8800,112.8800,112.8713,112.8713,10300
1470419164,112.8718,112.8760,112.8718,112.8760,500
1470419269,112.8874,112.8874,112.8874,112.8874,400
1470419332,112.8701,112.8866,112.8680,112.8866,1800
1470419358,112.8800,112.8800,112.8742,112.8750,1900
1470419449,112.9100,112.9100,112.8800,112.8890,2000
1470419505,112.9032,112.9032,112.9032,112.9032,200
1470419536,112.9000,112.9000,112.9000,112.9000,1300
1470419589,112.8999,112.9024,112.8999,112.9024,300
1470419660,112.8923,112.8923,112.8923,112.8923,400
1470419810,112.8886,112.8886,112.8886,112.8886,400
1470419871,112.8900,112.8900,112.8900,112.8900,400
1470419961,112.9062,112.9100,112.9062,112.9067,2500
1470420081,112.8794,112.8820,112.8700,112.8820,2400
1470420200,112.8800,112.8800,112.8800,112.8800,100
1470420313,112.8830,112.8830,112.8701,112.8701,1400
1470420388,112.8800,112.9000,112.8800,112.9000,1100
1470420470,112.8900,112.8900,112.8900,112.8900,600
1470420539,112.8700,112.8817,112.8600,112.8817,1600
1470420569,112.8800,112.9000,112.8800,112.9000,400
1470420659,112.8816,112.8900,112.8701,112.8900,1200
1470420681,112.8800,112.8900,112.8700,112.8900,2300
1470420771,112.8900,112.8900,112.8775,112.8865,2200
1470420784,112.8900,112.8900,112.8800,112.8800,600
1470420862,112.8800,112.8800,112.8800,112.8800,200
1470420900,112.8650,112.8800,112.8650,112.8800,3300
1470420968,112.8699,112.8699,112.8586,112.8600,1200
1470421045,112.8600,112.8600,112.8600,112.8600,100
1470421082,112.8586,112.8700,112.8550,112.8700,700
1470421192,112.8600,112.8600,112.8500,112.8550,600
1470421217,112.8600,112.8600,112.8600,112.8600,300
1470421311,112.8600,112.8635,112.8600,112.8635,700
1470421409,112.8550,112.8600,112.8500,112.8600,1300
1470421455,112.8375,112.8375,112.8370,112.8370,500
1470421615,112.8300,112.8300,112.8300,112.8300,600
1470421650,112.8300,112.8300,112.8200,112.8200,300
1470421688,112.8300,112.8300,112.8101,112.8101,4200
1470421845,112.8300,112.8300,112.8191,112.8191,700
1470421962,112.8300,112.8300,112.8300,112.8300,600
1470422004,112.8310,112.8500,112.8300,112.8300,700
1470422087,112.8460,112.8500,112.8460,112.8500,500
1470422104,112.8386,112.8386,112.8319,112.8319,300
1470422216,112.8300,112.8500,112.8300,112.8416,500
1470422220,112.8416,112.8416,112.8300,112.8414,1300
1470422294,112.8301,112.8301,112.8300,112.8300,300
1470422349,112.8220,112.8317,112.8220,112.8317,600
1470422407,112.8100,112.8200,112.8100,112.8200,700
1470422533,112.7639,112.7766,112.7639,112.7766,700
1470422634,112.7799,112.7799,112.7610,112.7717,1200
1470422649,112.7650,112.7800,112.7650,112.7799,5300
1470422759,112.7770,112.7890,112.7700,112.7830,1400
1470422760,112.7750,112.7800,112.7700,112.7800,1800
1470422820,112.7600,112.7714,112.7600,112.7700,1200
1470422969,112.7616,112.7616,112.7616,112.7616,100
1470423013,112.7493,112.7580,112.7400,112.7512,1600
1470423061,112.7708,112.7750,112.7500,112.7556,10800
1470423173,112.7816,112.7816,112.7816,112.7816,800
1470423277,112.7700,112.7700,112.7700,112.7700,200
1470423316,112.7999,112.7999,112.7900,112.7900,700
1470423420,112.7999,112.7999,112.7999,112.7999,500
1470423524,112.7961,112.7961,112.7961,112.7961,800
1470423599,112.7814,112.7875,112.7814,112.7875,300
1470423632,112.7900,112.7900,112.7900,112.7900,100
1470423716,112.8100,112.8200,112.8000,112.8000,2500
1470423720,112.8100,112.8100,112.8000,112.8100,600
1470423870,112.8000,112.8000,112.8000,112.8000,900
1470423908,112.8100,112.8100,112.7974,112.7974,1400
1470424009,112.8500,112.8500,112.8216,112.8216,1200
1470424050,112.8378,112.8500,112.8378,112.8500,2100
1470424086,112.8000,112.8200,112.8000,112.8200,2600
1470424186,112.8300,112.8300,112.8001,112.8117,800
1470424201,112.8617,112.8617,112.8400,112.8400,2800
1470424274,112.8600,112.8600,112.8600,112.8600,300
1470424427,112.8400,112.8550,112.8400,112.8444,800
1470424458,112.8600,112.8600,112.8483,112.8483,1000
1470424558,112.8700,112.8800,112.8475,112.8500,6400
1470424560,112.9000,112.9000,112.8800,112.8800,700
1470424642,112.8955,112.8955,112.8900,112.8900,1500
1470424765,112.8609,112.8817,112.8609,112.8817,300
1470424837,112.8798,112.8798,112.8716,112.8716,400
1470424866,112.8347,112.8690,112.8110,112.8690,1800
1470425004,112.8270,112.8270,112.8270,112.8270,200
1470425052,112.8200,112.8332,112.8200,112.8200,2500
1470425151,112.8198,112.8198,112.8198,112.8198,200
1470425164,112.8130,112.8299,112.8130,112.8299,400
1470425330,112.8400,112.8400,112.8300,112.8300,2400
1470425392,112.8524,112.8548,112.8400,112.8400,1000
1470425419,112.8300,112.8511,112.8200,112.8511,3200
1470425497,112.8300,112.8300,112.8300,112.8300,100
1470425537,112.8390,112.8390,112.8200,112.8200,300
1470425584,112.8300,112.8300,112.8300,112.8300,300
1470425701,112.8300,112.8345,112.8300,112.8345,1700
1470425818,112.8458,112.8500,112.8320,112.8320,700
1470425823,112.8500,112.8500,112.8400,112.8400,1400
1470425883,112.8280,112.8546,112.8280,112.8546,1800
1470425987,112.8320,112.8320,112.8320,112.8320,600
1470426016,112.8418,112.8599,112.8400,112.8514,1400
1470426095,112.8510,112.8510,112.8510,112.8510,600
1470426144,112.8570,112.8600,112.8570,112.8600,2600
1470426259,112.8566,112.8566,112.8566,112.8566,500
1470426351,112.8254,112.8255,112.8254,112.8255,200
1470426366,112.8100,112.8250,112.8100,112.8200,3800
1470426511,112.7900,112.8198,112.7900,112.8079,1600
1470426558,112.7722,112.7800,112.7722,112.7746,1000
1470426605,112.8300,112.8300,112.8100,112.8100,1300
1470426708,112.8250,112.8250,112.8100,112.8200,900
1470426750,112.8300,112.8300,112.8120,112.8120,4500
1470426791,112.8200,112.8300,112.8100,112.8300,1400
1470426859,112.7926,112.8200,112.7926,112.8200,400
1470426959,112.8275,112.8275,112.8275,112.8275,900
1470426964,112.8200,112.8200,112.7910,112.8200,2900
1470427075,112.8300,112.8300,112.8100,112.8100,200
1470427139,112.8124,112.8299,112.8000,112.8110,1300
1470427143,112.8400,112.8400,112.8100,112.8200,7500
1470427200,112.8400,112.8400,112.8400,112.8400,0
