uri:/instrument/1.0/MCD/chartdata;type=quote;range=1d/csv
ticker:mcd
Company-Name:McDonald's Corporation Common S
Exchange-Name:NYQ
unit:MIN
timezone:EDT
currency:USD
gmtoffset:-14400
previous_close:117.6500
Timestamp:1470058200,1470081600
labels:1470060000,1470063600,1470067200,1470070800,1470074400,1470078000,1470081600
values:Timestamp,close,high,low,open,volume
close:117.7500,118.3700
high:117.7650,118.3900
low:117.7400,118.3400
open:117.7500,118.3700
volume:500,210300
1470058209,117.8800,117.9400,117.7800,117.9100,114200
1470058261,117.9350,117.9350,117.7800,117.9100,8300
1470058320,117.8600,117.9300,117.8100,117.9300,9100
1470058387,117.8900,117.9300,117.8400,117.8800,7200
1470058440,117.8600,117.8900,117.8400,117.8501,12100
1470058556,117.8400,117.9300,117.8210,117.8600,6800
1470058560,117.8400,117.9100,117.8300,117.8500,11700
1470058679,117.8500,117.8900,117.8100,117.8900,6900
1470058681,117.8500,117.8700,117.8000,117.8350,10300
1470058798,117.8400,117.9300,117.8000,117.8500,21100
1470058800,117.7700,117.8600,117.7550,117.8600,17000
1470058918,117.8025,117.8500,117.7700,117.7800,38500
1470058920,117.8100,117.8200,117.7600,117.7800,6000
1470059038,117.7900,117.8500,117.7600,117.8200,7100
1470059042,117.7900,117.8035,117.7800,117.7800,4700
1470059100,117.7800,117.8000,117.7400,117.7900,10200
1470059217,117.8500,117.8700,117.7900,117.7900,12800
1470059279,117.8800,117.8800,117.8400,117.8750,7900
1470059282,117.9000,117.9300,117.8800,117.9000,34300
1470059399,117.8800,117.9200,117.8700,117.8800,18600
1470059400,117.8500,117.8900,117.8300,117.8800,9800
1470059463,117.8000,117.8400,117.7800,117.8300,18800
1470059578,117.8000,117.8300,117.7800,117.7900,11700
1470059635,117.8400,117.8500,117.7900,117.8000,17000
1470059640,117.8450,117.8700,117.8200,117.8400,11500
1470059701,117.8000,117.8400,117.8000,117.8400,9000
1470059764,117.7800,117.8100,117.7600,117.7800,24200
1470059821,117.7700,117.7800,117.7600,117.7800,5100
1470059939,117.8200,117.8400,117.7500,117.7650,16700
1470059998,117.8697,117.8900,117.7950,117.8100,19600
1470060053,117.8450,117.8600,117.8100,117.8600,9400
1470060061,117.8200,117.8500,117.8100,117.8300,21700
1470060124,117.8000,117.8300,117.7900,117.8300,12900
1470060193,117.8500,117.8800,117.7800,117.7900,16200
1470060299,117.8200,117.8500,117.7900,117.8300,21300
1470060301,117.9250,117.9300,117.8100,117.8300,15400
1470060419,118.0200,118.0500,117.9200,117.9200,41300
1470060423,118.0500,118.0700,117.9900,118.0281,11100
1470060537,118.0500,118.0900,118.0200,118.0450,17600
1470060545,118.0900,118.1000,118.0500,118.0800,8900
1470060658,118.0600,118.1400,118.0600,118.0900,14800
1470060662,117.9100,118.0700,117.9100,118.0700,25500
1470060723,117.9800,118.0100,117.9150,117.9300,9200
1470060784,118.0000,118.0300,117.9850,118.0000,14500
1470060850,117.9500,118.0200,117.9200,118.0100,7800
1470060903,118.0100,118.0200,117.9600,117.9600,5400
1470061016,118.0500,118.0500,118.0000,118.0100,17800
1470061021,118.0400,118.0500,118.0300,118.0400,6100
1470061138,118.1030,118.1300,118.0300,118.0300,13700
1470061140,118.1000,118.1000,118.0400,118.1000,16900
1470061202,118.1800,118.1900,118.1150,118.1210,11200
1470061318,118.1661,118.2000,118.1400,118.1700,8600
1470061323,118.1650,118.1900,118.1500,118.1700,13400
1470061388,118.1840,118.1900,118.1400,118.1600,11900
1470061498,118.1700,118.2400,118.1700,118.1900,12800
1470061501,118.1300,118.2000,118.1200,118.1650,16700
1470061561,118.1700,118.1900,118.1250,118.1285,11000
1470061677,118.1300,118.1800,118.1300,118.1800,5800
1470061739,118.1500,118.1600,118.1100,118.1100,10100
1470061742,118.1200,118.1550,118.1000,118.1550,8400
1470061801,118.1100,118.1300,118.0900,118.1220,9300
1470061860,118.1100,118.1400,118.1000,118.1000,5200
1470061920,118.1700,118.1700,118.1100,118.1300,7000
1470062037,118.2350,118.2400,118.1800,118.1800,10600
1470062094,118.1600,118.2400,118.1600,118.2400,4800
1470062104,118.1300,118.1650,118.1200,118.1600,22600
1470062165,118.1800,118.1800,118.1200,118.1200,11700
1470062273,118.1300,118.1500,118.1300,118.1500,8900
1470062338,118.1790,118.1800,118.1202,118.1202,18800
1470062354,118.1841,118.2000,118.1200,118.1700,14000
1470062456,118.2000,118.2000,118.1600,118.1800,5900
1470062462,118.2200,118.2300,118.1800,118.2000,10800
1470062520,118.1900,118.2100,118.1800,118.2100,9200
1470062580,118.2200,118.2200,118.1700,118.1950,9600
1470062640,118.2100,118.2800,118.2100,118.2200,7000
1470062709,118.1800,118.2200,118.1700,118.2100,20600
1470062763,118.1900,118.1975,118.1700,118.1700,4600
1470062877,118.2900,118.3000,118.2000,118.2100,7900
1470062880,118.3300,118.3400,118.2600,118.2924,12100
1470062995,118.3400,118.3400,118.3100,118.3400,7100
1470063000,118.2900,118.3400,118.2900,118.3200,8300
1470063118,118.2700,118.2950,118.2600,118.2950,13800
1470063125,118.2650,118.2650,118.2400,118.2500,5800
1470063239,118.2400,118.2650,118.2300,118.2600,4300
1470063242,118.2480,118.2700,118.2400,118.2400,3700
1470063359,118.2600,118.2700,118.2200,118.2400,5100
1470063360,118.2600,118.3000,118.2200,118.2650,9700
1470063477,118.3200,118.3200,118.2450,118.2450,6500
1470063539,118.3450,118.3800,118.3200,118.3200,17000
1470063598,118.2900,118.3450,118.2900,118.3400,10200
1470063601,118.2200,118.3000,118.2200,118.2900,16000
1470063668,118.1200,118.2100,118.1100,118.2100,25300
1470063724,118.0900,118.1298,118.0850,118.1298,7700
1470063782,118.0600,118.0950,118.0600,118.0900,6200
1470063899,118.0710,118.1050,118.0500,118.0650,20500
1470063946,118.0400,118.0700,118.0400,118.0700,10300
1470063961,118.1150,118.1899,118.1100,118.1100,21300
1470064021,118.1200,118.1200,118.0900,118.1100,5500
1470064089,118.2000,118.2000,118.1100,118.1200,5400
1470064199,118.2300,118.2500,118.1900,118.2000,7800
1470064258,118.2400,118.3300,118.2400,118.2500,9600
1470064315,118.2300,118.2400,118.2100,118.2400,6900
1470064379,118.2700,118.2900,118.2368,118.2500,11900
1470064381,118.3150,118.3270,118.2700,118.2750,13500
1470064442,118.3000,118.3400,118.2800,118.3200,14500
1470064503,118.3400,118.3400,118.2800,118.2863,12000
1470064561,118.3000,118.3400,118.2800,118.3311,10300
1470064679,118.3000,118.3100,118.2700,118.2900,8800
1470064739,118.2800,118.3100,118.2600,118.2800,5900
1470064740,118.2500,118.2900,118.2400,118.2800,14800
1470064800,118.3176,118.3300,118.2500,118.2600,7700
1470064861,118.3000,118.3100,118.2700,118.3100,9400
1470064941,118.3300,118.3400,118.2976,118.3020,4300
1470064980,118.3450,118.3500,118.3000,118.3100,8400
1470065083,118.3300,118.3600,118.3300,118.3600,5100
1470065105,118.3700,118.3900,118.3200,118.3361,14000
1470065170,118.3601,118.3900,118.3400,118.3600,7300
1470065278,118.3400,118.3700,118.3200,118.3700,5200
1470065284,118.3600,118.3700,118.3200,118.3210,8300
1470065342,118.3100,118.3300,118.3000,118.3200,5500
1470065400,118.3500,118.3500,118.3000,118.3300,6900
1470065461,118.3320,118.3600,118.3200,118.3500,7400
1470065525,118.3000,118.3700,118.3000,118.3500,6500
1470065603,118.2800,118.3200,118.2800,118.3100,6100
1470065699,118.1500,118.3000,118.1500,118.3000,36500
1470065701,118.1700,118.1900,118.1400,118.1900,12700
1470065764,118.1900,118.2000,118.1600,118.1600,4600
1470065821,118.2020,118.2100,118.1800,118.1800,4500
1470065935,118.2400,118.2600,118.1990,118.1990,7000
1470065999,118.2500,118.2800,118.2400,118.2400,7700
1470066001,118.2000,118.2600,118.2000,118.2600,2700
1470066118,118.2100,118.2400,118.2100,118.2100,7500
1470066120,118.1550,118.2100,118.1400,118.2100,3500
1470066208,118.2100,118.2100,118.1300,118.1500,5600
1470066298,118.2000,118.2400,118.2000,118.2100,4400
1470066308,118.2100,118.2300,118.1675,118.1900,5000
1470066418,118.1500,118.2200,118.1500,118.2200,13100
1470066420,118.1400,118.1600,118.1300,118.1400,5400
1470066493,118.1600,118.1600,118.1300,118.1454,5600
1470066555,118.1600,118.2000,118.1400,118.1418,5300
1470066602,118.1100,118.1700,118.1000,118.1500,4900
1470066719,118.0360,118.1000,118.0300,118.1000,7000
1470066720,118.0400,118.0600,118.0350,118.0474,2100
1470066781,118.0790,118.0790,118.0498,118.0498,7100
1470066844,118.0600,118.0900,118.0600,118.0650,4600
1470066900,118.0300,118.0800,118.0000,118.0600,10300
1470066964,118.0200,118.0350,118.0000,118.0200,7200
1470067078,118.0450,118.0500,118.0200,118.0200,3500
1470067081,118.0000,118.0500,117.9900,118.0400,6900
1470067144,117.9300,118.0150,117.9239,118.0100,24500
1470067206,117.8700,117.9200,117.8600,117.9102,12100
1470067315,117.8400,117.8700,117.8400,117.8700,8200
1470067320,117.8300,117.8550,117.8300,117.8400,5600
1470067381,117.8534,117.8600,117.8400,117.8400,4900
1470067444,117.8450,117.8600,117.8400,117.8500,3500
1470067502,117.7700,117.8600,117.7600,117.8500,9900
1470067617,117.7700,117.7900,117.7600,117.7600,8500
1470067630,117.7900,117.7900,117.7700,117.7750,6000
1470067687,117.8100,117.8200,117.7500,117.7900,16400
1470067797,117.7949,117.8000,117.7700,117.8000,7400
1470067800,117.7600,117.7900,117.7500,117.7900,6500
1470067919,117.7500,117.7700,117.7500,117.7600,7600
1470067922,117.8000,117.8000,117.7500,117.7500,6100
1470067981,117.8200,117.8500,117.8000,117.8100,8200
1470068040,117.8100,117.8350,117.7900,117.8350,5400
1470068101,117.7750,117.8000,117.7500,117.8000,10700
1470068173,117.7500,117.7700,117.7500,117.7700,9000
1470068220,117.8214,117.8214,117.7503,117.7550,6500
1470068330,117.8000,117.8250,117.7900,117.8220,5000
1470068340,117.7800,117.8100,117.7800,117.7900,4500
1470068400,117.7500,117.7800,117.7500,117.7800,12700
1470068464,117.7600,117.7800,117.7500,117.7500,7900
1470068576,117.7673,117.7800,117.7600,117.7600,4700
1470068586,117.7910,117.8100,117.7600,117.7700,7900
1470068640,117.7700,117.7900,117.7560,117.7900,5600
1470068758,117.7710,117.7800,117.7500,117.7700,7200
1470068763,117.7500,117.7650,117.7500,117.7600,6700
1470068866,117.7700,117.7700,117.7500,117.7500,17100
1470068880,117.8300,117.8350,117.7777,117.7777,10400
1470068998,117.8600,117.8800,117.8400,117.8400,6900
1470069059,117.8600,117.8800,117.8490,117.8700,17100
1470069118,117.8600,117.8600,117.8400,117.8501,5600
1470069121,117.9200,117.9200,117.8700,117.8700,3900
1470069239,117.9000,117.9150,117.8800,117.9100,6300
1470069240,117.9200,117.9400,117.9000,117.9200,5200
1470069301,117.9500,117.9700,117.9200,117.9300,4700
1470069360,117.9000,117.9533,117.9000,117.9500,4800
1470069478,117.8950,117.8950,117.8700,117.8900,7200
1470069481,117.8800,117.9000,117.8800,117.8936,5500
1470069542,117.8800,117.8900,117.8500,117.8500,5300
1470069658,117.8800,117.8900,117.8600,117.8700,18800
1470069719,117.9349,117.9349,117.8800,117.8900,7300
1470069779,117.9900,117.9900,117.9400,117.9400,10300
1470069836,117.9500,117.9900,117.9500,117.9900,3900
1470069843,117.9500,117.9500,117.9100,117.9400,5100
1470069904,117.9500,117.9500,117.9334,117.9400,8300
1470069968,117.9600,117.9800,117.9400,117.9400,6500
1470070027,118.0200,118.0200,117.9620,117.9620,3800
1470070087,118.0700,118.0700,118.0179,118.0179,7400
1470070147,118.0550,118.0900,118.0500,118.0800,7600
1470070207,118.0200,118.0700,118.0100,118.0600,5600
1470070266,118.0700,118.0800,118.0200,118.0200,3900
1470070377,118.0200,118.0700,118.0200,118.0700,3000
1470070380,117.9550,118.0200,117.9550,118.0200,4900
1470070442,117.9700,117.9800,117.9500,117.9500,4200
1470070507,117.9800,117.9900,117.9572,117.9572,2400
1470070563,117.9700,118.0000,117.9640,118.0000,7200
1470070630,117.9800,118.0000,117.9504,117.9600,4300
1470070704,117.9550,117.9700,117.9450,117.9700,7100
1470070741,117.9700,117.9700,117.9550,117.9550,500
1470070809,118.0000,118.0000,117.9700,117.9800,11700
1470070870,117.9500,117.9900,117.9500,117.9800,8100
1470070923,117.9050,117.9500,117.9000,117.9500,5600
1470070980,117.8650,117.9050,117.8400,117.9000,21200
1470071099,117.8050,117.8700,117.7900,117.8650,23800
1470071158,117.8400,117.8400,117.8050,117.8050,5900
1470071216,117.8800,117.8900,117.8250,117.8250,8600
1470071279,117.9450,117.9500,117.8800,117.8800,8000
1470071280,117.9562,117.9600,117.9350,117.9500,8200
1470071346,117.9550,117.9600,117.9200,117.9514,5100
1470071402,117.9200,117.9400,117.9200,117.9400,4100
1470071516,118.0100,118.0100,117.9250,117.9300,5400
1470071523,118.0100,118.0250,118.0100,118.0200,3600
1470071588,118.0798,118.0798,118.0200,118.0300,5600
1470071652,118.1000,118.1200,118.0600,118.0800,3800
1470071700,118.0700,118.1200,118.0700,118.1000,4800
1470071760,118.0500,118.0640,118.0450,118.0600,6100
1470071827,118.0450,118.0600,118.0410,118.0410,7100
1470071882,118.0350,118.0500,118.0300,118.0500,5200
1470071945,118.0460,118.0500,118.0300,118.0300,5600
1470072008,118.0500,118.0700,118.0410,118.0410,8000
1470072114,118.0500,118.0500,118.0200,118.0200,17800
1470072121,118.0650,118.0900,118.0400,118.0400,9000
1470072185,118.0500,118.0650,118.0350,118.0642,10300
1470072297,118.0100,118.0650,118.0000,118.0510,9400
1470072356,118.0100,118.0150,118.0040,118.0040,3500
1470072363,117.9500,118.0000,117.9410,118.0000,4500
1470072422,117.9150,117.9500,117.9100,117.9500,4600
1470072481,117.9175,117.9400,117.9100,117.9100,6000
1470072540,117.9320,117.9320,117.9200,117.9200,3000
1470072659,117.9500,117.9500,117.9220,117.9220,3900
1470072660,117.9450,117.9650,117.9450,117.9499,5100
1470072724,118.0000,118.0100,117.9450,117.9450,4500
1470072835,117.9610,118.0100,117.9600,118.0000,4800
1470072842,117.9900,117.9900,117.9610,117.9610,4400
1470072957,118.0200,118.0200,117.9900,117.9900,5200
1470072963,118.0600,118.0650,118.0400,118.0400,4900
1470073031,118.0600,118.0700,118.0500,118.0700,2300
1470073084,118.0000,118.0600,117.9850,118.0500,21600
1470073196,118.0100,118.0300,118.0100,118.0100,3500
1470073200,117.9500,118.0000,117.9500,118.0000,7200
1470073264,117.9400,117.9600,117.9200,117.9500,5500
1470073323,117.9600,117.9700,117.9250,117.9300,2900
1470073436,118.0200,118.0300,117.9800,117.9800,5900
1470073440,118.0300,118.0600,118.0154,118.0200,6200
1470073500,118.0200,118.0400,117.9900,118.0400,4000
1470073619,117.9732,118.0300,117.9600,118.0200,6700
1470073623,117.9500,117.9800,117.9500,117.9600,5000
1470073738,117.9300,117.9600,117.9300,117.9500,5700
1470073740,117.9500,117.9600,117.9200,117.9300,8000
1470073813,117.9900,118.0100,117.9600,117.9600,8300
1470073865,117.9400,117.9800,117.9300,117.9686,3700
1470073924,117.9600,117.9800,117.9200,117.9300,19900
1470074038,117.9200,117.9800,117.9200,117.9800,5700
1470074042,117.9200,117.9300,117.9000,117.9200,7000
1470074103,117.9200,117.9200,117.8950,117.9100,4300
1470074160,117.9800,117.9800,117.9175,117.9300,6700
1470074229,118.0200,118.0200,117.9600,117.9700,6900
1470074285,118.0700,118.0700,118.0100,118.0200,7600
1470074345,118.1399,118.1600,118.1000,118.1300,11100
1470074400,118.1900,118.2200,118.1300,118.1332,12700
1470074518,118.2100,118.2300,118.1700,118.1700,7500
1470074520,118.1800,118.2100,118.1700,118.2100,8300
1470074583,118.1700,118.1900,118.1500,118.1710,12500
1470074643,118.2100,118.2100,118.1520,118.1520,6000
1470074700,118.1800,118.2200,118.1800,118.2000,6600
1470074776,118.1800,118.1800,118.1600,118.1600,4600
1470074832,118.1500,118.1700,118.1300,118.1700,9900
1470074894,118.1300,118.1600,118.1300,118.1500,5400
1470074943,118.1050,118.1200,118.1000,118.1200,5800
1470075000,118.0600,118.1400,118.0500,118.1100,19700
1470075069,118.0800,118.0800,118.0410,118.0410,10100
1470075123,118.1100,118.1300,118.0650,118.0700,7400
1470075239,118.1400,118.1400,118.0900,118.1000,5600
1470075241,118.1700,118.1900,118.1500,118.1500,5900
1470075359,118.2200,118.2200,118.1700,118.1700,5800
1470075417,118.1817,118.2400,118.1700,118.2200,7700
1470075477,118.2000,118.2056,118.1910,118.2050,2200
1470075480,118.1600,118.2100,118.1600,118.2066,6700
1470075541,118.2100,118.2100,118.1600,118.1700,9300
1470075606,118.2100,118.2200,118.2000,118.2138,4500
1470075662,118.2136,118.2136,118.1946,118.2000,1900
1470075779,118.2900,118.2900,118.2200,118.2200,4800
1470075780,118.2832,118.3000,118.2700,118.2800,5700
1470075840,118.2600,118.2800,118.2500,118.2800,7400
1470075923,118.2900,118.2900,118.2739,118.2739,1300
1470075970,118.2850,118.3200,118.2750,118.2900,5000
1470076078,118.2800,118.2900,118.2700,118.2850,4600
1470076139,118.2604,118.2900,118.2600,118.2900,4700
1470076142,118.2200,118.2930,118.2200,118.2800,8200
1470076205,118.1800,118.2200,118.1800,118.2200,22500
1470076310,118.2400,118.2400,118.1750,118.1750,5800
1470076322,118.2200,118.2400,118.2200,118.2300,7500
1470076385,118.2290,118.2500,118.2200,118.2300,11300
1470076443,118.1800,118.2200,118.1800,118.2200,4900
1470076558,118.1668,118.1900,118.1600,118.1800,6300
1470076560,118.1700,118.1800,118.1500,118.1700,6200
1470076629,118.2200,118.2200,118.1850,118.1900,4800
1470076682,118.2200,118.2300,118.2100,118.2250,2400
1470076799,118.2150,118.2200,118.2050,118.2100,4100
1470076800,118.1600,118.2200,118.1600,118.2200,5300
1470076906,118.1826,118.1826,118.1550,118.1600,7300
1470076935,118.2100,118.2100,118.1850,118.1900,7700
1470076981,118.2074,118.2200,118.2000,118.2100,3000
1470077099,118.2100,118.2200,118.2050,118.2050,6100
1470077100,118.2210,118.2300,118.2000,118.2100,13400
1470077165,118.2000,118.2300,118.1800,118.2300,6700
1470077225,118.2200,118.2300,118.1900,118.2000,3700
1470077281,118.2000,118.2200,118.1800,118.2200,6800
1470077347,118.1800,118.2000,118.1800,118.2000,2700
1470077454,118.2000,118.2100,118.1800,118.1950,6700
1470077463,118.1800,118.2100,118.1700,118.2000,9700
1470077530,118.1550,118.1800,118.1400,118.1750,9300
1470077584,118.1750,118.1800,118.1400,118.1551,8400
1470077641,118.2100,118.2200,118.1800,118.1800,7600
1470077705,118.1700,118.2150,118.1700,118.2126,8600
1470077760,118.2050,118.2100,118.1600,118.1700,5000
1470077821,118.2000,118.2150,118.1900,118.2100,14300
1470077881,118.1600,118.2100,118.1600,118.2100,4800
1470077942,118.2000,118.2000,118.1500,118.1500,9700
1470078004,118.2000,118.2100,118.1648,118.1800,8700
1470078063,118.2200,118.2400,118.1900,118.2000,5900
1470078179,118.2100,118.2232,118.1950,118.2232,6700
1470078180,118.1900,118.2100,118.1800,118.2000,9800
1470078297,118.1700,118.1900,118.1650,118.1900,7500
1470078359,118.1000,118.1700,118.1000,118.1650,9700
1470078362,118.0950,118.1100,118.0900,118.1000,8700
1470078477,118.1200,118.1200,118.0900,118.0900,8800
1470078481,118.1050,118.1150,118.0910,118.1100,6600
1470078599,118.1200,118.1200,118.0900,118.0910,4600
1470078606,118.1600,118.1600,118.1000,118.1100,9100
1470078661,118.2500,118.2500,118.1700,118.1700,10000
1470078725,118.2000,118.2500,118.1900,118.2500,8500
1470078783,118.1550,118.2050,118.1550,118.2000,3600
1470078847,118.1200,118.1600,118.1100,118.1550,6700
1470078904,118.1100,118.1200,118.1000,118.1000,5200
1470079019,118.1200,118.1200,118.1000,118.1000,6500
1470079020,118.0800,118.1300,118.0700,118.1300,9900
1470079083,118.0800,118.1000,118.0650,118.0800,6700
1470079145,118.0350,118.0800,118.0300,118.0800,13700
1470079207,118.0050,118.0300,118.0050,118.0300,7800
1470079316,117.9600,118.0100,117.9600,118.0050,13700
1470079320,117.9700,117.9800,117.9600,117.9600,10800
1470079439,118.0200,118.0200,117.9600,117.9700,9800
1470079440,118.0300,118.0450,118.0200,118.0200,6600
1470079500,117.9950,118.0300,117.9900,118.0300,6800
1470079619,117.9810,118.0000,117.9734,118.0000,5900
1470079674,118.0400,118.0400,117.9850,117.9850,7400
1470079681,118.0200,118.0300,118.0100,118.0300,9700
1470079797,118.0000,118.0100,117.9600,118.0100,12400
1470079858,118.0600,118.0700,117.9900,117.9900,11000
1470079860,118.0468,118.0800,118.0400,118.0530,11300
1470079926,118.0500,118.0900,118.0400,118.0400,16900
1470079983,118.0700,118.0900,118.0321,118.0400,9800
1470080095,118.0700,118.0950,118.0600,118.0700,8200
1470080100,118.0800,118.1300,118.0650,118.0650,9100
1470080160,118.0500,118.1100,118.0300,118.0800,23600
1470080279,118.0300,118.0600,118.0250,118.0400,5200
1470080329,118.0900,118.0900,118.0200,118.0200,20000
1470080340,118.1000,118.1050,118.0600,118.0900,12700
1470080400,118.0600,118.1000,118.0600,118.0900,7900
1470080462,118.0900,118.1000,118.0600,118.0600,13900
1470080578,118.1100,118.1100,118.0700,118.0900,17400
1470080639,118.1400,118.1400,118.0950,118.1200,14100
1470080641,118.1000,118.1350,118.1000,118.1300,16000
1470080755,118.1750,118.1763,118.1300,118.1300,16000
1470080770,118.1400,118.1500,118.1300,118.1400,13100
1470080829,118.1550,118.1600,118.1422,118.1422,11200
1470080939,118.1000,118.1500,118.0900,118.1500,15000
1470080940,118.0900,118.0950,118.0800,118.0900,8700
1470081054,118.0500,118.0850,118.0300,118.0800,23300
1470081116,118.0550,118.0600,118.0350,118.0350,16700
1470081132,118.0200,118.0500,118.0200,118.0500,14500
1470081239,118.0300,118.0300,118.0100,118.0200,11000
1470081240,118.0250,118.0400,118.0200,118.0200,18400
1470081300,118.0690,118.0800,118.0200,118.0200,33100
1470081375,118.0450,118.0514,118.0200,118.0250,13700
1470081479,118.0200,118.0500,118.0200,118.0500,13400
1470081538,118.0400,118.0500,118.0100,118.0100,47600
1470081540,118.0000,118.0600,118.0000,118.0400,144200
1470081600,118.0100,118.0100,118.0100,118.0100,210300
