uri:/instrument/1.0/ACWI/chartdata;type=quote;range=1d/csv
ticker:acwi
Company-Name:iShares MSCI ACWI Index Fund
Exchange-Name:NGM
unit:MIN
timezone:EDT
currency:USD
gmtoffset:-14400
previous_close:57.8000
Timestamp:1470231000,1470254400
labels:1470232800,1470236400,1470240000,1470243600,1470247200,1470250800,1470254400
values:Timestamp,close,high,low,open,volume
close:57.5400,57.8800
high:57.5500,57.8800
low:57.5250,57.8800
open:57.5250,57.8800
volume:0,43800
1470231056,57.6000,57.6200,57.5900,57.5900,7500
1470231116,57.6000,57.6100,57.6000,57.6000,3000
1470231174,57.5900,57.6000,57.5800,57.6000,11000
1470231225,57.5750,57.5800,57.5550,57.5600,3200
1470231293,57.5700,57.5800,57.5650,57.5800,1400
1470231359,57.5400,57.5600,57.5400,57.5600,11600
1470231415,57.5500,57.5500,57.5250,57.5250,0
1470231478,57.5400,57.5600,57.5400,57.5500,2300
1470231534,57.5500,57.5600,57.5300,57.5350,3300
1470231588,57.5800,57.5800,57.5600,57.5600,3100
1470231624,57.6100,57.6150,57.5900,57.5900,1300
1470231719,57.6200,57.6200,57.6050,57.6100,1100
1470231774,57.6300,57.6300,57.6100,57.6150,1100
1470231836,57.6400,57.6400,57.6300,57.6300,700
1470231849,57.6300,57.6300,57.6300,57.6300,500
1470231901,57.6500,57.6700,57.6400,57.6500,2400
1470232001,57.6350,57.6600,57.6350,57.6600,1400
1470232063,57.6400,57.6500,57.6400,57.6400,3600
1470232139,57.6300,57.6400,57.6200,57.6400,1200
1470232174,57.6500,57.6500,57.6300,57.6300,1100
1470232202,57.6300,57.6450,57.6150,57.6450,2400
1470232319,57.6400,57.6500,57.6300,57.6300,1100
1470232375,57.6300,57.6301,57.6300,57.6300,1300
1470232439,57.6200,57.6300,57.6200,57.6300,800
1470232496,57.6300,57.6400,57.6200,57.6200,1500
1470232543,57.6200,57.6200,57.6101,57.6200,1500
1470232612,57.6300,57.6300,57.6100,57.6100,800
1470232670,57.6300,57.6300,57.6200,57.6250,500
1470232686,57.6300,57.6300,57.6300,57.6300,500
1470232758,57.6300,57.6300,57.6250,57.6300,1100
1470232858,57.6200,57.6400,57.6150,57.6300,3600
1470232916,57.6200,57.6200,57.6100,57.6100,3500
1470232953,57.6100,57.6300,57.6100,57.6300,600
1470233000,57.6500,57.6500,57.6250,57.6300,1700
1470233085,57.6800,57.6800,57.6500,57.6500,1500
1470233153,57.6900,57.6900,57.6650,57.6700,6900
1470233214,57.6800,57.6950,57.6800,57.6950,600
1470233273,57.6750,57.6800,57.6710,57.6800,500
1470233331,57.6500,57.6700,57.6500,57.6700,2400
1470233395,57.6700,57.6700,57.6600,57.6600,1100
1470233452,57.6700,57.6700,57.6500,57.6700,800
1470233517,57.7050,57.7050,57.6800,57.6800,2100
1470233546,57.7000,57.7000,57.7000,57.7000,400
1470233638,57.7100,57.7100,57.6950,57.7000,1000
1470233699,57.7200,57.7200,57.7000,57.7000,1200
1470233750,57.7250,57.7300,57.7100,57.7150,7100
1470233816,57.7200,57.7300,57.7200,57.7200,1900
1470233868,57.7250,57.7250,57.7200,57.7200,200
1470233933,57.6900,57.7200,57.6900,57.7200,1800
1470234038,57.6900,57.6900,57.6800,57.6900,1400
1470234117,57.7000,57.7000,57.6950,57.6950,500
1470234160,57.6900,57.7000,57.6900,57.7000,1400
1470234225,57.6800,57.6900,57.6700,57.6900,2500
1470234274,57.6800,57.6800,57.6800,57.6800,800
1470234350,57.6800,57.6800,57.6800,57.6800,300
1470234397,57.6600,57.6800,57.6600,57.6800,800
1470234477,57.6700,57.6800,57.6650,57.6700,1100
1470234517,57.6899,57.6899,57.6750,57.6750,500
1470234590,57.6800,57.6900,57.6800,57.6900,1700
1470234658,57.6300,57.6700,57.6000,57.6700,18700
1470234669,57.6300,57.6300,57.6250,57.6300,400
1470234779,57.6300,57.6300,57.6100,57.6300,2600
1470234834,57.6900,57.6900,57.6250,57.6250,6900
1470234898,57.7300,57.7400,57.7000,57.7000,9300
1470234954,57.7300,57.7400,57.7100,57.7400,3300
1470235017,57.7400,57.7400,57.7250,57.7300,13500
1470235077,57.7100,57.7400,57.7000,57.7400,0
1470235122,57.7250,57.7250,57.7100,57.7100,1000
1470235197,57.7150,57.7250,57.7100,57.7250,1100
1470235249,57.7300,57.7300,57.7200,57.7200,4200
1470235303,57.7200,57.7400,57.7150,57.7400,3300
1470235374,57.7300,57.7400,57.7300,57.7300,6000
1470235435,57.7390,57.7500,57.7300,57.7300,3200
1470235499,57.7400,57.7500,57.7350,57.7400,1100
1470235545,57.7300,57.7400,57.7300,57.7350,1300
1470235614,57.7200,57.7200,57.7100,57.7200,4300
1470235679,57.7300,57.7400,57.7210,57.7300,5600
1470235703,57.7200,57.7200,57.7200,57.7200,700
1470235786,57.7200,57.7250,57.7200,57.7200,800
1470235859,57.7450,57.7500,57.7300,57.7300,3200
1470235914,57.7250,57.7500,57.7200,57.7450,3000
1470235972,57.7100,57.7200,57.7100,57.7200,1700
1470236039,57.7100,57.7150,57.7100,57.7150,800
1470236094,57.7050,57.7050,57.7050,57.7050,400
1470236155,57.7200,57.7200,57.7000,57.7050,2500
1470236219,57.7100,57.7250,57.7100,57.7250,1900
1470236278,57.6900,57.7100,57.6900,57.7100,1400
1470236339,57.6950,57.7000,57.6900,57.6900,1300
1470236396,57.6800,57.6900,57.6700,57.6900,2200
1470236403,57.6600,57.6850,57.6600,57.6850,2000
1470236518,57.6600,57.6650,57.6550,57.6600,3000
1470236569,57.6650,57.6650,57.6500,57.6600,4500
1470236638,57.6700,57.6700,57.6600,57.6650,4600
1470236699,57.6700,57.6700,57.6600,57.6600,5500
1470236755,57.6900,57.6900,57.6700,57.6700,7500
1470236815,57.6890,57.7050,57.6850,57.6850,5400
1470236873,57.7000,57.7000,57.6750,57.6800,2400
1470236933,57.6950,57.6950,57.6950,57.6950,400
1470236997,57.6900,57.6900,57.6800,57.6900,2800
1470237050,57.6800,57.6900,57.6800,57.6900,900
1470237115,57.6950,57.6950,57.6800,57.6800,1100
1470237179,57.7100,57.7100,57.6950,57.7000,2200
1470237191,57.7000,57.7000,57.7000,57.7000,1900
1470237287,57.7100,57.7100,57.7000,57.7000,400
1470237300,57.7200,57.7200,57.7100,57.7100,3000
1470237378,57.7200,57.7300,57.7135,57.7135,1100
1470237460,57.7100,57.7100,57.7100,57.7100,1200
1470237524,57.7100,57.7150,57.7100,57.7150,600
1470237560,57.6959,57.7000,57.6959,57.7000,700
1470237656,57.7390,57.7450,57.6950,57.7000,3100
1470237714,57.7500,57.7500,57.7400,57.7400,1600
1470237775,57.7500,57.7550,57.7500,57.7500,1100
1470237839,57.7400,57.7600,57.7400,57.7500,1600
1470237888,57.7350,57.7370,57.7350,57.7350,9600
1470237955,57.7350,57.7400,57.7350,57.7400,3400
1470238001,57.7300,57.7400,57.7300,57.7400,2400
1470238067,57.7250,57.7300,57.7250,57.7300,600
1470238127,57.7200,57.7300,57.7200,57.7300,2700
1470238151,57.7200,57.7300,57.7150,57.7200,3200
1470238259,57.7200,57.7200,57.7150,57.7150,800
1470238319,57.7390,57.7400,57.7200,57.7200,1100
1470238376,57.7300,57.7450,57.7300,57.7400,1600
1470238433,57.7300,57.7350,57.7300,57.7350,800
1470238486,57.7400,57.7400,57.7300,57.7300,1500
1470238521,57.7100,57.7300,57.7100,57.7300,800
1470238616,57.7190,57.7190,57.7050,57.7050,800
1470238678,57.7250,57.7250,57.7200,57.7200,1300
1470238732,57.7250,57.7263,57.7200,57.7263,500
1470238741,57.7200,57.7250,57.7150,57.7200,1600
1470238847,57.7200,57.7250,57.7200,57.7250,500
1470238917,57.7200,57.7200,57.7190,57.7200,500
1470238976,57.7190,57.7200,57.7150,57.7150,1100
1470239010,57.7000,57.7100,57.7000,57.7100,1300
1470239087,57.7000,57.7000,57.6900,57.7000,900
1470239158,57.7000,57.7050,57.6950,57.6950,1100
1470239211,57.6900,57.6950,57.6900,57.6900,1900
1470239269,57.6950,57.7000,57.6805,57.6805,2500
1470239308,57.6850,57.6950,57.6850,57.6950,1100
1470239388,57.7000,57.7000,57.6850,57.6900,2000
1470239446,57.7000,57.7000,57.7000,57.7000,1300
1470239516,57.7150,57.7200,57.7050,57.7050,2600
1470239542,57.7400,57.7400,57.7199,57.7200,1600
1470239630,57.7350,57.7400,57.7350,57.7400,1000
1470239687,57.7400,57.7400,57.7350,57.7362,1200
1470239749,57.7400,57.7500,57.7400,57.7500,1000
1470239809,57.7500,57.7500,57.7400,57.7400,400
1470239879,57.7500,57.7500,57.7450,57.7500,700
1470239938,57.7490,57.7500,57.7450,57.7500,800
1470239943,57.7500,57.7500,57.7400,57.7500,1100
1470240038,57.7400,57.7400,57.7400,57.7400,300
1470240108,57.7400,57.7400,57.7400,57.7400,500
1470240157,57.7300,57.7300,57.7300,57.7300,200
1470240197,57.7300,57.7300,57.7300,57.7300,200
1470240249,57.7500,57.7500,57.7250,57.7300,3000
1470240327,57.7450,57.7450,57.7450,57.7450,100
1470240394,57.7400,57.7400,57.7400,57.7400,100
1470240467,57.7450,57.7450,57.7450,57.7450,100
1470240535,57.7500,57.7500,57.7400,57.7500,700
1470240597,57.7550,57.7555,57.7550,57.7555,600
1470240659,57.7600,57.7650,57.7600,57.7600,5500
1470240712,57.7600,57.7650,57.7500,57.7600,34500
1470240770,57.7500,57.7500,57.7500,57.7500,200
1470240845,57.7500,57.7500,57.7500,57.7500,600
1470240957,57.7550,57.7600,57.7550,57.7550,900
1470240964,57.7600,57.7600,57.7600,57.7600,300
1470241055,57.7600,57.7600,57.7600,57.7600,300
1470241185,57.7600,57.7671,57.7600,57.7671,900
1470241237,57.7500,57.7500,57.7500,57.7500,300
1470241317,57.7350,57.7400,57.7350,57.7400,600
1470241320,57.7300,57.7400,57.7250,57.7400,2600
1470241420,57.7300,57.7300,57.7200,57.7200,400
1470241448,57.7300,57.7300,57.7300,57.7300,1000
1470241519,57.7400,57.7400,57.7400,57.7400,500
1470241598,57.7400,57.7400,57.7400,57.7400,1100
1470241653,57.7400,57.7400,57.7400,57.7400,200
1470241738,57.7400,57.7400,57.7350,57.7350,300
1470241781,57.7300,57.7300,57.7300,57.7300,200
1470241813,57.7400,57.7400,57.7400,57.7400,200
1470241877,57.7400,57.7400,57.7400,57.7400,100
1470241958,57.7400,57.7400,57.7400,57.7400,400
1470242038,57.7400,57.7400,57.7400,57.7400,300
1470242068,57.7471,57.7499,57.7400,57.7400,1100
1470242126,57.7465,57.7465,57.7465,57.7465,100
1470242207,57.7400,57.7400,57.7300,57.7400,1000
1470242261,57.7500,57.7500,57.7460,57.7460,300
1470242318,57.7600,57.7600,57.7600,57.7600,100
1470242378,57.7700,57.7700,57.7650,57.7650,2700
1470242411,57.7750,57.7750,57.7750,57.7750,300
1470242495,57.7950,57.7950,57.7900,57.7900,400
1470242524,57.7850,57.7850,57.7850,57.7850,100
1470242629,57.7900,57.7950,57.7850,57.7900,1500
1470242679,57.7950,57.7950,57.7950,57.7950,100
1470242751,57.8000,57.8000,57.7950,57.8000,500
1470242763,57.7950,57.8000,57.7950,57.7950,1500
1470242873,57.7850,57.7850,57.7800,57.7850,500
1470242934,57.7850,57.7900,57.7800,57.7900,900
1470242964,57.7800,57.7850,57.7800,57.7850,1300
1470243049,57.7800,57.7800,57.7700,57.7700,1600
1470243091,57.7750,57.7900,57.7750,57.7900,2100
1470243150,57.7900,57.7900,57.7850,57.7850,400
1470243221,57.7850,57.7850,57.7800,57.7800,400
1470243291,57.7750,57.7900,57.7750,57.7900,1500
1470243337,57.7900,57.7900,57.7700,57.7800,800
1470243361,57.7900,57.7900,57.7850,57.7850,400
1470243458,57.7900,57.7900,57.7850,57.7900,300
1470243537,57.7850,57.7850,57.7850,57.7850,200
1470243581,57.7800,57.7900,57.7800,57.7800,2700
1470243636,57.7800,57.7900,57.7800,57.7900,1900
1470243704,57.7800,57.7800,57.7800,57.7800,100
1470243759,57.7700,57.7700,57.7700,57.7700,600
1470243834,57.7750,57.7800,57.7750,57.7800,900
1470243888,57.7850,57.7900,57.7750,57.7750,1900
1470243957,57.7850,57.7900,57.7850,57.7900,400
1470243986,57.7900,57.7900,57.7900,57.7900,900
1470244138,57.7850,57.7900,57.7800,57.7900,700
1470244166,57.7900,57.7900,57.7900,57.7900,800
1470244257,57.7850,57.7900,57.7850,57.7850,900
1470244299,57.7950,57.7950,57.7900,57.7900,400
1470244323,57.8000,57.8000,57.8000,57.8000,500
1470244432,57.7950,57.7950,57.7950,57.7950,1300
1470244481,57.7950,57.8000,57.7900,57.8000,1200
1470244558,57.7900,57.8000,57.7900,57.8000,1800
1470244609,57.7950,57.8000,57.7900,57.7900,1700
1470244655,57.7800,57.7950,57.7800,57.7950,2400
1470244718,57.7850,57.7900,57.7800,57.7800,1300
1470244749,57.7800,57.7850,57.7800,57.7850,500
1470244810,57.7750,57.7750,57.7750,57.7750,100
1470244896,57.7780,57.7800,57.7750,57.7800,1300
1470244974,57.7799,57.7800,57.7799,57.7800,43800
1470245013,57.7700,57.7700,57.7700,57.7700,200
1470245085,57.7800,57.7800,57.7750,57.7800,500
1470245136,57.7700,57.7700,57.7700,57.7700,100
1470245199,57.7800,57.7800,57.7700,57.7800,400
1470245278,57.7800,57.7800,57.7800,57.7800,800
1470245323,57.7800,57.7800,57.7800,57.7800,300
1470245391,57.7765,57.7800,57.7700,57.7800,600
1470245403,57.7800,57.7800,57.7800,57.7800,100
1470245510,57.7800,57.7800,57.7800,57.7800,400
1470245555,57.7800,57.7800,57.7700,57.7800,1000
1470245583,57.7800,57.7800,57.7800,57.7800,100
1470245698,57.7750,57.7800,57.7750,57.7800,500
1470245737,57.7800,57.7800,57.7700,57.7800,1300
1470245763,57.7800,57.7800,57.7800,57.7800,200
1470245833,57.7800,57.7800,57.7800,57.7800,100
1470245882,57.7800,57.7900,57.7800,57.7800,4700
1470245981,57.7750,57.7800,57.7750,57.7800,13400
1470246014,57.7750,57.7800,57.7750,57.7800,0
1470246096,57.7700,57.7800,57.7700,57.7800,600
1470246178,57.7700,57.7800,57.7700,57.7800,12300
1470246236,57.7550,57.7750,57.7550,57.7700,25800
1470246294,57.7600,57.7600,57.7500,57.7600,3100
1470246349,57.7650,57.7700,57.7550,57.7600,2200
1470246406,57.7500,57.7650,57.7500,57.7650,2600
1470246421,57.7500,57.7500,57.7500,57.7500,200
1470246507,57.7550,57.7600,57.7550,57.7600,700
1470246583,57.7600,57.7600,57.7600,57.7600,100
1470246658,57.7400,57.7600,57.7400,57.7600,3100
1470246663,57.7400,57.7400,57.7400,57.7400,500
1470246770,57.7350,57.7400,57.7350,57.7400,800
1470246804,57.7300,57.7400,57.7300,57.7400,400
1470246898,57.7200,57.7400,57.7200,57.7400,3400
1470246959,57.7250,57.7300,57.7200,57.7200,4200
1470246984,57.7200,57.7300,57.7200,57.7300,2000
1470247079,57.7400,57.7400,57.7250,57.7300,1400
1470247129,57.7400,57.7400,57.7300,57.7300,12800
1470247152,57.7400,57.7400,57.7400,57.7400,0
1470247251,57.7400,57.7400,57.7350,57.7400,1300
1470247291,57.7500,57.7500,57.7500,57.7500,300
1470247370,57.7500,57.7500,57.7450,57.7450,700
1470247415,57.7450,57.7500,57.7400,57.7500,1300
1470247480,57.7450,57.7450,57.7400,57.7450,3300
1470247547,57.7250,57.7350,57.7250,57.7341,1500
1470247607,57.7300,57.7300,57.7300,57.7300,1300
1470247642,57.7400,57.7400,57.7300,57.7300,2300
1470247723,57.7400,57.7450,57.7400,57.7400,4400
1470247792,57.7500,57.7500,57.7500,57.7500,1300
1470247803,57.7500,57.7500,57.7500,57.7500,400
1470247900,57.7500,57.7500,57.7450,57.7450,1300
1470247976,57.7500,57.7600,57.7450,57.7600,6100
1470247992,57.7500,57.7500,57.7500,57.7500,200
1470248046,57.7400,57.7550,57.7300,57.7550,6900
1470248158,57.7400,57.7500,57.7335,57.7500,2800
1470248217,57.7500,57.7500,57.7450,57.7450,200
1470248276,57.7150,57.7450,57.7150,57.7400,4500
1470248335,57.7100,57.7300,57.7010,57.7200,7900
1470248357,57.7100,57.7100,57.7100,57.7100,600
1470248411,57.7100,57.7100,57.7100,57.7100,2500
1470248519,57.7300,57.7300,57.7150,57.7200,2100
1470248540,57.7200,57.7300,57.7200,57.7300,3400
1470248623,57.7200,57.7250,57.7200,57.7200,2700
1470248680,57.7200,57.7250,57.7200,57.7250,1000
1470248814,57.7200,57.7200,57.7100,57.7200,1200
1470248873,57.7150,57.7200,57.7150,57.7200,600
1470248933,57.7050,57.7200,57.7000,57.7200,5400
1470248996,57.6900,57.7050,57.6900,57.7050,4600
1470249050,57.6850,57.6900,57.6750,57.6900,2600
1470249154,57.6800,57.6800,57.6800,57.6800,200
1470249206,57.7000,57.7000,57.6900,57.6900,900
1470249272,57.7100,57.7100,57.7000,57.7000,900
1470249341,57.7000,57.7200,57.7000,57.7100,15500
1470249419,57.7050,57.7100,57.7050,57.7100,1000
1470249438,57.7050,57.7100,57.7050,57.7050,800
1470249525,57.7100,57.7100,57.7000,57.7100,2900
1470249543,57.7050,57.7100,57.7000,57.7100,1400
1470249653,57.7042,57.7100,57.7000,57.7050,1100
1470249697,57.7000,57.7100,57.7000,57.7100,600
1470249723,57.7100,57.7100,57.7099,57.7099,900
1470249849,57.7000,57.7100,57.7000,57.7100,700
1470249903,57.7100,57.7100,57.7100,57.7100,400
1470250019,57.7100,57.7100,57.7010,57.7010,500
1470250079,57.7000,57.7100,57.7000,57.7100,2200
1470250126,57.7150,57.7150,57.7050,57.7100,1400
1470250186,57.7050,57.7200,57.7000,57.7100,2500
1470250223,57.7100,57.7100,57.7100,57.7100,300
1470250263,57.7300,57.7300,57.7150,57.7200,1900
1470250369,57.7300,57.7300,57.7200,57.7200,400
1470250461,57.7300,57.7400,57.7300,57.7350,2100
1470250551,57.7300,57.7350,57.7250,57.7300,3700
1470250599,57.7300,57.7350,57.7300,57.7300,700
1470250669,57.7300,57.7400,57.7200,57.7350,3100
1470250732,57.7250,57.7250,57.7250,57.7250,200
1470250774,57.7200,57.7200,57.7200,57.7200,200
1470250841,57.7250,57.7300,57.7200,57.7250,3500
1470250904,57.7250,57.7250,57.7200,57.7250,300
1470250953,57.7200,57.7250,57.7150,57.7250,7400
1470250983,57.7300,57.7400,57.7250,57.7300,11300
1470251099,57.7300,57.7400,57.7300,57.7400,14400
1470251112,57.7398,57.7400,57.7350,57.7400,7100
1470251163,57.7300,57.7400,57.7300,57.7400,13900
1470251337,57.7500,57.7500,57.7400,57.7400,7100
1470251397,57.7500,57.7500,57.7450,57.7500,5100
1470251455,57.7500,57.7600,57.7499,57.7500,8500
1470251510,57.7600,57.7600,57.7500,57.7600,8000
1470251579,57.7600,57.7600,57.7550,57.7600,3500
1470251628,57.7597,57.7600,57.7550,57.7600,7800
1470251672,57.7697,57.7700,57.7550,57.7550,6300
1470251700,57.7798,57.7800,57.7650,57.7699,10400
1470251814,57.7750,57.7800,57.7700,57.7700,6200
1470251844,57.7750,57.7800,57.7700,57.7800,5200
1470251935,57.7800,57.7800,57.7750,57.7800,9300
1470251999,57.7800,57.7800,57.7750,57.7800,3900
1470252046,57.7550,57.7800,57.7550,57.7800,12700
1470252062,57.7700,57.7700,57.7600,57.7600,1300
1470252176,57.7800,57.7900,57.7699,57.7699,12500
1470252225,57.7900,57.7900,57.7800,57.7800,6000
1470252277,57.7850,57.7900,57.7850,57.7850,6500
1470252348,57.8000,57.8000,57.7850,57.7850,15800
1470252411,57.7900,57.8000,57.7900,57.8000,8100
1470252475,57.8100,57.8200,57.7850,57.7900,12800
1470252539,57.8100,57.8100,57.8100,57.8100,2900
1470252593,57.8150,57.8150,57.8099,57.8100,6500
1470252643,57.8200,57.8200,57.8100,57.8150,7500
1470252717,57.8051,57.8200,57.8051,57.8100,15000
1470252726,57.8000,57.8100,57.8000,57.8051,4000
1470252835,57.8000,57.8000,57.7950,57.8000,6400
1470252899,57.8099,57.8100,57.8000,57.8000,8300
1470252942,57.8100,57.8100,57.8000,57.8100,4500
1470253015,57.8050,57.8100,57.8000,57.8050,5700
1470253079,57.8100,57.8100,57.8000,57.8050,12100
1470253133,57.8050,57.8100,57.8000,57.8100,6600
1470253184,57.8050,57.8100,57.8050,57.8100,5100
1470253251,57.8000,57.8100,57.8000,57.8100,8000
1470253308,57.8100,57.8100,57.8000,57.8050,4000
1470253371,57.8050,57.8100,57.8000,57.8099,8700
1470253415,57.7900,57.8100,57.7900,57.8050,9200
1470253492,57.7950,57.8000,57.7900,57.7950,6500
1470253558,57.8200,57.8200,57.7950,57.8000,8100
1470253618,57.8300,57.8300,57.8150,57.8200,10200
1470253679,57.8300,57.8300,57.8250,57.8250,2200
1470253739,57.8200,57.8300,57.8200,57.8250,18000
1470253799,57.8400,57.8400,57.8200,57.8250,0
1470253854,57.8400,57.8400,57.8350,57.8400,1600
1470253917,57.8400,57.8500,57.8350,57.8400,9100
1470253928,57.8300,57.8400,57.8300,57.8300,21800
1470254037,57.8300,57.8400,57.8200,57.8350,0
1470254095,57.8250,57.8300,57.8200,57.8300,5800
1470254157,57.8400,57.8400,57.8200,57.8300,6700
1470254211,57.8500,57.8500,57.8300,57.8400,7600
1470254279,57.8600,57.8600,57.8400,57.8450,11000
1470254339,57.8750,57.8800,57.8501,57.8501,12400
1470254399,57.8700,57.8701,57.8500,57.8700,24500
1470254400,57.8800,57.8800,57.8800,57.8800,1300
