uri:/instrument/1.0/VUG/chartdata;type=quote;range=1d/csv
ticker:vug
Company-Name:Vanguard Growth ETF - DNQ
Exchange-Name:PCX
unit:MIN
timezone:EDT
currency:USD
gmtoffset:-14400
previous_close:111.7300
Timestamp:1470231000,1470254400
labels:1470232800,1470236400,1470240000,1470243600,1470247200,1470250800,1470254400
values:Timestamp,close,high,low,open,volume
close:111.5580,112.0200
high:111.5580,112.0200
low:111.5580,111.9850
open:111.5580,111.9990
volume:0,106400
1470231041,111.6500,111.6500,111.6500,111.6500,29400
1470231469,111.5580,111.5580,111.5580,111.5580,300
1470231583,111.6252,111.6252,111.6252,111.6252,100
1470231676,111.7200,111.7200,111.6900,111.6900,1700
1470231727,111.7068,111.7068,111.7068,111.7068,200
1470231898,111.7883,111.7883,111.7610,111.7610,800
1470231912,111.8290,111.8299,111.8290,111.8299,200
1470231972,111.8223,111.8223,111.8223,111.8223,500
1470232036,111.8390,111.8400,111.8201,111.8400,500
1470232134,111.7800,111.7800,111.7700,111.7700,400
1470232169,111.8368,111.8368,111.8368,111.8368,200
1470232313,111.8151,111.8300,111.8151,111.8300,5100
1470232368,111.8300,111.8300,111.8300,111.8300,100
1470232398,111.8000,111.8150,111.8000,111.8150,1100
1470232465,111.7588,111.7751,111.7410,111.7410,600
1470232548,111.6901,111.6901,111.6901,111.6901,2500
1470232572,111.7000,111.7000,111.6900,111.7000,2900
1470232679,111.7311,111.7311,111.7311,111.7311,300
1470232697,111.7140,111.7600,111.7140,111.7600,500
1470232818,111.7400,111.7400,111.7100,111.7400,800
1470232916,111.7200,111.7200,111.7200,111.7200,100
1470232954,111.7400,111.7400,111.7400,111.7400,600
1470233200,111.7952,111.7952,111.7952,111.7952,300
1470233338,111.7095,111.7095,111.7095,111.7095,700
1470233404,111.7200,111.7200,111.7200,111.7200,300
1470233565,111.7900,111.8100,111.7900,111.8100,1100
1470233615,111.8121,111.8121,111.8121,111.8121,100
1470233687,111.8407,111.8407,111.8235,111.8235,1300
1470233760,111.8640,111.8744,111.8640,111.8744,1000
1470233853,111.8700,111.8700,111.8671,111.8671,300
1470233889,111.8566,111.8566,111.8566,111.8566,100
1470234010,111.8250,111.8299,111.7964,111.7964,1000
1470234066,111.8292,111.8292,111.8292,111.8292,200
1470234142,111.8131,111.8200,111.8000,111.8000,600
1470234181,111.7800,111.7918,111.7500,111.7918,2100
1470234269,111.7744,111.7800,111.7700,111.7800,1200
1470234359,111.7644,111.7644,111.7644,111.7644,400
1470234379,111.7620,111.7620,111.7620,111.7620,200
1470234515,111.7496,111.7550,111.7496,111.7550,700
1470234559,111.7777,111.7777,111.7715,111.7715,1600
1470234622,111.7100,111.7100,111.6900,111.6900,3000
1470234755,111.7200,111.7200,111.6900,111.6900,700
1470234804,111.7500,111.7500,111.7397,111.7397,1000
1470234885,111.8352,111.8352,111.8352,111.8352,200
1470234963,111.8099,111.8147,111.8092,111.8092,600
1470235062,111.7700,111.7700,111.7700,111.7700,700
1470235228,111.8286,111.8286,111.8286,111.8286,200
1470235303,111.8490,111.8490,111.8490,111.8490,1400
1470235387,111.8990,111.8990,111.8990,111.8990,400
1470235616,111.8247,111.8247,111.8247,111.8247,300
1470235687,111.8360,111.8360,111.8360,111.8360,200
1470235743,111.7896,111.7932,111.7896,111.7932,1100
1470235908,111.8100,111.8300,111.8100,111.8300,400
1470235943,111.7800,111.8039,111.7800,111.8039,600
1470236018,111.7600,111.7840,111.7500,111.7840,1000
1470236091,111.7598,111.7598,111.7598,111.7598,100
1470236137,111.7700,111.7700,111.7700,111.7700,100
1470236173,111.7600,111.8100,111.7600,111.8100,2400
1470236251,111.7300,111.7300,111.7300,111.7300,500
1470236311,111.7400,111.7480,111.7200,111.7200,700
1470236425,111.7100,111.7500,111.7100,111.7500,1300
1470236487,111.6924,111.6924,111.6924,111.6924,700
1470236719,111.7300,111.7300,111.7300,111.7300,100
1470236784,111.7627,111.7689,111.7627,111.7689,300
1470236830,111.7400,111.7400,111.7400,111.7400,1200
1470236928,111.7650,111.7650,111.7550,111.7550,700
1470237034,111.7474,111.7570,111.7474,111.7570,700
1470237118,111.7760,111.7774,111.7588,111.7588,500
1470237134,111.7940,111.8013,111.7940,111.8013,1500
1470237197,111.7800,111.7800,111.7620,111.7620,500
1470237290,111.8100,111.8100,111.8000,111.8000,600
1470237342,111.7900,111.8400,111.7900,111.8400,2100
1470237370,111.8043,111.8195,111.8000,111.8195,300
1470237437,111.7729,111.7742,111.7729,111.7742,500
1470237530,111.7600,111.7900,111.7600,111.7900,1500
1470237589,111.7391,111.7499,111.7300,111.7300,1000
1470237639,111.8077,111.8077,111.7611,111.7611,400
1470237703,111.8200,111.8200,111.8073,111.8073,200
1470237743,111.8300,111.8300,111.8299,111.8299,400
1470237785,111.8300,111.8600,111.8300,111.8500,2500
1470237921,111.8274,111.8274,111.8274,111.8274,500
1470237983,111.8125,111.8125,111.8125,111.8125,200
1470238038,111.7879,111.7879,111.7762,111.7762,2500
1470238096,111.7899,111.7974,111.7800,111.7974,2700
1470238219,111.7611,111.7900,111.7600,111.7600,2600
1470238369,111.7774,111.7774,111.7774,111.7774,400
1470238381,111.7800,111.7800,111.7800,111.7800,100
1470238491,111.7974,111.8000,111.7711,111.7711,2100
1470238516,111.7100,111.7300,111.7100,111.7300,1300
1470238620,111.7378,111.7400,111.7200,111.7212,3000
1470238692,111.7445,111.7699,111.7445,111.7511,2900
1470238754,111.7500,111.7800,111.7500,111.7800,600
1470238825,111.7400,111.7700,111.7400,111.7700,600
1470238881,111.7500,111.7500,111.7500,111.7500,200
1470238977,111.7540,111.7540,111.7540,111.7540,4700
1470238985,111.7000,111.7301,111.7000,111.7301,14900
1470239132,111.7300,111.7400,111.7300,111.7400,1000
1470239200,111.6810,111.7102,111.6810,111.7102,3200
1470239225,111.7000,111.7200,111.6908,111.6908,2100
1470239317,111.6900,111.6900,111.6900,111.6900,300
1470239375,111.7473,111.7473,111.7100,111.7100,200
1470239451,111.7300,111.7392,111.7300,111.7392,200
1470239479,111.7450,111.7574,111.7400,111.7400,700
1470239558,111.7695,111.7695,111.7695,111.7695,400
1470239586,111.7800,111.7900,111.7800,111.7900,400
1470239668,111.8100,111.8100,111.7974,111.7974,400
1470239717,111.7849,111.8200,111.7849,111.8200,700
1470239835,111.8092,111.8092,111.8092,111.8092,200
1470239923,111.8174,111.8200,111.8174,111.8200,1000
1470240008,111.8005,111.8200,111.7900,111.8200,400
1470240064,111.7900,111.7900,111.7800,111.7900,700
1470240239,111.7850,111.8100,111.7850,111.8090,4800
1470240299,111.8000,111.8100,111.7676,111.7676,6500
1470240300,111.7900,111.7900,111.7900,111.7900,1000
1470240426,111.7800,111.8000,111.7800,111.7953,1100
1470240490,111.8040,111.8040,111.7926,111.7926,600
1470240599,111.8011,111.8011,111.8011,111.8011,500
1470240783,111.7826,111.7826,111.7826,111.7826,100
1470240869,111.7850,111.7850,111.7850,111.7850,300
1470240909,111.7900,111.8100,111.7900,111.7900,3000
1470241062,111.8001,111.8100,111.8001,111.8100,700
1470241257,111.8028,111.8028,111.8028,111.8028,200
1470241282,111.7789,111.7789,111.7789,111.7789,500
1470241445,111.7552,111.7552,111.7552,111.7552,300
1470241610,111.7850,111.7850,111.7850,111.7850,100
1470241653,111.7700,111.7700,111.7700,111.7700,100
1470241690,111.7600,111.7600,111.7600,111.7600,200
1470241745,111.7674,111.7674,111.7674,111.7674,200
1470241857,111.7840,111.7840,111.7840,111.7840,100
1470241967,111.7695,111.7695,111.7695,111.7695,200
1470241988,111.7574,111.7800,111.7500,111.7501,3100
1470242052,111.7647,111.7647,111.7582,111.7582,900
1470242245,111.7700,111.7700,111.7700,111.7700,300
1470242325,111.8190,111.8190,111.8190,111.8190,300
1470242351,111.8000,111.8000,111.8000,111.8000,300
1470242472,111.8700,111.8700,111.8699,111.8699,500
1470242597,111.8616,111.8879,111.8600,111.8879,2700
1470242689,111.8704,111.8704,111.8704,111.8704,500
1470242736,111.8700,111.8700,111.8700,111.8700,300
1470242840,111.8500,111.8500,111.8500,111.8500,400
1470242898,111.8300,111.8700,111.8300,111.8600,2700
1470242981,111.8330,111.8330,111.8300,111.8300,1800
1470243105,111.8201,111.8201,111.8201,111.8201,1000
1470243122,111.8298,111.8590,111.8200,111.8544,4800
1470243193,111.8300,111.8300,111.8300,111.8300,200
1470243335,111.8300,111.8300,111.8300,111.8300,100
1470243402,111.8500,111.8500,111.8300,111.8300,500
1470243529,111.8359,111.8359,111.8359,111.8359,200
1470243700,111.8310,111.8400,111.8310,111.8400,1300
1470243725,111.8100,111.8334,111.8100,111.8334,2500
1470243882,111.8406,111.8406,111.8406,111.8406,900
1470243907,111.8218,111.8472,111.8218,111.8300,600
1470244122,111.8773,111.8773,111.8773,111.8773,200
1470244165,111.8400,111.8693,111.8400,111.8693,700
1470244235,111.8420,111.8420,111.8420,111.8420,700
1470244283,111.8600,111.8890,111.8598,111.8700,1400
1470244412,111.8700,111.8800,111.8700,111.8800,300
1470244493,111.9095,111.9095,111.8850,111.8850,1400
1470244508,111.8700,111.8900,111.8600,111.8900,1200
1470244601,111.8864,111.8864,111.8864,111.8864,400
1470244653,111.8600,111.8700,111.8600,111.8700,500
1470244695,111.8600,111.8600,111.8600,111.8600,200
1470244755,111.8604,111.8700,111.8505,111.8513,1400
1470244846,111.8598,111.8598,111.8598,111.8598,200
1470244878,111.8800,111.8800,111.8614,111.8614,2000
1470244930,111.8677,111.8700,111.8600,111.8700,6100
1470244982,111.8501,111.8593,111.8501,111.8593,1400
1470245041,111.8695,111.8786,111.8500,111.8695,1000
1470245272,111.8601,111.8601,111.8601,111.8601,200
1470245341,111.8716,111.8756,111.8630,111.8630,3600
1470245416,111.8710,111.8899,111.8702,111.8800,1100
1470245516,111.8772,111.8850,111.8772,111.8850,300
1470245575,111.8880,111.8880,111.8800,111.8800,1200
1470245645,111.8700,111.8800,111.8700,111.8800,600
1470245842,111.8812,111.8812,111.8812,111.8812,200
1470245895,111.8600,111.9000,111.8600,111.9000,2800
1470245941,111.8536,111.8601,111.8536,111.8600,800
1470246219,111.8604,111.8604,111.8604,111.8604,2200
1470246270,111.8400,111.8400,111.8400,111.8400,100
1470246310,111.8430,111.8430,111.8430,111.8430,200
1470246390,111.8100,111.8400,111.8100,111.8400,300
1470246542,111.8378,111.8490,111.8311,111.8311,600
1470246658,111.8000,111.8473,111.8000,111.8473,400
1470246668,111.8190,111.8190,111.8190,111.8190,400
1470246722,111.8080,111.8100,111.8080,111.8100,500
1470246813,111.8000,111.8000,111.7900,111.7900,200
1470246867,111.7808,111.8000,111.7808,111.8000,400
1470246957,111.8070,111.8070,111.8070,111.8070,800
1470247007,111.8199,111.8199,111.8099,111.8099,8500
1470247023,111.8000,111.8100,111.8000,111.8100,400
1470247109,111.8407,111.8407,111.8407,111.8407,500
1470247173,111.8387,111.8387,111.8387,111.8387,300
1470247281,111.8413,111.8413,111.8413,111.8413,200
1470247415,111.8511,111.8511,111.8505,111.8505,600
1470247489,111.8200,111.8201,111.8200,111.8201,1100
1470247559,111.8390,111.8390,111.8300,111.8350,1100
1470247579,111.8500,111.8500,111.8500,111.8500,200
1470247674,111.8600,111.8600,111.8200,111.8300,4500
1470247683,111.8700,111.8700,111.8535,111.8600,900
1470247756,111.8600,111.8755,111.8600,111.8755,500
1470247801,111.8700,111.8700,111.8400,111.8400,700
1470247867,111.8600,111.8700,111.8520,111.8520,700
1470247979,111.8500,111.8800,111.8400,111.8800,4100
1470248038,111.8600,111.8707,111.8500,111.8500,1000
1470248041,111.8200,111.8400,111.8200,111.8400,400
1470248127,111.8105,111.8300,111.8105,111.8300,600
1470248203,111.8400,111.8502,111.8400,111.8502,600
1470248229,111.7700,111.8526,111.7700,111.8526,2700
1470248331,111.7850,111.7850,111.7800,111.7800,400
1470248358,111.7707,111.7707,111.7600,111.7600,700
1470248411,111.7846,111.7900,111.7700,111.7800,2300
1470248593,111.8000,111.8150,111.8000,111.8150,300
1470248646,111.8025,111.8025,111.8025,111.8025,700
1470248748,111.7900,111.7900,111.7900,111.7900,100
1470248763,111.7930,111.7952,111.7710,111.7952,8900
1470248852,111.7900,111.7940,111.7810,111.7940,600
1470248889,111.7687,111.7816,111.7410,111.7800,1100
1470248940,111.7200,111.7800,111.7200,111.7600,8300
1470249028,111.7200,111.7200,111.7200,111.7200,200
1470249104,111.7500,111.7500,111.7500,111.7500,1200
1470249120,111.7470,111.7470,111.7400,111.7400,300
1470249212,111.7803,111.7803,111.7803,111.7803,400
1470249377,111.7800,111.7800,111.7800,111.7800,300
1470249431,111.7600,111.7600,111.7600,111.7600,300
1470249588,111.7884,111.7884,111.7884,111.7884,500
1470249626,111.7828,111.7880,111.7749,111.7749,1300
1470249660,111.7990,111.7990,111.7804,111.7804,1300
1470249841,111.7910,111.8092,111.7910,111.8092,1300
1470249956,111.7997,111.8150,111.7997,111.8007,7400
1470249963,111.7900,111.8030,111.7900,111.8030,3100
1470250028,111.7862,111.7973,111.7862,111.7973,7000
1470250142,111.7920,111.8099,111.7920,111.8099,400
1470250233,111.8120,111.8120,111.7950,111.7950,600
1470250270,111.8389,111.8389,111.8389,111.8389,500
1470250362,111.8120,111.8160,111.8120,111.8160,1400
1470250398,111.8299,111.8299,111.8299,111.8299,200
1470250510,111.8110,111.8462,111.8110,111.8400,2200
1470250561,111.8260,111.8260,111.8150,111.8150,1100
1470250699,111.8200,111.8200,111.8200,111.8200,200
1470250798,111.8000,111.8340,111.8000,111.8300,1900
1470250844,111.8200,111.8200,111.7945,111.8095,1300
1470250870,111.8074,111.8200,111.7993,111.7993,1500
1470250976,111.8100,111.8140,111.7900,111.7900,2500
1470251025,111.8257,111.8399,111.8257,111.8399,300
1470251043,111.8100,111.8400,111.8100,111.8310,13300
1470251164,111.7900,111.8199,111.7900,111.8199,1000
1470251284,111.8213,111.8213,111.8213,111.8213,1500
1470251488,111.8504,111.8504,111.8310,111.8310,900
1470251576,111.8210,111.8400,111.8210,111.8400,700
1470251581,111.8310,111.8399,111.8200,111.8200,900
1470251686,111.8553,111.8577,111.8553,111.8577,300
1470251758,111.8600,111.8674,111.8510,111.8674,1000
1470251812,111.8726,111.8900,111.8600,111.8900,1400
1470251836,111.8630,111.8700,111.8630,111.8700,4400
1470251908,111.8630,111.8699,111.8630,111.8636,1100
1470251983,111.8500,111.8600,111.8500,111.8600,400
1470252024,111.8400,111.8600,111.8300,111.8570,2300
1470252103,111.8699,111.8699,111.8699,111.8699,300
1470252225,111.9000,111.9000,111.8874,111.8874,2200
1470252252,111.8801,111.8974,111.8800,111.8800,1200
1470252309,111.9300,111.9399,111.9170,111.9200,3600
1470252390,111.9000,111.9200,111.9000,111.9200,500
1470252448,111.9400,111.9400,111.9292,111.9355,1100
1470252546,111.9400,111.9400,111.9220,111.9220,2600
1470252630,111.9331,111.9331,111.9331,111.9331,200
1470252706,111.9200,111.9200,111.9200,111.9200,200
1470252885,111.9200,111.9200,111.9074,111.9074,500
1470252950,111.9211,111.9211,111.9211,111.9211,500
1470252987,111.8990,111.8990,111.8990,111.8990,200
1470253029,111.8900,111.9399,111.8810,111.8968,2300
1470253132,111.9053,111.9053,111.9053,111.9053,500
1470253142,111.9077,111.9077,111.9053,111.9053,500
1470253236,111.8933,111.8933,111.8933,111.8933,500
1470253279,111.9199,111.9199,111.8900,111.9199,2100
1470253330,111.9060,111.9060,111.9060,111.9060,600
1470253412,111.8700,111.8900,111.8600,111.8800,1700
1470253480,111.8720,111.8720,111.8720,111.8720,2600
1470253513,111.9200,111.9200,111.8900,111.8900,900
1470253572,111.9250,111.9250,111.9250,111.9250,200
1470253733,111.9200,111.9300,111.9200,111.9273,900
1470253745,111.9500,111.9500,111.9200,111.9200,2000
1470253828,111.9850,112.0000,111.9850,111.9990,800
1470253914,111.9710,111.9900,111.9710,111.9900,1300
1470253975,111.9500,111.9800,111.9500,111.9800,400
1470254028,111.9400,111.9400,111.9300,111.9400,700
1470254097,111.9400,111.9400,111.9300,111.9400,800
1470254108,111.9799,111.9800,111.9400,111.9400,3300
1470254217,111.9600,111.9700,111.9500,111.9700,8000
1470254279,111.9700,111.9900,111.9600,111.9600,8600
1470254286,111.9900,112.0100,111.9800,111.9800,31500
1470254340,112.0200,112.0200,111.9700,111.9800,106400
1470254400,111.9700,111.9700,111.9700,111.9700,0
