uri:/instrument/1.0/SPB/chartdata;type=quote;range=1d/csv
ticker:spb
Company-Name:Spectrum Brands Holdings, Inc. 
Exchange-Name:NYQ
unit:MIN
timezone:EDT
currency:USD
gmtoffset:-14400
previous_close:131.8000
Timestamp:1471267800,1471291200
labels:1471269600,1471273200,1471276800,1471280400,1471284000,1471287600,1471291200
values:Timestamp,close,high,low,open,volume
close:131.3300,132.3400
high:131.3500,132.3400
low:131.2900,132.3400
open:131.2900,132.3400
volume:100,7900
1471267920,132.3400,132.3400,132.3400,132.3400,3400
1471268157,131.6400,131.8100,131.6400,131.7350,2300
1471268169,131.6300,131.6300,131.6300,131.6300,400
1471268276,131.6900,131.7400,131.6400,131.6900,700
1471268384,131.6500,131.6500,131.6500,131.6500,600
1471268422,132.0000,132.0000,132.0000,132.0000,100
1471268682,131.6500,131.6500,131.6500,131.6500,100
1471268750,132.2250,132.2250,131.6500,131.6500,2700
1471268777,132.0000,132.0000,132.0000,132.0000,100
1471268833,132.1150,132.1150,132.1150,132.1150,400
1471268931,132.0000,132.1100,132.0000,132.0000,2700
1471268948,132.0400,132.1650,131.8400,132.0000,1600
1471269355,132.0000,132.0300,131.9000,131.9800,2300
1471269398,132.0000,132.0000,132.0000,132.0000,200
1471269597,132.0000,132.0000,132.0000,132.0000,100
1471269608,132.0800,132.0800,132.0800,132.0800,100
1471269665,132.0000,132.0000,132.0000,132.0000,100
1471269766,132.0000,132.0900,131.9200,132.0000,2500
1471269828,131.9000,131.9000,131.8000,131.8200,300
1471269951,131.8500,131.8500,131.8500,131.8500,100
1471270041,131.9200,131.9200,131.8900,131.8900,1200
1471270192,132.0000,132.0300,131.9900,131.9900,1500
1471270364,132.0000,132.0800,132.0000,132.0800,300
1471270471,131.9600,132.0500,131.9600,132.0500,800
1471270578,132.0000,132.0000,132.0000,132.0000,200
1471270632,132.0550,132.0550,132.0550,132.0550,100
1471270707,132.0000,132.0000,132.0000,132.0000,100
1471270859,131.8900,132.0550,131.8900,132.0550,3200
1471270861,131.8900,131.8900,131.8900,131.8900,100
1471270969,131.8900,131.8900,131.8900,131.8900,800
1471271119,131.8100,131.8100,131.8100,131.8100,200
1471271190,131.8050,131.8050,131.8050,131.8050,100
1471271322,131.8700,131.8700,131.8700,131.8700,100
1471271458,132.1900,132.1900,131.9100,131.9100,3200
1471271486,132.0400,132.0800,132.0400,132.0800,1300
1471271665,132.0100,132.0200,132.0000,132.0100,1500
1471271833,131.9600,132.0300,131.9600,132.0300,900
1471272171,132.0600,132.0600,131.9700,132.0100,1300
1471272208,132.0700,132.0700,132.0600,132.0600,200
1471272254,132.0100,132.0100,132.0100,132.0100,100
1471272327,132.0200,132.0200,132.0200,132.0200,100
1471272412,132.1200,132.1200,132.1200,132.1200,200
1471272529,132.0220,132.0400,132.0220,132.0400,1500
1471272690,131.9400,131.9400,131.9400,131.9400,100
1471272773,131.9500,131.9900,131.9500,131.9900,300
1471272875,131.9100,131.9100,131.9100,131.9100,500
1471273010,131.9200,131.9200,131.9200,131.9200,200
1471273075,132.0800,132.0800,131.9500,131.9800,1900
1471273102,132.0700,132.1200,132.0700,132.1200,1100
1471273261,132.0500,132.0600,132.0500,132.0600,500
1471273335,132.1000,132.1000,132.0800,132.0800,1700
1471273463,132.0500,132.0500,132.0500,132.0500,600
1471273555,132.0000,132.0000,132.0000,132.0000,200
1471273707,132.0200,132.0200,132.0200,132.0200,200
1471273808,132.0550,132.0550,132.0550,132.0550,200
1471273975,132.0300,132.0800,132.0300,132.0800,200
1471274009,132.0300,132.0300,132.0300,132.0300,600
1471274124,132.0600,132.0600,132.0400,132.0400,200
1471274197,132.0300,132.0300,132.0300,132.0300,300
1471274262,132.0500,132.1400,132.0500,132.0700,3500
1471274321,132.0600,132.1100,132.0500,132.0600,700
1471274384,132.1450,132.1450,132.0500,132.0500,200
1471274456,132.0200,132.0400,132.0100,132.0100,500
1471274490,132.0400,132.0400,132.0400,132.0400,100
1471274659,132.0000,132.0000,132.0000,132.0000,500
1471274811,132.0200,132.0200,132.0200,132.0200,200
1471274864,132.0600,132.0600,132.0600,132.0600,100
1471274891,132.0600,132.0600,132.0600,132.0600,600
1471275059,132.0800,132.0800,132.0800,132.0800,100
1471275113,132.0400,132.1000,132.0400,132.0400,1100
1471275122,132.0100,132.0400,132.0100,132.0400,1600
1471275402,131.9200,131.9200,131.9200,131.9200,100
1471275435,132.0199,132.0200,132.0199,132.0200,300
1471275805,131.9900,131.9900,131.9500,131.9500,300
1471275961,132.0300,132.0300,131.9550,132.0100,1400
1471276069,132.0000,132.0000,132.0000,132.0000,200
1471276088,131.9700,132.0000,131.9700,132.0000,600
1471276184,132.0050,132.1100,131.9400,131.9800,700
1471276273,131.9300,131.9300,131.9300,131.9300,400
1471276361,131.9200,131.9400,131.9200,131.9400,500
1471276480,131.9200,131.9400,131.9200,131.9400,700
1471276511,131.8950,131.9050,131.8950,131.9050,700
1471276689,131.8800,131.9000,131.8800,131.9000,500
1471276782,131.9000,131.9000,131.9000,131.9000,200
1471276917,131.9200,131.9800,131.8900,131.8900,1900
1471276956,131.9100,131.9100,131.9100,131.9100,300
1471277093,131.8700,131.9000,131.8700,131.8700,600
1471277203,131.9300,131.9300,131.9000,131.9000,200
1471277327,131.8300,131.9350,131.8300,131.9000,3300
1471277514,131.9700,131.9700,131.8600,131.8600,1000
1471277533,132.0400,132.0400,132.0400,132.0400,300
1471277658,131.9500,131.9700,131.9500,131.9700,300
1471277773,131.8600,131.8700,131.8600,131.8700,300
1471278046,131.9100,131.9100,131.9100,131.9100,200
1471278118,132.0000,132.0400,131.9100,131.9100,1500
1471278137,131.9500,131.9900,131.9500,131.9900,600
1471278290,131.9600,131.9600,131.9600,131.9600,300
1471278477,131.9600,131.9600,131.9600,131.9600,200
1471278486,131.9950,132.0000,131.9600,131.9700,1800
1471278546,131.9100,131.9200,131.9100,131.9200,200
1471278814,131.9800,131.9800,131.9200,131.9200,300
1471278924,131.9000,131.9500,131.9000,131.9200,700
1471279026,131.8900,131.8900,131.8900,131.8900,800
1471279151,131.9500,131.9500,131.8850,131.8850,500
1471279220,131.9600,131.9600,131.9100,131.9100,200
1471279370,131.9899,131.9899,131.9899,131.9899,300
1471279414,131.9800,131.9800,131.9800,131.9800,100
1471279592,131.9300,131.9400,131.9200,131.9400,900
1471279661,131.9200,131.9200,131.9200,131.9200,400
1471279704,131.8710,131.8900,131.8710,131.8900,200
1471279792,131.9400,131.9400,131.8900,131.9000,1300
1471279912,131.9100,131.9100,131.9000,131.9100,1200
1471279956,131.9900,131.9900,131.9900,131.9900,100
1471280038,131.9300,131.9400,131.9300,131.9400,400
1471280073,131.9400,131.9400,131.9200,131.9200,300
1471280157,131.7400,131.9200,131.7400,131.9200,1700
1471280193,131.7410,131.7410,131.7300,131.7300,200
1471280274,131.8650,131.8650,131.8650,131.8650,100
1471280335,131.7500,131.8100,131.7500,131.7900,600
1471280357,131.7500,131.7600,131.7500,131.7600,400
1471280496,131.6600,131.7400,131.6600,131.7400,300
1471280561,131.7400,131.7400,131.7400,131.7400,200
1471280728,131.7000,131.7000,131.7000,131.7000,200
1471280838,131.7100,131.7100,131.6900,131.6900,1200
1471280931,131.6600,131.6800,131.6600,131.6800,200
1471280997,131.6600,131.6700,131.6600,131.6700,400
1471281052,131.6500,131.6600,131.6000,131.6600,800
1471281121,131.6000,131.6000,131.6000,131.6000,100
1471281203,131.6600,131.6700,131.6100,131.6100,1100
1471281300,131.7100,131.7100,131.7000,131.7000,500
1471281411,131.7200,131.7300,131.7200,131.7200,800
1471281421,131.7850,131.7850,131.7600,131.7600,300
1471281493,131.7100,131.7500,131.7100,131.7500,600
1471281570,131.6800,131.7010,131.6800,131.7010,300
1471281632,131.7000,131.7000,131.7000,131.7000,100
1471281692,131.6400,131.7100,131.6400,131.7100,800
1471281760,131.6999,131.6999,131.6999,131.6999,100
1471281793,131.6600,131.6600,131.6600,131.6600,300
1471281904,131.7300,131.7300,131.6400,131.6800,1200
1471282035,131.8300,131.8950,131.8300,131.8950,200
1471282097,131.7900,131.8299,131.7900,131.8299,200
1471282142,131.7500,131.7510,131.7500,131.7510,800
1471282443,131.8300,131.8300,131.8100,131.8100,1400
1471282582,131.7600,131.7900,131.7600,131.7900,1100
1471282623,131.7100,131.7600,131.7100,131.7600,200
1471282715,131.6800,131.7000,131.6800,131.7000,300
1471282780,131.6500,131.6500,131.6500,131.6500,100
1471282894,131.6800,131.7300,131.6800,131.7300,400
1471283173,131.6800,131.6800,131.6800,131.6800,200
1471283253,131.6800,131.7200,131.6800,131.7200,900
1471283372,131.7550,131.7550,131.7550,131.7550,200
1471283457,131.7400,131.7400,131.7400,131.7400,100
1471283504,131.6800,131.7300,131.6800,131.7300,1400
1471283570,131.6300,131.6400,131.6300,131.6400,200
1471283634,131.6400,131.6550,131.6300,131.6550,700
1471283682,131.6250,131.6250,131.6200,131.6200,1000
1471283714,131.5600,131.5900,131.5600,131.5900,500
1471283811,131.5400,131.5500,131.5400,131.5500,200
1471283827,131.5000,131.5400,131.5000,131.5400,500
1471283908,131.5000,131.5000,131.5000,131.5000,300
1471284066,131.5100,131.5600,131.4750,131.4750,2900
1471284202,131.4200,131.4600,131.4200,131.4600,400
1471284418,131.5250,131.5250,131.4600,131.5000,2000
1471284424,131.5200,131.5750,131.5200,131.5750,300
1471284525,131.4600,131.4800,131.4500,131.4700,900
1471284776,131.5250,131.5750,131.4750,131.4750,1000
1471284844,131.6999,131.6999,131.5900,131.5900,400
1471284900,131.7400,131.7400,131.7400,131.7400,100
1471284979,131.5800,131.6100,131.5800,131.5910,1100
1471285029,131.5800,131.6000,131.5800,131.5800,400
1471285123,131.6200,131.6400,131.5900,131.5900,1100
1471285141,131.6100,131.6100,131.6100,131.6100,100
1471285200,131.6200,131.6300,131.6100,131.6100,900
1471285283,131.6100,131.6100,131.6000,131.6000,900
1471285374,131.6700,131.6700,131.6200,131.6200,900
1471285386,131.6710,131.6710,131.6710,131.6710,200
1471285471,131.6850,131.7200,131.6850,131.7200,300
1471285550,131.6900,131.6900,131.6900,131.6900,200
1471285613,131.6500,131.6700,131.6410,131.6410,900
1471285642,131.6900,131.6900,131.6900,131.6900,100
1471285739,131.6900,131.6900,131.6600,131.6600,700
1471285741,131.6900,131.6900,131.6600,131.6900,800
1471285806,131.6500,131.6900,131.6500,131.6900,1400
1471285917,131.5700,131.6500,131.5700,131.6500,2600
1471285934,131.5700,131.6150,131.5700,131.5700,300
1471286027,131.5400,131.5400,131.5400,131.5400,200
1471286046,131.5300,131.5700,131.5300,131.5500,2500
1471286126,131.5300,131.5300,131.5300,131.5300,200
1471286264,131.6100,131.6100,131.6100,131.6100,100
1471286362,131.6250,131.6400,131.5850,131.5850,1100
1471286478,131.6500,131.6500,131.6500,131.6500,100
1471286543,131.6700,131.7200,131.6700,131.7200,300
1471286606,131.6800,131.6800,131.6800,131.6800,300
1471286710,131.7200,131.7299,131.7200,131.7299,400
1471286786,131.7000,131.7000,131.7000,131.7000,200
1471286835,131.6800,131.7300,131.6800,131.7050,1800
1471287017,131.6450,131.7200,131.6200,131.7200,2600
1471287090,131.6800,131.6800,131.6600,131.6600,300
1471287174,131.6500,131.6500,131.6400,131.6500,700
1471287187,131.6000,131.6000,131.6000,131.6000,300
1471287298,131.5900,131.6200,131.5700,131.6200,1800
1471287302,131.5600,131.5900,131.5600,131.5900,900
1471287381,131.5800,131.5800,131.5800,131.5800,100
1471287472,131.5450,131.5500,131.5200,131.5200,1100
1471287483,131.5750,131.5800,131.5400,131.5800,500
1471287684,131.5300,131.5800,131.5300,131.5800,3300
1471287814,131.5400,131.5500,131.5150,131.5150,700
1471287854,131.5500,131.5500,131.5500,131.5500,100
1471287957,131.5500,131.5500,131.5300,131.5500,700
1471287974,131.5550,131.5550,131.5550,131.5550,100
1471288070,131.5650,131.5700,131.5600,131.5700,500
1471288122,131.5550,131.5750,131.5300,131.5500,1600
1471288194,131.5400,131.5500,131.5400,131.5500,900
1471288212,131.5500,131.5500,131.5300,131.5300,900
1471288338,131.5400,131.5500,131.5400,131.5500,600
1471288454,131.4900,131.5400,131.4900,131.5400,1700
1471288546,131.5000,131.5300,131.4850,131.4850,1500
1471288570,131.4900,131.5650,131.4890,131.5250,1000
1471288688,131.4400,131.4400,131.4400,131.4400,900
1471288744,131.3900,131.3900,131.2900,131.2900,800
1471288802,131.4500,131.4500,131.3900,131.4300,600
1471288874,131.4700,131.5300,131.4100,131.5250,2600
1471289023,131.4600,131.4600,131.4600,131.4600,100
1471289068,131.5050,131.5050,131.5050,131.5050,200
1471289143,131.5000,131.5000,131.5000,131.5000,100
1471289178,131.4900,131.5000,131.4750,131.5000,800
1471289339,131.5400,131.5400,131.5400,131.5400,100
1471289351,131.4800,131.4900,131.4700,131.4700,1400
1471289422,131.5050,131.5050,131.5050,131.5050,100
1471289511,131.5000,131.5300,131.5000,131.5200,2500
1471289531,131.5100,131.5100,131.5100,131.5100,700
1471289606,131.5399,131.5399,131.5399,131.5399,100
1471289699,131.5200,131.5450,131.5200,131.5250,1300
1471289702,131.5200,131.5200,131.5200,131.5200,800
1471289810,131.5500,131.5500,131.5400,131.5400,500
1471289828,131.5600,131.5600,131.5500,131.5500,1000
1471289904,131.5850,131.5850,131.5700,131.5700,200
1471289999,131.5500,131.5900,131.5500,131.5900,2100
1471290000,131.5450,131.5550,131.5400,131.5500,2500
1471290065,131.5600,131.5600,131.5500,131.5500,900
1471290141,131.5000,131.5525,131.5000,131.5525,1800
1471290289,131.5300,131.5500,131.5000,131.5000,900
1471290303,131.5300,131.5500,131.5200,131.5300,3900
1471290365,131.5300,131.5300,131.5300,131.5300,800
1471290471,131.4400,131.5250,131.4400,131.5250,4400
1471290480,131.4700,131.4700,131.4400,131.4400,700
1471290558,131.3800,131.4500,131.3800,131.4400,3600
1471290625,131.3900,131.3900,131.3800,131.3800,1600
1471290704,131.3900,131.3900,131.3800,131.3800,3000
1471290720,131.4000,131.4000,131.3300,131.3800,5800
1471290839,131.4100,131.4100,131.3600,131.4000,3300
1471290878,131.4600,131.4600,131.3800,131.3800,3700
1471290911,131.4250,131.4300,131.4250,131.4300,3600
1471291076,131.3800,131.3800,131.3700,131.3700,4000
1471291087,131.3300,131.3800,131.3300,131.3600,7900
1471291161,131.3500,131.3500,131.3400,131.3400,1500
1471291200,131.3600,131.3600,131.3600,131.3600,5500
