uri:/instrument/1.0/SPY/chartdata;type=quote;range=1d/csv
ticker:spy
Company-Name:SPDR S&P 500
Exchange-Name:PCX
unit:MIN
timezone:EDT
currency:USD
gmtoffset:-14400
previous_close:218.1800
Timestamp:1470835800,1470859200
labels:1470837600,1470841200,1470844800,1470848400,1470852000,1470855600,1470859200
values:Timestamp,close,high,low,open,volume
close:217.2400,218.3500
high:217.2799,218.4000
low:217.2300,218.3200
open:217.2400,218.3600
volume:0,24518000
1470835859,218.3297,218.4000,218.2800,218.3200,1066300
1470835918,218.3300,218.3900,218.3200,218.3300,144300
1470835921,218.3500,218.3800,218.3200,218.3200,79000
1470836039,218.3000,218.3600,218.2600,218.3600,105300
1470836099,218.2200,218.3000,218.2200,218.2900,296400
1470836159,218.1700,218.2600,218.1700,218.2300,137300
1470836160,218.1600,218.2000,218.1300,218.1800,147500
1470836220,218.1399,218.1700,218.1200,218.1600,141200
1470836339,218.1700,218.1800,218.1250,218.1400,163400
1470836399,218.2500,218.2500,218.1600,218.1800,110200
1470836459,218.1400,218.2700,218.1400,218.2500,165800
1470836460,218.1600,218.2100,218.1400,218.1400,150500
1470836520,218.1400,218.1700,218.0800,218.1600,151900
1470836580,218.1800,218.1900,218.1290,218.1500,70700
1470836699,218.1550,218.2275,218.1400,218.1800,92700
1470836700,218.2600,218.2600,218.1100,218.1600,160600
1470836819,218.1900,218.2800,218.1500,218.2600,146700
1470836820,218.1400,218.2200,218.1400,218.1900,89700
1470836880,218.1750,218.1800,218.1300,218.1500,68900
1470836940,218.1700,218.1799,218.1100,218.1700,80500
1470837000,218.1200,218.1900,218.1100,218.1700,163100
1470837119,218.0800,218.1400,218.0800,218.1200,134700
1470837179,218.1200,218.1300,218.0750,218.0750,122800
1470837180,218.1185,218.1600,218.1050,218.1200,135100
1470837299,218.1800,218.1800,218.1000,218.1100,87800
1470837300,218.2400,218.2500,218.1600,218.1701,158900
1470837360,218.2100,218.2500,218.2050,218.2500,91500
1470837420,218.1500,218.2100,218.1400,218.2100,154500
1470837480,218.1100,218.1575,218.0900,218.1500,84600
1470837540,217.9400,218.1100,217.9400,218.1090,194900
1470837600,218.0000,218.0450,217.9400,217.9400,256300
1470837719,217.9350,218.0000,217.9300,218.0000,107200
1470837720,217.9750,217.9800,217.9000,217.9300,163200
1470837780,217.9700,218.0000,217.9500,217.9790,103400
1470837899,218.0100,218.0500,217.9700,217.9725,69000
1470837959,218.0400,218.0600,218.0000,218.0100,131400
1470837960,217.9900,218.0592,217.9800,218.0500,74800
1470838079,218.0500,218.0500,217.9600,217.9900,96300
1470838139,218.0500,218.0600,218.0300,218.0550,63700
1470838140,218.0800,218.0900,218.0400,218.0500,76100
1470838259,218.0400,218.1100,218.0400,218.0789,76300
1470838318,218.0350,218.0750,218.0100,218.0410,74400
1470838320,218.0100,218.0500,218.0050,218.0300,58900
1470838439,218.0550,218.0700,218.0100,218.0100,39600
1470838499,218.0300,218.0800,218.0000,218.0600,29700
1470838500,218.0400,218.0600,218.0000,218.0300,65000
1470838563,218.0500,218.0600,218.0200,218.0300,30600
1470838622,218.0100,218.0700,218.0100,218.0500,47100
1470838680,218.0300,218.0600,218.0000,218.0150,62800
1470838741,218.0100,218.0600,218.0000,218.0210,103200
1470838859,218.1500,218.1900,218.0100,218.0100,173200
1470838919,218.1200,218.1900,218.1150,218.1550,118800
1470838920,218.1800,218.2500,218.1250,218.1300,89200
1470838981,218.2001,218.2100,218.1700,218.1770,80600
1470839041,218.1900,218.2000,218.1600,218.2000,42800
1470839100,218.1500,218.1950,218.1400,218.1700,49700
1470839162,218.1500,218.1750,218.1300,218.1400,75200
1470839220,218.1400,218.1600,218.1300,218.1500,30500
1470839280,218.0900,218.1599,218.0400,218.1400,95500
1470839340,218.0800,218.1080,218.0600,218.1000,68700
1470839402,218.1500,218.2100,218.0500,218.0500,113900
1470839519,218.1600,218.2190,218.1500,218.1600,89000
1470839579,218.1100,218.1750,218.0500,218.1600,111800
1470839639,218.0900,218.1400,218.0800,218.1100,45100
1470839641,218.1000,218.1300,218.0810,218.0900,38100
1470839700,218.1600,218.2000,218.1100,218.1100,70500
1470839819,218.1500,218.1900,218.1500,218.1600,122200
1470839879,218.0850,218.1650,218.0800,218.1500,65900
1470839939,218.1100,218.1400,218.0800,218.0800,60200
1470839940,218.0200,218.1190,217.9900,218.1190,93900
1470840000,217.9800,218.0300,217.9500,218.0200,125200
1470840119,218.0100,218.0200,217.9600,217.9800,59000
1470840179,217.9700,218.0300,217.9500,218.0200,52400
1470840180,218.0000,218.0300,217.9600,217.9700,72300
1470840299,218.0873,218.0900,217.9900,218.0000,60200
1470840359,218.0400,218.0900,218.0000,218.0899,80400
1470840360,218.0300,218.0675,218.0100,218.0400,69300
1470840421,218.0700,218.0900,218.0400,218.0400,60900
1470840539,218.1100,218.1400,218.0700,218.0700,69800
1470840541,218.0600,218.1100,218.0600,218.1100,57700
1470840659,218.0700,218.0800,218.0600,218.0650,24500
1470840660,218.0900,218.1000,218.0800,218.0800,44800
1470840778,218.0700,218.0950,218.0600,218.0900,14500
1470840835,218.1000,218.1000,218.0500,218.0700,30200
1470840896,218.0600,218.1100,218.0500,218.1100,45500
1470840900,218.0200,218.0700,218.0100,218.0600,56300
1470841018,218.0000,218.0100,217.9400,218.0100,89600
1470841078,218.0200,218.0200,217.9800,218.0050,44800
1470841080,217.9700,218.0400,217.9700,218.0150,57100
1470841198,218.0400,218.0400,217.9800,217.9800,70900
1470841200,218.1000,218.1400,218.0310,218.0310,103200
1470841260,218.1000,218.1200,218.0800,218.1000,71000
1470841321,218.1400,218.1800,218.1000,218.1000,110700
1470841439,218.1400,218.1700,218.1350,218.1400,61300
1470841440,218.1900,218.1900,218.1300,218.1399,76100
1470841500,218.1300,218.1900,218.1300,218.1900,30400
1470841619,218.0300,218.1300,218.0200,218.1300,90000
1470841620,218.0500,218.0600,218.0100,218.0300,53900
1470841681,218.0700,218.1100,218.0500,218.0600,57400
1470841740,217.9800,218.0790,217.9800,218.0790,62200
1470841859,217.8800,218.0000,217.8600,217.9850,247000
1470841860,217.9150,217.9301,217.8800,217.8900,62700
1470841920,217.8600,217.9100,217.8500,217.9100,106600
1470841980,217.8900,217.8910,217.8600,217.8600,52600
1470842099,217.8500,217.8850,217.8500,217.8800,53600
1470842159,217.6698,217.8500,217.6100,217.8400,282500
1470842219,217.6500,217.7000,217.6400,217.6700,254000
1470842279,217.5800,217.6500,217.5400,217.6450,247300
1470842339,217.6199,217.6200,217.5500,217.5700,397400
1470842399,217.5600,217.6400,217.5400,217.6200,123500
1470842400,217.5400,217.5700,217.5000,217.5600,179200
1470842519,217.5800,217.5900,217.5300,217.5400,88200
1470842520,217.5000,217.5900,217.5000,217.5800,92100
1470842639,217.5400,217.5586,217.5000,217.5000,75500
1470842640,217.5400,217.5400,217.5000,217.5400,97600
1470842759,217.5500,217.5700,217.5100,217.5400,90700
1470842819,217.5600,217.5700,217.5100,217.5500,58100
1470842820,217.6200,217.6200,217.5600,217.5700,129700
1470842938,217.5300,217.6200,217.5300,217.6200,195600
1470842940,217.5600,217.5800,217.5350,217.5400,1054400
1470843000,217.5450,217.5700,217.5400,217.5600,50100
1470843119,217.4900,217.5500,217.4500,217.5500,103200
1470843178,217.4600,217.5100,217.4500,217.4900,56400
1470843180,217.4500,217.4837,217.4300,217.4601,70400
1470843299,217.4800,217.4800,217.4500,217.4550,94200
1470843300,217.4900,217.4900,217.4300,217.4800,102600
1470843419,217.5000,217.5100,217.4600,217.4900,354400
1470843420,217.5400,217.5500,217.4850,217.4914,52100
1470843480,217.5500,217.5700,217.5400,217.5500,117700
1470843599,217.5436,217.5500,217.5200,217.5400,30200
1470843657,217.5400,217.5700,217.5300,217.5500,44400
1470843661,217.5450,217.5600,217.5400,217.5410,26500
1470843779,217.5250,217.5450,217.5000,217.5450,73600
1470843780,217.5250,217.5500,217.5000,217.5300,48000
1470843899,217.5200,217.5400,217.5150,217.5200,56200
1470843959,217.4900,217.5300,217.4800,217.5250,58600
1470843960,217.4400,217.5000,217.4300,217.5000,71300
1470844079,217.4400,217.4700,217.4300,217.4399,43700
1470844139,217.4699,217.4700,217.4400,217.4436,45100
1470844199,217.4950,217.5200,217.4600,217.4700,78000
1470844200,217.4950,217.5100,217.4900,217.5000,20700
1470844260,217.5200,217.5500,217.4935,217.4935,55900
1470844379,217.5550,217.5550,217.5148,217.5200,48100
1470844380,217.5850,217.6000,217.5500,217.5500,109300
1470844496,217.5400,217.5850,217.5100,217.5800,53400
1470844559,217.5500,217.5630,217.5200,217.5500,83100
1470844561,217.5200,217.5400,217.5100,217.5400,19500
1470844628,217.5500,217.5600,217.5200,217.5200,19000
1470844683,217.5400,217.5800,217.5300,217.5500,31500
1470844743,217.5200,217.5400,217.4900,217.5400,22800
1470844858,217.4900,217.5200,217.4500,217.5200,102200
1470844918,217.5200,217.5200,217.4700,217.4900,34600
1470844978,217.5290,217.5500,217.5100,217.5200,44800
1470845036,217.5214,217.5600,217.5100,217.5300,340700
1470845099,217.5750,217.5800,217.5300,217.5300,53400
1470845100,217.6100,217.6200,217.5700,217.5700,78700
1470845219,217.6500,217.6500,217.6100,217.6101,98700
1470845279,217.6520,217.6600,217.6300,217.6400,92100
1470845280,217.6900,217.7000,217.6500,217.6550,80100
1470845343,217.7110,217.7400,217.6925,217.6950,127900
1470845459,217.7150,217.7400,217.7100,217.7150,65300
1470845460,217.7200,217.7300,217.7000,217.7200,49600
1470845521,217.7200,217.7400,217.7200,217.7250,49800
1470845639,217.7200,217.7300,217.7000,217.7200,20000
1470845640,217.7082,217.7300,217.6900,217.7250,32800
1470845700,217.7000,217.7100,217.6900,217.7000,16400
1470845763,217.7108,217.7200,217.6900,217.7000,26100
1470845879,217.7000,217.7200,217.6900,217.7000,29200
1470845880,217.7000,217.7100,217.6900,217.6950,19900
1470845999,217.7400,217.7400,217.6900,217.6900,22300
1470846000,217.7500,217.7600,217.7300,217.7400,48500
1470846117,217.7500,217.7700,217.7500,217.7500,44100
1470846175,217.7400,217.7800,217.7344,217.7400,68300
1470846239,217.7200,217.7800,217.7200,217.7400,56000
1470846297,217.6801,217.7200,217.6700,217.7200,27600
1470846300,217.7000,217.7300,217.6850,217.6900,53000
1470846360,217.7065,217.7200,217.6800,217.7100,25100
1470846420,217.7300,217.7300,217.7090,217.7090,58700
1470846488,217.7000,217.7300,217.6900,217.7200,16700
1470846540,217.6950,217.7100,217.6900,217.7100,28900
1470846600,217.7100,217.7200,217.6800,217.6900,61500
1470846661,217.7100,217.7300,217.7000,217.7100,29900
1470846720,217.7050,217.7300,217.7050,217.7100,19500
1470846839,217.7000,217.7200,217.7000,217.7200,26100
1470846896,217.7050,217.7100,217.6850,217.7001,17900
1470846900,217.7200,217.7300,217.7000,217.7100,40000
1470846960,217.7100,217.7200,217.7035,217.7150,21200
1470847079,217.7100,217.7200,217.7000,217.7100,17500
1470847081,217.7299,217.7300,217.6900,217.7150,31700
1470847142,217.7300,217.7500,217.7300,217.7300,37400
1470847257,217.7301,217.7450,217.7300,217.7300,56200
1470847260,217.6850,217.7400,217.6700,217.7400,89900
1470847379,217.6650,217.7000,217.6600,217.6800,124500
1470847439,217.6500,217.6800,217.6400,217.6600,53100
1470847440,217.6600,217.6700,217.6300,217.6500,103100
1470847500,217.6689,217.7000,217.6500,217.6600,75900
1470847562,217.6900,217.6900,217.6600,217.6700,35400
1470847621,217.7300,217.7300,217.6825,217.6900,49500
1470847739,217.7450,217.7500,217.7100,217.7210,51800
1470847741,217.7200,217.7450,217.7100,217.7450,36900
1470847800,217.7399,217.7500,217.7050,217.7100,46800
1470847918,217.7444,217.7500,217.7300,217.7400,23500
1470847979,217.7600,217.7700,217.7450,217.7450,58500
1470848039,217.7750,217.8000,217.7600,217.7700,91600
1470848094,217.7850,217.8100,217.7700,217.7800,70000
1470848101,217.7700,217.8000,217.7700,217.7900,55900
1470848219,217.7600,217.7750,217.7500,217.7700,18800
1470848278,217.7600,217.7700,217.7500,217.7550,25100
1470848280,217.8000,217.8000,217.7500,217.7500,37300
1470848399,217.8199,217.8199,217.7700,217.8050,75700
1470848459,217.7950,217.8200,217.7900,217.8199,122900
1470848461,217.7950,217.8100,217.7900,217.8000,36900
1470848525,217.8050,217.8200,217.7940,217.7940,66800
1470848581,217.8000,217.8100,217.7900,217.8100,72900
1470848640,217.7900,217.8250,217.7800,217.8012,29100
1470848700,217.7600,217.7900,217.7600,217.7837,32500
1470848819,217.7601,217.7800,217.7500,217.7611,47700
1470848821,217.7800,217.7800,217.7600,217.7650,54400
1470848883,217.7800,217.7900,217.7600,217.7750,35100
1470848940,217.7850,217.7900,217.7700,217.7800,12000
1470849000,217.8000,217.8063,217.7800,217.7899,22400
1470849117,217.7650,217.7933,217.7400,217.7900,36400
1470849120,217.7400,217.7700,217.7301,217.7600,34600
1470849183,217.7500,217.7550,217.7300,217.7300,53800
1470849298,217.7158,217.7500,217.7158,217.7500,44000
1470849359,217.6800,217.7200,217.6800,217.7100,76200
1470849419,217.6050,217.6900,217.6050,217.6800,97900
1470849479,217.6200,217.6200,217.5850,217.6050,37300
1470849480,217.5999,217.6200,217.5643,217.6100,55600
1470849542,217.5850,217.5935,217.5700,217.5900,60400
1470849659,217.5800,217.5900,217.5600,217.5900,40100
1470849660,217.6000,217.6150,217.5700,217.5900,38900
1470849721,217.5900,217.6100,217.5800,217.6001,242800
1470849837,217.6100,217.6100,217.5700,217.5900,47400
1470849899,217.6100,217.6200,217.6000,217.6100,33900
1470849900,217.6050,217.6200,217.6000,217.6101,40900
1470850019,217.6250,217.6300,217.6000,217.6100,31700
1470850020,217.6650,217.6800,217.6200,217.6200,68500
1470850082,217.6500,217.6800,217.6400,217.6600,50300
1470850146,217.6450,217.6750,217.6437,217.6600,26100
1470850200,217.6500,217.6600,217.6400,217.6500,39200
1470850262,217.5900,217.6550,217.5800,217.6500,36000
1470850321,217.5600,217.6100,217.5600,217.5990,65300
1470850434,217.5700,217.5800,217.5400,217.5700,55200
1470850497,217.5600,217.5900,217.5500,217.5650,57200
1470850500,217.5700,217.5800,217.5600,217.5600,52600
1470850560,217.6100,217.6100,217.5500,217.5700,133500
1470850679,217.6750,217.6850,217.6000,217.6100,49700
1470850680,217.6550,217.6800,217.6500,217.6800,42800
1470850740,217.6500,217.6700,217.6312,217.6500,19500
1470850859,217.6200,217.6450,217.6200,217.6400,19700
1470850860,217.6850,217.6900,217.6200,217.6250,56200
1470850979,217.7166,217.7300,217.6800,217.6900,396200
1470851039,217.7600,217.7700,217.6900,217.7200,84800
1470851095,217.7200,217.7600,217.7150,217.7600,66000
1470851154,217.7350,217.7400,217.7100,217.7200,36500
1470851214,217.7300,217.7450,217.7115,217.7338,49800
1470851279,217.7300,217.7500,217.7300,217.7300,15000
1470851280,217.7200,217.7400,217.7200,217.7300,16200
1470851340,217.6601,217.7200,217.6600,217.7200,69400
1470851459,217.6600,217.6850,217.6600,217.6608,68900
1470851462,217.6500,217.6700,217.6500,217.6700,32400
1470851578,217.6600,217.6700,217.6500,217.6500,49500
1470851638,217.6600,217.6700,217.6500,217.6600,21600
1470851640,217.6600,217.7050,217.6600,217.6700,91500
1470851700,217.6944,217.7100,217.6600,217.6700,53100
1470851818,217.6600,217.7000,217.6600,217.6900,27100
1470851878,217.6401,217.6750,217.6400,217.6600,35500
1470851938,217.6427,217.6500,217.6300,217.6400,9500
1470851999,217.5910,217.6400,217.5900,217.6400,39800
1470852000,217.5937,217.6000,217.5600,217.5920,64800
1470852061,217.6250,217.6300,217.5900,217.5900,26100
1470852120,217.6200,217.6400,217.5900,217.6200,75100
1470852238,217.6900,217.6900,217.6150,217.6200,52800
1470852240,217.6600,217.6890,217.6500,217.6875,30000
1470852305,217.6500,217.6750,217.6500,217.6610,30800
1470852360,217.7300,217.7400,217.6400,217.6540,75500
1470852420,217.6850,217.7400,217.6700,217.7400,44700
1470852539,217.6200,217.6850,217.6100,217.6800,63400
1470852540,217.5450,217.6363,217.5200,217.6300,77100
1470852600,217.5750,217.5800,217.5350,217.5400,87600
1470852660,217.6000,217.6000,217.5700,217.5700,45500
1470852721,217.6000,217.6300,217.5800,217.5950,41700
1470852781,217.5333,217.6100,217.5300,217.5950,122700
1470852840,217.4800,217.5500,217.4500,217.5300,182600
1470852959,217.4800,217.4999,217.4600,217.4730,82300
1470853018,217.4700,217.4800,217.4500,217.4700,56300
1470853022,217.4650,217.5100,217.4500,217.4800,71300
1470853080,217.4600,217.4800,217.4600,217.4600,29600
1470853199,217.3600,217.4700,217.3300,217.4700,176400
1470853259,217.3400,217.4000,217.3200,217.3600,98700
1470853261,217.3600,217.3700,217.3200,217.3400,74600
1470853321,217.3463,217.3790,217.3400,217.3600,40700
1470853438,217.4000,217.4000,217.3200,217.3400,67700
1470853499,217.4000,217.4200,217.3800,217.3900,59900
1470853500,217.3963,217.4400,217.3900,217.4000,73600
1470853619,217.3288,217.3950,217.3288,217.3900,47700
1470853679,217.2400,217.3400,217.2300,217.3303,145800
1470853680,217.3100,217.3299,217.2400,217.2500,113800
1470853799,217.3200,217.3299,217.2900,217.3100,66300
1470853856,217.3400,217.3500,217.3100,217.3300,107600
1470853860,217.3300,217.3400,217.3100,217.3400,37600
1470853979,217.2950,217.3263,217.2900,217.3200,43900
1470854039,217.2750,217.3000,217.2400,217.2900,83000
1470854099,217.2500,217.2900,217.2410,217.2700,75200
1470854100,217.2800,217.3000,217.2300,217.2400,106500
1470854161,217.2700,217.2799,217.2550,217.2700,52300
1470854221,217.2800,217.2900,217.2600,217.2600,88400
1470854280,217.3100,217.3400,217.2800,217.2900,112700
1470854340,217.3000,217.3100,217.2765,217.3100,59300
1470854458,217.2766,217.3000,217.2600,217.2900,50600
1470854460,217.3100,217.3300,217.2800,217.2800,58000
1470854520,217.3200,217.3500,217.3000,217.3100,43400
1470854580,217.3000,217.3200,217.3000,217.3200,47800
1470854699,217.2800,217.3200,217.2700,217.3100,48400
1470854700,217.2800,217.2900,217.2700,217.2890,46300
1470854819,217.2950,217.3000,217.2750,217.2800,29100
1470854879,217.3099,217.3100,217.2750,217.2910,93500
1470854935,217.3000,217.3200,217.2900,217.3044,60200
1470854940,217.3700,217.3900,217.2900,217.3000,102200
1470855000,217.3600,217.3900,217.3500,217.3800,71300
1470855119,217.3550,217.3763,217.3500,217.3600,46000
1470855179,217.3750,217.3800,217.3500,217.3600,31700
1470855181,217.4050,217.4100,217.3700,217.3750,75400
1470855240,217.3500,217.4200,217.3500,217.4100,66400
1470855302,217.3350,217.3600,217.3200,217.3600,62000
1470855419,217.3675,217.3700,217.3200,217.3350,68800
1470855479,217.3500,217.3800,217.3410,217.3700,109600
1470855480,217.3350,217.3600,217.3200,217.3500,73500
1470855543,217.3450,217.3600,217.3300,217.3300,41000
1470855658,217.3290,217.3579,217.3100,217.3400,56100
1470855661,217.2650,217.3300,217.2600,217.3200,81200
1470855720,217.2900,217.3000,217.2600,217.2600,33900
1470855780,217.2900,217.3100,217.2700,217.3000,71800
1470855841,217.3250,217.3300,217.2700,217.2900,85600
1470855959,217.3300,217.3400,217.3200,217.3299,51200
1470856019,217.3600,217.3750,217.3300,217.3300,60200
1470856020,217.3900,217.3900,217.3650,217.3650,48700
1470856080,217.4400,217.4400,217.3950,217.3999,110000
1470856140,217.4600,217.4600,217.4200,217.4300,59900
1470856259,217.4650,217.4700,217.4400,217.4600,99000
1470856260,217.4665,217.4800,217.4500,217.4650,93500
1470856378,217.4700,217.4700,217.4600,217.4600,32200
1470856382,217.4700,217.4800,217.4500,217.4700,56300
1470856499,217.5200,217.5200,217.4500,217.4700,79600
1470856559,217.5500,217.5500,217.5199,217.5200,125200
1470856618,217.5500,217.5800,217.5400,217.5500,142100
1470856621,217.5400,217.5600,217.5236,217.5500,56500
1470856739,217.5450,217.5500,217.5200,217.5500,87600
1470856799,217.5650,217.5800,217.5400,217.5400,130600
1470856856,217.5700,217.5700,217.5450,217.5650,98000
1470856860,217.7200,217.7200,217.5700,217.5700,260600
1470856920,217.6990,217.7300,217.6800,217.7150,155500
1470857039,217.6600,217.6900,217.6500,217.6900,81000
1470857096,217.6800,217.6800,217.6600,217.6700,46100
1470857100,217.6800,217.6800,217.6500,217.6700,119700
1470857160,217.6600,217.6800,217.6600,217.6700,56600
1470857220,217.6500,217.6700,217.6300,217.6600,66800
1470857339,217.6150,217.6463,217.6100,217.6400,53100
1470857340,217.5700,217.6100,217.5700,217.6100,83000
1470857458,217.6100,217.6200,217.5700,217.5700,100000
1470857460,217.5951,217.6300,217.5900,217.6100,79800
1470857579,217.6200,217.6200,217.5900,217.5900,27900
1470857580,217.6200,217.6200,217.5800,217.6200,49400
1470857641,217.6000,217.6400,217.5900,217.6200,84800
1470857701,217.5900,217.6300,217.5900,217.6000,70300
1470857819,217.5700,217.6000,217.5700,217.5900,35800
1470857820,217.5000,217.5800,217.4700,217.5700,114100
1470857939,217.5150,217.5200,217.4900,217.5200,44500
1470857999,217.4700,217.5300,217.4700,217.5200,58000
1470858059,217.5310,217.5400,217.4700,217.4700,81600
1470858060,217.5200,217.5500,217.5100,217.5400,38600
1470858177,217.4950,217.5300,217.4950,217.5250,59500
1470858239,217.4200,217.5000,217.4100,217.4900,113700
1470858299,217.3850,217.4300,217.3600,217.4200,173400
1470858359,217.4200,217.4200,217.3600,217.3850,118600
1470858419,217.4300,217.4700,217.4100,217.4100,145000
1470858479,217.4450,217.4700,217.4215,217.4300,119600
1470858539,217.3950,217.4600,217.3900,217.4400,115800
1470858540,217.4010,217.4190,217.3900,217.3950,96100
1470858600,217.3550,217.4100,217.3400,217.4000,206500
1470858719,217.3800,217.3900,217.3300,217.3600,123800
1470858779,217.3950,217.4000,217.3600,217.3800,128200
1470858780,217.4400,217.4500,217.3800,217.3900,220000
1470858840,217.4600,217.4800,217.4300,217.4450,111400
1470858959,217.5113,217.5300,217.4600,217.4600,208600
1470859019,217.4700,217.5300,217.4700,217.5200,278300
1470859020,217.4600,217.5000,217.4450,217.4800,253900
1470859139,217.5400,217.5400,217.4600,217.4600,338900
1470859141,217.6200,217.6300,217.5300,217.5390,24518000
1470859200,217.6400,217.6400,217.6400,217.6400,0
