uri:/instrument/1.0/ACWI/chartdata;type=quote;range=1d/csv
ticker:acwi
Company-Name:iShares MSCI ACWI Index Fund
Exchange-Name:NGM
unit:MIN
timezone:EDT
currency:USD
gmtoffset:-14400
previous_close:58.5300
Timestamp:1470749400,1470772800
labels:1470751200,1470754800,1470758400,1470762000,1470765600,1470769200,1470772800
values:Timestamp,close,high,low,open,volume
close:58.6700,58.9450
high:58.6700,58.9500
low:58.6500,58.9400
open:58.6550,58.9400
volume:0,1118300
1470749437,58.6800,58.6800,58.6500,58.6550,19800
1470749497,58.6700,58.6700,58.6700,58.6700,400
1470749572,58.7100,58.7100,58.6900,58.6900,7000
1470749634,58.7050,58.7050,58.7000,58.7000,1100
1470749664,58.7250,58.7300,58.7000,58.7000,5100
1470749741,58.7400,58.7400,58.7250,58.7250,4900
1470749813,58.7150,58.7300,58.7150,58.7300,3900
1470749879,58.7450,58.7450,58.7150,58.7150,3700
1470749924,58.7350,58.7500,58.7350,58.7400,16300
1470749997,58.7450,58.7500,58.7300,58.7300,54200
1470750059,58.7450,58.7500,58.7400,58.7400,20300
1470750106,58.7400,58.7500,58.7400,58.7500,11400
1470750179,58.7550,58.7599,58.7450,58.7500,14000
1470750235,58.7700,58.7750,58.7500,58.7500,5300
1470750280,58.7500,58.7700,58.7500,58.7700,14800
1470750352,58.7650,58.7650,58.7600,58.7600,10400
1470750419,58.7550,58.7650,58.7500,58.7600,3800
1470750478,58.7500,58.7605,58.7500,58.7605,1900
1470750539,58.7800,58.7850,58.7550,58.7600,13400
1470750579,58.7900,58.7900,58.7800,58.7800,5500
1470750643,58.7999,58.7999,58.7899,58.7899,3000
1470750697,58.7999,58.7999,58.7900,58.7900,5000
1470750764,58.7950,58.8000,58.7900,58.8000,4400
1470750796,58.7900,58.7950,58.7800,58.7901,6700
1470750885,58.7800,58.7850,58.7800,58.7810,1100
1470750959,58.7950,58.7950,58.7900,58.7900,3300
1470751019,58.7950,58.7999,58.7900,58.7999,8300
1470751078,58.7900,58.7950,58.7900,58.7950,9300
1470751111,58.7950,58.7950,58.7900,58.7900,1600
1470751199,58.8000,58.8000,58.7900,58.7999,2300
1470751256,58.7900,58.8000,58.7800,58.8000,9000
1470751318,58.7500,58.7850,58.7400,58.7800,15100
1470751352,58.7700,58.7750,58.7600,58.7600,2500
1470751418,58.7850,58.7850,58.7800,58.7800,1700
1470751497,58.8000,58.8050,58.7850,58.7850,2700
1470751549,58.7800,58.8050,58.7750,58.8000,19100
1470751659,58.7900,58.7900,58.7800,58.7800,800
1470751715,58.7950,58.7950,58.7900,58.7900,10600
1470751766,58.7900,58.7900,58.7900,58.7900,500
1470751805,58.8150,58.8150,58.7900,58.7900,4100
1470751900,58.8200,58.8200,58.8100,58.8100,3600
1470751975,58.8200,58.8200,58.8199,58.8199,1700
1470751983,58.8299,58.8299,58.8100,58.8200,10000
1470752054,58.8300,58.8300,58.8300,58.8300,100
1470752148,58.8399,58.8399,58.8300,58.8300,6900
1470752164,58.8450,58.8450,58.8366,58.8400,800
1470752252,58.8550,58.8550,58.8450,58.8450,1800
1470752339,58.8550,58.8550,58.8400,58.8500,6400
1470752343,58.8500,58.8600,58.8500,58.8550,4600
1470752446,58.8600,58.8600,58.8600,58.8600,200
1470752484,58.8750,58.8799,58.8700,58.8700,2200
1470752571,58.8650,58.8900,58.8600,58.8800,14400
1470752639,58.8500,58.8600,58.8500,58.8600,27000
1470752640,58.8600,58.8600,58.8500,58.8500,13000
1470752708,58.8765,58.8800,58.8699,58.8699,3300
1470752879,58.8850,58.8899,58.8700,58.8800,17300
1470752935,58.8800,58.8850,58.8800,58.8850,7000
1470752999,58.8750,58.8750,58.8700,58.8700,4800
1470753032,58.8750,58.8750,58.8700,58.8700,5000
1470753063,58.8600,58.8700,58.8600,58.8700,3800
1470753236,58.8600,58.8600,58.8550,58.8600,3000
1470753245,58.8550,58.8550,58.8500,58.8500,6700
1470753317,58.8540,58.8574,58.8540,58.8574,3300
1470753373,58.8550,58.8650,58.8500,58.8600,11300
1470753462,58.8550,58.8550,58.8500,58.8500,400
1470753495,58.8750,58.8750,58.8600,58.8600,3200
1470753540,58.8700,58.8800,58.8700,58.8800,3000
1470753629,58.8600,58.8650,58.8600,58.8650,300
1470753716,58.8583,58.8650,58.8583,58.8600,1400
1470753726,58.8550,58.8550,58.8500,58.8550,9500
1470753839,58.8499,58.8499,58.8450,58.8450,2000
1470753845,58.8500,58.8500,58.8500,58.8500,8000
1470753919,58.8700,58.8700,58.8700,58.8700,100
1470754067,58.8900,58.8900,58.8799,58.8799,2900
1470754091,58.8850,58.8850,58.8700,58.8800,4500
1470754146,58.8850,58.8850,58.8800,58.8800,11700
1470754203,58.8750,58.8899,58.8750,58.8850,8800
1470754286,58.8700,58.8700,58.8700,58.8700,1000
1470754364,58.8600,58.8600,58.8600,58.8600,1400
1470754439,58.8650,58.8660,58.8600,58.8600,6000
1470754440,58.8600,58.8650,58.8600,58.8650,5700
1470754619,58.8700,58.8700,58.8600,58.8700,1600
1470754626,58.8850,58.8899,58.8700,58.8700,7000
1470754735,58.8800,58.8850,58.8700,58.8850,5000
1470754788,58.8800,58.8900,58.8800,58.8900,1600
1470754803,58.8800,58.8800,58.8800,58.8800,400
1470754907,58.8899,58.8899,58.8899,58.8899,100
1470754995,58.8900,58.8950,58.8800,58.8850,22500
1470755067,58.9050,58.9050,58.9000,58.9000,900
1470755120,58.9000,58.9050,58.8950,58.9050,2700
1470755269,58.9200,58.9299,58.9200,58.9200,2200
1470755330,58.9200,58.9200,58.9150,58.9150,1200
1470755354,58.9200,58.9250,58.9200,58.9200,7900
1470755458,58.9150,58.9299,58.9150,58.9299,11200
1470755474,58.9200,58.9200,58.9200,58.9200,1600
1470755523,58.9299,58.9299,58.9200,58.9200,600
1470755580,58.9350,58.9400,58.9300,58.9300,5100
1470755699,58.9350,58.9350,58.9300,58.9350,4000
1470755759,58.9300,58.9400,58.9300,58.9350,11200
1470755761,58.9300,58.9300,58.9300,58.9300,800
1470755832,58.9250,58.9300,58.9200,58.9300,2800
1470755883,58.9299,58.9300,58.9250,58.9250,500
1470755953,58.9300,58.9300,58.9300,58.9300,100
1470756059,58.9350,58.9350,58.9300,58.9300,1700
1470756115,58.9399,58.9400,58.9300,58.9300,18500
1470756168,58.9400,58.9400,58.9300,58.9300,2000
1470756237,58.9450,58.9500,58.9400,58.9400,7500
1470756276,58.9400,58.9450,58.9400,58.9400,6100
1470756357,58.9400,58.9400,58.9398,58.9398,5700
1470756401,58.9400,58.9400,58.9400,58.9400,300
1470756459,58.9250,58.9399,58.9100,58.9399,6100
1470756480,58.9250,58.9250,58.9200,58.9200,1000
1470756573,58.9225,58.9225,58.9225,58.9225,100
1470756659,58.9100,58.9300,58.9100,58.9200,27300
1470756712,58.9400,58.9400,58.9200,58.9200,6900
1470756779,58.9300,58.9400,58.9300,58.9400,10800
1470756835,58.9200,58.9300,58.9200,58.9300,19900
1470756898,58.9400,58.9400,58.9200,58.9200,11900
1470756959,58.9250,58.9350,58.9200,58.9350,6700
1470756960,58.9200,58.9250,58.9200,58.9250,4500
1470757034,58.9200,58.9200,58.9200,58.9200,2200
1470757098,58.9100,58.9250,58.9100,58.9200,6200
1470757183,58.9100,58.9150,58.9100,58.9100,5600
1470757251,58.9200,58.9200,58.9200,58.9200,700
1470757276,58.9100,58.9150,58.9100,58.9100,1300
1470757323,58.9100,58.9100,58.9100,58.9100,400
1470757494,58.9150,58.9150,58.9099,58.9099,4000
1470757514,58.9100,58.9150,58.9100,58.9100,4200
1470757617,58.9200,58.9200,58.9100,58.9100,6600
1470757625,58.9250,58.9299,58.9200,58.9200,1100
1470757840,58.9100,58.9250,58.9100,58.9200,4300
1470757860,58.9100,58.9150,58.9100,58.9150,5700
1470757928,58.9150,58.9150,58.9100,58.9100,3300
1470758104,58.9200,58.9200,58.9199,58.9199,1300
1470758234,58.9178,58.9187,58.9178,58.9187,600
1470758281,58.9199,58.9199,58.9199,58.9199,100
1470758388,58.9150,58.9150,58.9100,58.9100,1500
1470758404,58.9150,58.9165,58.9100,58.9150,2100
1470758467,58.9199,58.9199,58.9199,58.9199,100
1470758569,58.9250,58.9250,58.9150,58.9150,2500
1470758605,58.9240,58.9240,58.9240,58.9240,1500
1470758649,58.9299,58.9299,58.9299,58.9299,200
1470758739,58.9200,58.9200,58.9200,58.9200,100
1470758778,58.9350,58.9350,58.9300,58.9300,6500
1470758829,58.9399,58.9399,58.9399,58.9399,100
1470758908,58.9350,58.9399,58.9300,58.9393,5700
1470759056,58.9350,58.9350,58.9350,58.9350,700
1470759090,58.9399,58.9399,58.9399,58.9399,100
1470759127,58.9400,58.9400,58.9336,58.9336,900
1470759236,58.9350,58.9350,58.9300,58.9300,5800
1470759249,58.9250,58.9350,58.9250,58.9300,6400
1470759335,58.9200,58.9250,58.9200,58.9200,3300
1470759380,58.9100,58.9164,58.9100,58.9164,5500
1470759454,58.9100,58.9100,58.9100,58.9100,100
1470759516,58.9100,58.9100,58.9100,58.9100,1600
1470759590,58.9100,58.9100,58.9100,58.9100,300
1470759709,58.9099,58.9099,58.9000,58.9050,3900
1470759779,58.8900,58.9050,58.8900,58.9000,5600
1470759818,58.8600,58.8950,58.8600,58.8900,11700
1470759895,58.8600,58.8600,58.8500,58.8600,4800
1470759943,58.8500,58.8600,58.8500,58.8600,2100
1470759961,58.8600,58.8600,58.8500,58.8550,8200
1470760056,58.8600,58.8600,58.8600,58.8600,9200
1470760143,58.8500,58.8600,58.8500,58.8599,300
1470760264,58.8500,58.8550,58.8500,58.8500,2800
1470760322,58.8335,58.8599,58.8335,58.8599,16500
1470760389,58.8303,58.8350,58.8299,58.8300,2200
1470760450,58.8200,58.8200,58.8200,58.8200,7000
1470760533,58.8200,58.8200,58.8200,58.8200,100
1470760586,58.8300,58.8300,58.8282,58.8282,4200
1470760671,58.8260,58.8300,58.8260,58.8299,1500
1470760693,58.8350,58.8350,58.8300,58.8300,3900
1470760802,58.8399,58.8400,58.8300,58.8300,11000
1470760915,58.8350,58.8399,58.8300,58.8300,3700
1470760959,58.8400,58.8400,58.8300,58.8300,8600
1470761015,58.8400,58.8400,58.8400,58.8400,2400
1470761062,58.8350,58.8350,58.8300,58.8300,1600
1470761100,58.8399,58.8399,58.8399,58.8399,100
1470761169,58.8300,58.8300,58.8300,58.8300,500
1470761258,58.8300,58.8300,58.8300,58.8300,100
1470761283,58.8399,58.8399,58.8399,58.8399,100
1470761449,58.8390,58.8390,58.8300,58.8350,4100
1470761469,58.8400,58.8400,58.8399,58.8399,500
1470761621,58.8300,58.8300,58.8300,58.8300,100
1470761647,58.8399,58.8399,58.8399,58.8399,100
1470761785,58.8250,58.8350,58.8200,58.8350,4000
1470761934,58.8300,58.8350,58.8300,58.8300,3700
1470761944,58.8278,58.8300,58.8200,58.8300,15900
1470762004,58.8300,58.8300,58.8250,58.8250,11000
1470762072,58.8299,58.8299,58.8299,58.8299,200
1470762225,58.8300,58.8300,58.8250,58.8250,600
1470762250,58.8350,58.8350,58.8300,58.8300,1900
1470762343,58.8400,58.8400,58.8399,58.8399,200
1470762529,58.8399,58.8400,58.8399,58.8400,200
1470762543,58.8350,58.8400,58.8300,58.8400,800
1470762656,58.8400,58.8400,58.8400,58.8400,200
1470762715,58.8399,58.8400,58.8399,58.8400,300
1470762768,58.8400,58.8400,58.8400,58.8400,400
1470762798,58.8400,58.8400,58.8400,58.8400,100
1470762864,58.8393,58.8399,58.8300,58.8300,3500
1470762924,58.8350,58.8350,58.8300,58.8300,2200
1470762995,58.8400,58.8400,58.8400,58.8400,100
1470763054,58.8399,58.8399,58.8300,58.8300,200
1470763116,58.8400,58.8400,58.8400,58.8400,5800
1470763161,58.8400,58.8400,58.8400,58.8400,100
1470763255,58.8499,58.8499,58.8400,58.8400,1600
1470763273,58.8500,58.8500,58.8460,58.8500,400
1470763388,58.8400,58.8500,58.8400,58.8500,400
1470763441,58.8499,58.8499,58.8499,58.8499,100
1470763556,58.8400,58.8450,58.8400,58.8400,13400
1470763565,58.8400,58.8400,58.8400,58.8400,500
1470763678,58.8300,58.8300,58.8300,58.8300,1600
1470763683,58.8182,58.8300,58.8182,58.8300,2100
1470763798,58.8200,58.8200,58.8200,58.8200,700
1470763820,58.8250,58.8250,58.8200,58.8200,1400
1470763903,58.8299,58.8300,58.8250,58.8300,3000
1470763965,58.8400,58.8400,58.8300,58.8300,23900
1470764031,58.8350,58.8350,58.8300,58.8350,7900
1470764049,58.8250,58.8250,58.8250,58.8250,200
1470764136,58.8350,58.8350,58.8200,58.8200,800
1470764217,58.8399,58.8399,58.8300,58.8350,2500
1470764229,58.8350,58.8350,58.8300,58.8300,4300
1470764283,58.8300,58.8300,58.8300,58.8300,600
1470764402,58.8100,58.8299,58.8100,58.8299,3300
1470764500,58.7900,58.8000,58.7900,58.8000,200
1470764550,58.7900,58.7900,58.7900,58.7900,3100
1470764601,58.7900,58.7999,58.7900,58.7999,300
1470764661,58.7950,58.7950,58.7900,58.7950,500
1470764705,58.7900,58.7900,58.7900,58.7900,300
1470764861,58.7800,58.7800,58.7800,58.7800,200
1470765009,58.7940,58.8000,58.7900,58.7950,8200
1470765082,58.8000,58.8000,58.8000,58.8000,300
1470765126,58.7903,58.7950,58.7900,58.7900,14600
1470765221,58.7900,58.7900,58.7800,58.7800,300
1470765254,58.7850,58.7850,58.7850,58.7850,1300
1470765318,58.7899,58.7899,58.7899,58.7899,100
1470765376,58.7950,58.7950,58.7900,58.7900,2000
1470765478,58.8000,58.8000,58.8000,58.8000,3700
1470765500,58.8100,58.8100,58.8000,58.8099,4500
1470765589,58.8021,58.8099,58.8021,58.8099,400
1470765629,58.8100,58.8100,58.8100,58.8100,300
1470765771,58.8100,58.8100,58.8090,58.8090,2000
1470765839,58.8050,58.8100,58.8000,58.8000,4500
1470765843,58.8050,58.8050,58.8000,58.8050,5600
1470765901,58.7950,58.8050,58.7900,58.8050,7700
1470765988,58.7950,58.7950,58.7900,58.7950,9400
1470766043,58.7900,58.7950,58.7900,58.7950,12400
1470766115,58.7900,58.7900,58.7900,58.7900,1000
1470766186,58.7900,58.7900,58.7900,58.7900,2300
1470766201,58.7999,58.7999,58.7900,58.7900,2400
1470766285,58.7950,58.7950,58.7910,58.7950,9500
1470766400,58.7999,58.7999,58.7900,58.7900,1600
1470766494,58.7950,58.7950,58.7900,58.7950,14600
1470766501,58.7950,58.7950,58.7900,58.7950,2000
1470766619,58.7950,58.7950,58.7950,58.7950,8700
1470766620,58.7900,58.7950,58.7900,58.7950,300
1470766683,58.8000,58.8000,58.7900,58.7900,2500
1470766740,58.8099,58.8099,58.8000,58.8000,3000
1470766873,58.8000,58.8099,58.8000,58.8099,2700
1470767021,58.7900,58.7999,58.7900,58.7900,1000
1470767070,58.7950,58.7950,58.7950,58.7950,200
1470767119,58.7936,58.7936,58.7936,58.7936,4000
1470767224,58.8000,58.8000,58.7999,58.7999,1500
1470767390,58.7800,58.7950,58.7700,58.7936,11200
1470767409,58.7750,58.7800,58.7750,58.7799,1400
1470767488,58.7500,58.7799,58.7500,58.7799,5100
1470767527,58.7500,58.7500,58.7500,58.7500,800
1470767606,58.7500,58.7500,58.7500,58.7500,2500
1470767699,58.7400,58.7700,58.7390,58.7500,864900
1470767748,58.7600,58.7698,58.7482,58.7499,102600
1470767809,58.7684,58.7700,58.7600,58.7650,34200
1470767877,58.7700,58.7700,58.7615,58.7700,9900
1470767905,58.7700,58.7700,58.7699,58.7699,300
1470767996,58.7664,58.7675,58.7600,58.7600,1400
1470768055,58.7600,58.7650,58.7600,58.7650,1000
1470768075,58.7600,58.7700,58.7600,58.7700,200
1470768121,58.7700,58.7700,58.7699,58.7699,2300
1470768182,58.7700,58.7700,58.7700,58.7700,7000
1470768262,58.7750,58.7800,58.7690,58.7700,14500
1470768301,58.7800,58.7800,58.7750,58.7800,1400
1470768389,58.7750,58.7800,58.7700,58.7800,14900
1470768461,58.7700,58.7775,58.7700,58.7775,500
1470768483,58.7700,58.7750,58.7700,58.7700,2000
1470768583,58.7800,58.7800,58.7750,58.7775,1700
1470768642,58.7800,58.7800,58.7750,58.7750,4700
1470768719,58.7800,58.7800,58.7800,58.7800,7900
1470768765,58.7900,58.7900,58.7800,58.7800,12900
1470768838,58.7850,58.7900,58.7800,58.7850,6800
1470768840,58.7850,58.7850,58.7850,58.7850,400
1470768920,58.7900,58.7900,58.7900,58.7900,2200
1470769019,58.7899,58.7900,58.7899,58.7900,3400
1470769028,58.7900,58.8000,58.7900,58.7900,9900
1470769100,58.8000,58.8000,58.7900,58.8000,6000
1470769148,58.8000,58.8000,58.7900,58.8000,3300
1470769201,58.7950,58.7999,58.7900,58.7950,2400
1470769291,58.8000,58.8000,58.7950,58.7950,1600
1470769354,58.8000,58.8000,58.7950,58.7950,2700
1470769437,58.7900,58.8000,58.7900,58.7999,10100
1470769480,58.7900,58.7900,58.7900,58.7900,9400
1470769515,58.7800,58.7900,58.7800,58.7900,4300
1470769563,58.7900,58.7900,58.7900,58.7900,4600
1470769623,58.7900,58.7900,58.7834,58.7834,1700
1470769699,58.8000,58.8000,58.7882,58.7900,10900
1470769749,58.8000,58.8000,58.7950,58.7950,7300
1470769810,58.8000,58.8000,58.7999,58.7999,1100
1470769867,58.8100,58.8100,58.8050,58.8100,7400
1470769930,58.8050,58.8100,58.8000,58.8100,4900
1470770019,58.7900,58.8050,58.7900,58.8050,2600
1470770082,58.7950,58.8000,58.7950,58.7950,2100
1470770152,58.8000,58.8000,58.7950,58.7950,4500
1470770214,58.7950,58.8000,58.7900,58.8000,10700
1470770273,58.7850,58.7900,58.7800,58.7900,8300
1470770302,58.8000,58.8000,58.7900,58.7900,4200
1470770345,58.7950,58.7950,58.7920,58.7920,400
1470770405,58.8000,58.8000,58.8000,58.8000,19300
1470770513,58.7901,58.7901,58.7900,58.7901,800
1470770578,58.7901,58.7901,58.7901,58.7901,800
1470770581,58.8001,58.8001,58.7900,58.7900,1000
1470770747,58.8200,58.8200,58.8100,58.8100,2000
1470770815,58.8200,58.8200,58.8100,58.8100,6400
1470770879,58.8115,58.8200,58.8115,58.8200,9200
1470770937,58.8200,58.8200,58.8100,58.8200,6200
1470770992,58.8200,58.8200,58.8100,58.8200,4700
1470771045,58.8200,58.8200,58.8200,58.8200,4900
1470771104,58.8150,58.8200,58.8100,58.8150,6800
1470771166,58.8200,58.8200,58.8100,58.8150,8400
1470771239,58.8200,58.8200,58.8200,58.8200,6100
1470771295,58.8200,58.8200,58.8200,58.8200,4800
1470771315,58.8300,58.8300,58.8200,58.8200,5000
1470771363,58.8300,58.8300,58.8300,58.8300,8500
1470771429,58.8250,58.8300,58.8200,58.8300,7200
1470771488,58.8300,58.8300,58.8300,58.8300,10300
1470771595,58.8400,58.8400,58.8300,58.8400,11600
1470771634,58.8400,58.8400,58.8300,58.8300,6700
1470771719,58.8300,58.8400,58.8300,58.8400,7200
1470771722,58.8350,58.8350,58.8300,58.8300,3500
1470771824,58.8300,58.8400,58.8300,58.8400,11100
1470771896,58.8300,58.8300,58.8300,58.8300,5400
1470771948,58.8300,58.8400,58.8300,58.8300,8600
1470772011,58.8500,58.8500,58.8400,58.8400,16800
1470772072,58.8358,58.8500,58.8358,58.8500,13700
1470772083,58.8300,58.8390,58.8300,58.8390,6700
1470772190,58.8500,58.8500,58.8350,58.8350,10800
1470772200,58.8500,58.8500,58.8400,58.8400,15900
1470772319,58.8600,58.8600,58.8450,58.8500,18800
1470772378,58.8500,58.8600,58.8500,58.8600,33900
1470772387,58.8500,58.8500,58.8492,58.8500,14400
1470772441,58.8600,58.8600,58.8470,58.8500,11400
1470772557,58.8400,58.8600,58.8300,58.8600,23400
1470772570,58.8500,58.8500,58.8400,58.8400,14800
1470772678,58.8500,58.8500,58.8400,58.8500,50400
1470772739,58.8450,58.8550,58.8400,58.8400,78800
1470772740,58.8500,58.8500,58.8500,58.8500,1118300
1470772800,58.8600,58.8600,58.8600,58.8600,0
