uri:/instrument/1.0/SPY/chartdata;type=quote;range=1d/csv
ticker:spy
Company-Name:SPDR S&P 500
Exchange-Name:PCX
unit:MIN
timezone:EDT
currency:USD
gmtoffset:-14400
previous_close:218.6500
Timestamp:1471008600,1471032000
labels:1471010400,1471014000,1471017600,1471021200,1471024800,1471028400,1471032000
values:Timestamp,close,high,low,open,volume
close:218.0092,218.6900
high:218.0300,218.7100
low:217.9900,218.6700
open:218.0100,218.6900
volume:0,73994496
1471008659,218.1110,218.3200,218.1110,218.3200,73994496
1471008662,218.1750,218.2100,218.1200,218.1700,260100
1471008779,218.2350,218.2500,218.1800,218.1800,133700
1471008839,218.3300,218.3400,218.2100,218.2450,223700
1471008899,218.3900,218.4300,218.2800,218.3400,229500
1471008959,218.3400,218.4600,218.3300,218.3950,176800
1471009019,218.2000,218.3400,218.2000,218.3400,171300
1471009079,218.2500,218.2900,218.2000,218.2100,333800
1471009139,218.2200,218.2700,218.1700,218.2550,89100
1471009199,218.1900,218.2250,218.1570,218.2200,70800
1471009259,218.2000,218.2500,218.1800,218.1900,123900
1471009260,218.3200,218.3600,218.1800,218.2000,219300
1471009379,218.2200,218.3200,218.1800,218.3200,0
1471009439,218.3100,218.3200,218.2000,218.2100,98100
1471009440,218.3700,218.3900,218.3100,218.3100,115400
1471009500,218.3500,218.3900,218.3200,218.3700,132600
1471009560,218.3600,218.3850,218.2700,218.3450,113600
1471009679,218.3000,218.3700,218.3000,218.3600,117800
1471009680,218.3400,218.3400,218.2700,218.3050,136500
1471009740,218.3400,218.3500,218.2900,218.3399,114200
1471009800,218.2700,218.3500,218.2500,218.3499,286000
1471009861,218.3200,218.3390,218.2700,218.2760,101300
1471009920,218.3900,218.4180,218.3200,218.3200,124500
1471010038,218.3350,218.3900,218.3233,218.3800,118000
1471010099,218.3100,218.3700,218.3000,218.3300,136200
1471010100,218.3680,218.3700,218.3100,218.3100,89300
1471010160,218.3600,218.3800,218.3400,218.3700,111000
1471010220,218.3800,218.4000,218.3600,218.3700,87100
1471010280,218.3800,218.3950,218.3410,218.3800,98200
1471010341,218.3750,218.4100,218.3600,218.3700,92200
1471010459,218.3600,218.3950,218.3500,218.3800,191200
1471010518,218.4167,218.4700,218.3600,218.3600,128800
1471010520,218.4500,218.4600,218.4000,218.4200,126900
1471010580,218.4500,218.5300,218.4400,218.4400,137700
1471010644,218.4750,218.4800,218.4400,218.4400,1393100
1471010759,218.2900,218.4700,218.2850,218.4700,221400
1471010760,218.4150,218.4300,218.2700,218.2900,208200
1471010820,218.3900,218.4300,218.3900,218.4100,72200
1471010939,218.4150,218.4400,218.3700,218.3900,73100
1471010940,218.3800,218.4500,218.3750,218.4200,89500
1471011058,218.4100,218.4700,218.3700,218.3800,232500
1471011118,218.3900,218.4400,218.3600,218.4200,124900
1471011179,218.3800,218.4100,218.3400,218.3800,109700
1471011239,218.4500,218.4700,218.3800,218.3800,82900
1471011299,218.4900,218.5200,218.4500,218.4600,121100
1471011300,218.4999,218.5000,218.4700,218.4992,125600
1471011419,218.5100,218.5200,218.4900,218.5000,94500
1471011420,218.4735,218.5200,218.4700,218.5100,91400
1471011481,218.4800,218.4900,218.4400,218.4750,71700
1471011543,218.4450,218.4900,218.4300,218.4800,78400
1471011659,218.3950,218.4400,218.3400,218.4400,110300
1471011719,218.4300,218.4500,218.3900,218.3990,59100
1471011776,218.5100,218.5400,218.4300,218.4300,99700
1471011839,218.4950,218.5200,218.4900,218.5000,52000
1471011897,218.5000,218.5100,218.4700,218.5000,64100
1471011900,218.5466,218.5500,218.4800,218.4900,55300
1471011961,218.4700,218.5490,218.4700,218.5400,103400
1471012020,218.4100,218.4701,218.3900,218.4700,116800
1471012139,218.4100,218.4450,218.4100,218.4100,72600
1471012199,218.4200,218.4400,218.4000,218.4100,40500
1471012200,218.4300,218.4600,218.4000,218.4189,92200
1471012261,218.4350,218.4500,218.4200,218.4200,25100
1471012377,218.4735,218.4800,218.4270,218.4301,63200
1471012439,218.4762,218.5000,218.4500,218.4700,65100
1471012499,218.4001,218.4750,218.3900,218.4700,92400
1471012500,218.4140,218.4400,218.3900,218.4000,99100
1471012619,218.4450,218.4500,218.4100,218.4200,65900
1471012621,218.4500,218.4500,218.4325,218.4450,31400
1471012681,218.4699,218.4700,218.4400,218.4500,50700
1471012799,218.4600,218.4900,218.4500,218.4690,64700
1471012800,218.4100,218.4650,218.4100,218.4600,66000
1471012861,218.4200,218.4600,218.4097,218.4200,67800
1471012979,218.4100,218.4300,218.4100,218.4200,28700
1471013038,218.4400,218.4500,218.4200,218.4200,128700
1471013099,218.4500,218.4600,218.4100,218.4400,31200
1471013159,218.4800,218.4800,218.4400,218.4500,53300
1471013219,218.5100,218.5250,218.4700,218.4700,72000
1471013279,218.5400,218.5600,218.5000,218.5144,217800
1471013338,218.5500,218.5600,218.5400,218.5500,52400
1471013399,218.5300,218.5600,218.5200,218.5500,39500
1471013400,218.5200,218.5400,218.5000,218.5350,29100
1471013460,218.5700,218.5900,218.5250,218.5250,71200
1471013579,218.6100,218.6300,218.5800,218.5800,91000
1471013580,218.5800,218.6200,218.5500,218.6160,59500
1471013699,218.6100,218.6290,218.5750,218.5800,55700
1471013700,218.6734,218.6800,218.6100,218.6150,71300
1471013760,218.6200,218.6800,218.6200,218.6700,74900
1471013879,218.6600,218.6600,218.6200,218.6200,37700
1471013880,218.6000,218.6550,218.6000,218.6500,47900
1471013999,218.6100,218.6300,218.6000,218.6000,44000
1471014057,218.6499,218.6500,218.6100,218.6150,53800
1471014060,218.6450,218.6650,218.6400,218.6450,65100
1471014120,218.6800,218.6800,218.6499,218.6500,45000
1471014239,218.6750,218.6900,218.6700,218.6790,82300
1471014242,218.6450,218.6800,218.6300,218.6700,175700
1471014300,218.6213,218.6550,218.6100,218.6499,39000
1471014360,218.6500,218.6600,218.6300,218.6300,41100
1471014421,218.6300,218.6600,218.6300,218.6550,45500
1471014538,218.6400,218.6550,218.6300,218.6350,65900
1471014540,218.6300,218.6500,218.6200,218.6450,67900
1471014600,218.5900,218.6400,218.5900,218.6200,50400
1471014719,218.6280,218.6300,218.5900,218.5950,36100
1471014720,218.5700,218.6300,218.5700,218.6300,42900
1471014838,218.6100,218.6100,218.5600,218.5700,54700
1471014840,218.5900,218.6100,218.5900,218.6070,21500
1471014900,218.6301,218.6400,218.5900,218.5900,62300
1471015019,218.6150,218.6600,218.6150,218.6400,64300
1471015020,218.6300,218.6400,218.6200,218.6200,41500
1471015139,218.6000,218.6400,218.5900,218.6400,227200
1471015199,218.6100,218.6300,218.5965,218.5965,23000
1471015203,218.6150,218.6400,218.6100,218.6200,35300
1471015261,218.6400,218.6500,218.6100,218.6200,27300
1471015379,218.6650,218.6700,218.6400,218.6430,31400
1471015380,218.6900,218.6900,218.6600,218.6600,92600
1471015499,218.6500,218.7000,218.6500,218.6900,57400
1471015559,218.6800,218.6800,218.6300,218.6599,43300
1471015560,218.6401,218.6800,218.6300,218.6700,88100
1471015621,218.6400,218.6500,218.6400,218.6400,19100
1471015737,218.6700,218.6900,218.6400,218.6490,1054200
1471015740,218.6890,218.6890,218.6600,218.6600,24100
1471015859,218.6600,218.7100,218.6500,218.6893,85100
1471015919,218.6400,218.6800,218.6400,218.6550,32300
1471015920,218.6362,218.6600,218.6100,218.6500,53400
1471016039,218.6500,218.6500,218.6299,218.6400,22000
1471016099,218.6300,218.6700,218.6250,218.6500,43200
1471016158,218.6101,218.6400,218.5900,218.6290,100300
1471016160,218.6200,218.6300,218.6100,218.6150,34800
1471016277,218.6100,218.6300,218.6100,218.6166,27300
1471016282,218.5901,218.6200,218.5900,218.6100,27300
1471016341,218.5610,218.6000,218.5500,218.5900,56100
1471016401,218.5500,218.5700,218.5450,218.5650,57700
1471016519,218.5250,218.5500,218.5250,218.5500,80100
1471016579,218.4601,218.5250,218.4600,218.5250,115000
1471016639,218.4690,218.4900,218.4600,218.4600,63200
1471016699,218.5100,218.5150,218.4700,218.4700,58300
1471016758,218.5150,218.5200,218.4900,218.5200,37100
1471016819,218.5200,218.5250,218.5000,218.5200,69200
1471016820,218.5100,218.5250,218.4900,218.5200,23200
1471016880,218.5165,218.5200,218.5000,218.5000,15900
1471016997,218.5000,218.5150,218.4900,218.5101,39900
1471017058,218.5100,218.5100,218.4900,218.5000,15100
1471017060,218.4945,218.5100,218.4900,218.5060,23700
1471017179,218.5000,218.5100,218.4900,218.5000,22900
1471017180,218.4900,218.5050,218.4800,218.5000,65900
1471017240,218.4200,218.5000,218.4100,218.4900,143700
1471017357,218.4500,218.4700,218.4100,218.4200,52600
1471017360,218.4300,218.4600,218.4300,218.4500,37100
1471017421,218.4410,218.4600,218.4400,218.4400,35600
1471017538,218.4550,218.4600,218.4400,218.4500,21900
1471017599,218.4900,218.4942,218.4500,218.4600,37000
1471017600,218.4800,218.4900,218.4600,218.4850,47500
1471017661,218.4650,218.4800,218.4600,218.4700,31300
1471017725,218.5200,218.5200,218.4501,218.4636,120700
1471017781,218.5100,218.5300,218.4900,218.5300,32200
1471017841,218.4700,218.5100,218.4700,218.5100,58300
1471017956,218.4310,218.4800,218.4310,218.4750,15100
1471017960,218.3200,218.4500,218.3100,218.4400,112500
1471018079,218.3500,218.3600,218.3100,218.3200,91000
1471018137,218.3500,218.3600,218.3400,218.3400,21300
1471018199,218.3700,218.3700,218.3500,218.3589,44200
1471018258,218.3600,218.3750,218.3300,218.3650,65900
1471018260,218.3850,218.3900,218.3500,218.3590,36800
1471018379,218.3700,218.4100,218.3700,218.3900,42400
1471018439,218.3500,218.3800,218.3500,218.3700,30800
1471018440,218.3680,218.3700,218.3500,218.3500,47100
1471018559,218.3300,218.3700,218.3200,218.3700,46800
1471018560,218.3350,218.3400,218.3300,218.3300,27900
1471018679,218.2900,218.3300,218.2870,218.3300,46400
1471018680,218.2892,218.3000,218.2400,218.2892,104300
1471018743,218.2800,218.3200,218.2800,218.3000,43900
1471018857,218.2900,218.2936,218.2700,218.2800,29900
1471018919,218.3350,218.3350,218.2900,218.2950,42000
1471018920,218.3400,218.3400,218.3100,218.3350,36500
1471019039,218.3500,218.3600,218.3100,218.3300,63300
1471019097,218.3300,218.3450,218.3100,218.3401,50200
1471019158,218.3350,218.3500,218.3200,218.3400,59000
1471019218,218.4000,218.4100,218.3200,218.3300,121700
1471019220,218.3900,218.4050,218.3800,218.3900,50300
1471019339,218.3400,218.3800,218.3400,218.3800,22600
1471019340,218.3400,218.3600,218.2900,218.3400,47000
1471019459,218.3200,218.3400,218.3110,218.3350,34700
1471019519,218.3450,218.3500,218.3200,218.3200,31800
1471019579,218.3400,218.3450,218.3200,218.3400,21900
1471019580,218.3500,218.3500,218.3370,218.3370,15900
1471019640,218.3700,218.3700,218.3400,218.3437,28400
1471019712,218.3600,218.3800,218.3600,218.3700,26500
1471019764,218.3800,218.3900,218.3500,218.3600,43300
1471019878,218.4300,218.4400,218.3800,218.3800,126900
1471019881,218.4100,218.4399,218.3900,218.4399,66100
1471019946,218.4000,218.4100,218.3900,218.4100,12800
1471020000,218.4300,218.4500,218.4000,218.4070,68200
1471020071,218.4200,218.4300,218.4200,218.4300,19300
1471020179,218.4000,218.4300,218.4000,218.4200,28300
1471020180,218.3800,218.4100,218.3700,218.4000,34100
1471020240,218.4100,218.4100,218.3800,218.3900,32000
1471020356,218.3850,218.4200,218.3800,218.4092,47600
1471020360,218.3750,218.3900,218.3650,218.3850,21600
1471020420,218.3900,218.4000,218.3700,218.3750,39100
1471020538,218.3850,218.4150,218.3800,218.3900,43500
1471020540,218.3600,218.3950,218.3600,218.3850,30300
1471020659,218.3300,218.3700,218.3300,218.3600,69500
1471020660,218.3775,218.3790,218.3350,218.3400,43700
1471020721,218.3400,218.3760,218.3350,218.3700,17500
1471020838,218.3001,218.3500,218.2950,218.3390,130800
1471020899,218.3075,218.3300,218.2950,218.3050,80100
1471020958,218.2999,218.3300,218.2900,218.3000,33400
1471021018,218.3192,218.3200,218.2800,218.2900,35100
1471021079,218.3400,218.3500,218.3158,218.3190,34900
1471021083,218.3050,218.3400,218.3000,218.3340,37500
1471021141,218.2850,218.3000,218.2800,218.3000,20300
1471021259,218.2400,218.2852,218.2300,218.2800,57100
1471021261,218.2699,218.2700,218.2300,218.2400,90500
1471021322,218.2200,218.2700,218.2200,218.2690,24400
1471021380,218.2100,218.2400,218.1900,218.2200,128700
1471021443,218.1500,218.2200,218.1500,218.2000,66600
1471021500,218.0092,218.1500,218.0000,218.1500,165300
1471021619,218.0300,218.0300,217.9900,218.0100,123400
1471021679,218.0500,218.0625,218.0388,218.0388,73500
1471021680,218.0500,218.0650,218.0400,218.0500,80200
1471021799,218.0700,218.0800,218.0499,218.0500,31200
1471021851,218.0769,218.0900,218.0500,218.0800,81200
1471021919,218.1100,218.1100,218.0700,218.0700,48000
1471021920,218.1460,218.1700,218.1000,218.1100,101200
1471021981,218.1485,218.1600,218.1300,218.1500,35200
1471022097,218.1700,218.1700,218.1450,218.1450,77500
1471022154,218.1700,218.1900,218.1501,218.1750,42400
1471022162,218.1700,218.1700,218.1500,218.1700,19800
1471022221,218.1300,218.1700,218.1300,218.1700,90400
1471022280,218.1689,218.1800,218.1300,218.1400,38800
1471022340,218.1700,218.1800,218.1464,218.1600,22900
1471022400,218.1800,218.2000,218.1700,218.1800,42600
1471022515,218.1900,218.1950,218.1600,218.1900,38200
1471022520,218.1800,218.1950,218.1700,218.1900,31400
1471022582,218.1600,218.1900,218.1500,218.1850,39900
1471022696,218.1400,218.1699,218.1400,218.1699,15000
1471022758,218.1850,218.1900,218.1300,218.1400,65200
1471022819,218.2050,218.2200,218.1800,218.1900,43200
1471022877,218.1950,218.2100,218.1800,218.2000,53100
1471022939,218.2300,218.2400,218.1900,218.2000,49000
1471022940,218.2300,218.2400,218.2100,218.2300,45000
1471023000,218.1990,218.2300,218.1990,218.2250,37400
1471023119,218.1900,218.2100,218.1900,218.1900,19800
1471023120,218.2189,218.2200,218.1900,218.1900,20000
1471023182,218.1900,218.2200,218.1800,218.2100,37500
1471023250,218.2100,218.2150,218.1920,218.1920,50800
1471023307,218.2000,218.2200,218.2000,218.2100,5900
1471023416,218.1700,218.2050,218.1700,218.2000,27900
1471023423,218.1800,218.1800,218.1700,218.1700,25200
1471023480,218.1700,218.2000,218.1700,218.1750,20400
1471023599,218.1800,218.1800,218.1700,218.1700,16400
1471023607,218.1900,218.2189,218.1900,218.1900,22100
1471023717,218.2201,218.2300,218.1900,218.1900,28800
1471023779,218.2250,218.2290,218.2100,218.2290,23100
1471023839,218.1900,218.2250,218.1900,218.2250,39800
1471023840,218.2100,218.2100,218.1900,218.1900,26700
1471023957,218.1992,218.2200,218.1900,218.2200,19400
1471024018,218.1800,218.1999,218.1710,218.1950,531800
1471024020,218.1900,218.1900,218.1500,218.1700,62400
1471024139,218.1673,218.1900,218.1500,218.1900,47900
1471024140,218.1200,218.1650,218.1100,218.1650,57200
1471024257,218.1000,218.1250,218.1000,218.1250,46700
1471024261,218.1150,218.1275,218.1100,218.1100,17100
1471024323,218.1800,218.1800,218.1100,218.1100,18100
1471024437,218.2000,218.2100,218.1700,218.1900,77400
1471024440,218.1600,218.2100,218.1600,218.2000,61800
1471024517,218.1700,218.1700,218.1500,218.1667,27500
1471024560,218.1900,218.2000,218.1650,218.1800,9400
1471024626,218.1700,218.2000,218.1500,218.1950,95200
1471024738,218.1400,218.1650,218.1200,218.1600,36500
1471024799,218.1300,218.1400,218.1300,218.1300,29000
1471024859,218.1300,218.1300,218.1000,218.1300,34100
1471024860,218.1200,218.1300,218.1100,218.1300,41200
1471024920,218.1400,218.1500,218.1100,218.1200,39000
1471024981,218.1100,218.1450,218.1000,218.1450,25600
1471025041,218.0900,218.1200,218.0900,218.1010,19000
1471025100,218.1000,218.1150,218.0800,218.0900,28000
1471025217,218.1250,218.1300,218.0900,218.1000,49200
1471025220,218.2200,218.2300,218.1200,218.1300,185500
1471025339,218.2200,218.2400,218.2189,218.2262,45600
1471025399,218.2100,218.2150,218.1800,218.2100,61100
1471025459,218.2400,218.2500,218.2000,218.2100,48100
1471025519,218.2200,218.2450,218.2100,218.2436,51500
1471025578,218.2000,218.2200,218.1700,218.2200,57000
1471025580,218.2499,218.2499,218.1901,218.1950,28900
1471025699,218.2700,218.2800,218.2400,218.2500,70200
1471025758,218.2800,218.2800,218.2600,218.2700,41100
1471025760,218.2550,218.2800,218.2500,218.2800,102500
1471025878,218.2700,218.2700,218.2200,218.2500,34700
1471025938,218.2750,218.2800,218.2600,218.2600,30900
1471025941,218.2250,218.2750,218.2200,218.2750,63700
1471026059,218.2400,218.2600,218.2100,218.2200,58500
1471026118,218.2370,218.2600,218.2300,218.2450,21000
1471026120,218.2442,218.2500,218.2300,218.2400,16800
1471026239,218.2400,218.2499,218.2100,218.2450,49900
1471026299,218.2699,218.2800,218.2400,218.2400,55800
1471026300,218.2600,218.3000,218.2600,218.2650,50500
1471026419,218.2400,218.2700,218.2200,218.2600,26000
1471026479,218.2620,218.2800,218.2200,218.2350,44100
1471026538,218.2450,218.2900,218.2400,218.2700,32300
1471026599,218.2500,218.2700,218.2450,218.2450,29000
1471026600,218.2700,218.2700,218.2300,218.2450,54800
1471026719,218.2450,218.2700,218.2400,218.2700,42300
1471026779,218.2500,218.2500,218.2300,218.2461,25200
1471026839,218.2700,218.2800,218.2400,218.2436,16800
1471026840,218.2690,218.2750,218.2600,218.2650,13200
1471026900,218.2500,218.2700,218.2400,218.2700,26200
1471026962,218.2700,218.2750,218.2400,218.2500,25200
1471027079,218.2500,218.2800,218.2450,218.2650,56900
1471027080,218.2700,218.2700,218.2500,218.2500,16000
1471027199,218.2800,218.2900,218.2700,218.2800,22400
1471027259,218.2600,218.2800,218.2500,218.2799,34500
1471027319,218.2500,218.2600,218.2400,218.2600,22900
1471027379,218.3000,218.3000,218.2500,218.2500,73700
1471027380,218.3300,218.3500,218.3000,218.3000,103500
1471027499,218.3300,218.3400,218.3200,218.3300,6661000
1471027559,218.3500,218.3500,218.3200,218.3300,46200
1471027560,218.3750,218.3800,218.3400,218.3500,70700
1471027679,218.3800,218.3900,218.3600,218.3750,71400
1471027739,218.3800,218.3900,218.3700,218.3800,32100
1471027799,218.3700,218.3800,218.3650,218.3750,20100
1471027859,218.3600,218.3800,218.3600,218.3800,50300
1471027919,218.3650,218.3700,218.3500,218.3700,36600
1471027979,218.3600,218.3700,218.3500,218.3650,172200
1471028039,218.3600,218.3700,218.3500,218.3600,31900
1471028099,218.3100,218.3600,218.3000,218.3600,46700
1471028159,218.3150,218.3300,218.2900,218.3000,47600
1471028219,218.2850,218.3193,218.2800,218.3150,24300
1471028278,218.3000,218.3000,218.2800,218.2850,46700
1471028337,218.3100,218.3182,218.2950,218.3010,18200
1471028399,218.3100,218.3400,218.3025,218.3200,39100
1471028400,218.3250,218.3400,218.3000,218.3199,50200
1471028519,218.3500,218.3500,218.3200,218.3300,66300
1471028520,218.3550,218.3600,218.3450,218.3500,30400
1471028583,218.3550,218.3600,218.3300,218.3500,36200
1471028641,218.3300,218.3600,218.3300,218.3500,63200
1471028700,218.3400,218.3400,218.3100,218.3300,49400
1471028760,218.3400,218.3400,218.3300,218.3350,11600
1471028822,218.3100,218.3500,218.2900,218.3400,48200
1471028880,218.3200,218.3400,218.3000,218.3100,20100
1471028995,218.3400,218.3600,218.3200,218.3200,90600
1471029059,218.3400,218.3600,218.3333,218.3400,30400
1471029119,218.2900,218.3500,218.2700,218.3400,90700
1471029120,218.3199,218.3200,218.2800,218.2800,123000
1471029235,218.3200,218.3300,218.3000,218.3200,98400
1471029241,218.3300,218.3500,218.3200,218.3250,59900
1471029300,218.3150,218.3300,218.3000,218.3300,83200
1471029419,218.2950,218.3092,218.2700,218.3090,62900
1471029422,218.2900,218.3100,218.2800,218.3000,44900
1471029537,218.3200,218.3200,218.2800,218.2900,54100
1471029599,218.2900,218.3400,218.2900,218.3100,42100
1471029600,218.2850,218.3000,218.2800,218.3000,14100
1471029660,218.2850,218.2900,218.2800,218.2850,8300
1471029721,218.2808,218.2900,218.2800,218.2850,23000
1471029835,218.3050,218.3100,218.2700,218.2800,74900
1471029899,218.3000,218.3200,218.3000,218.3100,40500
1471029900,218.3170,218.3300,218.3000,218.3050,30100
1471030019,218.3497,218.3500,218.3100,218.3100,59200
1471030079,218.3600,218.3600,218.3400,218.3450,40500
1471030080,218.3400,218.3700,218.3400,218.3600,103800
1471030199,218.3750,218.3800,218.3400,218.3500,43900
1471030259,218.3808,218.3900,218.3600,218.3750,92400
1471030318,218.3300,218.3650,218.3300,218.3650,49400
1471030379,218.4050,218.4100,218.3300,218.3300,234200
1471030380,218.4450,218.4600,218.3950,218.4100,306700
1471030499,218.4600,218.4600,218.4400,218.4500,99800
1471030500,218.4600,218.4700,218.4400,218.4500,156300
1471030619,218.5200,218.5300,218.4650,218.4665,343000
1471030620,218.4970,218.5200,218.4800,218.5200,125500
1471030739,218.4950,218.5000,218.4800,218.4900,60100
1471030799,218.4900,218.5100,218.4800,218.4900,93700
1471030859,218.5450,218.5492,218.4900,218.4900,96400
1471030918,218.5200,218.5500,218.5100,218.5450,119900
1471030979,218.5300,218.5400,218.5025,218.5100,52500
1471031039,218.5600,218.5700,218.5200,218.5300,103900
1471031040,218.5550,218.5600,218.5200,218.5600,73700
1471031159,218.5000,218.5600,218.5000,218.5500,150900
1471031219,218.5000,218.5300,218.4800,218.5000,158000
1471031279,218.4950,218.5200,218.4700,218.5000,144700
1471031339,218.4950,218.5000,218.4700,218.4950,258700
1471031340,218.5000,218.5200,218.4900,218.4900,285500
1471031400,218.4900,218.5200,218.4700,218.5000,169300
1471031519,218.5000,218.5100,218.4700,218.4850,228800
1471031520,218.5000,218.5100,218.4900,218.5100,150500
1471031639,218.4750,218.5025,218.4600,218.5000,171200
1471031699,218.4700,218.4800,218.4400,218.4800,207000
1471031759,218.4800,218.4900,218.4400,218.4700,291200
1471031819,218.4450,218.5000,218.4400,218.4800,215100
1471031879,218.4698,218.4700,218.4300,218.4400,284600
1471031939,218.4900,218.4900,218.4600,218.4600,367800
1471031941,218.4500,218.5100,218.4200,218.4800,695700
1471032000,218.4600,218.4600,218.4600,218.4600,700
