uri:/instrument/1.0/VIA/chartdata;type=quote;range=1d/csv
ticker:via
Company-Name:Viacom Inc.
Exchange-Name:NMS
unit:MIN
timezone:EDT
currency:USD
gmtoffset:-14400
previous_close:47.0700
Timestamp:1470835800,1470859200
labels:1470837600,1470841200,1470844800,1470848400,1470852000,1470855600,1470859200
values:Timestamp,close,high,low,open,volume
close:46.3000,47.3200
high:46.3300,47.3548
low:46.3000,47.3200
open:46.3300,47.3548
volume:0,6600
1470835800,47.1200,47.1200,47.1200,47.1200,900
1470836015,47.1200,47.1200,47.1200,47.1200,100
1470836561,46.8800,46.8800,46.8800,46.8800,600
1470836728,46.7500,46.7500,46.7500,46.7500,100
1470836927,46.7001,46.7001,46.7001,46.7001,200
1470837049,46.7001,46.7001,46.7001,46.7001,200
1470837118,46.6900,46.6900,46.6900,46.6900,100
1470837301,46.7100,46.7100,46.6800,46.6800,200
1470837367,46.6705,46.6705,46.6350,46.6350,600
1470837430,46.8020,46.8020,46.8020,46.8020,300
1470837553,46.7700,46.7700,46.7700,46.7700,200
1470837840,46.8200,46.8400,46.8200,46.8400,200
1470838017,46.8500,46.8500,46.8500,46.8500,100
1470838140,47.0736,47.0736,46.9701,46.9701,400
1470838538,47.0700,47.0700,47.0700,47.0700,100
1470838936,47.2600,47.2600,47.2600,47.2600,100
1470839037,47.2900,47.2900,47.2900,47.2900,700
1470839531,47.2800,47.3100,47.2800,47.3100,300
1470839713,47.3200,47.3200,47.3200,47.3200,100
1470839946,47.2956,47.3548,47.2700,47.3548,1100
1470841013,47.2600,47.2600,47.2600,47.2600,300
1470841460,47.3000,47.3000,47.3000,47.3000,200
1470841567,47.2600,47.2600,47.2600,47.2600,200
1470841787,47.3000,47.3000,47.3000,47.3000,100
1470841830,47.2200,47.2500,47.2200,47.2500,800
1470843258,46.9100,46.9100,46.9100,46.9100,100
1470843546,46.9596,46.9596,46.9596,46.9596,400
1470843637,46.9910,46.9910,46.9910,46.9910,500
1470844448,47.0200,47.0200,47.0200,47.0200,400
1470845371,47.0700,47.0700,47.0700,47.0700,100
1470845425,47.0700,47.0800,47.0700,47.0800,1200
1470849167,46.9600,46.9600,46.9600,46.9600,200
1470850083,46.9600,46.9600,46.9600,46.9600,600
1470851782,46.8300,46.8300,46.8300,46.8300,200
1470852561,46.8700,46.8700,46.8700,46.8700,200
1470853199,46.7700,46.7700,46.7700,46.7700,300
1470853631,46.7200,46.7200,46.7100,46.7100,300
1470853729,46.6600,46.7617,46.6600,46.7617,1200
1470853827,46.6900,46.6900,46.6900,46.6900,300
1470854065,46.6200,46.6200,46.6200,46.6200,400
1470854482,46.6200,46.6200,46.6200,46.6200,100
1470854838,46.6200,46.6200,46.6200,46.6200,200
1470854886,46.6200,46.6200,46.6200,46.6200,500
1470855243,46.6490,46.6490,46.6490,46.6490,200
1470855443,46.5500,46.5500,46.5500,46.5500,200
1470855633,46.5650,46.5700,46.5400,46.5400,400
1470855695,46.5300,46.5300,46.5300,46.5300,200
1470856079,46.5541,46.5541,46.5541,46.5541,200
1470856178,46.5000,46.5000,46.5000,46.5000,900
1470856871,46.5400,46.5500,46.5400,46.5500,200
1470857069,46.5000,46.5400,46.5000,46.5400,600
1470857240,46.4800,46.4800,46.4800,46.4800,100
1470857339,46.4700,46.4700,46.4700,46.4700,400
1470857594,46.4800,46.4800,46.4800,46.4800,100
1470857741,46.4300,46.4500,46.4300,46.4500,800
1470857856,46.4200,46.4200,46.4200,46.4200,200
1470857910,46.4001,46.4001,46.4001,46.4001,100
1470858022,46.5000,46.5000,46.4500,46.4500,1000
1470858196,46.4500,46.4900,46.4500,46.4900,400
1470858279,46.3900,46.3900,46.3900,46.3900,100
1470858412,46.4200,46.4200,46.4200,46.4200,900
1470858826,46.3000,46.3300,46.3000,46.3300,700
1470858870,46.3700,46.3700,46.3700,46.3700,100
1470858909,46.3600,46.3600,46.3600,46.3600,1900
1470859147,46.3700,46.4940,46.3700,46.4300,6600
1470859200,46.3700,46.3700,46.3700,46.3700,0
