uri:/instrument/1.0/VIA/chartdata;type=quote;range=1d/csv
ticker:via
Company-Name:Viacom Inc.
Exchange-Name:NMS
unit:MIN
timezone:EDT
currency:USD
gmtoffset:-14400
previous_close:47.7100
Timestamp:1471440600,1471464000
labels:1471442400,1471446000,1471449600,1471453200,1471456800,1471460400,1471464000
values:Timestamp,close,high,low,open,volume
close:47.8700,48.8400
high:47.8700,49.0200
low:47.8700,48.8400
open:47.8700,48.8850
volume:100,18000
1471440944,47.9700,47.9700,47.9700,47.9700,2300
1471441078,48.0800,48.1900,48.0800,48.0900,600
1471441109,47.9000,48.0800,47.9000,48.0800,500
1471441625,48.0500,48.0500,48.0500,48.0500,100
1471441738,48.2400,48.2400,48.2400,48.2400,300
1471441846,48.4000,48.4000,48.4000,48.4000,100
1471441940,48.4000,48.4000,48.4000,48.4000,300
1471442003,48.5500,48.5500,48.5500,48.5500,600
1471442080,48.6400,48.8000,48.6000,48.6200,2800
1471442159,48.8000,49.0200,48.6620,48.6620,13600
1471442163,48.5415,49.0025,48.4801,48.7900,18000
1471442228,48.6000,48.8850,48.5600,48.8850,3100
1471442326,48.5500,48.8050,48.5400,48.8050,4100
1471442342,48.6300,48.6600,48.5100,48.6100,2900
1471442450,48.3300,48.5950,48.2500,48.5700,5900
1471442466,48.2900,48.4000,48.2900,48.4000,400
1471442751,48.2800,48.2800,48.2800,48.2800,100
1471442885,48.0700,48.0800,48.0700,48.0800,200
1471442991,48.0700,48.0700,48.0700,48.0700,100
1471443066,48.1500,48.1500,48.0700,48.0700,400
1471443287,48.1890,48.1890,48.1890,48.1890,500
1471443315,48.1900,48.1900,48.1800,48.1800,300
1471443964,47.9900,47.9900,47.9900,47.9900,200
1471444131,47.9200,47.9500,47.9200,47.9500,500
1471444230,47.9700,47.9700,47.9700,47.9700,300
1471444507,48.0300,48.0300,48.0300,48.0300,100
1471444614,47.8700,47.8700,47.8700,47.8700,200
1471444621,47.8800,47.8800,47.8700,47.8700,200
1471444767,47.9500,47.9500,47.9500,47.9500,300
1471445099,48.0500,48.0500,47.9625,47.9700,4300
1471445159,48.2600,48.2600,48.0550,48.0700,4700
1471445218,48.3800,48.4100,48.2700,48.2700,3000
1471445226,48.4500,48.4500,48.3900,48.3900,2900
1471445348,48.3600,48.3600,48.3050,48.3050,500
1471445439,48.3400,48.3400,48.3300,48.3300,500
1471445470,48.2003,48.2900,48.2003,48.2900,600
1471445679,48.1200,48.1600,48.1200,48.1600,1100
1471445958,48.2100,48.2100,48.1700,48.1700,1400
1471446122,48.1700,48.2200,48.1700,48.2200,1300
1471446405,48.1900,48.1900,48.1900,48.1900,200
1471446656,48.1900,48.1900,48.1700,48.1900,1500
1471447079,48.2200,48.2200,48.2200,48.2200,200
1471447190,48.2400,48.2400,48.2300,48.2300,300
1471447465,48.1700,48.1700,48.1600,48.1600,700
1471447915,48.0700,48.0700,48.0700,48.0700,100
1471448126,48.0800,48.0800,48.0790,48.0790,400
1471449161,48.0200,48.0200,48.0200,48.0200,200
1471449758,47.9800,47.9800,47.9800,47.9800,200
1471450246,48.0150,48.0150,47.9800,47.9800,300
1471450414,47.9700,47.9800,47.9700,47.9800,200
1471450537,47.9701,47.9800,47.9701,47.9800,200
1471450633,47.9700,47.9700,47.9700,47.9700,300
1471450990,47.9500,47.9500,47.9500,47.9500,200
1471451062,48.0200,48.0200,48.0200,48.0200,500
1471451211,48.0094,48.0094,48.0094,48.0094,400
1471452135,47.9500,47.9500,47.9500,47.9500,100
1471452359,47.9600,47.9600,47.9600,47.9600,300
1471452429,48.0100,48.0100,48.0100,48.0100,100
1471452562,48.0600,48.0600,48.0600,48.0600,400
1471452846,48.0550,48.0550,48.0550,48.0550,100
1471452918,48.0599,48.0599,48.0599,48.0599,500
1471453967,48.0100,48.0100,48.0100,48.0100,400
1471454646,47.9400,47.9400,47.9400,47.9400,300
1471455312,47.9800,47.9800,47.9800,47.9800,400
1471455477,48.0200,48.0200,48.0200,48.0200,300
1471455968,47.9700,47.9700,47.9700,47.9700,100
1471456202,48.0000,48.0000,48.0000,48.0000,200
1471456820,47.9000,47.9000,47.9000,47.9000,600
1471456923,47.9400,47.9400,47.9400,47.9400,200
1471457246,48.0100,48.0100,48.0000,48.0000,800
1471457549,48.1000,48.1000,48.1000,48.1000,100
1471457761,48.1200,48.1200,48.1200,48.1200,800
1471458614,47.9600,47.9600,47.9600,47.9600,100
1471459388,48.3400,48.5400,48.1200,48.1200,2200
1471459493,48.3800,48.6800,48.3800,48.5700,900
1471459552,48.4300,48.4300,48.3200,48.3200,500
1471459618,48.5850,48.5850,48.5300,48.5300,300
1471459696,48.4100,48.5400,48.4100,48.5400,700
1471460124,48.3108,48.3108,48.3108,48.3108,400
1471460224,48.4100,48.4100,48.4100,48.4100,500
1471461018,48.5300,48.5300,48.5300,48.5300,100
1471461197,48.5546,48.6000,48.5546,48.6000,400
1471461457,48.5800,48.5800,48.5800,48.5800,100
1471461512,48.5300,48.5300,48.5300,48.5300,100
1471461735,48.5700,48.5700,48.5500,48.5500,300
1471461901,48.5844,48.5844,48.5700,48.5700,400
1471462711,48.6100,48.6100,48.5800,48.5800,1000
1471462904,48.6492,48.6500,48.6450,48.6499,600
1471463237,48.6060,48.6060,48.6060,48.6060,600
1471463373,48.7000,48.7000,48.7000,48.7000,100
1471463447,48.7278,48.7500,48.7278,48.7500,200
1471463463,48.7500,48.7500,48.7500,48.7500,400
1471463601,48.7700,48.7700,48.7000,48.7000,800
1471463761,48.7400,48.7400,48.7000,48.7400,900
1471463854,48.7900,48.7900,48.7900,48.7900,100
1471463930,48.8000,48.8000,48.7700,48.8000,1400
1471463965,48.8000,48.8000,48.7900,48.7900,300
1471464000,48.8400,48.8400,48.8400,48.8400,1200
