uri:/instrument/1.0/PGP/chartdata;type=quote;range=1d/csv
ticker:pgp
Company-Name:Pimco Global Stocksplus & Incom
Exchange-Name:NYQ
unit:MIN
timezone:EDT
currency:USD
gmtoffset:-14400
previous_close:20.4066
Timestamp:1470749400,1470772800
labels:1470751200,1470754800,1470758400,1470762000,1470765600,1470769200,1470772800
values:Timestamp,close,high,low,open,volume
close:20.2000,20.6901
high:20.2300,20.7500
low:20.1999,20.6901
open:20.2000,20.6901
volume:100,8800
1470749740,20.6100,20.6100,20.6100,20.6100,6500
1470749816,20.6901,20.7500,20.6901,20.6901,1700
1470749861,20.6700,20.6800,20.6700,20.6800,1000
1470749946,20.5500,20.5500,20.5500,20.5500,3200
1470750191,20.4600,20.4700,20.4600,20.4601,400
1470750279,20.4100,20.4500,20.4100,20.4500,1000
1470750341,20.4600,20.4600,20.4600,20.4600,1400
1470750415,20.3700,20.3700,20.3700,20.3700,100
1470750477,20.3610,20.3610,20.3610,20.3610,1600
1470750651,20.3500,20.3500,20.3500,20.3500,1100
1470750699,20.3000,20.3000,20.3000,20.3000,1000
1470750780,20.2000,20.2300,20.1999,20.2000,8800
1470752473,20.2900,20.2900,20.2900,20.2900,300
1470752537,20.3000,20.3000,20.3000,20.3000,300
1470752622,20.4700,20.4700,20.3600,20.3600,3700
1470752768,20.3640,20.3640,20.3640,20.3640,100
1470753969,20.3600,20.4934,20.3600,20.4200,2700
1470754050,20.4400,20.4400,20.3800,20.4100,700
1470754231,20.5400,20.5400,20.4900,20.5100,5200
1470754292,20.5000,20.5000,20.5000,20.5000,200
1470754773,20.3820,20.3820,20.3820,20.3820,700
1470754828,20.3610,20.3610,20.3610,20.3610,600
1470755362,20.5400,20.5490,20.5400,20.5490,3600
1470755931,20.5000,20.5700,20.5000,20.5400,1100
1470755991,20.5160,20.5160,20.5160,20.5160,200
1470756397,20.4001,20.4100,20.4001,20.4100,200
1470756464,20.4200,20.4200,20.4200,20.4200,100
1470756577,20.4180,20.4200,20.4180,20.4200,2800
1470757799,20.6200,20.6200,20.6200,20.6200,100
1470757818,20.6200,20.6400,20.6200,20.6400,500
1470757888,20.6200,20.6200,20.6200,20.6200,100
1470758002,20.6090,20.6090,20.6090,20.6090,500
1470758106,20.4800,20.4800,20.4800,20.4800,200
1470758175,20.3905,20.3905,20.3905,20.3905,800
1470758878,20.4590,20.4590,20.4590,20.4590,200
1470761515,20.4500,20.4500,20.4300,20.4300,1100
1470762051,20.4400,20.4400,20.4400,20.4400,300
1470762676,20.4400,20.4400,20.4400,20.4400,200
1470762949,20.5000,20.5000,20.4400,20.4400,700
1470763488,20.5000,20.5000,20.5000,20.5000,100
1470764654,20.4400,20.4400,20.4400,20.4400,600
1470765398,20.4224,20.4400,20.4224,20.4400,600
1470766325,20.4800,20.5000,20.4800,20.5000,200
1470768226,20.4201,20.4350,20.4200,20.4350,400
1470768626,20.4500,20.4500,20.4500,20.4500,200
1470768717,20.4500,20.4500,20.4500,20.4500,100
1470768761,20.5000,20.5000,20.4800,20.4800,900
1470768815,20.5300,20.5300,20.5000,20.5000,2200
1470771628,20.5000,20.5300,20.5000,20.5300,200
1470771888,20.5252,20.5252,20.5252,20.5252,300
1470772060,20.5252,20.5252,20.5252,20.5252,400
1470772253,20.5300,20.5300,20.5299,20.5300,2700
1470772310,20.5299,20.5300,20.5299,20.5300,400
1470772344,20.5300,20.5300,20.5300,20.5300,300
1470772417,20.5516,20.5516,20.5400,20.5400,1300
1470772800,20.5600,20.5600,20.5600,20.5600,400
