uri:/instrument/1.0/SNE/chartdata;type=quote;range=1d/csv
ticker:sne
Company-Name:Sony Corporation Common Stock
Exchange-Name:NYQ
unit:MIN
timezone:EDT
currency:USD
gmtoffset:-14400
previous_close:32.8200
Timestamp:1471267800,1471291200
labels:1471269600,1471273200,1471276800,1471280400,1471284000,1471287600,1471291200
values:Timestamp,close,high,low,open,volume
close:32.6600,32.8500
high:32.6600,32.8500
low:32.6600,32.8500
open:32.6600,32.8500
volume:100,69100
1471267881,32.7150,32.7150,32.7150,32.7150,25300
1471267989,32.6900,32.7126,32.6900,32.7126,3900
1471268150,32.7410,32.7410,32.7410,32.7410,3400
1471268219,32.7800,32.7900,32.7700,32.7700,1700
1471268274,32.7600,32.7900,32.7600,32.7800,3100
1471268339,32.6900,32.7500,32.6900,32.7500,3500
1471268405,32.7400,32.7400,32.7400,32.7400,4700
1471268504,32.7350,32.7400,32.7350,32.7400,300
1471268608,32.7300,32.7400,32.7300,32.7400,1900
1471268699,32.7500,32.7500,32.7400,32.7400,4800
1471268737,32.7800,32.7800,32.7500,32.7500,3300
1471268819,32.7400,32.7700,32.7400,32.7700,1500
1471268862,32.7350,32.7350,32.7350,32.7350,4100
1471268880,32.7500,32.7500,32.7350,32.7400,4200
1471268970,32.7700,32.7700,32.7700,32.7700,1500
1471269043,32.7550,32.7650,32.7500,32.7607,2200
1471269072,32.7400,32.7400,32.7400,32.7400,600
1471269136,32.7200,32.7300,32.7200,32.7300,1400
1471269237,32.6800,32.7100,32.6750,32.7100,8500
1471269249,32.6800,32.6900,32.6700,32.6850,4300
1471269357,32.6700,32.6700,32.6700,32.6700,800
1471269419,32.7200,32.7300,32.6750,32.6800,6300
1471269438,32.7000,32.7200,32.6950,32.7100,4000
1471269489,32.7000,32.7000,32.7000,32.7000,1900
1471269574,32.7300,32.7300,32.7200,32.7200,600
1471269601,32.7350,32.7350,32.7214,32.7214,1900
1471269732,32.7450,32.7500,32.7400,32.7400,1700
1471269832,32.7101,32.7400,32.7101,32.7400,5300
1471269856,32.6913,32.7100,32.6913,32.7100,1000
1471269941,32.7198,32.7198,32.6900,32.6900,4600
1471270126,32.6900,32.7100,32.6900,32.7100,1200
1471270196,32.7100,32.7100,32.6950,32.7000,1600
1471270212,32.7100,32.7100,32.7100,32.7100,400
1471270329,32.7150,32.7150,32.7100,32.7100,2400
1471270435,32.7100,32.7200,32.7100,32.7200,1400
1471270496,32.6900,32.7000,32.6850,32.7000,6100
1471270505,32.6700,32.6900,32.6700,32.6900,3000
1471270670,32.6800,32.6800,32.6700,32.6710,3200
1471270695,32.6710,32.6710,32.6710,32.6710,400
1471270769,32.6710,32.6710,32.6710,32.6710,400
1471270849,32.6700,32.6700,32.6700,32.6700,600
1471270874,32.6600,32.6600,32.6600,32.6600,200
1471270999,32.6800,32.6800,32.6600,32.6600,4500
1471271094,32.6700,32.7000,32.6700,32.7000,6200
1471271165,32.6800,32.6800,32.6800,32.6800,1200
1471271268,32.6735,32.6800,32.6735,32.6800,2100
1471271309,32.6700,32.6730,32.6700,32.6730,2700
1471271455,32.6801,32.6801,32.6801,32.6801,100
1471271483,32.6999,32.6999,32.6999,32.6999,800
1471271535,32.6927,32.6927,32.6927,32.6927,100
1471271581,32.7000,32.7000,32.6900,32.6900,4100
1471271665,32.7011,32.7011,32.7000,32.7000,200
1471271760,32.6900,32.6900,32.6900,32.6900,100
1471271869,32.6800,32.6850,32.6800,32.6850,1500
1471271899,32.7000,32.7011,32.6800,32.6800,3600
1471272114,32.7050,32.7050,32.7050,32.7050,100
1471272159,32.7200,32.7200,32.7200,32.7200,2300
1471272239,32.7200,32.7282,32.7200,32.7282,1300
1471272249,32.7200,32.7200,32.7200,32.7200,200
1471272310,32.7200,32.7250,32.7200,32.7250,3700
1471272377,32.7500,32.7500,32.7500,32.7500,3200
1471272424,32.7300,32.7400,32.7300,32.7400,900
1471272705,32.7300,32.7300,32.7300,32.7300,200
1471272734,32.7300,32.7300,32.7300,32.7300,200
1471272807,32.7200,32.7200,32.7200,32.7200,900
1471272899,32.7200,32.7250,32.7200,32.7201,400
1471272958,32.7400,32.7500,32.7250,32.7300,7500
1471272988,32.7400,32.7400,32.7400,32.7400,200
1471273043,32.7600,32.7600,32.7500,32.7500,1700
1471273119,32.7598,32.7598,32.7598,32.7598,100
1471273156,32.7500,32.7600,32.7500,32.7600,1800
1471273202,32.7600,32.7600,32.7600,32.7600,500
1471273265,32.7700,32.7700,32.7700,32.7700,400
1471273375,32.7700,32.7800,32.7700,32.7800,300
1471273467,32.7700,32.7700,32.7700,32.7700,600
1471273531,32.7650,32.7650,32.7650,32.7650,4000
1471273562,32.7500,32.7600,32.7500,32.7600,1400
1471273664,32.7700,32.7700,32.7600,32.7600,4900
1471273722,32.7800,32.7800,32.7800,32.7800,1500
1471273775,32.7700,32.7700,32.7700,32.7700,400
1471273816,32.7600,32.7600,32.7600,32.7600,200
1471273959,32.7700,32.7700,32.7700,32.7700,1100
1471274039,32.7800,32.7800,32.7700,32.7700,1100
1471274095,32.7850,32.7850,32.7850,32.7850,100
1471274159,32.7700,32.7850,32.7600,32.7850,30500
1471274168,32.7900,32.7900,32.7700,32.7700,14000
1471274247,32.7837,32.7900,32.7837,32.7900,400
1471274302,32.7800,32.7800,32.7800,32.7800,2000
1471274451,32.7900,32.7900,32.7750,32.7800,4700
1471274508,32.7950,32.7950,32.7850,32.7850,4100
1471274554,32.8050,32.8100,32.7950,32.7950,5100
1471274634,32.7900,32.8000,32.7900,32.8000,11800
1471274698,32.7865,32.7900,32.7865,32.7900,5500
1471274754,32.8050,32.8050,32.7900,32.7900,5200
1471274860,32.8100,32.8100,32.8100,32.8100,1800
1471274938,32.8150,32.8200,32.8116,32.8116,6400
1471274954,32.8100,32.8200,32.8100,32.8200,200
1471275061,32.8100,32.8200,32.8100,32.8200,400
1471275167,32.8100,32.8200,32.8100,32.8200,900
1471275233,32.8125,32.8125,32.8100,32.8100,900
1471275242,32.8200,32.8200,32.8100,32.8100,200
1471275394,32.8100,32.8100,32.8100,32.8100,100
1471275469,32.8175,32.8175,32.8100,32.8150,900
1471275521,32.8100,32.8200,32.8100,32.8200,4900
1471275543,32.8100,32.8100,32.8050,32.8050,3500
1471275670,32.8100,32.8200,32.8100,32.8200,1800
1471275742,32.8000,32.8100,32.8000,32.8100,600
1471275799,32.8000,32.8000,32.8000,32.8000,200
1471275848,32.8000,32.8000,32.8000,32.8000,2100
1471275935,32.8000,32.8000,32.8000,32.8000,200
1471276131,32.8000,32.8000,32.8000,32.8000,200
1471276186,32.7900,32.7900,32.7900,32.7900,800
1471276308,32.7901,32.7901,32.7900,32.7900,600
1471276477,32.7900,32.7950,32.7900,32.7950,500
1471276679,32.7950,32.7950,32.7950,32.7950,100
1471276703,32.7900,32.7971,32.7900,32.7971,300
1471276778,32.7900,32.7900,32.7900,32.7900,200
1471276915,32.8050,32.8100,32.7950,32.8000,5100
1471276979,32.8000,32.8100,32.8000,32.8100,3700
1471277015,32.8066,32.8066,32.8000,32.8000,500
1471277056,32.8100,32.8100,32.8050,32.8050,2000
1471277140,32.8100,32.8200,32.8100,32.8100,1600
1471277297,32.8200,32.8200,32.8100,32.8100,2800
1471277386,32.8000,32.8100,32.8000,32.8100,700
1471277439,32.8100,32.8100,32.8000,32.8000,900
1471277570,32.8250,32.8300,32.8200,32.8200,1500
1471277598,32.8200,32.8300,32.8200,32.8300,1000
1471277682,32.8200,32.8200,32.8200,32.8200,12500
1471277809,32.8100,32.8150,32.8100,32.8150,300
1471277853,32.8100,32.8200,32.8100,32.8200,500
1471277893,32.8250,32.8250,32.8200,32.8200,1900
1471277969,32.8250,32.8300,32.8250,32.8300,200
1471278112,32.8250,32.8250,32.8210,32.8210,600
1471278237,32.8250,32.8300,32.8250,32.8300,500
1471278257,32.8258,32.8258,32.8258,32.8258,100
1471278359,32.8300,32.8300,32.8300,32.8300,1400
1471278362,32.8300,32.8300,32.8250,32.8250,3200
1471278551,32.8300,32.8300,32.8300,32.8300,600
1471278695,32.8200,32.8200,32.8150,32.8200,4100
1471278722,32.8200,32.8200,32.8200,32.8200,1200
1471278836,32.8300,32.8300,32.8300,32.8300,600
1471278887,32.8200,32.8300,32.8200,32.8300,300
1471278950,32.8400,32.8400,32.8300,32.8300,600
1471278961,32.8363,32.8363,32.8363,32.8363,100
1471279196,32.8400,32.8500,32.8400,32.8400,2300
1471279256,32.8200,32.8300,32.8200,32.8300,600
1471279265,32.8200,32.8200,32.8100,32.8150,700
1471279386,32.8200,32.8200,32.8200,32.8200,100
1471279619,32.8239,32.8239,32.8239,32.8239,1200
1471279650,32.8200,32.8200,32.8200,32.8200,300
1471279680,32.8200,32.8200,32.8200,32.8200,300
1471279772,32.8100,32.8150,32.8100,32.8150,400
1471280039,32.8100,32.8100,32.8100,32.8100,700
1471280045,32.8100,32.8150,32.8100,32.8150,5300
1471280284,32.8200,32.8250,32.8100,32.8200,3100
1471280498,32.8300,32.8300,32.8300,32.8300,2500
1471280526,32.8300,32.8300,32.8300,32.8300,300
1471280997,32.8300,32.8300,32.8300,32.8300,700
1471281007,32.8200,32.8200,32.8150,32.8200,1900
1471281098,32.8200,32.8200,32.8200,32.8200,100
1471281243,32.8200,32.8200,32.8200,32.8200,400
1471281397,32.8300,32.8300,32.8300,32.8300,300
1471281470,32.8200,32.8200,32.8200,32.8200,100
1471281524,32.8200,32.8300,32.8200,32.8300,2400
1471281588,32.8200,32.8225,32.8200,32.8225,500
1471281754,32.8300,32.8300,32.8250,32.8300,1000
1471281802,32.8350,32.8350,32.8350,32.8350,100
1471281866,32.8400,32.8400,32.8400,32.8400,400
1471281921,32.8300,32.8400,32.8300,32.8400,300
1471282012,32.8400,32.8400,32.8400,32.8400,600
1471282077,32.8500,32.8500,32.8400,32.8400,600
1471282106,32.8400,32.8400,32.8400,32.8400,100
1471282188,32.8500,32.8500,32.8450,32.8500,2500
1471282200,32.8500,32.8500,32.8500,32.8500,300
1471282282,32.8500,32.8500,32.8500,32.8500,300
1471282387,32.8490,32.8500,32.8490,32.8500,900
1471282478,32.8300,32.8401,32.8300,32.8400,2600
1471282507,32.8300,32.8300,32.8300,32.8300,200
1471282674,32.8389,32.8389,32.8389,32.8389,100
1471282894,32.8350,32.8350,32.8300,32.8300,400
1471282954,32.8300,32.8363,32.8300,32.8363,1600
1471283026,32.8400,32.8500,32.8250,32.8300,2400
1471283088,32.8400,32.8400,32.8400,32.8400,500
1471283107,32.8400,32.8400,32.8400,32.8400,200
1471283184,32.8400,32.8450,32.8400,32.8450,700
1471283238,32.8400,32.8400,32.8400,32.8400,900
1471283380,32.8400,32.8400,32.8400,32.8400,100
1471283420,32.8450,32.8450,32.8450,32.8450,200
1471283465,32.8500,32.8500,32.8500,32.8500,100
1471283577,32.8500,32.8500,32.8500,32.8500,100
1471283605,32.8400,32.8400,32.8400,32.8400,200
1471283699,32.8300,32.8400,32.8300,32.8400,800
1471283744,32.8200,32.8300,32.8200,32.8300,2500
1471283765,32.8050,32.8100,32.8050,32.8100,2000
1471283843,32.8056,32.8056,32.8000,32.8000,600
1471283999,32.8000,32.8014,32.8000,32.8014,500
1471284044,32.8000,32.8000,32.8000,32.8000,200
1471284119,32.8000,32.8090,32.8000,32.8090,400
1471284179,32.8050,32.8050,32.8050,32.8050,200
1471284216,32.8100,32.8100,32.8000,32.8000,200
1471284241,32.8000,32.8010,32.8000,32.8010,1200
1471284312,32.7900,32.7900,32.7900,32.7900,200
1471284415,32.7900,32.7900,32.7900,32.7900,200
1471284502,32.8000,32.8000,32.7900,32.7924,8200
1471284603,32.7950,32.7950,32.7950,32.7950,500
1471284670,32.7929,32.8000,32.7900,32.8000,1200
1471284720,32.7900,32.7950,32.7900,32.7950,700
1471285043,32.7900,32.8000,32.7900,32.8000,700
1471285195,32.8000,32.8000,32.8000,32.8000,200
1471285313,32.7800,32.8000,32.7800,32.8000,2400
1471285343,32.7800,32.7800,32.7750,32.7800,1500
1471285441,32.7800,32.7900,32.7800,32.7820,9600
1471285550,32.7900,32.7900,32.7800,32.7800,200
1471285679,32.7800,32.7890,32.7800,32.7800,400
1471285719,32.7800,32.7800,32.7800,32.7800,200
1471285770,32.7800,32.7800,32.7800,32.7800,100
1471285827,32.7837,32.7837,32.7837,32.7837,300
1471285906,32.7880,32.7880,32.7880,32.7880,100
1471285938,32.7900,32.7900,32.7900,32.7900,1400
1471286033,32.7900,32.7900,32.7900,32.7900,1100
1471286054,32.7800,32.7900,32.7800,32.7900,69100
1471286217,32.8000,32.8000,32.7900,32.7900,1000
1471286272,32.7910,32.8000,32.7910,32.7939,500
1471286310,32.8000,32.8000,32.8000,32.8000,100
1471286347,32.8000,32.8050,32.7900,32.7990,3400
1471286413,32.7800,32.7900,32.7650,32.7900,12000
1471286513,32.7700,32.7700,32.7700,32.7700,200
1471286559,32.7700,32.7700,32.7700,32.7700,100
1471286604,32.7800,32.7800,32.7700,32.7700,900
1471286820,32.7800,32.7800,32.7800,32.7800,100
1471286987,32.7800,32.7800,32.7800,32.7800,100
1471287113,32.7801,32.7801,32.7801,32.7801,300
1471287143,32.7900,32.7900,32.7900,32.7900,200
1471287273,32.7800,32.7800,32.7800,32.7800,1000
1471287335,32.7700,32.7800,32.7700,32.7800,300
1471287405,32.7700,32.7700,32.7700,32.7700,100
1471287420,32.7600,32.7700,32.7600,32.7700,1700
1471287482,32.7600,32.7600,32.7600,32.7600,600
1471287574,32.7600,32.7600,32.7600,32.7600,100
1471287656,32.7700,32.7721,32.7700,32.7700,800
1471287699,32.7614,32.7700,32.7614,32.7700,900
1471287791,32.7600,32.7600,32.7600,32.7600,200
1471287883,32.7509,32.7509,32.7509,32.7509,100
1471287938,32.7500,32.7600,32.7500,32.7600,10500
1471287995,32.7600,32.7600,32.7550,32.7599,6100
1471288140,32.7600,32.7600,32.7600,32.7600,100
1471288264,32.7500,32.7536,32.7500,32.7536,900
1471288352,32.7510,32.7510,32.7510,32.7510,100
1471288393,32.7550,32.7573,32.7550,32.7573,800
1471288464,32.7500,32.7500,32.7500,32.7500,100
1471288501,32.7500,32.7500,32.7500,32.7500,100
1471288598,32.7500,32.7500,32.7500,32.7500,300
1471288746,32.7500,32.7500,32.7405,32.7405,2600
1471288864,32.7400,32.7450,32.7400,32.7450,300
1471289085,32.7450,32.7500,32.7450,32.7500,3700
1471289101,32.7500,32.7500,32.7500,32.7500,5900
1471289199,32.7500,32.7500,32.7500,32.7500,100
1471289278,32.7600,32.7600,32.7600,32.7600,100
1471289318,32.7600,32.7600,32.7550,32.7550,1300
1471289382,32.7600,32.7600,32.7525,32.7525,200
1471289470,32.7550,32.7550,32.7550,32.7550,400
1471289622,32.7500,32.7526,32.7500,32.7526,300
1471289666,32.7550,32.7550,32.7500,32.7500,2300
1471289708,32.7500,32.7500,32.7500,32.7500,400
1471289809,32.7600,32.7600,32.7500,32.7500,3400
1471289866,32.7600,32.7600,32.7600,32.7600,100
1471289909,32.7700,32.7800,32.7610,32.7636,5500
1471289976,32.7795,32.7795,32.7795,32.7795,300
1471290012,32.7700,32.7700,32.7700,32.7700,600
1471290092,32.7800,32.7800,32.7750,32.7800,1300
1471290173,32.7900,32.7900,32.7800,32.7800,2000
1471290213,32.7800,32.7900,32.7800,32.7900,500
1471290241,32.7900,32.7900,32.7850,32.7850,500
1471290314,32.7900,32.7900,32.7800,32.7800,800
1471290418,32.7900,32.7900,32.7800,32.7900,1700
1471290423,32.7900,32.7950,32.7900,32.7900,12400
1471290538,32.7700,32.7800,32.7700,32.7800,5800
1471290585,32.7700,32.7700,32.7700,32.7700,1100
1471290626,32.7700,32.7750,32.7700,32.7750,800
1471290695,32.7700,32.7800,32.7700,32.7750,1500
1471290765,32.7750,32.7800,32.7750,32.7800,300
1471290789,32.7650,32.7700,32.7650,32.7700,10400
1471290893,32.7600,32.7700,32.7600,32.7700,1600
1471290959,32.7700,32.7700,32.7600,32.7700,16000
1471290994,32.7500,32.8000,32.7500,32.7900,57500
1471291037,32.7500,32.7600,32.7500,32.7600,10200
1471291131,32.7650,32.7700,32.7600,32.7700,1700
1471291198,32.7600,32.7700,32.7600,32.7600,17100
1471291200,32.7600,32.7600,32.7600,32.7600,16000
