uri:/instrument/1.0/VUG/chartdata;type=quote;range=1d/csv
ticker:vug
Company-Name:Vanguard Growth ETF - DNQ
Exchange-Name:PCX
unit:MIN
timezone:EDT
currency:USD
gmtoffset:-14400
previous_close:112.6300
Timestamp:1470922200,1470945600
labels:1470924000,1470927600,1470931200,1470934800,1470938400,1470942000,1470945600
values:Timestamp,close,high,low,open,volume
close:112.7401,113.2747
high:112.7401,113.2800
low:112.7401,113.2600
open:112.7401,113.2700
volume:0,25600
1470922206,112.9840,112.9840,112.9840,112.9840,25600
1470922318,113.0755,113.0755,113.0755,113.0755,400
1470922358,113.0600,113.0600,113.0500,113.0500,500
1470922392,113.0200,113.0400,113.0200,113.0400,800
1470922465,113.0650,113.0650,113.0650,113.0650,100
1470922531,113.1500,113.1500,113.1400,113.1400,800
1470922643,113.1100,113.1599,113.1100,113.1599,500
1470922702,113.0700,113.1100,113.0700,113.1100,300
1470922751,113.0505,113.0505,113.0505,113.0505,200
1470922856,113.1600,113.1600,113.1600,113.1600,700
1470922886,113.1260,113.1260,113.1260,113.1260,300
1470922938,113.0520,113.0899,113.0520,113.0899,1600
1470923035,113.0110,113.0110,113.0100,113.0100,600
1470923049,113.0700,113.0700,113.0700,113.0700,700
1470923106,113.0800,113.1000,113.0800,113.0814,2000
1470923216,113.0900,113.0900,113.0900,113.0900,1100
1470923261,113.0195,113.0326,113.0195,113.0326,900
1470923322,113.0087,113.0087,113.0087,113.0087,500
1470923416,113.0299,113.0299,113.0120,113.0132,400
1470923494,113.0700,113.0700,113.0700,113.0700,300
1470923552,113.0670,113.0670,113.0670,113.0670,200
1470923647,113.0626,113.0626,113.0101,113.0101,500
1470923842,113.0226,113.0226,113.0226,113.0226,300
1470923911,113.0260,113.0260,113.0200,113.0200,1600
1470923944,112.9500,113.0100,112.9500,113.0100,1400
1470924006,112.9000,112.9099,112.9000,112.9099,1900
1470924087,112.9274,112.9274,112.9200,112.9200,200
1470924248,112.9000,112.9301,112.9000,112.9301,500
1470924311,112.9118,112.9138,112.9100,112.9100,1000
1470924372,112.9399,112.9399,112.9350,112.9350,1200
1470924649,112.8105,112.8105,112.8105,112.8105,200
1470924697,112.8200,112.8200,112.8000,112.8100,1000
1470924751,112.7800,112.7800,112.7800,112.7800,200
1470924787,112.7468,112.7468,112.7419,112.7419,300
1470924852,112.7401,112.7401,112.7401,112.7401,300
1470924980,112.8028,112.8028,112.8028,112.8028,100
1470925022,112.8050,112.8050,112.8050,112.8050,400
1470925244,112.8730,112.8730,112.8730,112.8730,900
1470925273,112.8500,112.8700,112.8400,112.8700,500
1470925424,112.8800,112.8800,112.8470,112.8470,400
1470925493,112.8860,112.8860,112.8860,112.8860,100
1470925515,112.8900,112.8900,112.8870,112.8870,700
1470925560,112.8800,112.8800,112.8800,112.8800,100
1470925624,112.8601,112.9000,112.8601,112.8990,16900
1470925718,112.8916,112.8956,112.8916,112.8956,700
1470925751,112.9000,112.9000,112.9000,112.9000,300
1470925851,112.9100,112.9100,112.9100,112.9100,100
1470925870,112.9400,112.9400,112.9400,112.9400,900
1470925929,112.9413,112.9547,112.9413,112.9547,700
1470926008,112.9500,112.9500,112.9500,112.9500,100
1470926049,112.9189,112.9200,112.9189,112.9200,500
1470926127,112.9499,112.9499,112.9499,112.9499,500
1470926217,112.9874,112.9874,112.9874,112.9874,100
1470926222,112.9900,112.9900,112.9900,112.9900,700
1470926395,113.0505,113.0505,113.0505,113.0505,100
1470926425,113.0765,113.0765,113.0600,113.0730,1200
1470926486,113.0700,113.0700,113.0700,113.0700,200
1470926536,113.0599,113.0599,113.0599,113.0599,200
1470926632,113.0445,113.0500,113.0445,113.0500,1800
1470926649,113.0670,113.0674,113.0500,113.0500,800
1470926734,113.1004,113.1016,113.1004,113.1016,500
1470926775,113.0900,113.1100,113.0900,113.0999,700
1470926870,113.1098,113.1098,113.1098,113.1098,100
1470926883,113.1140,113.1200,113.1140,113.1200,1800
1470927082,113.0874,113.1200,113.0874,113.1200,1100
1470927161,113.0574,113.0574,113.0574,113.0574,400
1470927191,113.0550,113.0550,113.0473,113.0473,400
1470927250,113.0501,113.0611,113.0501,113.0585,500
1470927334,113.0700,113.0800,113.0560,113.0800,1200
1470927364,113.0274,113.0550,113.0112,113.0550,900
1470927480,113.0679,113.0790,113.0621,113.0621,700
1470927641,113.0400,113.0400,113.0400,113.0400,600
1470927674,113.0484,113.0532,113.0484,113.0532,600
1470927815,113.0530,113.0530,113.0500,113.0500,400
1470927854,113.0530,113.0530,113.0530,113.0530,200
1470927928,113.0374,113.0374,113.0374,113.0374,400
1470927994,113.0700,113.0700,113.0700,113.0700,200
1470928135,113.0800,113.0800,113.0800,113.0800,400
1470928233,113.0600,113.0732,113.0600,113.0732,900
1470928269,113.0476,113.0476,113.0476,113.0476,200
1470928353,113.0500,113.0500,113.0500,113.0500,200
1470928457,113.0201,113.0201,113.0201,113.0201,100
1470928559,113.0295,113.0295,113.0276,113.0276,600
1470928564,113.0300,113.0300,113.0200,113.0200,2500
1470928647,113.0400,113.0400,113.0110,113.0110,500
1470928859,113.0334,113.0399,113.0100,113.0100,500
1470928877,113.0600,113.0600,113.0600,113.0600,100
1470929015,113.0304,113.0304,113.0206,113.0206,1700
1470929053,113.0400,113.0400,113.0200,113.0200,1300
1470929136,113.0400,113.0400,113.0400,113.0400,800
1470929178,113.0325,113.0325,113.0325,113.0325,200
1470929231,113.0586,113.0586,113.0419,113.0419,1200
1470929306,113.0400,113.0500,113.0400,113.0500,2000
1470929349,113.0600,113.0600,113.0320,113.0320,1300
1470929401,113.0800,113.0800,113.0800,113.0800,400
1470929475,113.0700,113.0700,113.0601,113.0601,500
1470929599,113.0990,113.0990,113.0874,113.0874,700
1470929642,113.1500,113.1500,113.0826,113.0826,1500
1470929730,113.1820,113.1820,113.1800,113.1800,700
1470929831,113.1617,113.1780,113.1600,113.1780,2600
1470929893,113.1800,113.1800,113.1800,113.1800,700
1470929978,113.1600,113.1600,113.1500,113.1560,700
1470930038,113.1729,113.1729,113.1729,113.1729,100
1470930063,113.1600,113.1782,113.1600,113.1732,2200
1470930176,113.1599,113.1599,113.1400,113.1400,1400
1470930204,113.1584,113.1584,113.1584,113.1584,300
1470930241,113.1480,113.1480,113.1480,113.1480,600
1470930350,113.1400,113.1400,113.1400,113.1400,500
1470930393,113.1498,113.1498,113.1498,113.1498,500
1470930438,113.1699,113.1699,113.1699,113.1699,200
1470930588,113.1500,113.1500,113.1500,113.1500,200
1470930652,113.1899,113.1899,113.1899,113.1899,100
1470930694,113.1999,113.1999,113.1840,113.1840,300
1470930837,113.1500,113.1500,113.1500,113.1500,300
1470930844,113.1400,113.1400,113.1400,113.1400,200
1470930909,113.1388,113.1388,113.1308,113.1308,3100
1470931034,113.1699,113.1740,113.1699,113.1740,500
1470931111,113.1700,113.1700,113.1700,113.1700,7900
1470931152,113.1501,113.1501,113.1501,113.1501,300
1470931300,113.1700,113.1700,113.1700,113.1700,100
1470931321,113.1600,113.1685,113.1600,113.1685,1600
1470931411,113.1684,113.1684,113.1684,113.1684,100
1470931498,113.1400,113.1540,113.1400,113.1400,1300
1470931521,113.1588,113.1588,113.1550,113.1550,300
1470931579,113.1615,113.1615,113.1615,113.1615,600
1470931739,113.1580,113.1660,113.1501,113.1630,1100
1470931797,113.1841,113.1900,113.1501,113.1564,1700
1470931804,113.1800,113.1800,113.1719,113.1719,1300
1470931881,113.1400,113.1400,113.1400,113.1400,700
1470931987,113.1759,113.1759,113.1700,113.1700,1000
1470932062,113.1516,113.1526,113.1516,113.1526,300
1470932216,113.1400,113.1600,113.1400,113.1525,1500
1470932236,113.1400,113.1400,113.1400,113.1400,200
1470932332,113.1100,113.1100,113.1100,113.1100,300
1470932407,113.1319,113.1319,113.1319,113.1319,100
1470932467,113.1499,113.1499,113.1300,113.1300,2200
1470932597,113.1500,113.1500,113.1464,113.1464,900
1470932682,113.1800,113.1800,113.1800,113.1800,200
1470932795,113.1640,113.1640,113.1600,113.1600,500
1470932864,113.1420,113.1420,113.1420,113.1420,100
1470932987,113.1350,113.1350,113.1350,113.1350,100
1470933070,113.1300,113.1300,113.1300,113.1300,200
1470933121,113.1401,113.1616,113.1401,113.1616,1500
1470933215,113.1498,113.1498,113.1498,113.1498,400
1470933335,113.1600,113.1600,113.1300,113.1300,1600
1470933363,113.1454,113.1454,113.1454,113.1454,200
1470933466,113.1301,113.1301,113.1301,113.1301,100
1470933542,113.1462,113.1600,113.1462,113.1580,7600
1470933690,113.1316,113.1316,113.1316,113.1316,100
1470933731,113.1130,113.1320,113.1130,113.1275,1100
1470933782,113.1070,113.1165,113.1000,113.1165,500
1470933899,113.1500,113.1500,113.1304,113.1304,400
1470933938,113.1429,113.1429,113.1429,113.1429,100
1470933988,113.1201,113.1201,113.1201,113.1201,300
1470934069,113.1200,113.1200,113.1100,113.1100,3100
1470934087,113.1193,113.1193,113.1090,113.1090,700
1470934189,113.1204,113.1204,113.1204,113.1204,200
1470934301,113.1216,113.1216,113.1216,113.1216,400
1470934350,113.1070,113.1179,113.1000,113.1100,1200
1470934391,113.1370,113.1400,113.1370,113.1400,0
1470934454,113.1390,113.1425,113.1300,113.1425,900
1470934539,113.1300,113.1301,113.1300,113.1301,1100
1470934663,113.1365,113.1400,113.1365,113.1400,600
1470934680,113.1499,113.1499,113.1499,113.1499,300
1470934774,113.1500,113.1500,113.1500,113.1500,15700
1470934805,113.1500,113.1600,113.1410,113.1410,900
1470934873,113.1500,113.1500,113.1500,113.1500,100
1470934946,113.1572,113.1572,113.1572,113.1572,200
1470935036,113.1800,113.1800,113.1601,113.1700,1200
1470935099,113.2000,113.2000,113.2000,113.2000,100
1470935105,113.2000,113.2000,113.2000,113.2000,1500
1470935188,113.1900,113.1900,113.1800,113.1800,900
1470935261,113.1909,113.1909,113.1909,113.1909,100
1470935326,113.1900,113.1900,113.1900,113.1900,200
1470935341,113.2111,113.2111,113.2111,113.2111,300
1470935400,113.2041,113.2041,113.2041,113.2041,500
1470935470,113.2098,113.2098,113.2098,113.2098,100
1470935534,113.1900,113.1958,113.1900,113.1958,1400
1470935681,113.1700,113.1732,113.1700,113.1732,400
1470935743,113.1660,113.1700,113.1600,113.1600,600
1470935768,113.1700,113.1799,113.1700,113.1799,1000
1470935823,113.1600,113.1799,113.1600,113.1799,300
1470935906,113.1680,113.1680,113.1670,113.1670,500
1470935999,113.1600,113.1600,113.1600,113.1600,200
1470936012,113.1501,113.1501,113.1501,113.1501,100
1470936064,113.1700,113.1700,113.1700,113.1700,300
1470936133,113.1700,113.1700,113.1700,113.1700,500
1470936188,113.1563,113.1563,113.1563,113.1563,300
1470936259,113.1500,113.1500,113.1300,113.1500,1200
1470936320,113.1500,113.1590,113.1500,113.1590,2200
1470936423,113.1516,113.1516,113.1516,113.1516,200
1470936528,113.1600,113.1600,113.1600,113.1600,200
1470936545,113.1520,113.1520,113.1520,113.1520,100
1470936639,113.1475,113.1699,113.1475,113.1699,600
1470936701,113.1450,113.1450,113.1450,113.1450,100
1470936736,113.1520,113.1520,113.1520,113.1520,500
1470936886,113.1450,113.1450,113.1450,113.1450,200
1470936918,113.1457,113.1457,113.1457,113.1457,100
1470937024,113.1300,113.1400,113.1300,113.1400,3800
1470937134,113.1342,113.1342,113.1342,113.1342,300
1470937262,113.1365,113.1400,113.1300,113.1385,1100
1470937375,113.1500,113.1500,113.1348,113.1400,500
1470937409,113.1599,113.1599,113.1498,113.1498,500
1470937566,113.1700,113.1700,113.1500,113.1500,500
1470937637,113.1800,113.1800,113.1799,113.1799,400
1470937698,113.1725,113.1725,113.1725,113.1725,300
1470937821,113.1900,113.1900,113.1700,113.1754,2000
1470937872,113.2130,113.2181,113.2000,113.2000,2000
1470937929,113.2175,113.2175,113.2175,113.2175,300
1470938028,113.2173,113.2173,113.2173,113.2173,600
1470938127,113.2099,113.2099,113.2099,113.2099,5200
1470938162,113.1850,113.1879,113.1800,113.1800,600
1470938271,113.1736,113.1736,113.1736,113.1736,300
1470938375,113.1804,113.1804,113.1804,113.1804,400
1470938522,113.1950,113.1950,113.1950,113.1950,100
1470938596,113.1905,113.2000,113.1901,113.1901,300
1470938657,113.2100,113.2100,113.2100,113.2100,700
1470938789,113.2260,113.2450,113.2260,113.2400,2700
1470938837,113.2200,113.2400,113.2200,113.2400,800
1470938902,113.2200,113.2300,113.2100,113.2300,1700
1470938952,113.2300,113.2300,113.2160,113.2300,900
1470939058,113.2500,113.2500,113.2370,113.2370,400
1470939116,113.2400,113.2499,113.2400,113.2499,500
1470939148,113.2600,113.2600,113.2500,113.2500,900
1470939228,113.2532,113.2600,113.2532,113.2600,500
1470939299,113.2500,113.2500,113.2500,113.2500,300
1470939303,113.2201,113.2400,113.2201,113.2400,300
1470939375,113.2400,113.2500,113.2400,113.2500,300
1470939464,113.2500,113.2500,113.2370,113.2370,400
1470939512,113.2240,113.2399,113.2240,113.2350,7800
1470939564,113.2100,113.2250,113.2100,113.2250,1000
1470939637,113.2200,113.2200,113.2126,113.2126,600
1470939678,113.1974,113.2070,113.1974,113.2070,800
1470939723,113.2026,113.2200,113.1990,113.1990,1200
1470939795,113.2113,113.2113,113.2100,113.2100,500
1470939886,113.2116,113.2116,113.2116,113.2116,100
1470939900,113.2200,113.2200,113.2200,113.2200,100
1470939985,113.2500,113.2500,113.2500,113.2500,700
1470940058,113.2570,113.2570,113.2570,113.2570,200
1470940085,113.2117,113.2500,113.2117,113.2500,6300
1470940168,113.2101,113.2101,113.2101,113.2101,200
1470940209,113.1970,113.2199,113.1923,113.2199,4100
1470940264,113.1826,113.2030,113.1700,113.2030,3200
1470940335,113.1700,113.1800,113.1700,113.1784,3900
1470940396,113.1725,113.1725,113.1725,113.1725,900
1470940467,113.1846,113.1880,113.1764,113.1774,1200
1470940502,113.1950,113.2098,113.1950,113.2098,1300
1470940606,113.2000,113.2000,113.2000,113.2000,100
1470940650,113.1901,113.1901,113.1800,113.1800,1200
1470940707,113.1975,113.2090,113.1975,113.2090,500
1470940764,113.1900,113.1974,113.1900,113.1974,300
1470940864,113.1930,113.1930,113.1800,113.1800,900
1470940975,113.2000,113.2000,113.1900,113.2000,9800
1470941068,113.1979,113.2126,113.1979,113.2126,600
1470941100,113.2130,113.2180,113.2130,113.2180,600
1470941184,113.2001,113.2073,113.2001,113.2062,1100
1470941270,113.1963,113.2016,113.1900,113.2016,800
1470941282,113.1800,113.1800,113.1800,113.1800,2600
1470941397,113.1837,113.1837,113.1800,113.1800,500
1470941402,113.2199,113.2199,113.1870,113.1870,1500
1470941475,113.2100,113.2100,113.2100,113.2100,500
1470941524,113.2095,113.2095,113.1874,113.1900,500
1470941639,113.1880,113.2129,113.1880,113.2129,1400
1470941663,113.1799,113.1800,113.1700,113.1700,3200
1470941759,113.1400,113.1600,113.1300,113.1600,8500
1470941760,113.0900,113.1400,113.0874,113.1400,1700
1470941821,113.0800,113.0800,113.0800,113.0800,400
1470941929,113.1220,113.1220,113.1220,113.1220,1100
1470941973,113.1279,113.1279,113.1226,113.1226,600
1470942069,113.1326,113.1326,113.1295,113.1295,400
1470942302,113.1200,113.1487,113.1200,113.1487,600
1470942413,113.1322,113.1322,113.1322,113.1322,400
1470942593,113.1584,113.1630,113.1584,113.1630,1800
1470942601,113.1670,113.1670,113.1670,113.1670,100
1470942719,113.1700,113.1730,113.1635,113.1670,3100
1470942764,113.1740,113.1790,113.1500,113.1699,7900
1470942802,113.1730,113.1730,113.1730,113.1730,300
1470942846,113.1800,113.1800,113.1710,113.1720,1200
1470942907,113.1454,113.1700,113.1454,113.1700,800
1470943014,113.1379,113.1379,113.1379,113.1379,200
1470943042,113.1100,113.1220,113.1100,113.1220,600
1470943163,113.1400,113.1400,113.1350,113.1400,1100
1470943211,113.1500,113.1500,113.1500,113.1500,300
1470943366,113.1516,113.1516,113.1395,113.1395,200
1470943383,113.1400,113.1400,113.1400,113.1400,500
1470943588,113.1284,113.1380,113.1223,113.1223,1200
1470943626,113.1282,113.1282,113.1282,113.1282,100
1470943694,113.1274,113.1416,113.1274,113.1416,2500
1470943762,113.1301,113.1368,113.1300,113.1300,2500
1470943880,113.1368,113.1600,113.1368,113.1441,1300
1470943973,113.1401,113.1407,113.1401,113.1407,400
1470944001,113.1600,113.1600,113.1500,113.1599,800
1470944059,113.1700,113.1700,113.1500,113.1500,2800
1470944108,113.1600,113.1799,113.1600,113.1799,200
1470944196,113.1700,113.1700,113.1700,113.1700,400
1470944303,113.2000,113.2000,113.1899,113.1899,800
1470944358,113.1620,113.1620,113.1620,113.1620,100
1470944470,113.2000,113.2000,113.1900,113.1900,1400
1470944573,113.2200,113.2200,113.2057,113.2057,700
1470944599,113.2200,113.2200,113.2100,113.2157,1000
1470944670,113.2300,113.2300,113.2174,113.2184,1000
1470944758,113.2600,113.2700,113.2600,113.2700,2800
1470944765,113.2500,113.2600,113.2400,113.2400,1300
1470944873,113.2551,113.2551,113.2550,113.2550,400
1470944880,113.2747,113.2800,113.2567,113.2600,1900
1470944948,113.2399,113.2550,113.2399,113.2550,500
1470945035,113.2200,113.2216,113.2200,113.2216,800
1470945074,113.2300,113.2300,113.2158,113.2160,1100
1470945239,113.2200,113.2300,113.2200,113.2300,500
1470945240,113.2198,113.2200,113.2198,113.2200,400
1470945321,113.2000,113.2052,113.2000,113.2000,700
1470945360,113.1601,113.1800,113.1601,113.1800,1700
1470945426,113.1690,113.1700,113.1600,113.1700,1000
1470945480,113.1400,113.1700,113.1300,113.1700,2800
1470945542,113.1400,113.1500,113.1400,113.1400,18500
1470945600,113.1500,113.1500,113.1500,113.1500,0
