uri:/instrument/1.0/DIS/chartdata;type=quote;range=1d/csv
ticker:dis
Company-Name:Walt Disney Company (The) Commo
Exchange-Name:NYQ
unit:MIN
timezone:EDT
currency:USD
gmtoffset:-14400
previous_close:96.6700
Timestamp:1470835800,1470859200
labels:1470837600,1470841200,1470844800,1470848400,1470852000,1470855600,1470859200
values:Timestamp,close,high,low,open,volume
close:95.9830,99.1900
high:96.0700,99.2700
low:95.8500,99.1000
open:96.0000,99.1950
volume:100,569500
1470835852,96.7108,96.9000,96.6500,96.7000,569500
1470835919,96.3104,96.9500,96.0000,96.7600,284300
1470835920,96.9000,96.9000,96.2300,96.3550,204400
1470836039,96.7800,96.9000,96.3600,96.8800,166500
1470836040,96.2100,96.7900,96.0500,96.7500,215600
1470836159,96.0000,96.2350,95.8500,96.1700,223800
1470836219,96.2500,96.4600,95.9000,96.0400,168300
1470836220,96.1400,96.4900,95.9900,96.3000,140200
1470836339,96.1900,96.2399,96.0000,96.1600,70100
1470836340,95.9830,96.1867,95.9200,96.1200,150200
1470836400,96.0000,96.0700,95.9206,96.0000,134800
1470836519,96.2000,96.2000,95.8900,96.0000,128400
1470836578,96.1564,96.2200,96.0900,96.2000,85700
1470836639,96.4150,96.5100,95.9800,96.1500,190800
1470836699,96.4900,96.5600,96.3600,96.4108,134600
1470836700,96.6400,96.6400,96.3300,96.4700,120000
1470836760,96.7500,96.7500,96.5600,96.6400,171200
1470836879,97.0450,97.0500,96.7500,96.7500,297200
1470836939,97.4450,97.4500,97.0200,97.0490,232400
1470836999,97.6500,97.7900,97.4400,97.4450,349700
1470837000,97.3700,97.6650,97.3400,97.6646,195900
1470837060,97.3900,97.4500,97.2300,97.3800,124900
1470837120,97.7900,97.7900,97.3600,97.3900,167600
1470837239,97.4900,98.0000,97.3600,97.7679,515700
1470837299,97.7550,97.7600,97.4708,97.4900,370800
1470837359,98.1600,98.1600,97.7500,97.7700,381700
1470837360,98.2300,98.3600,98.1392,98.1700,336700
1470837420,98.4900,98.5000,98.2000,98.2300,259400
1470837539,98.5600,98.6100,98.4300,98.5000,368700
1470837599,98.2000,98.6100,98.2000,98.5400,290900
1470837600,98.1700,98.4000,98.1500,98.2100,150800
1470837718,98.1600,98.2000,98.0700,98.2000,127800
1470837720,98.1750,98.2300,98.0700,98.1600,122800
1470837839,98.0800,98.2800,97.9810,98.1900,213600
1470837899,98.0900,98.1000,97.9700,98.0600,145300
1470837959,98.4700,98.4700,98.0700,98.0900,137000
1470838019,98.4400,98.4900,98.3500,98.4700,103900
1470838079,98.5998,98.6500,98.3500,98.4400,204100
1470838139,98.7400,98.7500,98.5800,98.6000,156800
1470838199,98.8701,98.8800,98.6900,98.7240,140900
1470838200,98.8000,98.8800,98.7400,98.8800,224500
1470838260,98.8300,98.9100,98.7800,98.8000,182800
1470838379,98.9600,98.9800,98.8100,98.8350,118000
1470838439,98.9400,98.9900,98.8500,98.9500,232200
1470838499,98.8700,98.9500,98.8400,98.9400,148500
1470838500,98.9000,99.0500,98.8400,98.8650,328700
1470838561,98.9800,99.0200,98.8300,98.9100,104100
1470838679,98.8800,99.0100,98.8400,98.9900,72900
1470838739,98.8150,98.9300,98.8000,98.8800,135900
1470838740,98.9550,98.9900,98.8000,98.8405,178000
1470838800,99.0388,99.0500,98.9500,98.9550,153900
1470838919,99.1100,99.1500,99.0489,99.0500,129000
1470838920,99.1900,99.2700,99.1000,99.1100,168200
1470839039,99.1800,99.2500,99.0800,99.1950,130600
1470839040,99.1300,99.2032,99.0900,99.1900,102100
1470839100,99.0850,99.1600,99.0600,99.1300,163000
1470839219,98.9101,99.0900,98.8750,99.0850,142700
1470839279,98.9184,98.9400,98.8650,98.9100,75800
1470839339,98.8700,98.9200,98.8500,98.9100,83000
1470839398,98.8130,98.9200,98.8101,98.8600,56800
1470839459,98.7900,98.9100,98.7500,98.8100,118000
1470839460,98.8008,98.9000,98.7820,98.7990,82300
1470839520,98.7899,98.8350,98.7600,98.8200,50000
1470839639,98.7850,98.8100,98.7600,98.7850,69200
1470839640,98.7950,98.8400,98.7800,98.8050,49500
1470839700,98.9400,98.9700,98.7900,98.8000,141500
1470839819,98.9900,99.0500,98.9000,98.9300,128200
1470839820,98.9800,99.0000,98.9539,98.9900,63000
1470839939,99.0940,99.1200,98.9600,98.9800,98700
1470839940,99.1500,99.1800,99.0900,99.1000,107300
1470840000,98.9601,99.1500,98.9600,99.1500,139500
1470840119,98.9000,98.9800,98.8600,98.9600,77700
1470840121,98.8650,98.9100,98.8568,98.9000,53800
1470840180,98.9100,98.9400,98.8300,98.8650,86700
1470840299,98.9600,98.9800,98.9000,98.9064,47100
1470840359,98.8500,98.9799,98.8400,98.9700,52400
1470840360,98.8600,98.9200,98.8100,98.8600,45200
1470840479,98.8850,98.8900,98.8100,98.8500,37500
1470840481,98.9400,98.9700,98.8800,98.8800,34700
1470840541,98.9300,98.9900,98.9000,98.9400,36200
1470840604,98.9400,98.9700,98.9300,98.9300,21900
1470840661,98.9400,98.9700,98.9200,98.9499,30200
1470840721,98.9250,98.9600,98.9200,98.9450,30400
1470840782,98.8515,98.9350,98.8500,98.9250,31600
1470840841,98.8700,98.8800,98.8600,98.8600,37100
1470840900,98.8150,98.8800,98.8100,98.8692,42600
1470840960,98.7300,98.8200,98.7000,98.8185,108100
1470841079,98.8000,98.8100,98.7200,98.7258,44600
1470841138,98.7600,98.8450,98.7500,98.8100,49800
1470841199,98.7600,98.7600,98.6800,98.7600,82900
1470841200,98.8300,98.8500,98.7500,98.7500,47600
1470841319,98.7200,98.8500,98.7200,98.8200,57400
1470841320,98.5400,98.7200,98.5200,98.7100,181200
1470841381,98.5860,98.6200,98.5000,98.5600,93300
1470841498,98.6100,98.6100,98.5500,98.5900,66900
1470841558,98.6290,98.7000,98.5775,98.6001,106800
1470841560,98.5790,98.6250,98.5400,98.6250,71700
1470841620,98.4600,98.5800,98.4500,98.5738,67400
1470841739,98.4190,98.4700,98.3400,98.4600,114200
1470841799,98.3300,98.4200,98.3100,98.4150,48400
1470841859,98.1300,98.3300,98.1100,98.3200,196300
1470841860,98.0673,98.1400,98.0500,98.1200,76000
1470841979,98.0000,98.0900,97.9200,98.0564,154200
1470842039,97.9950,98.1300,97.9300,97.9950,187000
1470842040,97.8900,98.0100,97.8100,98.0000,128000
1470842159,97.9200,97.9700,97.8300,97.8850,77400
1470842160,97.6300,97.9600,97.6100,97.9050,155300
1470842279,97.6700,97.7800,97.5600,97.6399,134000
1470842280,97.6000,97.6900,97.5500,97.6508,79800
1470842399,97.5200,97.6200,97.4700,97.6100,98800
1470842400,97.4119,97.5300,97.2800,97.5290,142700
1470842519,97.4200,97.5300,97.3700,97.4100,135300
1470842578,97.3300,97.5200,97.3000,97.4250,70900
1470842639,97.4200,97.4600,97.3100,97.3300,65300
1470842640,97.4400,97.4700,97.3950,97.4200,51800
1470842700,97.5100,97.5200,97.4100,97.4300,95100
1470842760,97.5001,97.5900,97.4600,97.5028,102100
1470842820,97.5050,97.5500,97.4700,97.5000,44200
1470842938,97.5000,97.5400,97.4817,97.5000,49400
1470842940,97.4650,97.5000,97.3800,97.4991,72400
1470843059,97.5900,97.6300,97.4500,97.4600,90700
1470843119,97.4200,97.5995,97.3350,97.5995,120900
1470843120,97.2700,97.4201,97.2300,97.4200,95800
1470843239,97.2850,97.3000,97.1100,97.2700,199200
1470843299,97.2600,97.3500,97.2600,97.2800,56100
1470843359,97.3550,97.4100,97.1800,97.2600,113600
1470843419,97.2250,97.3900,97.1500,97.3700,58300
1470843420,97.3750,97.4000,97.2200,97.2400,63000
1470843539,97.4500,97.4900,97.3800,97.3900,80500
1470843540,97.5600,97.5800,97.4200,97.4400,74400
1470843659,97.6000,97.6000,97.5300,97.5500,50600
1470843660,97.5700,97.6000,97.5100,97.6000,39600
1470843720,97.5400,97.6000,97.4900,97.5700,33300
1470843838,97.5900,97.6400,97.5300,97.5400,44600
1470843840,97.5800,97.6300,97.5600,97.5800,30300
1470843903,97.6000,97.6700,97.5900,97.5900,42500
1470843960,97.5500,97.6600,97.5300,97.6054,47700
1470844079,97.5000,97.5548,97.4800,97.5548,38400
1470844080,97.5300,97.5600,97.4600,97.5050,20700
1470844196,97.5300,97.6000,97.5300,97.5400,33200
1470844259,97.5468,97.5600,97.5200,97.5300,6100
1470844319,97.6099,97.6100,97.5443,97.5443,27300
1470844320,97.6400,97.6700,97.6099,97.6100,38500
1470844439,97.7050,97.7100,97.6300,97.6400,32000
1470844499,97.7300,97.7400,97.6700,97.7000,33500
1470844559,97.7250,97.7500,97.6800,97.7300,53000
1470844619,97.7900,97.8000,97.7100,97.7300,53300
1470844620,97.8100,97.8400,97.7400,97.7850,70400
1470844680,97.8200,97.8700,97.8000,97.8050,142200
1470844746,97.7856,97.8800,97.7100,97.8200,66800
1470844801,97.6200,97.7868,97.5900,97.7868,67800
1470844919,97.6250,97.6400,97.6000,97.6076,19900
1470844978,97.6600,97.6650,97.6200,97.6250,29800
1470844980,97.6200,97.6650,97.6200,97.6650,20600
1470845097,97.6798,97.6800,97.6300,97.6300,28700
1470845158,97.7150,97.7300,97.6700,97.6800,33400
1470845218,97.6900,97.7400,97.6800,97.7200,13400
1470845220,97.6850,97.7400,97.6700,97.6900,27500
1470845339,97.7650,97.7900,97.6800,97.6850,23600
1470845398,97.7300,97.8000,97.7300,97.7631,37300
1470845400,97.5800,97.7250,97.5600,97.7250,32900
1470845518,97.6500,97.6600,97.5800,97.5800,18900
1470845521,97.5800,97.6900,97.5800,97.6600,37300
1470845580,97.6000,97.6000,97.5600,97.5700,6300
1470845644,97.6000,97.6200,97.5900,97.6000,13200
1470845700,97.6700,97.6700,97.5900,97.5950,18200
1470845760,97.6668,97.7100,97.6650,97.6758,21100
1470845829,97.6800,97.7100,97.6600,97.6650,13100
1470845881,97.7150,97.7200,97.6880,97.6900,9000
1470845999,97.7400,97.7600,97.7100,97.7120,21400
1470846000,97.7700,97.7800,97.7300,97.7350,23800
1470846119,97.7775,97.8000,97.7500,97.7656,26400
1470846179,97.7900,97.8300,97.7500,97.7799,56100
1470846180,97.7300,97.8399,97.7300,97.8000,74000
1470846298,97.7954,97.8000,97.7250,97.7400,32000
1470846359,98.0000,98.0000,97.7925,97.8000,103200
1470846360,98.0731,98.0800,97.9700,97.9900,77800
1470846420,98.1201,98.1386,98.0300,98.0712,62800
1470846538,98.1664,98.2100,98.1100,98.1200,63200
1470846597,98.1700,98.1700,98.1350,98.1600,19600
1470846600,98.0900,98.1700,98.0900,98.1700,45000
1470846660,97.9900,98.1100,97.9700,98.0910,58400
1470846720,98.0000,98.0800,97.9900,98.0000,33500
1470846780,97.9602,98.0200,97.9600,98.0100,21100
1470846840,97.9300,97.9800,97.9100,97.9692,20300
1470846900,97.9092,97.9200,97.8700,97.9200,23600
1470846961,97.9350,97.9500,97.9000,97.9050,13300
1470847079,97.9763,97.9763,97.9400,97.9400,11000
1470847139,97.9700,97.9800,97.9400,97.9700,11000
1470847199,97.9700,97.9800,97.9500,97.9700,16500
1470847203,97.9900,98.0000,97.9500,97.9700,20500
1470847262,97.9300,97.9950,97.9299,97.9900,20300
1470847320,97.9700,97.9700,97.9200,97.9400,16800
1470847437,97.9601,97.9900,97.9600,97.9650,12500
1470847440,97.9900,97.9900,97.9600,97.9700,10400
1470847501,97.9800,97.9900,97.9600,97.9800,22000
1470847564,97.9950,98.0000,97.9650,97.9800,22600
1470847678,98.0250,98.0400,97.9700,97.9900,28400
1470847682,98.0500,98.0500,98.0100,98.0200,18800
1470847796,98.0600,98.0600,98.0300,98.0600,19800
1470847800,98.0700,98.1000,98.0500,98.0500,19800
1470847870,98.0854,98.1100,98.0500,98.0765,35200
1470847930,98.1110,98.1300,98.0800,98.0900,18300
1470847981,98.0800,98.1400,98.0800,98.1185,29400
1470848041,98.1000,98.1100,98.0600,98.0800,18700
1470848101,98.0900,98.1100,98.0600,98.0950,21500
1470848219,98.0752,98.0950,98.0300,98.0860,26500
1470848279,98.1100,98.1200,98.0707,98.0750,20000
1470848280,98.1800,98.1800,98.1000,98.1000,15700
1470848341,98.2000,98.2000,98.1600,98.1700,23800
1470848400,98.1800,98.2200,98.1800,98.1925,25100
1470848460,98.1863,98.1900,98.1600,98.1890,16500
1470848579,98.2500,98.2800,98.1900,98.1900,27700
1470848637,98.2600,98.2900,98.2200,98.2500,34600
1470848640,98.2300,98.2800,98.2300,98.2600,32400
1470848759,98.2400,98.2500,98.2100,98.2350,21300
1470848762,98.2084,98.2400,98.1600,98.2400,27800
1470848821,98.2300,98.2400,98.2000,98.2100,11100
1470848881,98.2200,98.2400,98.2037,98.2300,9600
1470848998,98.2000,98.2300,98.2000,98.2100,16100
1470849000,98.1900,98.2000,98.1500,98.2000,29800
1470849063,98.1600,98.1900,98.1400,98.1859,19700
1470849122,98.1650,98.1775,98.1600,98.1650,10200
1470849183,98.2000,98.2100,98.1610,98.1663,32700
1470849299,98.2000,98.2200,98.1900,98.2100,23200
1470849303,98.0700,98.2100,98.0700,98.2038,37000
1470849419,98.0500,98.1200,98.0300,98.0700,45300
1470849477,98.0300,98.0600,98.0100,98.0568,42800
1470849480,98.0900,98.0900,98.0300,98.0350,15800
1470849599,98.0800,98.1200,98.0800,98.0927,29500
1470849658,98.0300,98.0900,98.0200,98.0856,100400
1470849660,98.0100,98.0500,98.0000,98.0300,45300
1470849779,97.9450,98.0160,97.9200,98.0160,68000
1470849780,97.9600,97.9600,97.9000,97.9400,27600
1470849899,97.9750,97.9960,97.9350,97.9600,28200
1470849959,98.0000,98.0050,97.9700,97.9700,16700
1470849961,98.0200,98.0300,97.9990,97.9990,22000
1470850078,98.0500,98.0700,98.0100,98.0100,16700
1470850083,98.0800,98.0900,98.0501,98.0501,28500
1470850148,98.1200,98.1200,98.0800,98.0846,14200
1470850258,98.0700,98.1000,98.0700,98.1000,12100
1470850260,98.0856,98.1100,98.0700,98.0700,13100
1470850320,98.0390,98.0800,98.0200,98.0800,20300
1470850380,98.1014,98.1100,98.0300,98.0352,18300
1470850440,98.0900,98.1100,98.0800,98.1000,9800
1470850559,98.0700,98.0890,98.0700,98.0850,9800
1470850561,98.1032,98.1100,98.0700,98.0700,10200
1470850622,98.2000,98.2000,98.1000,98.1050,41200
1470850683,98.1700,98.2000,98.1700,98.2000,14400
1470850740,98.1800,98.1850,98.1700,98.1790,7300
1470850801,98.1500,98.1800,98.1200,98.1800,21200
1470850919,98.1700,98.1850,98.1400,98.1400,12600
1470850979,98.1950,98.2050,98.1700,98.1700,19100
1470850980,98.2400,98.2400,98.1950,98.1950,22100
1470851099,98.2600,98.2800,98.2300,98.2400,38900
1470851157,98.3200,98.3300,98.2600,98.2600,25800
1470851161,98.3250,98.3466,98.3200,98.3200,25800
1470851279,98.2900,98.3550,98.2900,98.3256,49500
1470851336,98.3200,98.3200,98.2600,98.2900,32300
1470851399,98.2737,98.3300,98.2700,98.3300,16200
1470851400,98.3250,98.3259,98.2700,98.2700,18600
1470851519,98.3814,98.3814,98.3263,98.3300,32600
1470851575,98.3350,98.4100,98.3270,98.3848,28900
1470851584,98.3201,98.3655,98.3200,98.3390,18800
1470851698,98.3300,98.3500,98.3200,98.3200,216500
1470851700,98.3450,98.3500,98.3100,98.3300,28300
1470851762,98.3402,98.3500,98.3100,98.3500,13600
1470851879,98.2900,98.3600,98.2700,98.3400,25600
1470851880,98.2700,98.2900,98.2700,98.2900,3500
1470851944,98.1800,98.2700,98.1500,98.2700,31500
1470852000,98.2100,98.2100,98.1500,98.1600,17400
1470852061,98.1900,98.2400,98.1900,98.2032,28500
1470852127,98.1800,98.2100,98.1600,98.1910,29900
1470852238,98.1900,98.1900,98.1500,98.1800,15600
1470852240,98.2100,98.2310,98.1900,98.1990,28100
1470852301,98.1837,98.2100,98.1700,98.2100,27800
1470852368,98.2000,98.2000,98.1700,98.1850,19300
1470852420,98.1866,98.2000,98.1700,98.2000,14300
1470852480,98.2190,98.2200,98.1800,98.1800,21700
1470852542,98.1900,98.2200,98.1700,98.2150,27400
1470852655,98.2150,98.2200,98.1950,98.1950,7300
1470852661,98.1900,98.2200,98.1600,98.2144,22100
1470852777,98.1700,98.2000,98.1500,98.1900,14200
1470852839,98.1250,98.1800,98.1200,98.1800,25300
1470852840,98.1000,98.1400,98.0800,98.1200,21700
1470852905,98.1400,98.1400,98.1100,98.1100,12500
1470852963,98.1310,98.1400,98.1300,98.1300,16800
1470853079,98.1300,98.1800,98.1300,98.1300,28300
1470853080,98.1600,98.1700,98.1300,98.1399,23300
1470853142,98.1200,98.1700,98.0900,98.1600,56000
1470853258,98.1200,98.1300,98.1100,98.1200,22000
1470853319,98.1200,98.1400,98.1100,98.1299,34300
1470853378,98.0600,98.1250,98.0500,98.1250,50400
1470853439,98.0854,98.0854,98.0550,98.0600,33900
1470853440,98.1000,98.1200,98.0800,98.0868,21200
1470853501,98.1100,98.1200,98.0800,98.1100,36800
1470853618,98.1000,98.1168,98.0700,98.1168,33200
1470853620,98.0400,98.1000,98.0200,98.0920,32200
1470853680,98.0461,98.0600,98.0300,98.0432,25600
1470853741,98.0410,98.0600,98.0300,98.0463,22500
1470853857,98.0900,98.1100,98.0300,98.0494,46000
1470853862,98.0434,98.1300,98.0100,98.1000,43400
1470853979,98.0641,98.0700,98.0300,98.0450,12500
1470853980,98.0563,98.0650,98.0300,98.0600,13400
1470854042,98.0199,98.0800,98.0100,98.0600,29900
1470854158,97.9800,98.0200,97.9550,98.0100,39300
1470854161,98.0150,98.0200,97.9800,97.9800,12900
1470854222,97.9900,98.0239,97.9850,98.0150,22000
1470854282,97.9950,98.0200,97.9900,98.0000,21500
1470854397,98.0100,98.0400,97.9900,97.9910,19600
1470854402,98.0100,98.0200,98.0100,98.0100,6600
1470854460,98.0500,98.0600,98.0100,98.0175,27500
1470854524,98.0650,98.0700,98.0400,98.0468,7600
1470854581,98.0450,98.0700,98.0400,98.0600,29400
1470854646,98.0556,98.0600,98.0450,98.0490,8300
1470854707,98.0400,98.0800,98.0300,98.0500,25300
1470854763,98.0800,98.0800,98.0400,98.0400,16900
1470854828,98.0620,98.0950,98.0600,98.0856,22500
1470854939,98.0668,98.0800,98.0600,98.0700,10700
1470854940,98.0800,98.1100,98.0600,98.0699,34900
1470855059,98.0850,98.1000,98.0800,98.0800,25100
1470855063,98.0650,98.0900,98.0600,98.0850,14700
1470855120,98.0830,98.0900,98.0700,98.0700,9600
1470855239,98.1100,98.1250,98.0800,98.0900,19800
1470855240,98.1300,98.1600,98.1000,98.1000,31400
1470855302,98.1100,98.1350,98.1000,98.1300,10300
1470855363,98.1567,98.1600,98.0900,98.1000,23300
1470855429,98.1000,98.1550,98.1000,98.1500,22900
1470855484,98.1010,98.1300,98.1000,98.1100,19300
1470855599,98.1050,98.1100,98.1000,98.1099,4700
1470855600,98.0800,98.1100,98.0800,98.1050,21800
1470855660,98.0800,98.1010,98.0800,98.0900,21100
1470855723,98.0958,98.1000,98.0900,98.0900,7400
1470855781,98.0899,98.1000,98.0700,98.1000,19300
1470855841,98.0500,98.1200,98.0500,98.0871,38900
1470855900,98.0600,98.0800,98.0500,98.0550,27900
1470856019,98.0900,98.1050,98.0610,98.0651,21400
1470856079,98.1300,98.1390,98.0900,98.0900,20300
1470856080,98.1350,98.1400,98.1100,98.1300,17500
1470856140,98.1161,98.1400,98.1066,98.1300,15000
1470856203,98.0900,98.1200,98.0900,98.1200,24300
1470856260,98.0800,98.0900,98.0700,98.0800,15400
1470856322,98.0750,98.0800,98.0700,98.0800,42600
1470856381,98.0454,98.0800,98.0300,98.0750,30500
1470856499,98.0550,98.0600,98.0400,98.0500,14500
1470856500,98.0300,98.0654,98.0100,98.0500,48400
1470856562,98.0472,98.0500,98.0200,98.0300,17300
1470856621,98.0500,98.0500,98.0400,98.0450,8400
1470856734,98.0450,98.0500,98.0400,98.0450,16200
1470856741,98.0550,98.0650,98.0400,98.0401,63200
1470856801,98.0550,98.0750,98.0350,98.0600,45700
1470856917,98.1200,98.1200,98.0400,98.0400,53800
1470856920,98.1200,98.1200,98.1033,98.1150,19200
1470856982,98.0850,98.1158,98.0850,98.1150,29400
1470857040,98.0610,98.0800,98.0550,98.0800,25700
1470857107,98.0890,98.0950,98.0600,98.0685,23200
1470857163,98.0600,98.0900,98.0600,98.0800,30100
1470857227,98.0700,98.0700,98.0550,98.0600,31800
1470857339,98.0400,98.0850,98.0400,98.0700,44200
1470857340,98.0454,98.0500,98.0200,98.0400,9700
1470857459,98.0300,98.0756,98.0300,98.0450,27900
1470857517,97.9200,98.0300,97.8350,98.0300,203700
1470857579,97.9000,97.9200,97.8400,97.9200,68200
1470857580,97.8600,97.9168,97.8500,97.9000,56900
1470857640,97.8700,97.9100,97.7900,97.8695,98400
1470857700,97.9000,97.9200,97.8550,97.8550,62700
1470857761,97.8700,97.9200,97.8600,97.9000,72100
1470857878,97.7750,97.8650,97.7500,97.8620,75500
1470857939,97.8050,97.8250,97.7750,97.7766,40000
1470857999,97.8300,97.8500,97.8000,97.8100,45800
1470858058,97.9354,97.9500,97.8300,97.8350,66900
1470858119,97.9150,97.9450,97.8800,97.9300,43800
1470858120,97.8650,97.9200,97.8600,97.9150,36600
1470858239,97.8100,97.9000,97.8100,97.8600,69000
1470858299,97.5200,97.8200,97.4600,97.8200,386200
1470858300,97.6200,97.7200,97.5100,97.5100,105700
1470858419,97.5100,97.7100,97.5100,97.6200,80900
1470858420,97.5700,97.6100,97.5000,97.5150,73100
1470858480,97.5900,97.6100,97.5600,97.5700,119100
1470858599,97.6300,97.6600,97.5800,97.5800,37900
1470858600,97.6500,97.6800,97.6100,97.6400,67600
1470858719,97.6850,97.6900,97.6432,97.6450,51800
1470858720,97.6900,97.7000,97.6600,97.6850,41900
1470858839,97.7100,97.7200,97.6700,97.6900,55100
1470858840,97.7100,97.7600,97.7050,97.7150,67700
1470858900,97.7550,97.7800,97.7100,97.7100,92600
1470859019,97.7700,97.8000,97.7500,97.7600,89800
1470859020,97.7300,97.7900,97.7300,97.7700,102900
1470859139,97.7800,97.8000,97.7300,97.7400,109700
1470859199,97.8600,97.8800,97.7700,97.7800,209100
1470859200,97.8600,97.8600,97.8600,97.8600,100
