uri:/instrument/1.0/SPGI/chartdata;type=quote;range=1d/csv
ticker:spgi
Company-Name:S&P Global Inc. Common Stock
Exchange-Name:NYQ
unit:MIN
timezone:EDT
currency:USD
gmtoffset:-14400
previous_close:119.8300
Timestamp:1470922200,1470945600
labels:1470924000,1470927600,1470931200,1470934800,1470938400,1470942000,1470945600
values:Timestamp,close,high,low,open,volume
close:119.8100,120.6900
high:119.8700,120.6900
low:119.8100,120.6800
open:119.8700,120.6800
volume:100,54900
1470922423,119.8100,120.6200,119.8100,120.6200,5200
1470922448,120.1250,120.1250,120.1250,120.1250,100
1470922634,120.0900,120.0900,120.0900,120.0900,1000
1470922737,120.0900,120.2600,120.0000,120.1800,5600
1470922789,119.8610,120.1350,119.8610,120.1350,800
1470922809,120.0400,120.1100,120.0000,120.0300,52300
1470922860,120.0200,120.0500,120.0200,120.0500,1600
1470922931,120.0300,120.0400,120.0300,120.0400,600
1470922991,119.9800,120.0000,119.9500,120.0000,1900
1470923097,120.0000,120.0800,119.9900,119.9900,2100
1470923101,120.0100,120.0100,119.9600,120.0100,4700
1470923189,119.9636,119.9636,119.9500,119.9500,300
1470923245,119.9600,120.0000,119.9600,120.0000,2000
1470923301,120.0000,120.0100,120.0000,120.0000,1600
1470923374,120.0000,120.0200,119.9800,120.0200,6400
1470923475,120.0100,120.0200,119.9800,119.9800,4100
1470923533,120.0100,120.0100,119.9600,119.9700,3300
1470923638,119.9800,120.0200,119.9800,120.0100,3000
1470923691,119.9800,120.0000,119.9700,119.9800,2700
1470923703,119.9600,120.0000,119.9600,119.9700,800
1470923844,119.9301,119.9700,119.9100,119.9100,600
1470923882,119.9301,119.9301,119.9301,119.9301,300
1470923940,119.8900,119.9301,119.8900,119.9301,4100
1470924044,119.9000,119.9000,119.9000,119.9000,100
1470924073,119.8900,119.9400,119.8600,119.9400,2200
1470924173,119.9000,119.9300,119.9000,119.9200,2700
1470924237,119.9500,119.9700,119.9100,119.9100,3200
1470924240,119.9700,119.9700,119.9000,119.9700,2600
1470924306,119.9200,119.9800,119.9200,119.9600,2400
1470924418,119.9500,119.9500,119.9300,119.9400,1900
1470924425,119.9500,119.9500,119.9500,119.9500,700
1470924536,119.9300,119.9700,119.9300,119.9600,3400
1470924597,119.9100,119.9500,119.9000,119.9300,1100
1470924618,119.9300,119.9300,119.9300,119.9300,300
1470924695,119.9900,119.9900,119.9300,119.9800,3200
1470924767,119.9500,119.9800,119.9500,119.9500,2500
1470924785,119.9350,120.0050,119.9000,120.0000,5500
1470924891,119.9050,119.9100,119.8900,119.9000,1600
1470924917,119.9000,119.9600,119.9000,119.9200,500
1470924978,119.8900,119.9200,119.8900,119.9200,1300
1470925062,119.9250,119.9250,119.8900,119.8900,700
1470925133,119.8900,119.9000,119.8900,119.8900,300
1470925162,119.9150,119.9500,119.8900,119.9400,1900
1470925249,119.9000,119.9500,119.8870,119.8900,1600
1470925319,119.9500,119.9500,119.9500,119.9500,100
1470925323,119.8800,119.8900,119.8800,119.8900,900
1470925423,119.9400,119.9400,119.9400,119.9400,400
1470925451,119.8700,119.8700,119.8700,119.8700,200
1470925554,119.8900,119.8900,119.8900,119.8900,100
1470925609,119.9400,119.9400,119.9400,119.9400,100
1470925654,119.9300,119.9300,119.8900,119.8900,500
1470925716,119.9300,119.9300,119.9300,119.9300,1700
1470925755,119.8900,119.9000,119.8900,119.8900,800
1470925883,119.8900,119.9600,119.8900,119.9600,1400
1470925922,119.8900,119.9300,119.8900,119.9300,1200
1470926043,119.8900,119.8900,119.8900,119.8900,100
1470926142,119.8900,119.9300,119.8900,119.9300,1000
1470926205,119.8900,119.9500,119.8900,119.9400,2900
1470926227,119.9000,119.9600,119.8900,119.9000,7600
1470926337,119.9200,119.9400,119.8900,119.8900,2100
1470926340,119.9400,119.9400,119.8900,119.9100,4800
1470926406,119.9500,119.9500,119.8900,119.9500,800
1470926507,119.9500,119.9500,119.9300,119.9500,1100
1470926520,119.9500,120.0100,119.9400,119.9500,8200
1470926699,119.9900,120.0100,119.9800,119.9900,6500
1470926700,119.9500,119.9900,119.9400,119.9800,8300
1470926818,119.9400,120.0100,119.8900,119.9900,10800
1470926935,119.9600,120.0000,119.9450,119.9800,7800
1470926997,119.9900,119.9900,119.9400,119.9600,2100
1470927059,119.9500,120.0000,119.9500,119.9900,3500
1470927094,119.9600,119.9600,119.9400,119.9500,2900
1470927160,119.9250,119.9250,119.9250,119.9250,1200
1470927203,119.9250,119.9300,119.9250,119.9300,500
1470927297,119.9400,119.9400,119.9400,119.9400,500
1470927304,119.9500,119.9500,119.9300,119.9500,1300
1470927414,119.9100,119.9100,119.9000,119.9000,700
1470927475,119.9750,119.9750,119.9200,119.9200,4400
1470927539,119.9700,119.9900,119.9600,119.9800,4800
1470927541,119.9900,119.9900,119.9200,119.9600,8700
1470927604,120.0100,120.0200,119.9823,120.0000,4600
1470927695,120.0171,120.0171,120.0000,120.0000,400
1470927764,119.9545,120.0000,119.9545,120.0000,1800
1470927899,120.0000,120.0000,120.0000,120.0000,200
1470927957,119.9900,120.0100,119.9900,120.0000,4300
1470928012,120.0000,120.0100,120.0000,120.0000,2800
1470928023,120.0100,120.0100,119.9800,120.0100,3000
1470928102,120.0000,120.0100,119.9900,120.0100,2800
1470928195,120.0000,120.0100,120.0000,120.0000,14300
1470928203,119.9600,120.0100,119.9600,120.0000,4800
1470928319,120.0000,120.0100,120.0000,120.0000,2100
1470928378,119.9950,120.0100,119.9900,120.0100,2100
1470928384,120.0050,120.0100,119.9950,119.9950,1200
1470928499,120.0050,120.0200,119.9800,120.0200,1500
1470928507,120.0000,120.0100,120.0000,120.0000,2700
1470928561,120.0000,120.0100,120.0000,120.0000,3700
1470928620,120.0000,120.0100,119.9800,119.9900,2200
1470928689,120.0000,120.0100,120.0000,120.0000,1900
1470928796,119.9850,120.0200,119.9850,120.0100,5300
1470928805,120.0000,120.0000,119.9800,119.9850,1000
1470928864,120.0200,120.0400,120.0000,120.0100,4600
1470928933,120.0800,120.0800,120.0450,120.0482,1400
1470929095,120.2100,120.2100,120.1200,120.1200,1300
1470929156,120.2800,120.2800,120.2390,120.2390,1500
1470929218,120.3300,120.3300,120.2800,120.2800,900
1470929265,120.3900,120.4200,120.3400,120.3400,4400
1470929325,120.3800,120.4200,120.3700,120.4100,2500
1470929352,120.4400,120.4400,120.4400,120.4400,200
1470929454,120.3600,120.4350,120.3600,120.4350,700
1470929526,120.3639,120.3900,120.3210,120.3900,500
1470929585,120.3250,120.3250,120.3250,120.3250,2700
1470929687,120.5000,120.5100,120.4800,120.4800,400
1470929714,120.5900,120.5900,120.5900,120.5900,100
1470929762,120.5500,120.6200,120.5500,120.6200,800
1470929870,120.5550,120.5550,120.5550,120.5550,100
1470929889,120.5100,120.5400,120.4900,120.5400,1100
1470930051,120.4999,120.4999,120.4999,120.4999,100
1470930076,120.4500,120.4750,120.4500,120.4700,600
1470930132,120.4300,120.4600,120.4300,120.4600,600
1470930206,120.4600,120.4600,120.4400,120.4400,900
1470930296,120.4700,120.4800,120.4700,120.4700,900
1470930304,120.4700,120.4850,120.4700,120.4850,1100
1470930372,120.4700,120.4700,120.4550,120.4550,1300
1470930424,120.4600,120.4600,120.4600,120.4600,700
1470930538,120.4000,120.4700,120.4000,120.4700,3100
1470930577,120.3700,120.4000,120.3400,120.4000,5000
1470930601,120.4399,120.4399,120.3700,120.3800,3900
1470930661,120.4900,120.4900,120.4400,120.4400,1600
1470930737,120.5150,120.5300,120.5000,120.5200,2300
1470930785,120.4900,120.5000,120.4900,120.5000,200
1470930842,120.4900,120.4900,120.4900,120.4900,200
1470930930,120.5100,120.5100,120.4900,120.5000,1500
1470930973,120.5200,120.5350,120.5200,120.5300,600
1470931086,120.5450,120.5600,120.5450,120.5500,800
1470931160,120.5950,120.5950,120.5800,120.5900,700
1470931204,120.5800,120.6050,120.5600,120.6050,1700
1470931260,120.5288,120.6000,120.5288,120.6000,1500
1470931333,120.5200,120.5200,120.5200,120.5200,100
1470931439,120.4700,120.5100,120.4700,120.5100,1500
1470931440,120.4800,120.4800,120.4700,120.4700,300
1470931525,120.5200,120.5200,120.4750,120.4900,1300
1470931603,120.5500,120.5500,120.5500,120.5500,100
1470931641,120.5750,120.5900,120.5750,120.5750,700
1470931711,120.5500,120.5800,120.5500,120.5800,900
1470931823,120.5900,120.5900,120.5700,120.5900,700
1470931878,120.5400,120.5700,120.5400,120.5700,600
1470932092,120.5800,120.5900,120.5800,120.5800,1900
1470932158,120.5900,120.5900,120.5750,120.5800,800
1470932216,120.5700,120.5900,120.5700,120.5900,900
1470932253,120.5400,120.5400,120.5400,120.5400,100
1470932287,120.5300,120.5300,120.5300,120.5300,100
1470932383,120.5700,120.5900,120.5400,120.5400,1000
1470932464,120.5600,120.5800,120.5600,120.5700,700
1470932528,120.5800,120.5800,120.5800,120.5800,300
1470932580,120.5900,120.5900,120.5700,120.5700,800
1470932656,120.6000,120.6300,120.6000,120.6000,1400
1470932760,120.6000,120.6500,120.6000,120.6500,1400
1470932845,120.6000,120.6000,120.6000,120.6000,600
1470933093,120.5800,120.5800,120.5600,120.5700,1500
1470933154,120.5900,120.5900,120.5900,120.5900,500
1470933348,120.5700,120.5700,120.5700,120.5700,100
1470933381,120.5800,120.5800,120.5610,120.5610,200
1470933437,120.5700,120.5900,120.5700,120.5700,1000
1470933490,120.5600,120.5600,120.5600,120.5600,100
1470933548,120.5600,120.5600,120.5600,120.5600,700
1470933620,120.5400,120.5400,120.5400,120.5400,400
1470933731,120.5300,120.5500,120.5300,120.5500,1200
1470933839,120.5600,120.5600,120.5500,120.5500,600
1470933843,120.5800,120.5800,120.5600,120.5600,800
1470934003,120.5600,120.5600,120.5600,120.5600,800
1470934213,120.5700,120.5800,120.5550,120.5600,1400
1470934297,120.5800,120.5800,120.5700,120.5800,900
1470934363,120.5700,120.5700,120.5600,120.5700,800
1470934394,120.5800,120.5800,120.5700,120.5700,300
1470934462,120.5900,120.5900,120.5800,120.5900,700
1470934503,120.5900,120.5900,120.5900,120.5900,200
1470934573,120.5900,120.5900,120.5800,120.5800,700
1470934644,120.5800,120.6000,120.5800,120.6000,800
1470934706,120.5900,120.5900,120.5900,120.5900,300
1470934829,120.5500,120.5800,120.5500,120.5800,1300
1470934916,120.5600,120.5700,120.5600,120.5700,300
1470934923,120.5800,120.5800,120.5700,120.5700,300
1470935004,120.5900,120.5900,120.5800,120.5900,700
1470935099,120.5900,120.6000,120.5700,120.5800,3600
1470935150,120.6001,120.6001,120.5900,120.5900,1500
1470935162,120.6200,120.6200,120.6100,120.6100,400
1470935276,120.6200,120.6400,120.6200,120.6200,2000
1470935296,120.6300,120.6300,120.6200,120.6200,800
1470935358,120.6500,120.6500,120.6400,120.6400,800
1470935435,120.6300,120.6300,120.6300,120.6300,200
1470935480,120.6500,120.6500,120.6500,120.6500,100
1470935539,120.6200,120.6599,120.6200,120.6500,1600
1470935627,120.6100,120.6200,120.6000,120.6200,1000
1470935666,120.5700,120.6000,120.5700,120.6000,400
1470935765,120.5800,120.5800,120.5500,120.5500,1300
1470935848,120.5400,120.5700,120.5400,120.5700,1800
1470935897,120.5500,120.5500,120.5350,120.5500,1900
1470935976,120.5250,120.5400,120.5200,120.5400,400
1470936008,120.5200,120.5200,120.5200,120.5200,300
1470936144,120.5100,120.5100,120.5100,120.5100,600
1470936202,120.5100,120.5100,120.5100,120.5100,200
1470936294,120.5200,120.5450,120.5100,120.5100,2900
1470936351,120.5300,120.5400,120.5200,120.5200,700
1470936418,120.5600,120.5600,120.5600,120.5600,600
1470936427,120.5500,120.5800,120.5500,120.5600,900
1470936562,120.5500,120.5500,120.5500,120.5500,300
1470936611,120.5800,120.5900,120.5800,120.5900,600
1470936709,120.5800,120.5900,120.5800,120.5900,300
1470936774,120.6000,120.6000,120.6000,120.6000,300
1470936821,120.5800,120.6000,120.5800,120.6000,1000
1470936881,120.5700,120.5700,120.5700,120.5700,200
1470936920,120.5400,120.5600,120.5400,120.5600,900
1470937033,120.5400,120.5500,120.5400,120.5400,600
1470937132,120.5450,120.5500,120.5450,120.5500,200
1470937142,120.5400,120.5500,120.5400,120.5400,800
1470937227,120.5500,120.5500,120.5500,120.5500,500
1470937266,120.5500,120.5600,120.5500,120.5600,200
1470937323,120.5300,120.5700,120.5300,120.5600,2600
1470937396,120.5400,120.5400,120.5400,120.5400,200
1470937486,120.5600,120.5600,120.5400,120.5400,500
1470937503,120.5650,120.5650,120.5650,120.5650,300
1470937582,120.5750,120.5750,120.5650,120.5650,900
1470937620,120.6000,120.6000,120.5800,120.5800,300
1470937710,120.6100,120.6100,120.6100,120.6100,100
1470937836,120.6000,120.6000,120.6000,120.6000,300
1470937918,120.6400,120.6400,120.6300,120.6300,800
1470937920,120.6400,120.6600,120.6400,120.6400,800
1470938034,120.6400,120.6500,120.6400,120.6500,500
1470938046,120.6200,120.6200,120.6200,120.6200,300
1470938217,120.6000,120.6400,120.6000,120.6300,1600
1470938270,120.6126,120.6126,120.6100,120.6100,300
1470938334,120.6200,120.6200,120.6100,120.6100,1100
1470938350,120.6200,120.6300,120.6200,120.6200,1600
1470938590,120.6600,120.6700,120.6250,120.6400,3000
1470938650,120.6600,120.6650,120.6600,120.6650,400
1470938708,120.6611,120.6611,120.6611,120.6611,200
1470938772,120.6600,120.6600,120.6500,120.6500,1600
1470938824,120.6500,120.6600,120.6500,120.6500,1200
1470938938,120.6350,120.6350,120.6350,120.6350,700
1470938987,120.6200,120.6300,120.6000,120.6300,3500
1470939059,120.6200,120.6400,120.6200,120.6300,1500
1470939091,120.6300,120.6300,120.6300,120.6300,400
1470939140,120.6625,120.6800,120.6500,120.6500,1600
1470939188,120.6400,120.6500,120.6400,120.6500,500
1470939292,120.6400,120.6600,120.6400,120.6600,1000
1470939350,120.6400,120.6600,120.6200,120.6300,1200
1470939379,120.6200,120.6500,120.6200,120.6500,1100
1470939455,120.6150,120.6300,120.6000,120.6000,400
1470939517,120.6300,120.6300,120.6150,120.6200,1300
1470939613,120.6400,120.6400,120.6250,120.6250,600
1470939663,120.6500,120.6500,120.6300,120.6400,300
1470939741,120.6500,120.6700,120.6500,120.6700,400
1470939836,120.6800,120.6800,120.6800,120.6800,100
1470939872,120.6400,120.6400,120.6400,120.6400,200
1470939997,120.6700,120.6800,120.6500,120.6600,3000
1470940028,120.6800,120.6900,120.6700,120.6700,2500
1470940088,120.6600,120.6900,120.6600,120.6700,1100
1470940164,120.6500,120.6500,120.6500,120.6500,100
1470940210,120.6100,120.6500,120.6100,120.6500,1800
1470940279,120.5900,120.6100,120.5900,120.6100,2300
1470940322,120.5304,120.5400,120.5200,120.5400,1300
1470940479,120.5080,120.5400,120.5080,120.5200,1400
1470940540,120.6000,120.6000,120.6000,120.6000,300
1470940594,120.5600,120.5700,120.5600,120.5700,300
1470940636,120.5100,120.5900,120.5100,120.5900,900
1470940685,120.4900,120.4900,120.4900,120.4900,100
1470940757,120.5200,120.5292,120.5050,120.5292,700
1470940865,120.4900,120.5100,120.4900,120.5000,600
1470940957,120.4800,120.4800,120.4800,120.4800,100
1470941021,120.5000,120.5000,120.4800,120.4800,800
1470941049,120.5850,120.5850,120.5100,120.5200,1800
1470941117,120.5600,120.6000,120.5600,120.6000,1200
1470941190,120.5600,120.5600,120.5550,120.5600,1300
1470941238,120.5500,120.5550,120.5500,120.5500,2400
1470941280,120.5400,120.5400,120.5400,120.5400,400
1470941429,120.5100,120.5200,120.5000,120.5100,3700
1470941472,120.5250,120.5250,120.5250,120.5250,100
1470941537,120.5400,120.5400,120.5100,120.5100,1700
1470941636,120.5300,120.5300,120.5300,120.5300,400
1470941704,120.5100,120.5300,120.4900,120.5300,3200
1470941760,120.4000,120.5100,120.3400,120.5000,3600
1470941870,120.4100,120.4500,120.3900,120.3900,1600
1470941898,120.4100,120.4100,120.4100,120.4100,200
1470941941,120.4600,120.4600,120.4200,120.4300,2800
1470942001,120.4700,120.4880,120.4700,120.4880,900
1470942066,120.5200,120.5200,120.4700,120.4700,1200
1470942125,120.5600,120.5600,120.5100,120.5200,1700
1470942180,120.5500,120.5700,120.5000,120.5500,2800
1470942248,120.5400,120.5800,120.5400,120.5800,500
1470942322,120.5290,120.5300,120.5100,120.5300,800
1470942366,120.5100,120.5300,120.5000,120.5300,700
1470942420,120.5500,120.5700,120.5400,120.5400,1100
1470942533,120.6100,120.6100,120.5750,120.5750,500
1470942540,120.6200,120.6200,120.6200,120.6200,100
1470942643,120.6150,120.6150,120.6100,120.6100,800
1470942680,120.6400,120.6600,120.6300,120.6300,1300
1470942733,120.6300,120.6300,120.6300,120.6300,700
1470942802,120.5900,120.5900,120.5900,120.5900,100
1470942882,120.6300,120.6300,120.5900,120.5900,1000
1470942903,120.5800,120.6300,120.5800,120.6300,1100
1470943064,120.5600,120.5600,120.5600,120.5600,200
1470943110,120.6100,120.6100,120.5300,120.5700,2400
1470943142,120.6000,120.6200,120.5600,120.6000,3000
1470943249,120.6000,120.6000,120.6000,120.6000,400
1470943292,120.5900,120.6300,120.5800,120.6100,3600
1470943330,120.6000,120.6200,120.5600,120.5700,1900
1470943399,120.6000,120.6100,120.5800,120.6100,1100
1470943468,120.5600,120.5900,120.5600,120.5900,1600
1470943591,120.5800,120.5800,120.5600,120.5700,500
1470943623,120.5700,120.5900,120.5600,120.5700,900
1470943682,120.6000,120.6000,120.6000,120.6000,800
1470943742,120.6000,120.6000,120.5600,120.5700,900
1470943827,120.5900,120.6100,120.5900,120.6000,2500
1470943865,120.6000,120.6100,120.6000,120.6000,3400
1470943995,120.6100,120.6200,120.5800,120.6000,3000
1470944060,120.6400,120.6400,120.6000,120.6100,3100
1470944110,120.6200,120.6400,120.6200,120.6300,2000
1470944177,120.6400,120.6400,120.6200,120.6400,1700
1470944220,120.6500,120.6900,120.6200,120.6200,4200
1470944313,120.6700,120.6700,120.6350,120.6350,1200
1470944368,120.6900,120.6900,120.6600,120.6600,900
1470944412,120.6800,120.6800,120.6600,120.6800,3100
1470944502,120.6200,120.6600,120.6200,120.6600,1400
1470944551,120.6000,120.6399,120.5950,120.6200,4000
1470944599,120.6000,120.6100,120.6000,120.6100,2200
1470944655,120.6000,120.6000,120.6000,120.6000,400
1470944702,120.5900,120.6300,120.5900,120.6000,7700
1470944778,120.6100,120.6500,120.6000,120.6200,3000
1470944821,120.5500,120.6200,120.5401,120.6200,9100
1470944880,120.5800,120.5800,120.5700,120.5700,2200
1470944984,120.5400,120.5600,120.5200,120.5600,3600
1470945000,120.5100,120.5300,120.5100,120.5100,9800
1470945086,120.5100,120.5300,120.5100,120.5200,3900
1470945176,120.5000,120.5300,120.5000,120.5100,5500
1470945189,120.4950,120.5300,120.4950,120.5200,7100
1470945276,120.4900,120.5000,120.4900,120.5000,3400
1470945322,120.4900,120.4900,120.4800,120.4900,4800
1470945386,120.4700,120.4800,120.4600,120.4600,700
1470945428,120.4750,120.4750,120.4600,120.4600,2800
1470945480,120.4000,120.4800,120.3900,120.4700,16400
1470945544,120.4000,120.4000,120.3900,120.4000,20700
1470945600,120.4100,120.4100,120.4100,120.4100,54900
