uri:/instrument/1.0/NDAQ/chartdata;type=quote;range=1d/csv
ticker:ndaq
Company-Name:Nasdaq, Inc.
Exchange-Name:NMS
unit:MIN
timezone:EDT
currency:USD
gmtoffset:-14400
previous_close:70.2300
Timestamp:1470835800,1470859200
labels:1470837600,1470841200,1470844800,1470848400,1470852000,1470855600,1470859200
values:Timestamp,close,high,low,open,volume
close:69.9600,70.5300
high:70.0300,70.5400
low:69.9600,70.5200
open:69.9900,70.5300
volume:0,113800
1470835802,70.0500,70.1200,70.0500,70.1200,29600
1470835911,70.2400,70.2400,70.2400,70.2400,500
1470836037,70.1400,70.2189,70.1400,70.1800,600
1470836099,70.1200,70.1500,70.1150,70.1400,600
1470836155,70.0400,70.1150,70.0400,70.0900,10500
1470836162,70.0600,70.0600,70.0100,70.0100,3400
1470836229,69.9600,70.0300,69.9600,70.0300,4600
1470836293,70.0010,70.1100,69.9900,69.9900,5300
1470836352,70.1000,70.1000,70.0600,70.0700,600
1470836410,70.1800,70.1800,70.1100,70.1100,2300
1470836460,70.3100,70.3400,70.1800,70.1800,2100
1470836521,70.3630,70.3630,70.2700,70.2700,900
1470836630,70.3800,70.4000,70.3800,70.3800,1300
1470836654,70.4900,70.4900,70.3700,70.3900,5300
1470836756,70.4300,70.4950,70.4200,70.4400,3500
1470836815,70.3850,70.4300,70.3800,70.4300,4600
1470836878,70.3800,70.4050,70.3800,70.3850,3600
1470836938,70.3150,70.3900,70.3150,70.3850,2100
1470836990,70.3300,70.3300,70.3100,70.3150,1200
1470837047,70.3700,70.3700,70.3350,70.3400,3200
1470837109,70.3500,70.3700,70.3500,70.3700,1900
1470837152,70.3550,70.3550,70.3500,70.3500,600
1470837239,70.3400,70.3650,70.3400,70.3600,2700
1470837271,70.3450,70.3500,70.3450,70.3500,600
1470837356,70.3400,70.3400,70.3300,70.3300,1300
1470837361,70.3500,70.3500,70.3400,70.3400,3000
1470837465,70.4100,70.4500,70.3600,70.3600,6200
1470837487,70.4000,70.4100,70.3900,70.4000,1600
1470837542,70.4000,70.4000,70.3900,70.4000,800
1470837600,70.4700,70.4800,70.3800,70.3800,2400
1470837691,70.4640,70.4700,70.4500,70.4700,2800
1470837779,70.4500,70.4700,70.4500,70.4600,1700
1470837784,70.4300,70.4300,70.4300,70.4300,200
1470837897,70.4700,70.4700,70.4700,70.4700,1800
1470837900,70.4600,70.4900,70.4600,70.4700,2700
1470838007,70.4500,70.4600,70.4400,70.4600,1900
1470838029,70.4983,70.4983,70.4600,70.4700,1400
1470838102,70.4800,70.5000,70.4800,70.5000,3100
1470838143,70.4800,70.4800,70.4700,70.4800,1300
1470838256,70.5000,70.5000,70.4700,70.4900,3400
1470838266,70.5000,70.5050,70.4900,70.5000,3400
1470838325,70.4800,70.5000,70.4800,70.5000,2200
1470838405,70.5100,70.5100,70.5100,70.5100,400
1470838451,70.5100,70.5200,70.5000,70.5200,1600
1470838529,70.5300,70.5300,70.5200,70.5200,1600
1470838568,70.5100,70.5350,70.5100,70.5300,3800
1470838678,70.4346,70.5300,70.4346,70.5100,3200
1470838714,70.4700,70.4700,70.4300,70.4300,1300
1470838741,70.4545,70.4551,70.4400,70.4551,2100
1470838807,70.5200,70.5200,70.4500,70.4500,2200
1470838912,70.5300,70.5300,70.5200,70.5300,2600
1470838970,70.5300,70.5400,70.5200,70.5300,2100
1470839036,70.5100,70.5200,70.5000,70.5100,1600
1470839051,70.5200,70.5200,70.5100,70.5100,700
1470839130,70.4700,70.5200,70.4700,70.5200,4600
1470839210,70.4300,70.4700,70.4100,70.4700,1100
1470839228,70.4300,70.4500,70.4300,70.4400,900
1470839283,70.4900,70.4900,70.4450,70.4500,1600
1470839377,70.4800,70.5200,70.4800,70.5200,300
1470839400,70.4800,70.5200,70.4800,70.5200,3100
1470839577,70.4400,70.5000,70.4400,70.4800,6100
1470839639,70.4300,70.4500,70.3800,70.4500,19100
1470839693,70.4000,70.4400,70.3900,70.4400,4700
1470839755,70.3700,70.4000,70.3600,70.4000,2000
1470839766,70.3300,70.3500,70.3300,70.3500,1700
1470839864,70.3200,70.3200,70.3000,70.3000,2600
1470839882,70.3600,70.3600,70.3200,70.3200,1800
1470839994,70.3500,70.3600,70.3500,70.3500,900
1470840000,70.3800,70.3800,70.3500,70.3500,1600
1470840070,70.4200,70.4200,70.3900,70.3900,1000
1470840126,70.4100,70.4200,70.4100,70.4200,1900
1470840188,70.3900,70.4200,70.3900,70.4200,4000
1470840248,70.3800,70.3900,70.3800,70.3900,700
1470840356,70.4100,70.4100,70.3863,70.3863,3100
1470840363,70.3700,70.3900,70.3700,70.3900,1300
1470840478,70.3800,70.3800,70.3700,70.3800,1300
1470840539,70.4100,70.4100,70.3900,70.3900,1400
1470840552,70.3900,70.4100,70.3900,70.4000,5300
1470840641,70.3800,70.3900,70.3800,70.3900,1500
1470840717,70.3800,70.3800,70.3800,70.3800,1800
1470840726,70.3900,70.3900,70.3800,70.3800,800
1470840783,70.3900,70.3900,70.3900,70.3900,1200
1470840842,70.3900,70.4000,70.3900,70.3900,3500
1470840953,70.4000,70.4000,70.3900,70.3900,700
1470840975,70.4000,70.4100,70.3900,70.4000,2900
1470841057,70.4100,70.4100,70.4000,70.4100,1300
1470841082,70.4300,70.4300,70.4200,70.4200,1600
1470841162,70.4500,70.4500,70.4300,70.4300,800
1470841201,70.4800,70.4800,70.4500,70.4500,1200
1470841262,70.5000,70.5000,70.4800,70.4800,500
1470841327,70.4900,70.5000,70.4900,70.4900,6300
1470841384,70.4900,70.4900,70.4800,70.4900,2200
1470841466,70.4900,70.4900,70.4900,70.4900,1000
1470841512,70.4700,70.4900,70.4700,70.4900,2400
1470841562,70.4500,70.4800,70.4400,70.4800,3700
1470841659,70.4800,70.4800,70.4500,70.4500,1200
1470841693,70.4900,70.5000,70.4900,70.4900,1100
1470841797,70.4600,70.5000,70.4600,70.5000,3900
1470841800,70.4100,70.4600,70.4100,70.4600,2800
1470841900,70.4000,70.4000,70.4000,70.4000,400
1470841968,70.3800,70.4000,70.3700,70.3900,2500
1470841999,70.3900,70.4100,70.3900,70.4100,300
1470842077,70.4100,70.4200,70.4100,70.4200,300
1470842116,70.3900,70.4100,70.3700,70.4100,4700
1470842216,70.3600,70.3700,70.3500,70.3700,1100
1470842221,70.3500,70.3600,70.3300,70.3600,1900
1470842339,70.3400,70.3600,70.3400,70.3600,2300
1470842346,70.3300,70.3300,70.3300,70.3300,200
1470842405,70.3300,70.3400,70.3300,70.3400,1000
1470842501,70.3500,70.3500,70.3450,70.3500,700
1470842533,70.3300,70.3500,70.3300,70.3400,2100
1470842581,70.2900,70.3300,70.2800,70.3300,3300
1470842643,70.2500,70.2750,70.2500,70.2750,1200
1470842758,70.2500,70.2500,70.2500,70.2500,100
1470842777,70.2700,70.2700,70.2500,70.2500,2000
1470842820,70.3000,70.3000,70.2600,70.2600,2400
1470842957,70.2400,70.3100,70.2400,70.3100,2500
1470843075,70.2400,70.2400,70.2000,70.2100,3000
1470843152,70.1900,70.2300,70.1900,70.2300,700
1470843299,70.2100,70.2100,70.2100,70.2100,100
1470843300,70.2200,70.2200,70.2200,70.2200,800
1470843440,70.2500,70.2500,70.2300,70.2300,900
1470843498,70.2300,70.2301,70.2300,70.2301,700
1470843567,70.2400,70.2400,70.2400,70.2400,500
1470843622,70.2300,70.2500,70.2300,70.2400,1000
1470843667,70.2400,70.2400,70.2400,70.2400,600
1470843727,70.2300,70.2300,70.2300,70.2300,700
1470843800,70.2450,70.2450,70.2400,70.2400,1000
1470843933,70.2300,70.2300,70.2300,70.2300,1400
1470843986,70.2200,70.2319,70.2200,70.2319,1300
1470844033,70.2200,70.2200,70.2100,70.2100,700
1470844100,70.2300,70.2300,70.2300,70.2300,100
1470844163,70.2000,70.2000,70.2000,70.2000,200
1470844273,70.2400,70.2400,70.2200,70.2300,900
1470844326,70.2200,70.2300,70.2200,70.2300,1300
1470844385,70.2300,70.2500,70.2300,70.2400,1700
1470844453,70.2200,70.2200,70.2200,70.2200,100
1470844559,70.2100,70.2100,70.2000,70.2000,700
1470844587,70.2400,70.2400,70.2300,70.2300,700
1470844732,70.2400,70.2400,70.2400,70.2400,600
1470844785,70.2400,70.2450,70.2400,70.2400,300
1470844804,70.2200,70.2300,70.2200,70.2300,800
1470844865,70.2700,70.2700,70.2250,70.2250,1600
1470844944,70.2750,70.3000,70.2750,70.2800,1700
1470844986,70.2850,70.2900,70.2800,70.2800,1500
1470845040,70.3000,70.3100,70.2900,70.2900,1200
1470845115,70.3400,70.3400,70.3200,70.3200,1700
1470845195,70.3500,70.3500,70.3500,70.3500,100
1470845240,70.3600,70.3800,70.3600,70.3700,1100
1470845322,70.3850,70.3850,70.3800,70.3800,600
1470845341,70.4000,70.4000,70.4000,70.4000,1500
1470845400,70.3500,70.4000,70.3500,70.3900,2500
1470845463,70.3300,70.3400,70.3300,70.3400,200
1470845572,70.3100,70.3300,70.3100,70.3150,400
1470845589,70.3000,70.3100,70.3000,70.3100,1500
1470845759,70.2600,70.2600,70.2600,70.2600,100
1470845761,70.3000,70.3000,70.2500,70.2500,2000
1470845827,70.3000,70.3000,70.3000,70.3000,300
1470845919,70.2800,70.3000,70.2800,70.3000,1100
1470845946,70.2500,70.2800,70.2500,70.2800,2700
1470846100,70.2600,70.2600,70.2600,70.2600,400
1470846176,70.2400,70.2601,70.2400,70.2601,1600
1470846213,70.2400,70.2400,70.2350,70.2400,1000
1470846269,70.2200,70.2300,70.2100,70.2300,1600
1470846322,70.2200,70.2200,70.2200,70.2200,100
1470846393,70.2100,70.2400,70.2100,70.2400,200
1470846440,70.2100,70.2100,70.2100,70.2100,100
1470846496,70.2100,70.2100,70.2000,70.2100,900
1470846579,70.2000,70.2100,70.2000,70.2100,1000
1470846601,70.1900,70.2000,70.1900,70.2000,500
1470846664,70.2300,70.2300,70.2100,70.2100,400
1470846765,70.2400,70.2450,70.2400,70.2400,700
1470846780,70.2700,70.2700,70.2500,70.2500,900
1470846895,70.3000,70.3000,70.2700,70.2700,800
1470846955,70.3300,70.3300,70.3100,70.3100,700
1470846961,70.3400,70.3500,70.3400,70.3400,1100
1470847038,70.3500,70.3500,70.3500,70.3500,400
1470847083,70.4000,70.4000,70.3900,70.3900,500
1470847143,70.4200,70.4200,70.4100,70.4100,400
1470847243,70.4500,70.4500,70.4400,70.4400,800
1470847276,70.4300,70.4500,70.4300,70.4500,800
1470847353,70.4300,70.4300,70.4300,70.4300,300
1470847396,70.4400,70.4400,70.4250,70.4300,1000
1470847447,70.4300,70.4300,70.4300,70.4300,1200
1470847514,70.4300,70.4300,70.4300,70.4300,200
1470847582,70.4400,70.4400,70.4300,70.4300,700
1470847683,70.4400,70.4600,70.4400,70.4500,1700
1470847770,70.4100,70.4350,70.4100,70.4350,800
1470847801,70.3800,70.4100,70.3800,70.4100,1400
1470847876,70.4100,70.4100,70.3900,70.3900,500
1470847930,70.4100,70.4100,70.4100,70.4100,900
1470848007,70.4100,70.4100,70.4100,70.4100,400
1470848070,70.4100,70.4100,70.4100,70.4100,800
1470848119,70.4000,70.4200,70.4000,70.4200,1300
1470848168,70.3900,70.3900,70.3900,70.3900,700
1470848230,70.4100,70.4100,70.4000,70.4000,700
1470848295,70.4200,70.4200,70.4100,70.4100,600
1470848358,70.4100,70.4200,70.4100,70.4200,700
1470848422,70.3800,70.4000,70.3800,70.4000,1900
1470848517,70.3800,70.3800,70.3800,70.3800,200
1470848547,70.3700,70.3800,70.3700,70.3800,400
1470848669,70.3700,70.3800,70.3700,70.3800,300
1470848752,70.3800,70.3800,70.3700,70.3700,200
1470848819,70.3800,70.3800,70.3700,70.3800,1000
1470848866,70.3800,70.3900,70.3750,70.3800,1800
1470848880,70.3700,70.3800,70.3700,70.3800,500
1470848978,70.3900,70.3900,70.3800,70.3800,700
1470849061,70.3700,70.3900,70.3700,70.3900,2400
1470849173,70.3600,70.3700,70.3600,70.3700,300
1470849180,70.3400,70.3600,70.3400,70.3600,1000
1470849259,70.3500,70.3500,70.3400,70.3400,600
1470849396,70.3300,70.3400,70.3300,70.3400,1300
1470849428,70.3400,70.3400,70.3300,70.3300,1700
1470849523,70.3200,70.3300,70.3200,70.3300,2000
1470849587,70.3100,70.3100,70.3100,70.3100,300
1470849602,70.3100,70.3100,70.3000,70.3100,900
1470849701,70.3241,70.3241,70.3241,70.3241,400
1470849782,70.3300,70.3300,70.3300,70.3300,200
1470849848,70.3300,70.3300,70.3300,70.3300,700
1470849923,70.3300,70.3300,70.3300,70.3300,100
1470850008,70.3500,70.3500,70.3400,70.3400,1300
1470850047,70.3650,70.3650,70.3600,70.3600,1100
1470850084,70.3500,70.3600,70.3400,70.3600,1300
1470850192,70.3450,70.3450,70.3450,70.3450,100
1470850224,70.3450,70.3450,70.3400,70.3450,800
1470850293,70.3300,70.3400,70.3300,70.3400,1400
1470850374,70.3100,70.3300,70.3100,70.3300,1800
1470850399,70.3000,70.3200,70.3000,70.3100,1300
1470850458,70.3100,70.3115,70.2950,70.3000,1100
1470850532,70.3100,70.3100,70.3100,70.3100,400
1470850602,70.3200,70.3200,70.3200,70.3200,500
1470850677,70.3300,70.3300,70.3300,70.3300,1400
1470850680,70.3300,70.3300,70.3300,70.3300,1100
1470850807,70.3000,70.3300,70.3000,70.3300,2600
1470850869,70.2900,70.2900,70.2800,70.2800,1300
1470851032,70.3000,70.3000,70.3000,70.3000,600
1470851139,70.3100,70.3100,70.3099,70.3099,700
1470851168,70.2900,70.3200,70.2900,70.3200,2300
1470851293,70.3000,70.3000,70.2900,70.2900,1300
1470851352,70.2900,70.3050,70.2900,70.3000,1200
1470851494,70.2700,70.2900,70.2700,70.2900,2200
1470851585,70.2600,70.2700,70.2500,70.2700,3700
1470851659,70.2600,70.2700,70.2600,70.2650,1600
1470851873,70.2700,70.2800,70.2700,70.2800,3400
1470851882,70.2700,70.2700,70.2700,70.2700,1300
1470851953,70.2600,70.2600,70.2500,70.2600,900
1470852002,70.2500,70.2600,70.2400,70.2600,2200
1470852116,70.2700,70.2700,70.2500,70.2500,2700
1470852137,70.2700,70.2700,70.2501,70.2700,3000
1470852181,70.2700,70.2700,70.2700,70.2700,1000
1470852247,70.2600,70.2800,70.2600,70.2700,2400
1470852316,70.2500,70.2500,70.2400,70.2400,600
1470852370,70.2700,70.2700,70.2500,70.2500,1900
1470852461,70.2600,70.2800,70.2500,70.2800,2700
1470852480,70.2300,70.2700,70.2200,70.2600,5400
1470852597,70.2200,70.2400,70.2200,70.2400,700
1470852602,70.2000,70.2200,70.2000,70.2200,1300
1470852682,70.1900,70.1901,70.1800,70.1900,1200
1470852723,70.2100,70.2100,70.1900,70.1900,2600
1470852821,70.2100,70.2100,70.2100,70.2100,300
1470852895,70.1600,70.2100,70.1600,70.2100,3600
1470852900,70.1700,70.1800,70.1600,70.1600,1400
1470853000,70.1800,70.1800,70.1700,70.1800,1000
1470853026,70.2100,70.2100,70.1700,70.1800,2100
1470853135,70.2050,70.2100,70.2050,70.2100,200
1470853157,70.1300,70.2000,70.1300,70.2000,4400
1470853425,70.1100,70.1400,70.1100,70.1399,3700
1470853440,70.1400,70.1600,70.1100,70.1250,1700
1470853525,70.1500,70.1500,70.1500,70.1500,1400
1470853564,70.1100,70.1500,70.1100,70.1500,2900
1470853631,70.0900,70.1100,70.0900,70.1100,1300
1470853683,70.1000,70.1200,70.0900,70.0900,2800
1470853755,70.1200,70.1200,70.1000,70.1001,700
1470853815,70.1200,70.1200,70.1001,70.1001,1700
1470853882,70.1100,70.1100,70.1100,70.1100,200
1470853979,70.0800,70.1100,70.0700,70.1100,4300
1470853981,70.0700,70.0700,70.0700,70.0700,400
1470854042,70.0800,70.0900,70.0700,70.0800,1600
1470854115,70.0700,70.0800,70.0600,70.0700,3100
1470854218,70.0800,70.0800,70.0800,70.0800,600
1470854238,70.0800,70.0900,70.0800,70.0900,1200
1470854339,70.0700,70.0900,70.0600,70.0900,9700
1470854342,70.0800,70.0800,70.0600,70.0600,1600
1470854443,70.0800,70.0900,70.0800,70.0800,1800
1470854516,70.0600,70.1050,70.0600,70.0900,5700
1470854521,70.0600,70.0600,70.0600,70.0600,400
1470854673,70.0900,70.0900,70.0900,70.0900,100
1470854747,70.0700,70.0700,70.0700,70.0700,1100
1470854779,70.0900,70.0900,70.0700,70.0700,3000
1470854878,70.0800,70.1200,70.0700,70.1200,4000
1470854881,70.0800,70.0900,70.0700,70.0800,7100
1470854956,70.0800,70.0900,70.0700,70.0800,8800
1470855002,70.0800,70.0950,70.0700,70.0800,14000
1470855073,70.1300,70.1300,70.0900,70.0900,1900
1470855168,70.1500,70.1500,70.1500,70.1500,400
1470855190,70.1800,70.1800,70.1600,70.1600,300
1470855247,70.1500,70.1600,70.1500,70.1600,1900
1470855334,70.1550,70.1600,70.1400,70.1400,1700
1470855360,70.2000,70.2000,70.1501,70.1600,2400
1470855449,70.2000,70.2100,70.2000,70.2100,1500
1470855531,70.2000,70.2000,70.2000,70.2000,500
1470855559,70.2200,70.2200,70.2100,70.2100,1300
1470855601,70.2300,70.2400,70.2300,70.2300,2300
1470855671,70.2700,70.2800,70.2400,70.2400,9200
1470855730,70.3000,70.3000,70.2700,70.2700,2100
1470855784,70.2900,70.3000,70.2900,70.3000,1900
1470855842,70.3200,70.3200,70.2900,70.3000,3100
1470855905,70.3300,70.3300,70.3200,70.3200,1400
1470855968,70.3350,70.3500,70.3300,70.3300,1900
1470856022,70.3600,70.3600,70.3300,70.3300,2200
1470856080,70.3800,70.3850,70.3700,70.3700,3400
1470856155,70.4100,70.4100,70.3800,70.3800,2100
1470856258,70.3750,70.4100,70.3750,70.4100,5900
1470856260,70.3150,70.3700,70.3100,70.3700,6200
1470856377,70.3300,70.3400,70.3200,70.3200,2800
1470856388,70.3600,70.3650,70.3200,70.3300,1700
1470856440,70.3400,70.3600,70.3000,70.3600,3100
1470856503,70.3800,70.3800,70.3350,70.3400,1600
1470856564,70.3900,70.3900,70.3700,70.3800,1900
1470856679,70.3700,70.4100,70.3700,70.4000,5000
1470856739,70.3850,70.3900,70.3700,70.3700,1600
1470856796,70.4250,70.4250,70.3600,70.3700,2200
1470856808,70.4200,70.4400,70.4200,70.4300,3000
1470856916,70.4500,70.4500,70.4200,70.4200,1800
1470856926,70.4800,70.4800,70.4600,70.4600,1200
1470857038,70.4800,70.4800,70.4600,70.4800,2600
1470857094,70.4498,70.4850,70.4300,70.4800,7400
1470857112,70.3900,70.4500,70.3800,70.4500,4900
1470857164,70.3600,70.3901,70.3400,70.3900,9300
1470857223,70.3500,70.3600,70.3500,70.3600,1100
1470857339,70.3500,70.3600,70.3500,70.3500,900
1470857343,70.3000,70.3600,70.2900,70.3600,9300
1470857457,70.3200,70.3300,70.3000,70.3100,5300
1470857468,70.3000,70.3400,70.2900,70.3400,7900
1470857520,70.3000,70.3000,70.2900,70.2950,1700
1470857638,70.3100,70.3100,70.2900,70.3000,3900
1470857644,70.3000,70.3600,70.3000,70.3100,7200
1470857700,70.3100,70.3200,70.3000,70.3000,3300
1470857815,70.3200,70.3200,70.3200,70.3200,500
1470857821,70.3300,70.3400,70.3200,70.3200,4000
1470857937,70.3400,70.3400,70.3200,70.3400,3400
1470857942,70.3400,70.3400,70.3399,70.3400,2000
1470858002,70.3200,70.3450,70.3100,70.3314,11000
1470858119,70.3400,70.3400,70.3237,70.3300,1100
1470858178,70.3200,70.3400,70.3200,70.3400,3700
1470858182,70.3050,70.3300,70.3000,70.3200,6500
1470858298,70.2850,70.2900,70.2850,70.2900,2400
1470858306,70.2950,70.3000,70.2800,70.2850,2400
1470858419,70.3100,70.3200,70.3000,70.3000,8000
1470858471,70.3050,70.3100,70.3024,70.3024,1400
1470858482,70.2950,70.3100,70.2900,70.3050,6600
1470858541,70.3100,70.3100,70.2950,70.3000,4800
1470858600,70.3000,70.3300,70.2950,70.3100,29200
1470858686,70.3000,70.3000,70.2900,70.3000,2000
1470858720,70.3000,70.3200,70.2950,70.2950,15400
1470858780,70.3000,70.3000,70.2950,70.3000,2900
1470858899,70.3000,70.3050,70.2950,70.3000,7200
1470858905,70.3100,70.3100,70.2950,70.3000,16500
1470858960,70.3000,70.3050,70.2900,70.3000,8900
1470859021,70.3000,70.3000,70.2900,70.2900,10000
1470859138,70.2900,70.3000,70.2900,70.2900,13200
1470859140,70.3200,70.3200,70.2550,70.2950,113800
1470859200,70.3200,70.3200,70.3200,70.3200,0
