uri:/instrument/1.0/VUG/chartdata;type=quote;range=1d/csv
ticker:vug
Company-Name:Vanguard Growth ETF - DNQ
Exchange-Name:PCX
unit:MIN
timezone:EDT
currency:USD
gmtoffset:-14400
previous_close:112.7700
Timestamp:1471440600,1471464000
labels:1471442400,1471446000,1471449600,1471453200,1471456800,1471460400,1471464000
values:Timestamp,close,high,low,open,volume
close:112.1699,112.8887
high:112.1882,112.8887
low:112.1699,112.8825
open:112.1882,112.8860
volume:100,25200
1471440600,112.7800,112.7800,112.7400,112.7400,25200
1471440829,112.6900,112.6900,112.6700,112.6700,900
1471440934,112.6500,112.6700,112.6500,112.6700,300
1471440962,112.5700,112.5986,112.5700,112.5986,400
1471441065,112.5500,112.5900,112.5500,112.5900,800
1471441145,112.5200,112.5200,112.5200,112.5200,400
1471441274,112.5556,112.5556,112.5556,112.5556,200
1471441324,112.5300,112.5368,112.5300,112.5368,200
1471441475,112.5525,112.5525,112.5411,112.5411,900
1471441558,112.5600,112.5600,112.5000,112.5000,200
1471441626,112.5800,112.6019,112.5700,112.5730,600
1471441682,112.5899,112.5899,112.5899,112.5899,100
1471441745,112.6074,112.6074,112.6074,112.6074,300
1471441855,112.5900,112.5900,112.5900,112.5900,100
1471441900,112.6000,112.6000,112.6000,112.6000,400
1471441965,112.5100,112.5600,112.4900,112.5600,800
1471442006,112.5100,112.5100,112.5100,112.5100,600
1471442095,112.5508,112.5508,112.5419,112.5419,400
1471442178,112.5408,112.5419,112.5408,112.5419,500
1471442475,112.4710,112.4899,112.4710,112.4899,2900
1471442535,112.4032,112.4600,112.4032,112.4500,500
1471442627,112.4107,112.4107,112.4107,112.4107,500
1471442648,112.4147,112.4199,112.3900,112.3909,1100
1471442774,112.4050,112.4100,112.4050,112.4100,300
1471442948,112.3900,112.4050,112.3900,112.4050,900
1471443029,112.4000,112.4000,112.3800,112.3800,800
1471443078,112.4150,112.4200,112.3968,112.3968,1900
1471443169,112.4647,112.4647,112.4647,112.4647,100
1471443202,112.4590,112.4700,112.4590,112.4600,1100
1471443261,112.4600,112.4600,112.4600,112.4600,500
1471443354,112.4490,112.4490,112.4490,112.4490,200
1471443583,112.4340,112.4340,112.4340,112.4340,100
1471443625,112.4300,112.4401,112.4300,112.4401,400
1471443682,112.4001,112.4075,112.4001,112.4075,600
1471444000,112.4600,112.4600,112.4577,112.4577,400
1471444029,112.4668,112.4668,112.4600,112.4600,400
1471444137,112.4460,112.4460,112.4460,112.4460,300
1471444200,112.5100,112.5400,112.5000,112.5000,1700
1471444348,112.4800,112.4800,112.4800,112.4800,200
1471444403,112.5080,112.5080,112.5080,112.5080,400
1471444617,112.4600,112.4973,112.4600,112.4973,200
1471444625,112.4522,112.4522,112.4522,112.4522,200
1471444689,112.5000,112.5000,112.4700,112.4700,400
1471444765,112.4700,112.4700,112.4700,112.4700,700
1471444883,112.4395,112.4395,112.4395,112.4395,100
1471444938,112.4084,112.4084,112.4084,112.4084,300
1471445094,112.4200,112.4398,112.4200,112.4398,500
1471445106,112.4500,112.4500,112.4500,112.4500,100
1471445170,112.4500,112.4699,112.4500,112.4574,1600
1471445224,112.4500,112.4500,112.4300,112.4300,300
1471445295,112.4600,112.4741,112.4600,112.4741,1000
1471445414,112.4299,112.4299,112.4299,112.4299,400
1471445487,112.4101,112.4101,112.4101,112.4101,200
1471445557,112.4000,112.4000,112.4000,112.4000,100
1471445672,112.4100,112.4100,112.4100,112.4100,400
1471445722,112.4200,112.4200,112.4200,112.4200,100
1471445790,112.4199,112.4199,112.4199,112.4199,100
1471445876,112.4090,112.4150,112.4010,112.4010,1900
1471445926,112.4300,112.4300,112.4201,112.4201,200
1471445981,112.4398,112.4398,112.4200,112.4200,700
1471446015,112.4455,112.4499,112.4390,112.4390,3400
1471446098,112.4500,112.4500,112.4500,112.4500,100
1471446152,112.4600,112.4600,112.4600,112.4600,200
1471446254,112.4400,112.4400,112.4400,112.4400,500
1471446608,112.4515,112.4599,112.4454,112.4454,2300
1471446689,112.4474,112.4474,112.4474,112.4474,200
1471446777,112.4480,112.4480,112.4300,112.4300,1300
1471446784,112.4500,112.4500,112.4373,112.4373,400
1471446850,112.4300,112.4499,112.4300,112.4499,700
1471446930,112.4500,112.4500,112.4500,112.4500,200
1471447000,112.4499,112.4534,112.4499,112.4534,600
1471447048,112.4600,112.4600,112.4600,112.4600,300
1471447139,112.4550,112.4551,112.4500,112.4551,300
1471447188,112.4682,112.4682,112.4510,112.4510,2400
1471447203,112.4335,112.4500,112.4335,112.4500,400
1471447295,112.4098,112.4098,112.4098,112.4098,200
1471447402,112.3570,112.3660,112.3570,112.3637,1400
1471447479,112.3300,112.3300,112.3300,112.3300,300
1471447610,112.3432,112.3523,112.3432,112.3523,1100
1471447629,112.3399,112.3599,112.3399,112.3599,1400
1471447747,112.2799,112.2799,112.2500,112.2500,600
1471447806,112.2799,112.2799,112.2713,112.2713,1100
1471447895,112.2600,112.2600,112.2600,112.2600,200
1471447940,112.2801,112.2887,112.2801,112.2887,700
1471448027,112.2234,112.2234,112.2181,112.2181,300
1471448040,112.2300,112.2429,112.2300,112.2429,800
1471448118,112.2240,112.2240,112.2240,112.2240,200
1471448198,112.2185,112.2185,112.2185,112.2185,400
1471448252,112.2250,112.2340,112.2201,112.2216,1300
1471448339,112.1699,112.2200,112.1699,112.2200,5100
1471448357,112.1950,112.1950,112.1860,112.1900,1000
1471448420,112.1989,112.1989,112.1989,112.1989,500
1471448618,112.2101,112.2101,112.2101,112.2101,100
1471448685,112.2116,112.2199,112.2010,112.2010,1200
1471448734,112.2200,112.2200,112.2200,112.2200,200
1471448948,112.1919,112.1919,112.1919,112.1919,500
1471449138,112.1882,112.1882,112.1882,112.1882,300
1471449256,112.1801,112.2000,112.1801,112.2000,400
1471449339,112.2099,112.2099,112.2000,112.2000,4100
1471449395,112.1924,112.1924,112.1883,112.1883,300
1471449451,112.2200,112.2200,112.2200,112.2200,200
1471449611,112.2047,112.2199,112.1900,112.1900,900
1471449727,112.1975,112.2000,112.1900,112.2000,500
1471449780,112.2123,112.2123,112.2123,112.2123,100
1471449897,112.2020,112.2200,112.2020,112.2200,700
1471449919,112.2089,112.2089,112.2048,112.2048,200
1471450060,112.2100,112.2100,112.2087,112.2087,400
1471450088,112.2206,112.2206,112.2206,112.2206,500
1471450154,112.2231,112.2300,112.2231,112.2300,800
1471450252,112.2298,112.2298,112.2298,112.2298,1000
1471450367,112.2316,112.2316,112.2316,112.2316,200
1471450455,112.2571,112.2700,112.2571,112.2700,400
1471450536,112.2800,112.2800,112.2800,112.2800,100
1471450676,112.2760,112.2760,112.2760,112.2760,200
1471450711,112.2805,112.2880,112.2701,112.2880,3500
1471450765,112.2700,112.2700,112.2600,112.2600,200
1471450819,112.2820,112.2820,112.2664,112.2664,1000
1471450908,112.2800,112.2802,112.2743,112.2802,500
1471450922,112.2851,112.2852,112.2851,112.2852,1300
1471451142,112.3399,112.3399,112.3301,112.3399,500
1471451191,112.3234,112.3300,112.3001,112.3001,1000
1471451254,112.3400,112.3400,112.3400,112.3400,200
1471451310,112.3382,112.3382,112.3382,112.3382,400
1471451502,112.3446,112.3446,112.3446,112.3446,500
1471451561,112.3200,112.3260,112.3200,112.3260,1200
1471451713,112.3364,112.3364,112.3364,112.3364,100
1471451762,112.3325,112.3399,112.3325,112.3399,1000
1471451859,112.3325,112.3325,112.3325,112.3325,600
1471451936,112.3500,112.3500,112.3500,112.3500,100
1471451942,112.3458,112.3500,112.3458,112.3500,1200
1471452194,112.3625,112.3625,112.3500,112.3500,700
1471452265,112.3691,112.3691,112.3691,112.3691,200
1471452305,112.4124,112.4124,112.3819,112.3900,400
1471452380,112.4700,112.4700,112.4699,112.4699,6100
1471452479,112.5197,112.5200,112.5000,112.5100,2200
1471452507,112.5126,112.5126,112.5126,112.5126,200
1471452580,112.5599,112.5599,112.5599,112.5599,300
1471452670,112.6000,112.6000,112.6000,112.6000,100
1471452768,112.5600,112.5841,112.5600,112.5841,2400
1471452782,112.5450,112.5700,112.5330,112.5700,800
1471452928,112.5880,112.5880,112.5800,112.5800,1000
1471453021,112.5789,112.5789,112.5778,112.5778,300
1471453149,112.5300,112.5300,112.5300,112.5300,300
1471453318,112.5550,112.5550,112.5550,112.5550,200
1471453360,112.5514,112.5514,112.5514,112.5514,200
1471453411,112.5411,112.5411,112.5411,112.5411,200
1471453443,112.5420,112.5420,112.5420,112.5420,100
1471453512,112.5326,112.5326,112.5326,112.5326,500
1471453666,112.5100,112.5100,112.5100,112.5100,200
1471453738,112.5116,112.5199,112.5116,112.5199,400
1471453743,112.5151,112.5181,112.5030,112.5030,1500
1471453898,112.5099,112.5099,112.5099,112.5099,200
1471454044,112.4995,112.4995,112.4995,112.4995,300
1471454166,112.5011,112.5100,112.5011,112.5100,400
1471454271,112.5290,112.5290,112.5254,112.5254,200
1471454280,112.5175,112.5225,112.5175,112.5225,1200
1471454459,112.4900,112.5000,112.4800,112.4947,3300
1471454460,112.4900,112.4900,112.4900,112.4900,400
1471454536,112.5067,112.5067,112.4860,112.4860,400
1471454659,112.4764,112.4764,112.4764,112.4764,300
1471454717,112.4700,112.4700,112.4700,112.4700,100
1471454802,112.4723,112.4890,112.4723,112.4779,800
1471454900,112.5001,112.5200,112.5001,112.5200,1400
1471455118,112.5100,112.5100,112.5100,112.5100,100
1471455161,112.5280,112.5280,112.5280,112.5280,400
1471455189,112.5256,112.5256,112.5256,112.5256,100
1471455255,112.5181,112.5208,112.5181,112.5208,700
1471455333,112.5499,112.5499,112.5499,112.5499,200
1471455417,112.5600,112.5600,112.5500,112.5500,1000
1471455424,112.5546,112.5600,112.5501,112.5600,1100
1471455634,112.6974,112.6974,112.6974,112.6974,100
1471455683,112.6700,112.6700,112.6700,112.6700,100
1471455737,112.6600,112.6800,112.6600,112.6800,600
1471455850,112.6200,112.6400,112.6200,112.6400,700
1471455918,112.6200,112.6299,112.5960,112.6299,2300
1471455963,112.6000,112.6180,112.6000,112.6080,1400
1471456036,112.6050,112.6050,112.6000,112.6000,700
1471456117,112.6070,112.6070,112.6002,112.6002,700
1471456150,112.5980,112.5980,112.5980,112.5980,100
1471456233,112.6100,112.6100,112.5960,112.5960,300
1471456270,112.6074,112.6074,112.6074,112.6074,200
1471456377,112.6100,112.6100,112.6100,112.6100,100
1471456415,112.5820,112.5820,112.5820,112.5820,100
1471456450,112.5600,112.5600,112.5389,112.5600,1700
1471456565,112.5468,112.5468,112.5468,112.5468,800
1471456644,112.5190,112.5190,112.5126,112.5126,700
1471456786,112.5110,112.5110,112.4900,112.4900,300
1471456820,112.3400,112.4800,112.3300,112.4800,1900
1471456913,112.5100,112.5100,112.3600,112.3600,3600
1471456925,112.5200,112.5200,112.4700,112.4700,4100
1471457008,112.5200,112.5200,112.4900,112.4900,300
1471457097,112.6500,112.6500,112.5500,112.5500,2600
1471457100,112.5700,112.6200,112.5600,112.6200,1100
1471457168,112.6100,112.6100,112.5700,112.5700,900
1471457277,112.6400,112.6700,112.6100,112.6100,1500
1471457287,112.6500,112.6655,112.6500,112.6500,1200
1471457399,112.6475,112.6700,112.6475,112.6655,3000
1471457438,112.6701,112.6900,112.6501,112.6600,3300
1471457460,112.6600,112.6700,112.6493,112.6660,8400
1471457537,112.7800,112.7800,112.7000,112.7000,2300
1471457581,112.8500,112.8500,112.8100,112.8100,500
1471457642,112.8700,112.8700,112.8380,112.8540,500
1471457715,112.8250,112.8250,112.8250,112.8250,200
1471457761,112.7467,112.7800,112.7400,112.7700,2400
1471457871,112.7500,112.7500,112.7226,112.7226,1400
1471457922,112.7050,112.7599,112.6950,112.7599,3800
1471457944,112.7290,112.7300,112.6901,112.7160,12500
1471458053,112.7200,112.7700,112.7200,112.7700,400
1471458076,112.7100,112.7100,112.7100,112.7100,300
1471458169,112.7000,112.7000,112.7000,112.7000,200
1471458180,112.6610,112.6610,112.6610,112.6610,600
1471458279,112.6780,112.7100,112.6730,112.7000,1400
1471458309,112.7200,112.7200,112.6965,112.7100,1300
1471458380,112.7600,112.7600,112.7100,112.7100,2900
1471458442,112.7899,112.7899,112.7600,112.7700,1300
1471458532,112.7700,112.7900,112.7410,112.7900,5600
1471458570,112.7401,112.7401,112.7401,112.7401,2900
1471458611,112.6700,112.7100,112.6700,112.7100,1200
1471458697,112.6900,112.6900,112.6900,112.6900,300
1471458748,112.7100,112.7100,112.7100,112.7100,600
1471458849,112.7316,112.7390,112.7316,112.7367,500
1471458903,112.7226,112.7500,112.7226,112.7500,200
1471458987,112.6980,112.7099,112.6900,112.7000,2100
1471459038,112.7700,112.7700,112.7200,112.7200,700
1471459114,112.7669,112.7700,112.7669,112.7700,600
1471459167,112.7676,112.7676,112.7676,112.7676,200
1471459206,112.7300,112.7300,112.7300,112.7300,800
1471459272,112.7600,112.7600,112.7399,112.7400,13900
1471459354,112.7700,112.7700,112.7700,112.7700,500
1471459481,112.7126,112.7299,112.7126,112.7299,600
1471459544,112.7416,112.7416,112.7070,112.7070,1800
1471459593,112.7300,112.7413,112.7300,112.7413,600
1471459633,112.7748,112.7748,112.7665,112.7665,200
1471459680,112.8100,112.8200,112.8100,112.8199,1400
1471459769,112.7687,112.7687,112.7687,112.7687,200
1471459816,112.7800,112.7800,112.7700,112.7700,500
1471459915,112.7200,112.7520,112.7200,112.7520,1100
1471459938,112.7199,112.7299,112.7001,112.7120,1600
1471460002,112.7101,112.7101,112.7101,112.7101,200
1471460095,112.7231,112.7231,112.7231,112.7231,100
1471460113,112.7400,112.7400,112.7346,112.7400,500
1471460182,112.7474,112.7474,112.7474,112.7474,400
1471460227,112.7371,112.7470,112.7200,112.7200,1300
1471460289,112.7546,112.7619,112.7287,112.7314,2200
1471460345,112.7546,112.7546,112.7546,112.7546,600
1471460439,112.7400,112.7400,112.7400,112.7400,300
1471460477,112.7654,112.7654,112.7654,112.7654,400
1471460565,112.7200,112.7234,112.7100,112.7234,1800
1471460595,112.7000,112.7000,112.7000,112.7000,100
1471460698,112.7200,112.7200,112.6926,112.6926,1200
1471460707,112.7200,112.7200,112.7200,112.7200,2000
1471460767,112.7304,112.7400,112.7268,112.7399,1100
1471460862,112.7400,112.7499,112.7400,112.7499,800
1471460912,112.6800,112.7000,112.6600,112.6999,3600
1471460962,112.6427,112.6900,112.6418,112.6900,1600
1471461017,112.6401,112.6758,112.6401,112.6758,1200
1471461155,112.6300,112.6300,112.6300,112.6300,700
1471461191,112.6411,112.6411,112.6300,112.6300,1200
1471461300,112.6699,112.6699,112.6699,112.6699,200
1471461371,112.6650,112.6650,112.6600,112.6600,300
1471461472,112.6398,112.6500,112.6398,112.6500,900
1471461499,112.6645,112.6645,112.6600,112.6602,900
1471461598,112.6899,112.6899,112.6820,112.6820,11100
1471461600,112.6900,112.6900,112.6900,112.6900,200
1471461700,112.6800,112.6800,112.6800,112.6800,300
1471461730,112.7200,112.7200,112.7000,112.7000,1600
1471461805,112.7000,112.7128,112.7000,112.7128,800
1471461859,112.7154,112.7154,112.7101,112.7101,700
1471461901,112.7500,112.7500,112.7400,112.7400,1200
1471462134,112.7689,112.7699,112.7689,112.7699,2400
1471462232,112.7800,112.7800,112.7701,112.7701,500
1471462297,112.7620,112.7620,112.7610,112.7610,800
1471462326,112.7800,112.7899,112.7602,112.7602,1100
1471462424,112.7899,112.7899,112.7700,112.7700,1600
1471462499,112.8000,112.8000,112.8000,112.8000,500
1471462623,112.8016,112.8016,112.8016,112.8016,400
1471462682,112.8150,112.8400,112.8100,112.8314,1200
1471462778,112.8340,112.8340,112.8274,112.8274,400
1471462857,112.8050,112.8050,112.8050,112.8050,100
1471462867,112.8202,112.8300,112.8100,112.8299,1500
1471462967,112.8226,112.8299,112.8174,112.8174,1000
1471462995,112.8299,112.8399,112.8174,112.8399,2000
1471463046,112.8600,112.8600,112.8200,112.8200,2000
1471463146,112.8700,112.8700,112.8700,112.8700,300
1471463176,112.8500,112.8600,112.8500,112.8600,500
1471463258,112.8887,112.8887,112.8808,112.8808,400
1471463324,112.8825,112.8825,112.8825,112.8825,200
1471463343,112.8729,112.8729,112.8600,112.8600,2400
1471463473,112.8791,112.8860,112.8791,112.8860,600
1471463540,112.8742,112.8742,112.8700,112.8700,400
1471463625,112.8532,112.8600,112.8400,112.8600,700
1471463681,112.8430,112.8430,112.8430,112.8430,100
1471463715,112.8450,112.8450,112.8375,112.8400,800
1471463764,112.8309,112.8309,112.8309,112.8309,300
1471463820,112.8379,112.8399,112.8000,112.8000,4500
1471463939,112.8500,112.8500,112.8100,112.8200,2300
1471463940,112.8500,112.8600,112.8400,112.8400,5500
1471464000,112.8300,112.8300,112.8300,112.8300,100
