uri:/instrument/1.0/RE/chartdata;type=quote;range=1d/csv
ticker:re
Company-Name:Everest Re Group, Ltd. Common S
Exchange-Name:NYQ
unit:MIN
timezone:EDT
currency:USD
gmtoffset:-14400
previous_close:189.8000
Timestamp:1471267800,1471291200
labels:1471269600,1471273200,1471276800,1471280400,1471284000,1471287600,1471291200
values:Timestamp,close,high,low,open,volume
close:189.1600,190.4150
high:189.1750,190.4150
low:189.1500,190.4150
open:189.1500,190.4150
volume:100,8500
1471268130,189.6500,189.6500,189.6500,189.6500,1600
1471268451,189.8300,189.8300,189.8300,189.8300,300
1471268486,189.6000,189.8800,189.4000,189.6900,2100
1471268575,189.9700,189.9700,189.9600,189.9600,1800
1471268759,190.2500,190.2500,190.2000,190.2000,400
1471268781,190.4150,190.4150,190.4150,190.4150,200
1471268999,189.6000,189.6000,189.6000,189.6000,300
1471269234,189.7800,189.7800,189.7800,189.7800,100
1471269284,189.8000,189.8000,189.8000,189.8000,200
1471269731,190.0400,190.0400,189.9800,189.9800,1000
1471269850,189.7100,189.7100,189.7100,189.7100,200
1471270075,189.7000,189.7000,189.7000,189.7000,100
1471270454,189.9200,189.9200,189.9200,189.9200,500
1471270730,189.9200,189.9200,189.9200,189.9200,200
1471271108,189.6100,189.7800,189.6100,189.7800,1700
1471271206,189.7000,189.7000,189.6600,189.6600,700
1471271427,189.5300,189.5300,189.5300,189.5300,200
1471271756,189.7500,189.7500,189.7500,189.7500,100
1471271788,189.7400,189.7400,189.7400,189.7400,100
1471271844,189.7300,189.7300,189.7300,189.7300,200
1471271977,189.5900,189.6900,189.5900,189.6900,300
1471272156,189.7000,189.7000,189.6800,189.6800,800
1471272271,189.7300,189.7300,189.7300,189.7300,100
1471272431,189.6600,189.7000,189.6400,189.7000,5600
1471272514,189.5500,189.5500,189.5500,189.5500,500
1471272746,189.5300,189.5300,189.5300,189.5300,1800
1471272788,189.5300,189.5300,189.5300,189.5300,300
1471272895,189.5000,189.5000,189.4600,189.4600,300
1471272958,189.5300,189.5300,189.5300,189.5300,800
1471273015,189.5300,189.5300,189.5300,189.5300,100
1471273125,189.4400,189.4400,189.4400,189.4400,700
1471273149,189.4500,189.4500,189.4400,189.4400,400
1471273424,189.4600,189.4600,189.4100,189.4100,400
1471273496,189.3900,189.3900,189.3900,189.3900,400
1471273727,189.4300,189.4300,189.4300,189.4300,100
1471274188,189.5800,189.5800,189.5800,189.5800,200
1471274333,189.4500,189.4500,189.4500,189.4500,100
1471274348,189.2000,189.3700,189.2000,189.3700,1200
1471274649,189.1700,189.2700,189.1700,189.2700,300
1471274744,189.3200,189.3200,189.2700,189.2700,500
1471274811,189.2600,189.2600,189.2600,189.2600,200
1471274907,189.3400,189.3400,189.3400,189.3400,200
1471275189,189.1700,189.2550,189.1500,189.1900,700
1471275469,189.1800,189.1800,189.1800,189.1800,300
1471275618,189.2000,189.2000,189.2000,189.2000,100
1471275825,189.1750,189.1750,189.1750,189.1750,1100
1471275982,189.2800,189.2800,189.1650,189.1650,600
1471276199,189.3100,189.3100,189.1500,189.1500,2300
1471276206,189.2850,189.4000,189.2700,189.3400,1100
1471276294,189.1600,189.2900,189.1600,189.2900,400
1471276485,189.1900,189.1900,189.1900,189.1900,100
1471276567,189.1600,189.2000,189.1600,189.1900,900
1471277023,189.3300,189.3300,189.2900,189.2900,400
1471277042,189.4400,189.4400,189.4400,189.4400,800
1471277452,189.5900,189.5900,189.4800,189.4800,300
1471277583,189.5600,189.5600,189.5600,189.5600,100
1471277676,189.4700,189.4700,189.4700,189.4700,100
1471277753,189.5700,189.5700,189.5700,189.5700,100
1471277868,189.5200,189.5200,189.5200,189.5200,100
1471277932,189.5000,189.5000,189.5000,189.5000,200
1471278064,189.5700,189.5700,189.4800,189.4800,1600
1471278548,189.3200,189.4400,189.3200,189.4200,1000
1471278722,189.2800,189.3300,189.2800,189.3300,400
1471278842,189.3300,189.3300,189.3300,189.3300,300
1471278911,189.4000,189.4000,189.4000,189.4000,200
1471279040,189.3200,189.3450,189.3000,189.3200,700
1471279293,189.2700,189.2700,189.2700,189.2700,600
1471279462,189.2900,189.2900,189.2900,189.2900,200
1471279549,189.2700,189.2700,189.2700,189.2700,100
1471279651,189.3150,189.3150,189.3150,189.3150,100
1471279824,189.4000,189.4000,189.4000,189.4000,100
1471279888,189.4800,189.6900,189.4800,189.6900,1000
1471280154,189.3900,189.4000,189.3900,189.4000,200
1471280254,189.4757,189.4757,189.4757,189.4757,900
1471280353,189.4100,189.5000,189.4100,189.5000,300
1471280759,189.3300,189.4450,189.3300,189.3800,600
1471280819,189.3400,189.3750,189.2800,189.3750,2600
1471280854,189.2301,189.3350,189.2301,189.3350,800
1471280880,189.2900,189.2900,189.2900,189.2900,100
1471280959,189.2300,189.3300,189.2300,189.3300,300
1471281048,189.2700,189.2900,189.1900,189.2800,4500
1471281123,189.2850,189.2900,189.2400,189.2900,700
1471281186,189.2650,189.2650,189.2500,189.2500,1100
1471281414,189.2400,189.3200,189.2400,189.2600,800
1471281430,189.2600,189.2600,189.2200,189.2200,200
1471281533,189.1900,189.2100,189.1900,189.1900,700
1471281690,189.3000,189.3000,189.3000,189.3000,500
1471282076,189.4500,189.4500,189.4500,189.4500,100
1471282218,189.4700,189.4700,189.4700,189.4700,200
1471282382,189.6400,189.6400,189.6400,189.6400,100
1471282575,189.5550,189.6100,189.5550,189.6100,700
1471282798,189.5900,189.5900,189.5800,189.5800,300
1471282809,189.6600,189.6600,189.5800,189.5800,200
1471282966,189.6000,189.6000,189.6000,189.6000,100
1471282999,189.6700,189.6700,189.6700,189.6700,100
1471283206,189.7600,189.7600,189.7600,189.7600,100
1471283380,189.7500,189.7500,189.7500,189.7500,200
1471283510,189.7100,189.7100,189.5800,189.6200,600
1471283609,189.5700,189.6300,189.5700,189.5800,600
1471283775,189.5850,189.5850,189.5850,189.5850,100
1471283832,189.5300,189.5300,189.5300,189.5300,200
1471284172,189.4900,189.5300,189.4500,189.5300,1300
1471284180,189.4700,189.4900,189.3950,189.4400,2600
1471284381,189.4800,189.4800,189.4800,189.4800,100
1471284520,189.5000,189.5000,189.4800,189.4800,200
1471284682,189.4300,189.4300,189.4300,189.4300,200
1471284726,189.4300,189.5400,189.4300,189.5400,200
1471284859,189.5000,189.5500,189.5000,189.5500,200
1471284915,189.4300,189.5600,189.4300,189.5600,300
1471284989,189.4300,189.4850,189.4300,189.4300,700
1471285360,189.4500,189.4500,189.4300,189.4500,700
1471285385,189.4900,189.4900,189.4500,189.4700,1000
1471285614,189.5600,189.5600,189.5600,189.5600,100
1471285703,189.6100,189.6100,189.5800,189.5800,600
1471286028,189.7300,189.7300,189.7300,189.7300,100
1471286072,189.8200,189.8200,189.8200,189.8200,200
1471286199,189.6700,189.8250,189.6700,189.8250,1600
1471286232,189.7200,189.7500,189.6300,189.7500,1500
1471286280,189.6600,189.6800,189.6112,189.6800,1700
1471286341,189.6550,189.6550,189.6550,189.6550,100
1471286469,189.7500,189.7500,189.7000,189.7000,400
1471286537,189.6600,189.6600,189.6600,189.6600,200
1471286699,189.7050,189.7050,189.7050,189.7050,200
1471286809,189.6501,189.6501,189.6501,189.6501,100
1471286851,189.8300,189.8300,189.8200,189.8200,400
1471286958,189.9100,189.9100,189.9100,189.9100,100
1471287016,189.9200,189.9200,189.9200,189.9200,100
1471287079,189.9200,189.9200,189.9200,189.9200,100
1471287149,189.9300,189.9300,189.9300,189.9300,400
1471287379,190.0700,190.0700,190.0000,190.0000,300
1471287545,189.9900,189.9900,189.9900,189.9900,400
1471287652,189.9600,190.0300,189.9600,189.9900,1600
1471287667,189.9500,189.9500,189.9500,189.9500,200
1471287761,189.9900,189.9900,189.9900,189.9900,100
1471287856,189.8700,189.9300,189.8700,189.9300,1600
1471288031,189.9400,190.0000,189.9100,189.9600,1600
1471288099,189.9910,190.0350,189.9200,189.9200,1300
1471288496,190.0700,190.0700,190.0200,190.0200,200
1471288624,190.0750,190.0750,190.0750,190.0750,600
1471289003,190.0100,190.0100,190.0100,190.0100,200
1471289052,189.9450,190.0100,189.9450,190.0000,500
1471289200,189.9400,190.0000,189.9400,189.9650,400
1471289320,189.9500,190.0000,189.9500,190.0000,1600
1471289433,190.0500,190.0500,190.0500,190.0500,400
1471289507,190.0500,190.0500,190.0500,190.0500,200
1471289578,190.0000,190.0400,189.9900,190.0100,1300
1471289588,189.9700,189.9700,189.9700,189.9700,600
1471289739,189.9800,189.9900,189.9800,189.9900,900
1471289795,189.9700,189.9700,189.9700,189.9700,500
1471289906,190.0350,190.0350,190.0000,190.0000,1200
1471290107,190.0200,190.0200,190.0200,190.0200,400
1471290136,190.0500,190.0500,190.0500,190.0500,800
1471290184,190.0400,190.0400,190.0400,190.0400,100
1471290242,190.1000,190.1000,190.1000,190.1000,200
1471290300,190.1200,190.1200,190.1200,190.1200,900
1471290361,190.1100,190.1700,190.1100,190.1700,400
1471290478,190.1200,190.1600,190.1000,190.1000,800
1471290586,190.0900,190.0900,190.0800,190.0900,2100
1471290600,190.0900,190.0900,190.0700,190.0700,200
1471290660,190.0300,190.0600,190.0300,190.0600,1100
1471290734,190.0200,190.0300,190.0200,190.0300,400
1471290797,190.0200,190.0200,190.0200,190.0200,400
1471290897,190.0350,190.0600,190.0300,190.0500,2500
1471291027,190.0900,190.1000,190.0900,190.1000,400
1471291080,190.0500,190.0600,190.0500,190.0600,6600
1471291198,190.1200,190.1200,190.1000,190.1000,2900
1471291200,190.1300,190.1300,190.1300,190.1300,8500
