uri:/instrument/1.0/SCHB/chartdata;type=quote;range=1d/csv
ticker:schb
Company-Name:Schwab U.S. Broad Market ETF
Exchange-Name:PCX
unit:MIN
timezone:EDT
currency:USD
gmtoffset:-14400
previous_close:52.3800
Timestamp:1470922200,1470945600
labels:1470924000,1470927600,1470931200,1470934800,1470938400,1470942000,1470945600
values:Timestamp,close,high,low,open,volume
close:52.4480,52.6775
high:52.4499,52.6800
low:52.4320,52.6699
open:52.4499,52.6742
volume:100,22300
1470922272,52.5460,52.5700,52.5460,52.5500,22300
1470922377,52.5660,52.5699,52.5660,52.5699,1400
1470922398,52.5560,52.5590,52.5560,52.5590,2400
1470922477,52.5626,52.5626,52.5590,52.5600,4000
1470922548,52.5640,52.5640,52.5600,52.5600,900
1470922562,52.5858,52.5858,52.5800,52.5800,4400
1470922839,52.5710,52.5710,52.5710,52.5710,100
1470922863,52.5716,52.5800,52.5716,52.5800,1200
1470922967,52.5500,52.5500,52.5500,52.5500,1000
1470923018,52.5260,52.5300,52.5260,52.5300,1200
1470923047,52.5500,52.5500,52.5400,52.5400,6600
1470923100,52.5800,52.5887,52.5600,52.5600,5600
1470923198,52.5600,52.5600,52.5600,52.5600,300
1470923289,52.5458,52.5458,52.5458,52.5458,600
1470923374,52.5420,52.5516,52.5420,52.5516,400
1470923439,52.5600,52.5600,52.5600,52.5600,300
1470923564,52.5550,52.5550,52.5550,52.5550,100
1470923786,52.5599,52.5600,52.5599,52.5600,200
1470923941,52.5500,52.5500,52.5500,52.5500,300
1470924013,52.5000,52.5100,52.4884,52.4884,1000
1470924087,52.5100,52.5100,52.5100,52.5100,100
1470924128,52.5016,52.5060,52.5010,52.5010,5700
1470924258,52.5090,52.5120,52.5000,52.5120,300
1470924378,52.5080,52.5161,52.5080,52.5161,1500
1470924531,52.4610,52.4700,52.4610,52.4700,500
1470924559,52.4510,52.4510,52.4510,52.4510,200
1470924634,52.4700,52.4700,52.4690,52.4690,1900
1470924699,52.4620,52.4620,52.4620,52.4620,1000
1470924752,52.4480,52.4500,52.4320,52.4500,2200
1470924807,52.4499,52.4499,52.4499,52.4499,600
1470924881,52.4600,52.4600,52.4600,52.4600,600
1470924919,52.4600,52.4600,52.4500,52.4600,1700
1470925018,52.4599,52.4599,52.4599,52.4599,200
1470925026,52.4610,52.4661,52.4600,52.4661,1300
1470925143,52.4742,52.4742,52.4700,52.4700,700
1470925259,52.4980,52.4980,52.4980,52.4980,900
1470925324,52.4621,52.4780,52.4621,52.4780,1400
1470925394,52.4600,52.4600,52.4600,52.4600,1100
1470925484,52.4816,52.4816,52.4816,52.4816,100
1470925509,52.4900,52.4900,52.4900,52.4900,600
1470925676,52.4890,52.4890,52.4890,52.4890,2600
1470925998,52.5260,52.5260,52.5260,52.5260,300
1470926077,52.5020,52.5020,52.5001,52.5001,400
1470926149,52.5290,52.5290,52.5290,52.5290,400
1470926168,52.5220,52.5258,52.5120,52.5120,2000
1470926239,52.5700,52.5700,52.5500,52.5560,600
1470926355,52.5590,52.5590,52.5590,52.5590,200
1470926403,52.5700,52.5700,52.5700,52.5700,200
1470926465,52.5720,52.5720,52.5720,52.5720,100
1470926577,52.5609,52.5667,52.5600,52.5667,6100
1470926674,52.5800,52.5800,52.5800,52.5800,600
1470926778,52.6000,52.6000,52.5900,52.5900,1600
1470926856,52.5990,52.5999,52.5990,52.5999,1400
1470927013,52.5990,52.5990,52.5990,52.5990,600
1470927138,52.5890,52.5890,52.5890,52.5890,4000
1470927371,52.5758,52.5758,52.5758,52.5758,1100
1470927588,52.5760,52.5760,52.5760,52.5760,200
1470927724,52.5660,52.5710,52.5660,52.5710,1300
1470927867,52.5742,52.5742,52.5742,52.5742,400
1470927906,52.5600,52.5640,52.5600,52.5640,700
1470928035,52.5800,52.5800,52.5800,52.5800,100
1470928247,52.5705,52.5705,52.5705,52.5705,1200
1470928294,52.5858,52.5900,52.5858,52.5858,500
1470928604,52.5650,52.5650,52.5650,52.5650,100
1470928639,52.5658,52.5658,52.5658,52.5658,1900
1470928696,52.5700,52.5700,52.5700,52.5700,1000
1470929212,52.5897,52.5897,52.5897,52.5897,700
1470929335,52.5800,52.5800,52.5800,52.5800,100
1470929381,52.6000,52.6000,52.6000,52.6000,100
1470929545,52.6000,52.6000,52.5942,52.5942,400
1470929664,52.6100,52.6100,52.6000,52.6000,3100
1470929732,52.6500,52.6500,52.6450,52.6450,200
1470929775,52.6475,52.6500,52.6400,52.6500,600
1470929963,52.6360,52.6390,52.6360,52.6390,1900
1470930036,52.6310,52.6310,52.6310,52.6310,1200
1470930191,52.6286,52.6286,52.6240,52.6240,2300
1470930485,52.6300,52.6300,52.6300,52.6300,100
1470930704,52.6400,52.6400,52.6380,52.6380,200
1470930798,52.6390,52.6390,52.6360,52.6360,600
1470930844,52.6277,52.6277,52.6200,52.6200,4900
1470931035,52.6358,52.6360,52.6300,52.6360,500
1470931261,52.6320,52.6320,52.6320,52.6320,300
1470931554,52.6100,52.6200,52.6100,52.6200,1500
1470931563,52.6210,52.6220,52.6210,52.6220,1200
1470931668,52.6300,52.6370,52.6300,52.6370,200
1470931720,52.6300,52.6300,52.6300,52.6300,100
1470931799,52.6331,52.6331,52.6331,52.6331,3300
1470932216,52.6200,52.6200,52.6200,52.6200,600
1470932242,52.6120,52.6120,52.6120,52.6120,100
1470932324,52.6160,52.6160,52.6160,52.6160,100
1470932389,52.6160,52.6190,52.6100,52.6158,2000
1470932477,52.6200,52.6200,52.6200,52.6200,100
1470932587,52.6250,52.6250,52.6250,52.6250,200
1470932645,52.6300,52.6300,52.6200,52.6290,1400
1470932856,52.6310,52.6310,52.6310,52.6310,100
1470932916,52.6400,52.6400,52.6300,52.6300,300
1470933051,52.6260,52.6260,52.6260,52.6260,100
1470933090,52.6300,52.6300,52.6300,52.6300,200
1470933199,52.6300,52.6300,52.6300,52.6300,600
1470933381,52.6200,52.6200,52.6200,52.6200,600
1470933550,52.6222,52.6290,52.6160,52.6290,1100
1470933794,52.6200,52.6200,52.6129,52.6160,1200
1470933938,52.6240,52.6300,52.6240,52.6300,400
1470933965,52.6290,52.6290,52.6290,52.6290,100
1470934089,52.6142,52.6142,52.6142,52.6142,100
1470934162,52.6190,52.6190,52.6190,52.6190,600
1470934688,52.6220,52.6220,52.6220,52.6220,400
1470934837,52.6250,52.6250,52.6250,52.6250,400
1470934951,52.6350,52.6350,52.6350,52.6350,200
1470935051,52.6500,52.6500,52.6400,52.6400,900
1470935223,52.6450,52.6450,52.6450,52.6450,1400
1470935356,52.6500,52.6500,52.6500,52.6500,100
1470935477,52.6481,52.6481,52.6400,52.6410,2200
1470935532,52.6490,52.6490,52.6458,52.6458,2200
1470935855,52.6300,52.6300,52.6300,52.6300,500
1470935980,52.6290,52.6290,52.6290,52.6290,400
1470936036,52.6210,52.6260,52.6210,52.6260,400
1470936107,52.6300,52.6300,52.6300,52.6300,100
1470936133,52.6300,52.6300,52.6300,52.6300,1300
1470936193,52.6280,52.6280,52.6100,52.6200,2100
1470936363,52.6110,52.6110,52.6110,52.6110,700
1470937001,52.6110,52.6150,52.6110,52.6120,500
1470937033,52.6163,52.6163,52.6163,52.6163,100
1470937158,52.6200,52.6200,52.6165,52.6165,900
1470937359,52.6139,52.6139,52.6139,52.6139,200
1470937566,52.6220,52.6220,52.6200,52.6200,1000
1470937690,52.6300,52.6300,52.6200,52.6200,500
1470937796,52.6239,52.6300,52.6239,52.6300,1000
1470937845,52.6380,52.6380,52.6380,52.6380,100
1470937879,52.6499,52.6500,52.6499,52.6500,200
1470938162,52.6339,52.6339,52.6339,52.6339,1100
1470938329,52.6220,52.6220,52.6220,52.6220,400
1470938399,52.6300,52.6300,52.6300,52.6300,600
1470938462,52.6220,52.6280,52.6220,52.6239,700
1470938573,52.6328,52.6328,52.6328,52.6328,100
1470938590,52.6400,52.6400,52.6400,52.6400,900
1470938768,52.6500,52.6500,52.6500,52.6500,1200
1470938822,52.6590,52.6590,52.6590,52.6590,500
1470939018,52.6580,52.6600,52.6542,52.6566,600
1470939153,52.6600,52.6600,52.6600,52.6600,700
1470939192,52.6775,52.6800,52.6699,52.6700,2000
1470939355,52.6601,52.6680,52.6601,52.6601,1800
1470939369,52.6680,52.6680,52.6600,52.6600,4400
1470939453,52.6500,52.6500,52.6500,52.6500,100
1470939585,52.6461,52.6461,52.6461,52.6461,600
1470939765,52.6510,52.6510,52.6510,52.6510,1700
1470940019,52.6699,52.6700,52.6699,52.6700,4400
1470940028,52.6700,52.6700,52.6699,52.6700,900
1470940124,52.6600,52.6673,52.6600,52.6673,2300
1470940299,52.6310,52.6310,52.6300,52.6300,800
1470940363,52.6399,52.6399,52.6399,52.6399,200
1470940593,52.6523,52.6523,52.6510,52.6510,1100
1470940745,52.6438,52.6442,52.6438,52.6442,1000
1470940978,52.6339,52.6339,52.6339,52.6339,200
1470941171,52.6480,52.6480,52.6420,52.6420,600
1470941295,52.6380,52.6400,52.6380,52.6400,600
1470941435,52.6500,52.6500,52.6400,52.6500,500
1470941493,52.6500,52.6500,52.6413,52.6500,1600
1470941544,52.6584,52.6584,52.6584,52.6584,200
1470941586,52.6535,52.6535,52.6535,52.6535,800
1470941700,52.6332,52.6332,52.6332,52.6332,9600
1470941791,52.6058,52.6190,52.6000,52.6190,10100
1470941820,52.5910,52.6000,52.5900,52.6000,3200
1470941899,52.6190,52.6190,52.6100,52.6100,1200
1470942124,52.6200,52.6200,52.6200,52.6200,500
1470942337,52.6190,52.6190,52.6163,52.6163,400
1470942408,52.6139,52.6139,52.6139,52.6139,500
1470942429,52.6220,52.6258,52.6220,52.6258,400
1470942784,52.6300,52.6328,52.6300,52.6328,1800
1470942883,52.6209,52.6209,52.6209,52.6209,100
1470942933,52.6200,52.6261,52.6200,52.6261,1200
1470943002,52.6100,52.6138,52.6100,52.6138,500
1470943129,52.6079,52.6100,52.6000,52.6100,2200
1470943198,52.6121,52.6200,52.6020,52.6121,500
1470943212,52.6200,52.6200,52.6100,52.6200,1800
1470943289,52.6100,52.6161,52.6100,52.6161,1400
1470943362,52.6200,52.6200,52.6200,52.6200,100
1470943380,52.6161,52.6161,52.6161,52.6161,1300
1470943735,52.6158,52.6159,52.6100,52.6110,3700
1470943744,52.6100,52.6100,52.6100,52.6100,300
1470943832,52.6199,52.6199,52.6150,52.6161,1100
1470943898,52.6163,52.6163,52.6163,52.6163,200
1470944037,52.6242,52.6242,52.6200,52.6200,800
1470944129,52.6220,52.6300,52.6220,52.6300,1500
1470944164,52.6210,52.6210,52.6210,52.6210,200
1470944228,52.6379,52.6379,52.6300,52.6300,1000
1470944305,52.6310,52.6310,52.6310,52.6310,4200
1470944423,52.6449,52.6449,52.6449,52.6449,1000
1470944485,52.6490,52.6490,52.6478,52.6478,3400
1470944534,52.6465,52.6486,52.6400,52.6421,10400
1470944618,52.6500,52.6500,52.6487,52.6500,1100
1470944654,52.6500,52.6500,52.6497,52.6500,900
1470944710,52.6700,52.6700,52.6600,52.6600,1100
1470944805,52.6660,52.6660,52.6600,52.6600,700
1470944821,52.6640,52.6640,52.6640,52.6640,2500
1470944961,52.6600,52.6742,52.6600,52.6742,500
1470945036,52.6500,52.6584,52.6500,52.6584,200
1470945073,52.6500,52.6584,52.6500,52.6520,1300
1470945290,52.6500,52.6513,52.6500,52.6500,3100
1470945306,52.6400,52.6461,52.6400,52.6461,1200
1470945381,52.6260,52.6320,52.6260,52.6300,3900
1470945467,52.6210,52.6242,52.6210,52.6242,700
1470945492,52.6150,52.6200,52.6150,52.6200,1100
1470945597,52.6000,52.6184,52.6000,52.6114,500
1470945600,52.6150,52.6150,52.6150,52.6150,500
