uri:/instrument/1.0/GDX/chartdata;type=quote;range=1d/csv
ticker:gdx
Company-Name:VanEck Vectors Gold Miners ETF
Exchange-Name:PCX
unit:MIN
timezone:EDT
currency:USD
gmtoffset:-14400
previous_close:30.7600
Timestamp:1470835800,1470859200
labels:1470837600,1470841200,1470844800,1470848400,1470852000,1470855600,1470859200
values:Timestamp,close,high,low,open,volume
close:30.9950,31.6750
high:31.0500,31.6900
low:30.9700,31.6650
open:30.9950,31.6800
volume:5800,8868800
1470835810,31.4900,31.5499,31.4500,31.5000,1421500
1470835916,31.5300,31.5450,31.4500,31.4900,192700
1470835979,31.5300,31.5500,31.5200,31.5300,205700
1470836039,31.5250,31.5400,31.5100,31.5300,152800
1470836099,31.5000,31.5300,31.4600,31.5200,200000
1470836157,31.5300,31.5900,31.5000,31.5100,227500
1470836219,31.5827,31.6100,31.5150,31.5300,179200
1470836274,31.5963,31.5963,31.5570,31.5837,135400
1470836339,31.6000,31.6100,31.5700,31.5900,145300
1470836398,31.6037,31.6100,31.5900,31.6000,82700
1470836459,31.6300,31.6400,31.5900,31.6100,107600
1470836519,31.6500,31.6600,31.6200,31.6200,216100
1470836579,31.6600,31.6700,31.6400,31.6500,198800
1470836639,31.6600,31.6700,31.6500,31.6600,123800
1470836640,31.6300,31.6700,31.6200,31.6599,157400
1470836758,31.6700,31.6800,31.6300,31.6400,199100
1470836761,31.6750,31.6900,31.6650,31.6700,106700
1470836877,31.6550,31.6800,31.6350,31.6800,108800
1470836939,31.5905,31.6550,31.5850,31.6500,149600
1470836999,31.6000,31.6299,31.6000,31.6000,66900
1470837059,31.5950,31.6163,31.5800,31.6085,107000
1470837119,31.6200,31.6300,31.6000,31.6000,76200
1470837179,31.5400,31.6150,31.5300,31.6100,98400
1470837238,31.5400,31.5550,31.5200,31.5385,46400
1470837299,31.5450,31.5600,31.5360,31.5400,86000
1470837358,31.5200,31.5600,31.5200,31.5400,96100
1470837418,31.5250,31.5400,31.5100,31.5250,93900
1470837479,31.4400,31.5200,31.4100,31.5200,203800
1470837539,31.4600,31.4700,31.4300,31.4432,92100
1470837541,31.4750,31.4800,31.4500,31.4500,71200
1470837659,31.4085,31.4881,31.4000,31.4800,121900
1470837660,31.3600,31.4100,31.3500,31.4100,147100
1470837777,31.4050,31.4200,31.3549,31.3700,89600
1470837839,31.4100,31.4400,31.3750,31.4050,97900
1470837899,31.4000,31.4300,31.3800,31.4100,95200
1470837901,31.4000,31.4000,31.3600,31.3900,71800
1470838019,31.3900,31.3911,31.3700,31.3900,58900
1470838079,31.4000,31.4200,31.3900,31.3950,62900
1470838138,31.3800,31.4050,31.3450,31.4050,78300
1470838198,31.3600,31.3900,31.3550,31.3800,130000
1470838259,31.3150,31.3700,31.3000,31.3690,145600
1470838263,31.3350,31.3400,31.3000,31.3200,71400
1470838377,31.3700,31.3700,31.3200,31.3350,333200
1470838439,31.3500,31.4000,31.3500,31.3700,84000
1470838499,31.3867,31.3900,31.3400,31.3600,43100
1470838559,31.3100,31.3950,31.3050,31.3900,73500
1470838617,31.3500,31.3500,31.3100,31.3100,54900
1470838679,31.3700,31.4000,31.3450,31.3500,97100
1470838738,31.3700,31.4000,31.3600,31.3800,63600
1470838797,31.3250,31.3799,31.3100,31.3650,69900
1470838800,31.2855,31.3550,31.2800,31.3250,91800
1470838919,31.3000,31.3300,31.2750,31.2850,362100
1470838979,31.3000,31.3050,31.2600,31.3050,203400
1470839037,31.3200,31.3300,31.2800,31.2900,29900
1470839099,31.3283,31.3500,31.3200,31.3200,38500
1470839157,31.3250,31.3700,31.3200,31.3258,115200
1470839161,31.3700,31.3700,31.3300,31.3300,37400
1470839279,31.3700,31.3969,31.3666,31.3666,87400
1470839339,31.3600,31.3800,31.3600,31.3700,27500
1470839397,31.3574,31.3600,31.3400,31.3600,35600
1470839458,31.3500,31.3600,31.3400,31.3500,70600
1470839460,31.3800,31.3900,31.3500,31.3500,30000
1470839579,31.3700,31.3800,31.3500,31.3800,45600
1470839639,31.3800,31.3900,31.3600,31.3700,52900
1470839699,31.4050,31.4200,31.3800,31.3800,82600
1470839758,31.3600,31.4150,31.3600,31.4100,106200
1470839816,31.4000,31.4000,31.3550,31.3600,69000
1470839879,31.3800,31.4200,31.3800,31.4100,96200
1470839932,31.3848,31.3900,31.3700,31.3750,12600
1470839999,31.4000,31.4200,31.3700,31.3800,50700
1470840059,31.3450,31.4100,31.3400,31.4050,61700
1470840119,31.3150,31.3600,31.3100,31.3500,39300
1470840178,31.3200,31.3500,31.3200,31.3200,58900
1470840182,31.3400,31.3500,31.3200,31.3200,26700
1470840298,31.2800,31.3400,31.2800,31.3400,64800
1470840300,31.3000,31.3000,31.2600,31.2900,82300
1470840419,31.3300,31.3300,31.2800,31.3000,49200
1470840479,31.2950,31.3400,31.2950,31.3300,43600
1470840539,31.2900,31.3100,31.2800,31.2950,47600
1470840597,31.2500,31.3050,31.2500,31.3000,90500
1470840600,31.1650,31.2500,31.1600,31.2500,182300
1470840719,31.1900,31.2000,31.1600,31.1600,170100
1470840779,31.1200,31.1900,31.1100,31.1900,312500
1470840838,31.1500,31.1600,31.1200,31.1200,62500
1470840899,31.1500,31.1600,31.1300,31.1500,73100
1470840901,31.1527,31.1600,31.1400,31.1500,52400
1470841019,31.1400,31.1700,31.1400,31.1600,66400
1470841079,31.1400,31.1650,31.1400,31.1400,92100
1470841139,31.1100,31.1550,31.1100,31.1500,119300
1470841199,31.1100,31.1200,31.0800,31.1100,84800
1470841259,30.9950,31.1200,30.9900,31.1200,268000
1470841318,31.0300,31.0500,30.9700,30.9950,178300
1470841320,31.0590,31.0590,31.0300,31.0400,119600
1470841439,31.1050,31.1150,31.0500,31.0500,135600
1470841499,31.1050,31.1150,31.0800,31.1000,86800
1470841558,31.1100,31.1150,31.0800,31.1150,73100
1470841619,31.0850,31.1200,31.0850,31.1000,242600
1470841678,31.0900,31.0900,31.0700,31.0875,54000
1470841736,31.0650,31.0900,31.0650,31.0890,87700
1470841799,31.0800,31.0900,31.0600,31.0650,41500
1470841857,31.1300,31.1300,31.0700,31.0700,70900
1470841919,31.1335,31.1400,31.1200,31.1300,67000
1470841979,31.1700,31.1800,31.1300,31.1300,257200
1470842039,31.1700,31.1800,31.1600,31.1737,85300
1470842099,31.1400,31.1796,31.1300,31.1700,84100
1470842159,31.1690,31.1700,31.1200,31.1400,72000
1470842219,31.1600,31.1800,31.1400,31.1700,92200
1470842278,31.1650,31.1900,31.1600,31.1700,50200
1470842339,31.1500,31.1700,31.1300,31.1700,83600
1470842399,31.1700,31.1750,31.1600,31.1600,42600
1470842400,31.2000,31.2100,31.1700,31.1700,74000
1470842516,31.2000,31.2200,31.1850,31.1999,109200
1470842579,31.2000,31.2250,31.2000,31.2050,69700
1470842584,31.2100,31.2150,31.1900,31.2000,54000
1470842640,31.2050,31.2100,31.2000,31.2040,6409000
1470842759,31.2000,31.2200,31.2000,31.2000,30400
1470842819,31.2100,31.2300,31.1900,31.2000,58900
1470842878,31.1700,31.2150,31.1700,31.2150,86900
1470842939,31.1800,31.1900,31.1700,31.1700,42100
1470842999,31.2000,31.2100,31.1700,31.1800,14700
1470843058,31.2100,31.2250,31.1900,31.2050,49500
1470843060,31.2550,31.2594,31.2120,31.2120,75700
1470843178,31.2500,31.2575,31.2300,31.2500,39000
1470843239,31.2394,31.2500,31.2300,31.2500,31700
1470843299,31.2450,31.2450,31.2300,31.2366,25600
1470843302,31.2500,31.2700,31.2400,31.2450,69900
1470843419,31.2600,31.2800,31.2500,31.2550,28600
1470843476,31.2664,31.3000,31.2600,31.2650,64000
1470843539,31.2800,31.2800,31.2650,31.2650,15700
1470843596,31.2950,31.3000,31.2700,31.2800,39900
1470843659,31.3000,31.3000,31.2800,31.2899,55000
1470843718,31.3100,31.3200,31.2950,31.2950,34800
1470843779,31.3450,31.3500,31.3100,31.3200,48100
1470843839,31.3437,31.3501,31.3300,31.3426,71500
1470843842,31.3100,31.3500,31.2950,31.3500,77100
1470843958,31.3130,31.3400,31.3050,31.3100,39200
1470844015,31.3301,31.3350,31.3170,31.3200,45000
1470844078,31.3100,31.3400,31.3000,31.3301,81900
1470844139,31.3200,31.3201,31.3050,31.3100,35100
1470844195,31.3150,31.3250,31.3100,31.3192,38400
1470844254,31.3000,31.3200,31.3000,31.3100,21400
1470844317,31.2700,31.3050,31.2600,31.3050,79600
1470844377,31.3100,31.3200,31.2700,31.2700,67500
1470844438,31.3400,31.3500,31.3050,31.3050,87500
1470844492,31.3300,31.3400,31.3100,31.3300,72900
1470844554,31.3500,31.3730,31.3400,31.3400,81700
1470844619,31.3400,31.3500,31.3300,31.3500,42200
1470844679,31.3300,31.3550,31.3300,31.3400,43500
1470844739,31.3500,31.3500,31.3200,31.3200,36300
1470844797,31.3000,31.3400,31.3000,31.3400,50700
1470844859,31.3564,31.3700,31.3000,31.3000,57200
1470844919,31.3490,31.3600,31.3400,31.3600,29600
1470844977,31.3500,31.3550,31.3300,31.3400,35400
1470845039,31.3700,31.3700,31.3467,31.3500,31500
1470845099,31.3900,31.3900,31.3600,31.3700,58300
1470845100,31.3800,31.4000,31.3700,31.3950,63900
1470845219,31.3608,31.4000,31.3600,31.3800,65100
1470845279,31.3800,31.3900,31.3700,31.3700,37700
1470845339,31.3700,31.4000,31.3650,31.3800,74100
1470845399,31.3950,31.3950,31.3600,31.3700,70300
1470845400,31.4160,31.4250,31.3900,31.3950,59800
1470845460,31.3900,31.4200,31.3900,31.4200,63700
1470845579,31.3900,31.3970,31.3800,31.3950,26300
1470845637,31.3900,31.3900,31.3800,31.3850,10000
1470845699,31.4100,31.4100,31.3800,31.3850,34000
1470845757,31.3950,31.4170,31.3950,31.4050,47100
1470845766,31.4000,31.4150,31.4000,31.4000,32000
1470845879,31.4100,31.4200,31.4000,31.4050,34200
1470845936,31.3900,31.4100,31.3737,31.4100,22700
1470845999,31.4000,31.4000,31.3850,31.3900,33000
1470846059,31.3770,31.4050,31.3750,31.4000,20600
1470846110,31.3600,31.3800,31.3450,31.3800,61400
1470846177,31.3500,31.3750,31.3500,31.3550,31600
1470846239,31.3550,31.3600,31.3500,31.3550,10600
1470846299,31.3266,31.3650,31.3200,31.3600,59100
1470846358,31.3200,31.3250,31.3000,31.3200,29500
1470846419,31.3250,31.3300,31.3100,31.3200,31600
1470846420,31.3300,31.3400,31.3201,31.3201,19900
1470846539,31.3100,31.3300,31.3100,31.3300,32200
1470846599,31.3100,31.3100,31.3000,31.3100,53100
1470846655,31.3400,31.3400,31.3050,31.3100,33000
1470846660,31.3166,31.3400,31.3166,31.3350,26700
1470846774,31.3300,31.3400,31.3200,31.3200,42600
1470846836,31.3400,31.3400,31.3200,31.3300,23700
1470846895,31.3200,31.3500,31.3200,31.3300,51400
1470846959,31.3000,31.3300,31.3000,31.3200,34900
1470847019,31.2900,31.3000,31.2700,31.3000,33400
1470847079,31.2900,31.3000,31.2800,31.2870,26500
1470847138,31.2900,31.2970,31.2800,31.2900,23600
1470847199,31.2750,31.2990,31.2700,31.2900,41100
1470847258,31.2550,31.2750,31.2400,31.2750,50200
1470847317,31.2699,31.2699,31.2300,31.2500,56300
1470847328,31.2700,31.2950,31.2700,31.2700,36700
1470847437,31.2700,31.2800,31.2570,31.2650,36600
1470847497,31.2600,31.2900,31.2600,31.2700,47000
1470847500,31.2500,31.2600,31.2400,31.2600,61600
1470847614,31.2200,31.2600,31.2200,31.2500,35400
1470847669,31.2486,31.2500,31.2200,31.2200,33200
1470847732,31.2550,31.2600,31.2400,31.2500,32600
1470847799,31.2650,31.2750,31.2600,31.2600,16300
1470847858,31.2600,31.2700,31.2600,31.2600,42600
1470847919,31.2700,31.2750,31.2500,31.2650,57100
1470847972,31.2635,31.2800,31.2635,31.2700,57800
1470848038,31.2650,31.2700,31.2600,31.2700,14100
1470848096,31.2900,31.3050,31.2600,31.2650,54400
1470848154,31.3200,31.3200,31.2800,31.2800,49400
1470848163,31.2750,31.3150,31.2700,31.3150,58300
1470848278,31.2750,31.2800,31.2500,31.2700,39300
1470848284,31.2700,31.2800,31.2650,31.2750,30000
1470848399,31.2850,31.2950,31.2700,31.2700,49100
1470848458,31.2750,31.2850,31.2700,31.2850,11900
1470848511,31.2650,31.2850,31.2600,31.2750,18500
1470848579,31.2600,31.2700,31.2350,31.2650,45000
1470848585,31.2553,31.2766,31.2500,31.2600,68000
1470848699,31.2650,31.2750,31.2500,31.2600,32500
1470848758,31.2600,31.2600,31.2400,31.2600,18200
1470848761,31.2500,31.2650,31.2500,31.2500,33000
1470848876,31.2450,31.2550,31.2400,31.2550,19500
1470848938,31.2280,31.2500,31.2200,31.2450,26800
1470848996,31.2150,31.2250,31.2000,31.2250,55800
1470849000,31.2400,31.2400,31.2100,31.2150,23000
1470849117,31.2500,31.2500,31.2300,31.2300,31500
1470849175,31.2650,31.2700,31.2500,31.2550,21500
1470849239,31.2200,31.2650,31.2200,31.2650,55700
1470849240,31.2428,31.2480,31.2200,31.2250,20200
1470849356,31.2300,31.2500,31.2300,31.2500,46000
1470849407,31.2300,31.2400,31.2200,31.2228,20700
1470849420,31.2500,31.2750,31.2400,31.2400,34800
1470849538,31.2500,31.2600,31.2500,31.2500,7500
1470849595,31.2600,31.2750,31.2500,31.2550,35500
1470849600,31.2700,31.2778,31.2600,31.2600,38000
1470849714,31.2814,31.2900,31.2600,31.2600,31100
1470849720,31.3050,31.3085,31.2800,31.2850,30600
1470849839,31.3100,31.3150,31.2900,31.3000,46300
1470849896,31.3200,31.3300,31.2950,31.3100,63400
1470849956,31.3450,31.3600,31.3200,31.3200,68800
1470850017,31.3500,31.3600,31.3400,31.3500,18600
1470850079,31.3500,31.3500,31.3400,31.3500,48200
1470850139,31.3600,31.3800,31.3500,31.3500,73400
1470850198,31.3600,31.3650,31.3450,31.3600,59700
1470850258,31.3650,31.3700,31.3500,31.3550,38300
1470850317,31.3850,31.3850,31.3600,31.3700,54700
1470850377,31.3750,31.3900,31.3650,31.3900,52300
1470850436,31.3964,31.4050,31.3800,31.3800,82700
1470850441,31.4092,31.4200,31.3900,31.3900,72300
1470850500,31.4050,31.4200,31.4050,31.4100,42500
1470850614,31.4100,31.4150,31.3800,31.4100,54100
1470850621,31.4300,31.4300,31.4000,31.4050,38600
1470850681,31.4400,31.4400,31.4250,31.4300,58200
1470850740,31.4200,31.4363,31.4134,31.4359,58100
1470850852,31.4300,31.4400,31.4000,31.4100,59600
1470850860,31.4100,31.4500,31.4100,31.4300,64200
1470850924,31.4050,31.4200,31.4000,31.4000,28100
1470851037,31.4050,31.4100,31.3950,31.4000,41100
1470851099,31.3900,31.4100,31.3900,31.4000,27700
1470851157,31.3800,31.4100,31.3800,31.4000,44800
1470851217,31.3400,31.3800,31.3400,31.3800,29400
1470851278,31.3500,31.3500,31.3350,31.3400,47000
1470851338,31.3700,31.3750,31.3500,31.3500,65700
1470851399,31.4000,31.4000,31.3750,31.3758,90000
1470851457,31.4000,31.4000,31.3900,31.3950,18100
1470851518,31.4000,31.4000,31.3850,31.3950,36200
1470851576,31.3900,31.4000,31.3850,31.3950,26900
1470851639,31.3900,31.3950,31.3800,31.3900,29100
1470851698,31.3889,31.4000,31.3837,31.3900,35000
1470851758,31.3900,31.4000,31.3800,31.3900,32600
1470851811,31.3850,31.3900,31.3800,31.3850,5800
1470851824,31.3750,31.3858,31.3700,31.3800,29300
1470851934,31.3800,31.3850,31.3700,31.3700,37000
1470851994,31.3900,31.3990,31.3800,31.3850,41800
1470852058,31.4000,31.4050,31.3900,31.3950,45100
1470852117,31.4200,31.4200,31.3950,31.4000,41500
1470852177,31.4100,31.4200,31.4000,31.4200,41600
1470852238,31.4250,31.4400,31.4100,31.4100,65400
1470852299,31.4200,31.4350,31.4150,31.4300,77500
1470852359,31.4200,31.4300,31.4100,31.4250,35100
1470852419,31.4350,31.4350,31.4150,31.4200,84800
1470852478,31.4250,31.4400,31.4200,31.4350,62500
1470852539,31.4200,31.4300,31.4100,31.4250,55800
1470852598,31.4300,31.4300,31.4100,31.4200,83400
1470852656,31.4300,31.4300,31.4100,31.4300,41800
1470852718,31.4300,31.4400,31.4200,31.4250,46800
1470852778,31.4250,31.4450,31.4200,31.4350,55100
1470852836,31.4300,31.4450,31.4250,31.4300,37000
1470852896,31.4000,31.4400,31.4000,31.4350,46200
1470852957,31.4100,31.4200,31.4000,31.4050,30900
1470853018,31.4200,31.4200,31.4050,31.4050,35000
1470853077,31.4000,31.4290,31.3800,31.4200,60800
1470853138,31.3700,31.4000,31.3600,31.3950,25700
1470853195,31.3913,31.4000,31.3700,31.3700,32000
1470853258,31.3900,31.4050,31.3800,31.3950,28500
1470853318,31.3800,31.3900,31.3800,31.3800,26800
1470853379,31.3850,31.3973,31.3801,31.3850,14700
1470853435,31.3950,31.3950,31.3800,31.3900,18900
1470853498,31.3900,31.4000,31.3800,31.4000,22200
1470853558,31.4000,31.4050,31.3850,31.3900,25700
1470853616,31.3600,31.4099,31.3600,31.4099,72000
1470853621,31.3500,31.3700,31.3400,31.3600,35900
1470853739,31.3400,31.3500,31.3300,31.3450,45800
1470853799,31.3263,31.3550,31.3200,31.3450,46500
1470853800,31.3242,31.3300,31.3000,31.3250,70300
1470853917,31.3500,31.3550,31.3250,31.3250,36800
1470853979,31.3450,31.3500,31.3300,31.3449,45500
1470853984,31.3350,31.3500,31.3350,31.3450,24300
1470854096,31.3250,31.3400,31.3200,31.3350,24200
1470854159,31.3200,31.3300,31.3050,31.3250,63700
1470854218,31.3010,31.3200,31.3010,31.3200,31100
1470854226,31.3150,31.3200,31.3100,31.3100,43500
1470854282,31.3000,31.3150,31.2701,31.3100,85500
1470854348,31.3150,31.3150,31.3000,31.3100,36100
1470854458,31.3000,31.3100,31.2900,31.3050,28100
1470854460,31.3000,31.3000,31.2800,31.2952,29300
1470854578,31.3000,31.3050,31.2925,31.2950,36200
1470854580,31.3000,31.3050,31.2800,31.2900,48100
1470854642,31.3050,31.3190,31.2950,31.3050,85800
1470854755,31.2800,31.3100,31.2800,31.3000,33800
1470854819,31.2950,31.3000,31.2700,31.2863,65200
1470854875,31.2850,31.2950,31.2800,31.2950,93300
1470854939,31.2800,31.3000,31.2700,31.2850,45800
1470854998,31.3000,31.3000,31.2750,31.2800,22800
1470855058,31.3160,31.3200,31.2950,31.2950,43800
1470855119,31.3000,31.3200,31.3000,31.3150,47600
1470855179,31.3060,31.3150,31.2900,31.3000,97600
1470855238,31.2790,31.3000,31.2750,31.3000,88900
1470855297,31.2800,31.2900,31.2600,31.2790,47300
1470855357,31.2540,31.2878,31.2450,31.2878,71400
1470855364,31.2700,31.2700,31.2400,31.2500,30300
1470855420,31.2800,31.2800,31.2667,31.2700,31200
1470855537,31.2700,31.2800,31.2600,31.2800,49300
1470855599,31.2700,31.2800,31.2600,31.2650,17200
1470855659,31.2750,31.2800,31.2700,31.2710,42100
1470855660,31.2600,31.2800,31.2600,31.2700,43100
1470855779,31.2700,31.2750,31.2600,31.2650,26800
1470855838,31.2800,31.2800,31.2600,31.2700,28600
1470855899,31.2700,31.2900,31.2700,31.2700,32500
1470855959,31.2750,31.2800,31.2600,31.2799,56800
1470856019,31.3100,31.3100,31.2750,31.2750,31300
1470856074,31.2950,31.3100,31.2900,31.3050,62100
1470856139,31.3000,31.3000,31.2900,31.2950,30600
1470856199,31.3100,31.3100,31.2900,31.3000,40100
1470856259,31.3100,31.3100,31.3000,31.3100,19400
1470856312,31.3199,31.3200,31.3050,31.3050,71000
1470856378,31.3150,31.3200,31.3000,31.3137,84500
1470856437,31.3100,31.3200,31.3000,31.3100,20100
1470856493,31.3200,31.3200,31.3100,31.3100,57900
1470856559,31.3100,31.3150,31.3000,31.3100,46400
1470856618,31.3199,31.3199,31.3000,31.3050,32200
1470856679,31.3100,31.3200,31.3000,31.3151,31000
1470856680,31.3450,31.3450,31.3050,31.3100,43800
1470856799,31.3350,31.3450,31.3300,31.3400,49000
1470856859,31.3300,31.3400,31.3200,31.3300,37700
1470856860,31.3450,31.3500,31.3250,31.3300,37700
1470856976,31.3500,31.3600,31.3400,31.3500,42000
1470856981,31.3450,31.3550,31.3400,31.3500,31000
1470857097,31.3500,31.3590,31.3300,31.3450,38300
1470857159,31.3400,31.3534,31.3350,31.3500,58000
1470857162,31.3450,31.3500,31.3300,31.3400,58900
1470857279,31.3450,31.3500,31.3400,31.3450,16100
1470857337,31.3500,31.3500,31.3400,31.3400,18400
1470857399,31.3450,31.3500,31.3400,31.3500,17200
1470857458,31.3150,31.3450,31.3100,31.3450,114800
1470857518,31.2850,31.3151,31.2800,31.3151,48400
1470857579,31.2850,31.3000,31.2800,31.2850,48800
1470857639,31.2700,31.2900,31.2700,31.2850,90100
1470857698,31.2600,31.2750,31.2500,31.2700,85500
1470857700,31.2600,31.2700,31.2600,31.2636,48500
1470857818,31.2650,31.2700,31.2400,31.2600,82200
1470857879,31.2900,31.2900,31.2600,31.2650,45300
1470857880,31.2825,31.2900,31.2700,31.2850,42900
1470857999,31.2900,31.2999,31.2800,31.2850,47600
1470858059,31.2962,31.3000,31.2850,31.2900,58000
1470858060,31.3150,31.3200,31.2900,31.2950,89300
1470858179,31.3050,31.3200,31.3000,31.3120,44200
1470858236,31.3000,31.3200,31.3000,31.3050,116300
1470858299,31.3099,31.3200,31.3000,31.3000,68300
1470858359,31.3400,31.3400,31.3001,31.3050,213500
1470858419,31.3400,31.3450,31.3200,31.3400,123900
1470858479,31.3400,31.3600,31.3350,31.3350,97900
1470858539,31.3300,31.3500,31.3300,31.3400,40800
1470858599,31.3300,31.3400,31.3250,31.3300,51600
1470858658,31.3400,31.3400,31.3250,31.3300,98900
1470858660,31.3350,31.3400,31.3300,31.3350,72600
1470858779,31.3300,31.3300,31.3100,31.3300,133400
1470858780,31.3200,31.3350,31.3100,31.3250,83700
1470858899,31.3200,31.3300,31.3150,31.3200,85200
1470858959,31.3200,31.3300,31.3100,31.3150,61800
1470859019,31.3150,31.3400,31.3100,31.3200,180100
1470859079,31.3050,31.3200,31.3000,31.3150,74700
1470859139,31.2950,31.3200,31.2900,31.3100,235200
1470859199,31.2900,31.3000,31.2700,31.3000,301600
1470859200,31.2800,31.2800,31.2800,31.2800,8868800
