uri:/instrument/1.0/SPB/chartdata;type=quote;range=1d/csv
ticker:spb
Company-Name:Spectrum Brands Holdings, Inc. 
Exchange-Name:NYQ
unit:MIN
timezone:EDT
currency:USD
gmtoffset:-14400
previous_close:132.7800
Timestamp:1470922200,1470945600
labels:1470924000,1470927600,1470931200,1470934800,1470938400,1470942000,1470945600
values:Timestamp,close,high,low,open,volume
close:132.0400,132.8600
high:132.0501,132.9000
low:132.0400,132.8600
open:132.0501,132.9000
volume:100,61000
1470922501,132.7650,132.7650,132.7650,132.7650,1600
1470922587,132.7000,132.7000,132.7000,132.7000,400
1470923055,132.7700,132.7700,132.7700,132.7700,200
1470923118,132.7800,132.7800,132.7800,132.7800,1600
1470923319,132.7000,132.7000,132.7000,132.7000,200
1470923407,132.6200,132.6200,132.6200,132.6200,200
1470923495,132.7200,132.7200,132.7200,132.7200,400
1470923653,132.7700,132.7700,132.7700,132.7700,100
1470923835,132.8200,132.8200,132.7200,132.7200,500
1470923891,132.7100,132.7900,132.6900,132.7900,2000
1470924001,132.5200,132.5200,132.5200,132.5200,1100
1470924173,132.4311,132.4311,132.4311,132.4311,500
1470924180,132.4800,132.4800,132.4800,132.4800,500
1470924294,132.4650,132.4650,132.4650,132.4650,100
1470924418,132.5500,132.5500,132.5500,132.5500,100
1470924421,132.5500,132.5600,132.5200,132.5600,400
1470924584,132.4600,132.4600,132.4600,132.4600,100
1470924680,132.3300,132.5000,132.3300,132.5000,1000
1470924796,132.3400,132.3400,132.3400,132.3400,100
1470924864,132.3500,132.4400,132.2550,132.2550,900
1470925125,132.4800,132.5350,132.4800,132.5350,200
1470925267,132.5200,132.5400,132.4900,132.5000,700
1470925432,132.5700,132.5800,132.5600,132.5600,700
1470925546,132.6000,132.6000,132.6000,132.6000,600
1470925757,132.6700,132.6700,132.6000,132.6000,900
1470925850,132.6600,132.6600,132.6050,132.6050,200
1470925932,132.6700,132.6700,132.6700,132.6700,500
1470926149,132.7600,132.7600,132.7600,132.7600,100
1470926173,132.7500,132.7500,132.7000,132.7000,600
1470926223,132.8600,132.8600,132.8600,132.8600,600
1470926280,132.8000,132.9000,132.7600,132.9000,1900
1470926359,132.6400,132.7400,132.6400,132.7400,600
1470926608,132.4050,132.4450,132.4050,132.4400,400
1470926746,132.5400,132.5400,132.4600,132.4600,700
1470926886,132.6950,132.6950,132.6950,132.6950,400
1470926999,132.5950,132.6500,132.5950,132.6500,800
1470927001,132.5950,132.5950,132.5950,132.5950,100
1470927189,132.6400,132.6400,132.6150,132.6150,500
1470927315,132.6150,132.6150,132.6150,132.6150,500
1470927386,132.5400,132.5700,132.5400,132.5700,200
1470927491,132.4900,132.4900,132.4900,132.4900,300
1470927624,132.3400,132.4400,132.3000,132.4300,2400
1470927939,132.2950,132.2950,132.2950,132.2950,200
1470927999,132.2950,132.2950,132.2950,132.2950,100
1470928036,132.4000,132.4000,132.3500,132.3500,2800
1470928301,132.3900,132.3900,132.3900,132.3900,700
1470928345,132.3700,132.3700,132.3700,132.3700,100
1470928399,132.3700,132.4000,132.3100,132.4000,1700
1470928788,132.3150,132.3150,132.3150,132.3150,200
1470929282,132.3700,132.3700,132.3700,132.3700,800
1470929357,132.3800,132.4200,132.3800,132.4000,2200
1470929448,132.4250,132.4250,132.4250,132.4250,100
1470929582,132.3600,132.4050,132.3600,132.4050,1100
1470929695,132.4000,132.4000,132.3900,132.3900,1900
1470929757,132.3800,132.4000,132.3700,132.4000,500
1470929770,132.3500,132.3700,132.3500,132.3700,900
1470929904,132.3350,132.3350,132.3350,132.3350,100
1470929947,132.3350,132.3350,132.3350,132.3350,100
1470930024,132.3800,132.3800,132.3300,132.3300,500
1470930084,132.3600,132.3600,132.3300,132.3300,200
1470930191,132.3700,132.4050,132.3700,132.3900,3800
1470930321,132.4400,132.4400,132.4400,132.4400,500
1470930584,132.4900,132.4900,132.4617,132.4617,400
1470930631,132.4900,132.4900,132.4900,132.4900,100
1470930683,132.4900,132.4900,132.4900,132.4900,600
1470930744,132.4700,132.4700,132.4700,132.4700,200
1470930966,132.6400,132.6400,132.5900,132.5900,500
1470931196,132.6700,132.6700,132.6700,132.6700,100
1470931254,132.6800,132.6800,132.6800,132.6800,300
1470931275,132.6000,132.6800,132.6000,132.6800,1300
1470931347,132.4600,132.5700,132.4600,132.5700,1100
1470931424,132.4550,132.4550,132.4550,132.4550,600
1470931573,132.4450,132.4450,132.4450,132.4450,200
1470931827,132.4450,132.4450,132.4450,132.4450,100
1470931917,132.4150,132.4150,132.4100,132.4100,600
1470931979,132.2100,132.3200,132.2100,132.3200,4300
1470932037,132.1500,132.2100,132.1000,132.2100,2200
1470932273,132.1000,132.1000,132.1000,132.1000,400
1470932431,132.1300,132.1300,132.1200,132.1250,400
1470932545,132.1700,132.1700,132.1700,132.1700,100
1470932654,132.0801,132.0801,132.0801,132.0801,100
1470932738,132.1600,132.1600,132.1500,132.1500,400
1470932768,132.1500,132.1800,132.1500,132.1500,1000
1470932992,132.0501,132.0501,132.0501,132.0501,100
1470933106,132.1200,132.1700,132.1200,132.1200,1400
1470933140,132.1400,132.1600,132.1400,132.1600,500
1470933203,132.0400,132.1900,132.0400,132.1900,600
1470933597,132.0705,132.0705,132.0705,132.0705,700
1470933853,132.1600,132.1600,132.1100,132.1100,900
1470934030,132.2700,132.2700,132.2700,132.2700,100
1470934361,132.2800,132.2800,132.2800,132.2800,200
1470934551,132.2372,132.2372,132.2372,132.2372,100
1470934614,132.2100,132.2300,132.2100,132.2200,1200
1470934732,132.2150,132.2150,132.2150,132.2150,200
1470934766,132.1200,132.1200,132.1200,132.1200,100
1470935047,132.2100,132.2100,132.1150,132.1150,1600
1470935166,132.2100,132.2100,132.1750,132.1750,400
1470935279,132.2200,132.2200,132.2100,132.2100,400
1470935465,132.3200,132.3200,132.3200,132.3200,100
1470935574,132.2393,132.2393,132.2393,132.2393,200
1470935659,132.3400,132.3400,132.3400,132.3400,100
1470935800,132.2700,132.2700,132.2700,132.2700,100
1470935986,132.3200,132.3200,132.3200,132.3200,100
1470936049,132.3100,132.3200,132.3100,132.3200,300
1470936127,132.3500,132.3500,132.3200,132.3200,400
1470936241,132.2500,132.3800,132.2500,132.3500,2900
1470936575,132.2200,132.2800,132.2200,132.2700,400
1470936615,132.2150,132.2150,132.2050,132.2050,1700
1470936746,132.2200,132.2200,132.2200,132.2200,100
1470936822,132.2100,132.2100,132.2100,132.2100,600
1470936857,132.2100,132.2100,132.2100,132.2100,100
1470936926,132.1950,132.1950,132.1950,132.1950,100
1470937064,132.1900,132.1900,132.1900,132.1900,100
1470937236,132.2000,132.2000,132.1750,132.2000,700
1470937416,132.2300,132.2300,132.2300,132.2300,500
1470937787,132.4200,132.4200,132.4200,132.4200,200
1470937868,132.4200,132.4200,132.4200,132.4200,1000
1470938217,132.3800,132.4250,132.3700,132.3800,1100
1470938611,132.3800,132.4400,132.3800,132.4400,400
1470938691,132.4300,132.4300,132.4300,132.4300,100
1470938712,132.4000,132.4000,132.3700,132.3700,600
1470938947,132.3800,132.3800,132.2800,132.2800,300
1470939029,132.3900,132.3900,132.3900,132.3900,500
1470939074,132.4300,132.4300,132.4300,132.4300,100
1470939240,132.4400,132.4400,132.3600,132.3600,400
1470939313,132.4900,132.4900,132.4400,132.4400,400
1470939476,132.4700,132.4700,132.4700,132.4700,100
1470939525,132.4200,132.4700,132.3600,132.4400,2400
1470939543,132.4100,132.4100,132.4100,132.4100,100
1470939666,132.4200,132.4200,132.4000,132.4000,2600
1470939829,132.4200,132.4200,132.4200,132.4200,200
1470939911,132.4200,132.4200,132.4200,132.4200,800
1470940010,132.4200,132.4200,132.3700,132.4000,3100
1470940064,132.4200,132.4200,132.4200,132.4200,300
1470940238,132.3600,132.3600,132.3600,132.3600,700
1470940339,132.3100,132.3100,132.3100,132.3100,500
1470940415,132.3000,132.3000,132.3000,132.3000,200
1470940478,132.3900,132.3900,132.3900,132.3900,300
1470940660,132.4200,132.4200,132.3800,132.3800,200
1470940733,132.4700,132.5300,132.3703,132.4200,6400
1470940743,132.4400,132.4400,132.4400,132.4400,100
1470940810,132.4200,132.4500,132.4200,132.4500,1300
1470940875,132.4400,132.4400,132.4400,132.4400,300
1470940994,132.4500,132.4500,132.4200,132.4313,4400
1470941041,132.4500,132.4500,132.4500,132.4500,100
1470941126,132.4500,132.4500,132.4500,132.4500,300
1470941276,132.4500,132.4500,132.4500,132.4500,100
1470941338,132.4500,132.4500,132.4500,132.4500,200
1470941375,132.4500,132.4500,132.4500,132.4500,100
1470941427,132.5400,132.5400,132.4500,132.4500,2200
1470941479,132.5300,132.5400,132.5300,132.5400,400
1470941595,132.6000,132.6000,132.5800,132.5800,400
1470941675,132.6200,132.6200,132.6200,132.6200,100
1470941714,132.6050,132.6050,132.5700,132.5700,1000
1470941785,132.4800,132.5500,132.4800,132.5300,700
1470941873,132.5800,132.5800,132.4750,132.4750,800
1470941911,132.5999,132.5999,132.5999,132.5999,400
1470942019,132.5800,132.5800,132.5800,132.5800,200
1470942230,132.6300,132.6300,132.5900,132.5900,700
1470942415,132.6200,132.6200,132.6200,132.6200,200
1470942538,132.5800,132.6300,132.5800,132.6300,900
1470942575,132.6400,132.6400,132.6400,132.6400,100
1470942657,132.6200,132.6800,132.6200,132.6200,2500
1470942779,132.6400,132.6500,132.5700,132.5750,3100
1470942780,132.5500,132.6200,132.5500,132.6100,3600
1470942942,132.5450,132.5500,132.5450,132.5500,4100
1470942967,132.6000,132.6100,132.5500,132.5500,1500
1470943072,132.5500,132.5700,132.5500,132.5700,600
1470943303,132.6250,132.6250,132.6000,132.6000,700
1470943369,132.6250,132.6250,132.6250,132.6250,100
1470943496,132.6250,132.6250,132.6000,132.6250,500
1470943527,132.5800,132.6250,132.5500,132.6125,5000
1470943648,132.5650,132.5650,132.5200,132.5200,300
1470943693,132.5800,132.5900,132.5500,132.5500,600
1470943853,132.6100,132.6100,132.6000,132.6100,900
1470943904,132.6037,132.6600,132.5600,132.6000,700
1470943978,132.6100,132.6500,132.6100,132.6500,300
1470944065,132.6300,132.6300,132.6100,132.6300,1000
1470944127,132.6650,132.7000,132.6200,132.7000,1100
1470944369,132.5800,132.6650,132.5800,132.6400,2800
1470944456,132.5600,132.6000,132.5400,132.5400,3000
1470944518,132.5350,132.5800,132.5000,132.5800,5800
1470944530,132.5500,132.5500,132.5000,132.5500,7800
1470944633,132.5450,132.5450,132.5300,132.5300,600
1470944652,132.5800,132.5800,132.5100,132.5450,7300
1470944735,132.5400,132.5900,132.5000,132.5600,8600
1470944819,132.5000,132.5800,132.4900,132.5800,2000
1470944856,132.4900,132.5125,132.4200,132.5050,3100
1470944889,132.5000,132.5200,132.4900,132.5000,1600
1470944973,132.5050,132.5050,132.5050,132.5050,1200
1470945064,132.4100,132.4800,132.4100,132.4800,2000
1470945139,132.4600,132.4700,132.4100,132.4700,4300
1470945189,132.4800,132.4800,132.4550,132.4550,1300
1470945285,132.4500,132.4550,132.4400,132.4550,6300
1470945309,132.4100,132.4300,132.4100,132.4100,1400
1470945379,132.3700,132.4200,132.3700,132.4200,2600
1470945449,132.3200,132.3310,132.3100,132.3310,600
1470945480,132.3300,132.3400,132.3300,132.3400,1200
1470945573,132.2700,132.3200,132.2700,132.3200,9700
1470945600,132.2500,132.2500,132.2500,132.2500,61000
