uri:/instrument/1.0/IBM/chartdata;type=quote;range=1d/csv
ticker:ibm
Company-Name:International Business Machines
Exchange-Name:NYQ
unit:MIN
timezone:EDT
currency:USD
gmtoffset:-14400
previous_close:161.7700
Timestamp:1470835800,1470859200
labels:1470837600,1470841200,1470844800,1470848400,1470852000,1470855600,1470859200
values:Timestamp,close,high,low,open,volume
close:161.9600,162.6200
high:162.0000,162.6600
low:161.9550,162.5900
open:161.9600,162.6300
volume:0,125200
1470835911,162.1165,162.1370,162.1165,162.1370,77900
1470835979,162.0525,162.1500,162.0000,162.0900,14900
1470835981,162.1500,162.1800,162.0584,162.0800,8100
1470836048,162.1000,162.1600,162.1000,162.1500,2500
1470836106,162.1100,162.1100,162.1100,162.1100,100
1470836205,162.2200,162.2200,162.2200,162.2200,7300
1470836221,162.1100,162.1950,162.1100,162.1950,2700
1470836288,162.1100,162.1550,162.1100,162.1500,1100
1470836398,162.3900,162.3900,162.1450,162.1460,12300
1470836401,162.3900,162.4300,162.3600,162.3600,11600
1470836466,162.3550,162.4450,162.3500,162.4000,6800
1470836532,162.3400,162.3500,162.2700,162.3200,3900
1470836590,162.3700,162.3800,162.3120,162.3400,1500
1470836699,162.3500,162.3800,162.3200,162.3200,13500
1470836701,162.3800,162.3900,162.3150,162.3300,11100
1470836817,162.3500,162.4200,162.3250,162.4000,5500
1470836878,162.3650,162.3700,162.3300,162.3500,4100
1470836893,162.3650,162.3900,162.3500,162.3900,1100
1470836947,162.4100,162.4600,162.3400,162.3400,8200
1470837008,162.4000,162.4500,162.3900,162.4101,5000
1470837060,162.3800,162.4000,162.3300,162.3800,8900
1470837141,162.3400,162.4000,162.3400,162.4000,2100
1470837188,162.3300,162.4000,162.3100,162.3500,6200
1470837241,162.4300,162.4400,162.3100,162.3200,5900
1470837356,162.3400,162.4550,162.3400,162.4400,8400
1470837415,162.3700,162.3800,162.3100,162.3400,4000
1470837422,162.3600,162.3750,162.3400,162.3700,5100
1470837506,162.3500,162.3500,162.3000,162.3300,2000
1470837550,162.2300,162.3400,162.2300,162.3400,7400
1470837603,162.2500,162.2500,162.1500,162.1500,4100
1470837683,162.1900,162.2200,162.1700,162.2200,1900
1470837733,162.2350,162.2500,162.1700,162.1700,5600
1470837783,162.2600,162.2700,162.2300,162.2350,3300
1470837843,162.3100,162.3400,162.2574,162.2574,3300
1470837909,162.3000,162.3400,162.2700,162.3100,3400
1470837965,162.2300,162.2962,162.2020,162.2950,7200
1470838029,162.3000,162.3000,162.2100,162.2100,4500
1470838133,162.3000,162.3700,162.2700,162.3500,3100
1470838143,162.3000,162.3000,162.2500,162.2850,4400
1470838210,162.3100,162.3300,162.2950,162.3000,14700
1470838263,162.3693,162.3800,162.3300,162.3300,4000
1470838325,162.3900,162.3900,162.3600,162.3600,2300
1470838385,162.4000,162.4000,162.3900,162.3900,2800
1470838444,162.3000,162.3900,162.3000,162.3900,4800
1470838559,162.3102,162.3102,162.2800,162.3100,3000
1470838563,162.2900,162.3150,162.2900,162.3150,3900
1470838679,162.2500,162.3000,162.2500,162.3000,5000
1470838683,162.2500,162.2832,162.2500,162.2650,6000
1470838742,162.2850,162.2850,162.2550,162.2600,1700
1470838802,162.3800,162.3800,162.2700,162.2700,5900
1470838916,162.3800,162.4000,162.3700,162.3800,4500
1470838921,162.4000,162.4400,162.4000,162.4100,6400
1470839012,162.4000,162.4000,162.3800,162.4000,300
1470839045,162.3600,162.4000,162.3400,162.3900,4800
1470839158,162.3400,162.3800,162.3400,162.3800,2800
1470839217,162.3800,162.3900,162.3300,162.3400,4000
1470839220,162.3300,162.3800,162.3300,162.3600,5300
1470839282,162.3400,162.3400,162.2800,162.3400,5700
1470839399,162.3000,162.3400,162.3000,162.3300,1800
1470839459,162.4700,162.4900,162.3100,162.3100,18000
1470839473,162.5400,162.5600,162.4800,162.4800,9400
1470839577,162.3700,162.5100,162.3430,162.5100,8200
1470839584,162.4100,162.4400,162.3700,162.3700,5100
1470839641,162.4600,162.4600,162.4000,162.4200,10100
1470839715,162.4607,162.4700,162.4600,162.4600,1600
1470839769,162.4500,162.4800,162.4100,162.4600,3300
1470839876,162.4400,162.4700,162.4100,162.4700,5300
1470839883,162.4700,162.4900,162.4100,162.4100,2300
1470839999,162.4800,162.4800,162.4400,162.4700,5400
1470840000,162.5500,162.5500,162.4800,162.4800,5300
1470840062,162.5100,162.5300,162.4900,162.5300,3800
1470840179,162.4400,162.5200,162.4200,162.5000,5400
1470840239,162.4000,162.4400,162.4000,162.4268,3700
1470840240,162.4900,162.4900,162.4000,162.4000,3700
1470840305,162.4300,162.4700,162.4285,162.4700,2100
1470840362,162.4298,162.4400,162.4200,162.4400,2700
1470840434,162.4400,162.4500,162.4300,162.4500,2000
1470840481,162.4401,162.4500,162.4300,162.4300,2900
1470840557,162.5000,162.5200,162.4400,162.4400,12200
1470840603,162.6000,162.6000,162.5100,162.5100,6200
1470840667,162.6000,162.6100,162.5600,162.6100,4400
1470840759,162.5900,162.6000,162.5700,162.5700,1600
1470840789,162.5750,162.5750,162.5600,162.5700,1500
1470840842,162.6100,162.6100,162.5600,162.5900,4000
1470840910,162.5700,162.6100,162.5700,162.6100,3600
1470840963,162.5400,162.5500,162.5400,162.5500,4400
1470841042,162.6200,162.6200,162.5600,162.5600,3600
1470841082,162.5950,162.6200,162.5800,162.6200,2400
1470841145,162.5950,162.6000,162.5800,162.5900,11200
1470841258,162.5900,162.6600,162.5900,162.6300,4700
1470841319,162.5600,162.6200,162.5600,162.6000,2800
1470841373,162.6100,162.6300,162.5825,162.5900,4100
1470841384,162.5800,162.6100,162.5800,162.6000,3000
1470841441,162.5700,162.5813,162.5600,162.5800,3900
1470841502,162.6100,162.6400,162.5400,162.5700,11100
1470841563,162.5300,162.6100,162.5300,162.6100,5500
1470841679,162.5350,162.5400,162.5100,162.5322,6300
1470841736,162.5800,162.5900,162.5400,162.5400,2900
1470841755,162.5300,162.6100,162.5300,162.6000,6100
1470841858,162.5400,162.5700,162.5150,162.5200,8600
1470841860,162.5400,162.5500,162.5100,162.5400,8200
1470841921,162.5400,162.5550,162.5200,162.5550,8300
1470842028,162.5939,162.5939,162.5300,162.5300,2800
1470842099,162.5700,162.5900,162.5500,162.5900,10600
1470842157,162.5000,162.5600,162.4900,162.5600,39000
1470842163,162.5100,162.5300,162.5100,162.5100,8400
1470842228,162.5450,162.5600,162.4500,162.5100,22900
1470842337,162.5750,162.5800,162.5200,162.5300,16900
1470842343,162.4800,162.5899,162.4600,162.5899,4300
1470842401,162.4300,162.4700,162.4100,162.4700,17100
1470842475,162.3950,162.4150,162.3800,162.4150,4800
1470842520,162.3500,162.3990,162.3500,162.3800,6200
1470842589,162.3900,162.4100,162.3400,162.3400,3600
1470842643,162.4100,162.4100,162.3800,162.3800,3500
1470842709,162.3900,162.4200,162.3800,162.3800,6000
1470842815,162.4100,162.4105,162.3800,162.3800,6800
1470842824,162.3930,162.4500,162.3900,162.3950,5900
1470842936,162.3100,162.4000,162.3100,162.4000,2800
1470842944,162.3400,162.3500,162.2800,162.2900,5600
1470843035,162.3400,162.3400,162.3200,162.3230,1000
1470843068,162.3400,162.3400,162.2900,162.3000,10100
1470843176,162.3900,162.3900,162.3500,162.3500,6600
1470843183,162.3700,162.4000,162.3600,162.3800,5200
1470843241,162.3800,162.3900,162.3600,162.3650,3300
1470843302,162.3500,162.3900,162.3500,162.3900,5000
1470843361,162.3800,162.3900,162.3400,162.3600,5300
1470843428,162.3500,162.3700,162.3300,162.3700,2900
1470843495,162.3510,162.3700,162.3510,162.3600,2500
1470843559,162.3500,162.3799,162.3500,162.3799,2200
1470843602,162.3400,162.3800,162.3300,162.3400,4500
1470843712,162.3350,162.3700,162.3300,162.3500,5000
1470843723,162.3800,162.3800,162.3300,162.3300,7800
1470843784,162.3700,162.4300,162.3600,162.3900,3500
1470843846,162.3700,162.3750,162.3700,162.3700,1900
1470843900,162.3300,162.3699,162.3000,162.3699,16200
1470843961,162.2800,162.3399,162.2700,162.3250,12000
1470844029,162.2900,162.3000,162.2900,162.2900,700
1470844083,162.2800,162.2900,162.2800,162.2900,2700
1470844157,162.2900,162.3000,162.2900,162.2900,2300
1470844243,162.2800,162.2950,162.2600,162.2900,3200
1470844265,162.2900,162.2900,162.2900,162.2900,700
1470844324,162.2800,162.2900,162.2800,162.2900,2400
1470844387,162.3100,162.3200,162.2900,162.3200,2900
1470844441,162.2950,162.3200,162.2900,162.3200,5100
1470844505,162.3000,162.3010,162.2700,162.3010,3000
1470844563,162.2800,162.2900,162.2700,162.2900,3400
1470844626,162.3000,162.3000,162.2800,162.2800,2100
1470844683,162.2700,162.2999,162.2700,162.2999,4400
1470844774,162.3000,162.3000,162.2700,162.2700,6900
1470844802,162.2800,162.3000,162.2700,162.3000,7300
1470844875,162.2700,162.2800,162.2500,162.2800,10200
1470844934,162.2700,162.2700,162.2401,162.2700,2000
1470844990,162.1900,162.2590,162.1900,162.2400,4200
1470845040,162.2100,162.2100,162.1866,162.1900,1500
1470845111,162.2400,162.2400,162.2100,162.2300,3100
1470845180,162.2600,162.2600,162.2500,162.2500,600
1470845260,162.2600,162.2600,162.2400,162.2400,3100
1470845311,162.2600,162.2600,162.2500,162.2600,1300
1470845348,162.3000,162.3200,162.2566,162.2566,3500
1470845405,162.3100,162.3300,162.3100,162.3200,1200
1470845477,162.3400,162.3600,162.3000,162.3200,2800
1470845531,162.3599,162.3599,162.3502,162.3502,400
1470845589,162.3800,162.3800,162.3400,162.3400,1900
1470845644,162.3000,162.3900,162.3000,162.3700,37100
1470845749,162.2900,162.2950,162.2832,162.2950,600
1470845815,162.3000,162.3000,162.2800,162.2800,4000
1470845822,162.3100,162.3100,162.2800,162.2900,3200
1470845884,162.2922,162.3100,162.2900,162.3100,1300
1470845959,162.3300,162.3300,162.2800,162.2850,2900
1470846009,162.3200,162.3360,162.3200,162.3300,2400
1470846091,162.3100,162.3300,162.3100,162.3300,600
1470846179,162.2850,162.3200,162.2800,162.3100,1900
1470846192,162.3450,162.3600,162.2800,162.2800,5200
1470846251,162.2950,162.3100,162.2800,162.3100,7200
1470846318,162.3000,162.3150,162.2900,162.2900,1500
1470846360,162.3102,162.3200,162.3050,162.3050,1700
1470846449,162.3100,162.3100,162.3050,162.3050,700
1470846537,162.2950,162.3050,162.2900,162.3000,2500
1470846548,162.3100,162.3100,162.2800,162.2950,2100
1470846606,162.3100,162.3100,162.2900,162.2900,6300
1470846667,162.3200,162.3200,162.3000,162.3100,900
1470846724,162.2850,162.3000,162.2850,162.3000,1300
1470846790,162.2900,162.2900,162.2700,162.2900,3600
1470846852,162.2300,162.2580,162.2300,162.2580,1500
1470846905,162.2100,162.2400,162.1900,162.2399,5000
1470846974,162.2000,162.2054,162.2000,162.2054,1200
1470847023,162.2000,162.2034,162.2000,162.2034,800
1470847090,162.2100,162.2400,162.2000,162.2200,3800
1470847190,162.2100,162.2100,162.2008,162.2100,1700
1470847204,162.2000,162.2100,162.1900,162.1900,700
1470847262,162.1700,162.2000,162.1400,162.2000,5400
1470847337,162.1700,162.1700,162.1501,162.1501,1400
1470847390,162.1800,162.1850,162.1700,162.1800,2400
1470847447,162.1700,162.1900,162.1600,162.1900,1100
1470847559,162.1900,162.2200,162.1800,162.1900,22600
1470847560,162.1850,162.2000,162.1801,162.1801,2000
1470847640,162.1700,162.1900,162.1550,162.1861,6000
1470847684,162.1600,162.1600,162.1600,162.1600,1600
1470847746,162.1700,162.1700,162.1500,162.1500,500
1470847802,162.1800,162.1800,162.1600,162.1700,2000
1470847875,162.2000,162.2000,162.1999,162.1999,500
1470847929,162.1800,162.1800,162.1600,162.1800,4000
1470848034,162.2300,162.2300,162.1900,162.1900,800
1470848094,162.2514,162.2514,162.2200,162.2300,4700
1470848113,162.2600,162.2800,162.2600,162.2600,900
1470848162,162.2300,162.2800,162.2300,162.2600,3300
1470848223,162.2600,162.2700,162.2500,162.2500,900
1470848292,162.2800,162.2800,162.2600,162.2800,700
1470848395,162.2800,162.2800,162.2600,162.2600,1500
1470848402,162.3000,162.3100,162.2800,162.3100,2700
1470848460,162.3300,162.3300,162.2995,162.2995,1900
1470848526,162.3380,162.3400,162.3100,162.3100,0
1470848626,162.3150,162.3200,162.3100,162.3200,3600
1470848641,162.3100,162.3300,162.3100,162.3100,8600
1470848707,162.3150,162.3200,162.3100,162.3100,4500
1470848819,162.2500,162.3150,162.2500,162.3150,26500
1470848823,162.2400,162.2500,162.2400,162.2500,1100
1470848884,162.2400,162.2500,162.2400,162.2499,2400
1470848942,162.2500,162.2600,162.2404,162.2500,4400
1470849006,162.2400,162.2575,162.2300,162.2550,4600
1470849072,162.2500,162.2500,162.2300,162.2500,3600
1470849126,162.2400,162.2400,162.2400,162.2400,1200
1470849190,162.2550,162.2600,162.2461,162.2461,2100
1470849260,162.2400,162.2590,162.2400,162.2590,4300
1470849315,162.2100,162.2274,162.2100,162.2274,1400
1470849417,162.1700,162.2100,162.1700,162.2050,3500
1470849421,162.1650,162.1750,162.1500,162.1750,3700
1470849480,162.1900,162.1900,162.1700,162.1700,2200
1470849577,162.1991,162.1991,162.1800,162.1800,1000
1470849656,162.1900,162.1900,162.1900,162.1900,300
1470849663,162.2000,162.2100,162.1900,162.2000,2500
1470849732,162.2000,162.2000,162.2000,162.2000,1200
1470849836,162.2300,162.2300,162.1900,162.2000,3600
1470849840,162.2600,162.2600,162.2400,162.2400,1200
1470849911,162.2600,162.2601,162.2550,162.2601,2100
1470850019,162.2500,162.2500,162.2300,162.2500,2400
1470850025,162.2786,162.2786,162.2500,162.2500,800
1470850138,162.2500,162.2700,162.2400,162.2700,1800
1470850142,162.2300,162.2300,162.2150,162.2250,2500
1470850202,162.1750,162.2250,162.1750,162.2200,6800
1470850265,162.1750,162.1800,162.1700,162.1746,4400
1470850361,162.1850,162.1850,162.1800,162.1800,2100
1470850426,162.1600,162.1800,162.1600,162.1800,1900
1470850441,162.1600,162.1750,162.1600,162.1600,2900
1470850527,162.1550,162.1600,162.1500,162.1600,1900
1470850572,162.2050,162.2050,162.1500,162.1500,3400
1470850624,162.2500,162.2700,162.2000,162.2050,5000
1470850683,162.2200,162.2700,162.2200,162.2700,4600
1470850742,162.2100,162.2200,162.2100,162.2150,1000
1470850852,162.1850,162.2050,162.1800,162.2000,3500
1470850864,162.2228,162.2228,162.1800,162.1800,2900
1470850937,162.2450,162.2450,162.2300,162.2300,1500
1470851031,162.2750,162.2800,162.2400,162.2400,3000
1470851047,162.2350,162.2786,162.2350,162.2786,3800
1470851126,162.2400,162.2400,162.2300,162.2400,800
1470851197,162.2300,162.2365,162.2300,162.2365,800
1470851221,162.2500,162.2550,162.2250,162.2250,2000
1470851292,162.2468,162.2468,162.2423,162.2423,700
1470851340,162.2100,162.2400,162.2100,162.2400,5000
1470851403,162.1784,162.1900,162.1750,162.1849,1800
1470851518,162.1600,162.1900,162.1600,162.1702,2200
1470851538,162.1600,162.1666,162.1600,162.1650,800
1470851584,162.1490,162.1800,162.1490,162.1700,3500
1470851660,162.1400,162.1626,162.1400,162.1400,3100
1470851706,162.2100,162.2300,162.1416,162.1416,2900
1470851819,162.1900,162.1900,162.1800,162.1900,1000
1470851824,162.1900,162.1995,162.1800,162.1995,3900
1470851910,162.2000,162.2200,162.1900,162.2000,4200
1470851946,162.1400,162.2000,162.1400,162.2000,6300
1470852000,162.1500,162.1800,162.1200,162.1400,17500
1470852068,162.1600,162.1700,162.1550,162.1550,6000
1470852128,162.1800,162.1900,162.1400,162.1500,25800
1470852190,162.2400,162.2400,162.1700,162.1700,4800
1470852245,162.2100,162.2400,162.2100,162.2400,1500
1470852301,162.1800,162.2000,162.1700,162.1950,2300
1470852365,162.2000,162.2000,162.1610,162.1800,3400
1470852424,162.2000,162.2500,162.1900,162.2500,6500
1470852480,162.2200,162.2254,162.1900,162.2000,5900
1470852552,162.2050,162.2150,162.2000,162.2100,6800
1470852626,162.2300,162.2300,162.1800,162.1800,3000
1470852662,162.2500,162.2500,162.2300,162.2325,6400
1470852779,162.2450,162.2600,162.2400,162.2500,7100
1470852833,162.2350,162.2600,162.2350,162.2500,33400
1470852841,162.2200,162.2450,162.1900,162.2300,8000
1470852903,162.2100,162.2300,162.2100,162.2300,2300
1470852971,162.2300,162.2350,162.2100,162.2100,3900
1470853079,162.2600,162.2800,162.2300,162.2300,4100
1470853080,162.2700,162.2700,162.2500,162.2500,1600
1470853158,162.1400,162.2600,162.1200,162.2600,10300
1470853211,162.1400,162.1600,162.1200,162.1600,1700
1470853292,162.1350,162.1500,162.1350,162.1366,1100
1470853322,162.1300,162.1500,162.1300,162.1500,3000
1470853381,162.1600,162.1600,162.1200,162.1200,9500
1470853443,162.1600,162.1900,162.1500,162.1700,2600
1470853501,162.1690,162.1900,162.1690,162.1700,2700
1470853568,162.1350,162.1600,162.1200,162.1600,4500
1470853676,162.1100,162.1350,162.1100,162.1324,10000
1470853680,162.1600,162.1800,162.1200,162.1200,5300
1470853741,162.1550,162.1561,162.1350,162.1500,2100
1470853803,162.1400,162.1500,162.1400,162.1450,8700
1470853862,162.1050,162.1450,162.1050,162.1400,6400
1470853969,162.0600,162.1050,162.0600,162.1050,5100
1470854039,162.0300,162.0650,162.0050,162.0650,6600
1470854042,162.0400,162.0600,162.0300,162.0400,2800
1470854104,162.0700,162.0800,162.0174,162.0400,5500
1470854216,162.0700,162.0800,162.0600,162.0700,1700
1470854220,162.0950,162.1100,162.0800,162.0800,4100
1470854282,162.1200,162.1250,162.1000,162.1000,4400
1470854340,162.0850,162.1200,162.0800,162.1200,4400
1470854400,162.0900,162.1100,162.0850,162.0850,3000
1470854519,162.1100,162.1200,162.1000,162.1000,5100
1470854520,162.1200,162.1200,162.1000,162.1100,3900
1470854582,162.0800,162.1100,162.0800,162.1100,2500
1470854667,162.0850,162.0900,162.0800,162.0900,600
1470854707,162.0700,162.0900,162.0700,162.0800,7300
1470854767,162.0800,162.0800,162.0600,162.0600,1700
1470854822,162.0800,162.0800,162.0650,162.0700,2800
1470854886,162.0900,162.0900,162.0800,162.0800,3000
1470854941,162.1600,162.1600,162.0848,162.0848,8100
1470855009,162.2000,162.2000,162.1600,162.1600,4400
1470855062,162.1950,162.2100,162.1900,162.2000,3900
1470855120,162.2200,162.2200,162.2000,162.2000,5500
1470855212,162.2150,162.2200,162.2100,162.2200,1900
1470855240,162.1700,162.2100,162.1700,162.2000,11200
1470855304,162.1800,162.1800,162.1600,162.1700,5800
1470855391,162.1700,162.1800,162.1650,162.1700,1700
1470855421,162.1700,162.1737,162.1600,162.1700,2200
1470855485,162.1401,162.1700,162.1401,162.1700,2900
1470855543,162.1700,162.1700,162.1450,162.1450,3500
1470855618,162.1400,162.1600,162.1300,162.1600,6100
1470855719,162.1270,162.1300,162.1200,162.1300,9100
1470855721,162.1300,162.1400,162.1200,162.1200,7200
1470855837,162.1200,162.1400,162.1200,162.1300,11500
1470855840,162.1400,162.1400,162.1201,162.1201,2600
1470855900,162.1400,162.1500,162.1400,162.1500,4400
1470855963,162.1450,162.1600,162.1300,162.1300,8100
1470856079,162.1750,162.1750,162.1400,162.1500,8300
1470856085,162.2000,162.2000,162.1700,162.1750,3400
1470856141,162.1700,162.2100,162.1600,162.1900,20100
1470856206,162.1500,162.1600,162.1500,162.1600,3300
1470856269,162.1500,162.1700,162.1500,162.1700,1400
1470856321,162.1700,162.1700,162.1500,162.1500,1800
1470856388,162.2106,162.2110,162.1700,162.1750,3700
1470856445,162.2200,162.2200,162.1900,162.1900,2400
1470856505,162.2100,162.2800,162.2100,162.2400,8800
1470856563,162.2200,162.2200,162.2100,162.2200,7500
1470856631,162.1800,162.2190,162.1700,162.2100,8800
1470856690,162.1900,162.1950,162.1700,162.1800,3700
1470856756,162.1900,162.1900,162.1800,162.1800,3000
1470856857,162.1700,162.1738,162.1500,162.1650,5600
1470856917,162.2800,162.2800,162.1700,162.1750,11000
1470856920,162.2800,162.3000,162.2766,162.2900,7500
1470856988,162.2700,162.2700,162.2500,162.2700,3500
1470857043,162.2600,162.2800,162.2600,162.2750,3200
1470857106,162.2800,162.2800,162.2500,162.2600,4400
1470857166,162.2800,162.2800,162.2700,162.2700,5000
1470857221,162.2700,162.2800,162.2674,162.2700,4700
1470857283,162.2650,162.2700,162.2650,162.2700,3200
1470857398,162.2600,162.2600,162.2450,162.2450,5900
1470857401,162.2700,162.2900,162.2600,162.2600,6400
1470857468,162.2500,162.3000,162.2500,162.2800,8100
1470857524,162.2617,162.2617,162.2300,162.2400,4900
1470857638,162.2500,162.2600,162.2400,162.2600,5700
1470857698,162.2301,162.2600,162.2301,162.2600,7500
1470857701,162.2439,162.2700,162.2400,162.2400,4300
1470857819,162.2400,162.2600,162.2400,162.2400,13900
1470857878,162.1700,162.2500,162.1700,162.2350,11600
1470857880,162.1773,162.1900,162.1700,162.1800,4600
1470857993,162.1900,162.2250,162.1800,162.2100,6600
1470858058,162.1708,162.1800,162.1700,162.1800,5800
1470858060,162.1700,162.1800,162.1600,162.1800,9100
1470858177,162.1500,162.1789,162.1400,162.1789,6500
1470858181,162.0200,162.1500,162.0150,162.1500,15200
1470858241,161.9800,162.0200,161.9700,162.0200,13500
1470858300,162.0000,162.0175,161.9600,161.9600,13100
1470858360,162.0150,162.0700,162.0000,162.0000,8800
1470858422,162.0100,162.0300,162.0100,162.0101,7700
1470858486,162.0000,162.0290,161.9850,162.0200,7600
1470858550,162.0300,162.0300,162.0000,162.0100,10300
1470858601,161.9900,162.0500,161.9900,162.0300,13800
1470858675,161.9800,162.0000,161.9600,161.9900,20100
1470858778,162.0000,162.0000,161.9650,161.9800,12500
1470858780,161.9900,162.0258,161.9800,161.9900,16300
1470858841,161.9900,162.0100,161.9800,161.9900,37600
1470858907,162.0050,162.0100,161.9900,161.9900,13700
1470858960,161.9600,162.0000,161.9550,162.0000,31200
1470859041,161.9950,162.0000,161.9700,161.9850,10500
1470859138,162.0200,162.0300,161.9900,161.9950,18200
1470859169,162.0600,162.0600,162.0200,162.0350,48000
1470859200,162.0800,162.0800,162.0800,162.0800,125200
