uri:/instrument/1.0/SNE/chartdata;type=quote;range=1d/csv
ticker:sne
Company-Name:Sony Corporation Common Stock
Exchange-Name:NYQ
unit:MIN
timezone:EDT
currency:USD
gmtoffset:-14400
previous_close:32.8500
Timestamp:1470835800,1470859200
labels:1470837600,1470841200,1470844800,1470848400,1470852000,1470855600,1470859200
values:Timestamp,close,high,low,open,volume
close:32.7300,33.1200
high:32.7300,33.1220
low:32.7300,33.1150
open:32.7300,33.1200
volume:100,44400
1470835837,33.0700,33.0800,33.0700,33.0700,20400
1470835891,33.0900,33.0900,33.0900,33.0900,2000
1470835921,33.0900,33.1000,33.0900,33.0900,6800
1470836001,33.0600,33.0800,33.0600,33.0800,3600
1470836086,33.0800,33.0800,33.0400,33.0600,7000
1470836148,33.0900,33.0900,33.0700,33.0700,4000
1470836167,33.0900,33.1000,33.0900,33.1000,3000
1470836268,33.0900,33.1100,33.0900,33.1000,3500
1470836284,33.0900,33.0900,33.0800,33.0800,3100
1470836386,33.0900,33.0900,33.0800,33.0800,1300
1470836458,33.0800,33.0900,33.0800,33.0900,4700
1470836510,33.0700,33.0863,33.0700,33.0800,11900
1470836538,33.0700,33.0700,33.0699,33.0699,2300
1470836591,33.0900,33.0900,33.0700,33.0700,6600
1470836645,33.1200,33.1200,33.1100,33.1100,1000
1470836719,33.1000,33.1200,33.1000,33.1200,3800
1470836817,33.1200,33.1220,33.1150,33.1150,10900
1470836872,33.1000,33.1200,33.1000,33.1200,10400
1470836890,33.0800,33.1000,33.0800,33.1000,3700
1470836971,33.0700,33.0800,33.0700,33.0800,3200
1470837036,33.0600,33.0800,33.0600,33.0800,5100
1470837072,33.0550,33.0550,33.0500,33.0500,2300
1470837173,33.0600,33.0600,33.0600,33.0600,400
1470837215,33.0700,33.0700,33.0700,33.0700,900
1470837255,33.0600,33.0700,33.0538,33.0700,4500
1470837356,33.0700,33.0700,33.0700,33.0700,2900
1470837597,33.0200,33.0400,33.0200,33.0400,7500
1470837622,33.0300,33.0300,33.0100,33.0100,4200
1470837661,33.0000,33.0200,33.0000,33.0200,3300
1470837774,33.0000,33.0000,33.0000,33.0000,500
1470837812,33.0000,33.0000,33.0000,33.0000,100
1470837957,33.0200,33.0200,33.0100,33.0100,1500
1470838017,33.0100,33.0100,33.0100,33.0100,2500
1470838078,33.0300,33.0300,33.0289,33.0300,2700
1470838082,33.0300,33.0400,33.0300,33.0366,5700
1470838175,33.0400,33.0400,33.0400,33.0400,1000
1470838319,33.0400,33.0450,33.0400,33.0450,5000
1470838353,33.0300,33.0400,33.0300,33.0400,2400
1470838401,33.0000,33.0200,33.0000,33.0200,7000
1470838480,32.9700,32.9800,32.9700,32.9800,1700
1470838518,32.9800,32.9800,32.9800,32.9800,5000
1470838799,32.9600,32.9800,32.9600,32.9800,8500
1470838827,32.9600,32.9700,32.9600,32.9700,1000
1470838889,32.9800,32.9800,32.9800,32.9800,3500
1470838936,32.9900,32.9900,32.9900,32.9900,700
1470838991,33.0000,33.0000,33.0000,33.0000,1500
1470839058,33.0300,33.0300,33.0100,33.0200,1800
1470839124,33.0400,33.0400,33.0300,33.0300,1000
1470839212,33.0366,33.0366,33.0366,33.0366,300
1470839276,33.0207,33.0300,33.0200,33.0300,4700
1470839339,33.0150,33.0200,33.0150,33.0200,3500
1470839457,33.0300,33.0300,33.0300,33.0300,1800
1470839548,33.0200,33.0200,33.0200,33.0200,1800
1470839753,33.0200,33.0236,33.0200,33.0200,8600
1470839787,33.0110,33.0110,33.0110,33.0110,1000
1470839852,33.0100,33.0100,33.0100,33.0100,900
1470839882,32.9900,33.0000,32.9900,33.0000,1700
1470839947,32.9900,32.9900,32.9900,32.9900,800
1470840057,32.9800,32.9834,32.9800,32.9834,2500
1470840083,32.9900,32.9900,32.9900,32.9900,800
1470840210,32.9893,32.9900,32.9893,32.9900,600
1470840355,32.9900,32.9900,32.9800,32.9800,400
1470840397,32.9800,32.9800,32.9800,32.9800,100
1470840454,32.9900,32.9900,32.9900,32.9900,1000
1470840597,32.9900,32.9900,32.9900,32.9900,1600
1470840657,32.9700,32.9800,32.9700,32.9800,1000
1470840705,32.9700,32.9700,32.9700,32.9700,1100
1470840731,32.9500,32.9600,32.9500,32.9600,2100
1470840839,32.9600,32.9600,32.9500,32.9500,5200
1470840869,32.9620,32.9620,32.9620,32.9620,100
1470840940,32.9700,32.9700,32.9700,32.9700,300
1470841014,32.9600,32.9600,32.9500,32.9600,5200
1470841044,32.9600,32.9600,32.9590,32.9590,3200
1470841109,32.9600,32.9699,32.9600,32.9699,1200
1470841257,32.9700,32.9701,32.9700,32.9700,3400
1470841310,32.9600,32.9600,32.9600,32.9600,2400
1470841377,32.9700,32.9700,32.9700,32.9700,2500
1470841445,32.9600,32.9600,32.9600,32.9600,600
1470841530,32.9500,32.9500,32.9500,32.9500,600
1470841563,32.9400,32.9400,32.9400,32.9400,1800
1470841798,32.9300,32.9300,32.9300,32.9300,2500
1470841803,32.9000,32.9300,32.9000,32.9300,11600
1470841895,32.9000,32.9000,32.9000,32.9000,100
1470841925,32.8750,32.8900,32.8750,32.8900,5300
1470842058,32.8700,32.8790,32.8700,32.8790,1400
1470842117,32.8400,32.8400,32.8400,32.8400,7000
1470842362,32.8100,32.8100,32.8100,32.8100,2800
1470842499,32.7973,32.7973,32.7973,32.7973,1200
1470842568,32.8000,32.8000,32.8000,32.8000,2500
1470842636,32.7900,32.8000,32.7900,32.7900,9500
1470842667,32.7900,32.7900,32.7900,32.7900,100
1470842744,32.8050,32.8050,32.7950,32.8000,2600
1470842814,32.8100,32.8100,32.8100,32.8100,900
1470842871,32.8200,32.8201,32.8200,32.8200,1600
1470842982,32.8201,32.8201,32.8201,32.8201,300
1470843070,32.8000,32.8100,32.8000,32.8100,7700
1470843176,32.8000,32.8001,32.8000,32.8000,2600
1470843194,32.7933,32.7933,32.7933,32.7933,300
1470843297,32.7800,32.7900,32.7800,32.7900,3000
1470843302,32.7800,32.7800,32.7800,32.7800,4800
1470843453,32.8011,32.8011,32.7850,32.7900,1900
1470843484,32.8003,32.8003,32.8000,32.8000,1600
1470843689,32.8000,32.8090,32.8000,32.8090,1400
1470843824,32.8050,32.8050,32.8050,32.8050,200
1470843877,32.8000,32.8000,32.8000,32.8000,200
1470843905,32.8000,32.8000,32.8000,32.8000,100
1470844014,32.7900,32.8038,32.7900,32.8038,5200
1470844076,32.7900,32.7900,32.7850,32.7900,3600
1470844122,32.7900,32.7900,32.7900,32.7900,200
1470844178,32.8100,32.8100,32.8050,32.8100,5400
1470844247,32.8100,32.8150,32.8100,32.8150,200
1470844276,32.8200,32.8200,32.8100,32.8100,1200
1470844579,32.8300,32.8300,32.8300,32.8300,100
1470844676,32.8300,32.8300,32.8300,32.8300,400
1470844708,32.8200,32.8200,32.8200,32.8200,100
1470844775,32.8200,32.8200,32.8150,32.8200,4300
1470844806,32.8100,32.8101,32.8100,32.8100,1800
1470844905,32.8100,32.8100,32.8100,32.8100,400
1470844965,32.8200,32.8200,32.8100,32.8163,600
1470844995,32.8100,32.8100,32.8100,32.8100,100
1470845203,32.8366,32.8366,32.8200,32.8200,1900
1470845328,32.8350,32.8354,32.8350,32.8354,300
1470845367,32.8400,32.8400,32.8400,32.8400,200
1470845469,32.8300,32.8400,32.8300,32.8400,4500
1470845574,32.8200,32.8300,32.8200,32.8200,3500
1470845627,32.8200,32.8200,32.8200,32.8200,700
1470845699,32.8200,32.8300,32.8200,32.8200,3400
1470845714,32.8100,32.8200,32.8100,32.8200,2300
1470845819,32.8000,32.8000,32.8000,32.8000,3500
1470845879,32.7900,32.8000,32.7900,32.8000,6100
1470845880,32.7800,32.7900,32.7800,32.7900,3300
1470846173,32.7800,32.7800,32.7800,32.7800,900
1470846288,32.7700,32.7800,32.7650,32.7800,6500
1470846353,32.7600,32.7663,32.7600,32.7600,1800
1470846414,32.7433,32.7600,32.7433,32.7600,2700
1470846472,32.7650,32.7650,32.7500,32.7500,4400
1470846587,32.7699,32.7699,32.7690,32.7690,1600
1470846684,32.7650,32.7650,32.7650,32.7650,200
1470846834,32.7600,32.7700,32.7600,32.7700,600
1470846849,32.7600,32.7600,32.7600,32.7600,4100
1470846924,32.7700,32.7700,32.7700,32.7700,1300
1470847153,32.7800,32.7800,32.7800,32.7800,100
1470847308,32.7799,32.7799,32.7799,32.7799,200
1470847401,32.7700,32.7800,32.7600,32.7800,4200
1470847491,32.7650,32.7650,32.7600,32.7600,2200
1470847545,32.7700,32.7700,32.7650,32.7700,5400
1470847642,32.7800,32.7800,32.7800,32.7800,2500
1470847722,32.7900,32.8000,32.7900,32.7900,1300
1470847790,32.7700,32.7900,32.7700,32.7900,4000
1470847810,32.7700,32.7700,32.7700,32.7700,200
1470847949,32.7700,32.7750,32.7650,32.7750,6000
1470848116,32.7800,32.7800,32.7800,32.7800,2300
1470848195,32.7900,32.7900,32.7900,32.7900,100
1470848257,32.7800,32.7800,32.7800,32.7800,100
1470848280,32.7800,32.7800,32.7800,32.7800,300
1470848452,32.7800,32.7800,32.7800,32.7800,100
1470848486,32.7850,32.7850,32.7850,32.7850,100
1470848587,32.7900,32.7900,32.7800,32.7800,200
1470848725,32.7850,32.7850,32.7800,32.7800,400
1470848878,32.7801,32.7900,32.7801,32.7900,300
1470849029,32.7809,32.7809,32.7809,32.7809,500
1470849087,32.7700,32.7800,32.7700,32.7800,4700
1470849128,32.7700,32.7700,32.7700,32.7700,400
1470849317,32.7600,32.7600,32.7600,32.7600,600
1470849417,32.7500,32.7600,32.7500,32.7600,3500
1470849454,32.7590,32.7590,32.7590,32.7590,500
1470849506,32.7500,32.7600,32.7500,32.7500,1500
1470849588,32.7500,32.7500,32.7500,32.7500,1100
1470849653,32.7599,32.7599,32.7500,32.7500,200
1470849685,32.7500,32.7600,32.7500,32.7600,600
1470849731,32.7550,32.7600,32.7550,32.7600,400
1470849835,32.7599,32.7599,32.7500,32.7550,1300
1470849858,32.7600,32.7600,32.7600,32.7600,3800
1470849909,32.7600,32.7650,32.7600,32.7650,300
1470849961,32.7600,32.7600,32.7600,32.7600,200
1470850072,32.7800,32.7800,32.7699,32.7700,1600
1470850106,32.7800,32.7800,32.7800,32.7800,1700
1470850184,32.7900,32.7900,32.7800,32.7800,1100
1470850246,32.7858,32.7858,32.7858,32.7858,100
1470850378,32.7800,32.7900,32.7800,32.7900,500
1470850434,32.7800,32.7800,32.7750,32.7800,3700
1470850484,32.7900,32.7900,32.7900,32.7900,100
1470850591,32.7800,32.7900,32.7800,32.7900,1800
1470850623,32.7800,32.7800,32.7800,32.7800,200
1470850735,32.7800,32.7800,32.7800,32.7800,600
1470850747,32.7800,32.7800,32.7800,32.7800,200
1470850853,32.7800,32.7800,32.7800,32.7800,300
1470850910,32.7801,32.7801,32.7801,32.7801,500
1470850931,32.7850,32.7850,32.7801,32.7801,2100
1470851250,32.7845,32.7845,32.7800,32.7800,400
1470851399,32.7700,32.7900,32.7700,32.7850,3000
1470851400,32.7700,32.7700,32.7699,32.7700,1700
1470851470,32.7650,32.7666,32.7634,32.7634,700
1470851561,32.7663,32.7663,32.7663,32.7663,100
1470851580,32.7650,32.7650,32.7650,32.7650,300
1470851696,32.7699,32.7699,32.7699,32.7699,100
1470851709,32.7700,32.7700,32.7636,32.7636,1500
1470851868,32.7699,32.7699,32.7699,32.7699,100
1470851897,32.7637,32.7663,32.7637,32.7663,500
1470851945,32.7500,32.7700,32.7500,32.7700,2900
1470852027,32.7450,32.7500,32.7450,32.7500,1700
1470852120,32.7500,32.7500,32.7500,32.7500,1200
1470852284,32.7500,32.7500,32.7500,32.7500,300
1470852350,32.7500,32.7500,32.7500,32.7500,200
1470852417,32.7700,32.7700,32.7700,32.7700,4600
1470852430,32.7650,32.7650,32.7650,32.7650,500
1470852523,32.7600,32.7650,32.7600,32.7650,400
1470852590,32.7550,32.7650,32.7550,32.7600,6700
1470852616,32.7550,32.7550,32.7550,32.7550,400
1470852710,32.7600,32.7600,32.7600,32.7600,700
1470852820,32.7600,32.7650,32.7600,32.7650,400
1470852884,32.7500,32.7600,32.7500,32.7600,2400
1470852928,32.7500,32.7500,32.7500,32.7500,100
1470853005,32.7600,32.7600,32.7500,32.7500,500
1470853066,32.7501,32.7569,32.7500,32.7500,1000
1470853123,32.7550,32.7550,32.7500,32.7500,800
1470853184,32.7400,32.7500,32.7400,32.7500,4100
1470853210,32.7399,32.7400,32.7399,32.7400,2700
1470853283,32.7350,32.7400,32.7300,32.7300,1700
1470853418,32.7411,32.7500,32.7400,32.7500,300
1470853443,32.7599,32.7599,32.7500,32.7500,1700
1470853546,32.7550,32.7550,32.7550,32.7550,100
1470853598,32.7550,32.7600,32.7550,32.7600,300
1470853653,32.7600,32.7600,32.7600,32.7600,100
1470853735,32.7600,32.7600,32.7550,32.7550,500
1470853746,32.7500,32.7500,32.7500,32.7500,100
1470853802,32.7500,32.7500,32.7500,32.7500,300
1470853893,32.7599,32.7599,32.7550,32.7550,300
1470853962,32.7550,32.7550,32.7500,32.7500,300
1470854010,32.7500,32.7500,32.7500,32.7500,4000
1470854099,32.7300,32.7400,32.7300,32.7400,2700
1470854159,32.7300,32.7300,32.7300,32.7300,500
1470854165,32.7300,32.7300,32.7300,32.7300,1200
1470854250,32.7550,32.7600,32.7300,32.7300,16200
1470854301,32.7600,32.7600,32.7600,32.7600,100
1470854374,32.7537,32.7537,32.7537,32.7537,100
1470854436,32.7800,32.7800,32.7550,32.7600,8300
1470854461,32.7700,32.7700,32.7700,32.7700,5900
1470854651,32.7600,32.7650,32.7600,32.7650,500
1470854740,32.7700,32.7700,32.7700,32.7700,300
1470854781,32.7700,32.7700,32.7700,32.7700,200
1470854903,32.7700,32.7700,32.7650,32.7650,300
1470854997,32.7608,32.7750,32.7600,32.7700,12500
1470855111,32.7600,32.7600,32.7600,32.7600,200
1470855161,32.7700,32.7700,32.7700,32.7700,100
1470855199,32.7699,32.7699,32.7650,32.7650,300
1470855341,32.7600,32.7650,32.7600,32.7650,500
1470855390,32.7650,32.7650,32.7600,32.7600,300
1470855446,32.7600,32.7700,32.7600,32.7700,200
1470855551,32.7650,32.7699,32.7600,32.7699,400
1470855647,32.7600,32.7600,32.7600,32.7600,100
1470855714,32.7600,32.7700,32.7600,32.7600,1000
1470855801,32.7600,32.7650,32.7550,32.7600,6100
1470855855,32.7600,32.7600,32.7600,32.7600,800
1470855958,32.7900,32.7900,32.7700,32.7700,16400
1470855964,32.7834,32.7900,32.7834,32.7900,500
1470856067,32.7800,32.7800,32.7800,32.7800,200
1470856149,32.8300,32.8300,32.7900,32.7900,8600
1470856217,32.8450,32.8450,32.8400,32.8400,500
1470856308,32.8500,32.8500,32.8500,32.8500,900
1470856368,32.8450,32.8450,32.8434,32.8434,300
1470856438,32.8450,32.8500,32.8450,32.8500,700
1470856490,32.8650,32.8700,32.8500,32.8500,3700
1470856557,32.8700,32.8700,32.8650,32.8650,1400
1470856677,32.8800,32.8800,32.8750,32.8800,900
1470856705,32.8800,32.8800,32.8750,32.8800,400
1470856848,32.8750,32.8800,32.8700,32.8800,500
1470856919,32.9000,32.9000,32.8750,32.8800,10000
1470856943,32.8950,32.9000,32.8950,32.9000,300
1470857021,32.8700,32.8900,32.8700,32.8900,6400
1470857083,32.8700,32.8700,32.8700,32.8700,300
1470857149,32.8700,32.8700,32.8700,32.8700,1100
1470857176,32.8700,32.8700,32.8600,32.8700,3000
1470857263,32.8700,32.8700,32.8600,32.8600,300
1470857293,32.8600,32.8600,32.8600,32.8600,200
1470857433,32.8650,32.8650,32.8600,32.8600,500
1470857577,32.8616,32.8616,32.8600,32.8600,200
1470857607,32.8700,32.8700,32.8650,32.8650,400
1470857696,32.8500,32.8750,32.8500,32.8600,10300
1470857746,32.8650,32.8700,32.8500,32.8500,3500
1470857818,32.8600,32.8700,32.8600,32.8600,2900
1470857876,32.8400,32.8600,32.8400,32.8600,6700
1470857936,32.8400,32.8400,32.8400,32.8400,2700
1470857993,32.8400,32.8400,32.8400,32.8400,200
1470858074,32.8550,32.8550,32.8550,32.8550,2800
1470858121,32.8500,32.8588,32.8500,32.8588,3900
1470858233,32.8550,32.8550,32.8550,32.8550,200
1470858242,32.8400,32.8500,32.8400,32.8500,7400
1470858325,32.8450,32.8500,32.8450,32.8500,5300
1470858397,32.8500,32.8600,32.8450,32.8500,3100
1470858474,32.8500,32.8550,32.8500,32.8500,400
1470858497,32.8500,32.8550,32.8500,32.8500,300
1470858598,32.8550,32.8550,32.8550,32.8550,400
1470858643,32.8450,32.8500,32.8450,32.8500,14200
1470858713,32.8450,32.8500,32.8400,32.8400,1100
1470858770,32.8500,32.8500,32.8400,32.8450,600
1470858785,32.8500,32.8500,32.8400,32.8400,1700
1470858896,32.8450,32.8450,32.8450,32.8450,100
1470858959,32.8650,32.8700,32.8500,32.8500,13900
1470858996,32.8700,32.8700,32.8650,32.8650,4300
1470859071,32.8750,32.8750,32.8700,32.8700,5100
1470859132,32.8800,32.8800,32.8750,32.8750,2900
1470859156,32.8400,32.8800,32.8400,32.8800,44400
1470859200,32.8400,32.8400,32.8400,32.8400,4800
