uri:/instrument/1.0/GDX/chartdata;type=quote;range=1d/csv
ticker:gdx
Company-Name:VanEck Vectors Gold Miners ETF
Exchange-Name:PCX
unit:MIN
timezone:EDT
currency:USD
gmtoffset:-14400
previous_close:30.5000
Timestamp:1470749400,1470772800
labels:1470751200,1470754800,1470758400,1470762000,1470765600,1470769200,1470772800
values:Timestamp,close,high,low,open,volume
close:30.6000,30.9300
high:30.6650,30.9500
low:30.5900,30.9100
open:30.6150,30.9300
volume:0,45054700
1470749434,30.6700,30.7400,30.6700,30.7400,45054700
1470749516,30.6000,30.6650,30.5900,30.6400,390700
1470749575,30.7262,30.7300,30.6100,30.6150,121500
1470749639,30.7700,30.7800,30.7100,30.7300,140300
1470749697,30.7100,30.7800,30.7000,30.7700,65300
1470749759,30.7300,30.7400,30.7000,30.7100,97200
1470749764,30.7700,30.7800,30.7250,30.7300,73400
1470749879,30.7700,30.7750,30.7400,30.7700,85700
1470749881,30.7300,30.7800,30.7000,30.7800,124500
1470749997,30.7300,30.7400,30.7100,30.7300,38500
1470750058,30.7000,30.7600,30.7000,30.7300,96100
1470750118,30.7300,30.7400,30.6900,30.6950,75300
1470750178,30.7000,30.7399,30.6950,30.7255,48500
1470750237,30.7200,30.7200,30.6700,30.7000,54300
1470750298,30.7101,30.7400,30.7000,30.7100,80000
1470750300,30.6450,30.7200,30.6400,30.7200,135800
1470750414,30.6800,30.6800,30.6400,30.6500,65400
1470750479,30.7250,30.7250,30.6650,30.6700,95800
1470750480,30.7600,30.7700,30.7000,30.7200,63100
1470750599,30.7600,30.7800,30.7400,30.7600,85500
1470750656,30.7000,30.7600,30.6950,30.7500,62700
1470750719,30.6900,30.7200,30.6700,30.7000,106000
1470750778,30.6800,30.7100,30.6650,30.7000,78300
1470750838,30.6700,30.7000,30.6700,30.6800,56700
1470750899,30.6700,30.7050,30.6600,30.6700,40500
1470750958,30.6900,30.7100,30.6700,30.6750,27600
1470751017,30.6800,30.7036,30.6700,30.6900,36000
1470751079,30.6950,30.7000,30.6700,30.6800,38300
1470751139,30.7000,30.7100,30.6900,30.6900,19400
1470751199,30.7100,30.7200,30.7000,30.7050,45300
1470751259,30.7750,30.7750,30.7200,30.7200,142100
1470751319,30.8200,30.8200,30.7750,30.7750,124100
1470751379,30.8200,30.8200,30.7950,30.8118,106700
1470751439,30.8800,30.8800,30.7850,30.8100,235000
1470751499,30.8900,30.8900,30.8400,30.8750,88000
1470751556,30.8800,30.9100,30.8720,30.8800,101300
1470751616,30.8800,30.8900,30.8650,30.8850,45400
1470751676,30.8950,30.9050,30.8800,30.8900,68000
1470751680,30.9300,30.9300,30.8863,30.9000,86700
1470751797,30.8970,30.9500,30.8900,30.9300,68300
1470751800,30.8800,30.9050,30.8710,30.9000,68900
1470751860,30.8800,30.9000,30.8750,30.8800,40900
1470751974,30.9100,30.9150,30.8800,30.8800,50300
1470752038,30.9200,30.9300,30.9100,30.9100,26600
1470752040,30.9150,30.9250,30.8800,30.9200,77000
1470752159,30.8600,30.9250,30.8600,30.9100,115300
1470752218,30.8200,30.8800,30.8200,30.8600,68600
1470752269,30.8600,30.8600,30.8250,30.8300,43000
1470752338,30.8500,30.8500,30.8100,30.8500,69900
1470752397,30.9000,30.9000,30.8400,30.8500,55100
1470752459,30.9000,30.9200,30.8901,30.9000,63300
1470752460,30.9150,30.9250,30.9000,30.9050,69900
1470752572,30.9011,30.9200,30.8700,30.9200,67000
1470752636,30.8950,30.9200,30.8950,30.9126,44900
1470752698,30.8869,30.9000,30.8850,30.8900,45500
1470752703,30.8700,30.9000,30.8700,30.8900,22700
1470752764,30.8850,30.8857,30.8600,30.8700,12400
1470752879,30.8500,30.8900,30.8450,30.8900,39300
1470752936,30.8800,30.8800,30.8400,30.8500,59800
1470752941,30.8800,30.8850,30.8500,30.8800,34000
1470753050,30.8900,30.8900,30.8700,30.8700,21400
1470753119,30.8800,30.8958,30.8700,30.8900,37800
1470753170,30.8799,30.8860,30.8700,30.8860,30200
1470753239,30.8700,30.8700,30.8550,30.8700,27500
1470753298,30.8100,30.8670,30.8100,30.8600,88000
1470753352,30.8300,30.8300,30.8050,30.8050,75700
1470753418,30.8200,30.8400,30.8200,30.8263,63300
1470753421,30.8400,30.8450,30.8100,30.8200,46600
1470753537,30.8200,30.8350,30.8050,30.8300,92400
1470753599,30.8000,30.8150,30.7900,30.8100,80900
1470753601,30.7800,30.8100,30.7800,30.8000,62200
1470753660,30.7950,30.8000,30.7800,30.7900,40600
1470753726,30.7900,30.8050,30.7897,30.7970,65700
1470753834,30.8000,30.8100,30.7890,30.8000,54200
1470753898,30.7900,30.8150,30.7900,30.7900,72900
1470753955,30.7950,30.8100,30.7900,30.7950,63100
1470754019,30.7850,30.7982,30.7800,30.7900,33200
1470754079,30.7950,30.8000,30.7850,30.7900,64500
1470754135,30.7800,30.7950,30.7700,30.7950,41000
1470754199,30.7468,30.7800,30.7300,30.7800,48100
1470754259,30.7199,30.7400,30.7100,30.7400,36400
1470754312,30.7110,30.7200,30.6950,30.7100,42300
1470754377,30.7250,30.7300,30.7000,30.7150,62900
1470754383,30.7562,30.7650,30.7250,30.7250,71900
1470754492,30.7500,30.7650,30.7500,30.7550,16100
1470754551,30.7750,30.7800,30.7520,30.7600,48900
1470754618,30.7500,30.8000,30.7500,30.7800,45900
1470754621,30.7700,30.7766,30.7500,30.7500,32100
1470754732,30.7800,30.7850,30.7650,30.7700,8000
1470754791,30.7910,30.8000,30.7800,30.7800,23000
1470754859,30.8300,30.8300,30.7950,30.8000,22800
1470754919,30.8150,30.8400,30.8100,30.8200,32100
1470754979,30.8100,30.8200,30.8000,30.8199,28800
1470755039,30.8300,30.8400,30.8100,30.8100,33700
1470755042,30.8050,30.8300,30.8000,30.8250,46300
1470755159,30.8300,30.8400,30.7950,30.8000,56100
1470755216,30.8400,30.8499,30.8200,30.8300,55900
1470755278,30.8350,30.8500,30.8300,30.8500,34100
1470755332,30.8400,30.8500,30.8300,30.8350,28100
1470755340,30.8300,30.8450,30.8300,30.8400,32800
1470755457,30.8350,30.8582,30.8300,30.8400,66600
1470755518,30.8150,30.8365,30.8150,30.8300,28800
1470755572,30.7936,30.8250,30.7900,30.8200,50500
1470755636,30.7800,30.8050,30.7800,30.7950,45700
1470755698,30.7700,30.7900,30.7700,30.7900,27200
1470755759,30.7700,30.7800,30.7600,30.7700,35900
1470755761,30.7950,30.8000,30.7700,30.7700,37200
1470755875,30.7700,30.8050,30.7700,30.7900,73100
1470755936,30.7700,30.7750,30.7650,30.7650,29800
1470755940,30.7790,30.7790,30.7600,30.7610,42800
1470756050,30.7750,30.7800,30.7600,30.7700,30900
1470756113,30.7700,30.7800,30.7700,30.7700,24600
1470756179,30.7650,30.7800,30.7600,30.7800,35200
1470756237,30.7900,30.7950,30.7700,30.7700,28100
1470756291,30.8200,30.8200,30.7900,30.7900,66600
1470756350,30.7950,30.8200,30.7900,30.8100,47600
1470756417,30.7900,30.8000,30.7800,30.8000,15500
1470756479,30.8000,30.8090,30.7900,30.8000,28000
1470756538,30.7724,30.7950,30.7724,30.7950,28600
1470756594,30.7950,30.8000,30.7700,30.7786,22100
1470756656,30.7900,30.8200,30.7900,30.8000,47400
1470756719,30.8000,30.8000,30.7900,30.7900,11900
1470756720,30.7950,30.8068,30.7900,30.8000,13000
1470756837,30.8100,30.8258,30.8000,30.8000,44000
1470756845,30.8050,30.8100,30.7950,30.8100,24100
1470756954,30.8200,30.8200,30.8000,30.8100,83100
1470757018,30.8200,30.8300,30.8100,30.8200,19900
1470757072,30.8150,30.8300,30.8150,30.8200,5000
1470757138,30.8250,30.8350,30.8110,30.8150,31900
1470757195,30.8200,30.8400,30.8200,30.8250,27300
1470757259,30.8250,30.8400,30.8250,30.8300,42600
1470757268,30.8400,30.8500,30.8250,30.8250,22700
1470757333,30.8100,30.8400,30.8000,30.8400,48000
1470757432,30.8100,30.8100,30.7800,30.8100,33700
1470757496,30.8150,30.8200,30.8000,30.8085,28500
1470757500,30.8200,30.8300,30.8100,30.8200,18000
1470757614,30.8350,30.8400,30.8150,30.8200,38400
1470757673,30.8100,30.8300,30.8100,30.8300,21200
1470757738,30.7900,30.8000,30.7801,30.8000,36700
1470757799,30.8000,30.8000,30.7900,30.7950,213400
1470757850,30.8100,30.8100,30.7900,30.8000,23500
1470757865,30.7900,30.8100,30.7900,30.8100,44700
1470757979,30.7500,30.7950,30.7450,30.7950,42200
1470758038,30.7640,30.7700,30.7500,30.7500,84300
1470758098,30.7650,30.7800,30.7550,30.7650,33100
1470758156,30.7535,30.7699,30.7535,30.7690,5400
1470758219,30.7550,30.7584,30.7500,30.7500,22300
1470758267,30.7790,30.7800,30.7500,30.7550,15400
1470758281,30.7700,30.7800,30.7700,30.7700,30000
1470758396,30.7900,30.7900,30.7652,30.7652,22200
1470758400,30.7900,30.8100,30.7900,30.7900,21100
1470758518,30.7700,30.7950,30.7700,30.7900,66800
1470758520,30.7700,30.7792,30.7550,30.7792,52300
1470758632,30.7550,30.7650,30.7450,30.7600,36800
1470758698,30.7400,30.7600,30.7400,30.7600,53400
1470758759,30.7400,30.7500,30.7300,30.7400,68600
1470758763,30.7750,30.7800,30.7450,30.7450,87700
1470758876,30.7600,30.7740,30.7600,30.7740,30800
1470758888,30.7650,30.7750,30.7650,30.7670,33600
1470758988,30.7900,30.7900,30.7650,30.7700,35400
1470759000,30.8000,30.8050,30.7850,30.7850,44700
1470759119,30.8100,30.8150,30.7900,30.8050,23700
1470759179,30.8200,30.8299,30.8100,30.8124,29600
1470759233,30.8200,30.8250,30.8050,30.8200,32100
1470759296,30.8100,30.8150,30.7942,30.8150,211700
1470759306,30.8250,30.8250,30.8049,30.8200,35900
1470759418,30.8400,30.8400,30.8200,30.8235,10300
1470759478,30.8600,30.8600,30.8336,30.8400,49600
1470759539,30.8700,30.8700,30.8600,30.8600,22200
1470759593,30.8500,30.8700,30.8500,30.8700,194400
1470759601,30.8350,30.8600,30.8300,30.8550,19100
1470759713,30.8400,30.8500,30.8300,30.8390,15800
1470759778,30.8500,30.8500,30.8400,30.8500,0
1470759782,30.8500,30.8550,30.8400,30.8500,24300
1470759899,30.8650,30.8700,30.8500,30.8500,14800
1470759955,30.8400,30.8764,30.8400,30.8700,44000
1470760009,30.8299,30.8400,30.8216,30.8400,15200
1470760066,30.8300,30.8400,30.8240,30.8240,25100
1470760090,30.8300,30.8300,30.8200,30.8250,6500
1470760197,30.8364,30.8364,30.8200,30.8300,29000
1470760259,30.8405,30.8450,30.8200,30.8300,23300
1470760318,30.8650,30.8650,30.8450,30.8500,33500
1470760379,30.8790,30.8790,30.8600,30.8650,73500
1470760431,30.8500,30.8750,30.8500,30.8700,5500
1470760493,30.8392,30.8500,30.8250,30.8500,21900
1470760559,30.8300,30.8300,30.8150,30.8300,32100
1470760613,30.8200,30.8300,30.8200,30.8300,9400
1470760620,30.8000,30.8258,30.7950,30.8250,61200
1470760731,30.8200,30.8300,30.8000,30.8100,37200
1470760795,30.8000,30.8150,30.8000,30.8150,11900
1470760844,30.8150,30.8200,30.8000,30.8000,14500
1470760915,30.8100,30.8200,30.8100,30.8100,18200
1470760978,30.8000,30.8250,30.8000,30.8150,20400
1470761036,30.8100,30.8100,30.8050,30.8100,34800
1470761099,30.8200,30.8300,30.8100,30.8157,17400
1470761159,30.8430,30.8450,30.8300,30.8300,14000
1470761175,30.8550,30.8600,30.8400,30.8454,28500
1470761278,30.8450,30.8500,30.8350,30.8500,25400
1470761338,30.8400,30.8500,30.8350,30.8500,14500
1470761385,30.8350,30.8450,30.8300,30.8300,15500
1470761453,30.8190,30.8392,30.8100,30.8350,21200
1470761515,30.8150,30.8200,30.8100,30.8100,7500
1470761520,30.8100,30.8300,30.8050,30.8200,32900
1470761634,30.8050,30.8100,30.7950,30.8100,17900
1470761699,30.8200,30.8250,30.8050,30.8050,21700
1470761744,30.8150,30.8300,30.8150,30.8200,23000
1470761817,30.8164,30.8300,30.8150,30.8200,16900
1470761822,30.8250,30.8250,30.8100,30.8190,10900
1470761892,30.8101,30.8400,30.8100,30.8300,35900
1470761984,30.8250,30.8300,30.8100,30.8101,14000
1470762058,30.8100,30.8200,30.8000,30.8200,23100
1470762109,30.8200,30.8250,30.8100,30.8150,21700
1470762168,30.8250,30.8300,30.8000,30.8200,29100
1470762180,30.8100,30.8300,30.8100,30.8300,17400
1470762298,30.8200,30.8200,30.8000,30.8100,10700
1470762353,30.8150,30.8200,30.8100,30.8200,14200
1470762407,30.8150,30.8200,30.8100,30.8150,6900
1470762477,30.8150,30.8300,30.8100,30.8100,30100
1470762538,30.8300,30.8300,30.8100,30.8100,12600
1470762545,30.8250,30.8300,30.8200,30.8250,12000
1470762659,30.8400,30.8500,30.8250,30.8300,63600
1470762699,30.8550,30.8600,30.8400,30.8400,32600
1470762779,30.8550,30.8700,30.8500,30.8600,28200
1470762781,30.8510,30.8600,30.8500,30.8550,17600
1470762894,30.8600,30.8700,30.8600,30.8600,9100
1470762956,30.8400,30.8650,30.8400,30.8650,19600
1470762961,30.8350,30.8450,30.8300,30.8400,7300
1470763073,30.8250,30.8350,30.8200,30.8300,12500
1470763083,30.8300,30.8350,30.8250,30.8300,10000
1470763179,30.8200,30.8300,30.8150,30.8300,18700
1470763201,30.8300,30.8300,30.8200,30.8300,14700
1470763312,30.8350,30.8400,30.8201,30.8300,23600
1470763372,30.8200,30.8490,30.8200,30.8400,19000
1470763380,30.8300,30.8300,30.8200,30.8300,4500
1470763498,30.8300,30.8400,30.8200,30.8300,38700
1470763500,30.8300,30.8350,30.8200,30.8300,16200
1470763613,30.8100,30.8300,30.8100,30.8300,16200
1470763620,30.7800,30.8128,30.7800,30.8128,16700
1470763681,30.7800,30.7900,30.7700,30.7850,46700
1470763744,30.7900,30.7900,30.7800,30.7850,27900
1470763856,30.8050,30.8100,30.7900,30.7900,37100
1470763917,30.7950,30.8100,30.7900,30.8100,23200
1470763922,30.7900,30.8000,30.7900,30.7900,14200
1470764039,30.8000,30.8050,30.7900,30.8000,21900
1470764092,30.8050,30.8100,30.8000,30.8050,18000
1470764156,30.8100,30.8200,30.8000,30.8100,16800
1470764204,30.8000,30.8100,30.8000,30.8050,16400
1470764271,30.8000,30.8100,30.8000,30.8100,10200
1470764285,30.8200,30.8300,30.8100,30.8200,17500
1470764397,30.8000,30.8150,30.7900,30.8100,14400
1470764450,30.8100,30.8100,30.8000,30.8000,12300
1470764500,30.8200,30.8300,30.8100,30.8100,13100
1470764522,30.8150,30.8300,30.8100,30.8100,33500
1470764638,30.8200,30.8250,30.8148,30.8148,7700
1470764699,30.8150,30.8200,30.8100,30.8200,10100
1470764759,30.8000,30.8100,30.8000,30.8100,41800
1470764813,30.7850,30.7920,30.7806,30.7920,15500
1470764875,30.8050,30.8100,30.7900,30.7900,25000
1470764881,30.8100,30.8100,30.8000,30.8100,9000
1470764997,30.8250,30.8300,30.8100,30.8150,18500
1470765003,30.8152,30.8300,30.8100,30.8200,14900
1470765112,30.8300,30.8300,30.8100,30.8100,14100
1470765164,30.8250,30.8250,30.8200,30.8200,20000
1470765238,30.8300,30.8300,30.8150,30.8264,16900
1470765295,30.8101,30.8300,30.8101,30.8200,12500
1470765357,30.8100,30.8200,30.8050,30.8200,19200
1470765419,30.8099,30.8100,30.8010,30.8100,8100
1470765423,30.8200,30.8300,30.8052,30.8100,47400
1470765483,30.8250,30.8250,30.8150,30.8200,16700
1470765543,30.8150,30.8200,30.8100,30.8200,12800
1470765648,30.8042,30.8150,30.8000,30.8100,8400
1470765718,30.8050,30.8100,30.8000,30.8000,20300
1470765766,30.7950,30.8100,30.7950,30.8000,11000
1470765834,30.7850,30.8090,30.7850,30.7950,52700
1470765896,30.7850,30.7900,30.7800,30.7800,17300
1470765900,30.7850,30.7890,30.7750,30.7850,46000
1470766013,30.7850,30.7900,30.7800,30.7850,17900
1470766077,30.7837,30.7900,30.7800,30.7810,24100
1470766080,30.7950,30.8000,30.7801,30.7900,46700
1470766199,30.8150,30.8200,30.7937,30.7950,48000
1470766259,30.8000,30.8250,30.8000,30.8050,64500
1470766317,30.7850,30.8000,30.7850,30.8000,17600
1470766346,30.8000,30.8000,30.7900,30.7900,22600
1470766389,30.8100,30.8100,30.8050,30.8100,16000
1470766484,30.8050,30.8250,30.8000,30.8200,25400
1470766558,30.8050,30.8100,30.8000,30.8100,7300
1470766614,30.8100,30.8100,30.8000,30.8000,7200
1470766671,30.7900,30.8050,30.7850,30.8000,27300
1470766738,30.7950,30.8000,30.7900,30.7900,17600
1470766797,30.7912,30.8000,30.7912,30.8000,6000
1470766853,30.8100,30.8100,30.8000,30.8000,14900
1470766917,30.8100,30.8100,30.8035,30.8100,16500
1470766970,30.8200,30.8350,30.8100,30.8100,51300
1470767033,30.8150,30.8250,30.8150,30.8250,2800
1470767098,30.8300,30.8300,30.8100,30.8150,12700
1470767158,30.8250,30.8300,30.8100,30.8250,18000
1470767214,30.8250,30.8300,30.8200,30.8200,11700
1470767223,30.8249,30.8400,30.8100,30.8200,846300
1470767338,30.7900,30.8250,30.7850,30.8250,45400
1470767397,30.8000,30.8000,30.7858,30.7899,19800
1470767458,30.8000,30.8000,30.8000,30.8000,5900
1470767518,30.8000,30.8100,30.8000,30.8000,29300
1470767522,30.8100,30.8150,30.7900,30.7950,51100
1470767639,30.7650,30.8150,30.7650,30.8100,41700
1470767698,30.7650,30.7700,30.7550,30.7650,19400
1470767700,30.7600,30.7700,30.7600,30.7600,12200
1470767760,30.7400,30.7500,30.7300,30.7500,46600
1470767878,30.7440,30.7500,30.7300,30.7350,20500
1470767939,30.7400,30.7450,30.7350,30.7400,17300
1470767993,30.7350,30.7400,30.7201,30.7300,38000
1470768002,30.7400,30.7400,30.7300,30.7400,20900
1470768106,30.7400,30.7400,30.7308,30.7350,9100
1470768176,30.7300,30.7450,30.7300,30.7400,17300
1470768237,30.7350,30.7400,30.7300,30.7300,16500
1470768299,30.7350,30.7500,30.7300,30.7300,18900
1470768305,30.7500,30.7500,30.7350,30.7364,26600
1470768418,30.7300,30.7470,30.7300,30.7470,14300
1470768479,30.7400,30.7400,30.7300,30.7400,12700
1470768536,30.7400,30.7500,30.7400,30.7400,13600
1470768599,30.7300,30.7500,30.7250,30.7400,29700
1470768659,30.7100,30.7300,30.6900,30.7300,61900
1470768719,30.7000,30.7100,30.7000,30.7100,29900
1470768779,30.7150,30.7250,30.7000,30.7000,38600
1470768835,30.7100,30.7200,30.7100,30.7200,9500
1470768899,30.7063,30.7100,30.7000,30.7100,45300
1470768931,30.7050,30.7100,30.7007,30.7050,12000
1470769017,30.6700,30.7051,30.6700,30.7050,56400
1470769021,30.6850,30.6900,30.6700,30.6700,43200
1470769139,30.6650,30.6800,30.6600,30.6800,33700
1470769140,30.6800,30.6800,30.6600,30.6650,75700
1470769251,30.6734,30.6850,30.6700,30.6800,26900
1470769318,30.6550,30.6800,30.6500,30.6700,32700
1470769375,30.6600,30.6790,30.6500,30.6563,30300
1470769438,30.6700,30.6750,30.6600,30.6600,19800
1470769497,30.6537,30.6800,30.6450,30.6700,63900
1470769559,30.6700,30.6700,30.6500,30.6500,40700
1470769618,30.6850,30.6850,30.6700,30.6700,60700
1470769672,30.6550,30.6850,30.6500,30.6850,22900
1470769735,30.6600,30.6650,30.6401,30.6500,63600
1470769798,30.6650,30.6700,30.6600,30.6650,6300
1470769801,30.6600,30.6664,30.6600,30.6650,16600
1470769917,30.6500,30.6650,30.6450,30.6600,50900
1470769920,30.6750,30.6750,30.6500,30.6500,40200
1470770033,30.6750,30.6800,30.6700,30.6800,15000
1470770040,30.6800,30.6900,30.6700,30.6800,26600
1470770100,30.6700,30.6900,30.6700,30.6900,14000
1470770214,30.6650,30.6699,30.6600,30.6650,8000
1470770279,30.7050,30.7050,30.6800,30.6800,48100
1470770338,30.7200,30.7200,30.6950,30.7050,42300
1470770392,30.7110,30.7250,30.7100,30.7200,36900
1470770403,30.7200,30.7200,30.6900,30.7050,20400
1470770512,30.7300,30.7300,30.7200,30.7200,47000
1470770522,30.7300,30.7300,30.7200,30.7300,16900
1470770633,30.7499,30.7500,30.7300,30.7300,23000
1470770695,30.7500,30.7500,30.7400,30.7449,25400
1470770700,30.7300,30.7500,30.7250,30.7450,43300
1470770762,30.7500,30.7500,30.7300,30.7300,23300
1470770821,30.7500,30.7500,30.7400,30.7434,9900
1470770939,30.7400,30.7400,30.7301,30.7400,26000
1470770943,30.7385,30.7400,30.7301,30.7350,13600
1470771059,30.7300,30.7390,30.7250,30.7350,18400
1470771115,30.7150,30.7300,30.7100,30.7300,51000
1470771159,30.7150,30.7200,30.7050,30.7199,22300
1470771238,30.7300,30.7400,30.7134,30.7150,20800
1470771298,30.7690,30.7700,30.7250,30.7300,62500
1470771352,30.7600,30.7650,30.7433,30.7650,43100
1470771416,30.7550,30.7600,30.7434,30.7600,28000
1470771433,30.7500,30.7650,30.7500,30.7600,23500
1470771480,30.7350,30.7500,30.7300,30.7500,36800
1470771546,30.7350,30.7400,30.7300,30.7400,9700
1470771659,30.7518,30.7650,30.7350,30.7400,35200
1470771719,30.7400,30.7670,30.7400,30.7550,63600
1470771779,30.7450,30.7500,30.7300,30.7400,20800
1470771838,30.7600,30.7650,30.7450,30.7450,44800
1470771899,30.7350,30.7600,30.7350,30.7600,47900
1470771959,30.7500,30.7500,30.7300,30.7350,39000
1470772018,30.7550,30.7600,30.7440,30.7450,54000
1470772078,30.7650,30.7700,30.7550,30.7600,40400
1470772139,30.7600,30.7700,30.7600,30.7600,26900
1470772189,30.7550,30.7700,30.7513,30.7600,38700
1470772259,30.7600,30.7700,30.7550,30.7600,65200
1470772319,30.7450,30.7700,30.7400,30.7600,64200
1470772379,30.7400,30.7500,30.7300,30.7400,149900
1470772436,30.7300,30.7500,30.7250,30.7400,58300
1470772499,30.7392,30.7400,30.7250,30.7250,61300
1470772558,30.7350,30.7400,30.7200,30.7350,128000
1470772614,30.7300,30.7400,30.7100,30.7350,119300
1470772679,30.7300,30.7400,30.7300,30.7300,83500
1470772739,30.7400,30.7500,30.7300,30.7300,352000
1470772799,30.7650,30.7900,30.7400,30.7450,692300
1470772800,30.7600,30.7600,30.7600,30.7600,7211500
