uri:/instrument/1.0/ULTA/chartdata;type=quote;range=1d/csv
ticker:ulta
Company-Name:Ulta Salon, Cosmetics & Fragran
Exchange-Name:NMS
unit:MIN
timezone:EDT
currency:USD
gmtoffset:-14400
previous_close:261.3300
Timestamp:1470749400,1470772800
labels:1470751200,1470754800,1470758400,1470762000,1470765600,1470769200,1470772800
values:Timestamp,close,high,low,open,volume
close:260.7900,262.8700
high:260.8500,262.8753
low:260.7890,262.8100
open:260.8500,262.8100
volume:0,35700
1470749423,262.1236,262.1236,262.1236,262.1236,3300
1470749480,261.5200,261.5200,261.5200,261.5200,600
1470749553,261.3901,261.3901,261.3901,261.3901,400
1470749757,261.4350,261.4350,261.4301,261.4301,600
1470749761,261.2234,261.5000,260.8900,261.5000,2000
1470749883,260.7900,261.0800,260.7890,261.0800,600
1470749944,260.9000,260.9334,260.8250,260.8700,2200
1470750012,261.0200,261.0200,260.8500,260.8900,900
1470750062,260.8301,260.8500,260.8100,260.8500,1200
1470750199,260.7900,261.0800,260.7900,260.8600,1100
1470750294,260.9500,260.9500,260.9500,260.9500,100
1470750310,261.0050,261.0050,261.0050,261.0050,100
1470750390,260.9250,261.0500,260.9100,261.0500,1100
1470750565,261.1700,261.2727,261.1700,261.2727,300
1470750604,261.3576,261.3576,261.3576,261.3576,400
1470750803,261.3200,261.5999,261.3200,261.4800,800
1470750840,261.4100,261.4100,261.2900,261.2900,700
1470750921,261.6000,261.6000,261.5700,261.5900,600
1470750960,261.5600,261.5600,261.5590,261.5590,2700
1470751137,261.8600,261.8600,261.8600,261.8600,300
1470751167,261.5300,261.8584,261.5300,261.8584,2000
1470751259,261.6400,261.6400,261.6300,261.6300,400
1470751283,261.5100,261.7700,261.5100,261.7700,900
1470751398,261.8700,261.8700,261.7000,261.7000,1100
1470751524,261.8900,261.9000,261.8200,261.9000,1200
1470751614,261.8800,261.8800,261.7501,261.7501,700
1470751628,261.8300,261.8300,261.8300,261.8300,400
1470751731,261.8366,261.8366,261.7800,261.7800,700
1470751773,261.7000,261.7000,261.7000,261.7000,400
1470751807,262.0400,262.0400,261.9500,261.9500,500
1470751897,262.0700,262.0700,262.0700,262.0700,100
1470751937,261.9100,262.0600,261.9100,262.0600,500
1470752040,262.0900,262.0900,262.0900,262.0900,200
1470752190,262.2500,262.2500,262.0900,262.0900,1700
1470752230,262.1900,262.1900,262.1100,262.1400,2000
1470752327,262.1800,262.1800,262.0500,262.1800,800
1470752360,262.1200,262.1200,262.1200,262.1200,300
1470752511,262.1000,262.1000,262.1000,262.1000,400
1470752568,262.0000,262.0000,262.0000,262.0000,200
1470752643,262.1430,262.1430,262.1430,262.1430,100
1470752718,262.1500,262.1600,262.1300,262.1500,900
1470752852,262.2100,262.3007,262.2100,262.3007,2100
1470753111,262.2300,262.2300,262.1350,262.1350,300
1470753154,262.0500,262.1670,262.0500,262.1670,400
1470753201,262.0700,262.0700,262.0700,262.0700,700
1470753495,262.3100,262.3100,262.2300,262.2300,1000
1470753551,262.2484,262.2484,262.2484,262.2484,100
1470753609,262.2600,262.2600,262.2600,262.2600,400
1470753672,262.2000,262.2000,262.1400,262.2000,2100
1470753829,262.1700,262.2100,262.1700,262.2000,600
1470753863,262.3100,262.3100,262.2600,262.2600,1500
1470754010,262.2400,262.3100,262.2300,262.3100,1200
1470754046,262.3100,262.3100,262.2450,262.2450,600
1470754080,262.3300,262.3300,262.2500,262.2900,1000
1470754294,262.1136,262.2731,262.0500,262.2731,1900
1470754325,262.0700,262.1000,262.0700,262.1000,1000
1470754496,262.2500,262.2500,262.2500,262.2500,700
1470754572,262.2500,262.2500,262.2400,262.2400,400
1470754689,262.3100,262.3200,262.3100,262.3200,600
1470754815,262.3100,262.3100,262.3100,262.3100,800
1470754896,262.1898,262.1898,262.1898,262.1898,100
1470754960,262.1300,262.1300,262.1300,262.1300,400
1470755087,262.1500,262.1500,262.1500,262.1500,500
1470755145,262.2300,262.2300,262.2100,262.2100,400
1470755201,262.3800,262.3900,262.3089,262.3099,1000
1470755276,262.3000,262.4300,262.3000,262.3700,1700
1470755283,262.3050,262.3300,262.3050,262.3300,1000
1470755627,262.3300,262.3300,262.2900,262.3000,900
1470755660,262.3900,262.3900,262.3900,262.3900,500
1470755707,262.3200,262.3800,262.3200,262.3800,800
1470755767,262.3300,262.3300,262.3300,262.3300,100
1470755874,262.1900,262.2900,262.1900,262.2900,700
1470755880,262.2800,262.2800,262.1900,262.1900,300
1470755955,262.2300,262.2300,262.2300,262.2300,200
1470756018,262.2046,262.2046,262.1700,262.1700,300
1470756073,262.1846,262.1846,262.1846,262.1846,100
1470756123,262.3000,262.3000,262.2400,262.2400,700
1470756259,262.2050,262.4000,262.2050,262.3000,700
1470756479,262.2395,262.2395,262.2395,262.2395,600
1470756516,262.4300,262.4300,262.3800,262.3800,500
1470756562,262.5900,262.5900,262.4900,262.4900,700
1470756653,262.5700,262.5700,262.5700,262.5700,100
1470756743,262.4100,262.5300,262.4100,262.5300,1000
1470756798,262.3100,262.3100,262.3100,262.3100,200
1470757073,262.3100,262.4100,262.3100,262.4100,700
1470757083,262.3990,262.3990,262.3990,262.3990,100
1470757148,262.3500,262.3500,262.3500,262.3500,200
1470757547,262.2700,262.3400,262.2700,262.3300,400
1470757724,262.3350,262.3350,262.3350,262.3350,100
1470757899,262.4250,262.4250,262.3100,262.3200,2500
1470757995,262.4100,262.4100,262.4100,262.4100,200
1470758061,262.4996,262.5600,262.4996,262.5100,1000
1470758114,262.6799,262.6799,262.6050,262.6050,500
1470758353,262.4800,262.6200,262.4800,262.6100,1700
1470758521,262.4575,262.5000,262.4575,262.5000,1600
1470758589,262.5400,262.5400,262.5400,262.5400,200
1470758803,262.7000,262.7000,262.6500,262.6500,900
1470758837,262.8700,262.8753,262.7500,262.7500,1400
1470758999,262.8100,262.8100,262.8100,262.8100,100
1470759026,262.7000,262.7400,262.7000,262.7400,800
1470759086,262.6300,262.6900,262.6300,262.6500,800
1470759238,262.6600,262.6600,262.6600,262.6600,100
1470759249,262.6400,262.6791,262.6200,262.6791,1000
1470759389,262.5600,262.5600,262.5600,262.5600,300
1470759459,262.5100,262.5200,262.5100,262.5200,500
1470759739,262.4800,262.5000,262.4600,262.5000,400
1470759796,262.3950,262.4700,262.3600,262.4700,1600
1470760098,262.4050,262.4050,262.4050,262.4050,400
1470760209,262.4000,262.4500,262.4000,262.4400,700
1470760358,262.2300,262.2300,262.2300,262.2300,100
1470760400,262.2200,262.2200,262.2200,262.2200,1300
1470760570,262.2100,262.2100,262.1900,262.1900,200
1470760634,262.2100,262.2100,262.2100,262.2100,300
1470760710,262.3892,262.3892,262.3892,262.3892,100
1470760804,262.3650,262.4000,262.3650,262.4000,300
1470760904,262.4000,262.4000,262.3500,262.3718,1500
1470760927,262.5600,262.5600,262.4150,262.4150,900
1470761035,262.5400,262.5600,262.5400,262.5600,800
1470761040,262.5559,262.5800,262.5300,262.5300,400
1470761104,262.4005,262.5000,262.3500,262.4800,4900
1470761222,262.2720,262.4000,262.2720,262.3900,400
1470761362,262.4100,262.4100,262.3800,262.3800,300
1470761422,262.4050,262.4100,262.3700,262.4100,700
1470761568,262.3000,262.3000,262.3000,262.3000,200
1470761661,262.3750,262.3750,262.3200,262.3500,1100
1470761845,262.4300,262.4300,262.4300,262.4300,100
1470761911,262.4330,262.4330,262.4330,262.4330,400
1470762030,262.4001,262.4001,262.4001,262.4001,200
1470762088,262.4045,262.4045,262.3600,262.3600,700
1470762150,262.4600,262.4600,262.3900,262.3900,1300
1470762207,262.4650,262.4650,262.4650,262.4650,100
1470762258,262.5200,262.6400,262.5200,262.6400,1100
1470762318,262.5313,262.5313,262.5313,262.5313,1000
1470762373,262.4942,262.5770,262.4942,262.5770,1100
1470762420,262.5480,262.5480,262.5480,262.5480,100
1470762491,262.4900,262.5300,262.4900,262.5200,1700
1470762596,262.4254,262.4700,262.4254,262.4700,700
1470762600,262.3700,262.3700,262.3700,262.3700,300
1470762804,262.3000,262.3000,262.3000,262.3000,100
1470762920,262.3100,262.3600,262.3100,262.3600,1500
1470763059,262.2500,262.2914,262.2500,262.2500,500
1470763139,262.2100,262.2200,262.2100,262.2100,400
1470763142,262.2124,262.2124,262.1600,262.1800,400
1470763261,262.2100,262.2100,262.1800,262.1800,200
1470763327,262.1900,262.2310,262.1900,262.2310,400
1470763420,262.1600,262.1600,262.1600,262.1600,500
1470763463,262.2210,262.2210,262.1800,262.1800,800
1470763505,262.1800,262.1900,262.1800,262.1900,600
1470763636,262.1740,262.1740,262.1740,262.1740,600
1470763801,262.0900,262.1300,262.0900,262.1300,500
1470763917,262.1500,262.1500,262.1500,262.1500,500
1470763994,262.2300,262.2300,262.1500,262.1500,800
1470764064,262.2159,262.2200,262.2159,262.2200,1300
1470764102,262.3200,262.3200,262.2200,262.2200,600
1470764202,262.3400,262.3400,262.3400,262.3400,1900
1470764230,262.2600,262.3100,262.2600,262.3100,1000
1470764336,262.1700,262.1700,262.1700,262.1700,200
1470764352,262.1800,262.1800,262.1800,262.1800,400
1470764450,262.0800,262.1500,262.0700,262.1500,500
1470764465,261.9100,262.0600,261.9100,262.0600,1000
1470764607,261.8800,261.8900,261.8800,261.8900,200
1470764650,261.9500,261.9500,261.9500,261.9500,100
1470764701,262.0100,262.0100,261.9400,261.9733,900
1470764770,262.0700,262.1100,262.0700,262.0900,300
1470764847,262.1100,262.1100,262.0900,262.0900,900
1470764886,262.1400,262.1600,262.1100,262.1600,900
1470765011,262.1300,262.1500,262.1300,262.1500,300
1470765111,262.1200,262.1400,262.1200,262.1400,500
1470765140,262.0000,262.0800,262.0000,262.0800,700
1470765203,261.9500,261.9600,261.9500,261.9500,600
1470765265,261.9480,261.9480,261.9480,261.9480,100
1470765327,261.8545,261.9300,261.8545,261.9300,400
1470765367,261.9150,261.9150,261.8900,261.8900,400
1470765470,261.9500,261.9500,261.9400,261.9400,1000
1470765520,261.9600,261.9600,261.9600,261.9600,200
1470765645,261.9500,261.9500,261.9500,261.9500,100
1470765662,261.9350,261.9900,261.9350,261.9900,1000
1470765763,261.9400,261.9500,261.9000,261.9000,1300
1470765789,262.0000,262.0000,261.9900,262.0000,600
1470765904,262.0000,262.0200,261.9700,262.0200,700
1470766100,261.9950,261.9950,261.9950,261.9950,100
1470766201,261.9600,262.0200,261.9600,262.0200,1500
1470766314,261.9300,261.9300,261.9200,261.9300,400
1470766355,261.8800,261.8900,261.8800,261.8900,500
1470766382,261.7600,261.8600,261.7600,261.8600,1500
1470766470,261.7000,261.7000,261.7000,261.7000,700
1470766705,261.6500,261.6900,261.6500,261.6900,1200
1470766750,261.7400,261.7400,261.7100,261.7100,500
1470766851,261.8900,261.8900,261.8900,261.8900,100
1470766990,261.9000,261.9000,261.9000,261.9000,100
1470767077,261.8400,261.8400,261.8400,261.8400,100
1470767145,261.9100,261.9100,261.9100,261.9100,100
1470767192,261.8400,261.8600,261.8100,261.8600,1700
1470767349,261.7300,261.8500,261.7300,261.8500,1600
1470767454,261.6500,261.6500,261.6500,261.6500,400
1470767494,261.5100,261.6100,261.5100,261.6100,500
1470767534,261.4000,261.4500,261.4000,261.4500,1200
1470767683,261.1900,261.3500,261.1900,261.3500,1200
1470767704,261.2300,261.3040,261.2300,261.3040,800
1470767769,261.2710,261.3700,261.2710,261.3200,600
1470767859,261.4700,261.4700,261.4700,261.4700,400
1470767884,261.4600,261.5400,261.4600,261.5400,400
1470767973,261.4300,261.5250,261.4300,261.5250,600
1470768080,261.3700,261.3700,261.3700,261.3700,100
1470768171,261.4550,261.4550,261.4550,261.4550,1000
1470768196,261.4550,261.4550,261.4550,261.4550,600
1470768337,261.3600,261.4000,261.3600,261.3900,1700
1470768383,261.4000,261.4000,261.3900,261.3900,2300
1470768573,261.4200,261.4500,261.4200,261.4500,700
1470768647,261.4690,261.4690,261.4690,261.4690,100
1470768718,261.3800,261.4700,261.3800,261.4700,1300
1470768753,261.4565,261.4565,261.4200,261.4200,900
1470768823,261.4400,261.4400,261.4200,261.4300,600
1470768965,261.5100,261.5100,261.5100,261.5100,100
1470769032,261.6900,261.7700,261.5200,261.5200,1300
1470769165,261.5500,261.7250,261.5500,261.7250,1100
1470769216,261.6499,261.6499,261.6000,261.6372,600
1470769281,261.6000,261.6200,261.5700,261.6000,800
1470769405,261.6893,261.7288,261.6893,261.7288,400
1470769494,261.6500,261.6500,261.6500,261.6500,800
1470769510,261.5550,261.6000,261.5550,261.6000,600
1470769573,261.5300,261.6800,261.5300,261.5800,2100
1470769638,261.5682,261.5682,261.5682,261.5682,300
1470769716,261.5420,261.5420,261.5420,261.5420,200
1470769812,261.6300,261.6300,261.6300,261.6300,100
1470769916,261.6000,261.6000,261.6000,261.6000,100
1470769948,261.5900,261.6300,261.5800,261.6300,2100
1470770083,261.4500,261.4500,261.4400,261.4400,200
1470770110,261.4900,261.5000,261.4700,261.4700,1100
1470770233,261.4500,261.4800,261.4500,261.4600,1100
1470770353,261.5250,261.5250,261.5250,261.5250,700
1470770407,261.4200,261.4200,261.4200,261.4200,500
1470770464,261.4900,261.4900,261.4467,261.4467,900
1470770524,261.4300,261.4600,261.4300,261.4600,200
1470770639,261.4300,261.4800,261.4300,261.4600,500
1470770644,261.5100,261.5100,261.4500,261.4700,1500
1470770700,261.5975,261.5975,261.5381,261.5500,800
1470770766,261.6100,261.6100,261.6100,261.6100,200
1470770837,261.5900,261.6150,261.5900,261.5900,500
1470770891,261.6300,261.6300,261.6050,261.6050,400
1470770970,261.5400,261.6248,261.5400,261.6200,1300
1470771011,261.5100,261.5500,261.5100,261.5400,300
1470771062,261.4600,261.5100,261.4500,261.5100,2700
1470771166,261.6200,261.6200,261.5200,261.5200,200
1470771245,261.6750,261.6950,261.6750,261.6950,2600
1470771395,261.6200,261.6550,261.6200,261.6550,1000
1470771420,261.5900,261.6400,261.5600,261.6200,1600
1470771511,261.6600,261.6600,261.5975,261.6000,1000
1470771596,261.7200,261.7200,261.7200,261.7200,200
1470771603,261.7550,261.7550,261.7100,261.7200,700
1470771679,261.8150,261.8400,261.7600,261.7600,400
1470771721,261.7400,261.8000,261.7400,261.8000,1700
1470771834,261.7000,261.7200,261.6800,261.7200,1400
1470771859,261.7700,261.7700,261.7300,261.7300,1000
1470771912,261.7300,261.7550,261.7300,261.7550,1000
1470771970,261.7500,261.7700,261.7300,261.7500,2500
1470772023,261.6600,261.7400,261.6300,261.7400,2000
1470772095,261.6400,261.6700,261.6100,261.6300,1700
1470772161,261.7400,261.7600,261.6400,261.6400,1400
1470772204,261.8000,261.8300,261.8000,261.8000,1800
1470772261,261.7900,261.7900,261.7540,261.7900,2300
1470772370,261.7999,261.8000,261.7700,261.8000,2800
1470772386,261.8300,261.8500,261.7899,261.7899,2000
1470772449,261.8500,261.8800,261.8200,261.8500,3000
1470772508,261.6700,261.8650,261.6700,261.8650,5000
1470772564,261.7800,261.8100,261.7100,261.7100,1800
1470772624,261.7300,261.7600,261.7300,261.7600,2800
1470772691,261.8200,261.8500,261.7300,261.7450,5100
1470772746,261.8500,261.8500,261.8500,261.8500,35700
1470772800,261.9100,261.9100,261.9100,261.9100,0
