uri:/instrument/1.0/ULTA/chartdata;type=quote;range=1d/csv
ticker:ulta
Company-Name:Ulta Salon, Cosmetics & Fragran
Exchange-Name:NMS
unit:MIN
timezone:EDT
currency:USD
gmtoffset:-14400
previous_close:265.9500
Timestamp:1471008600,1471032000
labels:1471010400,1471014000,1471017600,1471021200,1471024800,1471028400,1471032000
values:Timestamp,close,high,low,open,volume
close:265.3950,266.9610
high:265.4100,266.9700
low:265.1600,266.9347
open:265.1600,266.9560
volume:0,40400
1471008695,265.4100,265.4100,265.2400,265.2400,11700
1471008724,265.9300,265.9300,265.1600,265.1600,1400
1471008785,266.4493,266.4493,266.2400,266.2800,1300
1471008865,266.6900,266.7700,266.6600,266.6600,500
1471008953,266.5400,266.9560,266.5200,266.9560,3200
1471008965,266.4200,266.6300,266.4200,266.5400,900
1471009026,266.6108,266.6500,266.5260,266.5260,1100
1471009120,266.4740,266.7800,266.2500,266.7800,1800
1471009192,266.4900,266.5500,266.1500,266.2600,3400
1471009203,266.5900,266.6000,266.4600,266.4600,900
1471009272,266.7400,266.7500,266.6700,266.6700,1100
1471009326,266.2400,266.7470,266.2400,266.7470,1600
1471009393,266.5300,266.5300,266.4800,266.4800,1000
1471009511,266.0100,266.1300,265.9300,266.0700,2300
1471009574,266.1500,266.1500,265.8900,265.9650,1700
1471009668,266.2590,266.2590,266.2590,266.2590,500
1471009688,266.0100,266.2000,265.9900,266.1141,1300
1471009743,266.1399,266.1399,266.0500,266.1100,1300
1471009801,265.8200,266.0200,265.7700,266.0200,1800
1471009915,266.1400,266.2000,265.9900,265.9900,2000
1471009926,266.1200,266.1200,266.0800,266.0800,800
1471010073,266.0000,266.0800,266.0000,266.0800,700
1471010169,266.0012,266.0300,266.0012,266.0300,500
1471010304,265.9600,265.9600,265.9600,265.9600,300
1471010363,265.7150,265.9800,265.7150,265.9700,4500
1471010444,265.6850,265.7300,265.6700,265.6700,1000
1471010487,265.8900,265.8900,265.7900,265.8500,400
1471010540,265.9399,265.9399,265.7500,265.8700,1800
1471010595,265.9600,265.9600,265.8600,265.9400,1000
1471010653,266.1000,266.1000,265.9900,265.9900,1300
1471010725,265.9600,266.0000,265.9500,266.0000,1300
1471010885,265.9699,265.9699,265.9699,265.9699,500
1471010994,266.0000,266.0200,266.0000,266.0200,900
1471011107,266.0400,266.0400,266.0400,266.0400,200
1471011138,265.9400,266.0000,265.9300,266.0000,700
1471011188,265.9200,265.9200,265.9200,265.9200,100
1471011291,266.0150,266.0200,265.8500,265.8700,1800
1471011356,266.0500,266.0500,266.0400,266.0400,200
1471011362,266.0400,266.0900,265.9900,266.0500,2200
1471011512,265.8850,265.9500,265.8850,265.9500,600
1471011548,265.8400,265.9400,265.8300,265.8520,1800
1471011600,265.5700,265.7500,265.5000,265.7500,2400
1471011684,265.6700,265.6800,265.6700,265.6800,400
1471011771,265.7200,265.7600,265.6500,265.7600,600
1471011782,265.6800,265.6900,265.6500,265.6600,900
1471011845,265.8100,265.8100,265.6800,265.6800,1400
1471011936,265.9201,266.0400,265.8800,265.8900,2000
1471011978,265.7200,265.9000,265.7200,265.9000,2500
1471012035,265.7700,265.7700,265.7100,265.7400,700
1471012085,265.6800,265.7500,265.6800,265.7400,1800
1471012148,265.6900,265.8600,265.6900,265.8500,1400
1471012213,265.7000,265.7310,265.6400,265.7310,2700
1471012309,265.7200,265.7200,265.6800,265.7100,1000
1471012353,265.6900,265.7900,265.6900,265.7800,1000
1471012393,265.6000,265.6800,265.6000,265.6800,1300
1471012489,265.5900,265.5900,265.5900,265.5900,700
1471012611,265.6500,265.6500,265.6500,265.6500,300
1471012729,265.6300,265.6300,265.6190,265.6190,800
1471012760,265.6500,265.6500,265.6500,265.6500,200
1471012918,265.7750,265.7800,265.6900,265.6900,900
1471012922,265.5200,265.7394,265.5200,265.7394,2300
1471013005,265.3950,265.5200,265.3400,265.5200,1700
1471013079,265.4100,265.4400,265.3700,265.3700,1900
1471013117,265.4700,265.4700,265.4700,265.4700,300
1471013160,265.7000,265.7150,265.5300,265.5400,500
1471013276,265.5457,265.6600,265.5200,265.6600,1700
1471013298,265.5300,265.5300,265.5300,265.5300,200
1471013393,265.4250,265.4400,265.4250,265.4400,500
1471013449,265.6500,265.7800,265.4700,265.4700,4000
1471013471,265.8900,265.9300,265.7000,265.7000,800
1471013538,265.7300,265.9300,265.7300,265.8900,1700
1471013634,265.6807,265.6807,265.6807,265.6807,200
1471013667,265.7200,265.8800,265.6500,265.6500,1800
1471013723,265.7800,265.7800,265.7800,265.7800,600
1471013799,265.8300,265.8300,265.8300,265.8300,300
1471013898,265.7650,265.8173,265.7650,265.7700,1000
1471013980,265.8600,265.8600,265.8600,265.8600,300
1471014000,266.1912,266.1912,265.9340,265.9340,1400
1471014063,266.2600,266.3111,266.1900,266.2700,1900
1471014318,265.8900,266.1400,265.8900,266.1400,700
1471014363,266.0750,266.0750,266.0000,266.0350,600
1471014441,266.1000,266.1000,266.1000,266.1000,300
1471014555,266.0700,266.0800,265.9700,266.0800,1500
1471014637,266.1800,266.1800,266.0200,266.0800,1200
1471014833,266.1500,266.1500,266.1192,266.1192,400
1471014858,266.1400,266.2600,266.1400,266.1800,1400
1471014996,266.1800,266.1800,266.1800,266.1800,300
1471015045,266.3000,266.3000,266.2500,266.2500,700
1471015197,266.3100,266.3100,266.3100,266.3100,400
1471015258,266.2995,266.2995,266.2800,266.2800,300
1471015263,266.2701,266.3200,266.2090,266.2400,2600
1471015325,266.3850,266.3850,266.3750,266.3750,1100
1471015400,266.4500,266.4500,266.4500,266.4500,400
1471015466,266.5141,266.5350,266.4400,266.4400,500
1471015547,266.6300,266.6300,266.4350,266.5300,1200
1471015580,266.7500,266.7500,266.5700,266.5800,700
1471015653,266.7100,266.7390,266.6505,266.7390,800
1471015693,266.7180,266.7180,266.7180,266.7180,400
1471015742,266.5400,266.6800,266.5400,266.6600,2000
1471015847,266.7500,266.7500,266.7500,266.7500,200
1471015869,266.6750,266.7700,266.6750,266.7700,300
1471015942,266.6900,266.6900,266.6900,266.6900,100
1471015987,266.7000,266.7000,266.7000,266.7000,100
1471016049,266.6200,266.7500,266.5440,266.5440,1500
1471016125,266.5600,266.6500,266.5500,266.5500,400
1471016180,266.5610,266.5800,266.5500,266.5500,700
1471016372,266.5900,266.5900,266.5900,266.5900,300
1471016429,266.5640,266.5640,266.5640,266.5640,100
1471016477,266.4400,266.4450,266.4400,266.4450,400
1471016577,266.2750,266.4500,266.2750,266.4500,800
1471016599,266.5200,266.5200,266.5200,266.5200,300
1471016690,266.6012,266.6012,266.4400,266.4400,1500
1471016706,266.4224,266.5944,266.4224,266.5944,600
1471016791,266.3550,266.3900,266.3550,266.3700,500
1471016850,266.4400,266.4426,266.4250,266.4250,800
1471016882,266.5200,266.5700,266.4000,266.4000,3000
1471017021,266.5000,266.5000,266.4238,266.4238,500
1471017126,266.5050,266.5050,266.5050,266.5050,300
1471017180,266.7200,266.7200,266.5500,266.5500,2000
1471017273,266.6200,266.6200,266.6200,266.6200,100
1471017316,266.5500,266.5500,266.4700,266.4700,700
1471017515,266.6700,266.6700,266.5900,266.5900,700
1471017688,266.6450,266.6450,266.6450,266.6450,200
1471017725,266.9610,266.9610,266.7000,266.7000,4000
1471017822,266.8400,266.8400,266.8400,266.8400,600
1471017913,266.9347,266.9347,266.9347,266.9347,200
1471017969,266.7400,266.8600,266.7400,266.8600,1100
1471018041,266.7300,266.7400,266.7000,266.7300,1100
1471018180,266.8550,266.9050,266.8550,266.9050,200
1471018245,266.8800,266.8800,266.8800,266.8800,100
1471018319,266.8500,266.8500,266.8500,266.8500,300
1471018348,266.8100,266.8100,266.8100,266.8100,900
1471018385,266.7960,266.7960,266.7960,266.7960,500
1471018496,266.6900,266.6900,266.6900,266.6900,200
1471018542,266.6500,266.7100,266.6300,266.6900,1300
1471018609,266.6200,266.6200,266.6200,266.6200,100
1471018628,266.7600,266.7600,266.6000,266.6200,2100
1471018738,266.7545,266.7545,266.7545,266.7545,100
1471018745,266.6300,266.8500,266.6300,266.7900,2200
1471018830,266.6600,266.6600,266.5900,266.5900,1100
1471018994,266.8400,266.9000,266.8400,266.9000,2100
1471019044,266.8400,266.8400,266.8400,266.8400,400
1471019113,266.7700,266.8200,266.7700,266.8200,200
1471019168,266.7700,266.7700,266.7600,266.7600,400
1471019231,266.7900,266.8610,266.7900,266.8610,200
1471019284,266.7900,266.7900,266.7200,266.7700,4100
1471019340,266.8100,266.8100,266.8012,266.8012,1500
1471019406,266.8300,266.8580,266.8300,266.8300,600
1471019510,266.8300,266.8900,266.7900,266.8250,1200
1471019520,266.7400,266.8100,266.7400,266.8100,400
1471019634,266.7550,266.8100,266.7550,266.7620,1000
1471019647,266.7600,266.8300,266.7600,266.7600,1700
1471019731,266.7200,266.8300,266.6800,266.7600,2000
1471019818,266.5700,266.6400,266.5700,266.5900,1500
1471019833,266.5700,266.5900,266.5100,266.5900,800
1471019887,266.5700,266.6400,266.5700,266.6200,1000
1471020171,266.5500,266.6200,266.5500,266.6200,1900
1471020182,266.5650,266.6124,266.5500,266.6124,1600
1471020283,266.5750,266.6200,266.5450,266.6190,1600
1471020471,266.7100,266.7100,266.5600,266.5600,900
1471020503,266.7150,266.7500,266.7150,266.7500,300
1471020589,266.6500,266.6500,266.6500,266.6500,400
1471020724,266.7500,266.7500,266.6850,266.6850,400
1471020804,266.6700,266.6725,266.6700,266.6725,600
1471020879,266.7899,266.7899,266.7899,266.7899,300
1471020904,266.7400,266.7700,266.7400,266.7700,400
1471021004,266.7700,266.7700,266.7550,266.7600,1000
1471021078,266.8450,266.8450,266.8100,266.8100,1000
1471021187,266.7800,266.7800,266.7800,266.7800,100
1471021243,266.7300,266.7300,266.7300,266.7300,600
1471021267,266.6250,266.6250,266.6000,266.6000,500
1471021322,266.5000,266.5600,266.5000,266.5600,1000
1471021382,266.4000,266.4550,266.3800,266.4450,1800
1471021451,266.4750,266.4750,266.4000,266.4000,500
1471021526,266.3000,266.3508,266.3000,266.3508,800
1471021575,266.3500,266.3500,266.2800,266.2800,300
1471021631,266.4700,266.4700,266.3050,266.3050,1200
1471021681,266.3600,266.4450,266.3600,266.4450,400
1471021818,266.2864,266.2864,266.2864,266.2864,200
1471021905,266.3300,266.3300,266.3300,266.3300,200
1471021932,266.2900,266.2900,266.2600,266.2600,400
1471021997,266.2400,266.2400,266.2400,266.2400,100
1471022052,266.1211,266.1211,266.1200,266.1200,400
1471022141,266.0550,266.1200,266.0000,266.1200,700
1471022175,266.0200,266.0545,266.0150,266.0545,1100
1471022271,266.0000,266.0000,266.0000,266.0000,900
1471022318,265.9094,265.9450,265.8300,265.9450,1100
1471022350,265.8453,265.8453,265.8453,265.8453,400
1471022419,265.9400,266.0000,265.8400,265.8750,3300
1471022653,265.9400,265.9400,265.9400,265.9400,200
1471022814,265.8700,265.8700,265.8650,265.8650,200
1471022874,265.8000,265.8100,265.8000,265.8100,200
1471022928,265.8300,265.9200,265.8300,265.8700,1500
1471022962,265.8950,265.8950,265.8950,265.8950,300
1471023035,265.9400,265.9400,265.9400,265.9400,200
1471023238,266.0400,266.2199,265.9300,265.9720,2800
1471023251,266.0300,266.0500,265.9800,266.0500,2200
1471023388,266.0600,266.1100,266.0600,266.1100,900
1471023512,266.0300,266.0500,266.0300,266.0500,400
1471023542,265.9900,265.9950,265.9700,265.9950,1100
1471023610,266.0100,266.0100,266.0000,266.0000,200
1471023692,266.2500,266.2500,266.0000,266.0000,2700
1471023739,266.2900,266.2900,266.2800,266.2800,600
1471023835,266.3700,266.3700,266.2900,266.2900,200
1471023908,266.3400,266.3500,266.3400,266.3500,200
1471024033,266.2400,266.3400,266.2400,266.3400,1000
1471024087,266.2200,266.3100,266.2200,266.3100,1600
1471024178,266.2100,266.2100,266.2100,266.2100,100
1471024206,266.2400,266.2400,266.1850,266.1900,1300
1471024327,266.1900,266.2300,266.1900,266.2050,600
1471024384,266.1569,266.3000,266.1500,266.3000,9100
1471024461,266.0000,266.1300,266.0000,266.1300,1800
1471024559,266.1700,266.2700,266.1300,266.1300,1400
1471024616,266.2900,266.2900,266.2900,266.2900,900
1471024801,266.1895,266.2100,266.1600,266.1600,4000
1471024953,266.1600,266.2000,266.1600,266.2000,500
1471025039,266.2200,266.2200,266.1700,266.1700,200
1471025094,266.1100,266.1100,266.1100,266.1100,100
1471025105,266.1100,266.1100,266.1100,266.1100,600
1471025164,266.0900,266.0900,266.0800,266.0800,900
1471025228,266.0700,266.1300,266.0700,266.1300,1100
1471025433,266.1700,266.2600,266.1700,266.2100,1000
1471025571,266.1400,266.1700,266.1400,266.1700,400
1471025588,266.2200,266.2200,266.0800,266.0800,1100
1471025663,266.1900,266.1900,266.1900,266.1900,200
1471025723,266.1600,266.1600,266.1600,266.1600,100
1471025789,266.1200,266.1600,266.1200,266.1500,800
1471025839,266.0600,266.1200,266.0600,266.1200,900
1471025914,266.0750,266.1200,266.0750,266.1000,500
1471025943,266.0500,266.1400,266.0500,266.0500,700
1471026055,266.1200,266.1200,266.1200,266.1200,700
1471026085,266.1400,266.2300,266.1400,266.2200,800
1471026307,266.1100,266.2100,266.1100,266.1200,700
1471026404,266.1800,266.1800,266.1000,266.1000,200
1471026430,266.2200,266.2200,266.1300,266.1300,700
1471026506,266.1600,266.2100,266.1600,266.2100,500
1471026556,266.2100,266.2200,266.1388,266.1388,300
1471026602,266.1400,266.2200,266.1400,266.2200,2500
1471026693,266.1200,266.1900,266.0900,266.0900,800
1471026768,266.1900,266.1900,266.1900,266.1900,500
1471026793,266.1300,266.2400,266.1000,266.2300,3800
1471026865,266.1300,266.2300,266.1300,266.1600,500
1471026992,266.1879,266.3000,266.1800,266.2300,7900
1471027143,266.1500,266.2400,266.1500,266.2400,2800
1471027202,266.1800,266.2000,266.1499,266.1499,700
1471027306,266.1780,266.1780,266.1300,266.1700,1000
1471027322,266.1350,266.1350,266.1300,266.1300,100
1471027399,266.1400,266.1800,266.1250,266.1250,1300
1471027459,266.1700,266.2700,266.1700,266.2404,2200
1471027569,266.1600,266.1600,266.1518,266.1518,500
1471027653,266.2071,266.2250,266.1850,266.2100,1200
1471027686,266.2022,266.2022,266.2022,266.2022,200
1471027843,266.1540,266.1540,266.1300,266.1300,600
1471027935,266.1400,266.2100,266.1350,266.1350,1700
1471028001,266.1800,266.1900,266.1800,266.1900,300
1471028059,266.1050,266.1200,266.1050,266.1100,1300
1471028215,266.1150,266.1500,266.0900,266.1500,500
1471028276,266.1200,266.1200,266.1200,266.1200,200
1471028295,266.1300,266.2100,266.0900,266.0900,2200
1471028374,266.1650,266.2300,266.1000,266.1400,2400
1471028402,266.1900,266.2400,266.1900,266.2300,1500
1471028469,266.1600,266.2450,266.1400,266.1400,1500
1471028558,266.1700,266.1800,266.1700,266.1800,600
1471028653,266.1900,266.2100,266.1550,266.2100,1100
1471028781,266.2100,266.2800,266.2000,266.2300,1700
1471028843,266.1851,266.2100,266.1851,266.2100,500
1471028934,266.1800,266.1800,266.1800,266.1800,100
1471028944,266.2000,266.2500,266.1800,266.1800,4300
1471029034,266.3600,266.3700,266.2700,266.2700,400
1471029068,266.2800,266.3438,266.2800,266.3438,1000
1471029123,266.2300,266.2300,266.2300,266.2300,1600
1471029238,266.2771,266.2771,266.2400,266.2500,600
1471029240,266.3000,266.3000,266.2700,266.2800,1500
1471029329,266.3100,266.3450,266.3100,266.3200,700
1471029373,266.3000,266.3000,266.3000,266.3000,300
1471029420,266.2900,266.2900,266.2900,266.2900,1000
1471029509,266.3400,266.3400,266.3100,266.3200,900
1471029604,266.3500,266.3500,266.2900,266.3250,2200
1471029680,266.3925,266.4040,266.3700,266.3800,1800
1471029722,266.3500,266.3500,266.3500,266.3500,300
1471029782,266.4544,266.4544,266.4000,266.4000,2500
1471029898,266.4870,266.4870,266.4870,266.4870,100
1471029901,266.5000,266.5323,266.4600,266.4600,1600
1471029963,266.6100,266.6550,266.5800,266.5800,2100
1471030044,266.7100,266.7100,266.6200,266.6200,1200
1471030091,266.9000,266.9000,266.7800,266.7800,1600
1471030199,266.9300,266.9300,266.9000,266.9100,1500
1471030201,266.8300,266.9400,266.8000,266.9400,1800
1471030326,266.7200,266.7300,266.7200,266.7300,1000
1471030402,266.8000,266.8800,266.8000,266.8200,2700
1471030442,266.8100,266.8100,266.8100,266.8100,1000
1471030540,266.8000,266.8100,266.7900,266.7900,1800
1471030572,266.8216,266.8300,266.7800,266.7800,1200
1471030626,266.7600,266.8100,266.7600,266.8100,2300
1471030702,266.7900,266.7900,266.7200,266.7200,400
1471030775,266.7800,266.7800,266.7800,266.7800,400
1471030846,266.7700,266.7700,266.7250,266.7500,1200
1471030881,266.7000,266.7300,266.6600,266.7300,2700
1471030941,266.7100,266.7100,266.6700,266.6900,2000
1471030986,266.7600,266.7900,266.7200,266.7200,1700
1471031041,266.7500,266.8200,266.7500,266.7700,800
1471031125,266.6800,266.7600,266.6800,266.7600,1600
1471031175,266.7500,266.7500,266.7100,266.7450,3000
1471031267,266.7200,266.7200,266.7200,266.7200,400
1471031312,266.7450,266.7700,266.7300,266.7700,1000
1471031341,266.8200,266.8200,266.7400,266.7400,2000
1471031408,266.7500,266.8050,266.7400,266.8050,800
1471031470,266.7400,266.7509,266.7400,266.7400,1100
1471031528,266.7600,266.7600,266.7000,266.7599,2100
1471031582,266.6900,266.7500,266.6900,266.6900,1200
1471031640,266.6500,266.7200,266.6000,266.7200,1900
1471031702,266.7247,266.7247,266.6400,266.6500,4100
1471031819,266.6200,266.7400,266.6200,266.7200,5300
1471031820,266.7500,266.7500,266.6200,266.6200,7000
1471031937,266.8200,266.8800,266.8100,266.8100,3900
1471031944,266.9300,266.9700,266.8200,266.8200,40400
1471032000,266.8000,266.8000,266.8000,266.8000,0
