uri:/instrument/1.0/VEA/chartdata;type=quote;range=1d/csv
ticker:vea
Company-Name:Vanguard FTSE Developed Markets
Exchange-Name:PCX
unit:MIN
timezone:EDT
currency:USD
gmtoffset:-14400
previous_close:37.1900
Timestamp:1470922200,1470945600
labels:1470924000,1470927600,1470931200,1470934800,1470938400,1470942000,1470945600
values:Timestamp,close,high,low,open,volume
close:37.3400,37.5450
high:37.3494,37.5490
low:37.3350,37.5365
open:37.3359,37.5390
volume:0,419700
1470922233,37.3600,37.3800,37.3600,37.3650,119600
1470922314,37.3799,37.3799,37.3600,37.3700,23200
1470922366,37.3500,37.3700,37.3500,37.3700,10500
1470922380,37.3600,37.3600,37.3400,37.3450,13600
1470922440,37.3600,37.3642,37.3550,37.3599,12200
1470922548,37.3700,37.3700,37.3570,37.3600,4500
1470922564,37.3700,37.3800,37.3650,37.3700,4900
1470922670,37.3700,37.3900,37.3700,37.3730,10400
1470922684,37.3700,37.3800,37.3700,37.3800,2300
1470922793,37.3700,37.3773,37.3600,37.3600,11000
1470922859,37.3900,37.3900,37.3800,37.3800,17200
1470922905,37.3800,37.3950,37.3800,37.3900,8100
1470922928,37.3601,37.3766,37.3601,37.3766,11300
1470922982,37.3600,37.3600,37.3600,37.3600,1700
1470923040,37.3800,37.3842,37.3550,37.3600,7300
1470923105,37.3900,37.3968,37.3800,37.3800,13400
1470923218,37.3900,37.3900,37.3900,37.3900,1400
1470923227,37.3700,37.3800,37.3700,37.3800,1800
1470923332,37.3859,37.3859,37.3730,37.3799,4000
1470923378,37.3900,37.3900,37.3817,37.3850,1000
1470923416,37.3835,37.3900,37.3835,37.3899,5700
1470923465,37.4000,37.4000,37.3900,37.3900,4500
1470923576,37.3900,37.4000,37.3900,37.3963,1100
1470923588,37.3950,37.4099,37.3950,37.4000,10100
1470923697,37.4000,37.4090,37.3950,37.4000,3800
1470923758,37.4000,37.4050,37.4000,37.4001,1900
1470923811,37.3963,37.4050,37.3900,37.3900,5500
1470923863,37.4000,37.4045,37.4000,37.4000,2500
1470923893,37.4048,37.4065,37.4020,37.4020,2100
1470923944,37.3779,37.4000,37.3779,37.4000,3100
1470924000,37.3690,37.3799,37.3673,37.3700,11500
1470924073,37.3899,37.3900,37.3700,37.3700,106500
1470924122,37.3899,37.3900,37.3800,37.3850,10900
1470924187,37.3800,37.3890,37.3750,37.3884,9400
1470924258,37.3890,37.3900,37.3850,37.3900,4400
1470924319,37.3899,37.3900,37.3800,37.3900,4500
1470924361,37.3800,37.3899,37.3800,37.3842,143600
1470924439,37.3684,37.3799,37.3650,37.3700,8800
1470924500,37.3400,37.3684,37.3400,37.3684,5200
1470924545,37.3499,37.3499,37.3350,37.3359,7200
1470924600,37.3570,37.3600,37.3458,37.3484,9800
1470924716,37.3550,37.3550,37.3550,37.3550,500
1470924722,37.3400,37.3593,37.3400,37.3593,25600
1470924787,37.3429,37.3494,37.3399,37.3494,10200
1470924846,37.3500,37.3534,37.3465,37.3465,6900
1470924900,37.3547,37.3599,37.3500,37.3590,3400
1470924968,37.3500,37.3600,37.3500,37.3550,2100
1470925021,37.3618,37.3699,37.3600,37.3600,10700
1470925141,37.3784,37.3800,37.3700,37.3700,7000
1470925232,37.3755,37.3800,37.3755,37.3800,3200
1470925263,37.3700,37.3800,37.3650,37.3800,8500
1470925378,37.3650,37.3750,37.3600,37.3700,12200
1470925382,37.3800,37.3800,37.3600,37.3700,3400
1470925469,37.3720,37.3800,37.3707,37.3750,2600
1470925501,37.3884,37.3899,37.3750,37.3750,5800
1470925567,37.3865,37.3900,37.3800,37.3866,3500
1470925620,37.3784,37.3865,37.3730,37.3850,11800
1470925684,37.3900,37.3900,37.3700,37.3750,11600
1470925740,37.3984,37.4000,37.3900,37.3900,4500
1470925801,37.3950,37.3984,37.3900,37.3939,2700
1470925861,37.4000,37.4100,37.3992,37.4000,16100
1470925948,37.4100,37.4100,37.4035,37.4042,2900
1470925987,37.4073,37.4099,37.4000,37.4050,15600
1470926044,37.4000,37.4063,37.3900,37.4000,7900
1470926106,37.4049,37.4100,37.4000,37.4000,6000
1470926169,37.4200,37.4200,37.4040,37.4050,17900
1470926275,37.4499,37.4500,37.4300,37.4300,19400
1470926288,37.4449,37.4465,37.4400,37.4400,2400
1470926389,37.4362,37.4400,37.4330,37.4400,37000
1470926443,37.4442,37.4550,37.4400,37.4400,4000
1470926462,37.4401,37.4401,37.4401,37.4401,4800
1470926566,37.4415,37.4500,37.4400,37.4400,5800
1470926619,37.4449,37.4449,37.4449,37.4449,200
1470926650,37.4590,37.4590,37.4410,37.4500,22000
1470926746,37.4600,37.4600,37.4530,37.4530,2000
1470926768,37.4600,37.4600,37.4600,37.4600,10500
1470926871,37.4655,37.4655,37.4650,37.4650,800
1470926880,37.4535,37.4700,37.4535,37.4600,15600
1470926953,37.4660,37.4699,37.4500,37.4600,17400
1470927000,37.4700,37.4800,37.4650,37.4650,7800
1470927113,37.4700,37.4900,37.4700,37.4800,10600
1470927134,37.4610,37.4700,37.4600,37.4700,1800
1470927180,37.4700,37.4700,37.4642,37.4642,1600
1470927265,37.4800,37.4800,37.4700,37.4700,2200
1470927304,37.4750,37.4900,37.4750,37.4800,9100
1470927368,37.4690,37.4765,37.4600,37.4765,7200
1470927478,37.4650,37.4658,37.4600,37.4650,8900
1470927481,37.4700,37.4700,37.4648,37.4648,600
1470927595,37.4790,37.4790,37.4700,37.4700,6300
1470927601,37.4738,37.4800,37.4700,37.4700,1900
1470927719,37.4700,37.4750,37.4600,37.4701,6900
1470927720,37.4700,37.4750,37.4700,37.4700,5600
1470927810,37.4600,37.4650,37.4600,37.4650,3300
1470927899,37.4500,37.4558,37.4500,37.4510,2900
1470927900,37.4350,37.4448,37.4350,37.4400,2000
1470928011,37.4500,37.4595,37.4400,37.4400,21700
1470928024,37.4463,37.4500,37.4441,37.4499,4900
1470928094,37.4450,37.4500,37.4450,37.4500,600
1470928191,37.4600,37.4600,37.4448,37.4448,8300
1470928201,37.4600,37.4699,37.4540,37.4600,8000
1470928267,37.4600,37.4600,37.4500,37.4600,9600
1470928324,37.4500,37.4680,37.4500,37.4680,6300
1470928425,37.4455,37.4599,37.4455,37.4558,10800
1470928447,37.4501,37.4590,37.4450,37.4500,22500
1470928549,37.4500,37.4590,37.4450,37.4550,44900
1470928612,37.4435,37.4578,37.4430,37.4500,11100
1470928677,37.4569,37.4569,37.4400,37.4450,9500
1470928692,37.4550,37.4554,37.4500,37.4550,9300
1470928751,37.4600,37.4600,37.4501,37.4534,1800
1470928859,37.4667,37.4700,37.4590,37.4590,5800
1470928861,37.4644,37.4750,37.4644,37.4650,12100
1470928969,37.4750,37.4763,37.4750,37.4763,600
1470928982,37.4650,37.4750,37.4603,37.4700,8300
1470929062,37.4701,37.4800,37.4701,37.4701,5900
1470929109,37.4850,37.4850,37.4775,37.4799,4900
1470929186,37.4850,37.4863,37.4800,37.4800,5100
1470929236,37.4900,37.4900,37.4800,37.4850,4400
1470929286,37.4800,37.5000,37.4700,37.4965,10100
1470929391,37.5065,37.5065,37.4800,37.4848,10500
1470929415,37.4910,37.5050,37.4910,37.5050,11200
1470929466,37.4942,37.5000,37.4942,37.5000,400
1470929557,37.5041,37.5050,37.5000,37.5000,3900
1470929636,37.5065,37.5099,37.5037,37.5085,2700
1470929698,37.5300,37.5300,37.5050,37.5050,11300
1470929747,37.5450,37.5490,37.5300,37.5300,14300
1470929808,37.5399,37.5399,37.5201,37.5300,23600
1470929859,37.5365,37.5400,37.5365,37.5390,3100
1470929927,37.5265,37.5350,37.5265,37.5300,1700
1470929994,37.5200,37.5300,37.5200,37.5200,15600
1470930000,37.5120,37.5264,37.5105,37.5264,6800
1470930060,37.5050,37.5175,37.5000,37.5175,3400
1470930138,37.5050,37.5050,37.5042,37.5042,900
1470930237,37.5042,37.5050,37.5000,37.5050,2000
1470930264,37.5150,37.5150,37.5100,37.5100,4900
1470930341,37.5110,37.5169,37.5100,37.5134,1900
1470930392,37.5163,37.5163,37.5101,37.5150,1700
1470930421,37.5100,37.5200,37.5100,37.5200,2100
1470930535,37.5150,37.5191,37.5100,37.5150,19200
1470930540,37.5150,37.5150,37.5100,37.5100,15500
1470930608,37.5110,37.5110,37.5100,37.5100,800
1470930689,37.5200,37.5200,37.5134,37.5199,800
1470930728,37.5100,37.5250,37.5100,37.5200,10200
1470930810,37.5164,37.5200,37.5144,37.5200,3900
1470930853,37.5100,37.5200,37.5100,37.5142,3600
1470930914,37.5001,37.5099,37.5001,37.5001,2600
1470930973,37.5067,37.5100,37.5067,37.5100,1100
1470931039,37.5050,37.5100,37.5000,37.5100,2700
1470931092,37.5077,37.5100,37.5000,37.5100,8300
1470931196,37.5000,37.5090,37.5000,37.5000,8000
1470931200,37.5000,37.5100,37.5000,37.5050,4100
1470931275,37.5075,37.5100,37.5001,37.5050,11200
1470931342,37.5000,37.5050,37.5000,37.5050,3400
1470931434,37.4935,37.5000,37.4900,37.4900,900
1470931499,37.5000,37.5000,37.4946,37.4950,1500
1470931559,37.4950,37.5000,37.4943,37.5000,13400
1470931606,37.4900,37.5000,37.4900,37.5000,3400
1470931623,37.5000,37.5000,37.4962,37.4962,1900
1470931739,37.5050,37.5100,37.4910,37.4910,8300
1470931740,37.5050,37.5050,37.5000,37.5000,2400
1470931818,37.5099,37.5100,37.5000,37.5050,2000
1470931878,37.5000,37.5099,37.5000,37.5000,3600
1470931977,37.5037,37.5100,37.5001,37.5093,6600
1470932027,37.5027,37.5100,37.5015,37.5061,8900
1470932079,37.5042,37.5050,37.5000,37.5050,3700
1470932144,37.5000,37.5100,37.5000,37.5100,1300
1470932211,37.5060,37.5100,37.5000,37.5000,1900
1470932220,37.5000,37.5090,37.5000,37.5000,5500
1470932296,37.5000,37.5063,37.5000,37.5063,4800
1470932367,37.5000,37.5000,37.5000,37.5000,100
1470932402,37.4950,37.5000,37.4950,37.4970,2900
1470932496,37.4937,37.4937,37.4937,37.4937,600
1470932523,37.4934,37.5000,37.4934,37.5000,2800
1470932631,37.5000,37.5050,37.4901,37.4901,7200
1470932640,37.5165,37.5199,37.5001,37.5030,15000
1470932737,37.5146,37.5150,37.5146,37.5150,1300
1470932811,37.5150,37.5150,37.5100,37.5150,2800
1470932824,37.5090,37.5100,37.5050,37.5100,3100
1470932937,37.5066,37.5077,37.5066,37.5077,600
1470932961,37.5000,37.5050,37.4950,37.5000,2900
1470933056,37.5090,37.5100,37.5090,37.5100,1800
1470933108,37.5150,37.5150,37.5071,37.5071,11300
1470933157,37.5165,37.5168,37.5100,37.5168,5400
1470933192,37.5077,37.5100,37.5050,37.5100,2100
1470933258,37.5057,37.5066,37.5050,37.5050,1100
1470933338,37.5050,37.5067,37.5050,37.5050,1600
1470933402,37.5000,37.5050,37.4907,37.5000,8700
1470933420,37.4901,37.5050,37.4901,37.4990,11600
1470933511,37.4960,37.4960,37.4960,37.4960,800
1470933598,37.4850,37.5000,37.4850,37.5000,11600
1470933645,37.4858,37.4900,37.4800,37.4800,2000
1470933660,37.4865,37.4890,37.4858,37.4876,1700
1470933743,37.4865,37.4865,37.4800,37.4801,1600
1470933782,37.4950,37.4950,37.4800,37.4865,4400
1470933841,37.5000,37.5000,37.4940,37.4950,4500
1470933903,37.4999,37.5073,37.4999,37.5000,8700
1470934018,37.4900,37.4900,37.4900,37.4900,500
1470934072,37.4900,37.4953,37.4900,37.4953,2800
1470934089,37.4800,37.4900,37.4800,37.4900,15300
1470934185,37.4999,37.4999,37.4810,37.4810,8600
1470934242,37.4991,37.4991,37.4900,37.4900,900
1470934305,37.4900,37.4999,37.4900,37.4999,4400
1470934320,37.4900,37.4900,37.4800,37.4800,1500
1470934384,37.4900,37.4900,37.4900,37.4900,64400
1470934491,37.4937,37.4985,37.4937,37.4950,2100
1470934500,37.5000,37.5000,37.4958,37.4985,1800
1470934617,37.4920,37.5000,37.4900,37.5000,1100
1470934675,37.5050,37.5050,37.4934,37.4950,7900
1470934686,37.4958,37.5060,37.4958,37.5050,7800
1470934759,37.4963,37.4963,37.4963,37.4963,700
1470934850,37.5000,37.5099,37.5000,37.5000,7200
1470934864,37.5000,37.5000,37.4901,37.5000,4200
1470934968,37.4901,37.5000,37.4900,37.5000,2000
1470934991,37.5000,37.5000,37.4900,37.5000,8700
1470935045,37.5000,37.5000,37.5000,37.5000,2500
1470935113,37.4950,37.5000,37.4950,37.4950,2300
1470935202,37.4958,37.5000,37.4957,37.5000,2000
1470935276,37.4950,37.5000,37.4904,37.4935,2900
1470935330,37.4958,37.5000,37.4900,37.4901,10500
1470935345,37.4900,37.4928,37.4860,37.4928,5200
1470935400,37.4800,37.4900,37.4800,37.4900,4900
1470935472,37.4900,37.4900,37.4850,37.4900,1700
1470935578,37.4800,37.4900,37.4800,37.4800,8700
1470935584,37.4850,37.4850,37.4850,37.4850,1100
1470935659,37.4800,37.4868,37.4800,37.4868,14600
1470935732,37.4770,37.4770,37.4700,37.4750,800
1470935768,37.4800,37.4800,37.4768,37.4791,2500
1470935866,37.4700,37.4700,37.4700,37.4700,100
1470935887,37.4750,37.4800,37.4750,37.4800,800
1470935943,37.4700,37.4785,37.4700,37.4750,6300
1470936024,37.4700,37.4700,37.4615,37.4700,1600
1470936067,37.4700,37.4700,37.4650,37.4650,500
1470936127,37.4650,37.4700,37.4650,37.4700,600
1470936188,37.4660,37.4700,37.4600,37.4650,2500
1470936241,37.4642,37.4700,37.4601,37.4680,2100
1470936352,37.4650,37.4650,37.4650,37.4650,100
1470936419,37.4700,37.4700,37.4620,37.4630,1700
1470936420,37.4700,37.4700,37.4650,37.4650,1400
1470936501,37.4669,37.4669,37.4669,37.4669,1300
1470936595,37.4700,37.4700,37.4600,37.4700,2200
1470936659,37.4750,37.4750,37.4638,37.4700,11200
1470936666,37.4800,37.4800,37.4710,37.4750,6700
1470936768,37.4773,37.4800,37.4740,37.4800,5500
1470936839,37.4750,37.4750,37.4750,37.4750,300
1470936894,37.4700,37.4800,37.4700,37.4750,7200
1470936906,37.4699,37.4737,37.4699,37.4737,8700
1470936960,37.4601,37.4699,37.4601,37.4610,2600
1470937029,37.4700,37.4700,37.4700,37.4700,3700
1470937134,37.4742,37.4800,37.4720,37.4800,1400
1470937182,37.4750,37.4800,37.4750,37.4750,21100
1470937200,37.4700,37.4799,37.4700,37.4750,4400
1470937262,37.4695,37.4695,37.4615,37.4615,1900
1470937343,37.4700,37.4700,37.4637,37.4650,2400
1470937435,37.4750,37.4800,37.4700,37.4700,10500
1470937495,37.4750,37.4780,37.4701,37.4750,2000
1470937515,37.4750,37.4800,37.4750,37.4750,900
1470937568,37.4700,37.4799,37.4700,37.4799,6900
1470937678,37.4800,37.4800,37.4700,37.4700,6400
1470937735,37.4750,37.4799,37.4700,37.4735,11800
1470937750,37.4750,37.4750,37.4700,37.4750,1600
1470937851,37.4700,37.4776,37.4700,37.4750,2800
1470937903,37.4850,37.4850,37.4750,37.4750,21300
1470937921,37.4800,37.4843,37.4700,37.4800,15600
1470938038,37.4800,37.4800,37.4701,37.4800,9300
1470938099,37.4750,37.4800,37.4750,37.4750,4200
1470938126,37.4800,37.4800,37.4701,37.4800,4000
1470938164,37.4734,37.4750,37.4700,37.4750,3500
1470938274,37.4700,37.4750,37.4700,37.4750,1300
1470938280,37.4700,37.4735,37.4700,37.4724,800
1470938347,37.4600,37.4757,37.4600,37.4750,13200
1470938402,37.4644,37.4700,37.4644,37.4700,3700
1470938471,37.4700,37.4700,37.4601,37.4615,4000
1470938522,37.4650,37.4650,37.4650,37.4650,1100
1470938595,37.4750,37.4750,37.4700,37.4700,5300
1470938678,37.4750,37.4799,37.4701,37.4799,1200
1470938758,37.4750,37.4800,37.4750,37.4750,1100
1470938816,37.4850,37.4850,37.4750,37.4800,19300
1470938876,37.4800,37.4900,37.4800,37.4899,26800
1470938939,37.4780,37.4800,37.4780,37.4800,11600
1470938996,37.4800,37.4800,37.4710,37.4741,4900
1470939042,37.4750,37.4800,37.4700,37.4750,2600
1470939117,37.4850,37.4900,37.4792,37.4800,10400
1470939122,37.4801,37.4900,37.4801,37.4850,8600
1470939186,37.4950,37.4950,37.4900,37.4900,26500
1470939241,37.4863,37.4900,37.4800,37.4900,15000
1470939358,37.4886,37.4900,37.4837,37.4858,1500
1470939406,37.4800,37.4900,37.4800,37.4900,2500
1470939423,37.4800,37.4844,37.4730,37.4800,21600
1470939514,37.4732,37.4800,37.4700,37.4742,6900
1470939595,37.4757,37.4800,37.4743,37.4800,2000
1470939640,37.4750,37.4800,37.4700,37.4800,22200
1470939713,37.4750,37.4800,37.4700,37.4800,8200
1470939733,37.4800,37.4899,37.4800,37.4800,24900
1470939803,37.4700,37.4800,37.4700,37.4765,1400
1470939840,37.4800,37.4800,37.4700,37.4700,6500
1470939912,37.4800,37.4800,37.4700,37.4743,1800
1470940018,37.4960,37.4960,37.4800,37.4800,6000
1470940073,37.4900,37.5000,37.4900,37.4950,1900
1470940133,37.4950,37.5000,37.4900,37.5000,30600
1470940190,37.4900,37.5000,37.4900,37.4900,25200
1470940200,37.4734,37.4974,37.4734,37.4974,53800
1470940271,37.4800,37.4900,37.4800,37.4800,12100
1470940335,37.4729,37.4800,37.4729,37.4800,2400
1470940387,37.4720,37.4800,37.4700,37.4732,2000
1470940499,37.4865,37.4865,37.4718,37.4800,12800
1470940501,37.4850,37.4891,37.4800,37.4834,9100
1470940617,37.4890,37.4890,37.4801,37.4877,17300
1470940632,37.4800,37.4858,37.4800,37.4858,6400
1470940698,37.4844,37.4850,37.4844,37.4850,1000
1470940745,37.4750,37.4857,37.4750,37.4800,14400
1470940800,37.4765,37.4765,37.4750,37.4750,1900
1470940919,37.4750,37.4780,37.4750,37.4750,15800
1470940940,37.4750,37.4750,37.4700,37.4750,6300
1470940984,37.4850,37.4900,37.4748,37.4748,20600
1470941078,37.4800,37.4873,37.4800,37.4800,9100
1470941146,37.4750,37.4789,37.4750,37.4750,2700
1470941169,37.4750,37.4799,37.4700,37.4710,2100
1470941220,37.4749,37.4790,37.4710,37.4750,2600
1470941285,37.4750,37.4800,37.4700,37.4758,8500
1470941399,37.4762,37.4762,37.4734,37.4740,8100
1470941410,37.4850,37.4899,37.4700,37.4780,14000
1470941465,37.4870,37.4900,37.4800,37.4835,5200
1470941521,37.4900,37.4900,37.4750,37.4800,20000
1470941639,37.4863,37.4890,37.4800,37.4850,15400
1470941640,37.4758,37.4864,37.4750,37.4864,6100
1470941703,37.4650,37.4799,37.4600,37.4799,12200
1470941782,37.4600,37.4600,37.4600,37.4600,6900
1470941878,37.4537,37.4600,37.4500,37.4500,10500
1470941930,37.4658,37.4700,37.4510,37.4595,7400
1470941992,37.4750,37.4800,37.4635,37.4635,45500
1470942012,37.4700,37.4750,37.4700,37.4750,4500
1470942065,37.4700,37.4700,37.4609,37.4700,6500
1470942178,37.4750,37.4750,37.4630,37.4700,4600
1470942232,37.4750,37.4800,37.4700,37.4750,15100
1470942299,37.4742,37.4800,37.4734,37.4750,3100
1470942310,37.4700,37.4750,37.4650,37.4750,9700
1470942417,37.4700,37.4700,37.4600,37.4650,7600
1470942474,37.4750,37.4800,37.4700,37.4700,8600
1470942535,37.4750,37.4750,37.4710,37.4750,3200
1470942541,37.4750,37.4750,37.4710,37.4710,2500
1470942650,37.4735,37.4800,37.4701,37.4750,9100
1470942717,37.4737,37.4800,37.4700,37.4710,19700
1470942720,37.4765,37.4800,37.4700,37.4700,4600
1470942788,37.4750,37.4800,37.4750,37.4750,3100
1470942846,37.4761,37.4785,37.4701,37.4785,4900
1470942900,37.4600,37.4700,37.4600,37.4700,6700
1470942976,37.4535,37.4600,37.4500,37.4600,14200
1470943025,37.4550,37.4550,37.4500,37.4550,1800
1470943139,37.4550,37.4550,37.4500,37.4550,700
1470943140,37.4573,37.4600,37.4500,37.4550,14000
1470943251,37.4550,37.4600,37.4519,37.4600,4800
1470943317,37.4600,37.4600,37.4550,37.4550,1900
1470943329,37.4550,37.4600,37.4535,37.4600,2200
1470943430,37.4600,37.4600,37.4600,37.4600,700
1470943494,37.4600,37.4600,37.4546,37.4546,1100
1470943559,37.4586,37.4600,37.4500,37.4550,12300
1470943619,37.4600,37.4600,37.4509,37.4550,6900
1470943621,37.4501,37.4600,37.4501,37.4600,3300
1470943725,37.4600,37.4600,37.4520,37.4600,1100
1470943742,37.4600,37.4600,37.4550,37.4550,2500
1470943850,37.4550,37.4550,37.4500,37.4550,2900
1470943914,37.4555,37.4600,37.4500,37.4500,21800
1470943976,37.4650,37.4652,37.4530,37.4563,12500
1470944036,37.4600,37.4690,37.4600,37.4615,2400
1470944041,37.4700,37.4700,37.4601,37.4650,29500
1470944159,37.4700,37.4700,37.4600,37.4700,10700
1470944212,37.4642,37.4700,37.4630,37.4700,2200
1470944279,37.4710,37.4750,37.4600,37.4700,13200
1470944281,37.4710,37.4800,37.4710,37.4750,6900
1470944354,37.4850,37.4850,37.4725,37.4725,41400
1470944416,37.4850,37.4900,37.4810,37.4842,1600
1470944469,37.4900,37.4900,37.4800,37.4850,40700
1470944520,37.4800,37.4850,37.4800,37.4800,5200
1470944580,37.4850,37.4850,37.4800,37.4800,5700
1470944697,37.4842,37.4900,37.4842,37.4850,2000
1470944759,37.4950,37.5000,37.4848,37.4900,18500
1470944819,37.4950,37.4950,37.4900,37.4950,24900
1470944878,37.4950,37.5000,37.4900,37.4950,15300
1470944883,37.4937,37.4990,37.4900,37.4950,35700
1470944940,37.4848,37.4950,37.4840,37.4900,2100
1470945004,37.4748,37.4850,37.4748,37.4801,18800
1470945086,37.4750,37.4750,37.4720,37.4750,1400
1470945166,37.4700,37.4760,37.4700,37.4743,6300
1470945192,37.4800,37.4800,37.4700,37.4750,6500
1470945297,37.4750,37.4800,37.4701,37.4701,15400
1470945300,37.4750,37.4800,37.4700,37.4750,21100
1470945411,37.4740,37.4780,37.4700,37.4750,8300
1470945420,37.4700,37.4700,37.4600,37.4700,49400
1470945538,37.4600,37.4800,37.4600,37.4700,53500
1470945542,37.4600,37.4700,37.4500,37.4650,419700
1470945600,37.4700,37.4700,37.4700,37.4700,0
