uri:/instrument/1.0/SNE/chartdata;type=quote;range=1d/csv
ticker:sne
Company-Name:Sony Corporation Common Stock
Exchange-Name:NYQ
unit:MIN
timezone:EDT
currency:USD
gmtoffset:-14400
previous_close:32.7800
Timestamp:1471440600,1471464000
labels:1471442400,1471446000,1471449600,1471453200,1471456800,1471460400,1471464000
values:Timestamp,close,high,low,open,volume
close:32.0800,32.5000
high:32.0900,32.5000
low:32.0800,32.4900
open:32.0800,32.5000
volume:100,51700
1471440615,32.2300,32.2500,32.1800,32.2235,12300
1471440677,32.1850,32.1900,32.1850,32.1900,3100
1471440777,32.1700,32.1900,32.1699,32.1900,6300
1471440814,32.1800,32.1800,32.1700,32.1701,1300
1471440856,32.1750,32.1800,32.1500,32.1500,2900
1471440959,32.1600,32.1900,32.1600,32.1900,2200
1471440976,32.1600,32.1600,32.1600,32.1600,800
1471441024,32.1700,32.1800,32.1600,32.1600,7700
1471441137,32.1600,32.1700,32.1568,32.1600,3600
1471441191,32.1400,32.1600,32.1300,32.1600,3700
1471441259,32.1500,32.1500,32.1300,32.1400,4000
1471441317,32.1700,32.1800,32.1500,32.1500,9000
1471441354,32.1500,32.1700,32.1500,32.1700,6700
1471441437,32.1700,32.1700,32.1500,32.1500,2800
1471441443,32.1700,32.1700,32.1600,32.1600,5400
1471441551,32.1770,32.1770,32.1600,32.1700,3900
1471441588,32.1800,32.1800,32.1800,32.1800,1200
1471441626,32.2000,32.2000,32.1750,32.1800,6600
1471441710,32.1900,32.1900,32.1900,32.1900,400
1471441746,32.1600,32.1800,32.1600,32.1800,1900
1471441806,32.1500,32.1600,32.1500,32.1500,2200
1471441897,32.1600,32.1600,32.1550,32.1600,3900
1471441947,32.1600,32.1650,32.1600,32.1600,3400
1471442006,32.1500,32.1600,32.1400,32.1550,11400
1471442091,32.1600,32.1600,32.1500,32.1600,1300
1471442126,32.1700,32.1700,32.1550,32.1600,1800
1471442211,32.1700,32.1750,32.1650,32.1700,3800
1471442232,32.1600,32.1600,32.1600,32.1600,1800
1471442280,32.1500,32.1500,32.1450,32.1500,3500
1471442342,32.1500,32.1600,32.1500,32.1500,1100
1471442518,32.1100,32.1400,32.1100,32.1400,2200
1471442565,32.1275,32.1300,32.1150,32.1200,2800
1471442589,32.1200,32.1300,32.1100,32.1300,4400
1471442652,32.1200,32.1200,32.1200,32.1200,600
1471442759,32.0900,32.1200,32.0900,32.1200,5400
1471442767,32.1100,32.1100,32.0800,32.0900,5900
1471442849,32.1100,32.1100,32.1065,32.1065,2000
1471442896,32.1100,32.1150,32.1100,32.1150,400
1471442990,32.1050,32.1100,32.1000,32.1100,700
1471443054,32.1000,32.1000,32.1000,32.1000,100
1471443083,32.1100,32.1100,32.1050,32.1090,2700
1471443143,32.1200,32.1200,32.1100,32.1100,5400
1471443193,32.1250,32.1250,32.1200,32.1200,900
1471443255,32.1275,32.1275,32.1200,32.1200,900
1471443357,32.1250,32.1250,32.1200,32.1200,500
1471443382,32.1200,32.1300,32.1200,32.1250,1700
1471443479,32.1400,32.1400,32.1200,32.1201,6700
1471443481,32.1400,32.1400,32.1400,32.1400,200
1471443582,32.1500,32.1500,32.1400,32.1450,1200
1471443654,32.1200,32.1400,32.1200,32.1400,2000
1471443677,32.1200,32.1200,32.1200,32.1200,1000
1471443776,32.1150,32.1200,32.1100,32.1100,1300
1471443781,32.1200,32.1300,32.1050,32.1150,6300
1471443923,32.1100,32.1200,32.1100,32.1200,500
1471443980,32.1150,32.1200,32.1136,32.1136,1100
1471444096,32.1100,32.1100,32.1100,32.1100,1100
1471444198,32.1050,32.1050,32.1000,32.1000,500
1471444253,32.1300,32.1400,32.1100,32.1100,9100
1471444260,32.1400,32.1400,32.1400,32.1400,100
1471444336,32.1300,32.1350,32.1300,32.1350,46800
1471444427,32.1350,32.1400,32.1300,32.1300,1100
1471444497,32.1350,32.1350,32.1350,32.1350,100
1471444553,32.1350,32.1350,32.1350,32.1350,300
1471444617,32.1250,32.1300,32.1250,32.1300,1300
1471444626,32.1300,32.1300,32.1250,32.1250,1700
1471444731,32.1300,32.1400,32.1300,32.1400,800
1471444795,32.1100,32.1200,32.1100,32.1200,1200
1471444850,32.1199,32.1199,32.1100,32.1100,600
1471444912,32.1200,32.1200,32.1150,32.1150,500
1471444975,32.1200,32.1300,32.1100,32.1100,10300
1471445015,32.1136,32.1250,32.1100,32.1250,3000
1471445064,32.1150,32.1150,32.1150,32.1150,100
1471445146,32.1227,32.1227,32.1150,32.1150,4000
1471445169,32.1300,32.1300,32.1200,32.1200,24200
1471445255,32.1250,32.1300,32.1210,32.1250,800
1471445334,32.1300,32.1350,32.1200,32.1201,6500
1471445340,32.1200,32.1200,32.1200,32.1200,100
1471445458,32.1400,32.1600,32.1200,32.1250,21000
1471445499,32.1500,32.1500,32.1500,32.1500,600
1471445557,32.1408,32.1500,32.1401,32.1500,1200
1471445614,32.1450,32.1500,32.1400,32.1400,4600
1471445696,32.1400,32.1500,32.1400,32.1450,20600
1471445741,32.1400,32.1450,32.1400,32.1400,600
1471445776,32.1500,32.1500,32.1500,32.1500,600
1471445871,32.1400,32.1401,32.1400,32.1400,500
1471445921,32.1500,32.1500,32.1410,32.1500,4200
1471445995,32.1850,32.1900,32.1500,32.1500,13200
1471446038,32.1750,32.1800,32.1700,32.1800,1600
1471446078,32.1790,32.1800,32.1764,32.1764,1300
1471446126,32.1650,32.1800,32.1600,32.1800,6100
1471446186,32.1600,32.1600,32.1600,32.1600,100
1471446283,32.1486,32.1600,32.1486,32.1600,1600
1471446367,32.1450,32.1500,32.1400,32.1411,2400
1471446488,32.1400,32.1500,32.1400,32.1400,900
1471446546,32.1500,32.1500,32.1400,32.1400,500
1471446655,32.1400,32.1400,32.1300,32.1400,2400
1471446706,32.1300,32.1400,32.1300,32.1350,1300
1471446733,32.1400,32.1400,32.1350,32.1350,800
1471446782,32.1500,32.1500,32.1300,32.1300,4900
1471446860,32.1500,32.1600,32.1500,32.1550,700
1471446953,32.1600,32.1600,32.1500,32.1550,1400
1471447066,32.1650,32.1700,32.1600,32.1600,2300
1471447081,32.1600,32.1600,32.1600,32.1600,1500
1471447151,32.1600,32.1600,32.1550,32.1600,800
1471447318,32.1450,32.1500,32.1450,32.1500,3300
1471447380,32.1499,32.1500,32.1450,32.1450,700
1471447464,32.1400,32.1400,32.1400,32.1400,500
1471447541,32.1300,32.1300,32.1300,32.1300,200
1471447612,32.1400,32.1400,32.1300,32.1350,51700
1471447663,32.1400,32.1400,32.1300,32.1300,500
1471447735,32.1300,32.1350,32.1250,32.1300,8500
1471447776,32.1200,32.1300,32.1200,32.1300,3300
1471447809,32.1260,32.1260,32.1260,32.1260,100
1471447916,32.1299,32.1300,32.1200,32.1250,1800
1471447971,32.1300,32.1300,32.1250,32.1250,500
1471448001,32.1100,32.1200,32.1000,32.1200,10100
1471448082,32.1100,32.1100,32.1100,32.1100,100
1471448147,32.1099,32.1100,32.1000,32.1100,1000
1471448187,32.1100,32.1100,32.1000,32.1000,1300
1471448270,32.1050,32.1100,32.1050,32.1100,400
1471448339,32.0800,32.1000,32.0800,32.1000,3900
1471448340,32.0900,32.0900,32.0800,32.0800,4100
1471448449,32.1000,32.1000,32.0950,32.0950,1700
1471448528,32.1050,32.1099,32.1050,32.1099,400
1471448629,32.1350,32.1350,32.1100,32.1100,4700
1471448694,32.1300,32.1400,32.1300,32.1350,1800
1471448711,32.1390,32.1400,32.1390,32.1390,400
1471448774,32.1350,32.1400,32.1350,32.1350,900
1471448861,32.1350,32.1400,32.1350,32.1400,1200
1471448931,32.1363,32.1363,32.1300,32.1301,2500
1471448979,32.1300,32.1383,32.1300,32.1383,900
1471449019,32.1350,32.1350,32.1350,32.1350,300
1471449117,32.1400,32.1400,32.1300,32.1300,2100
1471449143,32.1300,32.1300,32.1300,32.1300,700
1471449252,32.1350,32.1350,32.1350,32.1350,100
1471449302,32.1350,32.1352,32.1350,32.1352,500
1471449367,32.1350,32.1350,32.1350,32.1350,500
1471449467,32.1400,32.1400,32.1350,32.1350,500
1471449538,32.1350,32.1350,32.1300,32.1300,600
1471449583,32.1300,32.1300,32.1300,32.1300,400
1471449636,32.1300,32.1300,32.1300,32.1300,100
1471449684,32.1300,32.1300,32.1300,32.1300,1100
1471449733,32.1200,32.1200,32.1200,32.1200,1500
1471449811,32.1190,32.1190,32.1100,32.1100,500
1471449936,32.1300,32.1300,32.1200,32.1200,4800
1471449960,32.1250,32.1300,32.1200,32.1200,900
1471450088,32.1294,32.1294,32.1294,32.1294,100
1471450154,32.1400,32.1400,32.1250,32.1258,2400
1471450207,32.1400,32.1400,32.1330,32.1330,800
1471450319,32.1300,32.1300,32.1300,32.1300,100
1471450365,32.1208,32.1300,32.1208,32.1300,2000
1471450428,32.1300,32.1300,32.1300,32.1300,1800
1471450454,32.1300,32.1300,32.1300,32.1300,100
1471450560,32.1490,32.1490,32.1350,32.1400,3500
1471450648,32.1450,32.1450,32.1450,32.1450,100
1471450747,32.1500,32.1500,32.1500,32.1500,1000
1471450932,32.1450,32.1450,32.1450,32.1450,300
1471451038,32.1400,32.1400,32.1400,32.1400,100
1471451095,32.1500,32.1500,32.1450,32.1500,3200
1471451158,32.1400,32.1500,32.1400,32.1500,2100
1471451184,32.1400,32.1400,32.1400,32.1400,100
1471451241,32.1500,32.1500,32.1500,32.1500,1100
1471451341,32.1500,32.1500,32.1450,32.1500,1900
1471451458,32.1540,32.1540,32.1540,32.1540,200
1471451633,32.1600,32.1600,32.1500,32.1559,1100
1471451674,32.1600,32.1600,32.1564,32.1600,1900
1471451732,32.1550,32.1600,32.1550,32.1600,800
1471451915,32.1600,32.1600,32.1600,32.1600,100
1471451998,32.1600,32.1600,32.1600,32.1600,3000
1471452019,32.1600,32.1600,32.1500,32.1600,500
1471452080,32.1600,32.1600,32.1600,32.1600,700
1471452195,32.1589,32.1589,32.1589,32.1589,100
1471452283,32.1600,32.1600,32.1593,32.1593,200
1471452321,32.1900,32.1900,32.1600,32.1600,7400
1471452365,32.1800,32.1900,32.1800,32.1900,2900
1471452474,32.2036,32.2100,32.1900,32.1900,3500
1471452513,32.2100,32.2100,32.2100,32.2100,200
1471452599,32.2200,32.2250,32.2090,32.2100,8000
1471452658,32.2600,32.2600,32.2200,32.2200,8500
1471452670,32.2600,32.2600,32.2500,32.2600,1100
1471452833,32.2500,32.2558,32.2500,32.2550,1700
1471452896,32.2500,32.2500,32.2500,32.2500,400
1471452928,32.2500,32.2600,32.2500,32.2500,3400
1471452961,32.2600,32.2600,32.2600,32.2600,500
1471453078,32.2600,32.2600,32.2550,32.2600,400
1471453118,32.2700,32.2700,32.2500,32.2550,3600
1471453187,32.2700,32.2700,32.2600,32.2600,200
1471453218,32.2700,32.2700,32.2700,32.2700,700
1471453412,32.2650,32.2650,32.2600,32.2600,2100
1471453482,32.2550,32.2550,32.2550,32.2550,100
1471453534,32.2500,32.2500,32.2500,32.2500,200
1471453614,32.2600,32.2600,32.2550,32.2550,3800
1471453662,32.2500,32.2500,32.2500,32.2500,1400
1471453726,32.2400,32.2400,32.2400,32.2400,600
1471453790,32.2300,32.2400,32.2300,32.2400,300
1471453852,32.2301,32.2301,32.2300,32.2300,200
1471453882,32.2300,32.2300,32.2300,32.2300,100
1471453970,32.2300,32.2300,32.2300,32.2300,200
1471454029,32.2400,32.2400,32.2300,32.2400,1000
1471454096,32.2400,32.2400,32.2300,32.2300,200
1471454143,32.2300,32.2300,32.2300,32.2300,1800
1471454168,32.2359,32.2359,32.2300,32.2300,600
1471454259,32.2300,32.2300,32.2300,32.2300,1200
1471454311,32.2300,32.2300,32.2300,32.2300,100
1471454372,32.2300,32.2300,32.2300,32.2300,200
1471454401,32.2200,32.2350,32.2200,32.2300,2000
1471454489,32.2300,32.2300,32.2300,32.2300,3400
1471454565,32.2300,32.2350,32.2300,32.2300,1600
1471454611,32.2300,32.2300,32.2300,32.2300,2200
1471454763,32.2200,32.2300,32.2200,32.2300,900
1471454903,32.2400,32.2400,32.2200,32.2200,3600
1471454972,32.2390,32.2400,32.2390,32.2400,800
1471455027,32.2400,32.2400,32.2400,32.2400,100
1471455177,32.2400,32.2400,32.2310,32.2310,800
1471455220,32.2400,32.2400,32.2400,32.2400,1600
1471455295,32.2500,32.2500,32.2400,32.2400,500
1471455354,32.2500,32.2563,32.2450,32.2500,2500
1471455414,32.2600,32.2600,32.2500,32.2500,600
1471455479,32.2700,32.2700,32.2600,32.2600,6000
1471455527,32.2900,32.3000,32.2800,32.2800,4200
1471455565,32.2900,32.3000,32.2900,32.3000,300
1471455601,32.3100,32.3150,32.3000,32.3000,1900
1471455685,32.3000,32.3100,32.3000,32.3100,900
1471455893,32.2800,32.2900,32.2800,32.2900,1900
1471455905,32.2800,32.2800,32.2800,32.2800,600
1471455968,32.2800,32.2800,32.2750,32.2800,2100
1471456226,32.2700,32.2800,32.2700,32.2800,700
1471456294,32.2700,32.2700,32.2700,32.2700,200
1471456361,32.2700,32.2700,32.2700,32.2700,200
1471456425,32.2700,32.2700,32.2700,32.2700,700
1471456456,32.2500,32.2700,32.2500,32.2700,2500
1471456520,32.2400,32.2400,32.2400,32.2400,200
1471456618,32.2400,32.2500,32.2400,32.2400,400
1471456647,32.2350,32.2400,32.2350,32.2400,1300
1471456736,32.2400,32.2500,32.2400,32.2400,4600
1471456740,32.2300,32.2400,32.2300,32.2400,900
1471456820,32.1800,32.2200,32.1800,32.2200,2200
1471456916,32.2400,32.2400,32.1800,32.1800,1900
1471456974,32.2400,32.2400,32.2300,32.2400,1200
1471457029,32.2700,32.2700,32.2371,32.2371,2300
1471457058,32.2800,32.2800,32.2700,32.2700,1600
1471457138,32.2600,32.2800,32.2600,32.2800,3600
1471457167,32.2700,32.2700,32.2600,32.2600,900
1471457277,32.2900,32.2900,32.2700,32.2700,2500
1471457341,32.2950,32.2950,32.2900,32.2900,1400
1471457408,32.3000,32.3000,32.2934,32.2934,2800
1471457472,32.3100,32.3100,32.3000,32.3000,2500
1471457567,32.3300,32.3400,32.3100,32.3100,4900
1471457637,32.4000,32.4000,32.3300,32.3300,11000
1471457697,32.4300,32.4300,32.4000,32.4000,3100
1471457754,32.4200,32.4400,32.4200,32.4400,4400
1471457761,32.4100,32.4200,32.4010,32.4200,4800
1471457877,32.4200,32.4300,32.4100,32.4100,5900
1471457937,32.4100,32.4200,32.4100,32.4200,4900
1471457999,32.4300,32.4300,32.4100,32.4100,5100
1471458058,32.4300,32.4500,32.4150,32.4300,8800
1471458119,32.4300,32.4300,32.4200,32.4300,5500
1471458178,32.4350,32.4400,32.4250,32.4300,3700
1471458239,32.4300,32.4400,32.4250,32.4400,5200
1471458297,32.4300,32.4300,32.4250,32.4300,4200
1471458358,32.4400,32.4400,32.4100,32.4300,7100
1471458419,32.4400,32.4400,32.4300,32.4300,6200
1471458477,32.4500,32.4500,32.4350,32.4400,4000
1471458538,32.4500,32.4650,32.4500,32.4500,7300
1471458599,32.4600,32.4600,32.4500,32.4500,7800
1471458600,32.4400,32.4700,32.4200,32.4537,7200
1471458719,32.4400,32.4400,32.4337,32.4337,3200
1471458778,32.4500,32.4500,32.4350,32.4400,7700
1471458838,32.4500,32.4500,32.4500,32.4500,3900
1471458898,32.4500,32.4500,32.4450,32.4500,5600
1471458958,32.4550,32.4600,32.4500,32.4500,5500
1471459019,32.4500,32.4600,32.4498,32.4600,4300
1471459079,32.4900,32.4900,32.4500,32.4500,11200
1471459139,32.5000,32.5000,32.4900,32.4900,6400
1471459192,32.4800,32.5000,32.4800,32.5000,9300
1471459252,32.4600,32.4800,32.4600,32.4800,1100
1471459270,32.4598,32.4598,32.4598,32.4598,100
1471459433,32.4500,32.4600,32.4500,32.4600,2500
1471459474,32.4300,32.4400,32.4250,32.4400,1200
1471459559,32.4400,32.4400,32.4300,32.4300,800
1471459594,32.4305,32.4400,32.4305,32.4400,400
1471459679,32.4500,32.4600,32.4400,32.4400,1600
1471459695,32.4500,32.4500,32.4500,32.4500,300
1471459761,32.4400,32.4400,32.4400,32.4400,300
1471459870,32.4200,32.4300,32.4200,32.4300,2500
1471459965,32.4027,32.4100,32.4016,32.4100,1200
1471460028,32.4200,32.4234,32.4037,32.4037,1900
1471460081,32.4163,32.4163,32.4163,32.4163,100
1471460113,32.4200,32.4200,32.4200,32.4200,300
1471460196,32.4300,32.4400,32.4300,32.4300,1100
1471460225,32.4200,32.4300,32.4200,32.4300,1000
1471460333,32.4200,32.4200,32.4200,32.4200,300
1471460346,32.4300,32.4300,32.4250,32.4300,1500
1471460445,32.4370,32.4399,32.4370,32.4399,500
1471460524,32.4200,32.4310,32.4200,32.4310,1900
1471460587,32.4200,32.4200,32.4200,32.4200,700
1471460699,32.4200,32.4200,32.4200,32.4200,400
1471460708,32.4350,32.4400,32.4300,32.4300,1600
1471460811,32.4500,32.4500,32.4400,32.4400,1000
1471460877,32.4400,32.4500,32.4350,32.4500,2300
1471460893,32.4300,32.4300,32.4300,32.4300,500
1471460977,32.4150,32.4200,32.4100,32.4200,1600
1471461011,32.4000,32.4250,32.4000,32.4200,4300
1471461075,32.3900,32.4027,32.3900,32.4027,1300
1471461144,32.4000,32.4000,32.3900,32.3900,500
1471461205,32.4050,32.4100,32.4000,32.4000,1700
1471461355,32.4000,32.4000,32.4000,32.4000,500
1471461391,32.3900,32.3900,32.3900,32.3900,100
1471461458,32.3900,32.3900,32.3900,32.3900,600
1471461492,32.4000,32.4000,32.3900,32.3900,1600
1471461581,32.4000,32.4050,32.4000,32.4000,1200
1471461627,32.3990,32.4000,32.3900,32.3910,4100
1471461676,32.4000,32.4000,32.3950,32.4000,1600
1471461779,32.4000,32.4100,32.4000,32.4000,1300
1471461839,32.4000,32.4000,32.4000,32.4000,1100
1471461879,32.3901,32.4000,32.3901,32.4000,1000
1471461901,32.4000,32.4000,32.4000,32.4000,3000
1471462015,32.4100,32.4100,32.3900,32.3900,1600
1471462037,32.3950,32.4050,32.3950,32.4050,1700
1471462138,32.4000,32.4000,32.3900,32.3900,1000
1471462154,32.4000,32.4200,32.3940,32.4000,10500
1471462259,32.4099,32.4100,32.4099,32.4100,700
1471462316,32.4050,32.4100,32.4050,32.4050,1000
1471462376,32.4050,32.4100,32.4000,32.4000,1000
1471462431,32.4000,32.4100,32.4000,32.4100,1100
1471462497,32.4000,32.4050,32.4000,32.4000,700
1471462559,32.3950,32.4080,32.3900,32.4080,3100
1471462613,32.4000,32.4000,32.4000,32.4000,1400
1471462629,32.3900,32.3900,32.3900,32.3900,3300
1471462687,32.3900,32.4000,32.3900,32.4000,2300
1471462841,32.4000,32.4000,32.3901,32.3901,2000
1471462860,32.4000,32.4000,32.3900,32.3900,300
1471462971,32.3901,32.3901,32.3901,32.3901,100
1471463016,32.3950,32.3950,32.3950,32.3950,200
1471463077,32.4000,32.4000,32.3900,32.3900,500
1471463159,32.4300,32.4300,32.3950,32.3950,13200
1471463204,32.4300,32.4300,32.4250,32.4300,1300
1471463222,32.4300,32.4300,32.4200,32.4250,1400
1471463335,32.4200,32.4250,32.4200,32.4250,1100
1471463340,32.4100,32.4200,32.4100,32.4200,4400
1471463456,32.4150,32.4200,32.4100,32.4100,3300
1471463461,32.4000,32.4150,32.4000,32.4150,6900
1471463579,32.3900,32.4000,32.3900,32.4000,2000
1471463635,32.3800,32.3950,32.3800,32.3900,2100
1471463678,32.3800,32.3801,32.3800,32.3800,700
1471463757,32.3800,32.3850,32.3800,32.3800,700
1471463760,32.3700,32.3800,32.3700,32.3800,6800
1471463875,32.3700,32.3800,32.3700,32.3700,4900
1471463939,32.3800,32.3800,32.3700,32.3700,1100
1471463940,32.3750,32.3900,32.3700,32.3800,20300
1471464000,32.3750,32.3750,32.3750,32.3750,100
