uri:/instrument/1.0/SNE/chartdata;type=quote;range=1d/csv
ticker:sne
Company-Name:Sony Corporation Common Stock
Exchange-Name:NYQ
unit:MIN
timezone:EDT
currency:USD
gmtoffset:-14400
previous_close:33.0400
Timestamp:1471008600,1471032000
labels:1471010400,1471014000,1471017600,1471021200,1471024800,1471028400,1471032000
values:Timestamp,close,high,low,open,volume
close:32.7500,32.9500
high:32.7600,32.9800
low:32.7400,32.9400
open:32.7500,32.9400
volume:100,32400
1471008775,32.9150,32.9150,32.8700,32.8700,12200
1471008785,32.8700,32.8700,32.8700,32.8700,300
1471008904,32.9500,32.9800,32.9400,32.9400,4200
1471008963,32.9100,32.9500,32.9100,32.9300,3400
1471009047,32.8900,32.8900,32.8900,32.8900,300
1471009137,32.8600,32.8800,32.8600,32.8800,500
1471009150,32.8900,32.8900,32.8700,32.8700,1300
1471009257,32.9100,32.9100,32.8600,32.8800,3400
1471009319,32.9000,32.9200,32.8900,32.8900,1200
1471009377,32.9300,32.9300,32.9000,32.9000,7200
1471009387,32.9300,32.9300,32.9200,32.9200,3000
1471009494,32.9000,32.9400,32.8900,32.9200,7700
1471009558,32.8800,32.8900,32.8800,32.8900,1900
1471009563,32.8800,32.8800,32.8650,32.8800,3900
1471009679,32.8500,32.8800,32.8500,32.8800,1300
1471009774,32.8350,32.8500,32.8350,32.8500,1200
1471009839,32.8300,32.8300,32.8300,32.8300,2000
1471009919,32.8200,32.8372,32.8200,32.8300,3300
1471009957,32.8600,32.8600,32.8300,32.8300,5000
1471009992,32.8600,32.8700,32.8600,32.8700,500
1471010080,32.8600,32.8600,32.8600,32.8600,600
1471010159,32.8600,32.8700,32.8600,32.8700,200
1471010184,32.8500,32.8511,32.8500,32.8501,1000
1471010227,32.8600,32.8600,32.8600,32.8600,900
1471010316,32.8600,32.8600,32.8500,32.8500,900
1471010346,32.8600,32.8650,32.8600,32.8600,1200
1471010436,32.8500,32.8700,32.8500,32.8600,900
1471010484,32.8600,32.8600,32.8600,32.8600,800
1471010543,32.8600,32.8600,32.8600,32.8600,1300
1471010634,32.8700,32.8800,32.8600,32.8600,5800
1471010655,32.8500,32.8700,32.8500,32.8700,2100
1471010752,32.8300,32.8500,32.8300,32.8500,4300
1471010799,32.8200,32.8200,32.8200,32.8200,3900
1471010874,32.8200,32.8234,32.8200,32.8234,800
1471010891,32.8100,32.8100,32.8100,32.8100,700
1471010993,32.8100,32.8100,32.8100,32.8100,700
1471011048,32.8100,32.8100,32.8100,32.8100,600
1471011106,32.7900,32.7900,32.7900,32.7900,400
1471011237,32.8066,32.8066,32.8000,32.8000,2400
1471011252,32.8050,32.8050,32.8000,32.8000,500
1471011358,32.8100,32.8100,32.8000,32.8000,1500
1471011468,32.8050,32.8100,32.8000,32.8100,600
1471011535,32.8000,32.8050,32.8000,32.8000,1700
1471011595,32.8000,32.8100,32.8000,32.8100,5500
1471011656,32.8000,32.8000,32.8000,32.8000,4400
1471011706,32.8100,32.8100,32.8000,32.8000,6300
1471011734,32.8000,32.8050,32.8000,32.8050,900
1471011839,32.8000,32.8000,32.8000,32.8000,1300
1471011848,32.8000,32.8000,32.7950,32.8000,1500
1471011951,32.8000,32.8000,32.8000,32.8000,300
1471012013,32.8000,32.8000,32.8000,32.8000,4900
1471012020,32.7700,32.8007,32.7600,32.8007,17100
1471012136,32.7650,32.7700,32.7650,32.7700,2700
1471012186,32.7600,32.7600,32.7600,32.7600,200
1471012280,32.7600,32.7650,32.7600,32.7650,500
1471012471,32.7500,32.7600,32.7500,32.7550,8900
1471012543,32.7800,32.7800,32.7400,32.7500,15600
1471012618,32.7800,32.7800,32.7800,32.7800,100
1471012683,32.7899,32.7899,32.7850,32.7850,200
1471012858,32.7800,32.7800,32.7800,32.7800,600
1471012953,32.7900,32.7900,32.7900,32.7900,100
1471012986,32.7800,32.7800,32.7800,32.7800,200
1471013127,32.7800,32.7800,32.7800,32.7800,13300
1471013167,32.8200,32.8200,32.7900,32.7900,7500
1471013245,32.8200,32.8200,32.8200,32.8200,100
1471013291,32.8300,32.8300,32.8250,32.8250,200
1471013398,32.8250,32.8250,32.8210,32.8210,300
1471013459,32.8200,32.8232,32.8200,32.8232,3300
1471013492,32.8200,32.8200,32.8200,32.8200,200
1471013551,32.8534,32.8534,32.8500,32.8500,3500
1471013630,32.8300,32.8500,32.8300,32.8500,4400
1471013699,32.8250,32.8300,32.8200,32.8300,2800
1471013700,32.8200,32.8300,32.8200,32.8300,500
1471013792,32.8300,32.8300,32.7900,32.8200,28200
1471013865,32.8450,32.8450,32.8250,32.8250,1800
1471013880,32.8500,32.8500,32.8450,32.8450,1500
1471013974,32.8550,32.8550,32.8550,32.8550,100
1471014003,32.8600,32.8600,32.8550,32.8550,600
1471014113,32.8550,32.8550,32.8500,32.8550,2400
1471014176,32.8550,32.8550,32.8500,32.8550,400
1471014229,32.8500,32.8500,32.8500,32.8500,200
1471014253,32.8500,32.8550,32.8500,32.8500,9900
1471014417,32.8508,32.8508,32.8500,32.8500,700
1471014479,32.8550,32.8550,32.8500,32.8500,300
1471014529,32.8650,32.8700,32.8500,32.8500,4100
1471014546,32.8600,32.8600,32.8600,32.8600,400
1471014620,32.8500,32.8600,32.8500,32.8600,4400
1471014754,32.8500,32.8500,32.8500,32.8500,600
1471014832,32.8657,32.8657,32.8500,32.8500,900
1471014855,32.8600,32.8600,32.8600,32.8600,700
1471015019,32.8600,32.8665,32.8600,32.8665,800
1471015029,32.8600,32.8600,32.8600,32.8600,100
1471015085,32.8600,32.8600,32.8600,32.8600,200
1471015242,32.8600,32.8600,32.8600,32.8600,100
1471015317,32.8600,32.8600,32.8600,32.8600,100
1471015440,32.8600,32.8600,32.8600,32.8600,400
1471015527,32.8643,32.8643,32.8600,32.8600,400
1471015608,32.8600,32.8600,32.8600,32.8600,1000
1471015652,32.8600,32.8600,32.8600,32.8600,200
1471015730,32.8600,32.8700,32.8600,32.8666,2100
1471015741,32.8600,32.8600,32.8600,32.8600,300
1471015884,32.8600,32.8600,32.8600,32.8600,600
1471015926,32.8600,32.8700,32.8600,32.8600,700
1471016045,32.8500,32.8635,32.8500,32.8635,2400
1471016214,32.8400,32.8501,32.8400,32.8501,4100
1471016272,32.8300,32.8400,32.8300,32.8400,4900
1471016320,32.8300,32.8301,32.8300,32.8301,600
1471016363,32.8200,32.8300,32.8200,32.8300,5700
1471016452,32.8100,32.8200,32.8100,32.8200,2800
1471016503,32.8000,32.8100,32.8000,32.8100,1500
1471016530,32.8000,32.8100,32.8000,32.8000,400
1471016629,32.8040,32.8040,32.8000,32.8000,1500
1471016791,32.8142,32.8142,32.8142,32.8142,700
1471016934,32.8100,32.8164,32.8100,32.8164,300
1471016941,32.8100,32.8100,32.8100,32.8100,1000
1471017197,32.8099,32.8099,32.8099,32.8099,200
1471017296,32.7800,32.8000,32.7800,32.8000,4200
1471017359,32.7900,32.7900,32.7750,32.7800,7900
1471017399,32.8000,32.8000,32.8000,32.8000,1800
1471017438,32.8100,32.8100,32.8000,32.8000,400
1471017690,32.8000,32.8000,32.8000,32.8000,200
1471017790,32.8200,32.8264,32.8200,32.8264,2400
1471017851,32.8200,32.8200,32.8200,32.8200,1900
1471017915,32.8100,32.8200,32.8100,32.8200,1100
1471018009,32.7900,32.8100,32.7900,32.8100,3700
1471018023,32.7900,32.7900,32.7900,32.7900,2200
1471018137,32.8000,32.8000,32.7850,32.7900,2300
1471018145,32.8000,32.8000,32.8000,32.8000,900
1471018295,32.8021,32.8021,32.8021,32.8021,100
1471018323,32.8050,32.8064,32.8050,32.8064,700
1471018537,32.8000,32.8000,32.8000,32.8000,2300
1471018566,32.7900,32.7900,32.7900,32.7900,100
1471018670,32.7900,32.7950,32.7900,32.7950,900
1471018737,32.7840,32.7900,32.7800,32.7900,4700
1471018780,32.7800,32.7800,32.7800,32.7800,600
1471018920,32.8000,32.8000,32.7800,32.7900,4200
1471019156,32.7900,32.8000,32.7850,32.7900,5100
1471019212,32.8000,32.8000,32.7900,32.7900,5200
1471019237,32.8050,32.8050,32.8050,32.8050,200
1471019348,32.8000,32.8000,32.8000,32.8000,2900
1471019416,32.8000,32.8000,32.8000,32.8000,100
1471019490,32.8200,32.8200,32.8100,32.8100,6300
1471019523,32.8200,32.8200,32.8200,32.8200,200
1471019580,32.8201,32.8300,32.8200,32.8250,800
1471019647,32.8200,32.8201,32.8200,32.8201,500
1471019777,32.8200,32.8200,32.8200,32.8200,100
1471019872,32.8300,32.8300,32.8250,32.8300,600
1471019895,32.8200,32.8200,32.8200,32.8200,100
1471020134,32.8200,32.8250,32.8200,32.8200,500
1471020416,32.8200,32.8200,32.8200,32.8200,1000
1471020479,32.8100,32.8150,32.8100,32.8100,2500
1471020485,32.8150,32.8150,32.8100,32.8100,300
1471020595,32.8150,32.8150,32.8150,32.8150,200
1471020606,32.8150,32.8150,32.8100,32.8150,900
1471020678,32.8150,32.8150,32.8150,32.8150,200
1471020779,32.8150,32.8150,32.8100,32.8100,1400
1471020785,32.8100,32.8200,32.8050,32.8100,4000
1471020941,32.8150,32.8150,32.8150,32.8150,100
1471021078,32.8200,32.8300,32.8200,32.8200,1500
1471021098,32.8250,32.8250,32.8200,32.8200,300
1471021178,32.8220,32.8220,32.8200,32.8200,200
1471021216,32.8000,32.8200,32.8000,32.8200,4400
1471021278,32.8000,32.8000,32.8000,32.8000,300
1471021367,32.8000,32.8100,32.8000,32.8100,500
1471021388,32.7839,32.8000,32.7800,32.8000,3400
1471021494,32.7800,32.7800,32.7800,32.7800,700
1471021521,32.7749,32.7800,32.7700,32.7800,1500
1471021571,32.7700,32.7700,32.7700,32.7700,400
1471021710,32.7736,32.7736,32.7736,32.7736,200
1471021786,32.7801,32.7801,32.7800,32.7800,3000
1471021812,32.7800,32.7800,32.7800,32.7800,200
1471021971,32.8003,32.8100,32.7900,32.7900,2100
1471022038,32.7970,32.8000,32.7900,32.8000,6300
1471022040,32.7900,32.7900,32.7900,32.7900,800
1471022218,32.7900,32.7905,32.7900,32.7905,900
1471022279,32.7900,32.7900,32.7900,32.7900,900
1471022289,32.7900,32.7999,32.7850,32.7999,5600
1471022469,32.7900,32.7900,32.7900,32.7900,1100
1471022664,32.7900,32.7900,32.7900,32.7900,300
1471022767,32.7900,32.7900,32.7900,32.7900,200
1471022932,32.8050,32.8100,32.7950,32.8000,3000
1471022943,32.8100,32.8100,32.8000,32.8050,500
1471023334,32.8000,32.8000,32.8000,32.8000,100
1471023532,32.8000,32.8050,32.8000,32.8000,1200
1471023612,32.8050,32.8050,32.8050,32.8050,300
1471023679,32.8000,32.8000,32.8000,32.8000,100
1471023882,32.8052,32.8052,32.8052,32.8052,200
1471023923,32.8050,32.8050,32.8000,32.8000,600
1471024002,32.8000,32.8000,32.8000,32.8000,500
1471024078,32.8000,32.8000,32.8000,32.8000,2200
1471024098,32.7900,32.7950,32.7900,32.7915,1300
1471024212,32.7900,32.7961,32.7900,32.7900,2500
1471024317,32.7900,32.7900,32.7800,32.7800,300
1471024376,32.7900,32.7900,32.7900,32.7900,1800
1471024482,32.7900,32.7900,32.7900,32.7900,400
1471024531,32.7950,32.7950,32.7900,32.7900,300
1471024617,32.8000,32.8000,32.8000,32.8000,100
1471024669,32.8000,32.8000,32.8000,32.8000,1400
1471024680,32.8000,32.8000,32.8000,32.8000,200
1471024749,32.8000,32.8000,32.8000,32.8000,800
1471024969,32.8000,32.8000,32.8000,32.8000,700
1471025021,32.8000,32.8000,32.8000,32.8000,700
1471025061,32.8000,32.8056,32.8000,32.8056,700
1471025212,32.8000,32.8000,32.8000,32.8000,100
1471025236,32.8001,32.8001,32.8000,32.8000,500
1471025293,32.8000,32.8000,32.8000,32.8000,100
1471025354,32.8000,32.8000,32.8000,32.8000,500
1471025471,32.8050,32.8050,32.8050,32.8050,100
1471025585,32.8050,32.8050,32.8050,32.8050,1700
1471025754,32.8100,32.8166,32.8100,32.8166,800
1471025761,32.8150,32.8150,32.8150,32.8150,400
1471025938,32.8000,32.8110,32.8000,32.8110,5100
1471025944,32.7925,32.8000,32.7900,32.8000,1800
1471026158,32.7900,32.7963,32.7900,32.7963,1700
1471026188,32.7900,32.7900,32.7900,32.7900,100
1471026344,32.8100,32.8100,32.7950,32.8000,5200
1471026452,32.8000,32.8050,32.8000,32.8050,300
1471026517,32.8100,32.8100,32.8050,32.8050,1300
1471026569,32.8299,32.8299,32.8200,32.8200,3200
1471026658,32.8150,32.8300,32.8100,32.8250,5000
1471026670,32.8300,32.8400,32.8200,32.8200,3500
1471026762,32.8450,32.8500,32.8350,32.8350,4400
1471026783,32.8500,32.8500,32.8450,32.8500,400
1471026894,32.8400,32.8500,32.8400,32.8500,900
1471026943,32.8300,32.8400,32.8300,32.8400,900
1471027013,32.8350,32.8350,32.8300,32.8300,200
1471027051,32.8300,32.8300,32.8300,32.8300,100
1471027121,32.8400,32.8450,32.8300,32.8300,6200
1471027220,32.8500,32.8550,32.8450,32.8450,4600
1471027279,32.8450,32.8450,32.8400,32.8400,800
1471027438,32.8400,32.8600,32.8400,32.8500,5300
1471027460,32.8500,32.8500,32.8500,32.8500,100
1471027701,32.8500,32.8500,32.8400,32.8400,200
1471027764,32.8400,32.8400,32.8400,32.8400,100
1471027855,32.8427,32.8450,32.8400,32.8400,400
1471027942,32.8500,32.8500,32.8400,32.8400,300
1471027982,32.8500,32.8500,32.8400,32.8500,6900
1471028080,32.8400,32.8500,32.8400,32.8500,1900
1471028105,32.8300,32.8400,32.8300,32.8400,4200
1471028168,32.8327,32.8400,32.8327,32.8400,400
1471028323,32.8300,32.8300,32.8300,32.8300,100
1471028399,32.8300,32.8350,32.8300,32.8350,300
1471028456,32.8400,32.8400,32.8300,32.8300,2200
1471028470,32.8400,32.8400,32.8400,32.8400,100
1471028610,32.8300,32.8450,32.8300,32.8450,1200
1471028737,32.8300,32.8300,32.8300,32.8300,400
1471028979,32.8301,32.8301,32.8301,32.8301,100
1471029007,32.8300,32.8300,32.8300,32.8300,100
1471029117,32.8300,32.8300,32.8300,32.8300,4500
1471029124,32.8000,32.8300,32.7800,32.8300,23400
1471029181,32.8100,32.8100,32.8000,32.8000,11900
1471029298,32.8000,32.8050,32.8000,32.8000,4100
1471029353,32.8000,32.8000,32.7900,32.7900,900
1471029392,32.7961,32.7961,32.7961,32.7961,200
1471029487,32.8000,32.8000,32.8000,32.8000,2500
1471029588,32.8080,32.8080,32.8000,32.8000,800
1471029609,32.7900,32.7900,32.7900,32.7900,1000
1471029663,32.7800,32.7800,32.7800,32.7800,100
1471029811,32.8000,32.8000,32.7850,32.7900,5000
1471029890,32.8000,32.8000,32.8000,32.8000,100
1471029951,32.8050,32.8099,32.8000,32.8072,500
1471029965,32.8000,32.8000,32.8000,32.8000,200
1471030022,32.8000,32.8000,32.8000,32.8000,1300
1471030122,32.8000,32.8000,32.8000,32.8000,300
1471030187,32.8000,32.8000,32.7950,32.8000,1400
1471030224,32.8050,32.8050,32.8050,32.8050,100
1471030307,32.7900,32.7900,32.7900,32.7900,100
1471030360,32.8100,32.8100,32.7950,32.8000,900
1471030416,32.8100,32.8100,32.8000,32.8100,1300
1471030455,32.8000,32.8050,32.8000,32.8050,500
1471030507,32.8000,32.8050,32.8000,32.8000,2500
1471030577,32.8100,32.8100,32.8100,32.8100,2300
1471030660,32.8100,32.8100,32.8100,32.8100,1500
1471030708,32.8000,32.8100,32.8000,32.8100,1300
1471030796,32.8050,32.8100,32.8050,32.8100,200
1471030857,32.8000,32.8000,32.8000,32.8000,300
1471030896,32.8000,32.8000,32.8000,32.8000,1200
1471030933,32.8200,32.8200,32.8100,32.8100,5600
1471031150,32.8300,32.8300,32.8100,32.8100,9100
1471031165,32.8250,32.8250,32.8250,32.8250,800
1471031278,32.8200,32.8250,32.8200,32.8200,600
1471031297,32.8200,32.8250,32.8200,32.8200,900
1471031404,32.8200,32.8284,32.8200,32.8200,1400
1471031486,32.8299,32.8299,32.8200,32.8200,500
1471031575,32.8200,32.8299,32.8200,32.8200,900
1471031589,32.8200,32.8250,32.8200,32.8250,300
1471031660,32.8100,32.8200,32.8100,32.8200,1600
1471031740,32.8200,32.8200,32.8104,32.8104,2900
1471031812,32.8400,32.8400,32.8300,32.8350,19700
1471031878,32.8251,32.8251,32.8200,32.8200,3700
1471031921,32.8300,32.8300,32.8300,32.8300,1300
1471031986,32.8200,32.8200,32.8200,32.8200,8500
1471032000,32.8200,32.8200,32.8200,32.8200,32400
