uri:/instrument/1.0/GDX/chartdata;type=quote;range=1d/csv
ticker:gdx
Company-Name:VanEck Vectors Gold Miners ETF
Exchange-Name:PCX
unit:MIN
timezone:EDT
currency:USD
gmtoffset:-14400
previous_close:31.0400
Timestamp:1471008600,1471032000
labels:1471010400,1471014000,1471017600,1471021200,1471024800,1471028400,1471032000
values:Timestamp,close,high,low,open,volume
close:30.9500,31.7450
high:30.9700,31.7900
low:30.9200,31.7200
open:30.9400,31.7800
volume:8100,1917700
1471008623,31.6800,31.7900,31.6800,31.7800,1917700
1471008670,31.7000,31.7200,31.6700,31.6700,426800
1471008779,31.6200,31.7000,31.6050,31.7000,300800
1471008839,31.5600,31.6200,31.5600,31.6200,192800
1471008898,31.6799,31.7099,31.5600,31.5603,267200
1471008959,31.7000,31.7100,31.6150,31.6800,230800
1471009018,31.7400,31.7470,31.6900,31.6900,114100
1471009079,31.7300,31.7521,31.6900,31.7400,176100
1471009139,31.7148,31.7400,31.7000,31.7250,127500
1471009199,31.7201,31.7400,31.6900,31.7200,158300
1471009200,31.7301,31.7550,31.7200,31.7300,159600
1471009318,31.6900,31.7400,31.6700,31.7300,131300
1471009322,31.6800,31.7258,31.6800,31.6900,56300
1471009380,31.6400,31.6800,31.6200,31.6799,101000
1471009496,31.6332,31.6500,31.6200,31.6400,128800
1471009500,31.6575,31.6650,31.6200,31.6400,94900
1471009560,31.6800,31.6900,31.6600,31.6600,73700
1471009679,31.7150,31.7184,31.6600,31.6900,112100
1471009738,31.6700,31.7200,31.6700,31.7100,94600
1471009799,31.6900,31.6950,31.6600,31.6700,86100
1471009859,31.6850,31.7199,31.6800,31.6900,98100
1471009919,31.6500,31.7000,31.6500,31.6899,53500
1471009977,31.6590,31.6700,31.6400,31.6500,111900
1471010039,31.6600,31.6600,31.6450,31.6500,71600
1471010097,31.6700,31.6700,31.6300,31.6600,44600
1471010159,31.7000,31.7100,31.6600,31.6700,98900
1471010161,31.6800,31.7000,31.6800,31.7000,30700
1471010278,31.6900,31.7011,31.6700,31.6800,59000
1471010280,31.6950,31.7000,31.6900,31.6900,71100
1471010399,31.6700,31.7000,31.6450,31.6900,64700
1471010458,31.7100,31.7400,31.6700,31.6700,214300
1471010519,31.7450,31.7450,31.7000,31.7150,252100
1471010579,31.7300,31.7450,31.7150,31.7450,53600
1471010639,31.6700,31.7386,31.6600,31.7301,101400
1471010693,31.6300,31.6900,31.6150,31.6700,100300
1471010759,31.6600,31.6900,31.6400,31.6400,66100
1471010818,31.6550,31.6900,31.6450,31.6600,64400
1471010820,31.6800,31.6900,31.6600,31.6600,29200
1471010939,31.6500,31.6950,31.6500,31.6800,37100
1471010999,31.5900,31.6600,31.5800,31.6500,84400
1471011000,31.5800,31.5990,31.5600,31.5900,131400
1471011061,31.4600,31.5700,31.4600,31.5700,199200
1471011179,31.5300,31.5300,31.4601,31.4700,138300
1471011180,31.5550,31.5550,31.5100,31.5300,44300
1471011299,31.5600,31.5800,31.5500,31.5500,85300
1471011357,31.5600,31.5900,31.5500,31.5600,54300
1471011418,31.5600,31.5600,31.5400,31.5600,23700
1471011420,31.6335,31.6350,31.5600,31.5700,77000
1471011538,31.6000,31.6300,31.5900,31.6300,66200
1471011540,31.6000,31.6300,31.5950,31.6100,39600
1471011657,31.6200,31.6400,31.6000,31.6000,70900
1471011719,31.6000,31.6300,31.5900,31.6200,35500
1471011778,31.6000,31.6200,31.5901,31.6000,32300
1471011839,31.6001,31.6200,31.5800,31.5900,45000
1471011897,31.5900,31.6100,31.5800,31.6100,61600
1471011959,31.5900,31.6000,31.5800,31.5800,34900
1471011961,31.5950,31.6200,31.5900,31.5900,45500
1471012077,31.6000,31.6050,31.5700,31.5900,65100
1471012138,31.5700,31.6050,31.5700,31.6000,42200
1471012199,31.5400,31.5699,31.5400,31.5600,58100
1471012259,31.5000,31.5400,31.5000,31.5400,35300
1471012261,31.5000,31.5400,31.5000,31.5100,38600
1471012320,31.4800,31.5100,31.4600,31.5100,105300
1471012437,31.5150,31.5300,31.4700,31.4700,75600
1471012497,31.5450,31.5450,31.5100,31.5200,45700
1471012501,31.5400,31.5500,31.5300,31.5450,43400
1471012617,31.5300,31.5464,31.5200,31.5400,45700
1471012679,31.5200,31.5400,31.5150,31.5400,46300
1471012737,31.5000,31.5200,31.4950,31.5200,20100
1471012797,31.5050,31.5300,31.5050,31.5100,63000
1471012858,31.5400,31.5400,31.5100,31.5200,24800
1471012919,31.5300,31.5600,31.5300,31.5400,88700
1471012920,31.5190,31.5500,31.5190,31.5300,63900
1471013034,31.4750,31.5150,31.4600,31.5150,59700
1471013098,31.4565,31.4800,31.4450,31.4750,35700
1471013159,31.4600,31.4600,31.4400,31.4567,36100
1471013219,31.4400,31.4850,31.4400,31.4592,120400
1471013277,31.4050,31.4401,31.4000,31.4400,66000
1471013281,31.4100,31.4300,31.4100,31.4150,55000
1471013399,31.4327,31.4400,31.4000,31.4100,106000
1471013459,31.4650,31.4650,31.4300,31.4350,61900
1471013519,31.4600,31.4700,31.4500,31.4700,40400
1471013579,31.4600,31.4750,31.4500,31.4600,36100
1471013638,31.4500,31.4700,31.4300,31.4550,57700
1471013697,31.4700,31.4900,31.4450,31.4450,44200
1471013757,31.4400,31.4700,31.4300,31.4600,72700
1471013813,31.4400,31.4500,31.4300,31.4400,52300
1471013878,31.4800,31.4800,31.4400,31.4450,60600
1471013939,31.5300,31.5400,31.4700,31.4800,100200
1471013999,31.4701,31.5301,31.4701,31.5300,45900
1471014059,31.5100,31.5100,31.4601,31.4800,66800
1471014119,31.5100,31.5100,31.4850,31.5000,26900
1471014178,31.5100,31.5150,31.4800,31.5100,43000
1471014180,31.5500,31.5500,31.5000,31.5100,31000
1471014299,31.5800,31.5900,31.5450,31.5500,89800
1471014359,31.5950,31.5950,31.5800,31.5899,34900
1471014416,31.5800,31.5950,31.5700,31.5900,56400
1471014478,31.5500,31.5900,31.5400,31.5900,43700
1471014480,31.5500,31.5650,31.5500,31.5500,29800
1471014599,31.5600,31.5700,31.5500,31.5599,33500
1471014659,31.5600,31.5600,31.5400,31.5550,53100
1471014718,31.5650,31.5800,31.5550,31.5600,37000
1471014721,31.5800,31.5850,31.5650,31.5650,34600
1471014838,31.5900,31.5900,31.5650,31.5700,57700
1471014897,31.6000,31.6100,31.5963,31.6000,44100
1471014959,31.6050,31.6100,31.6000,31.6050,23300
1471015017,31.5900,31.6200,31.5800,31.6050,80900
1471015078,31.5450,31.5900,31.5400,31.5800,113900
1471015139,31.5650,31.5650,31.5400,31.5400,53500
1471015196,31.5400,31.5600,31.5400,31.5600,27800
1471015259,31.5565,31.5650,31.5465,31.5500,10800
1471015318,31.5500,31.5600,31.5400,31.5500,22100
1471015322,31.5300,31.5450,31.5200,31.5450,31400
1471015436,31.5369,31.5500,31.5350,31.5400,26900
1471015499,31.5400,31.5650,31.5400,31.5400,36600
1471015558,31.5300,31.5450,31.5250,31.5400,19800
1471015617,31.5200,31.5299,31.4950,31.5261,38100
1471015675,31.5390,31.5390,31.5150,31.5160,25500
1471015682,31.5500,31.5590,31.5300,31.5400,54100
1471015797,31.5499,31.5499,31.5400,31.5427,13100
1471015859,31.5550,31.5600,31.5400,31.5500,29200
1471015909,31.5437,31.5550,31.5400,31.5550,37500
1471015979,31.5500,31.5500,31.5400,31.5450,25700
1471015981,31.5400,31.5500,31.5300,31.5400,57600
1471016094,31.5400,31.5400,31.5200,31.5400,34700
1471016159,31.5450,31.5500,31.5350,31.5400,55700
1471016219,31.5500,31.5600,31.5440,31.5450,58000
1471016222,31.5325,31.5500,31.5300,31.5400,36400
1471016338,31.5450,31.5500,31.5400,31.5400,23500
1471016398,31.5500,31.5500,31.5300,31.5499,90600
1471016459,31.5450,31.5500,31.5300,31.5500,62800
1471016518,31.5450,31.5500,31.5450,31.5450,21000
1471016577,31.5450,31.5500,31.5350,31.5500,58000
1471016633,31.5700,31.5800,31.5450,31.5450,49100
1471016694,31.5450,31.5750,31.5450,31.5700,56800
1471016706,31.5200,31.5550,31.5200,31.5500,116600
1471016818,31.5200,31.5350,31.5100,31.5300,50900
1471016879,31.5400,31.5450,31.5250,31.5288,74500
1471016933,31.5450,31.5450,31.5300,31.5450,27900
1471016999,31.5250,31.5490,31.5200,31.5400,39400
1471017055,31.5200,31.5350,31.5200,31.5300,39200
1471017061,31.5260,31.5300,31.5100,31.5200,60400
1471017178,31.5150,31.5300,31.5150,31.5250,12000
1471017237,31.5150,31.5200,31.5000,31.5100,44900
1471017242,31.5350,31.5400,31.5100,31.5170,52900
1471017353,31.5200,31.5450,31.5200,31.5400,89200
1471017412,31.5150,31.5200,31.5100,31.5200,14600
1471017474,31.5150,31.5200,31.5150,31.5200,50900
1471017539,31.5290,31.5290,31.5050,31.5100,82200
1471017597,31.5400,31.5500,31.5100,31.5280,90200
1471017655,31.5100,31.5400,31.5050,31.5400,33800
1471017712,31.4840,31.5050,31.4600,31.5050,103100
1471017720,31.4750,31.4800,31.4600,31.4800,59400
1471017838,31.4300,31.4750,31.4300,31.4700,96800
1471017898,31.3900,31.4400,31.3900,31.4400,149700
1471017957,31.3200,31.4050,31.3000,31.4000,286200
1471018019,31.3600,31.3600,31.3200,31.3200,78200
1471018078,31.3600,31.3650,31.3350,31.3600,49200
1471018138,31.3150,31.3600,31.2900,31.3600,205900
1471018140,31.3050,31.3300,31.2984,31.3250,85400
1471018259,31.3150,31.3250,31.3100,31.3100,64900
1471018260,31.2900,31.3100,31.2737,31.3100,77000
1471018321,31.2900,31.3100,31.2850,31.2900,61500
1471018439,31.2600,31.2965,31.2500,31.2900,53700
1471018498,31.2700,31.2900,31.2600,31.2605,65600
1471018559,31.2400,31.2750,31.2300,31.2700,141100
1471018619,31.2000,31.2400,31.1800,31.2350,194900
1471018679,31.2200,31.2400,31.1950,31.2000,95900
1471018680,31.2400,31.2500,31.2250,31.2250,59400
1471018799,31.1901,31.2300,31.1900,31.2300,112900
1471018858,31.1500,31.2000,31.1400,31.1900,206200
1471018918,31.1500,31.1500,31.1300,31.1400,156000
1471018977,31.1300,31.1500,31.1101,31.1400,198700
1471019039,31.1299,31.1300,31.1100,31.1200,83700
1471019095,31.1400,31.1400,31.1200,31.1250,67000
1471019102,31.1500,31.1500,31.1350,31.1400,59300
1471019160,31.1600,31.1800,31.1500,31.1500,96300
1471019279,31.1400,31.1600,31.1227,31.1600,48000
1471019339,31.1600,31.1600,31.1300,31.1400,56800
1471019397,31.1850,31.1900,31.1600,31.1650,37800
1471019459,31.1868,31.1900,31.1750,31.1850,46300
1471019515,31.2200,31.2350,31.1872,31.1900,69200
1471019520,31.2250,31.2500,31.2100,31.2200,99900
1471019639,31.2100,31.2500,31.2100,31.2300,85100
1471019641,31.2050,31.2150,31.1800,31.2150,71900
1471019759,31.2162,31.2229,31.2000,31.2050,23100
1471019819,31.1700,31.2200,31.1675,31.2200,73500
1471019876,31.1750,31.1800,31.1500,31.1600,46200
1471019939,31.1500,31.1800,31.1500,31.1800,34700
1471019995,31.1799,31.1800,31.1500,31.1500,48000
1471020059,31.1699,31.1900,31.1650,31.1800,44200
1471020118,31.2000,31.2050,31.1650,31.1700,45200
1471020177,31.2100,31.2300,31.1937,31.2000,104400
1471020239,31.1900,31.2000,31.1800,31.2000,70700
1471020242,31.1899,31.2000,31.1800,31.1900,59000
1471020359,31.1700,31.1900,31.1500,31.1887,31900
1471020419,31.1500,31.1700,31.1400,31.1700,102700
1471020478,31.0800,31.1550,31.0700,31.1471,136300
1471020539,30.9500,31.0900,30.9200,31.0800,706200
1471020599,30.9750,30.9950,30.9400,30.9400,146300
1471020600,31.0100,31.0200,30.9700,30.9800,77500
1471020719,31.0750,31.0800,31.0100,31.0200,85200
1471020779,31.0520,31.0850,31.0450,31.0799,57300
1471020839,31.0600,31.0790,31.0500,31.0500,60500
1471020899,31.0600,31.0900,31.0600,31.0600,91100
1471020957,31.0500,31.0700,31.0400,31.0600,80300
1471020961,31.0000,31.0600,30.9900,31.0500,106200
1471021079,31.0150,31.0300,30.9900,31.0000,79900
1471021139,31.0100,31.0200,31.0000,31.0200,19600
1471021199,31.0210,31.0550,31.0200,31.0200,75100
1471021255,31.0090,31.0300,31.0000,31.0300,81500
1471021317,30.9951,31.0000,30.9700,31.0000,34800
1471021379,31.0000,31.0200,30.9800,30.9950,74900
1471021439,30.9800,31.0100,30.9700,31.0000,65600
1471021498,30.9850,31.0079,30.9800,30.9900,59200
1471021558,30.9900,31.0000,30.9800,30.9900,58700
1471021619,30.9950,31.0350,30.9900,31.0000,68400
1471021677,30.9850,30.9950,30.9700,30.9950,80800
1471021738,31.0000,31.0100,30.9850,30.9900,38300
1471021799,31.0000,31.0300,31.0000,31.0000,43400
1471021859,30.9900,31.0050,30.9700,31.0000,78900
1471021918,31.0000,31.0000,30.9900,30.9900,41900
1471021974,31.0137,31.0137,30.9850,30.9900,38100
1471022038,31.0000,31.0200,30.9900,31.0200,27100
1471022099,31.0650,31.0700,31.0100,31.0100,54400
1471022159,31.0500,31.0650,31.0450,31.0650,42500
1471022219,31.0850,31.0900,31.0500,31.0500,54000
1471022220,31.1000,31.1060,31.0800,31.0900,38100
1471022339,31.0763,31.1000,31.0700,31.1000,36000
1471022397,31.0900,31.0900,31.0400,31.0700,58400
1471022401,31.0750,31.0950,31.0624,31.0900,30100
1471022518,31.0600,31.0700,31.0300,31.0700,44200
1471022577,31.0600,31.0800,31.0600,31.0700,28400
1471022639,31.0300,31.0700,31.0300,31.0618,56000
1471022699,31.0000,31.0300,31.0000,31.0300,78200
1471022759,31.0200,31.0350,31.0000,31.0000,68400
1471022819,31.0300,31.0384,30.9900,31.0200,443700
1471022874,31.0300,31.0400,31.0250,31.0300,26200
1471022939,31.0200,31.0500,31.0200,31.0350,13300
1471022999,31.0300,31.0400,31.0100,31.0300,37500
1471023059,31.0150,31.0400,31.0150,31.0400,35300
1471023118,31.0200,31.0300,31.0050,31.0200,42200
1471023178,30.9850,31.0200,30.9800,31.0200,40200
1471023238,30.9785,30.9850,30.9500,30.9850,86400
1471023298,30.9650,30.9800,30.9600,30.9750,43100
1471023358,30.9900,30.9900,30.9500,30.9640,68900
1471023419,31.0000,31.0000,30.9800,30.9800,43500
1471023475,31.0240,31.0300,30.9950,31.0000,34800
1471023484,31.0200,31.0400,31.0200,31.0250,21400
1471023596,31.0200,31.0211,31.0100,31.0200,15900
1471023659,31.0158,31.0250,31.0100,31.0200,74600
1471023719,31.0400,31.0400,31.0100,31.0100,75100
1471023721,31.0700,31.0800,31.0400,31.0500,49600
1471023836,31.0299,31.0700,31.0250,31.0700,48900
1471023890,31.0260,31.0401,31.0200,31.0300,35600
1471023959,31.0400,31.0400,31.0100,31.0200,25300
1471023967,31.0350,31.0450,31.0250,31.0400,57300
1471024076,31.0300,31.0500,31.0300,31.0350,31800
1471024138,31.0450,31.0699,31.0210,31.0300,83000
1471024199,31.0460,31.0500,31.0400,31.0450,17500
1471024255,31.0300,31.0401,31.0300,31.0400,15600
1471024316,31.0250,31.0300,31.0000,31.0300,48900
1471024371,31.0199,31.0200,31.0100,31.0200,18400
1471024438,31.0300,31.0400,31.0150,31.0150,48200
1471024496,31.0400,31.0400,31.0200,31.0250,22700
1471024507,31.0200,31.0500,31.0200,31.0350,42700
1471024619,30.9800,31.0200,30.9800,31.0200,144500
1471024677,31.0000,31.0061,30.9900,30.9900,41600
1471024738,30.9900,31.0000,30.9800,30.9901,49100
1471024793,30.9950,31.0000,30.9900,30.9910,21600
1471024859,30.9900,31.0100,30.9800,31.0000,36900
1471024862,30.9800,30.9900,30.9750,30.9900,32900
1471024978,31.0050,31.0050,30.9850,30.9850,33200
1471025038,30.9900,31.0100,30.9900,31.0100,49300
1471025099,30.9950,30.9990,30.9800,30.9900,51400
1471025158,31.0150,31.0168,30.9950,30.9950,23300
1471025218,31.0300,31.0300,31.0100,31.0150,15000
1471025277,31.0374,31.0400,31.0100,31.0250,33600
1471025338,31.0300,31.0450,31.0300,31.0400,62200
1471025399,31.0350,31.0450,31.0300,31.0300,38900
1471025459,31.0650,31.0700,31.0400,31.0400,48900
1471025513,31.0733,31.0800,31.0600,31.0700,47800
1471025523,31.0800,31.0800,31.0650,31.0750,31300
1471025639,31.0658,31.0800,31.0600,31.0800,44900
1471025699,31.0900,31.1000,31.0700,31.0700,62400
1471025758,31.1000,31.1000,31.0850,31.0850,56300
1471025763,31.0920,31.1100,31.0900,31.0950,45000
1471025872,31.1000,31.1000,31.0900,31.0950,33300
1471025939,31.1100,31.1200,31.0850,31.0900,50800
1471025998,31.1100,31.1200,31.1100,31.1150,80700
1471026057,31.0950,31.1200,31.0950,31.1150,41700
1471026118,31.1000,31.1050,31.0950,31.0950,20500
1471026120,31.1150,31.1150,31.1000,31.1000,28800
1471026234,31.0850,31.1200,31.0800,31.1150,23800
1471026299,31.0400,31.0858,31.0400,31.0858,31900
1471026359,31.0350,31.0500,31.0300,31.0450,32000
1471026417,31.0200,31.0400,31.0150,31.0400,37000
1471026476,31.0450,31.0450,31.0200,31.0200,26900
1471026538,31.0400,31.0500,31.0320,31.0400,33200
1471026591,31.0150,31.0499,31.0100,31.0499,44600
1471026658,31.0400,31.0650,31.0140,31.0140,59900
1471026716,31.0600,31.0600,31.0500,31.0500,17200
1471026725,31.0482,31.0600,31.0350,31.0600,37100
1471026839,31.0250,31.0499,31.0250,31.0450,17800
1471026899,31.0300,31.0500,31.0212,31.0250,38500
1471026900,31.0200,31.0314,31.0100,31.0300,70900
1471027018,31.0000,31.0200,31.0000,31.0109,66900
1471027021,31.0000,31.0050,30.9900,31.0050,51400
1471027133,31.0045,31.0100,30.9900,31.0000,22700
1471027197,30.9950,31.0100,30.9928,31.0050,45400
1471027255,31.0000,31.0050,30.9900,30.9950,31400
1471027315,31.0250,31.0300,31.0000,31.0000,43100
1471027372,30.9950,31.0200,30.9950,31.0200,14800
1471027439,30.9800,31.0000,30.9710,30.9900,72000
1471027498,30.9997,31.0000,30.9750,30.9800,72900
1471027550,30.9850,31.0000,30.9800,30.9900,56000
1471027619,30.9900,30.9960,30.9800,30.9866,95500
1471027678,30.9900,30.9900,30.9700,30.9850,110300
1471027739,30.9700,30.9950,30.9700,30.9950,35100
1471027797,30.9700,30.9800,30.9650,30.9700,38600
1471027859,30.9650,30.9750,30.9600,30.9700,56500
1471027860,30.9700,30.9790,30.9650,30.9650,46400
1471027979,30.9600,30.9766,30.9600,30.9766,18100
1471027980,30.9750,30.9800,30.9600,30.9600,22200
1471028094,30.9600,30.9700,30.9550,30.9700,28700
1471028157,30.9650,30.9700,30.9600,30.9650,21900
1471028160,30.9600,30.9700,30.9600,30.9650,30900
1471028279,31.0100,31.0100,30.9650,30.9700,54000
1471028339,31.0200,31.0200,31.0000,31.0100,27700
1471028399,31.0400,31.0400,31.0100,31.0100,107300
1471028400,31.0250,31.0600,31.0100,31.0350,75300
1471028461,31.0100,31.0500,31.0100,31.0300,54200
1471028577,31.0550,31.0600,31.0150,31.0200,36500
1471028635,31.0500,31.0700,31.0450,31.0510,57500
1471028697,31.0250,31.0450,31.0200,31.0450,71400
1471028757,31.0360,31.0500,31.0250,31.0250,56500
1471028762,31.0300,31.0370,31.0200,31.0340,44100
1471028826,31.0423,31.0550,31.0300,31.0300,42600
1471028939,31.0450,31.0500,31.0400,31.0400,23100
1471028995,31.0450,31.0500,31.0400,31.0499,13300
1471029053,31.0550,31.0600,31.0350,31.0466,66700
1471029065,31.0500,31.0550,31.0400,31.0500,41700
1471029120,31.0240,31.0450,31.0240,31.0450,23600
1471029238,31.0100,31.0300,31.0000,31.0300,57200
1471029294,31.0099,31.0164,31.0000,31.0150,38500
1471029357,31.0100,31.0200,31.0000,31.0100,26200
1471029419,31.0050,31.0100,31.0000,31.0050,27900
1471029478,31.0200,31.0250,31.0000,31.0050,35000
1471029539,31.0100,31.0300,31.0100,31.0150,42200
1471029598,31.0250,31.0364,31.0100,31.0100,70900
1471029658,31.0150,31.0266,31.0100,31.0200,24900
1471029716,31.0150,31.0200,31.0100,31.0100,18500
1471029779,31.0100,31.0200,31.0100,31.0200,8100
1471029835,31.0193,31.0200,31.0100,31.0100,16300
1471029895,31.0100,31.0200,31.0100,31.0200,16900
1471029947,31.0100,31.0200,31.0042,31.0150,33700
1471029960,31.0000,31.0100,31.0000,31.0050,11300
1471030077,30.9950,31.0064,30.9900,31.0000,16500
1471030137,31.0150,31.0200,30.9950,31.0000,24000
1471030199,31.0074,31.0170,31.0040,31.0150,17200
1471030254,31.0000,31.0100,30.9900,31.0000,24200
1471030317,31.0000,31.0000,30.9800,31.0000,48600
1471030323,31.0200,31.0300,31.0000,31.0050,32800
1471030382,31.0300,31.0400,31.0100,31.0299,58600
1471030440,31.0299,31.0300,31.0200,31.0299,33200
1471030557,31.0299,31.0300,31.0200,31.0200,26300
1471030614,31.0201,31.0300,31.0100,31.0200,38000
1471030675,31.0300,31.0400,31.0229,31.0250,45000
1471030739,31.0250,31.0362,31.0200,31.0362,26400
1471030799,31.0200,31.0300,31.0200,31.0300,32200
1471030859,31.0300,31.0400,31.0300,31.0300,28500
1471030918,31.0300,31.0399,31.0300,31.0300,16300
1471030920,31.0150,31.0400,31.0150,31.0300,46800
1471031039,31.0200,31.0299,31.0100,31.0150,26500
1471031099,31.0199,31.0252,31.0100,31.0200,15200
1471031159,31.0100,31.0400,31.0100,31.0200,68100
1471031218,31.0100,31.0200,31.0100,31.0100,41000
1471031220,31.0250,31.0300,31.0100,31.0100,42300
1471031339,31.0100,31.0200,31.0100,31.0200,33000
1471031399,31.0139,31.0200,31.0100,31.0100,17200
1471031459,31.0450,31.0550,31.0100,31.0100,173900
1471031519,31.0450,31.0500,31.0350,31.0400,50200
1471031577,31.0501,31.0600,31.0400,31.0450,93300
1471031583,31.0450,31.0600,31.0339,31.0558,52600
1471031698,31.0300,31.0500,31.0300,31.0450,46800
1471031758,31.0200,31.0399,31.0200,31.0300,102600
1471031819,31.0150,31.0300,31.0100,31.0299,65700
1471031879,31.0250,31.0300,31.0100,31.0150,144000
1471031939,31.0250,31.0392,31.0100,31.0300,228500
1471031999,31.0700,31.0700,31.0200,31.0200,516200
1471032000,31.0500,31.0500,31.0500,31.0500,711100
