uri:/instrument/1.0/VIA/chartdata;type=quote;range=1d/csv
ticker:via
Company-Name:Viacom Inc.
Exchange-Name:NMS
unit:MIN
timezone:EDT
currency:USD
gmtoffset:-14400
previous_close:47.2600
Timestamp:1471008600,1471032000
labels:1471010400,1471014000,1471017600,1471021200,1471024800,1471028400,1471032000
values:Timestamp,close,high,low,open,volume
close:47.3400,47.8300
high:47.3400,47.8300
low:47.3400,47.8300
open:47.3400,47.8300
volume:0,2400
1471008914,47.3900,47.4000,47.3900,47.4000,800
1471009053,47.5699,47.5700,47.5699,47.5700,1200
1471009289,47.4900,47.4900,47.4800,47.4800,600
1471009357,47.3400,47.3400,47.3400,47.3400,100
1471009659,47.5000,47.5000,47.5000,47.5000,200
1471009950,47.7400,47.7400,47.7400,47.7400,200
1471010008,47.8300,47.8300,47.8300,47.8300,200
1471010355,47.7100,47.7100,47.7100,47.7100,300
1471010672,47.6200,47.6200,47.6200,47.6200,200
1471010717,47.6200,47.6200,47.6200,47.6200,100
1471010852,47.6200,47.6900,47.5700,47.6900,500
1471011052,47.5700,47.6400,47.5700,47.6400,500
1471011127,47.5500,47.5500,47.5500,47.5500,100
1471011181,47.5300,47.5300,47.5300,47.5300,300
1471011287,47.5800,47.5800,47.5800,47.5800,100
1471011332,47.4600,47.4900,47.4600,47.4900,300
1471011417,47.4600,47.4600,47.4600,47.4600,400
1471011471,47.4700,47.4700,47.4500,47.4500,400
1471011523,47.4800,47.4800,47.4800,47.4800,300
1471011599,47.5300,47.5300,47.4600,47.4700,500
1471011622,47.4900,47.4900,47.4900,47.4900,300
1471011707,47.5100,47.5100,47.5100,47.5100,400
1471011928,47.5100,47.5100,47.5100,47.5100,500
1471012814,47.5300,47.5300,47.5300,47.5300,700
1471013532,47.5700,47.5700,47.5700,47.5700,300
1471013770,47.5100,47.5200,47.5100,47.5200,300
1471014566,47.5580,47.5580,47.5580,47.5580,200
1471014672,47.4950,47.5900,47.4950,47.4950,2400
1471015908,47.5978,47.5978,47.5978,47.5978,1500
1471017969,47.4500,47.4500,47.4500,47.4500,100
1471018579,47.4600,47.4600,47.4100,47.4100,400
1471018684,47.3900,47.3900,47.3900,47.3900,500
1471019302,47.3770,47.3770,47.3770,47.3770,300
1471019720,47.4100,47.4100,47.4100,47.4100,400
1471021231,47.5600,47.5600,47.5600,47.5600,100
1471021261,47.4401,47.4401,47.4401,47.4401,800
1471022144,47.5300,47.5300,47.5300,47.5300,200
1471023389,47.6070,47.6070,47.6070,47.6070,100
1471023891,47.5500,47.5500,47.5500,47.5500,600
1471025147,47.4990,47.4990,47.4990,47.4990,100
1471025431,47.5000,47.5000,47.5000,47.5000,400
1471025464,47.5100,47.5100,47.5100,47.5100,1100
1471027527,47.4978,47.4978,47.4978,47.4978,400
1471028188,47.5600,47.5600,47.5600,47.5600,700
1471028437,47.5800,47.5800,47.5800,47.5800,800
1471029791,47.5100,47.5100,47.5100,47.5100,100
1471029905,47.5600,47.5600,47.5500,47.5500,800
1471030723,47.5400,47.5500,47.5400,47.5500,900
1471031005,47.6400,47.6400,47.6400,47.6400,100
1471031327,47.5728,47.6400,47.5728,47.6400,300
1471031375,47.6300,47.6300,47.6300,47.6300,100
1471031432,47.6300,47.6300,47.6300,47.6300,300
1471031573,47.6500,47.6500,47.6500,47.6500,200
1471031693,47.6400,47.6400,47.6400,47.6400,100
1471031711,47.6300,47.6300,47.5800,47.5900,900
1471031774,47.6001,47.6001,47.6001,47.6001,700
1471031961,47.5900,47.5900,47.5900,47.5900,1800
1471032000,47.6200,47.6200,47.6200,47.6200,0
