uri:/instrument/1.0/RE/chartdata;type=quote;range=1d/csv
ticker:re
Company-Name:Everest Re Group, Ltd. Common S
Exchange-Name:NYQ
unit:MIN
timezone:EDT
currency:USD
gmtoffset:-14400
previous_close:190.9700
Timestamp:1470835800,1470859200
labels:1470837600,1470841200,1470844800,1470848400,1470852000,1470855600,1470859200
values:Timestamp,close,high,low,open,volume
close:190.5500,191.6500
high:190.7400,191.7000
low:190.5500,191.6500
open:190.7400,191.6500
volume:100,18900
1470835800,190.7200,191.3600,190.7200,191.3600,1500
1470836231,190.7400,190.7400,190.7400,190.7400,100
1470836338,191.0750,191.0750,191.0750,191.0750,600
1470836473,190.9600,191.0000,190.6500,191.0000,700
1470836737,191.0600,191.3250,191.0600,191.3250,300
1470837035,190.9000,190.9600,190.9000,190.9200,700
1470837115,190.8550,190.8550,190.8550,190.8550,100
1470837236,190.5500,190.7600,190.5500,190.7600,400
1470837299,190.7700,190.7700,190.7700,190.7700,300
1470837342,190.7300,190.8300,190.5700,190.8000,600
1470837363,190.8300,190.8300,190.8300,190.8300,300
1470837603,190.8700,190.9400,190.8700,190.9400,200
1470837833,191.2350,191.2350,190.9400,190.9800,300
1470837866,191.0880,191.0880,191.0880,191.0880,400
1470837900,191.1500,191.2500,191.1500,191.2500,300
1470838528,191.3400,191.3400,191.3100,191.3100,500
1470838597,191.5200,191.5200,191.5200,191.5200,100
1470838673,191.5606,191.5606,191.5606,191.5606,100
1470838738,191.5600,191.5600,191.5600,191.5600,100
1470838886,191.5750,191.5750,191.5571,191.5571,200
1470839452,191.5800,191.6000,191.4800,191.6000,900
1470839474,191.5200,191.5200,191.5200,191.5200,100
1470839569,191.5190,191.7000,191.5190,191.5950,1100
1470839590,191.5100,191.5100,191.5100,191.5100,200
1470839658,191.6300,191.6300,191.6300,191.6300,300
1470839769,191.5100,191.5200,191.5100,191.5200,600
1470840351,191.2200,191.2200,191.2200,191.2200,100
1470840376,191.2200,191.2250,191.2200,191.2250,200
1470840485,191.3300,191.3300,191.3300,191.3300,100
1470840576,191.2500,191.2700,191.2500,191.2700,1000
1470840842,191.1300,191.1300,191.1300,191.1300,700
1470841073,191.0600,191.0600,191.0600,191.0600,400
1470841247,191.3900,191.3900,191.2300,191.2300,700
1470841274,191.3200,191.3200,191.3200,191.3200,300
1470841358,191.4400,191.4400,191.4400,191.4400,100
1470841412,191.5000,191.5000,191.5000,191.5000,200
1470841548,191.3900,191.3900,191.3900,191.3900,300
1470841567,191.4200,191.4200,191.4200,191.4200,100
1470841646,191.4200,191.4200,191.4000,191.4000,700
1470841852,191.3500,191.3900,191.3500,191.3900,300
1470841968,191.2700,191.3800,191.2700,191.3800,900
1470842009,191.3800,191.3800,191.3800,191.3800,700
1470842081,191.4300,191.4300,191.4300,191.4300,100
1470842106,191.4900,191.4900,191.4300,191.4300,400
1470842184,191.5300,191.5300,191.5300,191.5300,100
1470842458,191.4300,191.4400,191.3000,191.4400,700
1470842469,191.3973,191.4300,191.3450,191.4300,300
1470842543,191.4400,191.4400,191.4400,191.4400,100
1470842646,191.4000,191.4000,191.4000,191.4000,500
1470842852,191.5700,191.5700,191.4300,191.4300,1100
1470843018,191.6500,191.6500,191.5750,191.5750,300
1470843108,191.3500,191.5400,191.3500,191.4900,1000
1470843186,191.4000,191.4000,191.4000,191.4000,100
1470843368,191.5200,191.5200,191.4200,191.4300,800
1470843606,191.5450,191.5450,191.5450,191.5450,100
1470843804,191.6500,191.6500,191.6500,191.6500,100
1470843864,191.6500,191.6500,191.6500,191.6500,100
1470844479,191.6400,191.6400,191.6400,191.6400,100
1470844531,191.5950,191.5950,191.5950,191.5950,100
1470844780,191.5050,191.6500,191.5050,191.6500,500
1470844807,191.5100,191.5100,191.4800,191.5100,800
1470844916,191.4500,191.4500,191.4500,191.4500,100
1470845000,191.2400,191.4450,191.2200,191.3000,2500
1470845075,191.2400,191.2400,191.2400,191.2400,100
1470845143,191.1901,191.2200,191.1901,191.2200,300
1470845173,191.2300,191.2300,191.2100,191.2100,200
1470845222,191.3250,191.3250,191.2100,191.2100,600
1470845339,191.1200,191.2000,191.1200,191.2000,2900
1470845397,191.1000,191.1500,191.1000,191.1500,900
1470845438,191.0700,191.1700,191.0500,191.1500,1000
1470845465,191.1000,191.2300,191.0200,191.1400,5200
1470845530,191.0700,191.0800,191.0600,191.0600,700
1470845616,191.0500,191.0500,191.0000,191.0200,500
1470845672,190.9400,190.9400,190.9400,190.9400,200
1470845702,191.0000,191.0000,191.0000,191.0000,1000
1470845816,191.0300,191.1100,191.0000,191.0000,4300
1470845830,191.0100,191.0100,191.0100,191.0100,100
1470845935,191.0000,191.1000,191.0000,191.0000,1500
1470845999,191.1700,191.1700,191.0100,191.1200,1800
1470846000,191.1000,191.2200,191.0900,191.1700,1000
1470846075,191.0900,191.0900,191.0900,191.0900,200
1470846140,191.0300,191.0300,191.0300,191.0300,100
1470846205,191.0200,191.0300,191.0200,191.0300,200
1470846251,191.0000,191.0100,191.0000,191.0100,1000
1470846412,191.0500,191.0500,191.0500,191.0500,300
1470846475,191.0300,191.0300,191.0300,191.0300,100
1470846508,191.0100,191.0200,191.0100,191.0200,800
1470846732,191.0000,191.0900,191.0000,191.0000,1100
1470846815,191.0600,191.1300,191.0550,191.1000,2600
1470846843,191.0700,191.2100,191.0700,191.1800,2300
1470846952,191.0600,191.1300,191.0600,191.1300,400
1470847004,191.1300,191.1300,191.1000,191.1100,900
1470847076,191.0400,191.1300,191.0400,191.0900,2200
1470847139,191.0200,191.0850,191.0200,191.0500,1900
1470847198,191.0450,191.0500,190.9500,191.0400,5300
1470847248,191.0800,191.0800,191.0000,191.0100,5700
1470847280,191.0575,191.0575,191.0575,191.0575,1000
1470847335,191.0100,191.1200,191.0100,191.0800,1900
1470847437,191.0000,191.0600,190.9800,190.9950,2300
1470847499,191.0000,191.0300,191.0000,191.0000,2800
1470847556,191.0600,191.1700,190.9400,190.9800,7200
1470847613,191.0000,191.0000,191.0000,191.0000,1600
1470847675,191.1250,191.1250,190.9550,191.0000,4400
1470847687,191.1350,191.1350,191.1200,191.1200,200
1470847793,191.1100,191.1200,191.1100,191.1200,500
1470847855,191.0300,191.0300,191.0300,191.0300,400
1470847887,191.0000,191.0300,190.9600,191.0300,2600
1470847978,191.0900,191.0900,190.9800,190.9900,4000
1470848016,191.1700,191.1700,191.1050,191.1050,500
1470848098,191.0200,191.1000,191.0100,191.0800,900
1470848110,191.0300,191.0300,191.0300,191.0300,100
1470848170,190.9800,191.0000,190.9800,191.0000,1400
1470848222,191.1000,191.1000,191.0300,191.0400,1400
1470848332,191.1600,191.1600,191.1600,191.1600,100
1470848453,191.0900,191.1100,191.0600,191.0800,500
1470848518,191.0000,191.0500,191.0000,191.0500,500
1470848521,191.0500,191.1100,191.0000,191.0000,1600
1470848631,191.1000,191.1600,191.1000,191.1000,700
1470848696,191.0500,191.0900,191.0100,191.0900,2600
1470848704,191.0000,191.0700,191.0000,191.0100,900
1470848762,191.0200,191.1100,191.0200,191.1100,1700
1470849048,191.1850,191.1900,191.0900,191.0900,2000
1470849108,191.1250,191.1900,191.0900,191.1200,2700
1470849233,191.1300,191.1300,191.1300,191.1300,100
1470849273,191.1700,191.1700,191.0700,191.0700,1100
1470849318,191.1700,191.1700,191.1700,191.1700,800
1470849368,191.1400,191.2300,191.1400,191.1900,700
1470849506,191.1800,191.1800,191.1800,191.1800,100
1470849607,191.0600,191.0700,191.0600,191.0700,200
1470849681,191.0500,191.0500,191.0500,191.0500,100
1470849949,191.0950,191.1100,191.0000,191.0800,1200
1470849988,191.1700,191.1700,191.1700,191.1700,100
1470850072,191.1100,191.2300,191.1100,191.1900,1100
1470850226,191.0700,191.0700,191.0700,191.0700,100
1470850437,191.0650,191.1100,191.0000,191.1100,1400
1470850444,191.1400,191.1400,191.0000,191.0000,200
1470850568,191.0400,191.0400,191.0400,191.0400,100
1470850649,191.0600,191.1000,191.0400,191.0400,700
1470850772,191.1000,191.1000,191.1000,191.1000,100
1470850898,191.1200,191.1200,191.1200,191.1200,100
1470850943,191.0200,191.0200,191.0200,191.0200,100
1470851022,191.0700,191.1000,191.0400,191.1000,1000
1470851094,190.9700,191.0800,190.9700,191.0800,1600
1470851122,191.0200,191.0200,191.0200,191.0200,400
1470851399,191.0000,191.0500,191.0000,191.0500,300
1470851400,191.0500,191.0500,191.0000,191.0000,500
1470851486,191.0500,191.0500,191.0000,191.0000,200
1470851668,191.0000,191.0000,191.0000,191.0000,2800
1470851707,191.0000,191.0200,190.9950,191.0000,4900
1470851760,190.9900,191.0300,190.9900,191.0000,3800
1470851872,191.0000,191.0500,190.9900,191.0500,2000
1470851881,191.0250,191.0250,191.0100,191.0100,200
1470851966,191.0800,191.0800,191.0800,191.0800,100
1470852263,191.0300,191.0300,191.0300,191.0300,100
1470852352,191.0500,191.0500,191.0500,191.0500,100
1470852399,191.1150,191.1300,191.1150,191.1300,1100
1470852443,191.1200,191.1200,191.1200,191.1200,100
1470852525,191.1200,191.1200,191.1200,191.1200,100
1470852587,191.0700,191.1200,191.0700,191.1200,500
1470852644,191.0700,191.0700,191.0700,191.0700,100
1470852683,191.1600,191.1600,191.1600,191.1600,100
1470852779,191.0800,191.1900,191.0800,191.1800,1100
1470852829,191.1200,191.1200,191.0300,191.0700,800
1470852894,191.0300,191.1200,191.0300,191.1200,4300
1470853089,191.0450,191.0450,191.0450,191.0450,400
1470853181,190.9800,190.9850,190.9800,190.9850,200
1470853265,191.0000,191.0000,191.0000,191.0000,200
1470853451,191.0800,191.1200,191.0200,191.0400,1500
1470853673,191.0000,191.0500,191.0000,191.0500,1200
1470853690,191.0100,191.0100,191.0000,191.0000,300
1470853864,190.9700,191.0000,190.9700,191.0000,1000
1470853997,190.9900,190.9900,190.9900,190.9900,800
1470854079,191.0700,191.0700,191.0700,191.0700,100
1470854203,190.9950,190.9950,190.9950,190.9950,100
1470854283,191.1200,191.1200,191.0600,191.0700,700
1470854533,191.0700,191.0700,191.0700,191.0700,100
1470854743,191.0800,191.0800,191.0800,191.0800,100
1470854825,191.1000,191.1000,191.1000,191.1000,100
1470854919,191.0300,191.1200,191.0300,191.1200,1600
1470854948,191.0500,191.0800,191.0000,191.0000,600
1470855057,191.0500,191.1000,191.0100,191.1000,1400
1470855061,191.0900,191.0900,191.0400,191.0400,700
1470855222,191.0000,191.0000,191.0000,191.0000,100
1470855310,190.9800,190.9800,190.9800,190.9800,200
1470855557,191.0500,191.0500,191.0400,191.0400,500
1470856050,191.0800,191.0900,191.0550,191.0900,800
1470856103,191.0300,191.0300,191.0300,191.0300,200
1470856168,191.2200,191.2200,191.2000,191.2000,200
1470856263,191.1750,191.1750,191.1750,191.1750,100
1470856463,191.2100,191.2100,191.1300,191.1300,2400
1470856556,191.1100,191.2999,191.0100,191.2100,7700
1470856618,191.1895,191.1895,190.9700,191.0650,10600
1470856633,191.1500,191.1899,191.1500,191.1600,1400
1470856735,191.4200,191.4200,191.2000,191.2000,4300
1470856799,191.1300,191.2700,191.1300,191.2500,4800
1470856800,191.1400,191.1400,191.1400,191.1400,100
1470856912,191.1700,191.1700,191.1700,191.1700,300
1470856932,191.3300,191.3500,191.2200,191.2200,1700
1470857036,191.2901,191.3300,191.2900,191.3000,800
1470857043,191.2400,191.2900,191.2400,191.2900,700
1470857112,191.3000,191.3000,191.3000,191.3000,300
1470857201,191.3000,191.3050,191.2900,191.2900,600
1470857274,191.2950,191.2950,191.2950,191.2950,100
1470857339,191.2500,191.2500,191.2200,191.2500,800
1470857397,191.1900,191.2500,191.1900,191.2400,1200
1470857411,191.2400,191.2400,191.1500,191.2300,3700
1470857512,191.0900,191.1600,191.0500,191.1600,4400
1470857531,191.1500,191.2000,191.0900,191.0900,6100
1470857580,191.1200,191.1500,191.0700,191.1500,3800
1470857642,191.0650,191.1200,191.0650,191.1200,2100
1470857713,191.1600,191.1700,191.0850,191.1100,3100
1470857812,191.1300,191.1600,191.0600,191.0600,2800
1470857821,191.1900,191.1900,191.1400,191.1500,700
1470857990,191.1200,191.1800,191.0900,191.1300,17200
1470858027,191.0850,191.1450,191.0800,191.1300,2500
1470858080,191.1700,191.1700,191.0700,191.0800,4400
1470858173,191.1000,191.1450,191.0400,191.1000,15900
1470858237,191.0600,191.1400,191.0000,191.0450,9700
1470858242,191.0400,191.0900,191.0400,191.0900,1400
1470858304,191.0000,191.0000,190.9500,191.0000,2900
1470858430,191.0400,191.0900,190.9700,190.9700,3900
1470858520,191.1350,191.1400,191.0450,191.0900,3300
1470858564,191.1200,191.1500,191.1200,191.1500,300
1470858607,191.0900,191.0900,191.0700,191.0700,1100
1470858719,191.0750,191.1000,191.0350,191.0900,18900
1470858777,191.0300,191.1300,191.0300,191.0700,3900
1470858780,191.0500,191.0600,191.0300,191.0300,4200
1470858845,191.0600,191.0700,191.0100,191.0700,5900
1470858959,191.0400,191.2400,191.0400,191.0800,8200
1470858972,191.0400,191.1300,191.0300,191.0900,1900
1470859021,191.0300,191.0682,190.9900,191.0682,3800
1470859085,191.0800,191.1600,191.0501,191.0501,700
1470859198,191.1500,191.2300,191.0700,191.1500,4100
1470859200,191.1500,191.1500,191.1500,191.1500,200
