uri:/instrument/1.0/SPGI/chartdata;type=quote;range=1d/csv
ticker:spgi
Company-Name:S&P Global Inc. Common Stock
Exchange-Name:NYQ
unit:MIN
timezone:EDT
currency:USD
gmtoffset:-14400
previous_close:120.5800
Timestamp:1470835800,1470859200
labels:1470837600,1470841200,1470844800,1470848400,1470852000,1470855600,1470859200
values:Timestamp,close,high,low,open,volume
close:119.3700,120.6200
high:119.3800,120.9800
low:119.3400,120.6200
open:119.3500,120.9800
volume:100,14200
1470835809,120.6200,120.6200,120.6200,120.6200,8600
1470836039,120.2600,120.9800,120.2600,120.9800,1400
1470836043,120.2700,120.2700,120.2600,120.2600,200
1470836159,120.1400,120.2700,120.1400,120.2600,1100
1470836187,120.0000,120.0600,120.0000,120.0600,800
1470836239,119.6100,119.8100,119.6100,119.8100,600
1470836316,119.6200,119.6700,119.6200,119.6700,400
1470836345,120.0000,120.0000,119.6100,119.6100,4700
1470836457,120.0100,120.0100,120.0100,120.0100,100
1470836470,119.9400,120.0808,119.9400,120.0300,800
1470836569,119.8950,119.8950,119.8200,119.8200,200
1470836639,119.9100,119.9500,119.9100,119.9450,400
1470836692,119.8600,119.8600,119.7800,119.7800,300
1470836700,119.7100,119.8700,119.7100,119.8700,1700
1470836761,119.8200,119.8900,119.8100,119.8800,1900
1470836843,119.8400,119.8900,119.8400,119.8900,800
1470836943,119.7700,119.7700,119.7700,119.7700,200
1470837036,119.7100,119.7500,119.7100,119.7500,500
1470837076,119.6600,119.7200,119.6600,119.7200,800
1470837135,119.7000,119.7800,119.7000,119.7000,2600
1470837211,119.7800,119.7800,119.7620,119.7620,700
1470837250,119.7600,119.7600,119.6600,119.7000,1400
1470837303,119.9000,119.9000,119.7700,119.8000,700
1470837432,119.8400,119.8600,119.8400,119.8600,300
1470837501,119.7300,119.7400,119.7300,119.7400,1200
1470837578,119.6900,119.7000,119.6900,119.7000,200
1470837656,119.7600,119.7600,119.7200,119.7200,1800
1470837674,119.7000,119.7300,119.6700,119.7300,1900
1470837778,119.6800,119.7100,119.6201,119.7100,3200
1470837785,119.7050,119.7050,119.6700,119.6700,400
1470837908,119.7100,119.7500,119.6600,119.7500,2800
1470837968,119.6500,119.6800,119.6500,119.6800,700
1470838079,119.6900,119.6900,119.6900,119.6900,100
1470838080,119.6500,119.7300,119.6500,119.6800,3000
1470838179,119.6100,119.6100,119.6100,119.6100,100
1470838253,119.7400,119.7400,119.6800,119.6800,1600
1470838264,119.6401,119.7400,119.6401,119.7400,3400
1470838321,119.6600,119.6900,119.6600,119.6800,1400
1470838400,119.7000,119.7149,119.6800,119.7149,1000
1470838458,119.6350,119.6600,119.6300,119.6300,800
1470838549,119.7000,119.7300,119.7000,119.7300,1100
1470838598,119.7200,119.7200,119.6900,119.6900,300
1470838646,119.5800,119.6600,119.5800,119.6600,2500
1470838712,119.6000,119.6500,119.5800,119.6000,2100
1470838858,119.7600,119.7600,119.5900,119.5938,1200
1470838862,119.7400,119.7700,119.7300,119.7600,1100
1470838938,119.7400,119.7400,119.7400,119.7400,100
1470839008,119.7500,119.7500,119.7300,119.7500,600
1470839146,119.6800,119.7000,119.6700,119.7000,2100
1470839184,119.7400,119.7700,119.7400,119.7700,400
1470839221,119.7400,119.7400,119.7400,119.7400,300
1470839325,119.5400,119.6900,119.5400,119.6900,1300
1470839378,119.5950,119.5950,119.5950,119.5950,200
1470839400,119.6300,119.6450,119.5850,119.5900,1600
1470839499,119.6250,119.6300,119.6250,119.6300,300
1470839537,119.5270,119.6250,119.5270,119.6250,2500
1470839598,119.5900,119.5900,119.5500,119.5500,800
1470839671,119.6480,119.6600,119.6200,119.6600,600
1470839744,119.6900,119.6900,119.6400,119.6400,2800
1470839787,119.7000,119.7100,119.6800,119.7100,800
1470839860,119.7050,119.7200,119.6800,119.7000,900
1470839925,119.6550,119.6700,119.6550,119.6700,1100
1470839941,119.6100,119.6700,119.5900,119.6700,2100
1470840017,119.5900,119.5900,119.5900,119.5900,300
1470840116,119.7100,119.7100,119.6300,119.6300,1100
1470840120,119.7000,119.7300,119.6900,119.7100,2100
1470840373,119.5100,119.5500,119.5100,119.5500,800
1470840443,119.4800,119.5100,119.4800,119.5000,1000
1470840532,119.5200,119.5200,119.5200,119.5200,1000
1470840553,119.4200,119.4900,119.4200,119.4900,700
1470840653,119.4500,119.4500,119.4500,119.4500,100
1470840719,119.5400,119.5400,119.3900,119.4500,9300
1470840779,119.5350,119.5350,119.5000,119.5000,400
1470840783,119.5900,119.6300,119.5350,119.5600,1600
1470840853,119.6450,119.6600,119.6000,119.6150,600
1470840917,119.6350,119.6400,119.6350,119.6400,500
1470840963,119.6100,119.6500,119.5701,119.6100,2400
1470841165,119.6000,119.6400,119.6000,119.6400,400
1470841205,119.6800,119.7300,119.6200,119.6200,6100
1470841269,119.6700,119.6700,119.6700,119.6700,600
1470841344,119.6800,119.7000,119.6700,119.7000,600
1470841381,119.6800,119.7300,119.6800,119.7000,700
1470841488,119.6900,119.6900,119.6400,119.6800,1700
1470841501,119.6800,119.6800,119.6800,119.6800,200
1470841564,119.5600,119.6600,119.5600,119.6600,1700
1470841705,119.5500,119.5500,119.5401,119.5401,600
1470841791,119.4900,119.5500,119.4900,119.5500,1100
1470841806,119.5100,119.5400,119.4600,119.5000,3900
1470841877,119.4500,119.5000,119.4400,119.5000,1700
1470841929,119.5100,119.5100,119.4500,119.4800,2100
1470841985,119.5900,119.5900,119.5300,119.5300,900
1470842076,119.6100,119.6100,119.5800,119.5800,1000
1470842157,119.4450,119.5700,119.4200,119.5700,3600
1470842164,119.4700,119.5200,119.4650,119.4650,1800
1470842223,119.4400,119.4650,119.4250,119.4650,900
1470842281,119.4100,119.4200,119.3700,119.4000,1200
1470842395,119.4200,119.4200,119.4200,119.4200,100
1470842446,119.3800,119.3925,119.3600,119.3900,1300
1470842463,119.3800,119.4100,119.3750,119.3800,6200
1470842529,119.3700,119.4100,119.3700,119.4100,900
1470842593,119.3900,119.3900,119.3900,119.3900,800
1470842698,119.3850,119.3900,119.3800,119.3800,800
1470842701,119.4200,119.4200,119.3900,119.3999,2300
1470842762,119.4900,119.4900,119.4200,119.4200,2600
1470842874,119.5300,119.5300,119.5100,119.5200,1000
1470842880,119.5500,119.5500,119.5200,119.5400,500
1470842967,119.5600,119.5800,119.5400,119.5750,1700
1470843004,119.5400,119.5800,119.5400,119.5700,1500
1470843069,119.5400,119.5800,119.5300,119.5800,1800
1470843141,119.5200,119.5400,119.5000,119.5400,7500
1470843222,119.4900,119.4900,119.4900,119.4900,300
1470843305,119.4750,119.4750,119.4750,119.4750,200
1470843365,119.4700,119.4900,119.4700,119.4900,700
1470843439,119.5200,119.5400,119.4750,119.4800,3100
1470843518,119.5750,119.5800,119.5750,119.5800,300
1470843599,119.5500,119.5600,119.5300,119.5600,1200
1470843602,119.5700,119.5700,119.5400,119.5400,400
1470843702,119.5600,119.5800,119.5600,119.5800,500
1470843756,119.5600,119.5600,119.5600,119.5600,700
1470843821,119.5300,119.5300,119.5300,119.5300,200
1470843891,119.5500,119.5500,119.5500,119.5500,100
1470843923,119.5400,119.5400,119.5400,119.5400,900
1470844006,119.4900,119.5300,119.4900,119.5200,1300
1470844063,119.4400,119.4400,119.4400,119.4400,100
1470844082,119.5000,119.5000,119.5000,119.5000,100
1470844161,119.5400,119.5400,119.5100,119.5100,800
1470844295,119.5800,119.5800,119.5400,119.5600,900
1470844334,119.6100,119.6100,119.5800,119.5900,1400
1470844419,119.6400,119.6400,119.6100,119.6100,300
1470844448,119.6000,119.6300,119.6000,119.6200,1600
1470844613,119.5700,119.5700,119.5700,119.5700,500
1470844663,119.5800,119.5800,119.5800,119.5800,200
1470844781,119.5400,119.5400,119.5400,119.5400,100
1470844828,119.5250,119.5600,119.5000,119.5300,1000
1470844921,119.5300,119.5400,119.5100,119.5400,1700
1470845005,119.5100,119.5300,119.5100,119.5300,700
1470845040,119.5600,119.5600,119.5000,119.5000,1700
1470845238,119.6150,119.6400,119.6000,119.6400,900
1470845366,119.6500,119.6700,119.6500,119.6600,1000
1470845540,119.7100,119.7100,119.7100,119.7100,200
1470845589,119.7200,119.7200,119.6900,119.7000,1300
1470845652,119.7000,119.7000,119.7000,119.7000,300
1470845893,119.6730,119.6730,119.6355,119.6355,200
1470845950,119.6200,119.6200,119.6200,119.6200,200
1470846049,119.6100,119.6100,119.6100,119.6100,200
1470846074,119.5901,119.5901,119.5901,119.5901,200
1470846325,119.6200,119.6200,119.5650,119.5900,2300
1470846493,119.6400,119.6500,119.6400,119.6500,1700
1470846667,119.6600,119.6900,119.6600,119.6900,800
1470846764,119.6850,119.6850,119.6800,119.6800,600
1470846792,119.6600,119.6800,119.6600,119.6800,700
1470846895,119.6800,119.6800,119.6600,119.6700,1000
1470846903,119.7000,119.7000,119.6800,119.6800,900
1470847003,119.7000,119.7000,119.7000,119.7000,400
1470847033,119.6850,119.6850,119.6850,119.6850,100
1470847166,119.7300,119.7300,119.6900,119.7200,1800
1470847207,119.7300,119.7300,119.7300,119.7300,200
1470847287,119.7000,119.7350,119.7000,119.7200,1300
1470847548,119.7500,119.7500,119.7500,119.7500,100
1470847562,119.7200,119.7400,119.7100,119.7400,1900
1470847668,119.7500,119.7500,119.7400,119.7500,1200
1470847729,119.7400,119.7500,119.7400,119.7500,500
1470847762,119.6900,119.7300,119.6900,119.7300,600
1470847868,119.7000,119.7200,119.7000,119.7100,500
1470847944,119.7200,119.7200,119.7200,119.7200,100
1470847982,119.7300,119.7300,119.7200,119.7200,500
1470848158,119.7400,119.7400,119.7400,119.7400,100
1470848170,119.7300,119.7400,119.7300,119.7400,500
1470848288,119.8150,119.8150,119.7500,119.7500,1500
1470848428,119.8100,119.8450,119.8100,119.8450,1100
1470848510,119.8300,119.8300,119.8300,119.8300,200
1470848562,119.8250,119.8250,119.8250,119.8250,100
1470848667,119.8400,119.8400,119.8400,119.8400,100
1470848706,119.8200,119.8200,119.8200,119.8200,100
1470848800,119.8400,119.8400,119.8300,119.8300,400
1470848939,119.8400,119.8400,119.8400,119.8400,400
1470848954,119.8500,119.8500,119.8400,119.8400,800
1470849061,119.8200,119.8400,119.8200,119.8400,1200
1470849158,119.7900,119.8000,119.7900,119.8000,300
1470849196,119.7500,119.7700,119.7500,119.7700,500
1470849380,119.7200,119.7200,119.7200,119.7200,300
1470849435,119.6750,119.7000,119.6700,119.6700,300
1470849522,119.6500,119.6700,119.6500,119.6700,200
1470849705,119.6800,119.6800,119.6200,119.6200,2400
1470849743,119.6700,119.6700,119.6700,119.6700,600
1470849836,119.6700,119.6700,119.6700,119.6700,200
1470849840,119.6800,119.6900,119.6650,119.6700,900
1470850019,119.7300,119.7400,119.7000,119.7000,600
1470850035,119.7700,119.7700,119.7300,119.7450,700
1470850080,119.7800,119.8000,119.7800,119.7900,1200
1470850294,119.7700,119.8000,119.7700,119.8000,1300
1470850378,119.7000,119.7700,119.7000,119.7400,600
1470850458,119.6600,119.7500,119.6600,119.7050,300
1470850554,119.6900,119.6900,119.6900,119.6900,400
1470850595,119.7550,119.7550,119.7300,119.7300,1300
1470850677,119.8300,119.8300,119.7800,119.7800,900
1470850694,119.8100,119.8400,119.8000,119.8400,1300
1470850838,119.8200,119.8200,119.8200,119.8200,100
1470850881,119.8400,119.8500,119.8200,119.8300,1200
1470850960,119.8500,119.8550,119.8400,119.8400,900
1470850983,119.8700,119.8700,119.8500,119.8600,2000
1470851164,119.8899,119.8899,119.8600,119.8700,1300
1470851263,119.8750,119.8750,119.8750,119.8750,1600
1470851288,119.8950,119.9000,119.8850,119.8900,1700
1470851396,119.8700,119.8900,119.8600,119.8900,1200
1470851400,119.8750,119.8750,119.8700,119.8700,1300
1470851468,119.8700,119.8750,119.8700,119.8750,600
1470851539,119.8600,119.8600,119.8550,119.8600,1300
1470851587,119.8550,119.8550,119.8400,119.8400,400
1470851668,119.8600,119.8600,119.8400,119.8500,1900
1470851748,119.8550,119.8700,119.8550,119.8700,700
1470851760,119.8400,119.8800,119.8300,119.8800,1500
1470851821,119.7900,119.8200,119.7900,119.8200,400
1470851905,119.7900,119.7900,119.7800,119.7800,400
1470851961,119.7300,119.7400,119.7300,119.7400,500
1470852014,119.7200,119.7200,119.7100,119.7200,800
1470852066,119.6800,119.7400,119.6800,119.7400,1600
1470852165,119.6800,119.6800,119.6800,119.6800,300
1470852239,119.7100,119.7150,119.6700,119.6700,2800
1470852242,119.6800,119.7150,119.6600,119.7100,2500
1470852335,119.6600,119.6700,119.6400,119.6700,1700
1470852388,119.6600,119.6600,119.6000,119.6350,3600
1470852478,119.6600,119.6700,119.6300,119.6500,600
1470852509,119.7100,119.7100,119.7000,119.7000,1800
1470852593,119.6700,119.6700,119.6700,119.6700,200
1470852651,119.6800,119.6800,119.6600,119.6800,400
1470852686,119.6900,119.7000,119.6800,119.6800,1100
1470852747,119.6900,119.7200,119.6900,119.6950,400
1470852831,119.7000,119.7000,119.7000,119.7000,100
1470852868,119.6600,119.6800,119.6400,119.6800,1800
1470853034,119.6500,119.6800,119.6500,119.6500,1000
1470853157,119.6400,119.6600,119.6400,119.6600,1600
1470853227,119.5300,119.5300,119.5300,119.5300,500
1470853303,119.5000,119.5400,119.5000,119.5100,600
1470853330,119.5500,119.5500,119.4800,119.5000,2000
1470853403,119.5300,119.5300,119.5000,119.5000,4500
1470853457,119.5100,119.5100,119.5100,119.5100,200
1470853517,119.5000,119.5400,119.5000,119.5100,700
1470853579,119.5100,119.5100,119.5000,119.5100,3400
1470853626,119.4350,119.5200,119.4350,119.5000,3100
1470853697,119.4600,119.5000,119.4600,119.4700,1100
1470853761,119.4350,119.4400,119.4100,119.4400,800
1470853857,119.4200,119.4600,119.4000,119.4100,700
1470853860,119.4500,119.4500,119.4100,119.4100,700
1470853924,119.3800,119.4100,119.3800,119.4100,700
1470853981,119.3700,119.4100,119.3700,119.3800,2000
1470854094,119.3900,119.4000,119.3500,119.3500,6600
1470854157,119.4300,119.4300,119.3900,119.4000,2000
1470854219,119.4300,119.4300,119.4150,119.4150,1400
1470854238,119.4350,119.4350,119.4300,119.4300,1500
1470854328,119.4500,119.4900,119.4300,119.4300,2500
1470854349,119.4000,119.4300,119.4000,119.4300,1600
1470854407,119.4000,119.4100,119.3900,119.4000,1800
1470854515,119.4100,119.4100,119.3800,119.3800,400
1470854566,119.4100,119.4100,119.3800,119.3800,500
1470854580,119.3900,119.4200,119.3800,119.4100,700
1470854655,119.3700,119.3800,119.3700,119.3800,400
1470854722,119.4100,119.4100,119.3500,119.3600,3600
1470854819,119.4000,119.4500,119.3900,119.4400,3300
1470854866,119.4200,119.4200,119.3500,119.3900,7100
1470854886,119.3850,119.4250,119.3850,119.4200,5900
1470854944,119.4200,119.4300,119.3600,119.4100,8800
1470855037,119.4865,119.4865,119.4865,119.4865,400
1470855146,119.4200,119.4300,119.4200,119.4200,1600
1470855236,119.4350,119.4350,119.3800,119.3800,200
1470855263,119.4100,119.4200,119.4100,119.4200,1000
1470855310,119.4000,119.4400,119.4000,119.4100,1300
1470855406,119.4500,119.4500,119.3900,119.4100,2800
1470855477,119.4700,119.4900,119.4500,119.4500,2200
1470855537,119.4400,119.5000,119.3600,119.4700,8200
1470855540,119.4700,119.4700,119.3400,119.4300,4900
1470855659,119.4500,119.4600,119.3400,119.4400,14200
1470855672,119.4700,119.4900,119.4400,119.4500,2200
1470855779,119.4050,119.4800,119.4050,119.4550,3900
1470855781,119.4200,119.4200,119.3900,119.4200,1800
1470855899,119.4600,119.4600,119.4600,119.4600,600
1470855958,119.4700,119.4800,119.4500,119.4700,2000
1470856017,119.5200,119.5300,119.4700,119.4700,3600
1470856076,119.5600,119.5900,119.5350,119.5400,2700
1470856081,119.5500,119.5600,119.5400,119.5600,3100
1470856187,119.5800,119.6000,119.5700,119.5800,1300
1470856253,119.6700,119.6700,119.6000,119.6100,2700
1470856260,119.6900,119.7200,119.6800,119.6900,3900
1470856377,119.7100,119.7100,119.7000,119.7000,2400
1470856380,119.7400,119.7500,119.7000,119.7100,3100
1470856445,119.7500,119.7550,119.7200,119.7300,2500
1470856500,119.7800,119.7900,119.7800,119.7800,1200
1470856562,119.8100,119.8200,119.8000,119.8026,2400
1470856649,119.7900,119.8250,119.7800,119.8250,3700
1470856692,119.8200,119.8200,119.7800,119.7800,1800
1470856749,119.8300,119.8300,119.8000,119.8000,2000
1470856852,119.8500,119.8500,119.8300,119.8300,400
1470856863,119.9200,119.9200,119.8413,119.8413,3300
1470856979,119.9400,119.9600,119.9300,119.9400,3800
1470856980,119.8900,119.9450,119.8900,119.9300,3200
1470857062,119.8900,119.9200,119.8900,119.9100,1300
1470857218,119.9100,119.9100,119.8800,119.8900,4100
1470857221,119.8900,119.9200,119.8900,119.9000,1100
1470857287,119.8800,119.9000,119.8750,119.8800,1400
1470857349,119.8600,119.8800,119.8600,119.8700,1400
1470857401,119.9000,119.9000,119.8550,119.8550,2400
1470857468,119.9100,119.9250,119.9000,119.9100,2600
1470857564,119.9300,119.9300,119.9100,119.9100,1500
1470857581,119.9400,119.9400,119.9000,119.9250,2000
1470857653,119.9500,119.9500,119.9400,119.9500,4300
1470857703,119.9700,119.9700,119.9400,119.9400,2600
1470857786,119.9500,119.9500,119.9500,119.9500,300
1470857829,119.8500,119.9500,119.8500,119.9500,3100
1470857880,119.8800,119.8800,119.8550,119.8600,2400
1470857943,119.8600,119.8800,119.8500,119.8800,1600
1470858032,119.9100,119.9100,119.8550,119.8550,2400
1470858068,119.9100,119.9200,119.9100,119.9200,400
1470858134,119.9000,119.9100,119.9000,119.9100,1700
1470858197,119.8200,119.8800,119.8200,119.8800,1900
1470858262,119.7500,119.7800,119.7500,119.7600,700
1470858318,119.6900,119.7700,119.6200,119.7700,10300
1470858417,119.7400,119.7500,119.7200,119.7200,2900
1470858439,119.8100,119.8100,119.7200,119.7300,2600
1470858495,119.7500,119.7900,119.7500,119.7900,1600
1470858546,119.7600,119.7700,119.7600,119.7600,800
1470858608,119.7100,119.7500,119.7100,119.7500,1600
1470858670,119.7100,119.7200,119.6900,119.7000,4400
1470858729,119.7400,119.7400,119.7050,119.7100,4400
1470858789,119.7700,119.7700,119.7100,119.7200,1500
1470858849,119.7800,119.8000,119.7600,119.7700,5600
1470858902,119.8200,119.8400,119.7800,119.7800,3900
1470858979,119.7900,119.8100,119.7900,119.8100,1900
1470859021,119.7400,119.7800,119.7200,119.7800,6400
1470859086,119.7600,119.7700,119.7400,119.7400,2800
1470859199,119.8700,119.8700,119.7700,119.7700,13000
1470859200,119.8700,119.8700,119.8700,119.8700,100
