uri:/instrument/1.0/KO/chartdata;type=quote;range=1d/csv
ticker:ko
Company-Name:Coca-Cola Company (The) Common 
Exchange-Name:NYQ
unit:MIN
timezone:EDT
currency:USD
gmtoffset:-14400
previous_close:44.2400
Timestamp:1471354200,1471377600
labels:1471356000,1471359600,1471363200,1471366800,1471370400,1471374000,1471377600
values:Timestamp,close,high,low,open,volume
close:43.8400,44.1899
high:43.8450,44.2500
low:43.8400,44.1700
open:43.8450,44.2500
volume:100,367700
1471354258,44.1800,44.2500,44.1600,44.2500,215900
1471354319,44.1899,44.1950,44.1700,44.1900,27100
1471354378,44.1763,44.1900,44.1600,44.1800,14200
1471354439,44.1600,44.1650,44.1300,44.1500,21600
1471354446,44.0800,44.1500,44.0750,44.1500,21800
1471354500,44.0770,44.1100,44.0600,44.0900,25700
1471354619,44.0900,44.1000,44.0750,44.0900,28600
1471354679,44.1100,44.1350,44.0950,44.0950,18300
1471354737,44.1000,44.1300,44.1000,44.1100,25300
1471354797,44.0600,44.1000,44.0600,44.0950,37800
1471354800,44.0100,44.0650,44.0100,44.0600,30700
1471354869,44.0000,44.0200,44.0000,44.0107,18900
1471354975,43.9800,44.0050,43.9700,44.0000,45100
1471355039,43.9550,44.0000,43.9550,43.9700,30700
1471355040,43.9630,43.9850,43.9600,43.9600,69800
1471355100,43.9468,43.9750,43.9400,43.9600,50700
1471355219,43.9350,43.9500,43.9300,43.9400,59900
1471355278,43.9300,43.9500,43.9300,43.9350,108300
1471355280,43.9500,43.9500,43.9300,43.9400,23900
1471355399,43.9450,43.9459,43.9300,43.9350,12100
1471355458,43.9400,43.9400,43.9300,43.9400,38300
1471355515,43.9400,43.9450,43.9300,43.9334,23800
1471355579,43.9306,43.9458,43.9300,43.9450,19600
1471355582,43.9300,43.9450,43.9300,43.9400,81300
1471355641,43.9400,43.9600,43.9300,43.9300,44600
1471355757,43.9300,43.9400,43.9300,43.9400,11100
1471355809,43.9301,43.9400,43.9300,43.9300,7300
1471355879,43.9300,43.9400,43.9300,43.9300,18900
1471355939,43.9450,43.9500,43.9300,43.9300,13400
1471355951,43.9450,43.9500,43.9450,43.9499,6300
1471356001,43.9350,43.9500,43.9300,43.9500,19700
1471356062,43.9350,43.9400,43.9300,43.9378,13000
1471356122,43.9200,43.9400,43.9200,43.9300,40600
1471356239,43.9700,43.9700,43.9200,43.9300,36900
1471356297,44.0000,44.0000,43.9650,43.9700,61500
1471356301,44.0099,44.0200,43.9950,43.9950,31800
1471356419,44.0110,44.0200,44.0000,44.0100,21300
1471356420,44.0300,44.0300,44.0101,44.0150,22900
1471356490,44.0100,44.0266,44.0100,44.0266,7000
1471356547,44.0350,44.0400,44.0200,44.0200,23500
1471356659,44.0500,44.0500,44.0342,44.0342,15200
1471356661,44.0350,44.0500,44.0300,44.0500,27500
1471356722,44.0400,44.0400,44.0300,44.0300,7300
1471356834,44.0400,44.0400,44.0300,44.0350,12000
1471356890,44.0344,44.0500,44.0300,44.0500,22700
1471356905,44.0352,44.0361,44.0200,44.0300,367700
1471356966,44.0350,44.0400,44.0300,44.0320,11900
1471357020,44.0400,44.0400,44.0310,44.0399,6500
1471357139,44.0350,44.0400,44.0300,44.0325,14300
1471357142,44.0352,44.0400,44.0300,44.0350,3800
1471357203,44.0300,44.0400,44.0200,44.0350,26500
1471357262,44.0258,44.0350,44.0200,44.0300,20700
1471357320,44.0300,44.0300,44.0200,44.0300,6400
1471357380,44.0150,44.0293,44.0100,44.0250,29400
1471357442,44.0300,44.0300,44.0100,44.0200,22900
1471357501,44.0300,44.0300,44.0100,44.0300,40600
1471357572,44.0100,44.0250,44.0100,44.0250,8600
1471357679,44.0100,44.0200,44.0000,44.0100,46600
1471357739,44.0100,44.0100,44.0000,44.0100,10100
1471357799,44.0050,44.0150,44.0000,44.0063,29000
1471357802,44.0100,44.0100,44.0000,44.0050,15100
1471357870,44.0100,44.0100,44.0000,44.0025,8700
1471357922,43.9600,44.0100,43.9600,44.0000,135500
1471357980,43.9850,43.9900,43.9650,43.9700,50900
1471358045,43.9850,43.9900,43.9700,43.9900,12600
1471358103,43.9700,43.9850,43.9700,43.9826,10800
1471358167,43.9650,43.9800,43.9600,43.9750,31700
1471358275,43.9650,43.9700,43.9600,43.9700,7700
1471358284,43.9556,43.9700,43.9500,43.9650,17200
1471358393,43.9550,43.9700,43.9500,43.9544,23600
1471358409,43.9650,43.9700,43.9500,43.9500,17100
1471358513,43.9700,43.9700,43.9600,43.9650,10300
1471358577,43.9650,43.9700,43.9600,43.9650,24800
1471358580,43.9700,43.9700,43.9600,43.9650,16200
1471358697,43.9650,43.9700,43.9600,43.9650,11600
1471358757,44.0000,44.0000,43.9650,43.9650,31900
1471358814,43.9850,44.0000,43.9800,44.0000,24000
1471358824,43.9980,44.0000,43.9800,43.9800,17000
1471358880,44.0000,44.0000,43.9900,43.9950,16100
1471358940,43.9900,44.0000,43.9800,44.0000,15600
1471359055,43.9950,43.9950,43.9800,43.9826,12400
1471359117,43.9950,44.0000,43.9900,43.9950,11100
1471359170,43.9950,44.0000,43.9900,43.9950,5400
1471359238,43.9850,44.0000,43.9800,43.9990,16300
1471359297,43.9750,43.9900,43.9700,43.9850,26200
1471359302,43.9758,43.9800,43.9700,43.9800,15200
1471359419,43.9800,43.9900,43.9700,43.9900,67400
1471359476,43.9850,43.9900,43.9750,43.9750,32700
1471359481,43.9850,43.9900,43.9847,43.9850,14700
1471359598,43.9900,43.9900,43.9800,43.9900,12000
1471359659,43.9850,43.9900,43.9750,43.9900,32400
1471359718,43.9850,43.9900,43.9800,43.9850,8900
1471359777,43.9850,43.9900,43.9800,43.9870,12100
1471359780,43.9950,44.0000,43.9850,43.9875,21900
1471359846,43.9801,43.9950,43.9800,43.9950,22600
1471359954,43.9850,43.9900,43.9800,43.9850,6200
1471359960,43.9950,44.0000,43.9850,43.9850,15000
1471360073,43.9950,43.9984,43.9800,43.9950,28500
1471360139,44.0000,44.0000,43.9915,43.9950,32400
1471360197,44.0050,44.0050,43.9902,44.0000,49000
1471360257,44.0050,44.0100,44.0000,44.0100,6700
1471360316,43.9950,44.0100,43.9900,44.0000,77700
1471360320,44.0000,44.0100,43.9950,43.9950,10100
1471360438,44.0100,44.0100,44.0000,44.0050,10300
1471360496,44.0000,44.0100,44.0000,44.0050,11300
1471360505,44.0100,44.0100,44.0000,44.0000,6400
1471360560,44.0100,44.0300,44.0000,44.0061,66600
1471360673,44.0100,44.0200,44.0050,44.0050,22200
1471360737,44.0000,44.0180,44.0000,44.0150,13900
1471360799,44.0000,44.0099,44.0000,44.0050,21700
1471360803,44.0000,44.0150,44.0000,44.0036,19900
1471360865,44.0150,44.0200,44.0000,44.0050,16100
1471360927,44.0000,44.0166,44.0000,44.0100,10200
1471361039,44.0000,44.0100,44.0000,44.0047,7600
1471361043,44.0050,44.0100,44.0000,44.0050,9800
1471361159,44.0050,44.0099,44.0000,44.0050,14500
1471361160,44.0100,44.0100,44.0000,44.0000,12700
1471361225,44.0150,44.0150,44.0000,44.0100,21600
1471361339,44.0100,44.0200,44.0100,44.0150,7500
1471361399,44.0000,44.0200,44.0000,44.0100,28700
1471361400,44.0000,44.0100,43.9900,44.0000,36200
1471361519,43.9900,44.0200,43.9900,44.0050,41100
1471361577,44.0050,44.0100,43.9900,43.9950,16000
1471361637,44.0000,44.0100,43.9950,44.0000,28300
1471361698,43.9950,44.0000,43.9900,44.0000,18900
1471361700,44.0088,44.0100,44.0000,44.0000,8800
1471361817,44.0000,44.0100,43.9900,44.0050,19600
1471361878,44.0050,44.0099,43.9900,44.0000,22100
1471361880,43.9950,44.0100,43.9900,44.0044,16100
1471361998,43.9928,44.0000,43.9900,43.9900,5700
1471362058,43.9900,43.9990,43.9900,43.9900,3300
1471362061,43.9950,44.0000,43.9900,43.9900,8900
1471362121,43.9900,44.0000,43.9900,43.9900,8600
1471362187,43.9900,44.0000,43.9900,43.9950,2700
1471362241,43.9550,43.9950,43.9500,43.9900,39700
1471362355,43.9500,43.9600,43.9500,43.9500,15400
1471362365,43.9600,43.9700,43.9500,43.9500,21200
1471362421,43.9610,43.9700,43.9600,43.9600,6500
1471362483,43.9800,43.9800,43.9647,43.9650,16100
1471362598,43.9850,43.9900,43.9800,43.9800,6600
1471362657,43.9750,43.9860,43.9700,43.9850,31100
1471362660,43.9850,43.9850,43.9700,43.9750,13800
1471362730,43.9890,43.9894,43.9847,43.9850,2700
1471362782,43.9950,44.0000,43.9800,43.9850,39000
1471362898,43.9850,43.9950,43.9850,43.9950,15500
1471362900,43.9850,43.9900,43.9800,43.9850,21000
1471363018,43.9750,43.9900,43.9750,43.9850,12600
1471363021,43.9847,43.9900,43.9750,43.9750,12400
1471363130,44.0000,44.0100,43.9847,43.9900,13700
1471363146,43.9850,44.0050,43.9800,44.0050,20900
1471363259,43.9800,43.9900,43.9800,43.9830,9600
1471363319,43.9900,43.9950,43.9810,43.9850,10700
1471363372,43.9950,44.0000,43.9900,43.9939,11500
1471363436,43.9950,44.0000,43.9900,43.9950,7600
1471363499,43.9950,44.0000,43.9900,43.9900,11000
1471363500,43.9950,44.0000,43.9900,43.9950,6500
1471363560,43.9950,44.0000,43.9900,43.9950,3900
1471363620,43.9950,44.0000,43.9900,43.9950,6500
1471363680,43.9964,44.0000,43.9900,43.9950,14500
1471363796,43.9959,44.0000,43.9900,43.9900,4500
1471363859,44.0000,44.0000,43.9900,43.9950,5900
1471363860,43.9950,44.0000,43.9900,44.0000,3900
1471363973,43.9950,44.0000,43.9950,44.0000,3400
1471364022,43.9950,44.0100,43.9900,43.9950,40300
1471364099,43.9950,44.0100,43.9931,44.0000,24600
1471364159,44.0200,44.0200,43.9941,44.0000,33600
1471364219,44.0100,44.0200,44.0100,44.0150,5700
1471364223,44.0200,44.0200,44.0100,44.0200,42500
1471364281,44.0400,44.0400,44.0100,44.0150,53300
1471364399,44.0252,44.0400,44.0200,44.0400,12000
1471364457,44.0152,44.0300,44.0100,44.0289,31200
1471364461,44.0150,44.0199,44.0100,44.0150,18300
1471364578,44.0000,44.0142,44.0000,44.0100,14600
1471364636,44.0000,44.0065,44.0000,44.0000,8100
1471364697,44.0000,44.0050,44.0000,44.0000,6600
1471364759,44.0000,44.0050,44.0000,44.0000,12700
1471364818,44.0050,44.0066,44.0000,44.0000,6300
1471364878,44.0000,44.0050,44.0000,44.0000,6400
1471364937,44.0050,44.0050,43.9950,44.0000,33500
1471364943,44.0000,44.0099,43.9950,44.0001,19600
1471365006,44.0000,44.0100,44.0000,44.0100,2300
1471365073,44.0000,44.0050,44.0000,44.0000,4800
1471365130,44.0000,44.0050,43.9950,44.0000,19500
1471365237,44.0000,44.0100,44.0000,44.0000,2800
1471365297,44.0000,44.0050,43.9900,44.0050,10800
1471365304,43.9964,44.0000,43.9900,44.0000,9100
1471365415,43.9950,44.0000,43.9900,43.9950,4500
1471365424,43.9800,43.9950,43.9800,43.9900,21800
1471365535,43.9750,43.9800,43.9700,43.9750,11300
1471365598,43.9734,43.9786,43.9700,43.9750,5300
1471365656,43.9600,43.9782,43.9600,43.9750,15300
1471365660,43.9850,43.9850,43.9700,43.9700,24700
1471365721,43.9850,43.9900,43.9800,43.9850,6200
1471365786,44.0001,44.0001,43.9800,43.9850,27100
1471365846,44.0050,44.0050,44.0010,44.0050,2100
1471365954,43.9950,44.0000,43.9900,44.0000,12400
1471365967,44.0000,44.0000,43.9900,43.9950,4500
1471366021,44.0000,44.0000,43.9900,43.9950,5900
1471366094,44.0000,44.0000,43.9900,43.9950,2900
1471366154,44.0100,44.0100,43.9900,43.9950,20000
1471366202,44.0000,44.0100,44.0000,44.0056,31600
1471366319,44.0000,44.0050,44.0000,44.0000,8000
1471366369,44.0050,44.0064,44.0000,44.0000,2900
1471366382,44.0000,44.0050,44.0000,44.0000,13700
1471366496,43.9950,44.0050,43.9900,44.0000,20500
1471366557,43.9950,44.0000,43.9900,43.9950,33900
1471366560,44.0150,44.0200,44.0000,44.0000,18200
1471366621,44.0177,44.0177,44.0130,44.0150,3600
1471366734,44.0150,44.0178,44.0100,44.0100,4800
1471366799,44.0100,44.0200,44.0100,44.0100,7600
1471366851,44.0100,44.0200,44.0100,44.0100,4600
1471366917,44.0150,44.0199,44.0100,44.0199,1000
1471366922,44.0100,44.0200,44.0100,44.0150,6400
1471367036,44.0150,44.0200,44.0100,44.0150,13500
1471367041,44.0147,44.0200,44.0100,44.0150,5900
1471367100,44.0150,44.0200,44.0100,44.0100,8200
1471367215,44.0050,44.0150,44.0000,44.0150,41200
1471367279,44.0050,44.0100,44.0000,44.0050,28200
1471367336,44.0050,44.0150,44.0000,44.0034,33200
1471367399,43.9958,44.0000,43.9900,44.0000,13700
1471367446,43.9950,44.0000,43.9900,43.9900,112400
1471367465,43.9761,43.9999,43.9700,43.9950,10000
1471367579,43.9500,43.9750,43.9500,43.9750,11700
1471367580,43.9566,43.9600,43.9400,43.9550,31000
1471367647,43.9550,43.9600,43.9550,43.9600,2300
1471367700,43.9400,43.9550,43.9400,43.9550,17600
1471367815,43.9350,43.9462,43.9300,43.9450,8900
1471367820,43.9450,43.9500,43.9350,43.9350,12000
1471367938,43.9200,43.9500,43.9200,43.9500,17900
1471367940,43.9150,43.9300,43.9110,43.9200,5600
1471368059,43.9250,43.9255,43.9150,43.9200,19700
1471368118,43.9200,43.9300,43.9200,43.9266,6600
1471368173,43.9250,43.9350,43.9200,43.9300,34700
1471368181,43.9250,43.9300,43.9200,43.9250,5700
1471368242,43.9200,43.9300,43.9200,43.9250,3900
1471368359,43.9358,43.9364,43.9200,43.9266,12700
1471368360,43.9350,43.9400,43.9300,43.9360,5300
1471368425,43.9300,43.9400,43.9300,43.9350,6100
1471368539,43.9450,43.9450,43.9300,43.9400,26300
1471368597,43.9450,43.9500,43.9400,43.9466,32500
1471368659,43.9450,43.9500,43.9400,43.9500,3600
1471368670,43.9450,43.9500,43.9400,43.9450,6200
1471368776,43.9450,43.9500,43.9400,43.9450,4500
1471368837,43.9305,43.9464,43.9300,43.9464,43200
1471368841,43.9350,43.9400,43.9300,43.9350,12000
1471368959,43.9350,43.9400,43.9301,43.9400,11800
1471368960,43.9400,43.9400,43.9300,43.9350,10200
1471369024,43.9250,43.9400,43.9200,43.9350,19300
1471369084,43.9250,43.9300,43.9200,43.9300,7200
1471369141,43.9450,43.9450,43.9250,43.9250,23200
1471369203,43.9500,43.9500,43.9400,43.9450,7100
1471369262,43.9350,43.9500,43.9350,43.9450,19400
1471369327,43.9400,43.9400,43.9300,43.9400,7600
1471369380,43.9450,43.9499,43.9341,43.9400,13800
1471369445,43.9499,43.9500,43.9400,43.9500,4600
1471369507,43.9500,43.9500,43.9410,43.9410,10200
1471369560,43.9450,43.9500,43.9400,43.9500,12800
1471369623,43.9500,43.9500,43.9400,43.9467,15100
1471369739,43.9500,43.9500,43.9401,43.9500,12700
1471369740,43.9450,43.9550,43.9400,43.9500,35500
1471369856,43.9450,43.9500,43.9400,43.9450,9800
1471369917,43.9500,43.9500,43.9401,43.9500,9800
1471369921,43.9350,43.9500,43.9350,43.9450,29500
1471370039,43.9350,43.9400,43.9300,43.9362,5000
1471370044,43.9350,43.9400,43.9300,43.9360,6800
1471370106,43.9350,43.9385,43.9300,43.9350,5900
1471370216,43.9400,43.9400,43.9300,43.9300,15000
1471370220,43.9400,43.9400,43.9300,43.9400,5500
1471370336,43.9350,43.9400,43.9300,43.9400,5400
1471370340,43.9400,43.9400,43.9300,43.9350,6600
1471370456,43.9450,43.9475,43.9400,43.9400,22300
1471370519,43.9400,43.9474,43.9400,43.9450,8800
1471370576,43.9500,43.9500,43.9400,43.9450,19600
1471370580,43.9400,43.9500,43.9400,43.9450,18100
1471370641,43.9350,43.9500,43.9300,43.9450,31100
1471370707,43.9250,43.9350,43.9200,43.9350,9100
1471370819,43.9250,43.9300,43.9200,43.9250,5800
1471370874,43.9200,43.9300,43.9200,43.9200,6900
1471370937,43.9200,43.9300,43.9200,43.9250,15900
1471370943,43.9200,43.9300,43.9200,43.9200,14600
1471371000,43.9250,43.9300,43.9200,43.9210,11400
1471371060,43.9250,43.9300,43.9200,43.9200,4400
1471371178,43.9100,43.9300,43.9100,43.9200,16600
1471371181,43.9050,43.9150,43.9000,43.9100,16900
1471371299,43.8900,43.9100,43.8900,43.9000,35300
1471371300,43.9050,43.9050,43.8800,43.8900,55000
1471371372,43.9079,43.9100,43.9050,43.9066,3800
1471371422,43.9156,43.9200,43.9055,43.9100,10300
1471371539,43.9150,43.9150,43.8950,43.9100,51500
1471371598,43.9200,43.9200,43.9100,43.9100,15700
1471371600,43.9300,43.9325,43.9150,43.9200,35600
1471371666,43.9266,43.9300,43.9200,43.9200,17300
1471371720,43.9210,43.9300,43.9200,43.9300,5900
1471371781,43.9300,43.9300,43.9200,43.9250,5800
1471371890,43.9100,43.9300,43.9100,43.9200,9300
1471371900,43.9177,43.9200,43.9100,43.9100,10300
1471371961,43.9150,43.9200,43.9100,43.9150,75800
1471372024,43.9100,43.9200,43.9100,43.9167,8300
1471372096,43.9100,43.9200,43.9100,43.9100,6200
1471372141,43.9150,43.9200,43.9100,43.9100,5500
1471372254,43.9050,43.9160,43.9000,43.9150,18300
1471372318,43.9050,43.9100,43.9000,43.9050,20100
1471372379,43.9010,43.9100,43.9000,43.9050,8600
1471372438,43.9042,43.9099,43.9000,43.9050,3700
1471372499,43.9000,43.9100,43.9000,43.9000,7200
1471372504,43.9000,43.9078,43.9000,43.9000,6900
1471372568,43.9050,43.9100,43.9000,43.9000,24700
1471372625,43.9100,43.9100,43.9000,43.9050,4600
1471372688,43.8950,43.9100,43.8900,43.9000,32400
1471372794,43.9000,43.9150,43.8950,43.8950,37200
1471372856,43.9000,43.9100,43.9000,43.9100,2800
1471372864,43.9000,43.9100,43.9000,43.9087,7800
1471372978,43.9050,43.9100,43.9000,43.9050,4000
1471372980,43.9000,43.9100,43.9000,43.9050,5700
1471373041,43.9050,43.9100,43.9000,43.9050,15500
1471373156,43.9050,43.9100,43.9000,43.9050,5000
1471373162,43.9075,43.9075,43.8950,43.9000,33800
1471373226,43.9000,43.9079,43.9000,43.9000,4300
1471373338,43.8950,43.9099,43.8950,43.9000,23500
1471373345,43.9150,43.9150,43.9000,43.9000,18800
1471373452,43.9150,43.9150,43.9100,43.9100,1200
1471373461,43.9150,43.9174,43.9100,43.9139,5400
1471373577,43.9000,43.9150,43.8900,43.9150,33100
1471373582,43.9000,43.9100,43.9000,43.9000,5300
1471373699,43.9050,43.9100,43.9000,43.9000,29200
1471373704,43.9098,43.9100,43.9000,43.9050,13300
1471373818,43.9100,43.9150,43.9000,43.9050,22800
1471373823,43.9050,43.9100,43.9000,43.9100,3600
1471373938,43.9066,43.9100,43.9000,43.9100,16800
1471373994,43.9100,43.9150,43.9000,43.9050,18200
1471374001,43.9050,43.9100,43.9000,43.9035,7300
1471374119,43.9050,43.9100,43.9000,43.9050,6800
1471374177,43.9000,43.9100,43.9000,43.9000,6400
1471374239,43.9000,43.9100,43.9000,43.9000,19300
1471374248,43.9000,43.9100,43.9000,43.9000,12000
1471374303,43.9000,43.9100,43.9000,43.9050,9300
1471374418,43.8950,43.9050,43.8900,43.9000,18000
1471374424,43.8950,43.9000,43.8900,43.8950,101400
1471374539,43.8950,43.8999,43.8900,43.8933,7500
1471374548,43.8950,43.8977,43.8900,43.8950,12400
1471374659,43.8950,43.9000,43.8900,43.8925,7200
1471374716,43.9000,43.9000,43.8900,43.8961,26000
1471374720,43.8900,43.9000,43.8900,43.8999,15100
1471374839,43.8950,43.9000,43.8900,43.8950,10200
1471374840,43.8850,43.8950,43.8800,43.8901,116700
1471374958,43.8800,43.8900,43.8800,43.8850,9200
1471375015,43.8800,43.8850,43.8800,43.8800,5200
1471375079,43.8850,43.8861,43.8800,43.8800,17900
1471375138,43.8700,43.8850,43.8700,43.8800,19600
1471375141,43.8700,43.8774,43.8700,43.8700,32800
1471375256,43.8700,43.8700,43.8600,43.8700,78100
1471375261,43.8800,43.8850,43.8700,43.8800,12800
1471375342,43.8850,43.8900,43.8800,43.8850,3900
1471375381,43.8850,43.8900,43.8800,43.8850,10500
1471375499,43.8900,43.8900,43.8800,43.8850,9700
1471375505,43.8800,43.8900,43.8800,43.8850,13600
1471375619,43.8800,43.8900,43.8800,43.8800,25800
1471375620,43.8800,43.8900,43.8800,43.8850,13300
1471375739,43.8800,43.8900,43.8800,43.8800,14100
1471375799,43.8800,43.8900,43.8800,43.8850,9500
1471375859,43.9000,43.9000,43.8800,43.8820,40900
1471375918,43.9000,43.9000,43.8900,43.9000,13900
1471375979,43.8950,43.9000,43.8950,43.9000,12000
1471375980,43.8850,43.9000,43.8800,43.9000,65000
1471376048,43.8850,43.8900,43.8800,43.8850,9000
1471376100,43.8850,43.8900,43.8800,43.8832,13900
1471376218,43.8800,43.8900,43.8800,43.8850,23600
1471376220,43.8850,43.8900,43.8800,43.8862,21700
1471376281,43.8823,43.8899,43.8700,43.8800,68100
1471376397,43.8800,43.8900,43.8800,43.8852,9600
1471376459,43.8850,43.8900,43.8800,43.8850,34900
1471376462,43.8900,43.8900,43.8800,43.8850,41000
1471376520,43.8850,43.8900,43.8800,43.8900,13700
1471376581,43.8850,43.8900,43.8850,43.8850,14500
1471376698,43.8900,43.8900,43.8800,43.8850,19200
1471376759,43.8900,43.8900,43.8801,43.8850,49700
1471376819,43.8700,43.8900,43.8700,43.8900,133000
1471376879,43.8850,43.8900,43.8700,43.8750,34000
1471376939,43.8850,43.8900,43.8800,43.8850,22800
1471376941,43.8700,43.8900,43.8700,43.8850,51100
1471377059,43.8600,43.8750,43.8600,43.8700,36700
1471377060,43.8500,43.8700,43.8500,43.8600,56200
1471377178,43.8500,43.8566,43.8500,43.8500,18800
1471377185,43.8500,43.8600,43.8500,43.8550,43300
1471377240,43.8600,43.8600,43.8600,43.8600,500
1471377299,43.8598,43.8600,43.8500,43.8600,46700
1471377359,43.8500,43.8600,43.8500,43.8600,45100
1471377419,43.8400,43.8550,43.8400,43.8500,123700
1471377479,43.8500,43.8500,43.8400,43.8450,103900
1471377539,43.8500,43.8600,43.8400,43.8500,135800
1471377599,43.8500,43.8500,43.8400,43.8450,181400
1471377600,43.8450,43.8450,43.8450,43.8450,100
