uri:/instrument/1.0/SPB/chartdata;type=quote;range=1d/csv
ticker:spb
Company-Name:Spectrum Brands Holdings, Inc. 
Exchange-Name:NYQ
unit:MIN
timezone:EDT
currency:USD
gmtoffset:-14400
previous_close:131.2000
Timestamp:1471527000,1471550400
labels:1471528800,1471532400,1471536000,1471539600,1471543200,1471546800,1471550400
values:Timestamp,close,high,low,open,volume
close:130.6300,132.4300
high:130.6300,132.4300
low:130.6300,132.4200
open:130.6300,132.4200
volume:100,9700
1471527000,131.4500,131.4500,131.4500,131.4500,1700
1471527116,130.6300,130.6300,130.6300,130.6300,700
1471527179,130.8250,130.8300,130.7900,130.7900,1300
1471527208,130.9500,131.0000,130.8400,130.8400,600
1471527246,131.2300,131.2300,130.8050,130.8050,400
1471527308,131.3200,131.4600,131.3200,131.4000,1100
1471527365,131.2100,131.2600,131.2000,131.2000,900
1471527719,131.2900,131.2900,131.2900,131.2900,200
1471527922,131.1900,131.1900,131.1900,131.1900,200
1471528247,131.3700,131.3700,131.3600,131.3600,500
1471528293,131.2400,131.2400,131.2400,131.2400,200
1471528385,131.3400,131.3400,131.3400,131.3400,200
1471528576,131.3700,131.3700,131.3200,131.3200,700
1471528630,131.4100,131.4100,131.4100,131.4100,200
1471528738,131.4400,131.4400,131.4400,131.4400,100
1471528776,131.4600,131.4600,131.3850,131.3850,300
1471528850,131.5100,131.5100,131.5100,131.5100,200
1471529024,131.5350,131.5350,131.4800,131.5300,300
1471529040,131.5350,131.5350,131.5350,131.5350,100
1471529122,131.6000,131.6000,131.6000,131.6000,500
1471529185,131.8200,131.8200,131.8200,131.8200,200
1471529260,131.8500,131.8500,131.8500,131.8500,100
1471529290,131.8300,131.8300,131.8300,131.8300,100
1471529344,131.6800,131.7500,131.6800,131.7100,900
1471529495,131.6800,131.6800,131.6800,131.6800,100
1471529547,131.7999,131.7999,131.7999,131.7999,100
1471529658,131.8000,131.8000,131.7800,131.7900,500
1471529710,131.8700,131.8700,131.8000,131.8000,500
1471529780,132.0000,132.0000,131.9900,132.0000,1600
1471529830,132.0000,132.0000,132.0000,132.0000,100
1471529956,131.9350,131.9350,131.9350,131.9350,200
1471530011,132.0200,132.0200,132.0000,132.0000,600
1471530174,132.0500,132.0500,132.0500,132.0500,100
1471530188,131.9500,132.0500,131.9500,132.0500,1200
1471530307,131.9000,131.9000,131.9000,131.9000,200
1471530464,131.8050,131.9100,131.7800,131.7800,400
1471530558,131.7800,131.7800,131.7800,131.7800,100
1471530601,131.7850,131.7850,131.7850,131.7850,200
1471530662,131.8300,131.8300,131.8300,131.8300,100
1471530738,131.9500,131.9500,131.8500,131.8600,600
1471530823,131.8750,131.8750,131.8750,131.8750,200
1471530933,131.7700,131.8500,131.7700,131.8100,400
1471531037,131.6800,131.8200,131.6800,131.8200,300
1471531114,131.7900,131.7900,131.7900,131.7900,100
1471531157,131.8300,131.8300,131.8300,131.8300,200
1471531349,131.7400,131.7400,131.7400,131.7400,100
1471531472,131.8078,131.8078,131.8078,131.8078,700
1471531534,131.8050,131.8050,131.8050,131.8050,200
1471531606,131.7200,131.7200,131.7200,131.7200,200
1471531732,131.7500,131.7500,131.7500,131.7500,200
1471531748,131.8000,131.8000,131.7450,131.7450,1500
1471531813,131.8000,131.8000,131.6600,131.6600,500
1471531923,131.7200,131.7200,131.7200,131.7200,200
1471532048,131.7650,131.7650,131.7650,131.7650,100
1471532216,131.7800,131.8300,131.7500,131.7800,2100
1471532256,131.8100,131.8700,131.7950,131.8500,1000
1471532318,131.7700,131.8700,131.7700,131.8100,1300
1471532360,131.6900,131.7900,131.6900,131.7900,2100
1471532424,131.8800,131.9000,131.6700,131.6800,3400
1471532571,131.9000,131.9000,131.8700,131.8900,600
1471532647,131.9500,131.9600,131.9000,131.9600,1100
1471532717,131.9800,131.9800,131.9600,131.9600,200
1471532815,132.0000,132.0000,131.9300,132.0000,3000
1471532875,132.0700,132.0700,131.9600,132.0000,3100
1471532937,132.0900,132.0900,132.0200,132.0700,1000
1471532978,132.0200,132.0900,132.0100,132.0900,2500
1471533056,132.1200,132.1200,132.0800,132.0800,800
1471533066,132.1400,132.1400,132.0800,132.1300,800
1471533122,132.0800,132.1700,132.0800,132.1700,500
1471533231,132.1000,132.1100,132.1000,132.1100,200
1471533293,132.1600,132.1600,132.1000,132.1400,700
1471533309,132.1600,132.1600,132.1200,132.1600,800
1471533365,132.1700,132.1700,132.0800,132.1200,3200
1471533426,132.2400,132.2400,132.1300,132.1700,5600
1471533485,132.0500,132.3200,131.9500,132.2500,8900
1471533595,131.9900,132.0500,131.9900,132.0500,1900
1471533652,132.0300,132.0300,131.9800,132.0300,900
1471533709,132.0200,132.0200,132.0200,132.0200,200
1471533740,131.9600,132.0400,131.9600,132.0300,1400
1471533836,132.0600,132.0600,132.0300,132.0300,600
1471533892,132.0300,132.0600,132.0300,132.0600,5400
1471533958,132.1100,132.1100,132.0400,132.0500,2500
1471533960,131.9700,132.1600,131.9400,132.0700,6100
1471534068,132.0000,132.0400,132.0000,132.0000,3100
1471534082,132.0700,132.0700,131.9900,131.9900,1100
1471534193,131.9000,132.0500,131.9000,132.0100,9700
1471534212,131.9300,131.9400,131.9300,131.9400,300
1471534379,131.8700,131.9000,131.8700,131.9000,500
1471534433,131.8100,131.8900,131.8100,131.8900,500
1471534496,131.9500,132.0000,131.8000,131.8100,6300
1471534543,132.0500,132.0500,131.9500,131.9500,3500
1471534592,132.0350,132.0800,132.0350,132.0700,300
1471534634,132.0600,132.1499,131.9300,131.9600,4300
1471534712,132.0500,132.0600,131.9800,132.0200,1300
1471534750,131.9600,132.0500,131.9600,131.9700,400
1471534861,132.1200,132.1200,131.9900,132.0500,2400
1471534958,132.1100,132.1100,132.0700,132.0700,600
1471534981,132.1050,132.1050,132.0700,132.0700,5000
1471535048,132.1350,132.1400,132.1350,132.1400,300
1471535130,132.0700,132.0700,132.0700,132.0700,100
1471535260,132.2500,132.2500,132.1300,132.1400,1300
1471535314,132.3600,132.3600,132.2900,132.2900,1600
1471535398,132.3100,132.3300,132.3050,132.3300,2300
1471535401,132.2900,132.3300,132.2700,132.3100,2400
1471535574,132.2450,132.2450,132.2450,132.2450,100
1471535593,132.2800,132.2800,132.2800,132.2800,100
1471535657,132.2200,132.2200,132.2200,132.2200,100
1471535706,132.2600,132.2600,132.1700,132.2000,1000
1471536268,132.1550,132.1550,132.1550,132.1550,100
1471536324,132.1100,132.1550,132.1100,132.1550,800
1471536419,132.1100,132.1550,132.1100,132.1550,200
1471536650,132.0400,132.1650,132.0200,132.1650,1800
1471536688,132.0545,132.0545,132.0200,132.0200,200
1471536756,132.0400,132.0400,132.0400,132.0400,100
1471536902,132.0300,132.0300,132.0300,132.0300,200
1471537073,131.9800,132.0200,131.9350,132.0200,3200
1471537206,132.0100,132.0100,132.0100,132.0100,100
1471537600,132.0100,132.0100,131.9800,131.9800,700
1471537667,131.9550,131.9550,131.9550,131.9550,100
1471537777,131.9550,131.9550,131.9550,131.9550,100
1471537801,131.8900,131.9300,131.8900,131.9300,400
1471537943,131.8700,131.8700,131.8700,131.8700,100
1471538081,131.8950,131.8950,131.8950,131.8950,100
1471538123,131.8600,131.8900,131.8400,131.8600,900
1471538287,131.9400,131.9400,131.9000,131.9000,1000
1471538405,131.9600,131.9600,131.9600,131.9600,100
1471538554,131.9900,132.0000,131.9900,132.0000,400
1471538715,131.9600,131.9600,131.9600,131.9600,100
1471538841,132.0700,132.0700,132.0700,132.0700,400
1471539004,132.1500,132.1500,132.1500,132.1500,100
1471539160,132.0950,132.0950,132.0900,132.0900,600
1471539347,132.0550,132.0550,132.0400,132.0400,200
1471539501,132.0500,132.0500,132.0500,132.0500,100
1471539593,132.0100,132.0100,132.0100,132.0100,100
1471539663,132.0300,132.0300,132.0300,132.0300,600
1471539740,132.0500,132.0500,132.0500,132.0500,700
1471539780,132.1700,132.1700,132.0800,132.0800,600
1471539887,132.1300,132.1300,132.1300,132.1300,100
1471539959,132.1650,132.1650,132.1650,132.1650,200
1471540184,132.1200,132.1200,132.1200,132.1200,200
1471540201,132.3400,132.3400,132.1900,132.1900,2300
1471540268,132.3400,132.3400,132.3400,132.3400,200
1471540342,132.3400,132.3400,132.3400,132.3400,100
1471540499,132.4200,132.4200,132.4200,132.4200,100
1471540640,132.3200,132.3200,132.3200,132.3200,200
1471540936,132.4100,132.4100,132.3700,132.3700,200
1471541089,132.3700,132.3700,132.3700,132.3700,100
1471541156,132.4151,132.4151,132.4151,132.4151,100
1471541260,132.4300,132.4300,132.3700,132.3700,200
1471541480,132.2700,132.4000,132.2700,132.3100,2100
1471541522,132.2600,132.2600,132.2600,132.2600,100
1471541618,132.3100,132.3100,132.3100,132.3100,300
1471541811,132.2600,132.2600,132.2600,132.2600,100
1471541829,132.1000,132.2600,132.1000,132.2600,8800
1471541956,132.0900,132.0900,132.0900,132.0900,100
1471542086,132.2000,132.2100,132.1050,132.1050,5700
1471542156,132.1900,132.2000,132.1900,132.2000,300
1471542187,132.2100,132.2500,132.2000,132.2000,1900
1471542263,132.2100,132.2100,132.2100,132.2100,100
1471542331,132.1700,132.2100,132.1700,132.2100,800
1471542496,132.1000,132.1000,132.1000,132.1000,400
1471542691,132.0900,132.0900,132.0900,132.0900,100
1471542729,132.1200,132.1200,132.0800,132.0800,900
1471542891,132.1100,132.1100,132.0500,132.0500,200
1471542988,132.0700,132.0700,132.0700,132.0700,100
1471543177,132.0700,132.0700,132.0700,132.0700,200
1471543216,132.0100,132.0899,132.0100,132.0300,600
1471543372,132.0200,132.0200,132.0200,132.0200,100
1471543387,132.0500,132.0899,132.0100,132.0100,500
1471543609,132.0500,132.0500,132.0500,132.0500,100
1471543629,131.9600,132.0100,131.9600,132.0100,500
1471543743,131.9500,131.9800,131.9150,131.9600,2300
1471543832,131.9600,131.9650,131.9600,131.9650,300
1471543918,131.9750,131.9750,131.9500,131.9600,300
1471543931,131.9600,131.9600,131.9600,131.9600,300
1471544024,131.8800,131.8800,131.8800,131.8800,200
1471544085,131.8900,131.8900,131.8900,131.8900,100
1471544217,131.8900,131.9461,131.8900,131.9461,400
1471544224,131.9437,131.9437,131.9000,131.9000,300
1471544307,131.8700,131.9000,131.8700,131.9000,700
1471544370,131.8850,131.8850,131.8850,131.8850,200
1471544401,131.8200,131.8200,131.8200,131.8200,200
1471544538,131.7400,131.7500,131.7400,131.7500,500
1471544675,131.7538,131.7538,131.7400,131.7400,700
1471544815,131.6800,131.7000,131.6800,131.7000,300
1471544852,131.7300,131.7350,131.7300,131.7350,400
1471544892,131.6700,131.6700,131.6700,131.6700,100
1471544970,131.6600,131.6600,131.6600,131.6600,100
1471545119,131.6550,131.6800,131.6400,131.6800,900
1471545120,131.6150,131.6600,131.6150,131.6200,2200
1471545210,131.5700,131.5700,131.5700,131.5700,100
1471545321,131.6400,131.6600,131.5434,131.5600,3000
1471545367,131.6500,131.6500,131.6500,131.6500,400
1471545501,131.6900,131.6900,131.6900,131.6900,300
1471545541,131.6550,131.6550,131.6550,131.6550,300
1471545745,131.6700,131.7000,131.6700,131.7000,200
1471545816,131.6750,131.6750,131.6750,131.6750,400
1471545883,131.7700,131.7900,131.6800,131.7000,1000
1471546018,131.7950,131.8000,131.7800,131.7800,300
1471546022,131.7900,131.7900,131.7900,131.7900,300
1471546081,131.7700,131.7700,131.7700,131.7700,100
1471546170,131.8300,131.8300,131.8000,131.8200,700
1471546313,131.8400,131.8400,131.8400,131.8400,100
1471546379,131.7900,131.8150,131.7900,131.8150,1400
1471546468,131.7400,131.7400,131.7400,131.7400,200
1471546533,131.7400,131.7400,131.7400,131.7400,400
1471546753,131.7376,131.7376,131.7250,131.7250,800
1471546856,131.7200,131.7500,131.7200,131.7500,600
1471546867,131.6800,131.6900,131.6800,131.6800,300
1471546941,131.7150,131.7150,131.6900,131.6900,400
1471547094,131.7400,131.7400,131.7100,131.7100,1100
1471547102,131.7900,131.8000,131.7400,131.7400,2700
1471547264,131.8000,131.8000,131.8000,131.8000,100
1471547307,131.8200,131.8400,131.8200,131.8400,500
1471547390,131.9250,131.9250,131.9250,131.9250,100
1471547464,131.9800,131.9800,131.9800,131.9800,100
1471547626,131.9300,131.9700,131.9250,131.9700,800
1471547702,131.8750,131.9800,131.8200,131.9800,2100
1471547915,131.8800,131.8800,131.8800,131.8800,1900
1471547978,131.8300,131.8500,131.8300,131.8400,800
1471548009,131.8100,131.8200,131.8100,131.8200,700
1471548119,131.8200,131.8200,131.7800,131.7800,2400
1471548123,131.8250,131.8400,131.8100,131.8200,1800
1471548236,131.8000,131.8000,131.7600,131.7800,1200
1471548282,131.8300,131.8800,131.8300,131.8300,1800
1471548308,131.8000,131.8800,131.8000,131.8800,900
1471548408,131.7500,131.8000,131.7500,131.8000,900
1471548530,131.8000,131.8000,131.7650,131.7650,400
1471548599,131.8100,131.8100,131.8000,131.8000,600
1471548640,131.8000,131.8000,131.8000,131.8000,200
1471548682,131.7200,131.7700,131.7200,131.7700,1600
1471548725,131.6800,131.6800,131.6800,131.6800,200
1471548844,131.6400,131.6700,131.6400,131.6700,800
1471548953,131.6800,131.6800,131.6200,131.6600,1100
1471549019,131.6700,131.6900,131.6500,131.6900,1500
1471549023,131.7200,131.7200,131.6800,131.6800,1000
1471549170,131.7000,131.7000,131.7000,131.7000,100
1471549209,131.6200,131.6700,131.6200,131.6700,1000
1471549337,131.7200,131.7200,131.6500,131.6500,400
1471549392,131.7100,131.7200,131.6850,131.6850,400
1471549481,131.7200,131.7200,131.6800,131.6800,2500
1471549500,131.7200,131.7200,131.6700,131.6700,1800
1471549587,131.7200,131.7400,131.7150,131.7400,900
1471549640,131.7600,131.7600,131.7400,131.7400,200
1471549724,131.6400,131.7600,131.6400,131.7400,2300
1471549750,131.7300,131.7300,131.6900,131.6900,900
1471549836,131.7450,131.7700,131.6950,131.6950,1500
1471549884,131.7300,131.7700,131.7200,131.7700,1200
1471549922,131.6300,131.7200,131.6300,131.7200,2000
1471549996,131.6200,131.6650,131.6200,131.6650,1700
1471550088,131.6200,131.6650,131.5800,131.6650,7300
1471550100,131.6200,131.6300,131.6000,131.6150,2900
1471550169,131.6300,131.6300,131.6100,131.6200,5400
1471550277,131.6400,131.7100,131.6150,131.6150,3000
1471550281,131.6700,131.7000,131.6400,131.7000,2000
1471550398,131.7200,131.7200,131.6400,131.6400,5500
1471550400,131.7200,131.7200,131.7200,131.7200,100
