uri:/instrument/1.0/GDX/chartdata;type=quote;range=1d/csv
ticker:gdx
Company-Name:VanEck Vectors Gold Miners ETF
Exchange-Name:PCX
unit:MIN
timezone:EDT
currency:USD
gmtoffset:-14400
previous_close:27.3100
Timestamp:1472218200,1472241600
labels:1472220000,1472223600,1472227200,1472230800,1472234400,1472238000,1472241600
values:Timestamp,close,high,low,open,volume
close:26.8400,28.3200
high:26.8800,28.4300
low:26.8200,28.2700
open:26.8450,28.3200
volume:100,1232800
1472218256,27.9400,27.9400,27.8100,27.8900,1232800
1472218319,27.9300,27.9600,27.8800,27.9600,167600
1472218379,27.8401,27.9350,27.8400,27.9200,214800
1472218439,27.8200,27.8700,27.8000,27.8400,111600
1472218441,27.8400,27.8400,27.7400,27.8113,176800
1472218500,27.6500,27.8600,27.6500,27.8500,242400
1472218619,27.6500,27.7400,27.6200,27.6500,277100
1472218679,27.6700,27.7100,27.6500,27.6500,200400
1472218738,27.6199,27.6900,27.6050,27.6700,136300
1472218740,27.6600,27.6900,27.6100,27.6100,162100
1472218859,27.7450,27.7800,27.6600,27.6600,237000
1472218860,27.6300,27.7463,27.6250,27.7300,144100
1472218977,27.7053,27.7099,27.6299,27.6337,108700
1472219038,27.7050,27.7100,27.6600,27.7000,78600
1472219098,27.6700,27.7350,27.6700,27.7100,107100
1472219100,27.7100,27.7450,27.6670,27.6800,98900
1472219219,27.7100,27.7200,27.6650,27.7000,93400
1472219279,27.7300,27.7400,27.6963,27.7001,74900
1472219337,27.7490,27.8000,27.6900,27.7400,144100
1472219399,27.7400,27.7700,27.7150,27.7470,120800
1472219459,27.7650,27.8000,27.7250,27.7400,142600
1472219519,27.7800,27.8000,27.7500,27.7600,155000
1472219579,27.7850,27.7900,27.7600,27.7700,61600
1472219637,27.7750,27.8000,27.7700,27.7873,52000
1472219698,27.7900,27.8000,27.7700,27.7790,71700
1472219759,27.8400,27.8600,27.7900,27.7950,128500
1472219819,27.8200,27.8550,27.8200,27.8400,61500
1472219879,27.7850,27.8100,27.7550,27.8100,107700
1472219939,27.7800,27.7900,27.7700,27.7900,68300
1472219998,27.7750,27.7850,27.7500,27.7750,97900
1472220059,27.1500,27.7750,27.1000,27.7750,1020700
1472220119,26.8400,27.1400,26.8300,27.1400,725900
1472220179,27.2600,27.2800,26.8200,26.8450,519500
1472220239,27.1700,27.3600,27.1600,27.2699,446900
1472220299,27.4550,27.4900,27.1600,27.1700,467900
1472220359,27.4600,27.4900,27.3600,27.4500,377700
1472220360,27.4100,27.4600,27.3600,27.4600,301100
1472220479,27.5000,27.5600,27.4000,27.4100,358100
1472220539,27.5800,27.5850,27.5000,27.5050,214700
1472220599,27.8800,27.8800,27.5400,27.5750,486400
1472220659,27.9700,28.0600,27.8700,27.8700,664700
1472220719,27.9900,28.0300,27.9100,27.9600,409800
1472220779,27.7830,28.0000,27.7600,27.9900,346400
1472220839,27.9300,27.9300,27.7750,27.7900,359700
1472220899,28.1300,28.1400,27.9201,27.9201,414300
1472220959,28.1150,28.2300,28.0400,28.1400,489300
1472221019,28.3000,28.3400,28.0700,28.1100,526800
1472221079,28.3200,28.4300,28.2700,28.3000,461600
1472221080,28.2300,28.3900,28.1900,28.3200,327400
1472221199,28.2000,28.3550,28.2000,28.2300,320400
1472221200,28.2600,28.3200,28.1900,28.2000,240800
1472221319,28.2300,28.3300,28.2200,28.2550,250800
1472221379,28.2100,28.3350,28.1900,28.2300,263800
1472221438,28.1500,28.2365,28.1200,28.2100,370400
1472221499,28.1600,28.2100,28.1000,28.1400,219500
1472221500,28.2700,28.3050,28.1600,28.1650,366000
1472221619,28.1950,28.2950,28.1700,28.2700,434800
1472221620,28.2300,28.3000,28.1900,28.1900,165300
1472221680,28.2100,28.2600,28.2000,28.2300,114400
1472221799,28.1950,28.2300,28.1500,28.2100,180000
1472221858,28.2000,28.2400,28.1600,28.2000,141700
1472221919,28.1250,28.2100,28.1150,28.2000,195500
1472221979,28.0600,28.1400,28.0580,28.1250,155900
1472222039,28.0000,28.0661,27.9200,28.0550,275800
1472222099,28.0100,28.0700,27.9900,28.0000,127300
1472222100,28.0500,28.0890,27.9700,28.0100,166800
1472222160,28.1300,28.1400,28.0600,28.0600,114100
1472222279,28.1100,28.1700,28.0900,28.1266,172800
1472222339,28.1500,28.1900,28.0900,28.1100,182400
1472222340,28.1700,28.1850,28.1450,28.1500,133200
1472222459,28.1450,28.1800,28.1200,28.1750,178600
1472222519,28.0500,28.1500,28.0200,28.1450,173500
1472222577,28.0400,28.0900,28.0000,28.0400,112300
1472222580,28.0500,28.0800,27.9700,28.0400,145500
1472222699,27.9900,28.0500,27.9850,28.0500,111900
1472222759,27.9750,28.0000,27.9500,27.9870,173300
1472222819,27.9500,28.0100,27.9400,27.9786,82100
1472222878,27.9000,27.9800,27.8800,27.9500,139600
1472222939,27.9250,27.9300,27.8800,27.8900,88200
1472222999,27.8300,27.9300,27.8210,27.9200,192500
1472223059,27.7900,27.8300,27.6750,27.8250,304200
1472223119,27.7300,27.7950,27.6900,27.7900,172700
1472223179,27.7900,27.7900,27.6600,27.7308,161000
1472223239,27.8900,27.9200,27.7900,27.7900,133200
1472223299,27.9400,27.9461,27.8975,27.9000,127800
1472223359,27.9250,27.9400,27.8300,27.9400,141200
1472223419,27.9000,27.9400,27.8850,27.9200,90200
1472223476,27.8800,27.9100,27.8500,27.9100,78500
1472223539,27.9400,27.9650,27.8800,27.8800,136500
1472223599,27.9100,27.9600,27.8900,27.9400,89300
1472223657,27.9000,27.9201,27.8600,27.9100,94400
1472223719,27.8900,27.9400,27.8650,27.8999,109000
1472223776,27.9100,27.9300,27.8799,27.8900,99000
1472223780,27.8800,27.9100,27.8300,27.9100,97200
1472223899,27.8900,27.9050,27.8650,27.8800,90300
1472223902,27.9400,27.9400,27.8900,27.8900,110400
1472224019,27.9950,28.0000,27.9200,27.9400,156000
1472224020,28.0300,28.0550,28.0000,28.0000,189400
1472224081,28.0700,28.0700,28.0100,28.0300,112500
1472224199,28.1250,28.1499,28.0700,28.0700,201800
1472224259,28.0200,28.1300,28.0100,28.1249,194400
1472224319,27.9600,28.0200,27.9530,28.0200,161400
1472224379,28.0900,28.0900,27.9650,27.9700,165700
1472224439,28.0400,28.1000,28.0050,28.1000,110300
1472224499,28.0900,28.1200,28.0400,28.0400,76800
1472224558,28.1050,28.1500,28.0800,28.0900,967200
1472224619,28.1050,28.1100,28.0600,28.1100,95700
1472224679,28.0400,28.1150,28.0100,28.1100,100300
1472224737,27.9800,28.0400,27.9700,28.0400,154500
1472224798,27.9200,27.9750,27.8800,27.9700,158700
1472224800,27.9500,27.9600,27.9000,27.9200,71800
1472224919,28.0350,28.0400,27.9500,27.9500,97300
1472224979,28.0500,28.0700,28.0300,28.0300,100500
1472225039,28.0200,28.0500,28.0051,28.0450,78100
1472225099,27.9750,28.0200,27.9350,28.0200,159600
1472225158,28.0000,28.0400,27.9750,27.9800,96200
1472225218,27.9700,28.0300,27.9700,27.9950,78000
1472225220,28.0250,28.0300,27.9400,27.9700,104900
1472225339,28.0369,28.0400,27.9850,28.0250,60600
1472225398,27.9800,28.0500,27.9800,28.0350,69700
1472225459,28.0200,28.0200,27.9750,27.9800,96100
1472225519,28.0450,28.0500,28.0200,28.0200,74000
1472225577,28.0158,28.0487,28.0050,28.0400,79500
1472225639,28.0300,28.0400,28.0100,28.0150,73800
1472225699,28.0400,28.0500,28.0300,28.0300,73300
1472225759,27.9850,28.0400,27.9700,28.0310,103800
1472225819,27.8200,27.9850,27.8100,27.9800,196900
1472225879,27.7400,27.8300,27.7300,27.8150,354800
1472225939,27.6200,27.7750,27.6100,27.7350,245700
1472225999,27.5650,27.6700,27.5100,27.6100,316000
1472226000,27.5400,27.6100,27.5350,27.5600,261800
1472226119,27.4700,27.5550,27.4200,27.5400,281700
1472226179,27.5100,27.5200,27.3700,27.4600,329100
1472226238,27.5100,27.5400,27.4600,27.5000,237400
1472226299,27.6600,27.6800,27.5000,27.5000,255800
1472226359,27.5700,27.6700,27.5600,27.6600,188500
1472226360,27.5550,27.5650,27.5000,27.5600,243500
1472226479,27.6350,27.6400,27.5200,27.5500,168500
1472226481,27.5800,27.6600,27.5700,27.6300,145600
1472226599,27.6000,27.6100,27.5400,27.5800,126700
1472226659,27.4700,27.6000,27.4700,27.6000,157500
1472226719,27.3400,27.4800,27.3350,27.4750,320800
1472226720,27.3100,27.3400,27.2013,27.3300,496800
1472226839,27.3700,27.4200,27.3050,27.3100,197300
1472226899,27.4600,27.4900,27.3500,27.3700,153000
1472226959,27.3200,27.4900,27.3200,27.4600,154700
1472227018,27.4200,27.4400,27.3050,27.3100,138800
1472227020,27.3700,27.4299,27.3435,27.4200,73900
1472227137,27.4200,27.4700,27.3700,27.3700,74800
1472227199,27.4550,27.4600,27.3900,27.4200,90600
1472227259,27.3300,27.4600,27.3000,27.4600,188900
1472227319,27.3650,27.3700,27.2700,27.3300,176500
1472227320,27.3300,27.3650,27.3100,27.3600,71600
1472227437,27.3100,27.3300,27.2500,27.3300,194200
1472227499,27.3000,27.3200,27.2800,27.3200,93600
1472227559,27.2390,27.3100,27.2300,27.3100,143200
1472227619,27.1450,27.2300,27.1400,27.2300,235500
1472227679,27.1900,27.2600,27.1300,27.1450,272000
1472227738,27.0700,27.1900,27.0700,27.1900,188600
1472227799,27.1500,27.1900,27.0600,27.0700,288300
1472227859,27.1300,27.1500,27.0800,27.1500,173900
1472227919,27.1300,27.1600,27.1000,27.1300,221200
1472227979,27.1100,27.1300,27.0000,27.1300,385100
1472228039,27.2100,27.2100,27.0900,27.1100,234000
1472228098,27.2500,27.2900,27.2100,27.2199,163600
1472228159,27.2500,27.2900,27.2000,27.2500,209800
1472228219,27.2500,27.2700,27.2250,27.2500,128700
1472228278,27.2600,27.2900,27.2500,27.2600,110800
1472228338,27.2400,27.2800,27.2000,27.2600,156200
1472228399,27.2900,27.3300,27.2300,27.2450,191300
1472228458,27.2700,27.3400,27.2600,27.2957,140800
1472228519,27.2900,27.3000,27.2600,27.2750,109900
1472228579,27.3200,27.3300,27.2899,27.2899,98400
1472228639,27.2600,27.3200,27.2600,27.3200,120000
1472228699,27.2700,27.2800,27.2000,27.2600,131100
1472228700,27.2700,27.2900,27.2500,27.2600,99400
1472228760,27.2500,27.2800,27.2400,27.2600,79500
1472228878,27.2900,27.3100,27.2400,27.2500,92000
1472228939,27.3450,27.3700,27.2600,27.2900,156300
1472228997,27.3700,27.3800,27.2900,27.3500,117600
1472229058,27.3000,27.3750,27.2800,27.3750,129400
1472229119,27.2850,27.3250,27.2800,27.3000,100700
1472229121,27.3000,27.3100,27.2700,27.2850,60400
1472229237,27.3108,27.3300,27.2700,27.2900,59800
1472229296,27.3600,27.3700,27.3000,27.3200,122500
1472229359,27.3900,27.4100,27.3400,27.3600,77800
1472229419,27.3665,27.4090,27.3250,27.3900,106900
1472229479,27.4300,27.4400,27.3600,27.3600,87800
1472229537,27.4700,27.4900,27.4250,27.4250,91400
1472229598,27.4700,27.4900,27.4300,27.4700,73600
1472229659,27.4400,27.4700,27.4400,27.4700,67700
1472229718,27.4800,27.4800,27.4400,27.4500,47800
1472229778,27.4729,27.4900,27.4600,27.4850,54100
1472229781,27.4650,27.4900,27.4650,27.4800,43900
1472229895,27.4500,27.4850,27.4500,27.4675,47000
1472229959,27.4400,27.4700,27.4260,27.4600,73300
1472230019,27.4900,27.4900,27.4400,27.4400,45100
1472230078,27.4600,27.5200,27.4500,27.4900,125700
1472230137,27.4950,27.5000,27.4600,27.4600,49100
1472230142,27.5000,27.5600,27.4900,27.5000,88400
1472230259,27.5200,27.5250,27.4800,27.5000,65000
1472230319,27.5400,27.5500,27.4700,27.5100,105100
1472230379,27.5800,27.6100,27.5500,27.5500,125200
1472230438,27.5350,27.5900,27.5350,27.5900,86500
1472230499,27.5530,27.5700,27.5400,27.5400,63900
1472230559,27.5200,27.5800,27.4900,27.5700,77600
1472230619,27.5000,27.5200,27.4900,27.5200,40600
1472230675,27.4900,27.5050,27.4650,27.5000,45800
1472230735,27.5500,27.5500,27.4950,27.4950,71700
1472230740,27.5450,27.5600,27.5200,27.5500,58800
1472230856,27.5000,27.5450,27.5000,27.5450,37600
1472230917,27.4400,27.5050,27.4200,27.5050,104500
1472230979,27.4650,27.4800,27.4250,27.4400,75200
1472231039,27.4600,27.4600,27.4300,27.4600,49700
1472231090,27.4500,27.4800,27.4500,27.4600,45500
1472231159,27.4400,27.4700,27.4300,27.4500,51800
1472231217,27.3800,27.4400,27.3600,27.4400,109900
1472231220,27.3250,27.3850,27.3200,27.3850,58700
1472231339,27.3750,27.4200,27.3300,27.3300,104600
1472231397,27.4050,27.4100,27.3750,27.3790,50800
1472231458,27.4600,27.4730,27.4150,27.4150,56300
1472231519,27.4266,27.4600,27.4150,27.4600,43600
1472231579,27.4000,27.4300,27.3700,27.4200,46100
1472231636,27.4000,27.4100,27.3800,27.4000,53900
1472231699,27.3500,27.4000,27.3500,27.3900,39000
1472231759,27.3700,27.3900,27.3401,27.3500,44700
1472231819,27.3400,27.3900,27.3400,27.3700,61700
1472231877,27.3500,27.3600,27.3350,27.3500,44200
1472231931,27.3500,27.3800,27.3300,27.3450,35200
1472231999,27.3400,27.3700,27.3330,27.3400,53200
1472232057,27.3200,27.3400,27.2950,27.3300,50800
1472232119,27.3150,27.3400,27.3000,27.3200,45800
1472232122,27.3200,27.3500,27.3050,27.3200,70500
1472232237,27.2950,27.3200,27.2950,27.3100,27300
1472232241,27.3300,27.3450,27.2900,27.2900,35300
1472232357,27.3484,27.3600,27.3250,27.3300,64800
1472232360,27.3300,27.3700,27.3250,27.3500,68500
1472232476,27.3400,27.3500,27.3100,27.3300,45700
1472232539,27.3500,27.3600,27.3350,27.3450,36400
1472232599,27.3901,27.4000,27.3100,27.3500,125200
1472232653,27.3660,27.4000,27.3500,27.4000,68000
1472232660,27.3750,27.3800,27.3500,27.3600,36800
1472232779,27.3600,27.3800,27.3350,27.3700,49300
1472232781,27.3600,27.3800,27.3500,27.3600,33900
1472232840,27.3600,27.3800,27.3500,27.3600,45600
1472232959,27.3500,27.3650,27.3300,27.3600,38200
1472232960,27.2750,27.3500,27.2700,27.3500,72800
1472233079,27.3050,27.3100,27.2700,27.2800,65100
1472233138,27.2900,27.3100,27.2600,27.3100,52000
1472233199,27.2699,27.2950,27.2650,27.2900,15000
1472233201,27.2600,27.2800,27.2600,27.2700,52200
1472233319,27.2500,27.2700,27.2450,27.2600,40900
1472233379,27.2600,27.2700,27.2500,27.2500,30400
1472233436,27.2600,27.2700,27.2500,27.2600,34800
1472233499,27.1800,27.2550,27.1800,27.2500,53100
1472233557,27.2000,27.2100,27.1650,27.1900,85500
1472233560,27.1650,27.2200,27.1650,27.2100,92500
1472233677,27.1700,27.1900,27.1600,27.1700,45300
1472233735,27.2000,27.2100,27.1650,27.1700,42500
1472233796,27.2100,27.2200,27.2000,27.2100,40300
1472233858,27.2400,27.2400,27.2100,27.2200,81100
1472233860,27.2400,27.2700,27.2200,27.2400,141500
1472233979,27.2100,27.2400,27.2100,27.2300,38400
1472234038,27.2000,27.2200,27.1800,27.2100,85500
1472234098,27.2100,27.2400,27.2000,27.2000,62900
1472234158,27.1600,27.2300,27.1600,27.2150,97200
1472234219,27.1600,27.2000,27.1600,27.1650,93800
1472234279,27.1600,27.1700,27.1400,27.1700,63500
1472234280,27.1950,27.2100,27.1500,27.1550,56200
1472234399,27.2200,27.2300,27.1700,27.1900,88900
1472234456,27.2200,27.2350,27.2050,27.2200,60300
1472234519,27.2150,27.2300,27.2031,27.2100,59600
1472234576,27.1700,27.2100,27.1700,27.2100,44400
1472234581,27.1750,27.1800,27.1500,27.1700,47600
1472234640,27.1600,27.1800,27.1500,27.1800,41700
1472234759,27.1500,27.1700,27.1400,27.1600,38400
1472234819,27.2010,27.2100,27.1450,27.1500,105900
1472234879,27.1900,27.2200,27.1800,27.2100,59700
1472234938,27.1950,27.2000,27.1750,27.1800,51900
1472234997,27.2000,27.2100,27.1900,27.2000,40100
1472235000,27.1700,27.2100,27.1700,27.2000,41300
1472235118,27.1701,27.1911,27.1700,27.1750,63300
1472235177,27.1700,27.1775,27.1550,27.1708,50000
1472235238,27.1003,27.1800,27.1000,27.1800,75500
1472235299,27.1210,27.1498,27.1100,27.1100,44300
1472235359,27.1300,27.1400,27.1100,27.1250,58100
1472235418,27.1050,27.1400,27.1000,27.1300,63500
1472235479,27.0800,27.1111,27.0800,27.1000,63200
1472235480,27.0900,27.0900,27.0700,27.0800,47600
1472235596,27.0900,27.1000,27.0710,27.0900,15900
1472235659,27.1300,27.1300,27.0700,27.0850,63200
1472235719,27.1100,27.1500,27.1000,27.1300,84000
1472235778,27.1200,27.1200,27.0900,27.1200,40500
1472235839,27.1050,27.1300,27.1000,27.1100,37700
1472235898,27.1100,27.1200,27.0950,27.1050,66700
1472235959,27.1300,27.1300,27.0900,27.1050,36100
1472236019,27.1100,27.1400,27.0900,27.1300,97800
1472236078,27.0750,27.1200,27.0700,27.1100,51100
1472236139,27.0600,27.0900,27.0600,27.0800,74000
1472236199,27.0600,27.0800,27.0500,27.0600,105700
1472236259,27.0400,27.0600,27.0400,27.0600,50100
1472236319,26.9850,27.0500,26.9800,27.0450,156900
1472236320,26.9700,27.0100,26.9700,26.9850,91300
1472236439,26.9450,26.9900,26.9400,26.9700,131100
1472236495,26.9600,26.9700,26.9400,26.9401,107700
1472236559,26.9150,26.9550,26.9000,26.9550,161500
1472236619,26.8700,26.9200,26.8600,26.9100,151600
1472236678,26.8600,26.8800,26.8500,26.8700,127200
1472236739,26.8600,26.8900,26.8500,26.8583,131200
1472236799,26.8850,26.8900,26.8600,26.8600,37700
1472236857,26.9201,26.9350,26.8900,26.8900,113800
1472236917,26.9200,26.9200,26.9000,26.9200,93200
1472236979,26.8800,26.9200,26.8800,26.9200,92000
1472237039,26.8850,26.8900,26.8700,26.8850,97300
1472237099,26.8650,26.8900,26.8600,26.8850,95500
1472237159,26.9249,26.9400,26.8400,26.8660,185800
1472237219,26.9100,26.9750,26.9100,26.9300,96300
1472237279,26.9200,26.9200,26.8800,26.9100,74300
1472237339,26.9150,26.9500,26.9100,26.9250,76400
1472237398,26.9100,26.9200,26.8950,26.9150,70500
1472237400,26.8850,26.9200,26.8800,26.9100,80000
1472237519,26.9150,26.9300,26.8850,26.8900,65800
1472237579,26.9493,26.9500,26.9150,26.9200,97100
1472237638,26.9300,26.9450,26.9200,26.9400,49200
1472237698,26.9000,26.9300,26.8950,26.9300,79700
1472237757,26.9050,26.9200,26.8900,26.8950,58600
1472237760,26.9250,26.9300,26.8900,26.9000,104800
1472237878,26.9500,26.9800,26.9200,26.9300,98700
1472237939,26.9100,26.9500,26.8950,26.9500,89000
1472237940,26.9290,26.9300,26.9050,26.9100,92600
1472238058,26.9350,26.9700,26.9200,26.9250,147700
1472238119,26.9350,26.9500,26.9250,26.9342,115600
1472238179,26.9300,26.9400,26.9200,26.9350,43100
1472238234,26.9200,26.9250,26.9000,26.9250,60000
1472238296,26.9400,26.9500,26.9100,26.9100,92900
1472238357,26.9300,26.9450,26.9200,26.9450,56900
1472238362,26.9600,26.9750,26.9100,26.9300,131700
1472238479,26.9650,26.9800,26.9550,26.9600,95500
1472238539,26.9450,26.9700,26.9400,26.9650,49400
1472238599,26.9550,26.9600,26.9300,26.9400,64900
1472238658,27.0500,27.0700,26.9500,26.9600,143800
1472238719,27.0799,27.0800,27.0500,27.0500,184900
1472238777,27.0850,27.1100,27.0750,27.0750,61100
1472238835,27.0800,27.1000,27.0700,27.0873,80800
1472238842,27.1400,27.1400,27.0600,27.0700,113800
1472238900,27.0850,27.1500,27.0850,27.1350,220700
1472239019,27.0800,27.0900,27.0500,27.0800,79600
1472239078,27.0950,27.1000,27.0750,27.0750,47300
1472239139,27.0950,27.1100,27.0800,27.0950,55000
1472239198,27.0850,27.1000,27.0800,27.0900,70800
1472239259,27.0950,27.1000,27.0750,27.0850,55200
1472239318,27.0500,27.0900,27.0500,27.0900,94900
1472239378,27.0300,27.0600,27.0100,27.0600,88200
1472239439,27.0200,27.0425,27.0100,27.0391,99300
1472239499,27.0020,27.0350,27.0000,27.0250,86700
1472239504,27.0250,27.0500,27.0000,27.0000,103100
1472239619,27.0250,27.0400,27.0100,27.0200,70900
1472239679,27.1100,27.1100,27.0250,27.0300,116400
1472239738,27.1790,27.1800,27.1100,27.1100,132500
1472239799,27.1000,27.1800,27.0950,27.1700,118800
1472239859,27.1800,27.1800,27.0900,27.1000,71100
1472239860,27.2000,27.2300,27.1600,27.1800,142600
1472239979,27.2300,27.2900,27.1900,27.2000,259000
1472239980,27.2400,27.2500,27.2200,27.2300,39500
1472240099,27.2450,27.2700,27.2400,27.2500,60600
1472240159,27.2600,27.2650,27.2450,27.2500,39900
1472240161,27.2550,27.2900,27.2500,27.2700,75000
1472240220,27.2050,27.2599,27.1900,27.2599,126800
1472240338,27.2300,27.2350,27.2000,27.2050,81700
1472240399,27.2500,27.2560,27.2200,27.2300,112800
1472240459,27.2500,27.2600,27.2400,27.2500,95200
1472240519,27.2800,27.2900,27.2500,27.2500,96000
1472240577,27.2550,27.2800,27.2300,27.2799,112500
1472240638,27.2100,27.2550,27.2000,27.2500,106000
1472240699,27.2150,27.2300,27.2000,27.2050,79600
1472240757,27.2150,27.2400,27.2100,27.2150,334400
1472240819,27.2000,27.2300,27.1800,27.2200,477700
1472240878,27.2300,27.2550,27.1900,27.2000,279400
1472240939,27.2450,27.2500,27.2200,27.2299,68000
1472240999,27.2400,27.2700,27.2200,27.2500,252400
1472241059,27.2400,27.2495,27.2300,27.2400,146600
1472241118,27.2300,27.2600,27.2100,27.2300,154800
1472241178,27.2207,27.2350,27.2100,27.2300,185800
1472241239,27.1900,27.2300,27.1800,27.2250,201200
1472241299,27.1912,27.2200,27.1800,27.1850,263800
1472241359,27.2300,27.2400,27.1900,27.2000,288800
1472241419,27.2150,27.2350,27.2100,27.2250,226800
1472241479,27.2150,27.2250,27.2100,27.2200,131500
1472241480,27.1800,27.2400,27.1750,27.2200,437000
1472241599,27.1500,27.2100,27.1500,27.1800,507100
1472241600,27.1800,27.1800,27.1800,27.1800,100
