uri:/instrument/1.0/VUG/chartdata;type=quote;range=1d/csv
ticker:vug
Company-Name:Vanguard Growth ETF - DNQ
Exchange-Name:PCX
unit:MIN
timezone:EDT
currency:USD
gmtoffset:-14400
previous_close:113.3100
Timestamp:1472045400,1472068800
labels:1472047200,1472050800,1472054400,1472058000,1472061600,1472065200,1472068800
values:Timestamp,close,high,low,open,volume
close:112.2070,113.3100
high:112.2575,113.3100
low:112.2070,113.2800
open:112.2400,113.2800
volume:0,30100
1472045477,113.2200,113.2300,113.2200,113.2200,23900
1472045543,113.2100,113.2100,113.2100,113.2100,400
1472045683,113.2470,113.2470,113.2470,113.2470,200
1472045809,113.2400,113.2400,113.2400,113.2400,1200
1472045866,113.3100,113.3100,113.2800,113.2800,800
1472045994,113.2780,113.2780,113.2500,113.2500,700
1472046002,113.2950,113.2950,113.2500,113.2500,700
1472046238,113.2387,113.2387,113.2387,113.2387,300
1472046251,113.1900,113.2495,113.1900,113.2495,1500
1472046341,113.1850,113.1972,113.1775,113.1972,1100
1472046390,113.1901,113.1901,113.1901,113.1901,200
1472046428,113.1800,113.1983,113.1800,113.1983,600
1472046513,113.1700,113.1700,113.1700,113.1700,300
1472046579,113.1900,113.2100,113.1900,113.2100,7000
1472046604,113.1300,113.2000,113.1300,113.2000,2000
1472046837,113.1684,113.1684,113.1684,113.1684,100
1472046855,113.1476,113.1476,113.1453,113.1453,200
1472046911,113.1774,113.1810,113.1774,113.1810,400
1472046994,113.2100,113.2100,113.2100,113.2100,400
1472047159,113.2043,113.2043,113.2043,113.2043,200
1472047200,113.2200,113.2200,113.2200,113.2200,300
1472047325,113.1698,113.1698,113.1600,113.1600,500
1472047392,113.1989,113.1989,113.1610,113.1610,300
1472047493,113.2000,113.2000,113.1600,113.1765,2500
1472047552,113.2400,113.2400,113.2400,113.2400,200
1472047606,113.1800,113.2100,113.1800,113.2100,200
1472047622,113.1617,113.1700,113.1600,113.1600,500
1472047781,113.1616,113.1616,113.1600,113.1600,400
1472047926,113.1300,113.1300,113.1300,113.1300,500
1472048190,113.0770,113.1000,113.0770,113.1000,300
1472048330,113.1120,113.1200,113.0800,113.0800,1100
1472048352,113.1100,113.1100,113.1100,113.1100,100
1472048414,113.0834,113.0900,113.0834,113.0900,200
1472048466,113.0880,113.0880,113.0880,113.0880,300
1472048607,113.0810,113.0810,113.0671,113.0800,2100
1472048676,113.0471,113.0471,113.0471,113.0471,300
1472048722,113.0303,113.0500,113.0303,113.0500,800
1472048784,113.0365,113.0365,113.0365,113.0365,300
1472048846,113.0800,113.0800,113.0800,113.0800,100
1472048908,113.1000,113.1000,113.1000,113.1000,100
1472048966,113.0800,113.0800,113.0800,113.0800,100
1472049036,113.0420,113.0420,113.0420,113.0420,100
1472049114,113.0700,113.0700,113.0500,113.0500,400
1472049159,113.1000,113.1100,113.0900,113.0900,800
1472049190,113.1142,113.1142,113.1142,113.1142,300
1472049326,113.0940,113.0940,113.0940,113.0940,700
1472049365,113.0950,113.0950,113.0950,113.0950,700
1472049434,113.1199,113.1199,113.1100,113.1100,500
1472049544,113.0900,113.1000,113.0900,113.0926,1400
1472049616,113.0501,113.0988,113.0501,113.0988,200
1472049724,113.0614,113.0614,113.0614,113.0614,200
1472049834,113.0900,113.0900,113.0700,113.0700,200
1472049861,113.0700,113.0700,113.0700,113.0700,200
1472049900,113.0200,113.0700,113.0200,113.0700,800
1472049986,112.9800,113.0000,112.9800,113.0000,300
1472050023,112.9416,112.9416,112.9201,112.9389,600
1472050116,112.9540,112.9540,112.9500,112.9500,2300
1472050142,112.9750,112.9800,112.9401,112.9401,1500
1472050204,112.9724,112.9724,112.9724,112.9724,100
1472050303,112.9900,112.9900,112.9700,112.9700,2000
1472050335,112.9963,112.9963,112.9963,112.9963,200
1472050421,112.9700,112.9700,112.9700,112.9700,200
1472050545,113.0013,113.0013,113.0013,113.0013,200
1472050606,113.0038,113.0038,113.0038,113.0038,100
1472050624,113.0301,113.0301,113.0100,113.0100,1700
1472050737,113.0580,113.0580,113.0580,113.0580,900
1472050786,113.0200,113.0200,113.0200,113.0200,100
1472050848,113.0274,113.0274,113.0274,113.0274,300
1472050932,113.0499,113.0499,113.0499,113.0499,200
1472050983,113.0400,113.0400,113.0370,113.0372,3000
1472051127,113.0600,113.0600,113.0399,113.0399,900
1472051169,113.0500,113.0699,113.0500,113.0600,800
1472051292,113.0691,113.0691,113.0691,113.0691,400
1472051371,113.0599,113.0599,113.0599,113.0599,200
1472051411,113.0400,113.0400,113.0400,113.0400,200
1472051491,113.0500,113.0500,113.0400,113.0400,600
1472051573,113.0300,113.0401,113.0300,113.0401,200
1472051612,113.0100,113.0100,113.0100,113.0100,200
1472051657,113.0100,113.0200,113.0100,113.0200,800
1472051775,113.0301,113.0301,113.0300,113.0300,400
1472051892,113.0400,113.0400,113.0400,113.0400,100
1472051979,113.0200,113.0200,113.0200,113.0200,100
1472052020,113.0243,113.0243,113.0243,113.0243,200
1472052067,112.9800,113.0000,112.9800,113.0000,600
1472052151,112.9899,112.9899,112.9730,112.9730,500
1472052194,113.0000,113.0000,112.9700,112.9906,1300
1472052251,112.9826,112.9899,112.9800,112.9837,500
1472052415,112.9601,112.9800,112.9601,112.9800,1100
1472052444,112.9900,112.9900,112.9800,112.9800,1500
1472052531,113.0200,113.0200,113.0200,113.0200,100
1472052581,113.0300,113.0300,113.0151,113.0200,4700
1472052655,113.0200,113.0200,113.0200,113.0200,100
1472052664,113.0078,113.0200,113.0078,113.0100,1000
1472052813,112.9940,113.0000,112.9940,113.0000,400
1472052880,113.0016,113.0099,113.0016,113.0099,300
1472052962,113.0000,113.0170,113.0000,113.0170,2400
1472053049,113.0101,113.0200,113.0101,113.0200,1400
1472053153,113.0400,113.0439,113.0400,113.0439,1900
1472053240,113.0200,113.0200,113.0200,113.0200,100
1472053310,113.0200,113.0428,113.0200,113.0428,500
1472053353,113.0140,113.0140,113.0000,113.0000,1300
1472053408,112.9800,112.9800,112.9800,112.9800,400
1472053457,112.9800,112.9800,112.9800,112.9800,100
1472053551,112.9800,112.9800,112.9700,112.9700,1900
1472053662,113.0000,113.0000,112.9900,112.9900,600
1472053731,113.0185,113.0185,113.0100,113.0100,600
1472053759,113.0000,113.0000,113.0000,113.0000,100
1472053814,112.9700,112.9700,112.9700,112.9700,500
1472053866,113.0100,113.0100,112.9832,112.9832,1100
1472053944,112.9700,112.9800,112.9700,112.9700,8400
1472054007,112.9900,112.9900,112.9600,112.9700,13800
1472054047,112.9750,112.9750,112.9700,112.9700,1100
1472054136,112.9501,112.9501,112.9501,112.9501,5600
1472054160,112.9600,112.9800,112.9500,112.9799,2800
1472054264,112.9627,112.9627,112.9627,112.9627,900
1472054316,112.9700,112.9726,112.9600,112.9700,1100
1472054385,112.9812,112.9900,112.9812,112.9900,800
1472054512,112.9525,112.9600,112.9525,112.9600,1100
1472054557,112.9540,112.9540,112.9540,112.9540,200
1472054607,112.9761,112.9761,112.9600,112.9684,1200
1472054718,112.9852,112.9852,112.9800,112.9800,300
1472054818,112.9900,112.9912,112.9900,112.9912,200
1472054832,113.0100,113.0100,113.0000,113.0100,1300
1472054881,113.0516,113.0550,113.0500,113.0500,1400
1472054979,113.0400,113.0540,113.0400,113.0540,1700
1472055011,113.0458,113.0458,113.0300,113.0300,300
1472055075,113.0500,113.0500,113.0400,113.0456,1300
1472055127,113.0501,113.0501,113.0501,113.0501,100
1472055231,113.0734,113.0734,113.0734,113.0734,100
1472055251,113.0799,113.0799,113.0799,113.0799,1000
1472055321,113.0625,113.0899,113.0601,113.0899,2400
1472055361,113.0600,113.0600,113.0600,113.0600,100
1472055466,113.0400,113.0420,113.0400,113.0420,200
1472055481,113.0500,113.0612,113.0500,113.0521,1100
1472055565,113.0400,113.0440,113.0400,113.0440,600
1472055726,113.0316,113.0399,113.0316,113.0399,400
1472055819,113.0400,113.0400,113.0399,113.0399,500
1472055844,113.0300,113.0300,113.0300,113.0300,200
1472055997,113.0260,113.0300,113.0260,113.0300,200
1472056022,113.0399,113.0399,113.0399,113.0399,500
1472056094,113.0000,113.0200,113.0000,113.0131,2600
1472056202,113.0026,113.0026,113.0026,113.0026,300
1472056314,113.0200,113.0200,113.0200,113.0200,100
1472056334,113.0263,113.0263,113.0161,113.0161,1300
1472056443,113.0199,113.0199,113.0199,113.0199,200
1472056502,113.0100,113.0100,113.0100,113.0100,400
1472056641,113.0199,113.0199,113.0199,113.0199,400
1472056703,113.0200,113.0200,113.0100,113.0100,500
1472056799,113.0300,113.0348,113.0300,113.0348,500
1472056814,113.0200,113.0200,113.0200,113.0200,100
1472056882,113.0200,113.0300,113.0200,113.0250,400
1472056958,113.0100,113.0200,113.0100,113.0200,300
1472056982,113.0143,113.0180,113.0143,113.0180,600
1472057059,113.0377,113.0377,113.0298,113.0298,700
1472057137,113.0496,113.0496,113.0437,113.0437,600
1472057183,113.0400,113.0400,113.0400,113.0400,900
1472057238,113.0699,113.0699,113.0699,113.0699,800
1472057283,113.0316,113.0450,113.0316,113.0450,800
1472057348,113.0219,113.0402,113.0219,113.0402,400
1472057516,113.0512,113.0512,113.0320,113.0484,5700
1472057542,113.0599,113.0599,113.0500,113.0540,1400
1472057681,113.0702,113.0702,113.0702,113.0702,600
1472057769,113.0700,113.0940,113.0700,113.0940,1300
1472057913,113.0687,113.0700,113.0687,113.0700,400
1472057989,113.0700,113.0700,113.0700,113.0700,100
1472058030,113.0674,113.0674,113.0674,113.0674,400
1472058189,113.0275,113.0275,113.0275,113.0275,100
1472058264,113.0410,113.0410,113.0410,113.0410,400
1472058419,113.0632,113.0632,113.0632,113.0632,100
1472058430,113.0755,113.0756,113.0755,113.0756,400
1472058652,113.0521,113.0521,113.0521,113.0521,100
1472058673,113.0400,113.0400,113.0400,113.0400,600
1472058780,113.0300,113.0300,113.0300,113.0300,300
1472059075,113.0200,113.0400,113.0200,113.0400,1300
1472059093,113.0100,113.0200,113.0100,113.0200,800
1472059153,113.0000,113.0000,113.0000,113.0000,200
1472059258,113.0151,113.0151,113.0151,113.0151,100
1472059319,113.0175,113.0175,113.0100,113.0100,700
1472059348,113.0050,113.0100,113.0050,113.0100,300
1472059489,113.0000,113.0000,113.0000,113.0000,100
1472059529,112.9970,112.9970,112.9970,112.9970,200
1472059564,112.9900,113.0100,112.9900,112.9952,4900
1472059644,113.0000,113.0000,112.9950,112.9950,500
1472059703,112.9900,112.9900,112.9900,112.9900,100
1472059794,112.9800,112.9800,112.9800,112.9800,100
1472059808,112.9832,112.9832,112.9832,112.9832,100
1472059862,112.9700,112.9700,112.9700,112.9700,400
1472059993,112.9640,112.9640,112.9640,112.9640,2800
1472060063,112.9740,112.9740,112.9740,112.9740,1100
1472060189,112.9721,112.9721,112.9721,112.9721,200
1472060269,112.9700,112.9700,112.9663,112.9663,600
1472060324,112.9574,112.9640,112.9500,112.9600,13100
1472060342,112.9680,112.9680,112.9680,112.9680,400
1472060495,112.9474,112.9474,112.9474,112.9474,200
1472060573,112.9500,112.9500,112.9500,112.9500,1400
1472060703,112.9500,112.9500,112.9500,112.9500,100
1472060782,112.9600,112.9800,112.9600,112.9674,1100
1472060882,112.9700,112.9700,112.9700,112.9700,200
1472060950,112.9600,112.9663,112.9600,112.9663,600
1472061045,112.9600,112.9600,112.9500,112.9500,1100
1472061079,112.9500,112.9500,112.9500,112.9500,200
1472061130,112.9274,112.9400,112.9274,112.9400,300
1472061216,112.9108,112.9108,112.9108,112.9108,100
1472061274,112.9126,112.9200,112.9000,112.9100,1200
1472061333,112.9034,112.9200,112.9034,112.9083,1400
1472061382,112.8998,112.9060,112.8940,112.9000,6700
1472061508,112.9030,112.9039,112.9030,112.9039,500
1472061593,112.9081,112.9200,112.9048,112.9200,400
1472061602,112.9000,112.9100,112.9000,112.9053,1000
1472061665,112.8700,112.8990,112.8700,112.8970,1900
1472061744,112.8700,112.8800,112.8700,112.8800,300
1472061834,112.8312,112.8400,112.8312,112.8400,800
1472061889,112.7882,112.8399,112.7882,112.8251,3000
1472061907,112.7150,112.7500,112.7074,112.7500,2900
1472061987,112.7100,112.7161,112.7100,112.7150,2000
1472062026,112.7400,112.7426,112.7050,112.7100,1700
1472062139,112.7426,112.7426,112.7200,112.7220,7200
1472062199,112.7700,112.7700,112.7340,112.7499,4400
1472062247,112.7400,112.7650,112.7400,112.7600,3200
1472062263,112.7400,112.7400,112.7201,112.7400,7200
1472062326,112.7300,112.7400,112.7213,112.7400,3300
1472062421,112.7600,112.7600,112.7321,112.7400,6200
1472062445,112.7700,112.7700,112.7600,112.7600,3900
1472062516,112.7490,112.7700,112.7400,112.7700,4100
1472062610,112.7500,112.7600,112.7356,112.7356,3900
1472062621,112.7700,112.7700,112.7466,112.7500,3500
1472062705,112.7600,112.7800,112.7500,112.7700,3200
1472062769,112.7600,112.7600,112.7600,112.7600,1400
1472062848,112.7498,112.7600,112.7452,112.7600,13700
1472062863,112.7600,112.7700,112.7600,112.7700,2700
1472062925,112.7000,112.7300,112.6900,112.7100,3100
1472063028,112.6899,112.6900,112.6800,112.6900,3100
1472063053,112.6600,112.6800,112.6300,112.6800,3900
1472063148,112.6900,112.6900,112.6429,112.6429,3700
1472063213,112.6700,112.6800,112.6500,112.6500,6000
1472063243,112.6500,112.6700,112.6500,112.6700,2800
1472063335,112.6600,112.6600,112.6201,112.6389,13000
1472063391,112.6600,112.6600,112.6600,112.6600,500
1472063457,112.6499,112.6500,112.6499,112.6500,300
1472063474,112.6300,112.6300,112.6300,112.6300,800
1472063534,112.6182,112.6270,112.6182,112.6270,1100
1472063669,112.6500,112.6500,112.6497,112.6497,400
1472063705,112.6700,112.6700,112.6520,112.6520,700
1472063782,112.6556,112.6600,112.6556,112.6600,600
1472063821,112.6516,112.6516,112.6500,112.6500,300
1472063929,112.6360,112.6360,112.6360,112.6360,100
1472063967,112.6500,112.6500,112.6400,112.6400,400
1472064057,112.6700,112.6700,112.6625,112.6625,900
1472064073,112.6724,112.6724,112.6600,112.6700,1100
1472064201,112.7000,112.7000,112.7000,112.7000,4500
1472064293,112.6997,112.7080,112.6900,112.7080,1800
1472064304,112.6600,112.6940,112.6600,112.6900,30100
1472064404,112.6902,112.6902,112.6902,112.6902,700
1472064463,112.6700,112.6970,112.6700,112.6847,700
1472064480,112.6826,112.6945,112.6800,112.6800,10400
1472064551,112.6500,112.6600,112.6500,112.6600,900
1472064654,112.6420,112.6500,112.6420,112.6500,6500
1472064683,112.6545,112.6600,112.6545,112.6600,1100
1472064772,112.6674,112.6740,112.6647,112.6647,5200
1472064781,112.6838,112.6838,112.6590,112.6590,500
1472064871,112.6900,112.6900,112.6900,112.6900,700
1472064907,112.7084,112.7084,112.6714,112.6714,1800
1472064978,112.7116,112.7116,112.7000,112.7000,700
1472065079,112.7300,112.7400,112.7100,112.7100,4200
1472065084,112.7200,112.7280,112.7120,112.7280,2000
1472065143,112.7200,112.7300,112.7200,112.7290,1000
1472065222,112.7100,112.7155,112.7100,112.7155,1600
1472065296,112.6930,112.6960,112.6930,112.6960,500
1472065344,112.6830,112.7000,112.6830,112.7000,400
1472065384,112.6900,112.6900,112.6788,112.6874,2300
1472065445,112.6900,112.6900,112.6700,112.6855,400
1472065536,112.6800,112.6900,112.6800,112.6900,200
1472065561,112.6350,112.6600,112.6350,112.6600,6900
1472065621,112.6000,112.6190,112.6000,112.6190,1100
1472065734,112.5300,112.6000,112.5300,112.6000,4300
1472065747,112.4653,112.5300,112.4653,112.5200,5900
1472065817,112.4500,112.4500,112.4374,112.4374,3000
1472065888,112.4998,112.4998,112.4900,112.4900,600
1472065979,112.5000,112.5000,112.4800,112.4900,2000
1472066034,112.4800,112.5000,112.4800,112.4900,4300
1472066070,112.4350,112.4700,112.4350,112.4700,1400
1472066153,112.4631,112.4631,112.4600,112.4600,300
1472066186,112.4400,112.4500,112.4400,112.4500,900
1472066238,112.4150,112.4150,112.4100,112.4100,300
1472066289,112.4499,112.4670,112.4400,112.4400,900
1472066340,112.4100,112.4398,112.4083,112.4398,1000
1472066402,112.3900,112.4000,112.3900,112.4000,2100
1472066517,112.4200,112.4200,112.3800,112.3800,1600
1472066573,112.4100,112.4200,112.4100,112.4200,700
1472066585,112.4200,112.4400,112.4200,112.4200,2400
1472066648,112.4300,112.4500,112.4300,112.4382,1000
1472066753,112.4300,112.4300,112.4200,112.4200,900
1472066802,112.4200,112.4300,112.4100,112.4300,5000
1472066849,112.4300,112.4300,112.4263,112.4300,2200
1472066935,112.4400,112.4500,112.4300,112.4300,2300
1472066996,112.4200,112.4400,112.4200,112.4300,2600
1472067000,112.4200,112.4200,112.4150,112.4150,2100
1472067061,112.4300,112.4350,112.4200,112.4200,5700
1472067133,112.4400,112.4400,112.4300,112.4300,4300
1472067199,112.4362,112.4500,112.4300,112.4500,6600
1472067299,112.4384,112.4384,112.4384,112.4384,200
1472067301,112.4100,112.4400,112.4100,112.4400,1600
1472067412,112.4139,112.4363,112.4100,112.4363,3000
1472067479,112.3400,112.4100,112.3400,112.4100,3300
1472067480,112.3300,112.3400,112.3100,112.3400,5100
1472067598,112.3000,112.3342,112.3000,112.3310,8000
1472067651,112.2700,112.3100,112.2600,112.3000,4300
1472067661,112.2848,112.2850,112.2700,112.2700,2300
1472067730,112.3200,112.3200,112.2980,112.2980,1900
1472067838,112.2750,112.3200,112.2700,112.3200,1800
1472067842,112.2900,112.3000,112.2900,112.3000,3100
1472067954,112.2718,112.2718,112.2718,112.2718,300
1472068019,112.2070,112.2800,112.2070,112.2800,6000
1472068029,112.2500,112.2575,112.2400,112.2400,2800
1472068082,112.2600,112.2600,112.2400,112.2400,1600
1472068189,112.2652,112.2652,112.2652,112.2652,300
1472068259,112.2900,112.3200,112.2600,112.2600,3200
1472068260,112.3200,112.3200,112.2900,112.2900,1800
1472068372,112.3400,112.3400,112.3200,112.3200,600
1472068385,112.3300,112.3350,112.3200,112.3300,3000
1472068445,112.3400,112.3400,112.3115,112.3200,2400
1472068502,112.3500,112.3550,112.3400,112.3550,2500
1472068566,112.3400,112.3700,112.3400,112.3500,3700
1472068638,112.3800,112.3800,112.3500,112.3600,2500
1472068738,112.3800,112.3800,112.3700,112.3800,6000
1472068742,112.4700,112.4800,112.3800,112.3800,19900
1472068800,112.4800,112.4800,112.4800,112.4800,0
