uri:/instrument/1.0/SPGI/chartdata;type=quote;range=1d/csv
ticker:spgi
Company-Name:S&P Global Inc. Common Stock
Exchange-Name:NYQ
unit:MIN
timezone:EDT
currency:USD
gmtoffset:-14400
previous_close:120.9100
Timestamp:1472045400,1472068800
labels:1472047200,1472050800,1472054400,1472058000,1472061600,1472065200,1472068800
values:Timestamp,close,high,low,open,volume
close:120.6500,121.7500
high:120.6900,121.7700
low:120.6400,121.7400
open:120.6500,121.7600
volume:100,146900
1472045520,120.6900,120.6900,120.6900,120.6900,10000
1472045596,120.8850,120.8850,120.8850,120.8850,300
1472045747,121.0600,121.1300,120.8000,120.8000,2800
1472045817,120.9701,121.1000,120.9700,120.9700,500
1472045820,120.9600,121.0800,120.9600,120.9700,1300
1472045936,121.1200,121.1200,120.9800,120.9800,3600
1472045986,121.2400,121.3700,121.1100,121.1200,3600
1472046020,121.0700,121.2600,121.0600,121.2000,11500
1472046072,121.0900,121.1400,121.0500,121.1400,300
1472046121,121.1700,121.1700,121.0900,121.0910,1500
1472046239,120.9000,121.1350,120.9000,121.1350,1700
1472046256,120.7800,120.8800,120.7800,120.8800,400
1472046348,120.7300,120.8300,120.7300,120.7600,600
1472046413,120.6501,120.7500,120.6501,120.7300,1100
1472046424,120.6500,120.7500,120.6500,120.6500,600
1472046539,120.8000,120.9000,120.6500,120.7300,4800
1472046562,120.8170,120.8170,120.8170,120.8170,200
1472046632,120.8100,120.8400,120.8000,120.8400,1100
1472046700,120.7300,120.7700,120.7100,120.7700,1500
1472046775,120.6900,120.7500,120.6800,120.6800,600
1472046837,120.6800,120.7500,120.6800,120.6800,1000
1472046883,120.6800,120.7200,120.6800,120.6800,400
1472046944,120.8100,120.8200,120.6800,120.6800,3200
1472046964,120.7800,120.8200,120.7700,120.8200,800
1472047112,120.7100,120.7200,120.6700,120.7100,2000
1472047157,120.7300,120.7300,120.7200,120.7200,400
1472047200,120.8800,120.8800,120.7800,120.7800,600
1472047277,120.8800,120.8800,120.8800,120.8800,100
1472047369,120.8200,120.8200,120.8100,120.8200,800
1472047492,120.7501,120.7501,120.7501,120.7501,100
1472047512,120.8000,120.8000,120.7700,120.7700,300
1472047594,120.7300,120.7500,120.7000,120.7500,1200
1472047720,120.8200,120.8200,120.7800,120.7800,600
1472047805,120.7700,120.7900,120.7500,120.7900,1400
1472047910,120.8350,120.8350,120.7600,120.8200,500
1472048041,120.7700,120.7900,120.7700,120.7900,1300
1472048158,120.7700,120.7700,120.6600,120.7600,2700
1472048251,120.6801,120.7700,120.6801,120.7150,400
1472048301,120.7600,120.7600,120.7100,120.7100,500
1472048369,120.7755,120.7755,120.7755,120.7755,200
1472048409,120.7300,120.7400,120.7300,120.7400,900
1472048483,120.7600,120.7600,120.7000,120.7000,700
1472048542,120.7400,120.7400,120.6700,120.7200,3200
1472048617,120.7500,120.7500,120.6400,120.7300,3300
1472048640,120.8100,120.8200,120.7600,120.7600,900
1472048794,120.8250,120.8412,120.7600,120.8000,4600
1472048867,120.7101,120.8300,120.7101,120.8300,200
1472048883,120.8400,120.8400,120.8400,120.8400,500
1472048997,120.8900,120.8900,120.8400,120.8400,2000
1472049000,120.8550,120.9000,120.8450,120.8700,3300
1472049071,120.8900,120.9000,120.8400,120.8700,3600
1472049128,121.0000,121.0000,120.9300,120.9300,800
1472049196,121.0500,121.0500,121.0100,121.0100,800
1472049320,121.1300,121.1450,121.0750,121.0750,1600
1472049419,121.1600,121.1600,121.1600,121.1600,100
1472049485,121.1600,121.2000,121.1600,121.1700,2000
1472049547,121.1800,121.1950,121.0700,121.1300,500
1472049719,121.0800,121.1300,121.0800,121.1200,400
1472049720,121.1300,121.1300,121.0700,121.0700,400
1472049839,121.2700,121.2700,121.0800,121.0800,1700
1472049840,121.3800,121.4200,121.2600,121.2700,10700
1472049910,121.3000,121.3100,121.2700,121.3100,1900
1472049973,121.1500,121.2900,121.1500,121.2900,600
1472050078,121.2800,121.2800,121.1700,121.1700,600
1472050087,121.3600,121.3600,121.2700,121.2700,1400
1472050140,121.2350,121.3600,121.2350,121.3600,1000
1472050202,121.2550,121.2550,121.2550,121.2550,100
1472050266,121.3150,121.3150,121.2163,121.2163,1200
1472050362,121.3500,121.3500,121.3500,121.3500,100
1472050428,121.3600,121.3600,121.3600,121.3600,500
1472050447,121.4500,121.4500,121.3900,121.3900,300
1472050551,121.4800,121.4800,121.4350,121.4500,800
1472050573,121.5200,121.5200,121.4700,121.5100,2300
1472050638,121.5600,121.5600,121.5100,121.5200,3500
1472050680,121.6100,121.6200,121.5700,121.6100,2000
1472050744,121.6400,121.6400,121.6100,121.6100,300
1472050858,121.6300,121.6700,121.5900,121.5900,5200
1472050863,121.6700,121.6700,121.6300,121.6300,2200
1472050930,121.5700,121.7000,121.5700,121.7000,1400
1472050980,121.5400,121.5400,121.5400,121.5400,2300
1472051094,121.5000,121.5000,121.4200,121.4600,1700
1472051100,121.3850,121.5500,121.3850,121.5200,2300
1472051168,121.5300,121.5300,121.3950,121.4100,2400
1472051253,121.5600,121.5600,121.5052,121.5052,800
1472051282,121.6000,121.6100,121.5700,121.5700,800
1472051403,121.5300,121.5600,121.5100,121.5400,2800
1472051460,121.6200,121.6200,121.5200,121.5600,2100
1472051531,121.6300,121.6300,121.6300,121.6300,400
1472051636,121.6300,121.6300,121.6300,121.6300,1300
1472051642,121.7000,121.7050,121.6300,121.6300,900
1472051802,121.7400,121.7400,121.6700,121.7000,1000
1472051850,121.7400,121.7400,121.7400,121.7400,300
1472051883,121.6600,121.7400,121.6200,121.7000,3100
1472051940,121.6100,121.6800,121.6100,121.6800,1500
1472052028,121.6800,121.6800,121.6000,121.6000,1600
1472052093,121.5800,121.6300,121.5800,121.6300,800
1472052146,121.5800,121.5800,121.5300,121.5300,300
1472052208,121.5450,121.5450,121.5050,121.5300,500
1472052240,121.5200,121.5500,121.4600,121.5000,1700
1472052300,121.6000,121.6000,121.5600,121.5600,900
1472052475,121.6600,121.6600,121.5400,121.5400,1400
1472052500,121.7500,121.7700,121.7000,121.7000,3100
1472052596,121.6400,121.6900,121.6400,121.6900,1500
1472052624,121.6200,121.6300,121.6100,121.6300,700
1472052710,121.5450,121.5600,121.5400,121.5600,1700
1472052778,121.6900,121.6900,121.5400,121.5450,3000
1472052833,121.7000,121.7200,121.6900,121.6900,400
1472052842,121.6900,121.6900,121.6900,121.6900,300
1472052953,121.5600,121.6900,121.5600,121.6900,2400
1472052976,121.6500,121.6500,121.6200,121.6300,1200
1472053051,121.6600,121.6600,121.6400,121.6400,700
1472053080,121.7100,121.7600,121.6700,121.6700,2300
1472053175,121.7200,121.7200,121.6700,121.7000,1400
1472053217,121.7400,121.7400,121.7000,121.7400,1400
1472053302,121.7500,121.7600,121.7200,121.7600,800
1472053324,121.6000,121.7000,121.6000,121.7000,1300
1472053431,121.5600,121.6400,121.5600,121.6300,1600
1472053486,121.4700,121.5100,121.4600,121.5100,300
1472053615,121.4900,121.4900,121.4400,121.4400,400
1472053620,121.4900,121.4900,121.4900,121.4900,500
1472053681,121.4900,121.5100,121.4800,121.4800,1900
1472053764,121.4100,121.4800,121.4100,121.4800,1500
1472053806,121.4700,121.4700,121.3700,121.4000,2500
1472053860,121.4200,121.4900,121.3700,121.4900,1400
1472053975,121.3400,121.4200,121.3400,121.4000,1500
1472054031,121.3650,121.3650,121.3650,121.3650,100
1472054041,121.3900,121.3900,121.3200,121.3300,2600
1472054152,121.4500,121.4500,121.3700,121.3700,800
1472054163,121.4600,121.4600,121.4600,121.4600,1200
1472054321,121.4400,121.4400,121.4050,121.4050,500
1472054396,121.4300,121.4700,121.4300,121.4300,2000
1472054404,121.4600,121.4900,121.4600,121.4700,300
1472054549,121.3800,121.4400,121.3800,121.4400,2000
1472054639,121.3500,121.3800,121.3500,121.3800,600
1472054699,121.3500,121.3600,121.3500,121.3600,200
1472054704,121.4364,121.4400,121.3500,121.3500,2100
1472054795,121.4700,121.4700,121.4700,121.4700,200
1472054878,121.5300,121.5300,121.4800,121.5000,800
1472054929,121.5450,121.5600,121.5200,121.5600,5800
1472054947,121.4900,121.5200,121.4700,121.5100,1600
1472055051,121.4600,121.4600,121.4600,121.4600,300
1472055092,121.5300,121.5300,121.4750,121.5000,2200
1472055131,121.5200,121.5200,121.5200,121.5200,300
1472055180,121.5000,121.5500,121.5000,121.5500,1500
1472055336,121.5250,121.5500,121.5000,121.5000,600
1472055367,121.3500,121.5200,121.3500,121.5000,4400
1472055478,121.3600,121.4000,121.3600,121.3800,1300
1472055509,121.4600,121.4600,121.4200,121.4200,500
1472055592,121.4600,121.4750,121.4500,121.4750,1400
1472055719,121.4400,121.4400,121.4400,121.4400,300
1472055724,121.4300,121.4400,121.4300,121.4400,400
1472055809,121.4000,121.4000,121.4000,121.4000,100
1472055951,121.4400,121.4500,121.4001,121.4001,600
1472056008,121.4700,121.4900,121.4400,121.4500,1100
1472056067,121.5000,121.5000,121.4700,121.5000,1100
1472056090,121.4500,121.5000,121.4500,121.5000,1900
1472056181,121.4400,121.4400,121.4200,121.4200,1200
1472056206,121.4700,121.4800,121.4550,121.4700,900
1472056318,121.5000,121.5050,121.4900,121.4900,2000
1472056322,121.5100,121.5200,121.5000,121.5000,1400
1472056400,121.4700,121.4800,121.4400,121.4800,1000
1472056499,121.4200,121.4200,121.4100,121.4200,500
1472056530,121.4050,121.4050,121.4050,121.4050,300
1472056668,121.4300,121.4400,121.4100,121.4100,1400
1472056729,121.4600,121.4600,121.4500,121.4500,300
1472056766,121.4600,121.4700,121.4400,121.4400,300
1472056838,121.2500,121.4500,121.2500,121.4500,3200
1472056916,121.3400,121.3400,121.3000,121.3000,1700
1472056921,121.3400,121.3400,121.3400,121.3400,100
1472056996,121.3400,121.3400,121.3400,121.3400,500
1472057044,121.3400,121.3600,121.3000,121.3000,3100
1472057137,121.3000,121.3500,121.3000,121.3500,1300
1472057201,121.2500,121.2900,121.2500,121.2900,1000
1472057221,121.3000,121.3000,121.2500,121.2500,900
1472057289,121.3700,121.3700,121.2900,121.3300,1500
1472057383,121.2800,121.2800,121.2800,121.2800,500
1472057403,121.3100,121.3100,121.3100,121.3100,400
1472057465,121.3500,121.3500,121.3300,121.3400,2200
1472057550,121.4000,121.4000,121.4000,121.4000,300
1472057581,121.4000,121.4000,121.4000,121.4000,100
1472057665,121.4550,121.4550,121.4400,121.4400,500
1472057704,121.4300,121.4300,121.4300,121.4300,300
1472057772,121.4269,121.4269,121.4000,121.4100,4800
1472057867,121.3800,121.4000,121.3600,121.3975,1500
1472057893,121.4250,121.4250,121.3700,121.3700,2400
1472058050,121.4200,121.4200,121.4200,121.4200,100
1472058070,121.3900,121.4200,121.3900,121.4200,1200
1472058122,121.3500,121.3900,121.3500,121.3700,600
1472058223,121.4100,121.4100,121.3990,121.3994,1600
1472058278,121.4200,121.4200,121.4200,121.4200,100
1472058303,121.4400,121.4400,121.4100,121.4100,1100
1472058366,121.3900,121.4200,121.3900,121.4200,800
1472058482,121.4050,121.4300,121.4000,121.4100,1800
1472058598,121.4500,121.4500,121.4400,121.4400,800
1472058614,121.4200,121.4500,121.4200,121.4500,200
1472058669,121.3900,121.4200,121.3800,121.4200,1400
1472058777,121.3100,121.3100,121.3100,121.3100,200
1472058839,121.2977,121.2977,121.2900,121.2900,200
1472058875,121.2700,121.2700,121.2600,121.2700,400
1472058928,121.3200,121.3200,121.3000,121.3000,1000
1472058978,121.3200,121.3200,121.3200,121.3200,300
1472059020,121.3100,121.3400,121.3100,121.3200,1600
1472059080,121.2900,121.3000,121.2900,121.3000,400
1472059277,121.3900,121.3900,121.2500,121.2500,1900
1472059382,121.3500,121.3700,121.3500,121.3700,500
1472059514,121.2900,121.3400,121.2900,121.3400,1100
1472059589,121.3300,121.3300,121.3200,121.3200,600
1472059626,121.3400,121.3400,121.3400,121.3400,100
1472059724,121.3600,121.3600,121.3600,121.3600,300
1472059756,121.3100,121.3200,121.3100,121.3200,800
1472059823,121.3000,121.3000,121.3000,121.3000,700
1472059863,121.2400,121.2800,121.2400,121.2800,600
1472059924,121.2500,121.2500,121.2500,121.2500,400
1472059989,121.2300,121.2300,121.2300,121.2300,200
1472060044,121.2500,121.2800,121.2500,121.2500,1100
1472060201,121.2160,121.2160,121.2160,121.2160,200
1472060277,121.2275,121.2275,121.2200,121.2200,200
1472060338,121.2400,121.2400,121.2200,121.2300,1300
1472060357,121.3000,121.3100,121.2300,121.2300,1800
1472060569,121.3200,121.3200,121.3200,121.3200,300
1472060600,121.3400,121.3400,121.3400,121.3400,100
1472060704,121.2800,121.3200,121.2800,121.3200,1900
1472060803,121.2900,121.3100,121.2900,121.3100,2000
1472060837,121.2500,121.2900,121.2500,121.2900,1800
1472061024,121.2920,121.3100,121.2200,121.2500,2000
1472061060,121.2600,121.2800,121.2600,121.2800,700
1472061193,121.2900,121.2900,121.2500,121.2500,300
1472061250,121.2900,121.3000,121.2900,121.2900,1100
1472061375,121.2500,121.2500,121.2500,121.2500,200
1472061518,121.2800,121.2900,121.2800,121.2900,600
1472061549,121.2600,121.2800,121.2500,121.2800,1900
1472061600,121.2500,121.2500,121.2400,121.2400,800
1472061674,121.2300,121.2700,121.2100,121.2700,1100
1472061723,121.3000,121.3000,121.2400,121.2400,3300
1472061867,121.1900,121.2400,121.1900,121.2400,800
1472061949,121.0600,121.1600,121.0400,121.1600,1500
1472062019,121.1600,121.1600,121.0600,121.0700,1400
1472062024,121.1800,121.1800,121.1600,121.1600,300
1472062130,121.1600,121.1600,121.1600,121.1600,400
1472062141,121.1560,121.1560,121.1400,121.1400,1100
1472062331,121.1300,121.1300,121.1300,121.1300,700
1472062407,121.2100,121.2300,121.2100,121.2300,700
1472062465,121.2450,121.2450,121.2450,121.2450,100
1472062519,121.1300,121.1800,121.1300,121.1800,2000
1472062603,121.1300,121.1300,121.1200,121.1200,900
1472062644,121.1600,121.1700,121.1300,121.1300,1000
1472062732,121.1800,121.1900,121.1600,121.1600,300
1472062744,121.1700,121.1700,121.1700,121.1700,100
1472062915,121.2000,121.2200,121.1700,121.2100,2100
1472062962,121.1700,121.2000,121.1200,121.2000,3200
1472062987,121.1500,121.1600,121.1200,121.1600,1200
1472063106,121.2200,121.2200,121.1500,121.1500,1700
1472063178,121.1800,121.1800,121.1600,121.1800,900
1472063266,121.1200,121.1500,121.1200,121.1500,1000
1472063329,121.2100,121.2200,121.1500,121.1700,1300
1472063395,121.2100,121.2100,121.2100,121.2100,600
1472063422,121.2200,121.2800,121.2200,121.2800,3200
1472063518,121.2400,121.2400,121.2000,121.2200,400
1472063524,121.1800,121.2400,121.1400,121.1800,1900
1472063589,121.1700,121.2300,121.1700,121.2300,800
1472063644,121.2200,121.2200,121.2200,121.2200,500
1472063750,121.2900,121.2900,121.2900,121.2900,200
1472063773,121.2300,121.2800,121.2300,121.2800,200
1472063833,121.1100,121.2300,121.1100,121.2300,2000
1472063890,121.1900,121.1900,121.1600,121.1600,700
1472063996,121.2700,121.2800,121.1900,121.1900,800
1472064057,121.2600,121.2900,121.2600,121.2600,1200
1472064072,121.2700,121.2700,121.2700,121.2700,100
1472064133,121.2654,121.3100,121.2500,121.3100,2200
1472064206,121.2800,121.2899,121.2400,121.2400,1100
1472064254,121.2650,121.2700,121.2500,121.2700,900
1472064378,121.2900,121.2900,121.2800,121.2800,400
1472064475,121.2800,121.3100,121.2700,121.2700,500
1472064520,121.2900,121.2900,121.2900,121.2900,200
1472064542,121.2700,121.2900,121.2700,121.2900,2000
1472064636,121.2750,121.2750,121.2750,121.2750,300
1472064684,121.2800,121.2800,121.2500,121.2500,700
1472064772,121.2800,121.2800,121.2800,121.2800,200
1472064783,121.2900,121.3000,121.2700,121.2700,1500
1472064914,121.3400,121.3500,121.3000,121.3100,4000
1472064962,121.3000,121.3200,121.3000,121.3200,600
1472065075,121.3000,121.3000,121.3000,121.3000,500
1472065086,121.2900,121.2900,121.2900,121.2900,100
1472065147,121.2800,121.2900,121.2800,121.2900,1100
1472065206,121.2500,121.2800,121.2500,121.2800,1100
1472065273,121.2500,121.2500,121.2500,121.2500,400
1472065330,121.2100,121.2400,121.2100,121.2400,900
1472065386,121.2000,121.2100,121.2000,121.2100,700
1472065459,121.2600,121.2600,121.2200,121.2200,2200
1472065506,121.2500,121.2800,121.2500,121.2800,2000
1472065567,121.2200,121.2400,121.2100,121.2400,1400
1472065624,121.1600,121.2100,121.1600,121.2100,700
1472065687,121.1200,121.1400,121.1200,121.1400,600
1472065799,121.0200,121.0600,121.0200,121.0600,700
1472065801,121.0100,121.0200,121.0100,121.0200,500
1472065868,121.0700,121.0700,121.0300,121.0300,3100
1472065922,121.0400,121.0600,121.0400,121.0600,900
1472066026,121.0200,121.0300,121.0200,121.0300,900
1472066080,120.9300,121.0100,120.9300,121.0100,900
1472066113,120.9651,121.0000,120.9200,120.9700,2900
1472066186,120.9500,120.9600,120.9500,120.9600,700
1472066247,120.9500,120.9700,120.9400,120.9400,1100
1472066292,120.9800,120.9900,120.9700,120.9700,1300
1472066346,120.9400,120.9800,120.9400,120.9800,700
1472066417,120.8600,120.9200,120.8600,120.9200,1700
1472066496,120.9200,120.9200,120.8500,120.8500,1900
1472066548,120.9200,120.9200,120.9100,120.9100,600
1472066593,120.9100,120.9400,120.9100,120.9300,800
1472066646,120.8900,120.9000,120.8900,120.9000,1400
1472066754,120.8900,120.9100,120.8800,120.8800,2000
1472066779,120.9100,120.9100,120.8800,120.8900,1600
1472066834,120.8900,120.8900,120.8900,120.8900,300
1472066887,120.9600,120.9700,120.9200,120.9200,2300
1472066940,120.9000,120.9800,120.9000,120.9400,2000
1472067020,120.9500,120.9500,120.9200,120.9200,600
1472067073,120.9300,120.9300,120.9000,120.9000,900
1472067122,120.9400,120.9400,120.9100,120.9300,3800
1472067181,120.9000,120.9400,120.9000,120.9300,2900
1472067268,120.9300,120.9300,120.9300,120.9300,1400
1472067344,120.9200,120.9200,120.9100,120.9200,800
1472067360,120.9100,120.9200,120.8900,120.9000,4200
1472067428,120.8600,120.9000,120.8500,120.9000,4300
1472067493,120.8000,120.8100,120.7600,120.8100,2100
1472067566,120.7500,120.8000,120.7500,120.7900,2000
1472067651,120.7600,120.7800,120.7200,120.7600,4300
1472067666,120.7500,120.7700,120.7230,120.7230,1000
1472067769,120.7500,120.7600,120.7500,120.7600,5600
1472067781,120.7000,120.7650,120.6900,120.7650,4800
1472067890,120.7000,120.7500,120.7000,120.7100,4100
1472067955,120.6900,120.7200,120.6800,120.7000,7100
1472068013,120.6600,120.7500,120.6600,120.7200,5400
1472068021,120.7224,120.7400,120.6400,120.6600,5600
1472068088,120.7300,120.7400,120.7200,120.7300,1700
1472068143,120.7900,120.8000,120.7400,120.7500,5800
1472068257,120.7800,120.8400,120.7625,120.7700,5700
1472068263,120.8100,120.8117,120.7800,120.8000,1600
1472068326,120.7800,120.8142,120.7800,120.7900,1100
1472068385,120.7900,120.8000,120.7700,120.7800,5200
1472068440,120.8200,120.8200,120.7800,120.7800,1900
1472068509,120.8100,120.8200,120.8000,120.8100,4700
1472068565,120.8200,120.8200,120.8000,120.8200,3200
1472068677,120.8400,120.8500,120.7900,120.8200,6300
1472068680,120.8550,120.8600,120.8400,120.8400,6300
1472068799,120.9800,121.0100,120.8700,120.8700,18900
1472068800,120.9400,120.9400,120.9400,120.9400,146900
