uri:/instrument/1.0/SPB/chartdata;type=quote;range=1d/csv
ticker:spb
Company-Name:Spectrum Brands Holdings, Inc. 
Exchange-Name:NYQ
unit:MIN
timezone:EDT
currency:USD
gmtoffset:-14400
previous_close:132.4000
Timestamp:1472218200,1472241600
labels:1472220000,1472223600,1472227200,1472230800,1472234400,1472238000,1472241600
values:Timestamp,close,high,low,open,volume
close:131.6400,133.2300
high:131.6700,133.2600
low:131.6400,133.2000
open:131.6700,133.2000
volume:100,10900
1472218230,132.4700,132.4700,132.4700,132.4700,2600
1472218380,132.3100,132.3100,132.0500,132.1000,3000
1472218455,132.4400,132.4400,132.3500,132.3500,200
1472218512,132.3100,132.3100,132.3100,132.3100,100
1472218582,132.1000,132.3300,132.1000,132.3300,3600
1472218688,132.2000,132.2000,132.2000,132.2000,1100
1472218806,132.2500,132.3300,132.2500,132.2700,1200
1472218910,132.3300,132.3300,132.2800,132.3300,400
1472218971,132.3300,132.3700,132.2100,132.3400,900
1472219079,132.4000,132.4800,132.4000,132.4000,300
1472219108,132.4500,132.4500,132.4500,132.4500,100
1472219246,132.4400,132.4500,132.4200,132.4500,800
1472219320,132.3300,132.4400,132.3300,132.4400,2300
1472219384,132.3800,132.3800,132.3300,132.3300,300
1472219415,132.2900,132.2900,132.2900,132.2900,300
1472219556,132.2500,132.2500,132.2500,132.2500,200
1472219834,132.2700,132.3300,132.2700,132.3300,500
1472219966,132.1900,132.1900,132.1900,132.1900,300
1472220010,132.1400,132.1500,132.1400,132.1500,300
1472220074,131.8300,131.9600,131.8300,131.9600,900
1472220161,132.0400,132.0800,132.0300,132.0400,800
1472220193,132.1900,132.1900,132.1900,132.1900,1500
1472220280,132.5400,132.5400,132.4600,132.4600,300
1472220479,132.3450,132.3650,132.3450,132.3650,300
1472220571,132.4900,132.4900,132.4900,132.4900,200
1472220708,132.2900,132.4200,132.2900,132.3900,600
1472220808,132.3900,132.3900,132.3900,132.3900,400
1472220878,132.3900,132.3900,132.3900,132.3900,100
1472220952,132.4800,132.4800,132.4100,132.4200,1400
1472221074,132.7000,132.7800,132.5200,132.5200,1000
1472221099,132.7900,132.7900,132.7700,132.7700,800
1472221187,132.7500,132.7500,132.7500,132.7500,300
1472221377,132.8100,132.9990,132.8100,132.8300,900
1472221420,132.9899,132.9899,132.8900,132.8900,400
1472221528,132.7800,132.8700,132.7400,132.8700,900
1472221781,132.7000,132.8400,132.7000,132.8400,2100
1472221812,132.7600,132.8300,132.7600,132.7900,500
1472222012,132.9000,132.9000,132.9000,132.9000,200
1472222082,132.9300,132.9900,132.9300,132.9900,1200
1472222162,132.8500,132.8600,132.8400,132.8400,700
1472222283,132.8400,132.9000,132.8400,132.8460,3800
1472222473,132.7300,132.7900,132.7300,132.7900,400
1472222790,132.7100,132.7100,132.7000,132.7000,500
1472222839,132.6550,132.6550,132.6550,132.6550,100
1472222883,132.6200,132.6850,132.6200,132.6850,500
1472223238,132.9300,132.9300,132.6600,132.6600,1200
1472223292,132.9900,132.9900,132.9900,132.9900,100
1472223328,132.9900,132.9900,132.9900,132.9900,100
1472223388,132.8200,132.8700,132.8200,132.8700,200
1472223503,132.7800,132.7800,132.7800,132.7800,100
1472223632,132.8900,132.8900,132.8900,132.8900,100
1472223778,132.8300,132.8300,132.8300,132.8300,300
1472223802,132.7700,132.7700,132.7700,132.7700,700
1472223931,132.8700,132.8700,132.8700,132.8700,100
1472223966,132.9700,132.9800,132.8700,132.8700,800
1472224038,133.0100,133.0200,133.0000,133.0000,800
1472224204,132.9100,132.9800,132.9100,132.9600,1400
1472224268,132.9150,132.9150,132.9150,132.9150,300
1472224438,133.1000,133.1200,133.0700,133.0800,600
1472224489,133.0900,133.0900,133.0900,133.0900,100
1472224524,133.1000,133.1000,133.1000,133.1000,500
1472224644,133.1000,133.1100,133.0200,133.0700,3100
1472224723,133.0400,133.0875,133.0200,133.0875,1300
1472224782,133.1300,133.1400,133.0600,133.0600,700
1472224844,133.2100,133.2100,133.1500,133.1500,500
1472224917,133.2300,133.2600,133.2000,133.2000,900
1472225013,133.2000,133.2000,133.2000,133.2000,100
1472225073,133.2000,133.2000,133.2000,133.2000,300
1472225276,133.0500,133.1600,133.0100,133.1500,3300
1472225362,133.0500,133.1400,133.0500,133.0900,900
1472225435,133.1100,133.1100,133.0300,133.0300,700
1472225629,133.1300,133.1300,133.1300,133.1300,200
1472225643,133.1000,133.1300,133.1000,133.1300,200
1472225795,133.1000,133.1400,133.1000,133.1300,400
1472225872,133.0100,133.0900,133.0100,133.0900,1000
1472225939,133.1300,133.1300,133.1000,133.1000,200
1472226044,133.0200,133.0400,133.0200,133.0400,400
1472226153,133.0400,133.0400,132.9400,132.9400,1100
1472226239,133.0900,133.0900,132.9500,133.0200,900
1472226254,133.1000,133.1100,133.0700,133.0700,900
1472226510,133.1200,133.1200,133.1200,133.1200,100
1472226592,133.1000,133.1000,133.1000,133.1000,200
1472226658,133.0700,133.0700,133.0250,133.0250,300
1472226684,132.9500,133.0900,132.9500,133.0900,1100
1472226721,132.8400,132.9000,132.7300,132.9000,700
1472226810,132.7000,132.7000,132.6800,132.6850,600
1472226866,132.8000,132.8000,132.7200,132.7200,400
1472226901,132.8400,132.8400,132.7300,132.7300,1500
1472226976,132.8300,132.8300,132.8200,132.8200,200
1472227033,132.8800,132.8800,132.8800,132.8800,100
1472227093,132.8600,132.8600,132.8600,132.8600,700
1472227218,132.8000,132.8600,132.7600,132.8600,600
1472227361,132.7900,132.7900,132.7900,132.7900,700
1472227431,132.7900,132.7900,132.7900,132.7900,600
1472227452,132.8500,132.8500,132.7250,132.7900,1000
1472227521,132.7800,132.7800,132.7800,132.7800,600
1472227580,132.6900,132.6900,132.6900,132.6900,100
1472227648,132.6800,132.6800,132.6200,132.6200,300
1472227696,132.4000,132.4000,132.4000,132.4000,300
1472227781,132.3900,132.3900,132.3900,132.3900,100
1472227874,132.3400,132.4900,132.3400,132.4900,800
1472228012,132.3200,132.3200,132.3100,132.3100,700
1472228045,132.3400,132.3500,132.3400,132.3500,500
1472228344,132.2900,132.2900,132.2900,132.2900,800
1472228614,132.3300,132.3300,132.3100,132.3100,600
1472228689,132.1500,132.1800,132.1500,132.1800,200
1472228783,132.1200,132.1200,132.1200,132.1200,500
1472229229,132.2300,132.2300,132.2300,132.2300,300
1472229343,132.3200,132.3200,132.3200,132.3200,100
1472229416,132.3250,132.4200,132.3250,132.4200,300
1472229571,132.3400,132.3400,132.3400,132.3400,200
1472229873,132.6500,132.6500,132.5000,132.5000,600
1472229940,132.6500,132.6500,132.6400,132.6400,300
1472229960,132.5900,132.5900,132.5700,132.5700,400
1472230383,132.7500,132.7500,132.6400,132.6400,300
1472230600,132.7300,132.7300,132.7300,132.7300,200
1472230785,132.6900,132.6900,132.6900,132.6900,500
1472230817,132.6400,132.6400,132.6400,132.6400,400
1472230976,132.6900,132.6900,132.6800,132.6800,600
1472230983,132.5800,132.7100,132.5800,132.7100,900
1472231093,132.6200,132.6200,132.6200,132.6200,300
1472231181,132.5700,132.5700,132.5700,132.5700,800
1472231248,132.6000,132.6000,132.6000,132.6000,400
1472231290,132.6600,132.6600,132.6200,132.6200,500
1472231620,132.5601,132.5601,132.5601,132.5601,100
1472231646,132.5700,132.5700,132.5700,132.5700,200
1472231742,132.6350,132.6350,132.6350,132.6350,200
1472231840,132.5600,132.6600,132.5600,132.6600,800
1472231910,132.5100,132.5100,132.5100,132.5100,100
1472231947,132.5800,132.5800,132.5800,132.5800,400
1472232085,132.5700,132.5700,132.5700,132.5700,100
1472232164,132.5600,132.5600,132.5400,132.5400,1000
1472232180,132.5300,132.5300,132.4800,132.5100,1000
1472232259,132.5600,132.5600,132.5600,132.5600,200
1472232321,132.5700,132.6000,132.5700,132.6000,400
1472232382,132.5700,132.5700,132.5700,132.5700,300
1472232600,132.5800,132.6500,132.5800,132.5800,1200
1472232704,132.6100,132.6300,132.6100,132.6200,1000
1472232722,132.6100,132.6100,132.5800,132.6100,300
1472232781,132.6000,132.6050,132.6000,132.6050,700
1472232929,132.5000,132.5500,132.5000,132.5500,500
1472233169,132.4000,132.4400,132.4000,132.4400,500
1472233210,132.3500,132.3500,132.3500,132.3500,200
1472233292,132.3990,132.3990,132.3990,132.3990,1400
1472233344,132.4350,132.4350,132.4350,132.4350,100
1472233512,132.2700,132.3700,132.2700,132.3400,800
1472233728,132.2850,132.2850,132.2850,132.2850,100
1472233775,132.2100,132.2100,132.2100,132.2100,200
1472233944,132.1210,132.2500,132.1210,132.2500,700
1472233997,132.1300,132.1300,132.1300,132.1300,100
1472234110,132.2000,132.2000,132.1200,132.1200,200
1472234235,132.1600,132.1600,132.1600,132.1600,100
1472234380,132.1400,132.1700,132.1400,132.1700,800
1472234400,132.0300,132.1300,132.0300,132.1300,1600
1472234582,131.9300,132.0150,131.9300,132.0150,900
1472234684,131.9900,132.0000,131.8600,131.9000,1900
1472234744,131.9850,131.9850,131.9850,131.9850,100
1472234945,131.9300,131.9800,131.9300,131.9800,400
1472235007,132.0800,132.0800,132.0400,132.0400,600
1472235146,132.0950,132.0950,132.0950,132.0950,100
1472235182,132.1000,132.1000,132.1000,132.1000,100
1472235294,131.9450,132.0600,131.9450,132.0600,400
1472235334,131.8300,131.8700,131.7900,131.8700,800
1472235417,131.7800,131.7800,131.7800,131.7800,200
1472235566,131.7600,131.7600,131.7600,131.7600,200
1472235615,131.8300,131.8300,131.8300,131.8300,300
1472235666,131.8100,131.8450,131.8100,131.8200,600
1472235918,131.8100,131.8100,131.8100,131.8100,100
1472235978,131.7700,131.8345,131.7700,131.8345,800
1472236041,131.7900,131.7900,131.7900,131.7900,100
1472236200,131.7300,131.7400,131.7300,131.7400,700
1472236292,131.8000,131.8000,131.8000,131.8000,100
1472236439,131.7500,131.7900,131.7500,131.7900,300
1472236476,131.7300,131.7300,131.7300,131.7300,100
1472236555,131.7550,131.7700,131.7100,131.7100,400
1472236601,131.7900,131.7900,131.7900,131.7900,100
1472236658,131.7400,131.7400,131.7400,131.7400,100
1472236713,131.7500,131.7500,131.7500,131.7500,800
1472236839,131.8250,131.8300,131.8250,131.8300,200
1472236904,131.8300,131.8300,131.8300,131.8300,300
1472237072,131.7200,131.8000,131.7200,131.8000,900
1472237193,131.6700,131.6800,131.6700,131.6800,200
1472237264,131.6700,131.6700,131.6700,131.6700,200
1472237519,131.6400,131.6700,131.6400,131.6700,300
1472237619,131.6800,131.7400,131.6800,131.7300,1600
1472237747,131.7900,131.7900,131.7800,131.7900,300
1472237831,131.7500,131.7500,131.7500,131.7500,100
1472237943,131.8100,131.8100,131.8000,131.8000,400
1472238057,131.8599,131.8599,131.8599,131.8599,100
1472238119,131.8100,131.8100,131.8100,131.8100,100
1472238176,131.8250,131.8250,131.7500,131.8000,1200
1472238199,131.7450,131.7900,131.7450,131.7900,600
1472238253,131.7700,131.7700,131.7700,131.7700,100
1472238333,131.7100,131.7100,131.7100,131.7100,100
1472238384,131.8300,131.8300,131.7900,131.7900,1400
1472238470,131.7600,131.7900,131.7600,131.7900,400
1472238548,131.7600,131.7900,131.7600,131.7900,300
1472238728,131.7500,131.7500,131.7500,131.7500,600
1472238794,131.8100,131.8400,131.8100,131.8300,800
1472238879,131.8200,131.8400,131.8200,131.8400,200
1472238940,131.8600,131.8600,131.8250,131.8600,600
1472238992,131.8300,131.8300,131.8300,131.8300,700
1472239107,131.8000,131.8000,131.8000,131.8000,200
1472239235,131.7900,131.7900,131.7900,131.7900,100
1472239269,131.7500,131.7500,131.7500,131.7500,100
1472239337,131.8500,131.8500,131.8500,131.8500,100
1472239398,131.8100,131.8200,131.8100,131.8100,400
1472239500,131.8600,131.8600,131.8600,131.8600,800
1472239650,131.9800,132.0300,131.9800,132.0300,300
1472239726,132.2700,132.2700,132.0500,132.0500,700
1472239740,132.3000,132.3000,132.1600,132.2950,1600
1472239806,132.1800,132.1800,132.1800,132.1800,200
1472239871,132.3200,132.3400,132.3200,132.3400,600
1472239974,132.3300,132.3400,132.3300,132.3400,400
1472240009,132.2900,132.2900,132.2900,132.2900,200
1472240118,132.2800,132.3700,132.2800,132.3700,1500
1472240184,132.1700,132.2300,132.1700,132.2300,1000
1472240383,132.0800,132.0800,132.0000,132.0100,1900
1472240471,132.1000,132.1800,132.1000,132.1800,700
1472240591,132.0850,132.1700,132.0850,132.1400,1100
1472240672,132.1800,132.1800,132.1800,132.1800,100
1472240700,132.1100,132.1100,132.0800,132.1000,1700
1472240764,131.9700,132.0000,131.9700,132.0000,1500
1472240874,132.0600,132.0800,132.0200,132.0200,1000
1472240904,132.1400,132.1400,132.0700,132.1300,600
1472240996,132.1525,132.1525,132.1100,132.1300,700
1472241014,132.1300,132.1300,132.0400,132.0400,1800
1472241087,132.0900,132.1600,132.0900,132.1600,500
1472241128,132.1200,132.1200,132.1200,132.1200,200
1472241209,132.1100,132.1100,132.0600,132.0600,1700
1472241294,131.9600,132.0050,131.9600,132.0050,800
1472241302,131.9600,131.9600,131.9600,131.9600,900
1472241377,132.0500,132.0500,131.9900,131.9900,300
1472241439,132.0200,132.0600,132.0100,132.0600,2800
1472241490,132.0500,132.0500,132.0500,132.0500,1600
1472241570,131.9900,132.1200,131.9900,132.1000,3500
1472241600,131.9900,131.9900,131.9900,131.9900,10900
