uri:/instrument/1.0/ACWI/chartdata;type=quote;range=1d/csv
ticker:acwi
Company-Name:iShares MSCI ACWI Index Fund
Exchange-Name:NGM
unit:MIN
timezone:EDT
currency:USD
gmtoffset:-14400
previous_close:59.0000
Timestamp:1472131800,1472155200
labels:1472133600,1472137200,1472140800,1472144400,1472148000,1472151600,1472155200
values:Timestamp,close,high,low,open,volume
close:58.7900,59.0250
high:58.8050,59.0900
low:58.7900,59.0150
open:58.8000,59.0200
volume:0,292900
1472131851,58.8850,58.9200,58.8600,58.8900,7200
1472131902,58.8800,58.8800,58.8800,58.8800,1600
1472131968,58.8900,58.8900,58.8800,58.8900,800
1472132027,58.8600,58.8900,58.8600,58.8900,1100
1472132098,58.8300,58.8500,58.8300,58.8500,1400
1472132156,58.8500,58.8500,58.8200,58.8200,1400
1472132215,58.8700,58.8700,58.8400,58.8500,4700
1472132279,58.8800,58.8900,58.8800,58.8800,1600
1472132334,58.8700,58.8800,58.8600,58.8800,1800
1472132345,58.8800,58.8900,58.8650,58.8650,2900
1472132418,58.8700,58.8700,58.8700,58.8700,700
1472132485,58.8700,58.8700,58.8650,58.8650,400
1472132566,58.8800,58.8800,58.8650,58.8650,2000
1472132588,58.9100,58.9100,58.8900,58.8900,1700
1472132685,58.9200,58.9200,58.9100,58.9100,400
1472132754,58.9100,58.9250,58.9100,58.9250,2200
1472132804,58.9035,58.9035,58.9000,58.9000,700
1472132879,58.8950,58.9150,58.8950,58.9100,5900
1472132883,58.8950,58.9050,58.8900,58.8950,2100
1472132991,58.8950,58.9000,58.8900,58.8900,1100
1472133058,58.8800,58.8950,58.8800,58.8950,1300
1472133108,58.8750,58.8900,58.8700,58.8850,1900
1472133123,58.8550,58.8750,58.8500,58.8750,2000
1472133186,58.8600,58.8600,58.8500,58.8500,1800
1472133295,58.8600,58.8650,58.8550,58.8650,1000
1472133357,58.8750,58.8750,58.8500,58.8600,2200
1472133373,58.8550,58.8750,58.8550,58.8750,800
1472133479,58.8700,58.8700,58.8511,58.8650,7700
1472133480,58.9050,58.9100,58.8700,58.8700,4900
1472133599,58.9000,58.9050,58.9000,58.9050,1700
1472133657,58.8800,58.8950,58.8750,58.8900,4200
1472133709,58.9200,58.9200,58.8900,58.8900,1700
1472133724,58.9400,58.9600,58.9250,58.9250,4400
1472133820,58.9500,58.9500,58.9350,58.9350,1400
1472133850,58.9500,58.9500,58.9350,58.9350,1200
1472133910,58.9550,58.9550,58.9550,58.9550,100
1472134015,58.9400,58.9565,58.9350,58.9500,1700
1472134078,58.9700,58.9700,58.9450,58.9500,4300
1472134136,58.9600,58.9765,58.9600,58.9650,2000
1472134197,58.9534,58.9600,58.9500,58.9600,1500
1472134252,58.9350,58.9500,58.9350,58.9500,500
1472134313,58.9400,58.9400,58.9300,58.9350,2800
1472134323,58.9500,58.9600,58.9350,58.9350,2300
1472134437,58.9550,58.9600,58.9500,58.9550,2100
1472134441,58.9550,58.9600,58.9550,58.9600,1300
1472134506,58.9400,58.9500,58.9400,58.9500,1100
1472134576,58.9400,58.9400,58.9350,58.9400,1600
1472134672,58.9350,58.9400,58.9350,58.9350,2200
1472134736,58.8950,58.9450,58.8950,58.9450,1800
1472134767,58.9300,58.9300,58.8950,58.8950,4600
1472134846,58.9200,58.9200,58.9100,58.9100,1300
1472134863,58.9250,58.9300,58.9250,58.9250,1600
1472134945,58.9400,58.9400,58.9250,58.9250,1000
1472135036,58.9400,58.9400,58.9350,58.9350,1200
1472135088,58.9500,58.9600,58.9450,58.9450,4400
1472135104,58.9400,58.9400,58.9350,58.9400,1900
1472135169,58.9350,58.9400,58.9350,58.9400,2300
1472135228,58.9461,58.9461,58.9400,58.9400,700
1472135299,58.9300,58.9350,58.9300,58.9350,500
1472135399,58.9300,58.9300,58.9200,58.9229,3900
1472135458,58.9200,58.9350,58.9200,58.9350,1600
1472135485,58.9400,58.9400,58.9250,58.9250,1800
1472135572,58.9500,58.9500,58.9450,58.9450,500
1472135580,58.9350,58.9500,58.9350,58.9500,600
1472135712,58.9300,58.9300,58.9200,58.9250,1500
1472135818,58.9150,58.9350,58.9150,58.9350,2100
1472135825,58.9050,58.9100,58.9050,58.9100,2800
1472135921,58.9000,58.9100,58.9000,58.9050,900
1472135950,58.8850,58.9000,58.8850,58.9000,1500
1472136027,58.8950,58.9000,58.8950,58.9000,400
1472136095,58.8900,58.8950,58.8900,58.8950,600
1472136129,58.9000,58.9000,58.8950,58.8950,2700
1472136290,58.9350,58.9350,58.9001,58.9001,5100
1472136318,58.9300,58.9300,58.9250,58.9250,300
1472136476,58.9200,58.9200,58.9100,58.9100,800
1472136506,58.9250,58.9300,58.9250,58.9250,900
1472136614,58.9450,58.9450,58.9350,58.9350,3400
1472136719,58.9200,58.9400,58.9150,58.9400,1700
1472136769,58.9000,58.9150,58.9000,58.9150,3500
1472136791,58.9100,58.9100,58.9050,58.9050,1900
1472136895,58.9100,58.9150,58.9100,58.9150,400
1472136916,58.9200,58.9200,58.9150,58.9150,1300
1472137010,58.9300,58.9350,58.9250,58.9250,88900
1472137025,58.9400,58.9400,58.9250,58.9350,2300
1472137137,58.9250,58.9250,58.9250,58.9250,200
1472137146,58.9300,58.9400,58.9250,58.9250,2100
1472137209,58.9800,58.9800,58.9350,58.9350,2000
1472137318,58.9700,58.9800,58.9550,58.9600,1700
1472137372,58.9900,58.9900,58.9750,58.9750,5400
1472137380,58.9850,58.9900,58.9850,58.9900,2300
1472137464,58.9950,59.0000,58.9850,58.9850,800
1472137534,58.9875,58.9900,58.9800,58.9900,10400
1472137618,58.9900,58.9900,58.9850,58.9850,3200
1472137678,58.9900,58.9900,58.9800,58.9900,23200
1472137684,58.9800,58.9900,58.9800,58.9850,16200
1472137743,58.9950,59.0000,58.9850,58.9850,2200
1472137824,58.9850,58.9900,58.9850,58.9900,2900
1472137887,58.9900,58.9900,58.9900,58.9900,23300
1472137963,58.9900,58.9900,58.9850,58.9850,8700
1472137987,58.9800,58.9900,58.9800,58.9900,7900
1472138048,58.9850,58.9900,58.9850,58.9850,1000
1472138145,59.0000,59.0000,58.9950,59.0000,2300
1472138215,59.0100,59.0100,59.0000,59.0000,2500
1472138224,59.0100,59.0150,59.0050,59.0100,1300
1472138288,59.0100,59.0150,59.0100,59.0150,800
1472138374,59.0100,59.0100,59.0000,59.0050,2400
1472138405,59.0200,59.0200,59.0150,59.0200,1300
1472138462,59.0250,59.0250,59.0150,59.0150,1000
1472138575,59.0050,59.0050,59.0050,59.0050,300
1472138604,59.0100,59.0100,59.0050,59.0050,1400
1472138650,59.0000,59.0100,59.0000,59.0050,300
1472138722,59.0000,59.0000,58.9950,59.0000,800
1472138805,58.9900,58.9900,58.9900,58.9900,500
1472138824,58.9850,58.9850,58.9850,58.9850,100
1472138888,58.9900,58.9900,58.9750,58.9800,5300
1472138992,58.9900,58.9900,58.9850,58.9900,2100
1472139046,59.0100,59.0900,58.9850,58.9900,292900
1472139118,59.0150,59.0200,59.0050,59.0100,22600
1472139178,59.0200,59.0300,59.0150,59.0150,34900
1472139180,59.0050,59.0150,59.0050,59.0150,10300
1472139257,59.0000,59.0200,59.0000,59.0050,60100
1472139359,59.0000,59.0000,58.9950,59.0000,4000
1472139412,59.0100,59.0100,58.9950,59.0000,10300
1472139452,59.0050,59.0100,59.0000,59.0000,2800
1472139529,59.0050,59.0050,59.0050,59.0050,600
1472139546,59.0050,59.0050,59.0050,59.0050,1700
1472139607,59.0050,59.0100,59.0000,59.0050,3700
1472139673,59.0000,59.0050,59.0000,59.0050,1600
1472139735,59.0050,59.0050,59.0000,59.0000,6500
1472139780,58.9700,59.0000,58.9700,59.0000,2200
1472139897,58.9850,58.9850,58.9700,58.9750,6700
1472139922,58.9900,58.9900,58.9900,58.9900,1900
1472139969,58.9850,58.9900,58.9800,58.9900,2000
1472140059,58.9800,58.9800,58.9800,58.9800,200
1472140112,58.9900,58.9900,58.9800,58.9800,2600
1472140153,58.9900,58.9900,58.9800,58.9850,21000
1472140236,58.9800,58.9800,58.9700,58.9800,8700
1472140317,58.9700,58.9800,58.9700,58.9800,400
1472140320,58.9600,58.9665,58.9600,58.9650,2300
1472140426,58.9600,58.9600,58.9600,58.9600,400
1472140440,58.9600,58.9600,58.9550,58.9600,1800
1472140552,58.9600,58.9634,58.9600,58.9634,1100
1472140586,58.9550,58.9600,58.9500,58.9600,600
1472140669,58.9500,58.9500,58.9500,58.9500,400
1472140728,58.9400,58.9500,58.9300,58.9500,1300
1472140790,58.9562,58.9562,58.9438,58.9438,3000
1472140800,58.9450,58.9600,58.9450,58.9550,1200
1472140979,58.9450,58.9450,58.9400,58.9400,500
1472141036,58.9300,58.9400,58.9300,58.9400,600
1472141051,58.9400,58.9400,58.9300,58.9300,1500
1472141109,58.9400,58.9400,58.9400,58.9400,500
1472141184,58.9300,58.9300,58.9300,58.9300,300
1472141226,58.9250,58.9300,58.9200,58.9300,5600
1472141334,58.9200,58.9300,58.9200,58.9300,0
1472141394,58.9200,58.9200,58.9200,58.9200,400
1472141457,58.9200,58.9200,58.9200,58.9200,500
1472141484,58.9100,58.9200,58.9100,58.9200,1400
1472141579,58.9100,58.9100,58.9100,58.9100,2000
1472141638,58.9050,58.9100,58.9000,58.9100,1000
1472141677,58.9050,58.9050,58.9000,58.9000,300
1472141756,58.9100,58.9100,58.8900,58.9000,3500
1472141807,58.9350,58.9350,58.9150,58.9150,1900
1472141823,58.9300,58.9300,58.9300,58.9300,1200
1472141931,58.9250,58.9250,58.9250,58.9250,100
1472142035,58.9300,58.9300,58.9300,58.9300,2700
1472142192,58.9400,58.9400,58.9350,58.9400,700
1472142254,58.9500,58.9500,58.9500,58.9500,200
1472142318,58.9450,58.9450,58.9400,58.9400,600
1472142414,58.9200,58.9400,58.9200,58.9400,700
1472142420,58.9300,58.9300,58.9250,58.9300,1500
1472142515,58.9350,58.9350,58.9350,58.9350,100
1472142575,58.9300,58.9300,58.9300,58.9300,300
1472142605,58.9500,58.9500,58.9350,58.9350,2300
1472142706,58.9500,58.9500,58.9500,58.9500,500
1472142760,58.9650,58.9650,58.9550,58.9550,1500
1472142835,58.9700,58.9700,58.9650,58.9650,1300
1472142848,58.9600,58.9750,58.9600,58.9700,800
1472142948,58.9665,58.9665,58.9665,58.9665,200
1472142969,58.9635,58.9635,58.9635,58.9635,200
1472143062,58.9550,58.9600,58.9550,58.9600,1200
1472143115,58.9600,58.9600,58.9600,58.9600,200
1472143174,58.9650,58.9650,58.9600,58.9600,600
1472143254,58.9750,58.9750,58.9650,58.9650,1900
1472143261,58.9750,58.9800,58.9750,58.9750,800
1472143397,58.9700,58.9700,58.9700,58.9700,100
1472143475,58.9600,58.9600,58.9600,58.9600,200
1472143601,58.9700,58.9700,58.9635,58.9650,2500
1472143630,58.9750,58.9750,58.9600,58.9650,1100
1472143780,58.9700,58.9700,58.9650,58.9700,900
1472143805,58.9700,58.9700,58.9700,58.9700,400
1472144008,58.9650,58.9650,58.9600,58.9650,600
1472144209,58.9500,58.9600,58.9500,58.9600,500
1472144224,58.9565,58.9565,58.9500,58.9500,1300
1472144284,58.9550,58.9550,58.9450,58.9500,1500
1472144385,58.9550,58.9600,58.9500,58.9500,1200
1472144401,58.9700,58.9700,58.9550,58.9550,1700
1472144576,58.9700,58.9700,58.9700,58.9700,100
1472144582,58.9700,58.9750,58.9700,58.9700,600
1472144693,58.9700,58.9700,58.9700,58.9700,300
1472144750,58.9500,58.9700,58.9500,58.9700,1500
1472144813,58.9500,58.9500,58.9500,58.9500,500
1472144829,58.9500,58.9550,58.9500,58.9500,500
1472144891,58.9500,58.9550,58.9500,58.9500,700
1472144978,58.9400,58.9500,58.9400,58.9500,400
1472145052,58.9500,58.9500,58.9400,58.9400,2800
1472145112,58.9450,58.9500,58.9450,58.9500,1400
1472145123,58.9464,58.9500,58.9464,58.9500,1600
1472145195,58.9450,58.9450,58.9450,58.9450,500
1472145296,58.9400,58.9450,58.9400,58.9450,1100
1472145305,58.9450,58.9450,58.9350,58.9350,1300
1472145415,58.9550,58.9550,58.9550,58.9550,200
1472145428,58.9465,58.9565,58.9465,58.9565,1200
1472145483,58.9450,58.9450,58.9450,58.9450,300
1472145593,58.9450,58.9450,58.9450,58.9450,100
1472145648,58.9500,58.9500,58.9400,58.9400,200
1472145717,58.9515,58.9515,58.9436,58.9450,3900
1472145781,58.9450,58.9500,58.9450,58.9500,1100
1472145891,58.9450,58.9500,58.9450,58.9450,300
1472145933,58.9500,58.9500,58.9450,58.9450,900
1472146014,58.9550,58.9600,58.9550,58.9600,700
1472146028,58.9700,58.9700,58.9550,58.9600,2000
1472146133,58.9552,58.9600,58.9550,58.9600,900
1472146148,58.9600,58.9600,58.9550,58.9550,500
1472146258,58.9700,58.9750,58.9650,58.9650,6400
1472146317,58.9600,58.9700,58.9600,58.9601,2800
1472146326,58.9600,58.9700,58.9500,58.9550,3500
1472146434,58.9600,58.9700,58.9600,58.9700,800
1472146494,58.9500,58.9600,58.9500,58.9600,1200
1472146553,58.9300,58.9400,58.9300,58.9400,2700
1472146567,58.9300,58.9300,58.9250,58.9300,1200
1472146643,58.9300,58.9300,58.9250,58.9250,1100
1472146727,58.8900,58.9300,58.8750,58.9300,7600
1472146744,58.8700,58.8800,58.8600,58.8800,11900
1472146851,58.8650,58.8650,58.8650,58.8650,200
1472146909,58.8500,58.8500,58.8450,58.8500,5700
1472146938,58.8500,58.8500,58.8450,58.8450,600
1472147006,58.8600,58.8600,58.8550,58.8550,1200
1472147053,58.8700,58.8700,58.8650,58.8650,1000
1472147113,58.8700,58.8700,58.8700,58.8700,100
1472147225,58.8750,58.8800,58.8700,58.8800,1300
1472147306,58.8700,58.8800,58.8700,58.8800,2400
1472147354,58.8600,58.8700,58.8600,58.8700,300
1472147458,58.8650,58.8700,58.8600,58.8650,1100
1472147469,58.8600,58.8600,58.8500,58.8600,1200
1472147575,58.8650,58.8650,58.8550,58.8550,900
1472147616,58.8700,58.8700,58.8700,58.8700,600
1472147686,58.8700,58.8700,58.8700,58.8700,200
1472147701,58.8700,58.8700,58.8700,58.8700,600
1472147813,58.8900,58.8900,58.8700,58.8750,22600
1472147872,58.8900,58.8900,58.8850,58.8850,2700
1472147935,58.8900,58.8900,58.8850,58.8850,1300
1472147953,58.8850,58.8900,58.8800,58.8900,700
1472148046,58.8850,58.8850,58.8850,58.8850,100
1472148118,58.8900,58.8900,58.8850,58.8900,1500
1472148162,58.8950,58.9025,58.8900,58.9000,53600
1472148217,58.8900,58.8910,58.8900,58.8910,25300
1472148276,58.8950,58.8950,58.8800,58.8900,2800
1472148314,58.8900,58.8950,58.8900,58.8950,1000
1472148381,58.8800,58.8800,58.8800,58.8800,200
1472148472,58.8600,58.8700,58.8600,58.8700,900
1472148526,58.8350,58.8500,58.8300,58.8500,5200
1472148540,58.8436,58.8436,58.8250,58.8300,6000
1472148651,58.8600,58.8600,58.8400,58.8400,1300
1472148663,58.8699,58.8699,58.8550,58.8600,1700
1472148831,58.8700,58.8700,58.8650,58.8700,700
1472148883,58.8700,58.8700,58.8700,58.8700,100
1472148946,58.8550,58.8600,58.8550,58.8600,400
1472149008,58.8800,58.8800,58.8600,58.8600,200
1472149048,58.8799,58.8799,58.8799,58.8799,100
1472149143,58.8600,58.8700,58.8600,58.8600,5000
1472149235,58.8600,58.8600,58.8600,58.8600,500
1472149318,58.8400,58.8500,58.8400,58.8500,4700
1472149372,58.8300,58.8300,58.8100,58.8300,10100
1472149380,58.8300,58.8300,58.8250,58.8300,2600
1472149463,58.8400,58.8400,58.8400,58.8400,300
1472149559,58.8400,58.8400,58.8400,58.8400,400
1472149599,58.8454,58.8454,58.8400,58.8435,4500
1472149635,58.8500,58.8500,58.8500,58.8500,900
1472149745,58.8550,58.8600,58.8500,58.8500,1000
1472149857,58.8600,58.8600,58.8530,58.8530,1400
1472149862,58.8800,58.8800,58.8700,58.8700,1200
1472150018,58.8600,58.8600,58.8550,58.8600,400
1472150078,58.8600,58.8600,58.8600,58.8600,400
1472150139,58.8500,58.8600,58.8500,58.8600,300
1472150161,58.8600,58.8600,58.8600,58.8600,100
1472150252,58.8700,58.8700,58.8600,58.8600,300
1472150312,58.8600,58.8600,58.8500,58.8600,600
1472150455,58.8700,58.8800,58.8635,58.8700,2500
1472150484,58.8700,58.8700,58.8700,58.8700,200
1472150555,58.8700,58.8700,58.8700,58.8700,100
1472150597,58.8650,58.8700,58.8650,58.8700,800
1472150675,58.8800,58.8800,58.8700,58.8700,1900
1472150819,58.8600,58.8600,58.8600,58.8600,200
1472150831,58.8450,58.8550,58.8400,58.8550,1700
1472150894,58.8600,58.8700,58.8400,58.8400,1700
1472150993,58.8600,58.8600,58.8600,58.8600,100
1472151028,58.8500,58.8500,58.8500,58.8500,100
1472151147,58.8600,58.8600,58.8600,58.8600,200
1472151185,58.8450,58.8500,58.8400,58.8500,1300
1472151256,58.8350,58.8400,58.8350,58.8400,700
1472151359,58.8200,58.8300,58.8150,58.8300,63700
1472151408,58.8001,58.8250,58.8001,58.8200,9200
1472151423,58.8100,58.8200,58.8100,58.8100,1300
1472151524,58.8200,58.8200,58.8100,58.8100,400
1472151590,58.8200,58.8200,58.8100,58.8100,400
1472151601,58.8200,58.8200,58.8100,58.8200,1100
1472151669,58.8100,58.8100,58.8050,58.8100,2500
1472151745,58.8050,58.8050,58.8000,58.8050,1000
1472151812,58.8099,58.8100,58.8050,58.8050,300
1472151848,58.8100,58.8100,58.8050,58.8050,200
1472151954,58.7900,58.8052,58.7900,58.8000,4900
1472152017,58.8150,58.8200,58.8000,58.8000,2600
1472152054,58.8300,58.8300,58.8250,58.8250,700
1472152138,58.8400,58.8400,58.8300,58.8300,1000
1472152160,58.8500,58.8500,58.8400,58.8400,1100
1472152246,58.8600,58.8600,58.8500,58.8500,1200
1472152270,58.8500,58.8600,58.8500,58.8600,300
1472152378,58.8400,58.8450,58.8400,58.8450,700
1472152392,58.8500,58.8500,58.8500,58.8500,200
1472152448,58.8500,58.8500,58.8500,58.8500,100
1472152504,58.8536,58.8536,58.8500,58.8500,2200
1472152567,58.8400,58.8500,58.8350,58.8500,2400
1472152626,58.8400,58.8500,58.8400,58.8500,400
1472152710,58.8400,58.8400,58.8400,58.8400,200
1472152758,58.8400,58.8400,58.8400,58.8400,3700
1472152859,58.8400,58.8400,58.8400,58.8400,100
1472152903,58.8401,58.8401,58.8401,58.8401,800
1472152968,58.8401,58.8500,58.8400,58.8401,1100
1472152990,58.8500,58.8500,58.8499,58.8499,700
1472153042,58.8600,58.8600,58.8600,58.8600,200
1472153159,58.8800,58.8800,58.8700,58.8700,10900
1472153163,58.8800,58.8900,58.8800,58.8800,3400
1472153274,58.8800,58.8850,58.8800,58.8850,300
1472153289,58.8900,58.8900,58.8900,58.8900,200
1472153384,58.8700,58.8700,58.8700,58.8700,400
1472153401,58.8600,58.8600,58.8450,58.8600,1600
1472153469,58.8700,58.8700,58.8600,58.8600,1100
1472153555,58.8800,58.8800,58.8800,58.8800,500
1472153616,58.8800,58.8800,58.8800,58.8800,600
1472153668,58.8800,58.8800,58.8800,58.8800,200
1472153702,58.8750,58.8800,58.8750,58.8800,800
1472153808,58.8700,58.8800,58.8700,58.8800,1000
1472153831,58.8700,58.8700,58.8650,58.8700,1100
1472153896,58.8700,58.8700,58.8659,58.8700,1100
1472153994,58.8750,58.8800,58.8750,58.8800,300
1472154056,58.8700,58.8800,58.8700,58.8700,1100
1472154119,58.8601,58.8700,58.8599,58.8700,1200
1472154174,58.8600,58.8700,58.8600,58.8700,400
1472154228,58.8450,58.8600,58.8450,58.8600,2000
1472154298,58.8430,58.8500,58.8421,58.8500,1000
1472154359,58.8450,58.8500,58.8400,58.8450,1100
1472154419,58.8600,58.8600,58.8450,58.8450,2800
1472154476,58.8450,58.8600,58.8450,58.8500,3500
1472154484,58.8500,58.8500,58.8450,58.8500,400
1472154592,58.8400,58.8500,58.8400,58.8500,500
1472154657,58.8400,58.8500,58.8400,58.8450,21300
1472154719,58.8250,58.8450,58.8250,58.8400,8900
1472154771,58.8250,58.8300,58.8200,58.8250,6200
1472154837,58.8300,58.8400,58.8200,58.8200,11000
1472154896,58.8400,58.8400,58.8300,58.8300,3700
1472154955,58.8400,58.8500,58.8350,58.8350,17100
1472155012,58.8150,58.8400,58.8100,58.8400,21900
1472155020,58.8150,58.8200,58.8100,58.8150,16900
1472155080,58.8400,58.8400,58.8150,58.8200,23100
1472155199,58.8650,58.8700,58.8300,58.8400,43900
1472155200,58.8800,58.8800,58.8800,58.8800,100
