uri:/instrument/1.0/NDAQ/chartdata;type=quote;range=1d/csv
ticker:ndaq
Company-Name:Nasdaq, Inc.
Exchange-Name:NMS
unit:MIN
timezone:EDT
currency:USD
gmtoffset:-14400
previous_close:70.4400
Timestamp:1471872600,1471896000
labels:1471874400,1471878000,1471881600,1471885200,1471888800,1471892400,1471896000
values:Timestamp,close,high,low,open,volume
close:70.1200,70.6100
high:70.1300,70.6100
low:70.1200,70.6100
open:70.1300,70.6100
volume:100,69700
1471872772,70.4200,70.4200,70.4200,70.4200,10100
1471872804,70.4500,70.4700,70.4100,70.4100,2800
1471872851,70.4000,70.4600,70.3900,70.4600,1200
1471872968,70.3500,70.3600,70.3500,70.3600,1800
1471873062,70.3000,70.3100,70.2800,70.3100,3900
1471873225,70.2400,70.3358,70.2400,70.3358,1000
1471873271,70.3200,70.3200,70.2700,70.2700,700
1471873402,70.2200,70.2500,70.2200,70.2500,800
1471873458,70.2800,70.2800,70.2800,70.2800,700
1471873589,70.3200,70.3200,70.2900,70.2900,400
1471873655,70.3200,70.3200,70.3200,70.3200,200
1471873682,70.3200,70.3200,70.2900,70.3200,800
1471873781,70.3000,70.3000,70.3000,70.3000,1300
1471873873,70.3900,70.3900,70.3150,70.3300,3500
1471874004,70.4500,70.4800,70.4500,70.4800,1200
1471874052,70.4500,70.4700,70.4500,70.4700,400
1471874196,70.4401,70.4401,70.4400,70.4400,300
1471874256,70.4300,70.4300,70.4300,70.4300,400
1471874410,70.4700,70.4800,70.4700,70.4800,500
1471874503,70.4300,70.4300,70.4300,70.4300,500
1471874532,70.4600,70.4600,70.4100,70.4100,3900
1471874747,70.4700,70.4700,70.4700,70.4700,800
1471874803,70.4400,70.4600,70.4400,70.4600,500
1471874827,70.4400,70.4500,70.3900,70.4500,1800
1471874909,70.4200,70.4200,70.3901,70.3901,200
1471875014,70.4500,70.4500,70.4500,70.4500,3700
1471875101,70.4600,70.4600,70.4600,70.4600,200
1471875159,70.4700,70.4800,70.4700,70.4700,700
1471875198,70.4970,70.4970,70.4800,70.4800,400
1471875296,70.4900,70.5000,70.4900,70.4900,2400
1471875308,70.4800,70.4900,70.4800,70.4900,2200
1471875419,70.4970,70.4970,70.4970,70.4970,300
1471875430,70.4800,70.4950,70.4800,70.4800,1500
1471875505,70.5000,70.5100,70.4900,70.5000,5500
1471875637,70.3900,70.4200,70.3900,70.4200,400
1471875717,70.3900,70.3900,70.3900,70.3900,100
1471875773,70.4101,70.4200,70.4101,70.4200,900
1471875805,70.4380,70.4380,70.4300,70.4300,700
1471875878,70.4200,70.4500,70.4200,70.4500,1300
1471875929,70.4200,70.4400,70.4200,70.4400,2700
1471875972,70.4400,70.4400,70.4100,70.4100,1400
1471876101,70.4600,70.4600,70.4600,70.4600,900
1471876162,70.4500,70.4600,70.4500,70.4600,700
1471876215,70.4900,70.4900,70.4600,70.4600,1300
1471876271,70.5100,70.5200,70.4900,70.5100,3100
1471876416,70.6000,70.6000,70.5700,70.5700,700
1471876447,70.6100,70.6100,70.6100,70.6100,2200
1471876613,70.5400,70.5400,70.5400,70.5400,400
1471876653,70.5400,70.5400,70.5200,70.5300,2000
1471876815,70.5900,70.5900,70.5432,70.5432,1100
1471876948,70.5800,70.5800,70.5700,70.5700,3200
1471877144,70.5600,70.5600,70.5600,70.5600,400
1471877211,70.5790,70.5800,70.5790,70.5800,300
1471877244,70.5608,70.5608,70.5608,70.5608,3000
1471877427,70.5300,70.5300,70.5300,70.5300,600
1471877506,70.4900,70.4900,70.4900,70.4900,300
1471877742,70.4700,70.4700,70.4700,70.4700,200
1471877778,70.4900,70.4900,70.4800,70.4800,1100
1471877860,70.4700,70.4700,70.4700,70.4700,200
1471877888,70.4600,70.4600,70.4600,70.4600,500
1471877980,70.4700,70.4700,70.4600,70.4700,400
1471878007,70.5000,70.5000,70.4800,70.4800,2100
1471878072,70.4900,70.4900,70.4900,70.4900,500
1471878169,70.4800,70.4800,70.4800,70.4800,400
1471878195,70.4401,70.4401,70.4401,70.4401,200
1471878265,70.4600,70.4600,70.4500,70.4500,700
1471878350,70.4800,70.4800,70.4700,70.4700,1200
1471878416,70.4800,70.4800,70.4800,70.4800,100
1471878457,70.4631,70.4631,70.4631,70.4631,300
1471878494,70.4770,70.4770,70.4770,70.4770,100
1471878614,70.4500,70.4500,70.4500,70.4500,100
1471878679,70.4700,70.4800,70.4700,70.4700,1300
1471878748,70.4800,70.4800,70.4800,70.4800,200
1471878791,70.5100,70.5100,70.5100,70.5100,600
1471878854,70.5370,70.5370,70.5370,70.5370,900
1471878924,70.4801,70.4801,70.4801,70.4801,100
1471879041,70.4800,70.4800,70.4800,70.4800,600
1471879120,70.4700,70.4700,70.4700,70.4700,200
1471879199,70.4400,70.4400,70.4400,70.4400,4300
1471879267,70.3900,70.3900,70.3700,70.3800,1900
1471879378,70.3600,70.3600,70.3600,70.3600,300
1471879499,70.3300,70.3300,70.3300,70.3300,100
1471879539,70.3100,70.3200,70.3000,70.3000,900
1471879579,70.3300,70.3328,70.3300,70.3328,1200
1471879661,70.2800,70.2900,70.2800,70.2900,3400
1471879683,70.2500,70.2500,70.2500,70.2500,200
1471879745,70.2600,70.2600,70.2600,70.2600,1000
1471879801,70.2381,70.2500,70.2381,70.2500,1300
1471879897,70.2451,70.2451,70.2451,70.2451,1500
1471879958,70.2600,70.2600,70.2600,70.2600,700
1471880094,70.2700,70.2700,70.2700,70.2700,100
1471880110,70.2600,70.2600,70.2600,70.2600,600
1471880172,70.2400,70.2500,70.2400,70.2410,600
1471880248,70.2400,70.2400,70.2400,70.2400,500
1471880283,70.2600,70.2740,70.2500,70.2500,3600
1471880427,70.1900,70.2100,70.1900,70.2000,1000
1471880471,70.1600,70.2000,70.1600,70.2000,1000
1471880528,70.1720,70.1800,70.1601,70.1601,1500
1471880754,70.1600,70.1860,70.1600,70.1860,200
1471880775,70.1700,70.1700,70.1600,70.1600,1000
1471880903,70.2000,70.2000,70.2000,70.2000,100
1471880998,70.1990,70.2000,70.1990,70.2000,200
1471881069,70.2200,70.2200,70.2200,70.2200,800
1471881178,70.1900,70.2125,70.1900,70.2100,1700
1471881189,70.1800,70.1900,70.1700,70.1800,1600
1471881434,70.1900,70.2000,70.1700,70.1900,2300
1471881582,70.1979,70.1979,70.1979,70.1979,200
1471881609,70.1700,70.1900,70.1700,70.1800,1500
1471881686,70.1900,70.1900,70.1899,70.1899,400
1471881739,70.1700,70.1900,70.1700,70.1900,700
1471881948,70.2000,70.2000,70.1800,70.1800,1200
1471881976,70.1900,70.2000,70.1900,70.2000,700
1471882065,70.2000,70.2000,70.2000,70.2000,1200
1471882136,70.1900,70.1900,70.1900,70.1900,100
1471882145,70.1700,70.1810,70.1700,70.1800,1000
1471882202,70.1600,70.1900,70.1600,70.1800,900
1471882271,70.1600,70.1600,70.1600,70.1600,100
1471882442,70.1700,70.1700,70.1700,70.1700,200
1471882524,70.1900,70.1900,70.1800,70.1800,400
1471882569,70.1836,70.1900,70.1600,70.1700,1000
1471882665,70.1900,70.1900,70.1800,70.1800,300
1471882762,70.2000,70.2000,70.1800,70.1900,2300
1471882818,70.1900,70.1900,70.1900,70.1900,400
1471882878,70.1800,70.2200,70.1800,70.2100,3600
1471882966,70.1900,70.1900,70.1900,70.1900,500
1471883037,70.1701,70.2000,70.1700,70.1800,1000
1471883086,70.2300,70.2300,70.2000,70.2000,400
1471883110,70.2800,70.2800,70.2400,70.2500,2500
1471883217,70.2700,70.3200,70.2700,70.3200,600
1471883330,70.2900,70.2900,70.2900,70.2900,100
1471883348,70.3200,70.3300,70.2950,70.3060,1900
1471883426,70.3200,70.3200,70.3200,70.3200,100
1471883507,70.3100,70.3100,70.3100,70.3100,100
1471883520,70.3000,70.3200,70.3000,70.3200,600
1471883625,70.3300,70.3300,70.3200,70.3200,300
1471883741,70.3300,70.3300,70.3300,70.3300,500
1471883771,70.3280,70.3280,70.3280,70.3280,100
1471883820,70.3000,70.3300,70.3000,70.3300,1900
1471883931,70.2600,70.2800,70.2600,70.2800,1300
1471884108,70.2770,70.2770,70.2770,70.2770,100
1471884178,70.2000,70.2500,70.2000,70.2500,1700
1471884221,70.2124,70.2124,70.2124,70.2124,300
1471884254,70.2414,70.2414,70.2300,70.2300,1500
1471884335,70.1900,70.2000,70.1900,70.2000,600
1471884458,70.2100,70.2100,70.2100,70.2100,200
1471884533,70.2370,70.2370,70.2100,70.2100,500
1471884550,70.2400,70.2400,70.2400,70.2400,200
1471884760,70.2000,70.2100,70.1900,70.2100,2000
1471884824,70.2280,70.2280,70.2222,70.2222,400
1471884989,70.2100,70.2100,70.2100,70.2100,300
1471885101,70.2100,70.2100,70.1900,70.2080,1200
1471885316,70.2100,70.2150,70.2100,70.2150,200
1471885320,70.2200,70.2200,70.2100,70.2100,900
1471885413,70.2500,70.2500,70.2500,70.2500,200
1471885490,70.2400,70.2400,70.2400,70.2400,100
1471885505,70.2400,70.2400,70.2400,70.2400,400
1471885568,70.2600,70.2600,70.2500,70.2500,1000
1471885789,70.2700,70.2700,70.2600,70.2600,300
1471885808,70.2550,70.2550,70.2400,70.2500,800
1471885973,70.2700,70.2800,70.2500,70.2500,1400
1471886026,70.2800,70.2800,70.2800,70.2800,300
1471886054,70.2800,70.2800,70.2800,70.2800,300
1471886142,70.2500,70.2800,70.2500,70.2800,500
1471886201,70.2700,70.2700,70.2700,70.2700,300
1471886266,70.2400,70.2600,70.2400,70.2600,1200
1471886442,70.2700,70.2700,70.2600,70.2600,1000
1471886534,70.2200,70.2400,70.2200,70.2400,1800
1471886651,70.1700,70.2000,70.1700,70.2000,1200
1471886723,70.1400,70.1500,70.1400,70.1500,900
1471886835,70.1600,70.1600,70.1383,70.1383,900
1471886889,70.1400,70.1400,70.1400,70.1400,400
1471887040,70.1200,70.1300,70.1200,70.1300,600
1471887143,70.1300,70.1300,70.1300,70.1300,500
1471887354,70.1600,70.1700,70.1450,70.1450,1200
1471887375,70.1650,70.1700,70.1650,70.1650,400
1471887443,70.1700,70.1700,70.1700,70.1700,300
1471887535,70.1800,70.1800,70.1800,70.1800,600
1471887543,70.1790,70.1790,70.1790,70.1790,500
1471887653,70.1850,70.1900,70.1850,70.1900,1500
1471887778,70.2300,70.2300,70.2300,70.2300,200
1471887839,70.2400,70.2400,70.2400,70.2400,100
1471887841,70.2400,70.2400,70.2400,70.2400,200
1471887945,70.2580,70.2580,70.2580,70.2580,200
1471888019,70.2800,70.2800,70.2500,70.2600,1100
1471888075,70.2800,70.2900,70.2700,70.2900,1300
1471888103,70.2800,70.2800,70.2800,70.2800,900
1471888195,70.2700,70.2800,70.2700,70.2800,300
1471888202,70.2800,70.2900,70.2700,70.2700,1000
1471888322,70.2800,70.2800,70.2800,70.2800,600
1471888416,70.2800,70.2800,70.2800,70.2800,300
1471888480,70.2700,70.2700,70.2700,70.2700,400
1471888527,70.2700,70.2700,70.2700,70.2700,400
1471888560,70.2700,70.2700,70.2700,70.2700,300
1471888641,70.2600,70.2800,70.2500,70.2800,1100
1471888702,70.2600,70.2600,70.2600,70.2600,300
1471888784,70.2700,70.2700,70.2700,70.2700,200
1471888920,70.2700,70.2800,70.2700,70.2700,1800
1471889035,70.3000,70.3000,70.2900,70.2900,700
1471889074,70.3100,70.3100,70.3090,70.3090,200
1471889127,70.3200,70.3200,70.2900,70.3000,2400
1471889189,70.3200,70.3490,70.3050,70.3200,10500
1471889263,70.3700,70.3700,70.3500,70.3500,900
1471889337,70.3900,70.3900,70.3800,70.3800,3900
1471889341,70.4000,70.4000,70.3900,70.3900,600
1471889420,70.4080,70.4080,70.4080,70.4080,100
1471889486,70.3902,70.4000,70.3902,70.4000,1200
1471889529,70.4100,70.4100,70.3800,70.3800,6900
1471889635,70.4400,70.4400,70.3900,70.4000,2400
1471889659,70.4700,70.4700,70.4500,70.4500,1000
1471889753,70.4800,70.4990,70.4600,70.4700,5900
1471889780,70.4800,70.5000,70.4600,70.4900,5100
1471889820,70.4555,70.4900,70.4300,70.4500,22000
1471889909,70.4300,70.4300,70.4200,70.4200,400
1471889967,70.4200,70.4200,70.4200,70.4200,100
1471890063,70.4500,70.4500,70.4200,70.4200,1600
1471890126,70.4800,70.4800,70.4500,70.4500,2500
1471890205,70.4900,70.4900,70.4900,70.4900,1500
1471890272,70.4800,70.4900,70.4800,70.4900,800
1471890356,70.5000,70.5000,70.5000,70.5000,700
1471890371,70.4700,70.5000,70.4700,70.5000,1400
1471890460,70.4400,70.4500,70.4400,70.4500,1400
1471890533,70.4400,70.4477,70.4400,70.4477,300
1471890552,70.4200,70.4400,70.4200,70.4300,900
1471890604,70.4500,70.4500,70.4380,70.4380,1100
1471890768,70.4450,70.4450,70.4400,70.4400,1000
1471890795,70.4600,70.4600,70.4600,70.4600,300
1471890852,70.4520,70.4700,70.4520,70.4700,700
1471890958,70.4250,70.4700,70.4250,70.4700,900
1471890960,70.4200,70.4250,70.4200,70.4250,500
1471891033,70.4400,70.4400,70.4300,70.4300,1000
1471891185,70.4400,70.4400,70.4400,70.4400,400
1471891241,70.4400,70.4400,70.4400,70.4400,500
1471891293,70.4600,70.4600,70.4350,70.4350,1600
1471891330,70.4770,70.4770,70.4600,70.4600,900
1471891482,70.4600,70.4700,70.4600,70.4700,200
1471891544,70.4600,70.4700,70.4600,70.4700,800
1471891609,70.4400,70.4600,70.4400,70.4600,700
1471891624,70.4400,70.4500,70.4400,70.4400,1200
1471891743,70.4410,70.4500,70.4400,70.4500,600
1471891850,70.4500,70.4500,70.4500,70.4500,100
1471891926,70.4400,70.4400,70.4400,70.4400,2000
1471892033,70.4400,70.4400,70.4400,70.4400,100
1471892053,70.4200,70.4300,70.4200,70.4300,1100
1471892125,70.3890,70.4200,70.3890,70.4200,700
1471892227,70.3800,70.3800,70.3800,70.3800,100
1471892282,70.4000,70.4000,70.3800,70.3890,1700
1471892398,70.4000,70.4000,70.4000,70.4000,100
1471892401,70.4000,70.4100,70.3950,70.3950,600
1471892496,70.4200,70.4200,70.4050,70.4050,1900
1471892617,70.3900,70.4209,70.3900,70.4209,1300
1471892655,70.4000,70.4000,70.4000,70.4000,700
1471892704,70.3900,70.4000,70.3900,70.4000,900
1471892869,70.3970,70.3970,70.3970,70.3970,100
1471892936,70.4100,70.4100,70.3950,70.3992,1900
1471892975,70.3972,70.3972,70.3972,70.3972,200
1471893040,70.4000,70.4050,70.3900,70.3900,2200
1471893092,70.4000,70.4000,70.4000,70.4000,300
1471893143,70.4016,70.4016,70.4016,70.4016,100
1471893200,70.4100,70.4200,70.4050,70.4100,2400
1471893284,70.4100,70.4100,70.4100,70.4100,100
1471893329,70.4000,70.4200,70.3973,70.4200,1600
1471893389,70.3700,70.3900,70.3700,70.3900,500
1471893432,70.3780,70.3780,70.3780,70.3780,500
1471893485,70.3850,70.3850,70.3800,70.3800,500
1471893598,70.3700,70.3800,70.3700,70.3800,600
1471893600,70.3750,70.3750,70.3700,70.3700,800
1471893662,70.3900,70.3900,70.3700,70.3700,2200
1471893764,70.4000,70.4000,70.4000,70.4000,300
1471893783,70.4100,70.4100,70.3900,70.3900,2400
1471893844,70.4200,70.4200,70.4100,70.4200,2000
1471893944,70.4250,70.4300,70.4200,70.4200,600
1471893975,70.4590,70.4590,70.4300,70.4300,1300
1471894022,70.4500,70.4600,70.4400,70.4600,1800
1471894126,70.4400,70.4600,70.4400,70.4600,1000
1471894183,70.4300,70.4500,70.4300,70.4500,1300
1471894221,70.4450,70.4450,70.4450,70.4450,200
1471894267,70.4450,70.4500,70.4450,70.4500,1400
1471894376,70.4600,70.4600,70.4500,70.4500,1300
1471894382,70.4650,70.4700,70.4600,70.4600,1200
1471894457,70.4500,70.4650,70.4500,70.4600,2100
1471894516,70.4550,70.4550,70.4500,70.4500,1100
1471894572,70.4600,70.4700,70.4550,70.4550,1900
1471894627,70.4600,70.4690,70.4600,70.4690,800
1471894683,70.4700,70.4700,70.4600,70.4700,900
1471894740,70.4650,70.4650,70.4600,70.4650,1700
1471894858,70.4600,70.4800,70.4600,70.4600,4200
1471894860,70.4300,70.4650,70.4300,70.4650,1700
1471894973,70.4300,70.4300,70.4300,70.4300,200
1471895030,70.4400,70.4400,70.4400,70.4400,2100
1471895041,70.4200,70.4400,70.4200,70.4400,2500
1471895112,70.4400,70.4400,70.4300,70.4300,1600
1471895160,70.4250,70.4400,70.4200,70.4300,3700
1471895270,70.4000,70.4300,70.4000,70.4300,1900
1471895284,70.3901,70.4000,70.3900,70.4000,900
1471895354,70.3900,70.4000,70.3900,70.4000,11000
1471895427,70.4200,70.4200,70.4100,70.4100,900
1471895519,70.4500,70.4500,70.4100,70.4100,5000
1471895521,70.4400,70.4500,70.4200,70.4500,3300
1471895590,70.4499,70.4499,70.4300,70.4400,2500
1471895644,70.4700,70.4700,70.4500,70.4500,6100
1471895702,70.4700,70.4800,70.4500,70.4700,4500
1471895764,70.4600,70.4700,70.4500,70.4700,3800
1471895869,70.4600,70.4700,70.4550,70.4600,4500
1471895881,70.4700,70.4700,70.4500,70.4699,5300
1471895999,70.4800,70.5000,70.4500,70.4600,50800
1471896000,70.4800,70.4800,70.4800,70.4800,69700
