uri:/instrument/1.0/AAPL/chartdata;type=quote;range=1d/csv
ticker:aapl
Company-Name:Apple Inc.
Exchange-Name:NMS
unit:MIN
timezone:EDT
currency:USD
gmtoffset:-14400
previous_close:109.3600
Timestamp:1471872600,1471896000
labels:1471874400,1471878000,1471881600,1471885200,1471888800,1471892400,1471896000
values:Timestamp,close,high,low,open,volume
close:107.8600,109.0210
high:107.9100,109.0400
low:107.8600,108.9350
open:107.8700,108.9900
volume:0,2396000
1471872642,108.8700,108.9200,108.7800,108.8700,743600
1471872670,108.7500,108.8700,108.7200,108.8500,230700
1471872724,108.8000,108.8000,108.7200,108.7700,140800
1471872839,108.7600,108.8350,108.7600,108.8300,122300
1471872849,108.7500,108.7600,108.7200,108.7500,97600
1471872905,108.6760,108.7300,108.6500,108.6600,178800
1471873019,108.8600,108.8700,108.6500,108.6600,96900
1471873029,108.7900,108.8499,108.7500,108.8400,118800
1471873081,108.7599,108.8400,108.7400,108.7800,120900
1471873146,108.8400,108.8400,108.7200,108.7400,85900
1471873259,108.8200,108.8500,108.7701,108.8200,136500
1471873318,108.9289,108.9300,108.7700,108.8000,77600
1471873329,108.8600,108.9250,108.8300,108.9200,104300
1471873384,108.8450,108.8800,108.8300,108.8500,123800
1471873498,108.8400,108.9201,108.8400,108.8800,67600
1471873559,108.8600,108.8600,108.8000,108.8300,81700
1471873568,108.8800,108.8900,108.8400,108.8400,71300
1471873679,109.0011,109.0400,108.8700,108.8750,155700
1471873685,109.0210,109.0400,108.9350,108.9700,108800
1471873749,108.8400,108.9900,108.8400,108.9900,74600
1471873800,108.7800,108.8700,108.7500,108.8400,135900
1471873866,108.7600,108.8300,108.7600,108.7827,87400
1471873925,108.7300,108.7700,108.6900,108.7650,115300
1471873986,108.7400,108.7700,108.7000,108.7200,130700
1471874099,108.6800,108.7400,108.6739,108.7400,105800
1471874103,108.7100,108.7202,108.6646,108.6650,123600
1471874166,108.7100,108.7200,108.6900,108.6900,58300
1471874278,108.7300,108.7400,108.7000,108.7090,79900
1471874337,108.7500,108.7700,108.7000,108.7400,66200
1471874345,108.7550,108.7800,108.7100,108.7800,51500
1471874405,108.7400,108.7500,108.7200,108.7350,55800
1471874461,108.6210,108.7600,108.6050,108.7550,121300
1471874579,108.5700,108.6300,108.5600,108.6200,146300
1471874580,108.5000,108.5700,108.4950,108.5650,182600
1471874640,108.5600,108.5900,108.5000,108.5050,94900
1471874756,108.5900,108.6070,108.5400,108.5450,74500
1471874817,108.5000,108.5700,108.5000,108.5700,79900
1471874827,108.5300,108.5300,108.5000,108.5300,71900
1471874883,108.5900,108.5999,108.5300,108.5500,62400
1471874997,108.5400,108.5501,108.5300,108.5500,29100
1471875007,108.5400,108.5500,108.5300,108.5300,41300
1471875119,108.5250,108.5500,108.5200,108.5460,42800
1471875130,108.5214,108.5300,108.5200,108.5250,39100
1471875180,108.5900,108.5900,108.5100,108.5250,90500
1471875243,108.5835,108.6090,108.5700,108.5800,100500
1471875300,108.6100,108.6100,108.5700,108.5750,72400
1471875366,108.7600,108.7900,108.6250,108.6300,156700
1471875420,108.7800,108.8440,108.7501,108.7501,110000
1471875485,108.9100,108.9120,108.7550,108.7900,118200
1471875595,108.8360,108.9400,108.8350,108.9110,137200
1471875657,108.8800,108.8900,108.8600,108.8800,79600
1471875660,108.8200,108.8900,108.8000,108.8800,104100
1471875779,108.7800,108.8200,108.7600,108.8200,75500
1471875787,108.7300,108.7700,108.7300,108.7700,68800
1471875852,108.7800,108.7800,108.7400,108.7400,70100
1471875959,108.8013,108.8400,108.7599,108.8000,144000
1471875961,108.8300,108.8700,108.8000,108.8141,69100
1471876079,108.8100,108.8200,108.7750,108.8001,82900
1471876088,108.8000,108.8500,108.7900,108.8200,56800
1471876140,108.8344,108.8499,108.7900,108.8000,33500
1471876258,108.8000,108.8500,108.7900,108.8400,54700
1471876318,108.7800,108.8050,108.7710,108.8050,77800
1471876325,108.7600,108.8000,108.7550,108.7800,73700
1471876381,108.8000,108.8000,108.7600,108.7600,73100
1471876499,108.8402,108.8500,108.7800,108.8000,57200
1471876505,108.8250,108.8500,108.8200,108.8465,47600
1471876566,108.8650,108.8800,108.8200,108.8210,66100
1471876620,108.8300,108.8600,108.8100,108.8600,73000
1471876680,108.7800,108.8399,108.7800,108.8250,47400
1471876749,108.7300,108.8000,108.7200,108.7950,71000
1471876807,108.7400,108.7650,108.7041,108.7041,62200
1471876869,108.6800,108.7250,108.6800,108.7250,51900
1471876926,108.7101,108.7101,108.6700,108.6800,62700
1471876986,108.7100,108.7263,108.6900,108.7135,37000
1471877048,108.7700,108.7800,108.7100,108.7150,53800
1471877109,108.7213,108.7650,108.7200,108.7600,52600
1471877166,108.6855,108.7050,108.6846,108.6900,87100
1471877230,108.6600,108.6900,108.6300,108.6841,52800
1471877280,108.6200,108.6700,108.6000,108.6600,57000
1471877345,108.6400,108.6400,108.6000,108.6150,32700
1471877405,108.6400,108.6800,108.6250,108.6490,53000
1471877460,108.6400,108.6500,108.6200,108.6400,37100
1471877523,108.6401,108.6550,108.6100,108.6150,54900
1471877586,108.6850,108.6850,108.6300,108.6500,47300
1471877651,108.6790,108.6900,108.6700,108.6841,109600
1471877757,108.6559,108.6800,108.6500,108.6790,31200
1471877763,108.6300,108.6560,108.6300,108.6555,24000
1471877826,108.6489,108.6600,108.6299,108.6300,35500
1471877938,108.5850,108.6600,108.5800,108.6500,71100
1471877999,108.5900,108.6100,108.5700,108.5852,57000
1471878059,108.6300,108.6400,108.5800,108.5850,41200
1471878067,108.6100,108.6200,108.6000,108.6200,31200
1471878177,108.5100,108.6200,108.5100,108.6100,74900
1471878185,108.5400,108.5459,108.5190,108.5190,51600
1471878249,108.5660,108.5848,108.5500,108.5500,53600
1471878305,108.5700,108.5850,108.5500,108.5700,48100
1471878363,108.5600,108.5800,108.5500,108.5800,32800
1471878477,108.5500,108.5850,108.5500,108.5700,35300
1471878487,108.5500,108.5750,108.5200,108.5600,58100
1471878540,108.5100,108.5446,108.5100,108.5400,39200
1471878605,108.5600,108.5600,108.5100,108.5200,36600
1471878668,108.5665,108.5750,108.5450,108.5500,47600
1471878779,108.5850,108.5852,108.5700,108.5800,22100
1471878837,108.6000,108.6100,108.5848,108.5848,42200
1471878840,108.5700,108.6100,108.5650,108.5910,40600
1471878909,108.5200,108.5700,108.5200,108.5700,49800
1471878966,108.5058,108.5400,108.5000,108.5400,85900
1471879027,108.5100,108.5300,108.5100,108.5300,41500
1471879086,108.4000,108.5000,108.4000,108.5000,146400
1471879199,108.3100,108.4200,108.3000,108.4110,164000
1471879200,108.2400,108.3450,108.2300,108.3100,201400
1471879261,108.1400,108.2100,108.1307,108.2100,165900
1471879379,108.2069,108.2200,108.1100,108.1291,82700
1471879380,108.2100,108.2300,108.1900,108.2000,91400
1471879443,108.1800,108.2700,108.1800,108.2100,81700
1471879512,108.2100,108.2100,108.1800,108.1900,47400
1471879560,108.2200,108.2500,108.2000,108.2100,49100
1471879625,108.1240,108.2237,108.1200,108.2200,72700
1471879681,108.1700,108.1700,108.1000,108.1300,74500
1471879796,108.1600,108.1800,108.1350,108.1660,68200
1471879806,108.1800,108.1900,108.1200,108.1500,74500
1471879868,108.1900,108.2000,108.1490,108.1700,55900
1471879976,108.1400,108.1700,108.1224,108.1661,42300
1471879985,108.1698,108.1900,108.1300,108.1300,59400
1471880047,108.1800,108.2000,108.1601,108.1700,63200
1471880108,108.1400,108.1800,108.1400,108.1800,53900
1471880219,108.1500,108.1500,108.1250,108.1500,42900
1471880220,108.1400,108.1500,108.1292,108.1400,48600
1471880280,108.1200,108.1500,108.1100,108.1334,103300
1471880342,107.9161,108.0900,107.9100,108.0900,467600
1471880400,107.9450,107.9600,107.9000,107.9046,177300
1471880460,107.8859,107.9401,107.8800,107.9401,86800
1471880526,107.8999,107.9200,107.8900,107.9050,57800
1471880589,107.9400,107.9500,107.8900,107.9000,71100
1471880648,107.8600,107.9500,107.8600,107.9300,81200
1471880758,107.8800,107.9100,107.8600,107.8700,90000
1471880760,107.9200,107.9300,107.8800,107.8900,69500
1471880878,107.9700,107.9900,107.9241,107.9300,69500
1471880938,107.9800,107.9900,107.9600,107.9700,77100
1471880941,108.0000,108.0200,107.9700,107.9900,99300
1471881051,108.0700,108.0900,108.0000,108.0000,79500
1471881060,108.1000,108.1100,108.0800,108.0800,96500
1471881125,108.0800,108.1000,108.0500,108.1000,51700
1471881239,108.1100,108.1100,108.0800,108.0900,33100
1471881240,108.1600,108.1600,108.1000,108.1000,53400
1471881302,108.1300,108.1598,108.1000,108.1598,47800
1471881368,108.1900,108.1900,108.1500,108.1507,41600
1471881479,108.1700,108.2150,108.1700,108.1900,43700
1471881537,108.1700,108.1800,108.1500,108.1800,24700
1471881541,108.1400,108.1800,108.1250,108.1600,48700
1471881605,108.1300,108.1800,108.1205,108.1205,33600
1471881665,108.1200,108.1500,108.1200,108.1299,12400
1471881779,108.1350,108.1450,108.1000,108.1300,43500
1471881839,108.1350,108.1959,108.1300,108.1350,77100
1471881896,108.1600,108.1700,108.1300,108.1400,31000
1471881958,108.1500,108.1700,108.1400,108.1650,20700
1471881960,108.1400,108.1600,108.1400,108.1600,21800
1471882025,108.1500,108.1650,108.1400,108.1500,27000
1471882082,108.1110,108.1500,108.1000,108.1500,66300
1471882141,108.0900,108.1100,108.0800,108.1100,38900
1471882200,108.0700,108.1000,108.0600,108.0900,27900
1471882319,108.0000,108.0758,107.9900,108.0758,67500
1471882320,108.0000,108.0200,107.9900,108.0050,55100
1471882439,108.0105,108.0280,107.9800,107.9950,59800
1471882498,108.0100,108.0300,107.9952,108.0200,38300
1471882506,108.0500,108.0700,107.9900,108.0050,50900
1471882619,108.0550,108.0600,108.0400,108.0439,32100
1471882620,108.0350,108.0600,108.0300,108.0600,32400
1471882738,108.0100,108.0400,107.9801,108.0400,44300
1471882740,108.0200,108.0400,107.9841,108.0100,45700
1471882800,108.0650,108.1000,108.0201,108.0299,54500
1471882919,108.0950,108.1200,108.0709,108.0800,48600
1471882920,108.0950,108.1200,108.0700,108.0946,56400
1471882987,108.1400,108.1700,108.1000,108.1001,73000
1471883099,108.2450,108.2500,108.1300,108.1460,145700
1471883100,108.3500,108.3500,108.2300,108.2300,186800
1471883219,108.4050,108.4050,108.3200,108.3500,125800
1471883279,108.3710,108.4100,108.3500,108.4100,78100
1471883339,108.3600,108.4000,108.3300,108.3800,86100
1471883340,108.3300,108.3500,108.3000,108.3500,60600
1471883400,108.3061,108.3500,108.2700,108.3300,82800
1471883462,108.3600,108.3700,108.3000,108.3000,49700
1471883526,108.4300,108.4300,108.3750,108.3900,47200
1471883581,108.4600,108.4600,108.4200,108.4300,161900
1471883640,108.4700,108.4843,108.4400,108.4510,50000
1471883700,108.4300,108.4700,108.4300,108.4700,78900
1471883765,108.4700,108.4800,108.4300,108.4350,59500
1471883820,108.4700,108.4900,108.4600,108.4765,75100
1471883881,108.5249,108.5300,108.4799,108.4799,58900
1471883997,108.5200,108.5300,108.5000,108.5300,37400
1471884055,108.5157,108.5500,108.5100,108.5100,44400
1471884060,108.5380,108.5400,108.4900,108.5100,68500
1471884120,108.5000,108.5400,108.5000,108.5350,68600
1471884180,108.4800,108.5130,108.4700,108.5000,84200
1471884240,108.4600,108.4750,108.4310,108.4750,122700
1471884358,108.4500,108.4600,108.4300,108.4575,64000
1471884419,108.4950,108.5000,108.4500,108.4500,71300
1471884478,108.5300,108.5300,108.5000,108.5000,30700
1471884538,108.5700,108.5800,108.5100,108.5200,145900
1471884598,108.5950,108.6100,108.5600,108.5700,82300
1471884600,108.6000,108.6150,108.5800,108.6000,75100
1471884719,108.5300,108.6000,108.5300,108.5900,87500
1471884725,108.5200,108.5700,108.5000,108.5390,111600
1471884780,108.5100,108.5158,108.4950,108.5158,61000
1471884842,108.5200,108.5215,108.5000,108.5150,24900
1471884904,108.4690,108.5100,108.4607,108.5100,37800
1471885018,108.4400,108.4700,108.4307,108.4638,26000
1471885079,108.4500,108.4500,108.4200,108.4350,61700
1471885085,108.4400,108.4400,108.4148,108.4400,32700
1471885198,108.4450,108.4500,108.4300,108.4500,23300
1471885200,108.4001,108.4401,108.4000,108.4400,34700
1471885319,108.4200,108.4200,108.4000,108.4048,16400
1471885320,108.4150,108.4400,108.4000,108.4150,34400
1471885381,108.4200,108.4300,108.4150,108.4200,13300
1471885444,108.3700,108.4200,108.3700,108.4200,43000
1471885504,108.3500,108.3600,108.3400,108.3600,51800
1471885560,108.3550,108.3600,108.3400,108.3500,34600
1471885677,108.3400,108.3550,108.3300,108.3500,28500
1471885739,108.3000,108.3400,108.3000,108.3400,34600
1471885799,108.2800,108.3300,108.2700,108.2900,70800
1471885800,108.3300,108.3400,108.2700,108.2800,56400
1471885869,108.3396,108.3500,108.3201,108.3250,32100
1471885921,108.3354,108.3359,108.3200,108.3300,18500
1471885982,108.3250,108.3400,108.3200,108.3300,22700
1471886099,108.3485,108.3500,108.3000,108.3200,28500
1471886101,108.3657,108.4099,108.3450,108.3500,37800
1471886164,108.4300,108.4300,108.3635,108.3635,24500
1471886221,108.4450,108.4510,108.4200,108.4300,22400
1471886284,108.4200,108.4500,108.4000,108.4400,24600
1471886399,108.4465,108.4500,108.3900,108.4200,19000
1471886400,108.4300,108.4500,108.4200,108.4400,25600
1471886518,108.4100,108.4400,108.4100,108.4390,12000
1471886579,108.3700,108.4100,108.3350,108.4100,33300
1471886580,108.3800,108.4093,108.3600,108.3600,19100
1471886640,108.2000,108.3700,108.1800,108.3700,96000
1471886701,108.1400,108.2000,108.1200,108.2000,109800
1471886760,108.1400,108.1600,108.1100,108.1400,50400
1471886821,108.1900,108.2100,108.1500,108.1500,38600
1471886882,108.1838,108.2000,108.1600,108.2000,35700
1471886940,108.2000,108.2000,108.1661,108.1800,24100
1471887000,108.1700,108.2000,108.1600,108.1900,35500
1471887063,108.1811,108.2050,108.1699,108.1800,21600
1471887179,108.1900,108.2200,108.1800,108.1900,22400
1471887180,108.2200,108.2200,108.1900,108.1900,23700
1471887240,108.2338,108.2400,108.2100,108.2200,25300
1471887301,108.2100,108.2600,108.2100,108.2400,52300
1471887362,108.2000,108.2200,108.2000,108.2130,13000
1471887421,108.1550,108.2100,108.1500,108.2100,26700
1471887480,108.1600,108.1800,108.1401,108.1500,21700
1471887545,108.1638,108.1700,108.1400,108.1662,14900
1471887601,108.2100,108.2100,108.1510,108.1665,22900
1471887719,108.2250,108.2300,108.2000,108.2073,18200
1471887720,108.2400,108.2800,108.2100,108.2300,37100
1471887838,108.2800,108.2800,108.2500,108.2500,9800
1471887899,108.2700,108.2800,108.2400,108.2741,37800
1471887958,108.2900,108.3000,108.2550,108.2709,24500
1471888019,108.3900,108.3900,108.3000,108.3000,60400
1471888020,108.4100,108.4390,108.3800,108.4000,51100
1471888081,108.4648,108.4700,108.4000,108.4000,51900
1471888199,108.4100,108.4600,108.4100,108.4600,22200
1471888200,108.4200,108.4400,108.4000,108.4100,58200
1471888260,108.3799,108.4300,108.3700,108.4200,18600
1471888379,108.3400,108.3950,108.3400,108.3800,51100
1471888381,108.3430,108.3800,108.3400,108.3435,29900
1471888499,108.3600,108.3700,108.3200,108.3450,23600
1471888559,108.3841,108.4000,108.3650,108.3700,43400
1471888618,108.4050,108.4152,108.3700,108.3900,46500
1471888620,108.3600,108.4200,108.3500,108.4002,67300
1471888680,108.3600,108.3900,108.3350,108.3700,38300
1471888745,108.3610,108.4000,108.3600,108.4000,16700
1471888800,108.3800,108.4100,108.3700,108.3700,22700
1471888864,108.4000,108.4200,108.3650,108.3700,40400
1471888920,108.3900,108.4200,108.3850,108.4000,43100
1471889039,108.4200,108.4200,108.3650,108.4000,56900
1471889040,108.4000,108.4300,108.3950,108.4100,42200
1471889159,108.3900,108.4100,108.3641,108.3963,40300
1471889160,108.3800,108.4000,108.3750,108.3900,33300
1471889223,108.3800,108.4000,108.3650,108.3800,37600
1471889281,108.3700,108.3790,108.3400,108.3700,36100
1471889399,108.3650,108.3800,108.3548,108.3700,10600
1471889459,108.3500,108.3600,108.3400,108.3600,26700
1471889519,108.3300,108.3800,108.3201,108.3500,43000
1471889579,108.3300,108.3400,108.3200,108.3300,24100
1471889639,108.3499,108.3600,108.3300,108.3338,27600
1471889649,108.3800,108.3950,108.3500,108.3500,38300
1471889701,108.3600,108.3800,108.3400,108.3756,28600
1471889760,108.3300,108.3700,108.3300,108.3700,19800
1471889879,108.3100,108.3400,108.3100,108.3300,24300
1471889881,108.3000,108.3265,108.3000,108.3200,28700
1471889942,108.3100,108.3200,108.2900,108.3063,27300
1471890000,108.3600,108.3700,108.3100,108.3100,27000
1471890060,108.3700,108.3900,108.3500,108.3600,27500
1471890124,108.3846,108.3900,108.3600,108.3601,13400
1471890181,108.3900,108.4180,108.3841,108.3900,30600
1471890241,108.3700,108.3890,108.3600,108.3882,21300
1471890301,108.3700,108.3700,108.3200,108.3660,43600
1471890361,108.2800,108.3700,108.2700,108.3601,47000
1471890479,108.3050,108.3400,108.2450,108.2600,43000
1471890480,108.2400,108.3000,108.2200,108.3000,51300
1471890540,108.2000,108.2400,108.1900,108.2400,58300
1471890600,108.2600,108.2700,108.1800,108.2000,40600
1471890719,108.2400,108.2650,108.2300,108.2600,40100
1471890720,108.2800,108.2800,108.2300,108.2400,23600
1471890780,108.2801,108.3200,108.2500,108.2700,28900
1471890840,108.2715,108.2900,108.2600,108.2800,14800
1471890900,108.2600,108.2900,108.2500,108.2700,32200
1471890960,108.3000,108.3090,108.2550,108.2600,22600
1471891031,108.3201,108.3300,108.3033,108.3135,31600
1471891138,108.3046,108.3500,108.3046,108.3342,25800
1471891142,108.3400,108.3450,108.3018,108.3018,26100
1471891201,108.3200,108.3667,108.3200,108.3500,27800
1471891260,108.3463,108.3600,108.3300,108.3300,15100
1471891324,108.3800,108.4000,108.3438,108.3450,34700
1471891382,108.3900,108.4000,108.3800,108.3800,21000
1471891440,108.4000,108.4200,108.3900,108.3900,35900
1471891559,108.3500,108.4200,108.3500,108.4100,33200
1471891560,108.3650,108.3893,108.3500,108.3500,27400
1471891621,108.3803,108.4000,108.3700,108.3700,21000
1471891682,108.3850,108.3900,108.3600,108.3900,11300
1471891742,108.3915,108.4190,108.3900,108.3900,31100
1471891806,108.4394,108.4500,108.4000,108.4000,32600
1471891919,108.4300,108.4382,108.4150,108.4330,19700
1471891921,108.4320,108.4700,108.4300,108.4300,21600
1471892039,108.4300,108.4650,108.4300,108.4400,21100
1471892040,108.4100,108.4300,108.3850,108.4200,54300
1471892158,108.3923,108.4200,108.3600,108.4100,52700
1471892162,108.4000,108.4200,108.3850,108.3938,31200
1471892225,108.3950,108.4000,108.3700,108.4000,24600
1471892339,108.3900,108.4000,108.3800,108.3950,35200
1471892340,108.3700,108.4000,108.3650,108.3900,31600
1471892457,108.3850,108.4000,108.3700,108.3800,27500
1471892519,108.4360,108.4450,108.3750,108.3790,41000
1471892521,108.4400,108.4500,108.4250,108.4350,23400
1471892639,108.4500,108.4600,108.4300,108.4400,26000
1471892640,108.4450,108.4570,108.4338,108.4500,28600
1471892700,108.4500,108.4600,108.4300,108.4450,29000
1471892765,108.4800,108.4800,108.4500,108.4500,30200
1471892822,108.4800,108.4900,108.4750,108.4800,21900
1471892882,108.5100,108.5100,108.4700,108.4800,53700
1471892940,108.4935,108.5100,108.4800,108.5000,32500
1471893059,108.4600,108.4980,108.4600,108.4900,22900
1471893119,108.5000,108.5000,108.4500,108.4600,32400
1471893178,108.4900,108.4950,108.4800,108.4900,26700
1471893181,108.4800,108.4997,108.4750,108.4900,25200
1471893244,108.4942,108.5000,108.4800,108.4800,23300
1471893302,108.4685,108.5000,108.4600,108.5000,24100
1471893417,108.4450,108.4650,108.4200,108.4600,60700
1471893477,108.4550,108.4600,108.4100,108.4450,44400
1471893539,108.4600,108.4600,108.4401,108.4550,21600
1471893599,108.4550,108.4700,108.4450,108.4535,37900
1471893659,108.4600,108.4700,108.4400,108.4550,38000
1471893660,108.4899,108.4900,108.4400,108.4500,40600
1471893721,108.4600,108.4900,108.4600,108.4863,30500
1471893781,108.4900,108.4900,108.4500,108.4600,29900
1471893841,108.5000,108.5350,108.4800,108.4900,86600
1471893901,108.4860,108.5050,108.4500,108.5000,36200
1471893961,108.5000,108.5100,108.4700,108.4800,38100
1471894021,108.5000,108.5050,108.4800,108.5000,31300
1471894083,108.5110,108.5300,108.5035,108.5100,68300
1471894141,108.4791,108.5200,108.4791,108.5135,44300
1471894259,108.4621,108.4800,108.4500,108.4701,32700
1471894261,108.4700,108.4900,108.4600,108.4600,32700
1471894379,108.4900,108.4900,108.4700,108.4700,17800
1471894439,108.4850,108.4990,108.4700,108.4850,46300
1471894499,108.5000,108.5000,108.4800,108.4890,28000
1471894500,108.4900,108.5000,108.4600,108.5000,49000
1471894560,108.4900,108.5000,108.4750,108.4900,27300
1471894620,108.4500,108.5000,108.4500,108.4950,58700
1471894682,108.4850,108.4900,108.4600,108.4600,40900
1471894799,108.4950,108.5200,108.4700,108.4800,89400
1471894859,108.5600,108.5600,108.4950,108.5000,62900
1471894861,108.5690,108.5800,108.5600,108.5600,63700
1471894978,108.6000,108.6000,108.5600,108.5700,63100
1471895039,108.5950,108.6000,108.5800,108.5947,50400
1471895040,108.5700,108.6250,108.5600,108.5950,92700
1471895159,108.5365,108.5960,108.5300,108.5700,63200
1471895160,108.5350,108.5400,108.5150,108.5330,42200
1471895279,108.5400,108.5500,108.5133,108.5300,62500
1471895280,108.5042,108.5400,108.4900,108.5400,59000
1471895399,108.5199,108.5400,108.4938,108.5100,61700
1471895459,108.5600,108.5600,108.5100,108.5300,78700
1471895460,108.4900,108.5600,108.4900,108.5600,60600
1471895579,108.4400,108.4900,108.4300,108.4850,92800
1471895639,108.4500,108.4500,108.4300,108.4500,67300
1471895642,108.5000,108.5000,108.4400,108.4500,76600
1471895759,108.4800,108.5000,108.4750,108.5000,101900
1471895762,108.5000,108.5000,108.4800,108.4900,49200
1471895879,108.4550,108.4900,108.4400,108.4900,153600
1471895880,108.5000,108.5100,108.4550,108.4600,135300
1471895940,108.5000,108.5200,108.4700,108.5000,2396000
1471896000,108.5100,108.5100,108.5100,108.5100,0
