uri:/instrument/1.0/SPGI/chartdata;type=quote;range=1d/csv
ticker:spgi
Company-Name:S&P Global Inc. Common Stock
Exchange-Name:NYQ
unit:MIN
timezone:EDT
currency:USD
gmtoffset:-14400
previous_close:120.9400
Timestamp:1472131800,1472155200
labels:1472133600,1472137200,1472140800,1472144400,1472148000,1472151600,1472155200
values:Timestamp,close,high,low,open,volume
close:120.6000,121.3500
high:120.6400,121.3600
low:120.6000,121.3250
open:120.6400,121.3600
volume:100,34000
1472131897,120.9300,120.9900,120.9300,120.9700,6700
1472131924,121.0100,121.0100,121.0100,121.0100,3700
1472132217,120.9300,120.9300,120.8900,120.9100,700
1472132220,120.9300,120.9600,120.8800,120.9600,600
1472132280,120.7000,120.8700,120.6400,120.8700,3200
1472132367,120.7700,120.8300,120.7600,120.7700,800
1472132440,120.8400,120.8400,120.8100,120.8100,300
1472132518,120.7200,120.7700,120.6900,120.7300,1000
1472132525,120.6900,120.7600,120.6550,120.7200,1600
1472132605,120.7800,120.8600,120.6900,120.6900,1500
1472132680,120.8900,120.8900,120.8000,120.8300,1800
1472132751,120.8700,120.8900,120.8300,120.8900,400
1472132804,120.8100,120.8400,120.7600,120.8400,3100
1472132872,120.8000,120.8500,120.8000,120.8100,1200
1472132907,120.8300,120.8400,120.8300,120.8400,200
1472132989,120.8900,120.8900,120.8500,120.8500,600
1472133025,120.8400,120.8500,120.8400,120.8500,400
1472133106,120.8300,120.8300,120.8300,120.8300,100
1472133157,120.6900,120.7800,120.6900,120.7800,1100
1472133223,120.6000,120.6900,120.6000,120.6500,400
1472133252,120.6400,120.7100,120.6400,120.7000,1300
1472133300,120.6800,120.6800,120.6650,120.6650,200
1472133402,120.6400,120.6400,120.6400,120.6400,200
1472133438,120.7100,120.7100,120.6600,120.6600,1400
1472133490,120.8500,120.8500,120.7700,120.7700,600
1472133589,120.7800,120.8100,120.7800,120.8000,700
1472133645,120.7800,120.7800,120.7800,120.7800,700
1472133680,120.9400,120.9400,120.8200,120.8200,1200
1472133720,120.9800,120.9800,120.9100,120.9200,700
1472133819,120.9900,120.9900,120.9800,120.9800,200
1472133883,120.9900,120.9900,120.9900,120.9900,300
1472133920,120.9899,121.0100,120.9899,121.0100,1000
1472134018,120.9900,121.0000,120.9500,121.0000,600
1472134079,121.0300,121.0300,120.9400,120.9700,3300
1472134080,121.0850,121.0850,121.0000,121.0100,7200
1472134158,121.0551,121.0551,121.0400,121.0400,400
1472134201,120.9900,121.0600,120.9900,121.0600,1700
1472134269,120.9900,120.9900,120.9200,120.9200,1300
1472134326,121.0000,121.0450,120.9800,121.0300,3700
1472134416,121.0000,121.0000,121.0000,121.0000,200
1472134460,121.0200,121.0200,121.0200,121.0200,100
1472134508,120.9400,121.0400,120.9400,120.9800,1500
1472134560,120.9700,120.9700,120.9600,120.9600,1200
1472134620,121.0100,121.0100,120.9900,120.9900,800
1472134681,120.9700,121.0400,120.9700,121.0300,2100
1472134769,121.0000,121.0000,120.9600,120.9600,1100
1472135055,120.9800,121.0400,120.9800,121.0300,2700
1472135269,120.8800,120.9000,120.8700,120.8800,1100
1472135298,120.8300,120.8300,120.8300,120.8300,100
1472135378,120.7900,120.7900,120.7900,120.7900,300
1472135464,120.8700,120.8700,120.7200,120.7400,2000
1472135564,121.0000,121.0000,120.9900,121.0000,700
1472135622,120.9400,120.9500,120.9400,120.9500,600
1472135664,120.9600,121.0000,120.9600,120.9600,1100
1472135729,121.0000,121.0000,120.9899,120.9940,600
1472135809,120.8600,121.0400,120.8600,120.9800,2500
1472135835,120.9100,120.9100,120.9000,120.9000,600
1472135888,120.9600,120.9600,120.8500,120.9000,3300
1472135948,120.9100,120.9500,120.8900,120.9500,1800
1472136032,120.9500,120.9500,120.9500,120.9500,100
1472136091,120.9100,120.9100,120.8900,120.8900,600
1472136130,120.9200,120.9200,120.9200,120.9200,500
1472136215,120.9100,120.9100,120.8900,120.9000,2000
1472136295,121.0200,121.0200,120.9900,120.9900,500
1472136332,121.0350,121.0750,121.0000,121.0400,5700
1472136418,121.0000,121.0500,120.9600,121.0250,3700
1472136457,120.9950,121.0100,120.9600,120.9900,3500
1472136507,121.0200,121.0400,121.0150,121.0300,1300
1472136546,120.9800,121.0000,120.9800,121.0000,2000
1472136646,121.0000,121.0000,121.0000,121.0000,200
1472136716,120.9500,121.0000,120.9500,121.0000,700
1472136720,120.9700,120.9700,120.9500,120.9500,300
1472136780,120.9500,120.9700,120.9000,120.9000,2600
1472136849,120.9800,120.9800,120.9600,120.9600,400
1472136935,121.0000,121.0500,121.0000,121.0000,1900
1472136977,121.0000,121.0400,120.9700,121.0400,2600
1472137049,120.9900,120.9900,120.9900,120.9900,400
1472137101,120.9600,120.9600,120.9600,120.9600,100
1472137168,120.9200,120.9300,120.9200,120.9200,1000
1472137222,121.1200,121.1400,120.9700,120.9700,2300
1472137264,121.0900,121.1200,121.0700,121.1200,1700
1472137345,121.1600,121.1600,121.1600,121.1600,500
1472137464,121.1500,121.2100,121.1500,121.2100,2200
1472137541,121.1600,121.2000,121.1500,121.2000,1500
1472137563,121.0900,121.0900,121.0900,121.0900,700
1472137764,121.2050,121.2050,121.1500,121.1700,1600
1472137859,121.2050,121.2050,121.2050,121.2050,900
1472137884,121.2000,121.2200,121.1750,121.2200,2800
1472137929,121.1900,121.1900,121.1900,121.1900,100
1472137987,121.1300,121.1500,121.1300,121.1500,500
1472138097,121.0900,121.0900,121.0700,121.0700,300
1472138102,121.2000,121.2000,121.0900,121.0900,1600
1472138201,121.2200,121.2300,121.2200,121.2300,700
1472138222,121.2700,121.2700,121.2200,121.2200,1000
1472138291,121.2900,121.2900,121.2900,121.2900,100
1472138365,121.2500,121.2500,121.2500,121.2500,100
1472138411,121.3300,121.3300,121.3200,121.3200,400
1472138507,121.3500,121.3600,121.3100,121.3600,2600
1472138572,121.3450,121.3600,121.3200,121.3200,4800
1472138622,121.3000,121.3500,121.3000,121.3500,2100
1472138685,121.2600,121.2800,121.2600,121.2800,700
1472138704,121.2400,121.2400,121.2400,121.2400,200
1472138776,121.2800,121.2800,121.2500,121.2500,1100
1472138856,121.2800,121.2800,121.2800,121.2800,100
1472138899,121.2600,121.3100,121.2600,121.2700,2400
1472139058,121.3250,121.3400,121.3100,121.3400,1300
1472139079,121.2900,121.3250,121.2700,121.3250,1600
1472139172,121.2200,121.2700,121.2200,121.2600,1500
1472139184,121.2100,121.2100,121.2100,121.2100,100
1472139245,121.1500,121.2000,121.1500,121.2000,1100
1472139409,121.1800,121.1800,121.1600,121.1600,1500
1472139420,121.2300,121.2300,121.1900,121.1900,800
1472139482,121.2400,121.2400,121.2400,121.2400,300
1472139643,121.2600,121.2600,121.2600,121.2600,200
1472139689,121.2650,121.2650,121.2650,121.2650,100
1472139777,121.2500,121.2700,121.2200,121.2700,3200
1472139832,121.1700,121.2300,121.1700,121.2200,1000
1472139849,121.1800,121.2000,121.1400,121.1500,2600
1472140000,121.2000,121.2500,121.2000,121.2500,600
1472140180,121.2000,121.2000,121.2000,121.2000,500
1472140235,121.2600,121.2600,121.2100,121.2100,1000
1472140286,121.3150,121.3150,121.3150,121.3150,100
1472140343,121.3100,121.3100,121.3100,121.3100,100
1472140433,121.3100,121.3100,121.2800,121.2900,1100
1472140480,121.2700,121.3400,121.2700,121.3400,6100
1472140525,121.2200,121.2200,121.2200,121.2200,100
1472140590,121.2550,121.2550,121.2550,121.2550,500
1472140621,121.3000,121.3000,121.2100,121.2100,1800
1472140791,121.2200,121.2200,121.2200,121.2200,100
1472140815,121.2200,121.2400,121.2000,121.2400,1300
1472140884,121.1600,121.1700,121.1400,121.1700,800
1472141010,121.1400,121.1400,121.0700,121.1200,1800
1472141239,121.1000,121.1200,121.1000,121.1200,500
1472141335,121.1400,121.1400,121.0600,121.1300,1100
1472141373,121.1301,121.1301,121.1301,121.1301,300
1472141507,121.1000,121.1300,121.1000,121.1300,300
1472141525,121.1200,121.1200,121.0800,121.0800,200
1472141647,121.1600,121.1600,121.1200,121.1200,1400
1472141738,121.2000,121.2000,121.1700,121.1700,400
1472141802,121.2100,121.2100,121.2100,121.2100,300
1472141834,121.2900,121.2900,121.2400,121.2400,300
1472141932,121.3200,121.3200,121.3000,121.3000,500
1472141941,121.3000,121.3000,121.3000,121.3000,100
1472142080,121.3100,121.3100,121.3100,121.3100,100
1472142171,121.3100,121.3100,121.3100,121.3100,100
1472142346,121.3050,121.3100,121.2900,121.3000,1000
1472142367,121.2100,121.2900,121.1500,121.2900,2800
1472142481,121.2600,121.2600,121.2600,121.2600,500
1472142541,121.2600,121.2600,121.1900,121.1900,900
1472142646,121.3050,121.3200,121.3000,121.3200,500
1472142713,121.3200,121.3200,121.3200,121.3200,900
1472142721,121.3000,121.3600,121.3000,121.3150,1100
1472142809,121.3150,121.3383,121.3150,121.3250,1200
1472142859,121.2900,121.2900,121.2600,121.2900,700
1472142958,121.2600,121.2600,121.2600,121.2600,100
1472142996,121.2700,121.2700,121.2600,121.2600,200
1472143024,121.2700,121.2800,121.2500,121.2800,900
1472143120,121.2350,121.2350,121.2350,121.2350,200
1472143174,121.3050,121.3400,121.2400,121.2400,1200
1472143254,121.2900,121.3000,121.2899,121.3000,1100
1472143309,121.2800,121.2800,121.2800,121.2800,100
1472143323,121.3000,121.3000,121.3000,121.3000,100
1472143381,121.2900,121.3050,121.2800,121.3000,1200
1472143458,121.2300,121.2300,121.2300,121.2300,100
1472143504,121.2000,121.2100,121.2000,121.2000,1400
1472143652,121.3000,121.3000,121.1900,121.1900,1400
1472143696,121.3000,121.3000,121.3000,121.3000,100
1472143741,121.3000,121.3000,121.2400,121.2600,1100
1472143819,121.2400,121.2400,121.2400,121.2400,400
1472144049,121.3100,121.3100,121.3100,121.3100,100
1472144135,121.3000,121.3000,121.2600,121.2600,200
1472144197,121.2800,121.3200,121.2700,121.3000,1500
1472144229,121.2740,121.2740,121.2400,121.2400,200
1472144284,121.1900,121.2200,121.1900,121.2200,500
1472144355,121.2600,121.2600,121.2200,121.2200,700
1472144446,121.3100,121.3150,121.3000,121.3100,1000
1472144483,121.2800,121.2800,121.2800,121.2800,400
1472144529,121.2200,121.3100,121.2200,121.2900,1400
1472144628,121.2500,121.2500,121.2500,121.2500,500
1472144744,121.2100,121.2300,121.2100,121.2200,600
1472144792,121.1900,121.1900,121.1900,121.1900,300
1472144840,121.1400,121.1400,121.1400,121.1400,100
1472144922,121.1300,121.1800,121.1300,121.1800,400
1472144944,121.0500,121.1200,121.0500,121.1200,700
1472145047,121.1300,121.1300,121.1100,121.1100,1200
1472145163,121.1600,121.1600,121.1600,121.1600,100
1472145212,121.1600,121.1600,121.1600,121.1600,200
1472145256,121.2600,121.2600,121.2600,121.2600,400
1472145338,121.2200,121.2200,121.1600,121.1800,800
1472145369,121.1500,121.2040,121.1500,121.2040,200
1472145463,121.1600,121.1600,121.1500,121.1500,500
1472145542,121.1100,121.1100,121.1100,121.1100,100
1472145610,121.0700,121.1100,121.0500,121.1100,900
1472145674,121.1300,121.1300,121.0500,121.0800,1800
1472145816,121.1500,121.1500,121.1400,121.1500,800
1472145866,121.1700,121.1700,121.1700,121.1700,300
1472145958,121.2200,121.2200,121.2200,121.2200,100
1472145963,121.1600,121.2200,121.1600,121.2200,300
1472146021,121.2000,121.2200,121.2000,121.2200,500
1472146104,121.2600,121.2600,121.2300,121.2300,300
1472146166,121.2400,121.2900,121.2400,121.2900,1700
1472146261,121.2200,121.2200,121.2200,121.2200,200
1472146378,121.2400,121.2500,121.2000,121.2150,1200
1472146403,121.1900,121.2600,121.1900,121.2350,8600
1472146499,121.1400,121.1800,121.1400,121.1800,1100
1472146504,121.0900,121.1300,121.0900,121.1300,500
1472146565,121.1200,121.1200,121.1100,121.1100,200
1472146648,121.0900,121.1200,121.0900,121.1200,2000
1472146735,121.0000,121.0400,121.0000,121.0400,700
1472146797,121.0200,121.0200,120.9500,121.0000,3400
1472146856,121.0500,121.0500,121.0000,121.0000,1500
1472146863,121.0400,121.1000,121.0400,121.0600,1700
1472147050,121.1100,121.1100,121.1100,121.1100,100
1472147139,121.1300,121.1300,121.1300,121.1300,200
1472147175,121.1500,121.1500,121.1100,121.1100,800
1472147257,121.1800,121.1800,121.1800,121.1800,100
1472147301,121.1200,121.1500,121.1200,121.1300,1600
1472147358,121.1100,121.1100,121.1100,121.1100,500
1472147421,121.0200,121.0200,121.0200,121.0200,100
1472147461,121.0200,121.0800,121.0200,121.0700,1100
1472147578,121.1100,121.1100,121.0450,121.0450,1700
1472147585,121.1050,121.1400,121.0700,121.1000,700
1472147649,121.1600,121.1600,121.1400,121.1400,300
1472147720,121.2100,121.2100,121.1900,121.1900,400
1472147795,121.3200,121.3200,121.2000,121.2000,3700
1472147821,121.3400,121.3400,121.2900,121.2900,6100
1472147881,121.2800,121.3400,121.2800,121.3400,1200
1472147977,121.2900,121.2900,121.2400,121.2400,400
1472148040,121.2300,121.2300,121.2300,121.2300,300
1472148064,121.2300,121.2600,121.2300,121.2600,300
1472148131,121.3300,121.3400,121.2400,121.2700,1900
1472148234,121.3250,121.3250,121.3250,121.3250,200
1472148275,121.3200,121.3200,121.2400,121.2700,1000
1472148347,121.2750,121.3000,121.2750,121.3000,500
1472148381,121.1700,121.2300,121.1700,121.2300,500
1472148430,121.1700,121.1700,121.1700,121.1700,400
1472148528,121.0400,121.0900,121.0400,121.0900,500
1472148561,121.1100,121.1200,120.9900,120.9900,2400
1472148635,121.2000,121.2000,121.1700,121.1700,600
1472148666,121.1900,121.1900,121.1900,121.1900,100
1472148720,121.2100,121.2100,121.2100,121.2100,100
1472148795,121.2500,121.2500,121.2500,121.2500,300
1472148852,121.2400,121.2900,121.2400,121.2900,700
1472148948,121.2200,121.2200,121.1700,121.2100,800
1472148963,121.2300,121.2300,121.1700,121.1700,700
1472149058,121.2400,121.2400,121.2400,121.2400,300
1472149087,121.2500,121.2500,121.2000,121.2300,600
1472149182,121.2400,121.2400,121.2400,121.2400,200
1472149253,121.2600,121.2600,121.2600,121.2600,100
1472149271,121.1900,121.2500,121.1900,121.2500,1100
1472149364,121.1300,121.1800,121.1300,121.1800,400
1472149387,121.1900,121.1900,121.1300,121.1300,800
1472149464,121.1600,121.1800,121.1600,121.1800,800
1472149527,121.1800,121.1800,121.1800,121.1800,300
1472149582,121.1500,121.1800,121.1500,121.1600,800
1472149649,121.2450,121.2450,121.1800,121.1800,1500
1472149728,121.2500,121.2500,121.2500,121.2500,200
1472149796,121.2400,121.2499,121.2400,121.2400,1100
1472149804,121.2400,121.2400,121.2100,121.2100,500
1472149909,121.3100,121.3100,121.2500,121.2500,1100
1472149928,121.2400,121.3100,121.2400,121.3100,1300
1472150040,121.2400,121.2900,121.2100,121.2800,1600
1472150168,121.2400,121.2400,121.2400,121.2400,300
1472150222,121.2000,121.2300,121.2000,121.2200,700
1472150344,121.2000,121.2400,121.2000,121.2400,500
1472150414,121.2300,121.2400,121.2000,121.2000,1600
1472150468,121.2700,121.2700,121.2200,121.2200,300
1472150639,121.3050,121.3400,121.2900,121.3400,400
1472150646,121.2800,121.3000,121.2800,121.2900,600
1472150735,121.2600,121.2700,121.2600,121.2600,500
1472150770,121.2300,121.2600,121.2300,121.2600,700
1472150856,121.1500,121.1800,121.1500,121.1800,400
1472150902,121.2300,121.2300,121.1600,121.1600,1300
1472150955,121.2000,121.2000,121.2000,121.2000,100
1472151071,121.2300,121.2600,121.2000,121.2600,1300
1472151179,121.2500,121.2600,121.2100,121.2600,500
1472151181,121.2250,121.2500,121.2000,121.2250,800
1472151244,121.1500,121.1800,121.1500,121.1800,600
1472151340,121.0600,121.1150,121.0600,121.1150,400
1472151404,121.0800,121.0800,121.0800,121.0800,100
1472151420,121.0500,121.0800,121.0500,121.0800,1400
1472151516,121.1100,121.1100,121.0600,121.0600,2800
1472151546,121.1700,121.1700,121.1200,121.1200,400
1472151657,121.1500,121.1500,121.1300,121.1300,900
1472151665,121.1000,121.1100,121.1000,121.1100,400
1472151800,121.0600,121.1100,121.0600,121.1100,1200
1472151844,121.0700,121.0900,121.0700,121.0900,900
1472151903,121.0800,121.0800,121.0700,121.0700,1500
1472151964,121.1400,121.1400,121.0900,121.0900,1200
1472152078,121.1800,121.1800,121.1800,121.1800,300
1472152195,121.1900,121.2050,121.1800,121.2050,3200
1472152250,121.2100,121.2250,121.1500,121.1650,2300
1472152262,121.1800,121.2200,121.1800,121.2100,1100
1472152419,121.2200,121.2200,121.2000,121.2100,1800
1472152454,121.2000,121.2000,121.2000,121.2000,100
1472152525,121.1800,121.2000,121.1800,121.2000,600
1472152577,121.1700,121.2300,121.1600,121.2300,900
1472152669,121.1900,121.2000,121.1801,121.1900,2200
1472152688,121.2150,121.2250,121.2000,121.2000,1800
1472152742,121.2200,121.2200,121.1900,121.2200,800
1472152802,121.1500,121.2000,121.1500,121.2000,1500
1472152885,121.1600,121.1900,121.1600,121.1900,500
1472152979,121.1300,121.1500,121.1300,121.1500,400
1472152980,121.1700,121.1700,121.1400,121.1500,1700
1472153042,121.2200,121.2200,121.1700,121.1700,5200
1472153121,121.2400,121.2400,121.2100,121.2200,3700
1472153162,121.2300,121.2300,121.2300,121.2300,200
1472153278,121.2400,121.2450,121.2200,121.2450,1700
1472153329,121.2000,121.2400,121.2000,121.2400,2300
1472153360,121.1500,121.1900,121.1500,121.1900,800
1472153401,121.0700,121.1500,121.0700,121.1500,1000
1472153464,121.1700,121.1700,121.1100,121.1100,2400
1472153548,121.1600,121.1700,121.1600,121.1700,300
1472153590,121.1800,121.1800,121.1600,121.1600,800
1472153662,121.1800,121.1800,121.1800,121.1800,300
1472153720,121.2100,121.2100,121.1400,121.1400,2700
1472153763,121.1600,121.2100,121.1600,121.2100,1600
1472153848,121.1664,121.1700,121.1664,121.1700,400
1472153897,121.1900,121.1900,121.1400,121.1400,1700
1472153964,121.1400,121.1700,121.1400,121.1700,1300
1472154048,121.1000,121.1000,121.0900,121.0900,400
1472154064,121.0500,121.1000,121.0500,121.0800,1600
1472154124,121.1400,121.1400,121.0800,121.0800,1500
1472154180,121.0500,121.1300,121.0500,121.1300,2100
1472154240,121.1100,121.1100,121.0500,121.0500,1400
1472154300,121.1100,121.1100,121.0900,121.0900,700
1472154361,121.1400,121.1500,121.1100,121.1200,1300
1472154434,121.1200,121.1400,121.1200,121.1300,1700
1472154506,121.1300,121.1400,121.1200,121.1400,1000
1472154599,121.1200,121.1400,121.1150,121.1300,2900
1472154603,121.1400,121.1400,121.1100,121.1200,1700
1472154661,121.1000,121.1300,121.1000,121.1300,1700
1472154723,121.1000,121.1200,121.0800,121.0900,1200
1472154782,121.0900,121.1100,121.0700,121.0700,2800
1472154847,121.1100,121.1400,121.1100,121.1100,7000
1472154956,121.1000,121.1200,121.1000,121.1100,8400
1472154961,121.0600,121.0900,121.0400,121.0900,3500
1472155020,121.0600,121.0900,121.0300,121.0600,2600
1472155132,121.1300,121.1500,121.0500,121.0600,8200
1472155199,121.1000,121.2100,121.0900,121.1150,34000
1472155200,121.1000,121.1000,121.1000,121.1000,100
