uri:/instrument/1.0/VEA/chartdata;type=quote;range=1d/csv
ticker:vea
Company-Name:Vanguard FTSE Developed Markets
Exchange-Name:PCX
unit:MIN
timezone:EDT
currency:USD
gmtoffset:-14400
previous_close:37.3500
Timestamp:1471872600,1471896000
labels:1471874400,1471878000,1471881600,1471885200,1471888800,1471892400,1471896000
values:Timestamp,close,high,low,open,volume
close:37.1800,37.3900
high:37.1800,37.4000
low:37.1737,37.3900
open:37.1737,37.3950
volume:100,154200
1471872600,37.2500,37.2500,37.2500,37.2500,154200
1471872683,37.2200,37.2200,37.2000,37.2000,53400
1471872790,37.2000,37.2129,37.2000,37.2129,7200
1471872879,37.1900,37.1900,37.1900,37.1900,3300
1471872954,37.1800,37.1800,37.1800,37.1800,4300
1471873012,37.1850,37.1850,37.1737,37.1737,12100
1471873034,37.1800,37.1800,37.1800,37.1800,100
1471873083,37.2000,37.2000,37.1900,37.1900,21300
1471873181,37.2200,37.2200,37.2200,37.2200,11700
1471873212,37.2000,37.2107,37.2000,37.2001,11000
1471873318,37.2056,37.2056,37.2000,37.2000,5500
1471873332,37.2000,37.2000,37.2000,37.2000,8300
1471873437,37.2000,37.2001,37.2000,37.2000,15000
1471873497,37.2000,37.2050,37.2000,37.2000,2200
1471873559,37.2001,37.2050,37.1900,37.1900,8600
1471873562,37.2100,37.2101,37.2000,37.2050,3600
1471873630,37.2300,37.2300,37.2150,37.2150,8300
1471873733,37.2200,37.2300,37.2200,37.2200,7800
1471873751,37.2000,37.2200,37.1950,37.2200,20600
1471873856,37.1930,37.2000,37.1900,37.2000,31100
1471873914,37.2151,37.2151,37.2000,37.2000,4400
1471873943,37.2200,37.2201,37.2200,37.2200,2200
1471874021,37.2100,37.2200,37.2100,37.2200,8600
1471874052,37.1980,37.2100,37.1980,37.2100,18200
1471874127,37.2082,37.2082,37.2082,37.2082,300
1471874218,37.2148,37.2200,37.2100,37.2100,6100
1471874232,37.2200,37.2300,37.2200,37.2200,6100
1471874308,37.2300,37.2301,37.2200,37.2200,3900
1471874355,37.2301,37.2301,37.2259,37.2300,4100
1471874442,37.2251,37.2300,37.2251,37.2300,800
1471874469,37.2089,37.2300,37.2000,37.2200,113200
1471874532,37.2100,37.2100,37.2089,37.2100,20000
1471874589,37.2155,37.2200,37.2138,37.2138,10400
1471874640,37.2001,37.2188,37.2001,37.2188,9500
1471874725,37.2300,37.2300,37.2188,37.2199,6600
1471874760,37.2290,37.2300,37.2201,37.2300,8600
1471874841,37.2200,37.2299,37.2200,37.2299,8800
1471874892,37.2110,37.2150,37.2100,37.2100,1800
1471874953,37.2100,37.2188,37.2100,37.2100,12600
1471875010,37.2100,37.2150,37.2000,37.2070,14600
1471875087,37.2224,37.2250,37.2101,37.2101,7200
1471875135,37.2250,37.2300,37.2200,37.2200,10400
1471875192,37.2301,37.2350,37.2242,37.2300,4700
1471875252,37.2289,37.2350,37.2289,37.2301,1100
1471875345,37.2295,37.2300,37.2250,37.2300,2600
1471875367,37.2550,37.2550,37.2300,37.2300,18600
1471875443,37.2700,37.2700,37.2689,37.2700,2600
1471875493,37.2900,37.2900,37.2700,37.2700,15100
1471875551,37.2950,37.3050,37.2950,37.2973,10300
1471875608,37.2900,37.2900,37.2800,37.2900,19900
1471875671,37.2750,37.2850,37.2750,37.2850,2300
1471875743,37.2789,37.2800,37.2750,37.2750,2100
1471875794,37.2762,37.2762,37.2750,37.2750,4100
1471875865,37.2900,37.2900,37.2750,37.2800,38700
1471875901,37.3000,37.3058,37.2900,37.2901,21100
1471875972,37.3050,37.3100,37.3000,37.3000,8900
1471876048,37.3064,37.3064,37.3001,37.3001,2800
1471876104,37.3089,37.3100,37.3000,37.3100,3700
1471876149,37.3050,37.3089,37.3050,37.3089,900
1471876200,37.3075,37.3189,37.3075,37.3100,6500
1471876269,37.3200,37.3200,37.3000,37.3099,7800
1471876328,37.3184,37.3200,37.3150,37.3200,1600
1471876396,37.3200,37.3200,37.3162,37.3200,4800
1471876449,37.3350,37.3384,37.3210,37.3228,10200
1471876512,37.3300,37.3399,37.3300,37.3399,4500
1471876572,37.3400,37.3400,37.3201,37.3300,7000
1471876622,37.3365,37.3450,37.3300,37.3399,11400
1471876680,37.3343,37.3400,37.3300,37.3400,10800
1471876754,37.3300,37.3350,37.3300,37.3300,77500
1471876857,37.3357,37.3357,37.3357,37.3357,9200
1471876862,37.3300,37.3300,37.3200,37.3300,25900
1471876977,37.3400,37.3450,37.3256,37.3284,26700
1471876995,37.3400,37.3400,37.3400,37.3400,10700
1471877055,37.3342,37.3400,37.3342,37.3400,12500
1471877101,37.3450,37.3500,37.3410,37.3500,18500
1471877203,37.3428,37.3499,37.3428,37.3450,26000
1471877221,37.3465,37.3484,37.3434,37.3434,9400
1471877303,37.3400,37.3500,37.3400,37.3450,15200
1471877378,37.3437,37.3486,37.3400,37.3450,2700
1471877446,37.3300,37.3400,37.3300,37.3400,5700
1471877468,37.3323,37.3400,37.3300,37.3400,2800
1471877528,37.3249,37.3300,37.3249,37.3257,20800
1471877636,37.3500,37.3500,37.3500,37.3500,9300
1471877648,37.3499,37.3500,37.3400,37.3500,7100
1471877720,37.3401,37.3401,37.3400,37.3400,5000
1471877815,37.3450,37.3496,37.3400,37.3400,21200
1471877879,37.3500,37.3500,37.3410,37.3410,3400
1471877880,37.3500,37.3600,37.3500,37.3500,3300
1471877999,37.3400,37.3500,37.3350,37.3460,6900
1471878059,37.3600,37.3600,37.3300,37.3300,10800
1471878116,37.3649,37.3700,37.3605,37.3650,13600
1471878179,37.3500,37.3700,37.3500,37.3700,27900
1471878239,37.3400,37.3500,37.3400,37.3500,9000
1471878269,37.3501,37.3550,37.3400,37.3400,11000
1471878349,37.3500,37.3500,37.3499,37.3500,2700
1471878361,37.3500,37.3550,37.3500,37.3500,9000
1471878473,37.3400,37.3500,37.3400,37.3400,2000
1471878489,37.3550,37.3550,37.3400,37.3400,4900
1471878541,37.3456,37.3558,37.3456,37.3550,6900
1471878606,37.3599,37.3599,37.3500,37.3500,3900
1471878718,37.3400,37.3500,37.3400,37.3500,2300
1471878745,37.3401,37.3458,37.3400,37.3400,6500
1471878836,37.3450,37.3464,37.3400,37.3400,7000
1471878846,37.3301,37.3450,37.3301,37.3450,12300
1471878902,37.3300,37.3300,37.3300,37.3300,13100
1471879015,37.3200,37.3300,37.3200,37.3300,7800
1471879026,37.3300,37.3300,37.3200,37.3250,15000
1471879087,37.3100,37.3200,37.3100,37.3200,8200
1471879195,37.2950,37.3100,37.2950,37.3100,15500
1471879207,37.2900,37.3056,37.2900,37.3000,14300
1471879261,37.2800,37.2800,37.2800,37.2800,24900
1471879385,37.2900,37.2900,37.2900,37.2900,11400
1471879496,37.2600,37.2899,37.2600,37.2844,7600
1471879559,37.2610,37.2700,37.2555,37.2600,9900
1471879572,37.2790,37.2790,37.2700,37.2700,4600
1471879678,37.2600,37.2730,37.2600,37.2730,4900
1471879685,37.2600,37.2700,37.2600,37.2699,9300
1471879790,37.2600,37.2600,37.2600,37.2600,10800
1471879806,37.2600,37.2700,37.2500,37.2600,9800
1471879877,37.2800,37.2800,37.2700,37.2700,6100
1471879973,37.2690,37.2730,37.2690,37.2700,4300
1471879980,37.2800,37.2800,37.2600,37.2600,28900
1471880045,37.2831,37.2899,37.2750,37.2750,18500
1471880111,37.2973,37.2973,37.2850,37.2850,3800
1471880212,37.2900,37.3096,37.2900,37.3000,7000
1471880272,37.2901,37.2950,37.2800,37.2900,6900
1471880284,37.2950,37.3000,37.2900,37.2901,1900
1471880383,37.2800,37.2900,37.2800,37.2900,4200
1471880455,37.2850,37.2950,37.2850,37.2900,11300
1471880466,37.2900,37.2953,37.2850,37.2850,7300
1471880578,37.2900,37.2950,37.2900,37.2950,5700
1471880636,37.2900,37.3000,37.2900,37.2900,3600
1471880696,37.2800,37.2900,37.2800,37.2900,2900
1471880755,37.2800,37.2846,37.2800,37.2801,3000
1471880815,37.2800,37.2800,37.2800,37.2800,2000
1471880875,37.2900,37.2950,37.2800,37.2801,9300
1471880939,37.2999,37.3000,37.2900,37.2900,8700
1471880947,37.2900,37.2950,37.2900,37.2900,2900
1471881043,37.3001,37.3001,37.2900,37.2900,3200
1471881117,37.3050,37.3051,37.3000,37.3050,2800
1471881128,37.3099,37.3099,37.2950,37.3000,10300
1471881238,37.3000,37.3100,37.3000,37.3073,4000
1471881247,37.3000,37.3100,37.3000,37.3000,6300
1471881346,37.3000,37.3050,37.3000,37.3000,3700
1471881413,37.3100,37.3150,37.3000,37.3000,27000
1471881479,37.3100,37.3200,37.3100,37.3100,9400
1471881530,37.3100,37.3200,37.3100,37.3100,6200
1471881596,37.3150,37.3200,37.3100,37.3100,8600
1471881603,37.3150,37.3150,37.3050,37.3050,12100
1471881714,37.3010,37.3101,37.3010,37.3101,3400
1471881721,37.3000,37.3050,37.2950,37.3050,11600
1471881835,37.3027,37.3073,37.3000,37.3000,23200
1471881868,37.3099,37.3099,37.3099,37.3099,5900
1471881913,37.3150,37.3150,37.3100,37.3100,5600
1471881992,37.3169,37.3169,37.3169,37.3169,600
1471882029,37.3000,37.3100,37.3000,37.3100,4900
1471882128,37.3100,37.3100,37.3100,37.3100,2100
1471882146,37.3100,37.3100,37.3050,37.3100,2100
1471882319,37.3000,37.3100,37.3000,37.3100,4100
1471882372,37.2927,37.3000,37.2900,37.3000,7400
1471882380,37.2955,37.2955,37.2901,37.2901,700
1471882448,37.2957,37.3000,37.2900,37.3000,6800
1471882508,37.3050,37.3100,37.2930,37.3000,9700
1471882588,37.3100,37.3100,37.3100,37.3100,7200
1471882660,37.3050,37.3050,37.3000,37.3000,3400
1471882694,37.3000,37.3000,37.3000,37.3000,5000
1471882762,37.3000,37.3090,37.3000,37.3000,4000
1471882814,37.3027,37.3027,37.3027,37.3027,1000
1471882865,37.3000,37.3100,37.3000,37.3100,1200
1471882927,37.3100,37.3100,37.3100,37.3100,100
1471882995,37.3150,37.3150,37.3050,37.3100,6800
1471883086,37.3500,37.3500,37.3150,37.3150,4100
1471883102,37.3850,37.3850,37.3600,37.3600,16300
1471883161,37.3900,37.4000,37.3900,37.3900,7200
1471883236,37.3700,37.3950,37.3700,37.3950,15600
1471883316,37.3800,37.3800,37.3773,37.3773,1400
1471883355,37.3744,37.3800,37.3744,37.3800,1300
1471883408,37.3727,37.3800,37.3727,37.3800,3600
1471883488,37.3750,37.3767,37.3742,37.3767,2500
1471883520,37.3750,37.3800,37.3723,37.3800,2100
1471883583,37.3750,37.3773,37.3700,37.3700,4900
1471883640,37.3750,37.3800,37.3700,37.3750,4600
1471883709,37.3750,37.3750,37.3700,37.3700,600
1471883819,37.3701,37.3799,37.3700,37.3742,3600
1471883875,37.3790,37.3790,37.3700,37.3700,4100
1471883886,37.3750,37.3800,37.3700,37.3800,5200
1471883998,37.3750,37.3750,37.3700,37.3700,2300
1471884054,37.3750,37.3800,37.3701,37.3701,6300
1471884067,37.3746,37.3750,37.3746,37.3750,500
1471884138,37.3785,37.3799,37.3700,37.3700,12500
1471884190,37.3760,37.3760,37.3700,37.3720,8500
1471884257,37.3500,37.3756,37.3500,37.3756,4300
1471884348,37.3500,37.3546,37.3400,37.3546,5700
1471884400,37.3500,37.3550,37.3500,37.3500,12100
1471884449,37.3558,37.3558,37.3500,37.3500,2500
1471884482,37.3554,37.3600,37.3500,37.3500,5700
1471884574,37.3600,37.3600,37.3527,37.3527,1400
1471884641,37.3550,37.3566,37.3519,37.3519,800
1471884698,37.3600,37.3600,37.3600,37.3600,300
1471884756,37.3600,37.3600,37.3573,37.3573,1000
1471884878,37.3600,37.3600,37.3501,37.3501,6100
1471884950,37.3450,37.3600,37.3450,37.3500,50200
1471885008,37.3400,37.3500,37.3400,37.3500,13600
1471885078,37.3410,37.3500,37.3400,37.3500,7300
1471885099,37.3400,37.3450,37.3350,37.3450,1900
1471885195,37.3500,37.3500,37.3350,37.3350,7500
1471885202,37.3499,37.3500,37.3400,37.3400,2700
1471885262,37.3450,37.3500,37.3450,37.3450,1300
1471885359,37.3400,37.3400,37.3400,37.3400,100
1471885380,37.3500,37.3500,37.3400,37.3500,6200
1471885452,37.3499,37.3500,37.3430,37.3450,7000
1471885509,37.3400,37.3443,37.3300,37.3300,3000
1471885581,37.3430,37.3499,37.3400,37.3457,4700
1471885635,37.3450,37.3450,37.3441,37.3450,900
1471885739,37.3400,37.3450,37.3400,37.3450,2500
1471885740,37.3450,37.3450,37.3350,37.3400,8000
1471885854,37.3490,37.3500,37.3400,37.3400,8300
1471885865,37.3427,37.3500,37.3427,37.3500,7900
1471885923,37.3401,37.3500,37.3401,37.3427,24900
1471886035,37.3550,37.3550,37.3467,37.3500,9900
1471886047,37.3516,37.3600,37.3500,37.3550,6000
1471886122,37.3530,37.3573,37.3527,37.3573,2100
1471886186,37.3501,37.3501,37.3501,37.3501,100
1471886231,37.3500,37.3600,37.3500,37.3600,10500
1471886291,37.3590,37.3600,37.3540,37.3540,5000
1471886374,37.3500,37.3600,37.3500,37.3510,800
1471886459,37.3550,37.3600,37.3500,37.3600,10300
1471886516,37.3550,37.3590,37.3500,37.3500,7800
1471886531,37.3400,37.3561,37.3400,37.3561,34100
1471886580,37.3350,37.3400,37.3301,37.3400,4600
1471886687,37.2900,37.3350,37.2900,37.3300,16300
1471886758,37.2900,37.2950,37.2820,37.2950,4400
1471886767,37.2901,37.2950,37.2850,37.2900,5800
1471886850,37.3000,37.3000,37.3000,37.3000,5300
1471886932,37.3100,37.3197,37.3001,37.3100,22000
1471886996,37.3127,37.3200,37.3055,37.3055,5300
1471887004,37.3100,37.3200,37.3100,37.3148,22500
1471887068,37.3034,37.3150,37.3034,37.3150,5900
1471887123,37.3100,37.3100,37.3000,37.3048,2700
1471887190,37.3100,37.3100,37.3001,37.3050,2100
1471887240,37.3101,37.3150,37.3000,37.3050,12000
1471887360,37.3150,37.3190,37.3100,37.3100,1900
1471887478,37.3015,37.3100,37.3015,37.3059,10300
1471887528,37.3120,37.3150,37.3050,37.3100,12600
1471887542,37.3173,37.3173,37.3100,37.3127,12200
1471887600,37.3300,37.3300,37.3120,37.3120,12500
1471887714,37.3353,37.3359,37.3310,37.3310,4700
1471887778,37.3300,37.3400,37.3300,37.3334,6700
1471887828,37.3350,37.3350,37.3300,37.3350,4000
1471887851,37.3400,37.3400,37.3318,37.3318,2000
1471887952,37.3401,37.3450,37.3367,37.3400,6400
1471888019,37.3600,37.3600,37.3500,37.3500,13500
1471888079,37.3600,37.3699,37.3599,37.3601,8900
1471888082,37.3650,37.3650,37.3600,37.3600,7800
1471888147,37.3600,37.3627,37.3600,37.3627,8100
1471888247,37.3600,37.3650,37.3537,37.3537,4500
1471888293,37.3657,37.3690,37.3657,37.3690,3800
1471888360,37.3601,37.3601,37.3600,37.3600,400
1471888401,37.3600,37.3658,37.3600,37.3650,2900
1471888494,37.3600,37.3700,37.3500,37.3690,13000
1471888558,37.3700,37.3800,37.3600,37.3600,29000
1471888619,37.3701,37.3800,37.3701,37.3710,500
1471888627,37.3700,37.3799,37.3700,37.3799,1800
1471888680,37.3650,37.3700,37.3650,37.3700,1500
1471888748,37.3600,37.3650,37.3600,37.3650,1700
1471888820,37.3600,37.3700,37.3600,37.3673,36700
1471888864,37.3649,37.3689,37.3600,37.3600,1900
1471888920,37.3650,37.3700,37.3627,37.3700,4200
1471889025,37.3800,37.3800,37.3650,37.3650,6800
1471889052,37.3743,37.3800,37.3743,37.3750,1100
1471889158,37.3748,37.3800,37.3700,37.3762,27900
1471889174,37.3750,37.3800,37.3700,37.3750,10800
1471889231,37.3800,37.3800,37.3720,37.3800,4000
1471889335,37.3800,37.3800,37.3744,37.3750,3300
1471889394,37.3800,37.3800,37.3701,37.3800,12200
1471889457,37.3750,37.3787,37.3700,37.3750,17100
1471889518,37.3670,37.3800,37.3670,37.3800,10500
1471889578,37.3610,37.3700,37.3610,37.3700,22500
1471889580,37.3650,37.3700,37.3650,37.3650,7600
1471889656,37.3750,37.3799,37.3639,37.3639,10400
1471889704,37.3750,37.3750,37.3750,37.3750,4100
1471889760,37.3646,37.3750,37.3646,37.3750,8200
1471889878,37.3550,37.3700,37.3550,37.3650,71400
1471889935,37.3599,37.3600,37.3550,37.3550,3700
1471889994,37.3550,37.3600,37.3550,37.3554,8000
1471890052,37.3600,37.3600,37.3550,37.3600,5800
1471890095,37.3600,37.3600,37.3542,37.3542,2500
1471890120,37.3650,37.3650,37.3600,37.3600,4000
1471890239,37.3600,37.3652,37.3550,37.3650,10300
1471890296,37.3590,37.3590,37.3500,37.3550,15000
1471890303,37.3500,37.3514,37.3500,37.3514,6700
1471890366,37.3400,37.3600,37.3350,37.3550,10400
1471890466,37.3450,37.3500,37.3350,37.3350,7200
1471890519,37.3300,37.3400,37.3300,37.3400,6000
1471890594,37.3300,37.3300,37.3227,37.3300,12500
1471890601,37.3300,37.3400,37.3250,37.3300,87600
1471890713,37.3227,37.3301,37.3200,37.3301,46700
1471890724,37.3250,37.3300,37.3201,37.3250,24600
1471890828,37.3380,37.3400,37.3300,37.3300,51500
1471890842,37.3400,37.3460,37.3300,37.3399,19600
1471890904,37.3340,37.3473,37.3340,37.3473,5800
1471891005,37.3390,37.3400,37.3301,37.3350,2700
1471891077,37.3444,37.3500,37.3444,37.3500,6200
1471891120,37.3542,37.3550,37.3433,37.3433,34400
1471891145,37.3500,37.3600,37.3500,37.3573,2500
1471891218,37.3600,37.3600,37.3501,37.3542,2300
1471891276,37.3575,37.3600,37.3500,37.3500,2200
1471891325,37.3648,37.3700,37.3500,37.3510,10800
1471891393,37.3691,37.3699,37.3601,37.3650,11000
1471891440,37.3627,37.3650,37.3600,37.3650,65100
1471891500,37.3650,37.3673,37.3638,37.3650,4400
1471891615,37.3650,37.3690,37.3601,37.3666,90300
1471891623,37.3650,37.3699,37.3600,37.3601,10100
1471891721,37.3699,37.3699,37.3600,37.3601,5000
1471891793,37.3650,37.3700,37.3650,37.3650,27100
1471891846,37.3799,37.3799,37.3600,37.3600,11200
1471891915,37.3760,37.3765,37.3700,37.3756,3100
1471891941,37.3799,37.3800,37.3700,37.3700,2700
1471892034,37.3644,37.3790,37.3644,37.3750,20500
1471892099,37.3637,37.3650,37.3558,37.3640,22900
1471892106,37.3550,37.3699,37.3500,37.3658,10100
1471892218,37.3500,37.3600,37.3500,37.3563,12600
1471892279,37.3550,37.3600,37.3500,37.3500,5000
1471892337,37.3600,37.3600,37.3500,37.3550,15100
1471892340,37.3550,37.3600,37.3530,37.3600,8100
1471892402,37.3550,37.3600,37.3510,37.3510,4700
1471892465,37.3550,37.3600,37.3500,37.3554,15800
1471892527,37.3548,37.3600,37.3510,37.3600,1900
1471892583,37.3600,37.3600,37.3548,37.3550,7000
1471892657,37.3550,37.3550,37.3550,37.3550,1500
1471892731,37.3576,37.3576,37.3500,37.3550,1300
1471892762,37.3650,37.3650,37.3500,37.3540,10600
1471892865,37.3573,37.3666,37.3550,37.3666,8600
1471892936,37.3650,37.3700,37.3549,37.3549,24000
1471892949,37.3650,37.3699,37.3650,37.3650,3200
1471893059,37.3650,37.3700,37.3600,37.3700,6100
1471893107,37.3700,37.3700,37.3600,37.3600,7200
1471893177,37.3650,37.3699,37.3601,37.3650,2800
1471893226,37.3650,37.3690,37.3601,37.3662,2600
1471893240,37.3700,37.3700,37.3600,37.3650,15100
1471893356,37.3650,37.3650,37.3611,37.3650,1400
1471893363,37.3562,37.3656,37.3550,37.3656,18000
1471893471,37.3650,37.3650,37.3550,37.3550,6400
1471893536,37.3601,37.3654,37.3600,37.3654,3600
1471893599,37.3610,37.3699,37.3610,37.3610,2700
1471893637,37.3650,37.3662,37.3620,37.3650,2700
1471893719,37.3660,37.3700,37.3601,37.3638,5000
1471893779,37.3601,37.3676,37.3600,37.3650,4300
1471893785,37.3650,37.3700,37.3601,37.3673,5400
1471893848,37.3650,37.3663,37.3601,37.3650,6700
1471893959,37.3644,37.3660,37.3637,37.3660,3100
1471894014,37.3700,37.3700,37.3634,37.3636,4700
1471894063,37.3790,37.3790,37.3700,37.3750,6500
1471894091,37.3750,37.3800,37.3700,37.3750,10600
1471894182,37.3780,37.3780,37.3780,37.3780,600
1471894258,37.3800,37.3800,37.3700,37.3700,28100
1471894264,37.3750,37.3800,37.3750,37.3762,5900
1471894379,37.3750,37.3750,37.3700,37.3750,3500
1471894401,37.3750,37.3800,37.3750,37.3750,5700
1471894448,37.3750,37.3750,37.3701,37.3750,3300
1471894514,37.3800,37.3800,37.3732,37.3750,5600
1471894619,37.3750,37.3800,37.3700,37.3750,9600
1471894679,37.3600,37.3800,37.3600,37.3750,41600
1471894683,37.3700,37.3700,37.3600,37.3650,10300
1471894754,37.3650,37.3700,37.3650,37.3650,7200
1471894853,37.3650,37.3700,37.3601,37.3650,9900
1471894862,37.3710,37.3750,37.3700,37.3700,19100
1471894926,37.3750,37.3750,37.3700,37.3700,5200
1471895028,37.3766,37.3800,37.3710,37.3800,12600
1471895089,37.3750,37.3800,37.3700,37.3754,4500
1471895152,37.3700,37.3800,37.3700,37.3750,16000
1471895219,37.3700,37.3785,37.3700,37.3700,28800
1471895230,37.3650,37.3700,37.3650,37.3700,13200
1471895337,37.3650,37.3660,37.3601,37.3650,4700
1471895345,37.3650,37.3700,37.3600,37.3699,14300
1471895447,37.3650,37.3700,37.3613,37.3700,8000
1471895518,37.3653,37.3700,37.3601,37.3700,5600
1471895521,37.3650,37.3700,37.3600,37.3650,56000
1471895584,37.3600,37.3700,37.3550,37.3600,21200
1471895645,37.3600,37.3650,37.3548,37.3600,17700
1471895759,37.3650,37.3700,37.3600,37.3600,14000
1471895819,37.3601,37.3700,37.3600,37.3650,8300
1471895879,37.3600,37.3700,37.3600,37.3601,28900
1471895939,37.3650,37.3700,37.3600,37.3600,25200
1471895999,37.3700,37.3800,37.3600,37.3650,84300
1471896000,37.3800,37.3800,37.3800,37.3800,20900
