uri:/instrument/1.0/ACWI/chartdata;type=quote;range=1d/csv
ticker:acwi
Company-Name:iShares MSCI ACWI Index Fund
Exchange-Name:NGM
unit:MIN
timezone:EDT
currency:USD
gmtoffset:-14400
previous_close:59.1000
Timestamp:1471959000,1471982400
labels:1471960800,1471964400,1471968000,1471971600,1471975200,1471978800,1471982400
values:Timestamp,close,high,low,open,volume
close:59.2200,59.4950
high:59.2200,59.5100
low:59.2200,59.4850
open:59.2200,59.4900
volume:0,98200
1471959034,59.4200,59.4500,59.4200,59.4400,12700
1471959116,59.4500,59.4500,59.4300,59.4300,2000
1471959174,59.4500,59.4650,59.4500,59.4650,3000
1471959234,59.4400,59.4550,59.4400,59.4500,3900
1471959246,59.4500,59.4500,59.4200,59.4300,5300
1471959342,59.4600,59.4700,59.4550,59.4550,10200
1471959363,59.4850,59.5000,59.4500,59.4500,3800
1471959474,59.4800,59.4900,59.4800,59.4900,600
1471959486,59.4700,59.4800,59.4650,59.4800,3700
1471959588,59.4700,59.4800,59.4700,59.4800,800
1471959658,59.4700,59.4800,59.4600,59.4700,2800
1471959663,59.4550,59.4750,59.4500,59.4700,7400
1471959779,59.4600,59.4600,59.4500,59.4500,3600
1471959835,59.4550,59.4600,59.4550,59.4600,3700
1471959893,59.4600,59.4600,59.4500,59.4550,8800
1471959902,59.4800,59.4800,59.4650,59.4700,5000
1471959988,59.4800,59.4800,59.4700,59.4750,1500
1471960075,59.4750,59.4900,59.4700,59.4850,11900
1471960104,59.4600,59.4900,59.4550,59.4750,4600
1471960182,59.4700,59.4750,59.4600,59.4600,2800
1471960245,59.4650,59.4700,59.4550,59.4550,3500
1471960298,59.4550,59.4650,59.4500,59.4650,8400
1471960377,59.4600,59.4600,59.4500,59.4500,3900
1471960439,59.4700,59.4700,59.4650,59.4650,5700
1471960456,59.4800,59.4800,59.4750,59.4750,1900
1471960500,59.4950,59.5100,59.4850,59.4850,9500
1471960561,59.4800,59.4850,59.4800,59.4850,600
1471960677,59.4800,59.4800,59.4800,59.4800,800
1471960737,59.4700,59.4800,59.4600,59.4800,5800
1471960798,59.4750,59.4750,59.4650,59.4700,6300
1471960851,59.4750,59.4850,59.4750,59.4750,5300
1471960892,59.4937,59.4937,59.4750,59.4750,1500
1471960959,59.4850,59.4900,59.4850,59.4900,4000
1471961036,59.4900,59.4900,59.4800,59.4900,6800
1471961041,59.4850,59.4900,59.4850,59.4900,1500
1471961157,59.4800,59.4826,59.4800,59.4800,16400
1471961218,59.4600,59.4850,59.4600,59.4850,33200
1471961277,59.4500,59.4600,59.4500,59.4600,7800
1471961329,59.4550,59.4600,59.4500,59.4500,2700
1471961392,59.4700,59.4700,59.4550,59.4550,15600
1471961439,59.4550,59.4600,59.4550,59.4600,800
1471961496,59.4700,59.4700,59.4500,59.4500,4500
1471961574,59.4800,59.4800,59.4700,59.4750,1300
1471961637,59.4700,59.4800,59.4700,59.4800,2300
1471961691,59.4800,59.4900,59.4700,59.4700,4800
1471961752,59.4800,59.4850,59.4800,59.4850,900
1471961810,59.4850,59.4850,59.4800,59.4850,700
1471961870,59.4850,59.4900,59.4800,59.4850,8100
1471961939,59.4800,59.5100,59.4800,59.4850,98200
1471961998,59.4400,59.4900,59.4400,59.4900,6100
1471962033,59.4800,59.4800,59.4450,59.4500,3500
1471962111,59.4600,59.4700,59.4550,59.4700,1100
1471962167,59.4550,59.4600,59.4550,59.4550,1200
1471962184,59.4350,59.4550,59.4350,59.4550,1700
1471962271,59.4500,59.4500,59.4350,59.4350,2100
1471962336,59.4500,59.4500,59.4450,59.4450,2900
1471962408,59.4600,59.4600,59.4450,59.4450,1800
1471962460,59.4550,59.4600,59.4550,59.4550,700
1471962536,59.4550,59.4600,59.4550,59.4550,1300
1471962596,59.4550,59.4700,59.4550,59.4550,2600
1471962621,59.4700,59.4700,59.4650,59.4700,800
1471962719,59.4600,59.4850,59.4600,59.4750,1600
1471962771,59.4600,59.4600,59.4600,59.4600,800
1471962834,59.4500,59.4550,59.4500,59.4550,1000
1471962894,59.4301,59.4400,59.4301,59.4400,6200
1471962959,59.4300,59.4300,59.4150,59.4300,13000
1471963015,59.4250,59.4400,59.4250,59.4300,2900
1471963043,59.4300,59.4300,59.4300,59.4300,100
1471963137,59.4250,59.4300,59.4250,59.4300,600
1471963195,59.4250,59.4300,59.4250,59.4250,1600
1471963259,59.4300,59.4300,59.4250,59.4300,1400
1471963260,59.4300,59.4300,59.4300,59.4300,600
1471963397,59.4300,59.4300,59.4300,59.4300,100
1471963499,59.4250,59.4300,59.4250,59.4300,400
1471963556,59.4400,59.4400,59.4250,59.4250,4200
1471963611,59.4700,59.4700,59.4400,59.4400,4700
1471963652,59.4700,59.4700,59.4550,59.4600,1700
1471963717,59.4700,59.4700,59.4600,59.4650,1400
1471963794,59.4700,59.4750,59.4700,59.4750,500
1471963854,59.4600,59.4800,59.4600,59.4750,1100
1471963917,59.4700,59.4700,59.4650,59.4650,900
1471963967,59.4650,59.4700,59.4650,59.4650,1200
1471963995,59.4600,59.4700,59.4600,59.4650,2800
1471964056,59.4550,59.4650,59.4550,59.4650,1200
1471964116,59.4700,59.4700,59.4650,59.4650,700
1471964160,59.4650,59.4700,59.4650,59.4650,1400
1471964222,59.4500,59.4600,59.4450,59.4600,3100
1471964294,59.4500,59.4500,59.4500,59.4500,100
1471964381,59.4550,59.4550,59.4550,59.4550,600
1471964401,59.4610,59.4650,59.4550,59.4650,1800
1471964503,59.4450,59.4600,59.4450,59.4600,1300
1471964531,59.4300,59.4500,59.4300,59.4450,3200
1471964619,59.4400,59.4400,59.4250,59.4300,3500
1471964640,59.4250,59.4400,59.4250,59.4400,2000
1471964744,59.4100,59.4200,59.4090,59.4200,2500
1471964773,59.4150,59.4150,59.4150,59.4150,300
1471964870,59.4050,59.4100,59.4000,59.4100,2600
1471964885,59.3900,59.4000,59.3800,59.4000,3000
1471964996,59.3900,59.4000,59.3900,59.3900,800
1471965055,59.3850,59.3900,59.3850,59.3900,1400
1471965109,59.4000,59.4000,59.3850,59.3850,2700
1471965168,59.4100,59.4100,59.4050,59.4050,1200
1471965212,59.4100,59.4100,59.4100,59.4100,300
1471965267,59.4000,59.4000,59.4000,59.4000,300
1471965350,59.4000,59.4000,59.4000,59.4000,100
1471965409,59.4000,59.4100,59.4000,59.4100,1300
1471965477,59.4050,59.4050,59.3950,59.4000,4000
1471965503,59.4150,59.4150,59.4050,59.4100,900
1471965592,59.4150,59.4150,59.4150,59.4150,300
1471965618,59.4150,59.4200,59.4150,59.4150,2200
1471965665,59.4200,59.4200,59.4150,59.4150,900
1471965761,59.4250,59.4300,59.4200,59.4250,1100
1471965787,59.4300,59.4300,59.4200,59.4200,300
1471965887,59.4250,59.4300,59.4250,59.4250,1200
1471965955,59.4100,59.4300,59.4100,59.4300,3100
1471965984,59.4100,59.4100,59.4050,59.4050,1900
1471966061,59.4200,59.4200,59.4150,59.4150,1400
1471966099,59.4200,59.4200,59.4200,59.4200,100
1471966184,59.4200,59.4300,59.4184,59.4300,1500
1471966225,59.4050,59.4100,59.4050,59.4100,700
1471966264,59.4000,59.4025,59.3950,59.4025,2300
1471966373,59.4100,59.4100,59.4050,59.4100,2500
1471966433,59.4100,59.4100,59.4050,59.4050,6800
1471966486,59.4200,59.4200,59.4100,59.4150,5900
1471966515,59.4200,59.4200,59.4200,59.4200,600
1471966565,59.4000,59.4050,59.4000,59.4050,400
1471966650,59.4100,59.4150,59.4050,59.4050,5900
1471966723,59.4100,59.4100,59.4050,59.4100,1800
1471966785,59.3900,59.4050,59.3900,59.4050,19900
1471966803,59.4050,59.4050,59.3950,59.3950,4800
1471966915,59.4000,59.4050,59.3950,59.4050,8700
1471966973,59.4000,59.4050,59.3900,59.4000,3300
1471967039,59.4000,59.4000,59.4000,59.4000,2300
1471967083,59.3950,59.4050,59.3950,59.4010,600
1471967108,59.4000,59.4000,59.3950,59.3950,900
1471967167,59.4000,59.4000,59.4000,59.4000,800
1471967232,59.3900,59.4000,59.3900,59.4000,14400
1471967302,59.3850,59.3900,59.3800,59.3800,1400
1471967353,59.3900,59.3900,59.3850,59.3850,4400
1471967456,59.3850,59.3900,59.3850,59.3900,1900
1471967515,59.3800,59.3800,59.3800,59.3800,300
1471967578,59.3800,59.3800,59.3750,59.3750,4100
1471967626,59.3750,59.3800,59.3750,59.3800,500
1471967694,59.3750,59.3750,59.3600,59.3700,900
1471967819,59.3800,59.3800,59.3750,59.3750,3700
1471967866,59.3600,59.3750,59.3600,59.3750,7500
1471967904,59.3650,59.3650,59.3650,59.3650,100
1471967999,59.3600,59.3600,59.3550,59.3600,1500
1471968040,59.3550,59.3600,59.3550,59.3550,300
1471968111,59.3525,59.3525,59.3500,59.3500,600
1471968175,59.3301,59.3301,59.3300,59.3300,700
1471968237,59.3250,59.3300,59.3250,59.3300,5800
1471968279,59.3300,59.3300,59.3250,59.3300,1800
1471968338,59.3300,59.3300,59.3250,59.3250,3300
1471968390,59.3400,59.3400,59.3300,59.3300,10400
1471968475,59.3200,59.3300,59.3200,59.3300,4000
1471968538,59.3150,59.3200,59.3100,59.3200,7100
1471968571,59.3200,59.3200,59.3150,59.3150,200
1471968651,59.3150,59.3200,59.3100,59.3100,1000
1471968700,59.3250,59.3300,59.3150,59.3200,2300
1471968757,59.3400,59.3400,59.3250,59.3300,2500
1471968802,59.3500,59.3550,59.3450,59.3450,3300
1471968877,59.3600,59.3600,59.3600,59.3600,100
1471968927,59.3500,59.3500,59.3500,59.3500,1600
1471969015,59.3450,59.3450,59.3450,59.3450,100
1471969070,59.3535,59.3550,59.3450,59.3500,3600
1471969081,59.3564,59.3564,59.3564,59.3564,100
1471969175,59.3500,59.3599,59.3500,59.3599,800
1471969204,59.3550,59.3600,59.3550,59.3600,2000
1471969304,59.3700,59.3700,59.3550,59.3550,8400
1471969378,59.3550,59.3700,59.3550,59.3700,2000
1471969384,59.3501,59.3501,59.3501,59.3501,800
1471969521,59.3600,59.3600,59.3600,59.3600,100
1471969598,59.3600,59.3600,59.3600,59.3600,100
1471969629,59.3550,59.3550,59.3550,59.3550,100
1471969714,59.3500,59.3500,59.3500,59.3500,300
1471969786,59.3400,59.3500,59.3400,59.3500,300
1471969833,59.3350,59.3400,59.3350,59.3400,1600
1471969891,59.3400,59.3400,59.3350,59.3350,700
1471969961,59.3500,59.3500,59.3400,59.3400,200
1471970037,59.3400,59.3500,59.3400,59.3500,1300
1471970063,59.3400,59.3400,59.3350,59.3400,4700
1471970126,59.3400,59.3400,59.3400,59.3400,600
1471970212,59.3350,59.3400,59.3300,59.3342,1300
1471970248,59.3500,59.3500,59.3350,59.3350,1900
1471970322,59.3550,59.3600,59.3550,59.3600,200
1471970388,59.3600,59.3600,59.3450,59.3500,1900
1471970451,59.3600,59.3600,59.3550,59.3600,1100
1471970601,59.3500,59.3500,59.3500,59.3500,1300
1471970693,59.3600,59.3600,59.3550,59.3600,4900
1471970742,59.3668,59.3668,59.3650,59.3650,400
1471970830,59.3550,59.3600,59.3550,59.3600,900
1471970912,59.3550,59.3600,59.3550,59.3550,1300
1471971023,59.3650,59.3700,59.3600,59.3650,1000
1471971123,59.3600,59.3600,59.3600,59.3600,100
1471971234,59.3400,59.3600,59.3400,59.3600,6200
1471971280,59.3100,59.3350,59.3050,59.3350,5200
1471971359,59.3100,59.3100,59.3050,59.3100,1900
1471971375,59.3100,59.3100,59.3050,59.3050,1700
1471971445,59.3200,59.3200,59.3200,59.3200,200
1471971527,59.3200,59.3200,59.3150,59.3200,300
1471971577,59.3250,59.3300,59.3200,59.3200,2200
1471971613,59.3200,59.3200,59.3200,59.3200,700
1471971692,59.3250,59.3250,59.3250,59.3250,100
1471971757,59.3500,59.3500,59.3250,59.3250,2900
1471971838,59.3435,59.3450,59.3435,59.3450,200
1471971933,59.3500,59.3500,59.3500,59.3500,100
1471972062,59.3400,59.3400,59.3350,59.3400,20500
1471972089,59.3400,59.3400,59.3400,59.3400,1700
1471972195,59.3358,59.3400,59.3350,59.3400,1800
1471972200,59.3350,59.3400,59.3350,59.3400,200
1471972299,59.3400,59.3400,59.3400,59.3400,100
1471972371,59.3300,59.3300,59.3300,59.3300,100
1471972415,59.3350,59.3400,59.3350,59.3400,200
1471972481,59.3400,59.3400,59.3350,59.3400,1000
1471972516,59.3500,59.3500,59.3450,59.3450,1200
1471972655,59.3500,59.3500,59.3500,59.3500,200
1471972704,59.3500,59.3500,59.3450,59.3500,1500
1471972795,59.3600,59.3600,59.3550,59.3550,900
1471972857,59.3800,59.3800,59.3650,59.3700,3600
1471972937,59.3750,59.3800,59.3750,59.3800,200
1471973015,59.3800,59.3800,59.3750,59.3750,200
1471973052,59.3700,59.3700,59.3700,59.3700,900
1471973137,59.3700,59.3700,59.3700,59.3700,400
1471973208,59.3700,59.3700,59.3650,59.3700,1100
1471973267,59.3700,59.3700,59.3700,59.3700,100
1471973335,59.3710,59.3766,59.3700,59.3700,400
1471973399,59.3700,59.3700,59.3650,59.3700,1200
1471973421,59.3650,59.3650,59.3650,59.3650,100
1471973533,59.3700,59.3700,59.3600,59.3600,300
1471973674,59.3700,59.3700,59.3625,59.3625,1000
1471973739,59.3800,59.3800,59.3800,59.3800,100
1471973828,59.3710,59.3710,59.3710,59.3710,100
1471973927,59.3700,59.3700,59.3650,59.3700,2200
1471973941,59.3700,59.3700,59.3700,59.3700,700
1471974035,59.3700,59.3700,59.3636,59.3658,1500
1471974104,59.3750,59.3800,59.3750,59.3750,700
1471974144,59.3700,59.3750,59.3600,59.3750,18100
1471974211,59.3700,59.3700,59.3650,59.3650,2400
1471974288,59.3700,59.3700,59.3650,59.3650,4400
1471974325,59.3600,59.3650,59.3600,59.3650,1000
1471974408,59.3650,59.3650,59.3550,59.3600,400
1471974470,59.3600,59.3600,59.3600,59.3600,200
1471974503,59.3600,59.3600,59.3550,59.3550,400
1471974559,59.3700,59.3700,59.3650,59.3700,900
1471974601,59.3743,59.3743,59.3743,59.3743,200
1471974710,59.3700,59.3700,59.3600,59.3650,500
1471974779,59.3700,59.3750,59.3700,59.3700,500
1471974802,59.3650,59.3700,59.3600,59.3700,4800
1471974887,59.3650,59.3700,59.3600,59.3600,600
1471974910,59.3600,59.3650,59.3600,59.3600,400
1471975010,59.3500,59.3600,59.3500,59.3600,3000
1471975051,59.3600,59.3600,59.3500,59.3500,6700
1471975118,59.3636,59.3636,59.3636,59.3636,500
1471975147,59.3500,59.3500,59.3500,59.3500,900
1471975203,59.3400,59.3500,59.3400,59.3500,2500
1471975260,59.3300,59.3400,59.3300,59.3400,400
1471975352,59.3200,59.3200,59.3200,59.3200,100
1471975430,59.3225,59.3300,59.3200,59.3200,400
1471975487,59.3300,59.3300,59.3200,59.3200,3000
1471975531,59.3300,59.3300,59.3300,59.3300,1000
1471975631,59.3400,59.3400,59.3400,59.3400,1400
1471975721,59.3400,59.3400,59.3400,59.3400,4300
1471975750,59.3300,59.3300,59.3300,59.3300,1100
1471975847,59.3300,59.3300,59.3300,59.3300,100
1471975967,59.3400,59.3499,59.3400,59.3400,5500
1471976097,59.3400,59.3400,59.3400,59.3400,400
1471976212,59.3335,59.3335,59.3300,59.3300,300
1471976234,59.3200,59.3400,59.3200,59.3365,1300
1471976321,59.3235,59.3300,59.3235,59.3300,200
1471976403,59.3290,59.3300,59.3230,59.3300,3300
1471976516,59.3200,59.3200,59.3200,59.3200,100
1471976529,59.3300,59.3300,59.3300,59.3300,1900
1471976614,59.3300,59.3300,59.3300,59.3300,400
1471976726,59.3300,59.3300,59.3300,59.3300,9600
1471976793,59.3400,59.3400,59.3310,59.3400,1400
1471976865,59.3500,59.3500,59.3500,59.3500,1800
1471976938,59.3400,59.3500,59.3400,59.3500,1200
1471977055,59.3500,59.3500,59.3400,59.3400,200
1471977109,59.3500,59.3550,59.3500,59.3500,900
1471977143,59.3436,59.3450,59.3401,59.3450,1100
1471977222,59.3400,59.3400,59.3400,59.3400,400
1471977285,59.3450,59.3450,59.3400,59.3450,600
1471977302,59.3500,59.3500,59.3400,59.3461,600
1471977452,59.3500,59.3500,59.3450,59.3450,200
1471977534,59.3400,59.3500,59.3400,59.3450,3500
1471977590,59.3380,59.3438,59.3380,59.3435,2500
1471977650,59.3300,59.3400,59.3300,59.3400,800
1471977701,59.3400,59.3400,59.3300,59.3300,200
1471977776,59.3350,59.3400,59.3350,59.3400,600
1471977836,59.3200,59.3350,59.3100,59.3350,3000
1471977874,59.3200,59.3200,59.3200,59.3200,100
1471977971,59.3150,59.3200,59.3150,59.3200,1400
1471978078,59.3200,59.3200,59.3150,59.3200,400
1471978243,59.3150,59.3200,59.3100,59.3100,3000
1471978282,59.3150,59.3150,59.3100,59.3100,900
1471978356,59.3200,59.3200,59.3150,59.3150,1400
1471978420,59.3200,59.3200,59.3138,59.3200,300
1471978441,59.3200,59.3250,59.3200,59.3200,5400
1471978554,59.3200,59.3200,59.3200,59.3200,800
1471978598,59.3150,59.3200,59.3100,59.3200,23100
1471978639,59.3150,59.3150,59.3150,59.3150,400
1471978731,59.3150,59.3150,59.3150,59.3150,100
1471978799,59.3300,59.3300,59.3150,59.3150,11500
1471978859,59.3250,59.3250,59.3100,59.3200,20200
1471978910,59.3200,59.3300,59.3200,59.3250,12700
1471978972,59.3250,59.3250,59.3250,59.3250,900
1471979096,59.3150,59.3250,59.3150,59.3250,13100
1471979157,59.3200,59.3200,59.3150,59.3150,7400
1471979219,59.3200,59.3200,59.3100,59.3100,5100
1471979249,59.3150,59.3200,59.3100,59.3100,3400
1471979311,59.3150,59.3200,59.3150,59.3150,7100
1471979392,59.3150,59.3200,59.3100,59.3100,800
1471979438,59.3100,59.3100,59.3100,59.3100,100
1471979500,59.3168,59.3200,59.3150,59.3150,1900
1471979529,59.3150,59.3150,59.3150,59.3150,100
1471979625,59.3350,59.3400,59.3200,59.3200,2500
1471979680,59.3350,59.3400,59.3300,59.3300,7300
1471979747,59.3200,59.3400,59.3200,59.3300,1100
1471979811,59.3200,59.3200,59.3100,59.3200,1100
1471979823,59.3200,59.3200,59.3150,59.3150,200
1471979937,59.3236,59.3300,59.3200,59.3200,11400
1471979950,59.3185,59.3200,59.3185,59.3200,3200
1471980053,59.3200,59.3200,59.3100,59.3100,700
1471980106,59.3101,59.3200,59.3101,59.3101,900
1471980174,59.3101,59.3150,59.3100,59.3101,1300
1471980184,59.3150,59.3200,59.3099,59.3100,10900
1471980289,59.3200,59.3200,59.3200,59.3200,1200
1471980333,59.3100,59.3200,59.3100,59.3150,9900
1471980417,59.3100,59.3100,59.3000,59.3000,4800
1471980472,59.3100,59.3200,59.3100,59.3200,3400
1471980535,59.3000,59.3150,59.3000,59.3100,91500
1471980575,59.2950,59.3000,59.2900,59.3000,24000
1471980637,59.2900,59.2950,59.2900,59.2950,4100
1471980716,59.2900,59.2900,59.2850,59.2900,1700
1471980764,59.2800,59.2900,59.2800,59.2900,1200
1471980835,59.2900,59.2900,59.2800,59.2900,4000
1471980842,59.2900,59.2900,59.2900,59.2900,1200
1471980959,59.2900,59.2900,59.2800,59.2900,1200
1471981016,59.2800,59.2850,59.2800,59.2800,3600
1471981075,59.2800,59.2800,59.2750,59.2800,2200
1471981133,59.2700,59.2700,59.2700,59.2700,12600
1471981181,59.2700,59.2700,59.2700,59.2700,1100
1471981259,59.2700,59.2750,59.2700,59.2750,400
1471981308,59.2800,59.2800,59.2700,59.2800,53900
1471981372,59.2800,59.2800,59.2800,59.2800,2200
1471981428,59.2800,59.2800,59.2750,59.2800,5100
1471981482,59.2700,59.2700,59.2650,59.2700,7400
1471981518,59.2510,59.2600,59.2510,59.2600,0
1471981583,59.2550,59.2550,59.2500,59.2550,1100
1471981660,59.2600,59.2600,59.2550,59.2600,17600
1471981727,59.2600,59.2600,59.2600,59.2600,0
1471981789,59.2500,59.2600,59.2500,59.2600,6800
1471981852,59.2500,59.2600,59.2500,59.2600,0
1471981919,59.2500,59.2550,59.2500,59.2500,69700
1471981969,59.2450,59.2550,59.2400,59.2500,67700
1471982035,59.2400,59.2500,59.2400,59.2450,38200
1471982045,59.2400,59.2450,59.2400,59.2400,42300
1471982159,59.2400,59.2500,59.2300,59.2400,47800
1471982160,59.2350,59.2450,59.2300,59.2400,36600
1471982279,59.2300,59.2350,59.2300,59.2300,44900
1471982280,59.2450,59.2500,59.2300,59.2300,62000
1471982341,59.2250,59.2600,59.2200,59.2450,60300
1471982400,59.2200,59.2200,59.2200,59.2200,4800
