uri:/instrument/1.0/RE/chartdata;type=quote;range=1d/csv
ticker:re
Company-Name:Everest Re Group, Ltd. Common S
Exchange-Name:NYQ
unit:MIN
timezone:EDT
currency:USD
gmtoffset:-14400
previous_close:188.2200
Timestamp:1472045400,1472068800
labels:1472047200,1472050800,1472054400,1472058000,1472061600,1472065200,1472068800
values:Timestamp,close,high,low,open,volume
close:188.0300,189.5600
high:188.0300,189.5600
low:188.0300,189.5600
open:188.0300,189.5600
volume:100,7400
1472045400,188.0500,188.0500,188.0500,188.0500,1200
1472045660,188.1200,188.3100,188.1200,188.2700,1800
1472045725,188.4700,188.4700,188.4700,188.4700,100
1472045766,188.4700,188.4700,188.4200,188.4200,1300
1472045837,188.2500,188.2500,188.2500,188.2500,300
1472045903,188.2500,188.2500,188.2500,188.2500,500
1472046107,188.0900,188.0900,188.0900,188.0900,100
1472046255,188.3300,188.3300,188.3300,188.3300,100
1472046310,188.3500,188.3500,188.0800,188.0800,200
1472046403,188.4100,188.4100,188.4100,188.4100,200
1472046734,188.4900,188.4900,188.4900,188.4900,300
1472047068,188.4400,188.4400,188.4400,188.4400,200
1472047106,188.5850,188.6500,188.5850,188.6500,300
1472047223,189.0600,189.0600,188.7900,188.7900,400
1472047298,188.8200,188.8200,188.8200,188.8200,500
1472047340,188.7650,188.7650,188.7650,188.7650,100
1472047444,188.6400,188.6900,188.6400,188.6900,500
1472047928,188.6400,188.6400,188.6400,188.6400,300
1472048040,188.6000,188.6000,188.6000,188.6000,200
1472048137,188.5850,188.5850,188.5850,188.5850,100
1472048230,188.3600,188.3600,188.3600,188.3600,300
1472048359,188.2500,188.2500,188.2500,188.2500,100
1472048569,188.1950,188.1950,188.1950,188.1950,100
1472048621,188.1100,188.1400,188.1100,188.1400,200
1472048700,188.1000,188.1000,188.1000,188.1000,200
1472048853,188.2500,188.2500,188.0600,188.1600,1200
1472048973,188.2800,188.2800,188.2800,188.2800,100
1472049154,188.2400,188.2400,188.2400,188.2400,100
1472049229,188.2900,188.4700,188.2900,188.4000,1200
1472049379,188.3200,188.3200,188.3200,188.3200,100
1472049457,188.2900,188.2900,188.2900,188.2900,300
1472049763,188.2400,188.2600,188.2400,188.2600,200
1472049810,188.3699,188.3699,188.2400,188.3300,800
1472049853,188.1925,188.3300,188.1925,188.3300,900
1472049920,188.0300,188.0300,188.0300,188.0300,200
1472050011,188.0300,188.0300,188.0300,188.0300,100
1472050115,188.1400,188.1400,188.0800,188.0900,400
1472050181,188.0700,188.0700,188.0700,188.0700,200
1472050400,188.2000,188.2000,188.0600,188.1600,400
1472050468,188.2600,188.2600,188.2600,188.2600,100
1472050534,188.1600,188.2300,188.1600,188.2300,200
1472050748,188.2300,188.2900,188.2300,188.2900,300
1472051031,188.4700,188.4700,188.4400,188.4699,300
1472051266,188.3900,188.3900,188.3800,188.3900,300
1472051286,188.2300,188.2800,188.2300,188.2800,600
1472051382,188.2600,188.2600,188.2600,188.2600,100
1472051489,188.3600,188.3600,188.3400,188.3400,200
1472051556,188.1700,188.3600,188.1700,188.3600,200
1472051677,188.2900,188.2900,188.2700,188.2700,500
1472052380,188.3700,188.3700,188.3700,188.3700,100
1472052510,188.4600,188.4600,188.4600,188.4600,400
1472053050,188.4700,188.4700,188.4700,188.4700,100
1472053322,188.5300,188.5300,188.5300,188.5300,700
1472053395,188.4300,188.5000,188.4300,188.5000,400
1472053495,188.3800,188.4300,188.3800,188.4300,300
1472053684,188.3900,188.3900,188.3900,188.3900,300
1472053801,188.3050,188.3050,188.3050,188.3050,100
1472053972,188.3999,188.3999,188.3999,188.3999,100
1472054096,188.2950,188.2950,188.2950,188.2950,200
1472054373,188.3600,188.4100,188.3500,188.4000,700
1472054504,188.3700,188.3700,188.3700,188.3700,100
1472054525,188.4000,188.4700,188.4000,188.4400,300
1472054602,188.4600,188.4600,188.4600,188.4600,100
1472054730,188.5200,188.5200,188.4600,188.4600,1000
1472054838,188.6200,188.6200,188.5800,188.5900,600
1472055081,188.5600,188.5600,188.5600,188.5600,200
1472055768,188.6100,188.6100,188.6100,188.6100,100
1472055819,188.6100,188.6100,188.6100,188.6100,200
1472056187,188.5500,188.5600,188.5500,188.5600,600
1472056609,188.5700,188.5700,188.5700,188.5700,600
1472057459,188.5750,188.5750,188.5750,188.5750,100
1472057467,188.4700,188.5700,188.4700,188.5200,1100
1472057583,188.5300,188.5300,188.5000,188.5300,600
1472057730,188.6200,188.6200,188.6200,188.6200,200
1472057817,188.5000,188.5000,188.5000,188.5000,100
1472057855,188.5275,188.5450,188.5000,188.5000,1000
1472058042,188.5900,188.5900,188.5400,188.5400,1500
1472058338,188.6100,188.6100,188.6100,188.6100,200
1472058367,188.6200,188.6200,188.6200,188.6200,200
1472058538,188.6400,188.6400,188.6400,188.6400,100
1472058609,188.6000,188.6000,188.6000,188.6000,100
1472058682,188.6000,188.6100,188.6000,188.6000,800
1472058889,188.6000,188.6000,188.6000,188.6000,100
1472058908,188.6000,188.6400,188.6000,188.6400,300
1472059362,188.6000,188.6000,188.6000,188.6000,200
1472059535,188.5800,188.5800,188.5800,188.5800,100
1472059606,188.6150,188.6150,188.6150,188.6150,100
1472059623,188.6600,188.6600,188.6300,188.6300,600
1472059725,188.6900,188.6900,188.6900,188.6900,100
1472059808,188.6650,188.6650,188.6650,188.6650,200
1472059863,188.6300,188.6600,188.6300,188.6300,800
1472060331,188.8100,188.8100,188.6800,188.6800,1000
1472060855,188.8300,188.8300,188.8300,188.8300,100
1472061323,188.9400,188.9400,188.9400,188.9400,100
1472061455,188.9300,188.9300,188.9300,188.9300,100
1472061591,188.8050,188.8050,188.8050,188.8050,400
1472061944,188.7000,188.7000,188.7000,188.7000,500
1472061973,188.7000,188.7000,188.7000,188.7000,200
1472062173,188.7200,188.7200,188.7200,188.7200,100
1472062212,188.6900,188.6900,188.6900,188.6900,100
1472062296,188.7000,188.7000,188.7000,188.7000,100
1472062322,188.6600,188.7200,188.6600,188.6900,500
1472062437,188.8900,188.8900,188.7200,188.7200,800
1472062495,188.9100,188.9100,188.9100,188.9100,100
1472062520,188.8550,188.9100,188.8550,188.9100,300
1472062636,188.8500,188.8500,188.8500,188.8500,500
1472062913,188.9000,188.9000,188.9000,188.9000,200
1472063143,189.0399,189.0399,189.0399,189.0399,100
1472063177,189.0200,189.0200,189.0200,189.0200,100
1472063291,188.9000,188.9000,188.9000,188.9000,100
1472063404,189.0400,189.0400,189.0400,189.0400,300
1472063474,188.9500,189.0100,188.9500,189.0100,400
1472063525,188.9500,188.9500,188.8400,188.9400,900
1472063702,188.8700,188.9600,188.8700,188.9500,300
1472064080,188.9750,189.0600,188.9750,189.0600,600
1472064235,188.9800,188.9800,188.9500,188.9800,700
1472064399,188.9500,188.9500,188.9500,188.9500,100
1472064585,189.0975,189.2400,188.9450,188.9700,6400
1472064647,189.1500,189.2300,189.1500,189.2100,1300
1472064692,189.2000,189.2100,189.1200,189.2000,1000
1472064756,189.2600,189.2600,189.1800,189.1800,400
1472064836,189.2300,189.2700,189.2300,189.2600,1600
1472064903,189.2500,189.2500,189.2500,189.2500,100
1472065149,189.2500,189.2500,189.2500,189.2500,200
1472065253,189.2119,189.2119,189.2119,189.2119,100
1472065335,189.3500,189.3500,189.2800,189.2800,1200
1472065425,189.3400,189.3600,189.3400,189.3600,200
1472065449,189.3800,189.3800,189.3800,189.3800,100
1472065504,189.3900,189.4000,189.3100,189.4000,1900
1472065567,189.3750,189.3750,189.3750,189.3750,100
1472065642,189.3900,189.3900,189.3600,189.3650,600
1472065777,189.3900,189.3900,189.3900,189.3900,100
1472065806,189.3800,189.3800,189.3000,189.3200,2100
1472065903,189.4000,189.4000,189.4000,189.4000,100
1472065959,189.3700,189.3700,189.3700,189.3700,100
1472066022,189.3800,189.3800,189.3800,189.3800,200
1472066150,189.3375,189.3700,189.3350,189.3700,300
1472066203,189.3500,189.3600,189.2900,189.3600,300
1472066220,189.2900,189.3500,189.2400,189.3350,1200
1472066280,189.3700,189.3700,189.3300,189.3300,400
1472066357,189.4500,189.4700,189.4500,189.4700,500
1472066406,189.5500,189.5500,189.4600,189.4600,800
1472066484,189.5600,189.5600,189.5600,189.5600,200
1472066725,189.4200,189.4200,189.4200,189.4200,300
1472066995,189.4200,189.4200,189.4200,189.4200,300
1472067035,189.3000,189.4500,189.3000,189.4200,3600
1472067085,189.2600,189.2600,189.2600,189.2600,100
1472067342,189.2200,189.2300,189.2200,189.2300,700
1472067364,189.1150,189.1150,189.1150,189.1150,100
1472067453,189.0050,189.1800,189.0050,189.0300,300
1472067531,189.0100,189.2000,189.0100,189.1050,700
1472067561,189.0600,189.0800,188.9600,188.9800,600
1472067652,189.0900,189.1000,189.0000,189.0250,1800
1472067716,189.1700,189.1700,189.1000,189.1000,1200
1472067721,189.1800,189.1800,189.1400,189.1400,1600
1472067788,189.1800,189.2000,189.1500,189.1900,1900
1472067890,189.3100,189.3100,189.1900,189.1900,1700
1472067959,189.2900,189.2900,189.2175,189.2700,4000
1472067960,189.2100,189.3000,189.2100,189.2900,2500
1472068023,189.2100,189.3100,189.2000,189.2450,1500
1472068137,189.2300,189.3000,189.1800,189.1800,1500
1472068152,189.3000,189.3000,189.3000,189.3000,500
1472068237,189.1900,189.2899,189.1900,189.2300,1100
1472068289,189.1900,189.2900,189.1900,189.2900,300
1472068375,189.2000,189.2300,189.1400,189.1900,1700
1472068381,189.1300,189.2000,189.1200,189.2000,700
1472068444,189.2000,189.2000,189.0900,189.1200,1600
1472068553,189.1300,189.1900,189.1300,189.1500,1300
1472068614,189.0600,189.1500,189.0600,189.1200,1600
1472068629,189.1300,189.1400,189.0700,189.0800,2600
1472068683,189.2300,189.2300,189.0900,189.1700,3300
1472068798,189.3800,189.3800,189.1000,189.2000,7400
1472068800,189.3200,189.3200,189.3200,189.3200,200
