uri:/instrument/1.0/SPB/chartdata;type=quote;range=1d/csv
ticker:spb
Company-Name:Spectrum Brands Holdings, Inc. 
Exchange-Name:NYQ
unit:MIN
timezone:EDT
currency:USD
gmtoffset:-14400
previous_close:131.9900
Timestamp:1472477400,1472500800
labels:1472479200,1472482800,1472486400,1472490000,1472493600,1472497200,1472500800
values:Timestamp,close,high,low,open,volume
close:131.7900,132.9450
high:131.7900,132.9450
low:131.7900,132.9450
open:131.7900,132.9450
volume:100,19500
1472478585,132.9450,132.9450,132.9450,132.9450,2500
1472478611,132.3600,132.6800,132.3600,132.6800,1400
1472478823,132.3800,132.3800,132.3800,132.3800,100
1472479043,132.3600,132.3600,132.3600,132.3600,200
1472479138,132.6000,132.6000,132.6000,132.6000,200
1472479281,132.6700,132.6700,132.6300,132.6300,500
1472479688,132.6700,132.6700,132.6700,132.6700,100
1472479989,132.4400,132.6300,132.4400,132.6200,1000
1472480297,132.3900,132.3900,132.3900,132.3900,100
1472480846,132.7800,132.8700,132.6500,132.6700,3900
1472480926,132.8000,132.8000,132.8000,132.8000,200
1472480960,132.8750,132.8750,132.7600,132.7600,500
1472481011,132.8400,132.8400,132.8400,132.8400,200
1472481233,132.7750,132.7750,132.7750,132.7750,1400
1472481420,132.6600,132.6600,132.5200,132.5200,400
1472481613,132.5900,132.6300,132.5900,132.6100,3000
1472481897,132.6500,132.6500,132.6500,132.6500,100
1472481944,132.6050,132.6050,132.6050,132.6050,100
1472482048,132.5700,132.5700,132.5700,132.5700,100
1472482237,132.6200,132.6200,132.6200,132.6200,500
1472482349,132.6600,132.6600,132.6600,132.6600,100
1472482432,132.6100,132.6100,132.6100,132.6100,100
1472482570,132.4800,132.5500,132.4800,132.5500,600
1472482735,132.6000,132.6000,132.4800,132.5300,1500
1472482799,132.6000,132.6000,132.5300,132.6000,900
1472482815,132.5750,132.5750,132.5750,132.5750,200
1472482933,132.5200,132.5800,132.5200,132.5800,400
1472483239,132.5700,132.5700,132.5700,132.5700,100
1472483285,132.5400,132.5400,132.4600,132.4800,400
1472483444,132.5300,132.5300,132.4400,132.4500,300
1472483693,132.5050,132.5050,132.5050,132.5050,100
1472483951,132.2800,132.3600,132.2800,132.3600,800
1472484015,132.2000,132.2200,132.2000,132.2200,200
1472484139,132.3400,132.3400,132.2300,132.2300,300
1472484396,132.1900,132.2400,132.1900,132.2400,500
1472484564,132.2000,132.2000,132.1400,132.1400,200
1472484637,132.1300,132.2200,132.1300,132.1700,300
1472484803,132.1200,132.1900,132.1200,132.1900,200
1472484960,132.2700,132.3100,132.2100,132.2100,2200
1472485278,132.2100,132.2600,132.2100,132.2600,800
1472485351,132.4000,132.4000,132.3600,132.3700,1200
1472485649,132.5100,132.5100,132.5100,132.5100,200
1472485687,132.5500,132.5500,132.4650,132.5100,900
1472485798,132.5400,132.5400,132.4950,132.4950,400
1472485804,132.6050,132.6050,132.6050,132.6050,100
1472485895,132.6100,132.6100,132.6100,132.6100,100
1472485996,132.4900,132.5500,132.4800,132.5500,400
1472486100,132.5100,132.5200,132.5100,132.5200,400
1472486575,132.5900,132.5900,132.5400,132.5400,200
1472486594,132.5450,132.5450,132.5450,132.5450,200
1472486746,132.6100,132.6100,132.5650,132.5650,300
1472486814,132.6500,132.6500,132.6500,132.6500,300
1472486938,132.6700,132.6700,132.6700,132.6700,100
1472486964,132.6300,132.6300,132.6300,132.6300,300
1472487258,132.5800,132.7200,132.5800,132.7200,1100
1472487327,132.5450,132.5450,132.5450,132.5450,100
1472487455,132.4700,132.5500,132.4700,132.5500,300
1472487654,132.5700,132.5800,132.5700,132.5800,500
1472488012,132.6100,132.6100,132.5700,132.5700,300
1472488097,132.4500,132.5300,132.4500,132.5300,800
1472488404,132.4000,132.4000,132.4000,132.4000,100
1472488512,132.3100,132.3100,132.3100,132.3100,100
1472488734,132.3850,132.3850,132.3850,132.3850,100
1472488746,132.4300,132.4300,132.2700,132.3400,2300
1472488804,132.5800,132.6100,132.4400,132.5800,1900
1472488863,132.5200,132.5900,132.5200,132.5900,500
1472489014,132.4950,132.4950,132.4950,132.4950,100
1472489129,132.4950,132.4950,132.4950,132.4950,100
1472489387,132.4893,132.4893,132.4893,132.4893,500
1472489476,132.4400,132.4400,132.4400,132.4400,100
1472489534,132.5700,132.5700,132.5700,132.5700,200
1472489802,132.5350,132.5350,132.5350,132.5350,200
1472489923,132.4700,132.5750,132.4700,132.5100,300
1472490003,132.5300,132.5300,132.5300,132.5300,200
1472490175,132.4600,132.5100,132.4600,132.5100,300
1472490182,132.5000,132.5050,132.4500,132.4500,500
1472490284,132.4100,132.4500,132.4100,132.4500,1100
1472490366,132.3700,132.3700,132.3700,132.3700,400
1472490455,132.4300,132.4300,132.3400,132.3700,300
1472490520,132.3200,132.3400,132.3200,132.3400,300
1472490606,132.2600,132.3200,132.2600,132.3200,700
1472490683,132.2800,132.2800,132.2700,132.2700,500
1472490755,132.2800,132.2800,132.2800,132.2800,100
1472490827,132.2100,132.2100,132.2100,132.2100,100
1472490894,132.2100,132.2100,132.2100,132.2100,100
1472490945,132.2100,132.2100,132.2100,132.2100,100
1472491063,132.2600,132.2600,132.2000,132.2000,600
1472491133,132.2700,132.2700,132.1700,132.1700,400
1472491170,132.1200,132.1600,132.1200,132.1600,400
1472491244,132.1100,132.1100,132.1100,132.1100,100
1472491294,132.1500,132.1700,132.1000,132.1700,17300
1472491349,132.0200,132.0200,132.0000,132.0000,300
1472491432,131.9501,132.0000,131.9501,132.0000,400
1472491441,132.0500,132.1300,132.0500,132.0700,19500
1472491618,132.1800,132.1800,132.0500,132.0500,200
1472491630,132.0700,132.0700,132.0700,132.0700,600
1472491753,132.1300,132.1850,132.1300,132.1300,400
1472491846,132.2100,132.2100,132.2100,132.2100,100
1472491908,132.1300,132.1300,132.1000,132.1200,800
1472491964,132.0800,132.0800,132.0800,132.0800,100
1472491996,132.0800,132.0800,132.0800,132.0800,100
1472492083,132.0900,132.0900,132.0900,132.0900,100
1472492148,132.1500,132.1500,132.1500,132.1500,100
1472492179,132.1650,132.1650,132.1650,132.1650,300
1472492323,132.1500,132.1500,132.1500,132.1500,300
1472492467,132.1900,132.1900,132.1500,132.1700,400
1472492591,132.2000,132.2200,132.2000,132.2200,400
1472492843,132.2100,132.2100,132.2000,132.2000,300
1472492941,132.2200,132.2200,132.2000,132.2000,700
1472493285,132.2100,132.2100,132.2100,132.2100,200
1472493345,132.1500,132.1500,132.1500,132.1500,300
1472493404,132.1100,132.1100,132.1100,132.1100,100
1472493423,132.1900,132.1900,132.1900,132.1900,300
1472493705,132.2000,132.2000,132.2000,132.2000,300
1472493825,132.1600,132.1800,132.1600,132.1800,800
1472493988,132.1700,132.1700,132.0700,132.0700,200
1472494222,132.1587,132.1587,132.1587,132.1587,700
1472494274,132.1500,132.1500,132.1500,132.1500,500
1472494364,132.1500,132.1500,132.1500,132.1500,100
1472494447,132.1200,132.1800,132.1100,132.1200,800
1472494505,132.1200,132.1200,132.1200,132.1200,300
1472494615,132.0800,132.0800,132.0800,132.0800,500
1472494665,132.0500,132.0700,132.0250,132.0600,1400
1472494687,132.0700,132.0750,132.0400,132.0600,700
1472494750,132.0700,132.0700,132.0550,132.0550,900
1472494839,132.0000,132.0000,132.0000,132.0000,300
1472494892,132.0250,132.0800,132.0250,132.0500,700
1472494937,132.0700,132.1000,132.0700,132.0700,600
1472495010,132.0100,132.0100,132.0100,132.0100,500
1472495388,131.9700,131.9700,131.9700,131.9700,300
1472495558,132.0150,132.0700,132.0050,132.0700,600
1472495597,132.0250,132.0250,132.0250,132.0250,300
1472495925,132.0700,132.0700,132.0700,132.0700,100
1472496046,131.9800,131.9800,131.9800,131.9800,200
1472496168,131.9500,131.9500,131.9500,131.9500,100
1472496200,131.9500,131.9500,131.9500,131.9500,300
1472496487,131.9500,131.9500,131.9500,131.9500,200
1472496563,131.8600,131.9400,131.8600,131.9400,600
1472496655,131.9250,131.9250,131.9250,131.9250,200
1472496698,132.0000,132.0000,131.8800,131.9300,1500
1472497064,131.9900,131.9900,131.9900,131.9900,600
1472497233,131.9200,131.9200,131.9200,131.9200,500
1472497417,131.9500,132.0000,131.9500,132.0000,500
1472497441,132.0300,132.0300,132.0300,132.0300,400
1472497500,131.9300,131.9300,131.9300,131.9300,300
1472497607,131.9300,132.0050,131.9300,132.0050,400
1472497665,131.9300,131.9300,131.9300,131.9300,100
1472497725,131.8600,131.9200,131.8600,131.9200,1000
1472497742,131.8400,131.8400,131.8400,131.8400,100
1472497859,131.7900,131.7900,131.7900,131.7900,100
1472497914,131.8800,131.8800,131.8500,131.8500,1100
1472497921,131.8900,131.8900,131.8000,131.8400,500
1472498243,131.8798,131.8798,131.8798,131.8798,100
1472498307,131.8300,131.8300,131.8300,131.8300,200
1472498342,131.8550,131.9000,131.8550,131.9000,600
1472498437,131.8100,131.8100,131.8100,131.8100,300
1472498464,131.9000,131.9000,131.8800,131.8800,200
1472498569,131.8800,131.8800,131.8200,131.8200,700
1472498584,131.8500,131.8600,131.8000,131.8000,2300
1472498641,131.8900,131.8900,131.8300,131.8800,600
1472498725,131.9000,131.9000,131.9000,131.9000,500
1472498784,131.9700,131.9700,131.9250,131.9250,400
1472498845,131.9100,131.9100,131.9100,131.9100,100
1472498905,131.9800,131.9800,131.9800,131.9800,600
1472499016,131.9300,131.9300,131.8900,131.8900,300
1472499112,131.9250,131.9250,131.9250,131.9250,100
1472499122,131.8900,131.8900,131.8900,131.8900,200
1472499208,131.9100,131.9500,131.9100,131.9500,200
1472499264,131.9300,131.9600,131.9100,131.9590,2500
1472499308,131.9500,131.9500,131.9100,131.9100,900
1472499368,132.0400,132.0400,131.9600,131.9600,1500
1472499438,132.0000,132.0200,132.0000,132.0100,2100
1472499597,132.0600,132.0600,132.0600,132.0600,100
1472499613,132.0800,132.0800,132.0800,132.0800,1500
1472499687,132.0000,132.0600,132.0000,132.0600,1800
1472499730,132.0300,132.0300,132.0000,132.0000,200
1472499797,132.0600,132.0600,132.0400,132.0400,3000
1472499926,132.0600,132.0750,132.0500,132.0700,1600
1472500003,131.9900,132.0300,131.9900,132.0300,500
1472500045,131.9900,131.9900,131.9900,131.9900,100
1472500082,132.0400,132.0900,132.0150,132.0300,1800
1472500151,132.0400,132.1000,132.0400,132.0400,2000
1472500248,132.0750,132.0750,132.0750,132.0750,100
1472500266,132.0000,132.0400,131.9600,132.0400,1200
1472500370,132.0100,132.0300,132.0100,132.0300,500
1472500439,132.0400,132.0400,131.9800,132.0000,4800
1472500461,132.0200,132.0200,132.0000,132.0000,700
1472500500,132.0250,132.0300,131.9850,132.0000,3800
1472500565,132.0100,132.0600,132.0000,132.0600,3300
1472500642,132.0600,132.0700,132.0350,132.0700,2100
1472500705,132.1150,132.1550,132.0700,132.0700,2200
1472500785,132.0700,132.1000,132.0700,132.0700,2200
1472500800,132.0700,132.0700,132.0700,132.0700,5500
