uri:/instrument/1.0/VIA/chartdata;type=quote;range=1d/csv
ticker:via
Company-Name:Viacom Inc.
Exchange-Name:NYQ
unit:MIN
timezone:EDT
currency:USD
gmtoffset:-14400
previous_close:46.5100
Timestamp:1472563800,1472587200
labels:1472565600,1472569200,1472572800,1472576400,1472580000,1472583600,1472587200
values:Timestamp,close,high,low,open,volume
close:45.7300,46.7300
high:45.7400,46.7300
low:45.7300,46.7300
open:45.7300,46.7300
volume:0,8400
1472564063,46.4845,46.4845,46.4845,46.4845,700
1472564200,46.7300,46.7300,46.7300,46.7300,2300
1472564712,46.3410,46.4100,46.3410,46.4100,1100
1472565132,46.5500,46.5500,46.5500,46.5500,500
1472565222,46.6000,46.6000,46.6000,46.6000,400
1472565265,46.6200,46.6200,46.6200,46.6200,100
1472565414,46.5200,46.6100,46.5200,46.6100,1000
1472565529,46.4600,46.4600,46.4600,46.4600,200
1472565618,46.4500,46.4500,46.4500,46.4500,2300
1472565758,46.4500,46.4500,46.4500,46.4500,8400
1472566181,46.3300,46.3600,46.3300,46.3600,300
1472566389,46.3000,46.3100,46.3000,46.3100,300
1472566452,46.4599,46.4599,46.4599,46.4599,1700
1472566577,46.2600,46.2600,46.2600,46.2600,500
1472566993,46.3300,46.3300,46.1200,46.2450,1200
1472567618,46.2300,46.2300,46.2300,46.2300,100
1472567834,46.2700,46.2700,46.1850,46.2027,500
1472568150,46.1300,46.1300,46.1300,46.1300,100
1472568433,46.0200,46.0200,46.0200,46.0200,400
1472569762,46.1200,46.1299,46.1100,46.1100,1700
1472570723,46.1900,46.1900,46.1900,46.1900,500
1472572425,46.2800,46.2800,46.2800,46.2800,800
1472573176,46.3090,46.3090,46.3090,46.3090,200
1472573395,46.2500,46.2500,46.2500,46.2500,500
1472573968,46.2200,46.2200,46.2200,46.2200,300
1472574135,46.2500,46.3100,46.2500,46.3100,200
1472574280,46.2300,46.2300,46.2300,46.2300,100
1472574510,46.2300,46.2300,46.2300,46.2300,100
1472574640,46.2500,46.2500,46.2500,46.2500,200
1472574765,46.2400,46.2400,46.2400,46.2400,100
1472575010,46.2500,46.2500,46.2500,46.2500,100
1472575041,46.2500,46.2500,46.2500,46.2500,500
1472575764,46.3305,46.3800,46.3305,46.3700,1000
1472576079,46.3600,46.3600,46.3122,46.3122,200
1472576178,46.3500,46.3500,46.3500,46.3500,2400
1472576236,46.2800,46.3580,46.2800,46.3580,700
1472576837,46.2100,46.2100,46.2100,46.2100,200
1472576961,46.1900,46.2100,46.1900,46.2100,400
1472577060,46.2050,46.2050,46.2050,46.2050,100
1472579799,46.0500,46.0500,46.0500,46.0500,100
1472579939,46.1600,46.1600,46.1000,46.1600,2200
1472579961,46.1700,46.1700,46.1600,46.1600,1000
1472580025,46.1700,46.1700,46.1700,46.1700,800
1472580175,46.1300,46.1400,46.1300,46.1400,500
1472580192,46.1300,46.1300,46.1300,46.1300,1200
1472580524,46.1089,46.1089,46.1089,46.1089,700
1472580820,46.0300,46.0300,46.0300,46.0300,300
1472581056,45.9950,45.9950,45.9950,45.9950,100
1472581155,45.9500,45.9500,45.9500,45.9500,100
1472581403,45.9800,45.9800,45.9350,45.9400,300
1472581944,45.9350,45.9700,45.9250,45.9610,1300
1472582264,45.9700,45.9700,45.9700,45.9700,300
1472582353,45.9800,45.9800,45.9500,45.9700,1900
1472582638,45.9899,45.9899,45.9768,45.9800,400
1472583024,45.9600,45.9600,45.9600,45.9600,300
1472583153,45.9700,45.9700,45.9700,45.9700,400
1472583321,45.9500,45.9600,45.9500,45.9600,1000
1472583977,45.9000,45.9000,45.9000,45.9000,200
1472584049,45.8600,45.8600,45.8600,45.8600,200
1472584524,45.8600,45.8600,45.8600,45.8600,100
1472584812,45.9000,45.9000,45.9000,45.9000,200
1472584903,45.8700,45.8700,45.8700,45.8700,100
1472585040,45.8600,45.8800,45.8600,45.8800,800
1472585124,45.8500,45.8800,45.8500,45.8800,500
1472585161,45.8650,45.8650,45.8650,45.8650,100
1472585242,45.8200,45.8200,45.8200,45.8200,300
1472585679,45.7700,45.7700,45.7700,45.7700,300
1472585845,45.8100,45.8400,45.8050,45.8050,3100
1472585961,45.9000,45.9000,45.9000,45.9000,200
1472586234,45.9400,45.9400,45.9400,45.9400,500
1472586246,45.9400,45.9400,45.9000,45.9000,400
1472586414,45.9200,45.9200,45.9200,45.9200,100
1472586442,45.9112,45.9112,45.9112,45.9112,100
1472586563,45.8700,45.9297,45.8600,45.9297,600
1472586654,45.8800,45.9000,45.8700,45.8700,500
1472586715,45.8900,45.8900,45.8900,45.8900,800
1472586813,45.8600,45.8600,45.8600,45.8600,900
1472586968,45.8000,45.8200,45.7700,45.8150,3600
1472587027,45.7400,45.7800,45.7400,45.7800,1000
1472587131,45.7300,45.7800,45.7300,45.7500,700
1472587160,45.7400,45.7400,45.7300,45.7300,1000
1472587200,45.8500,45.8500,45.8500,45.8500,0
