uri:/instrument/1.0/PRGO/chartdata;type=quote;range=1d/csv
ticker:prgo
Company-Name:Perrigo Company plc Ordinary Sh
Exchange-Name:NYQ
unit:MIN
timezone:EDT
currency:USD
gmtoffset:-14400
previous_close:89.0400
Timestamp:1472563800,1472587200
labels:1472565600,1472569200,1472572800,1472576400,1472580000,1472583600,1472587200
values:Timestamp,close,high,low,open,volume
close:88.9200,91.1500
high:88.9500,91.1700
low:88.9200,91.0800
open:88.9300,91.1300
volume:100,221700
1472563883,89.0690,89.0690,89.0300,89.0300,11200
1472563948,89.0100,89.0100,89.0100,89.0100,200
1472564026,89.0100,89.0400,89.0100,89.0300,1400
1472564048,88.9200,88.9800,88.9200,88.9800,1900
1472564131,88.9600,89.0000,88.9400,88.9700,900
1472564226,88.9300,88.9500,88.9200,88.9300,4300
1472564293,89.1500,89.1500,88.9325,88.9325,5500
1472564389,89.1200,89.1200,89.0650,89.0800,1000
1472564458,89.4100,89.4100,89.1100,89.1300,12300
1472564515,89.1600,89.4100,89.1600,89.4000,4500
1472564523,89.2000,89.2000,89.1500,89.1600,3700
1472564586,89.1900,89.2000,89.0650,89.2000,6800
1472564664,89.1900,89.1900,89.1500,89.1500,2300
1472564755,89.2400,89.2400,89.1900,89.2000,1400
1472564782,89.2750,89.3200,89.2600,89.3200,7200
1472564876,89.3300,89.3400,89.2650,89.2650,1400
1472564890,89.5500,89.5500,89.3600,89.3700,10900
1472564963,89.7100,89.7100,89.5200,89.5400,4100
1472565050,89.6900,89.7500,89.6800,89.6800,7000
1472565062,89.6200,89.7040,89.6200,89.7040,4400
1472565159,89.8900,89.9400,89.7200,89.7200,8300
1472565205,89.9400,89.9400,89.8400,89.8500,800
1472565262,89.8500,89.8900,89.8000,89.8000,3500
1472565317,89.8600,89.8800,89.8390,89.8390,3800
1472565397,89.8500,89.8600,89.8300,89.8600,1300
1472565423,89.9300,89.9600,89.8400,89.8600,4000
1472565537,89.9900,89.9900,89.9210,89.9300,2200
1472565571,90.0000,90.0300,89.9900,89.9900,6800
1472565603,89.7400,89.9022,89.7400,89.9022,9700
1472565708,89.8500,89.8500,89.8100,89.8100,900
1472565789,89.9500,90.0000,89.8700,89.8800,4600
1472565847,90.0300,90.0300,89.9400,89.9500,5400
1472565958,90.0300,90.0300,89.9600,89.9700,6400
1472565960,90.1301,90.2000,90.0200,90.0300,4300
1472566038,90.1300,90.1900,90.1300,90.1900,4000
1472566139,90.0400,90.0400,89.8700,90.0000,5000
1472566198,90.1000,90.1000,90.0100,90.0200,4100
1472566228,90.1200,90.1500,90.1200,90.1400,500
1472566313,90.1390,90.1600,90.0800,90.0800,3400
1472566329,90.2200,90.2300,90.1600,90.1600,4200
1472566436,90.2100,90.2500,90.1900,90.2400,5400
1472566497,90.1400,90.1800,90.1400,90.1800,2300
1472566502,90.0800,90.1300,90.0400,90.1300,1900
1472566603,90.1300,90.1500,90.0600,90.1000,3000
1472566627,90.2400,90.2400,90.1800,90.1800,2900
1472566681,90.1500,90.2500,90.1500,90.2500,6400
1472566799,90.1600,90.1600,90.1200,90.1200,1300
1472566834,90.1400,90.1800,90.1100,90.1456,3700
1472566907,90.1800,90.1800,90.1400,90.1400,2000
1472566922,90.2600,90.2600,90.1900,90.1900,1900
1472567018,90.2000,90.2000,90.2000,90.2000,2200
1472567093,90.1800,90.2100,90.1600,90.2100,3800
1472567102,90.1900,90.2000,90.1600,90.1750,3100
1472567167,90.1300,90.2200,90.1250,90.1900,5500
1472567232,90.1500,90.1500,90.1200,90.1300,3500
1472567327,90.1300,90.1400,90.1300,90.1400,700
1472567348,90.1600,90.1600,90.1100,90.1300,3600
1472567413,90.0200,90.0900,90.0200,90.0600,2500
1472567519,89.9000,89.9700,89.9000,89.9700,4300
1472567573,89.8800,89.9200,89.8500,89.8700,3700
1472567598,89.7800,89.9100,89.7700,89.8600,1400
1472567758,89.9600,90.0000,89.7650,89.8000,2900
1472567770,89.9500,89.9900,89.9300,89.9300,2200
1472567825,89.9900,90.0300,89.9500,89.9800,16100
1472567883,89.9650,89.9900,89.9300,89.9900,4200
1472567941,89.9100,89.9600,89.8900,89.9600,3600
1472568053,89.9800,89.9900,89.9300,89.9400,3200
1472568096,89.9800,89.9800,89.9800,89.9800,100
1472568122,90.1400,90.1400,90.0400,90.0500,2600
1472568198,90.2900,90.3200,90.2400,90.2600,4000
1472568295,90.4900,90.4900,90.2900,90.2900,3600
1472568301,90.2200,90.4400,90.2200,90.4200,6100
1472568382,90.1400,90.2400,90.0800,90.2200,1600
1472568448,90.0500,90.0800,90.0000,90.0800,3000
1472568509,90.1000,90.1000,90.0800,90.0900,400
1472568540,90.1600,90.1900,90.1600,90.1700,2700
1472568627,90.0700,90.1300,90.0700,90.1100,700
1472568669,90.0200,90.1000,90.0200,90.1000,600
1472568778,89.9200,90.0000,89.9200,90.0000,1500
1472568783,89.8500,89.9200,89.8500,89.9200,800
1472568845,89.8900,89.9800,89.8400,89.8400,4500
1472568945,89.9800,89.9800,89.9800,89.9800,700
1472568961,89.9900,89.9900,89.9200,89.9700,1800
1472569101,90.0200,90.0200,89.9800,89.9800,2000
1472569191,90.0200,90.0600,90.0200,90.0600,2100
1472569258,89.9700,89.9700,89.9500,89.9500,1300
1472569288,89.9900,89.9900,89.9500,89.9500,400
1472569378,90.0300,90.0400,89.9600,90.0400,900
1472569408,90.0700,90.0700,90.0100,90.0200,4100
1472569459,90.1000,90.1000,90.0400,90.0400,1300
1472569551,90.0400,90.1900,90.0400,90.1200,6100
1472569590,89.9700,90.0400,89.9600,90.0400,1400
1472569656,90.0400,90.0600,89.9700,89.9900,2200
1472569712,90.1200,90.1200,90.0400,90.0500,1600
1472569777,90.0300,90.1500,90.0000,90.1450,2400
1472569856,90.0700,90.0700,90.0200,90.0250,2100
1472569861,89.9950,90.0700,89.9500,90.0700,3300
1472570000,90.0900,90.0900,89.9700,90.0000,3200
1472570191,90.1100,90.1800,90.1100,90.1200,2100
1472570226,90.1000,90.1200,90.0600,90.1200,1400
1472570281,90.0200,90.1000,90.0200,90.0700,4700
1472570451,90.2300,90.2300,90.1200,90.1300,3800
1472570492,90.2300,90.2300,90.1800,90.1800,1100
1472570572,90.3000,90.3100,90.2200,90.2400,1600
1472570583,90.3700,90.3700,90.3100,90.3100,4900
1472570693,90.4000,90.4100,90.2900,90.3200,3300
1472570702,90.3600,90.3700,90.3600,90.3700,1000
1472570819,90.2500,90.3400,90.2500,90.3300,2100
1472570820,90.2500,90.2900,90.2000,90.2400,3200
1472570934,90.2250,90.2400,90.2100,90.2200,700
1472570976,90.2300,90.2300,90.1642,90.1800,2500
1472571000,90.2750,90.3000,90.2200,90.2300,1800
1472571060,90.3600,90.3600,90.3000,90.3100,1200
1472571139,90.3600,90.3600,90.3600,90.3600,2600
1472571196,90.4300,90.4300,90.3420,90.4000,2000
1472571247,90.4200,90.4300,90.4200,90.4300,500
1472571302,90.3400,90.3990,90.3400,90.3700,2600
1472571373,90.3100,90.3300,90.3100,90.3300,900
1472571479,90.3800,90.3900,90.3050,90.3400,1900
1472571537,90.4100,90.4100,90.3700,90.3700,2800
1472571597,90.4400,90.4800,90.3800,90.4100,2400
1472571623,90.4600,90.4600,90.4000,90.4000,2800
1472571712,90.4280,90.4800,90.4280,90.4800,300
1472571768,90.3700,90.4100,90.3700,90.3900,2200
1472571834,90.4300,90.4300,90.3400,90.3400,2200
1472571857,90.3900,90.3900,90.3500,90.3700,1200
1472571922,90.3600,90.3800,90.3400,90.3400,1300
1472571961,90.4200,90.4200,90.3300,90.3900,1700
1472572023,90.4900,90.4900,90.4050,90.4050,1500
1472572093,90.4750,90.4950,90.4500,90.4500,400
1472572152,90.4500,90.4800,90.4300,90.4700,3500
1472572202,90.4700,90.4800,90.3900,90.4200,3100
1472572315,90.6000,90.6000,90.4600,90.5000,6300
1472572333,90.5600,90.6000,90.5100,90.6000,3000
1472572436,90.6900,90.6900,90.5400,90.5600,18300
1472572483,90.6600,90.7200,90.6600,90.7200,2200
1472572500,90.7200,90.7200,90.6600,90.6900,3500
1472572613,90.6900,90.6900,90.6900,90.6900,1200
1472572678,90.6800,90.7300,90.6600,90.6700,6300
1472572683,90.7100,90.7200,90.6700,90.6700,800
1472572769,90.7400,90.7400,90.6900,90.6900,900
1472572852,90.6700,90.7100,90.6700,90.7000,3000
1472572870,90.7300,90.7300,90.6800,90.6800,2900
1472572921,90.8700,90.8700,90.7200,90.7300,6500
1472573018,90.8800,90.8800,90.8000,90.8300,3500
1472573048,90.9200,90.9400,90.8900,90.9000,4500
1472573153,90.9800,90.9900,90.9300,90.9300,3900
1472573163,91.0000,91.0300,90.9800,90.9890,8900
1472573266,91.0000,91.0790,91.0000,91.0000,5300
1472573339,91.0000,91.0200,90.9900,91.0100,2900
1472573383,91.0100,91.0200,90.9850,91.0000,6200
1472573454,90.9900,91.0200,90.9700,90.9950,2300
1472573506,90.9700,91.0100,90.9700,91.0100,4100
1472573576,90.9900,90.9900,90.9700,90.9700,200
1472573584,91.0800,91.0800,90.9500,90.9500,11900
1472573685,91.1500,91.1700,91.0800,91.0800,9300
1472573717,91.0100,91.1300,91.0100,91.1300,9000
1472573810,90.9700,91.0200,90.9400,90.9900,4800
1472573865,90.8300,90.9700,90.8300,90.9600,3400
1472573898,90.9500,90.9500,90.8550,90.8550,4600
1472573991,90.9400,90.9900,90.9250,90.9250,3300
1472574002,90.9290,90.9600,90.9100,90.9100,1200
1472574118,90.9700,90.9700,90.9250,90.9500,1900
1472574172,91.0300,91.0300,90.9450,90.9450,1700
1472574187,90.9000,90.9600,90.8500,90.9600,4100
1472574250,90.9000,90.9000,90.8900,90.8900,700
1472574356,90.9100,90.9200,90.8500,90.8700,5700
1472574414,90.9900,90.9900,90.9052,90.9052,2100
1472574421,91.0250,91.0500,91.0000,91.0200,3400
1472574496,91.0500,91.0500,91.0200,91.0300,4300
1472574580,91.0100,91.0500,90.9900,91.0500,3800
1472574656,90.8600,90.9600,90.8600,90.9300,1800
1472574661,90.8800,90.8800,90.8800,90.8800,100
1472574720,90.8800,90.9100,90.8700,90.8700,800
1472574832,90.8600,90.9200,90.8600,90.9200,400
1472574842,90.7900,90.8800,90.7900,90.8600,1700
1472574900,90.7900,90.7900,90.7900,90.7900,400
1472574962,90.9100,90.9100,90.8000,90.8300,4900
1472575037,90.9100,90.9100,90.9100,90.9100,400
1472575103,91.0000,91.0000,90.9200,90.9200,1300
1472575199,91.0400,91.0400,90.9500,90.9500,1600
1472575249,91.0300,91.0300,90.9900,90.9900,1300
1472575315,90.9700,91.0400,90.9400,91.0400,4400
1472575368,90.9600,90.9900,90.9500,90.9800,1700
1472575438,90.9400,90.9400,90.9300,90.9400,500
1472575467,90.9000,90.9300,90.9000,90.9200,400
1472575502,90.8900,90.9400,90.8700,90.9000,2700
1472575564,90.8500,90.8900,90.8400,90.8900,1700
1472575670,90.8000,90.8900,90.8000,90.8500,1700
1472575724,90.8500,90.8500,90.8500,90.8500,700
1472575799,90.7800,90.8500,90.7800,90.8300,1700
1472575847,90.8400,90.8400,90.7100,90.7800,11500
1472575862,90.8746,90.8900,90.8050,90.8050,3100
1472575976,90.8700,90.8900,90.8500,90.8900,3000
1472576033,90.8900,90.8900,90.8600,90.8900,4200
1472576064,90.9200,90.9200,90.8700,90.8900,4100
1472576132,90.8800,90.9000,90.8800,90.9000,2100
1472576211,90.8500,90.8900,90.8500,90.8500,1000
1472576279,90.8300,90.8900,90.8200,90.8600,3800
1472576280,90.8100,90.8400,90.7900,90.8400,1600
1472576391,90.7900,90.7900,90.7300,90.7900,2100
1472576402,90.6600,90.7900,90.6600,90.7600,2300
1472576476,90.7600,90.7600,90.6400,90.6400,4100
1472576533,90.8200,90.8200,90.7900,90.7900,1400
1472576636,90.8400,90.8400,90.8000,90.8000,7700
1472576693,90.8200,90.8500,90.8200,90.8400,4000
1472576756,90.8400,90.8400,90.7800,90.8200,2500
1472576808,90.7800,90.7800,90.7800,90.7800,100
1472576825,90.7100,90.8100,90.7100,90.7800,1200
1472576933,90.8100,90.8100,90.7100,90.7100,2400
1472576974,90.7700,90.8100,90.7700,90.8100,1400
1472577046,90.7100,90.7600,90.7100,90.7400,900
1472577063,90.6800,90.7481,90.6800,90.7100,900
1472577137,90.6700,90.7300,90.6700,90.6800,300
1472577238,90.7400,90.7400,90.6700,90.7000,2800
1472577244,90.7500,90.7500,90.7100,90.7400,500
1472577305,90.7600,90.7600,90.7600,90.7600,100
1472577413,90.6900,90.7600,90.6900,90.7372,3000
1472577435,90.6900,90.6900,90.6900,90.6900,100
1472577482,90.5600,90.6600,90.5600,90.6600,2900
1472577569,90.5600,90.5900,90.5200,90.5700,1400
1472577649,90.4700,90.5300,90.4700,90.5100,3000
1472577668,90.3800,90.4300,90.3800,90.4300,2100
1472577776,90.4700,90.5000,90.4100,90.4200,2700
1472577837,90.5400,90.5400,90.5400,90.5400,1600
1472577889,90.5900,90.5900,90.5400,90.5400,1300
1472577902,90.5300,90.5600,90.5300,90.5600,1200
1472577969,90.6100,90.6100,90.5600,90.5607,2200
1472578079,90.6400,90.6400,90.6000,90.6000,2100
1472578136,90.6000,90.6400,90.6000,90.6400,1300
1472578197,90.6300,90.6300,90.6000,90.6000,200
1472578202,90.5800,90.6150,90.5800,90.6000,2000
1472578313,90.5400,90.5700,90.5300,90.5700,1700
1472578376,90.5300,90.5700,90.5300,90.5300,300
1472578433,90.6400,90.6400,90.5100,90.5300,6700
1472578468,90.5900,90.6200,90.5800,90.6100,1400
1472578598,90.5500,90.6000,90.5500,90.6000,400
1472578672,90.4900,90.5500,90.4900,90.5300,1100
1472578684,90.4500,90.5300,90.4500,90.5100,5000
1472578799,90.5800,90.5800,90.4100,90.4400,7200
1472578801,90.4900,90.5900,90.4800,90.5900,3600
1472578916,90.4700,90.5100,90.4700,90.4900,1700
1472578920,90.4350,90.4400,90.4350,90.4400,3400
1472579040,90.5500,90.5500,90.4900,90.4900,10400
1472579153,90.5600,90.5600,90.4800,90.5000,7600
1472579211,90.5100,90.5700,90.4900,90.5700,3800
1472579279,90.5500,90.5500,90.5300,90.5300,700
1472579339,90.4950,90.5000,90.4800,90.5000,5500
1472579340,90.4900,90.5200,90.4601,90.4950,800
1472579459,90.4850,90.5000,90.4600,90.5000,18500
1472579512,90.4300,90.4850,90.4000,90.4600,10600
1472579579,90.4800,90.4800,90.3700,90.4500,14400
1472579580,90.5100,90.5100,90.4600,90.4800,22100
1472579669,90.4900,90.4900,90.4800,90.4800,700
1472579702,90.5300,90.5400,90.4501,90.4700,14500
1472579814,90.5400,90.5600,90.5400,90.5400,1700
1472579875,90.6700,90.6700,90.5600,90.5600,2600
1472579923,90.6300,90.6400,90.6000,90.6101,2900
1472579967,90.6600,90.6800,90.6300,90.6800,4000
1472580051,90.6200,90.6400,90.6000,90.6000,700
1472580060,90.6900,90.6900,90.6300,90.6300,4600
1472580140,90.6600,90.7200,90.6600,90.7000,4000
1472580243,90.6900,90.7200,90.6600,90.6600,2200
1472580302,90.6800,90.7000,90.6300,90.6600,2300
1472580474,90.6400,90.6800,90.6300,90.6366,2100
1472580535,90.7000,90.7000,90.6700,90.6800,1000
1472580595,90.7100,90.7300,90.7100,90.7200,600
1472580602,90.7000,90.7300,90.6900,90.6900,4600
1472580663,90.7700,90.7700,90.7000,90.7200,4600
1472580758,90.7800,90.7800,90.7600,90.7600,600
1472580819,90.8200,90.8300,90.7700,90.7800,1500
1472580896,90.8400,90.8400,90.7900,90.8100,2500
1472580902,90.6900,90.8150,90.6600,90.7900,3700
1472581013,90.7000,90.7200,90.7000,90.7200,500
1472581021,90.6300,90.6800,90.6100,90.6800,4200
1472581126,90.7200,90.7200,90.6700,90.7000,600
1472581150,90.6500,90.6900,90.6300,90.6800,2600
1472581222,90.6800,90.7000,90.6250,90.6250,1800
1472581319,90.7300,90.7300,90.6650,90.6650,4100
1472581378,90.8300,90.8300,90.7100,90.7300,2500
1472581426,90.9100,90.9100,90.8200,90.8200,5400
1472581447,90.9350,90.9500,90.8700,90.8700,1200
1472581557,90.8989,90.9200,90.8500,90.9100,6100
1472581617,90.9200,90.9400,90.8600,90.8800,3600
1472581648,90.9100,90.9300,90.8800,90.9300,1300
1472581737,90.8500,90.8800,90.8500,90.8800,1000
1472581780,90.8400,90.8800,90.8400,90.8400,500
1472581803,90.8600,90.8800,90.8200,90.8400,4300
1472581878,90.9500,90.9500,90.8800,90.8800,2900
1472581952,90.9200,90.9500,90.8800,90.9500,3100
1472582038,90.9200,90.9400,90.8600,90.8700,3400
1472582079,90.9300,90.9300,90.9200,90.9200,400
1472582151,90.8500,90.9100,90.8500,90.9100,1500
1472582173,90.9100,90.9100,90.8600,90.8700,3200
1472582227,90.9300,90.9300,90.9100,90.9100,1000
1472582334,90.9100,90.9262,90.9100,90.9100,600
1472582378,90.9500,91.0000,90.9300,90.9400,3100
1472582450,90.9600,90.9600,90.9300,90.9400,700
1472582493,90.9300,90.9600,90.9300,90.9500,900
1472582525,90.9100,90.9100,90.9100,90.9100,200
1472582639,90.8200,90.9300,90.8200,90.9300,3800
1472582640,90.8400,90.8400,90.8300,90.8300,2000
1472582747,90.9600,90.9800,90.8800,90.8800,3900
1472582817,90.9800,91.0000,90.9700,90.9900,2000
1472582875,90.9400,90.9900,90.9400,90.9800,2300
1472582882,90.9200,90.9200,90.9200,90.9200,300
1472582975,90.9700,90.9700,90.9100,90.9200,900
1472583052,90.9800,90.9800,90.9400,90.9400,1300
1472583098,91.0200,91.0200,90.9700,90.9800,3500
1472583153,91.0400,91.0400,91.0000,91.0200,4000
1472583189,91.0500,91.0500,91.0300,91.0300,400
1472583297,91.0400,91.0400,91.0100,91.0100,300
1472583302,90.9700,91.0200,90.9410,91.0200,4700
1472583419,90.9300,90.9800,90.9200,90.9500,3900
1472583477,90.8800,90.9300,90.8600,90.9300,3100
1472583481,90.8800,90.8900,90.8500,90.8500,700
1472583542,90.9400,90.9500,90.8600,90.8800,3900
1472583603,90.9200,90.9400,90.9100,90.9200,3900
1472583667,90.9200,90.9200,90.9200,90.9200,1200
1472583723,90.9400,90.9700,90.7900,90.9100,14300
1472583780,90.9700,90.9700,90.9550,90.9550,2700
1472583878,90.9400,90.9500,90.9400,90.9500,1600
1472583948,90.9600,90.9600,90.9200,90.9300,3800
1472584009,90.9900,90.9900,90.9600,90.9800,3200
1472584063,91.0000,91.0000,90.9700,90.9900,6800
1472584130,91.0041,91.0100,90.9800,90.9800,3900
1472584195,90.9800,91.0200,90.9600,91.0200,1700
1472584202,90.9900,91.0200,90.9550,90.9600,7800
1472584275,90.9800,91.0000,90.9400,91.0000,2700
1472584379,90.9450,90.9750,90.9400,90.9750,3700
1472584385,90.9500,90.9500,90.9200,90.9450,500
1472584475,90.9900,91.0000,90.9350,90.9350,5300
1472584502,90.9700,90.9800,90.9700,90.9800,1700
1472584580,91.0300,91.0300,90.9900,91.0000,5300
1472584638,91.0000,91.0300,90.9900,91.0000,5100
1472584735,91.0300,91.0600,91.0200,91.0200,6000
1472584744,91.0000,91.0400,90.9700,91.0400,6600
1472584849,90.9850,90.9900,90.9704,90.9800,3700
1472584864,90.9700,90.9700,90.9200,90.9700,3700
1472584973,90.9100,90.9200,90.9100,90.9200,300
1472585034,90.9100,90.9200,90.8500,90.8600,6400
1472585045,90.8910,90.9100,90.8910,90.9100,3000
1472585146,90.9000,90.9300,90.8900,90.9200,3200
1472585176,90.8400,90.9100,90.8100,90.9100,6500
1472585270,90.8800,90.9000,90.8210,90.8210,2700
1472585282,90.9350,90.9500,90.9050,90.9050,7500
1472585363,90.9500,90.9500,90.9500,90.9500,100
1472585431,90.9200,90.9200,90.9200,90.9200,2400
1472585494,90.9300,90.9400,90.9300,90.9400,600
1472585577,90.9100,90.9100,90.8600,90.8700,4100
1472585582,90.9000,90.9150,90.9000,90.9100,1600
1472585691,90.9300,90.9300,90.9000,90.9000,6700
1472585759,90.9400,90.9400,90.9000,90.9100,4800
1472585819,90.9500,90.9500,90.9200,90.9500,6600
1472585869,90.9900,91.0100,90.9350,90.9400,10700
1472585882,91.0300,91.0300,91.0000,91.0000,4400
1472585998,91.0600,91.0600,91.0400,91.0500,3700
1472586057,91.0100,91.0200,90.9900,91.0100,7300
1472586063,91.0000,91.0100,91.0000,91.0100,9200
1472586173,90.9900,91.0200,90.9900,91.0100,5100
1472586190,90.9800,91.0000,90.9700,90.9800,8700
1472586241,90.9500,90.9800,90.9400,90.9800,14000
1472586355,90.9500,90.9600,90.8900,90.9000,8400
1472586362,90.9800,91.0000,90.9400,90.9400,10300
1472586420,90.9900,90.9950,90.9700,90.9900,9000
1472586535,90.9600,91.0100,90.9600,90.9700,9300
1472586547,90.9800,91.0000,90.9700,90.9800,5700
1472586655,90.9700,90.9700,90.9500,90.9500,4700
1472586717,90.9800,90.9900,90.9500,90.9700,7800
1472586776,90.9900,90.9900,90.9700,90.9800,7200
1472586780,90.9700,90.9900,90.9700,90.9900,8100
1472586850,90.9600,90.9800,90.9500,90.9800,4600
1472586951,90.9500,90.9600,90.9400,90.9500,12400
1472587015,90.9000,90.9300,90.8900,90.8900,8000
1472587036,90.8800,90.8900,90.8700,90.8900,11300
1472587093,90.8800,90.8900,90.8600,90.8900,6200
1472587193,91.0000,91.0600,90.9000,90.9000,64000
1472587200,91.0200,91.0200,91.0200,91.0200,221700
