uri:/instrument/1.0/SPY/chartdata;type=quote;range=1d/csv
ticker:spy
Company-Name:SPDR S&P 500
Exchange-Name:PCX
unit:MIN
timezone:EDT
currency:USD
gmtoffset:-14400
previous_close:218.3608
Timestamp:1472563800,1472587200
labels:1472565600,1472569200,1472572800,1472576400,1472580000,1472583600,1472587200
values:Timestamp,close,high,low,open,volume
close:217.3999,218.5200
high:217.4300,218.5900
low:217.3500,218.5000
open:217.4000,218.5250
volume:800,3075500
1472563843,218.3800,218.5200,218.2500,218.2600,961300
1472563918,218.4700,218.5300,218.4200,218.5100,281200
1472563979,218.4200,218.4700,218.4200,218.4700,128200
1472564038,218.4700,218.5000,218.4200,218.4300,100300
1472564099,218.5200,218.5300,218.4300,218.4700,131500
1472564159,218.5000,218.5900,218.5000,218.5250,233000
1472564160,218.4600,218.5100,218.4200,218.5100,192100
1472564220,218.4100,218.4700,218.3600,218.4700,112100
1472564339,218.3100,218.4400,218.2700,218.4100,103300
1472564399,218.3600,218.3650,218.2700,218.3200,102700
1472564400,218.3800,218.3950,218.3300,218.3600,98900
1472564460,218.2000,218.4200,218.1900,218.3899,163700
1472564520,218.2400,218.2900,218.1900,218.1995,98400
1472564580,218.2400,218.2600,218.2290,218.2400,111700
1472564640,218.3000,218.3300,218.2400,218.2400,119700
1472564700,218.3600,218.3600,218.2900,218.3000,85100
1472564761,218.3300,218.3700,218.2800,218.3700,124200
1472564820,218.3400,218.3600,218.2800,218.3300,104100
1472564939,218.3500,218.3600,218.3100,218.3400,62500
1472564999,218.3800,218.4200,218.2800,218.3500,166000
1472565003,218.3200,218.4100,218.3200,218.3800,64600
1472565060,218.2800,218.3200,218.2300,218.3100,91800
1472565179,218.3800,218.3800,218.2600,218.2700,144800
1472565238,218.3900,218.4492,218.3700,218.3700,107200
1472565241,218.4200,218.4500,218.3800,218.3850,93800
1472565300,218.4050,218.4500,218.4000,218.4400,73700
1472565419,218.3400,218.4000,218.3300,218.3900,45400
1472565420,218.3350,218.3800,218.3000,218.3400,57100
1472565480,218.3411,218.3600,218.3300,218.3400,71300
1472565599,218.3200,218.3600,218.3100,218.3400,85800
1472565600,218.3090,218.3400,218.2100,218.3300,265000
1472565719,218.2950,218.3500,218.2400,218.3000,151800
1472565720,218.3400,218.3500,218.2933,218.2998,83900
1472565839,218.4200,218.4500,218.3200,218.3490,161500
1472565897,218.3499,218.3850,218.3300,218.3850,67600
1472565900,218.3400,218.3850,218.3100,218.3500,77800
1472566019,218.3392,218.4000,218.3299,218.3500,70900
1472566020,218.1700,218.3600,218.1700,218.3500,245500
1472566139,218.0300,218.1700,217.9700,218.1700,470800
1472566199,218.0800,218.1000,218.0100,218.0400,312100
1472566259,218.0600,218.0900,218.0500,218.0800,137300
1472566260,218.1100,218.1400,218.0300,218.0600,66300
1472566322,218.0900,218.1200,218.0500,218.1200,2257700
1472566439,218.0800,218.1000,218.0200,218.0900,147400
1472566499,217.9900,218.0800,217.9900,218.0800,113300
1472566500,218.0200,218.0500,217.9880,217.9901,135600
1472566618,218.0200,218.0700,218.0100,218.0300,108500
1472566620,218.0500,218.0700,218.0100,218.0200,98900
1472566739,217.8900,218.0500,217.8900,218.0400,159800
1472566799,217.7900,217.9000,217.7700,217.8950,224500
1472566858,217.8300,217.8500,217.7700,217.8000,182400
1472566918,217.8200,217.8400,217.8000,217.8290,110000
1472566979,217.8400,217.8500,217.8100,217.8250,91300
1472567039,217.8600,217.8700,217.8100,217.8400,85500
1472567040,217.8500,217.8700,217.8300,217.8550,145400
1472567159,217.8500,217.8690,217.8300,217.8600,77800
1472567219,217.8500,217.8700,217.8300,217.8500,76500
1472567279,217.9000,217.9100,217.8500,217.8500,83100
1472567280,217.9200,217.9400,217.8900,217.8900,97800
1472567340,217.9400,217.9400,217.9000,217.9200,57700
1472567459,217.8900,217.9800,217.8900,217.9400,169300
1472567519,217.8600,217.9200,217.8400,217.9000,84800
1472567579,217.8190,217.8700,217.7900,217.8550,152400
1472567580,217.6900,217.8200,217.6600,217.8120,202400
1472567699,217.6600,217.6800,217.6240,217.6800,144500
1472567700,217.8800,217.8800,217.6400,217.6700,224000
1472567819,217.8100,217.8900,217.7800,217.8890,132100
1472567820,217.7892,217.8100,217.7600,217.8100,75100
1472567938,217.7362,217.7800,217.7150,217.7800,105900
1472567999,217.7600,217.7800,217.7000,217.7300,84200
1472568059,217.7750,217.7800,217.7350,217.7500,99700
1472568119,217.7800,217.8050,217.7600,217.7750,125500
1472568120,217.8150,217.8200,217.7800,217.7900,67200
1472568180,217.7700,217.8300,217.7700,217.8200,53300
1472568242,217.8500,217.8700,217.7600,217.7800,107800
1472568300,217.7600,217.8500,217.7402,217.8500,77900
1472568360,217.7500,217.7700,217.7200,217.7500,72300
1472568420,217.7700,217.8200,217.7200,217.7450,88000
1472568539,217.8230,217.8600,217.7400,217.7600,112300
1472568599,217.7950,217.8300,217.7600,217.8261,68100
1472568659,217.8100,217.8300,217.7550,217.8000,79300
1472568660,217.7562,217.8200,217.7500,217.8200,63200
1472568779,217.7350,217.7800,217.7300,217.7600,257800
1472568839,217.7100,217.7600,217.7100,217.7350,115700
1472568898,217.7400,217.7600,217.7000,217.7100,70600
1472568959,217.7250,217.7400,217.7100,217.7400,537900
1472569019,217.7890,217.7900,217.7150,217.7300,76400
1472569079,217.7700,217.7900,217.7400,217.7850,42700
1472569080,217.8750,217.8800,217.7500,217.7700,608300
1472569197,217.8200,217.9000,217.8000,217.8800,1097300
1472569259,217.7800,217.8300,217.7500,217.8300,88000
1472569319,217.8500,217.8800,217.7600,217.7700,104600
1472569378,217.8600,217.8700,217.8200,217.8600,68800
1472569380,217.9100,217.9300,217.8500,217.8550,105800
1472569499,217.9650,217.9650,217.9000,217.9300,108200
1472569559,217.9499,218.0200,217.9400,217.9700,166300
1472569560,217.9800,217.9800,217.9000,217.9500,124800
1472569679,217.9400,217.9700,217.9300,217.9700,80000
1472569680,217.9100,217.9600,217.9050,217.9300,83000
1472569799,217.8500,217.9200,217.8400,217.9100,559900
1472569800,217.8700,217.9000,217.8400,217.8500,82800
1472569864,217.8400,217.8800,217.8000,217.8800,62500
1472569978,217.8500,217.8500,217.8300,217.8400,40000
1472569980,217.8300,217.8500,217.8100,217.8400,21500
1472570099,217.7899,217.8500,217.7700,217.8400,62300
1472570100,217.8100,217.8200,217.7700,217.7800,45300
1472570160,217.8300,217.8300,217.7900,217.8100,51400
1472570279,217.7800,217.8300,217.7500,217.8200,57400
1472570337,217.7701,217.8200,217.7600,217.7750,47700
1472570341,217.8500,217.8800,217.7800,217.7800,65300
1472570458,217.8038,217.8500,217.7800,217.8500,52600
1472570519,217.7600,217.8100,217.7500,217.8100,72200
1472570579,217.7750,217.7800,217.7300,217.7550,53900
1472570638,217.8100,217.8200,217.7800,217.7800,63700
1472570640,217.8100,217.8200,217.7700,217.8100,28300
1472570701,217.8150,217.8400,217.7900,217.8100,49400
1472570760,217.7600,217.8300,217.7500,217.8100,48400
1472570821,217.7700,217.7800,217.7500,217.7600,58900
1472570880,217.7600,217.7900,217.7500,217.7600,65300
1472570999,217.7900,217.8000,217.7500,217.7600,28500
1472571000,217.8100,217.8100,217.7800,217.7900,33900
1472571060,217.7500,217.8300,217.7400,217.8070,47200
1472571178,217.7400,217.7671,217.7200,217.7500,56900
1472571181,217.7201,217.7700,217.7200,217.7390,3075500
1472571242,217.7400,217.7600,217.7200,217.7300,40100
1472571300,217.7280,217.7400,217.7000,217.7300,66400
1472571360,217.7500,217.7600,217.7200,217.7292,53100
1472571479,217.8061,217.8100,217.7500,217.7500,58000
1472571482,217.8100,217.8100,217.7700,217.8000,50600
1472571540,217.8700,217.8900,217.8000,217.8031,73600
1472571659,217.8200,217.8800,217.8150,217.8700,74200
1472571660,217.7850,217.8200,217.7650,217.8100,89400
1472571778,217.7700,217.8000,217.7700,217.7900,63400
1472571839,217.8000,217.8100,217.7500,217.7700,59300
1472571840,217.7800,217.8050,217.7550,217.8000,36300
1472571959,217.7900,217.7900,217.7600,217.7800,54500
1472572019,217.8100,217.8150,217.7850,217.8000,14400
1472572020,217.8300,217.8500,217.8100,217.8200,48000
1472572086,217.8350,217.8600,217.8350,217.8400,32300
1472572199,217.8600,217.8600,217.8100,217.8350,76600
1472572259,217.8900,217.9100,217.8300,217.8600,85600
1472572318,217.9300,217.9500,217.8850,217.9000,77800
1472572379,217.9310,217.9700,217.9300,217.9400,48200
1472572434,217.9100,217.9499,217.8900,217.9400,42300
1472572441,217.9417,217.9500,217.9000,217.9100,31800
1472572500,217.9270,217.9600,217.9200,217.9465,41400
1472572619,217.8800,217.9600,217.8700,217.9300,46700
1472572678,217.9100,217.9250,217.8800,217.8800,38200
1472572681,217.8700,217.9250,217.8700,217.9100,18800
1472572799,217.9200,217.9200,217.8650,217.8700,44500
1472572859,217.9000,217.9400,217.9000,217.9200,50600
1472572919,217.9400,217.9500,217.9000,217.9000,34600
1472572978,217.9600,217.9600,217.9200,217.9300,37300
1472573037,218.0100,218.0100,217.9400,217.9500,58700
1472573099,218.0200,218.0300,218.0000,218.0100,31100
1472573100,218.0800,218.0800,218.0250,218.0300,172000
1472573219,218.0600,218.0800,218.0500,218.0700,101300
1472573277,218.0500,218.0700,218.0500,218.0700,25900
1472573335,218.0300,218.0600,218.0100,218.0600,49600
1472573397,218.0600,218.0600,218.0100,218.0361,30600
1472573400,218.0550,218.0800,218.0500,218.0600,39100
1472573519,218.0600,218.0700,218.0400,218.0500,40500
1472573520,218.0300,218.0650,218.0300,218.0600,41900
1472573584,217.9900,218.0400,217.9600,218.0350,143200
1472573698,218.0100,218.0100,217.9900,217.9950,47000
1472573758,218.0000,218.0200,217.9900,218.0050,44100
1472573819,218.0400,218.0500,218.0000,218.0100,93200
1472573821,218.0400,218.0450,218.0200,218.0400,32800
1472573885,218.0330,218.0500,218.0300,218.0350,23200
1472573941,218.0400,218.0600,218.0300,218.0400,29000
1472574058,218.0400,218.0500,218.0300,218.0500,25100
1472574119,218.0500,218.0500,218.0300,218.0335,63800
1472574120,218.0600,218.0700,218.0401,218.0450,23800
1472574239,217.9800,218.0600,217.9700,218.0563,69900
1472574240,217.9800,217.9900,217.9600,217.9750,38100
1472574356,217.9700,217.9900,217.9600,217.9700,37100
1472574363,217.9800,217.9900,217.9689,217.9700,24300
1472574420,218.0100,218.0100,217.9800,217.9800,33200
1472574539,218.0000,218.0100,217.9900,217.9900,26300
1472574599,217.9900,218.0450,217.9650,218.0100,60300
1472574600,218.0000,218.0100,217.9700,217.9800,536200
1472574660,218.0100,218.0150,217.9700,218.0000,24400
1472574779,218.0400,218.0500,218.0150,218.0200,784100
1472574830,218.0300,218.0600,218.0300,218.0500,48800
1472574844,218.0100,218.0390,218.0010,218.0300,54500
1472574901,218.0400,218.0400,218.0000,218.0000,32700
1472575019,218.0500,218.0697,218.0310,218.0400,35600
1472575078,218.0200,218.0600,218.0200,218.0500,23200
1472575138,218.0500,218.0550,218.0200,218.0300,27700
1472575198,218.0625,218.0800,218.0500,218.0600,21200
1472575258,218.0800,218.1000,218.0543,218.0700,39700
1472575262,218.0326,218.0900,218.0300,218.0800,43100
1472575321,218.0100,218.0400,217.9900,218.0300,87800
1472575380,217.9800,218.0100,217.9800,218.0050,33800
1472575498,217.9400,217.9900,217.9300,217.9800,75000
1472575500,217.9400,217.9600,217.9300,217.9400,26300
1472575618,217.9100,217.9300,217.8710,217.9300,86100
1472575672,217.9000,217.9400,217.8900,217.9100,44600
1472575737,217.9500,217.9700,217.9000,217.9010,66100
1472575744,217.9400,217.9700,217.9300,217.9400,33100
1472575802,217.9000,217.9400,217.8900,217.9300,37100
1472575863,217.9500,217.9600,217.9100,217.9100,16800
1472575979,217.9070,217.9550,217.9000,217.9550,12600
1472576038,217.9200,217.9200,217.9000,217.9100,21900
1472576040,217.9250,217.9300,217.9100,217.9200,7300
1472576102,217.9100,217.9500,217.8950,217.9300,29500
1472576162,217.9060,217.9200,217.9000,217.9100,21200
1472576279,217.9200,217.9300,217.9065,217.9065,18100
1472576282,217.8950,217.9300,217.8950,217.9200,10600
1472576399,217.8737,217.8999,217.8500,217.8900,40200
1472576457,217.8000,217.8700,217.8000,217.8700,85700
1472576517,217.8600,217.8600,217.8000,217.8100,31500
1472576579,217.8700,217.8800,217.8400,217.8550,53200
1472576638,217.8850,217.8900,217.8500,217.8750,21700
1472576640,217.8800,217.8900,217.8600,217.8801,21400
1472576700,217.8650,217.8800,217.8400,217.8800,27800
1472576819,217.8950,217.9100,217.8600,217.8600,28800
1472576878,217.9050,217.9100,217.8600,217.8900,24000
1472576938,217.9200,217.9500,217.9100,217.9100,33500
1472576999,217.9100,217.9400,217.9100,217.9200,32700
1472577000,217.9300,217.9500,217.9100,217.9100,19900
1472577119,217.9300,217.9600,217.9300,217.9300,36000
1472577178,217.9200,217.9400,217.9200,217.9400,22300
1472577238,217.9400,217.9400,217.9100,217.9200,10800
1472577299,217.9448,217.9448,217.9200,217.9400,23800
1472577359,217.9200,217.9600,217.9200,217.9400,52200
1472577418,217.9050,217.9199,217.8999,217.9100,9500
1472577421,217.9100,217.9100,217.9000,217.9100,11700
1472577535,217.8850,217.9000,217.8700,217.9000,13400
1472577599,217.8500,217.8900,217.8400,217.8810,35800
1472577600,217.8400,217.8600,217.8200,217.8400,77800
1472577719,217.8348,217.8400,217.8200,217.8310,22200
1472577774,217.8700,217.8700,217.8300,217.8300,24700
1472577781,217.8652,217.8700,217.8600,217.8700,12300
1472577899,217.8900,217.8900,217.8600,217.8600,44000
1472577903,217.8900,217.8900,217.8700,217.8800,51000
1472577970,217.8700,217.9000,217.8700,217.8900,23200
1472578079,217.9200,217.9300,217.8400,217.8600,46300
1472578080,217.8301,217.9250,217.8300,217.9225,24700
1472578140,217.8600,217.8800,217.8300,217.8300,50300
1472578259,217.8600,217.8700,217.8400,217.8600,11500
1472578319,217.8900,217.9100,217.8600,217.8650,22500
1472578320,217.8800,217.9100,217.8700,217.8900,34900
1472578438,217.8900,217.9000,217.8800,217.8801,45500
1472578442,217.8396,217.8864,217.8300,217.8800,17700
1472578503,217.8358,217.8564,217.8300,217.8300,34500
1472578619,217.8200,217.8300,217.8000,217.8300,35400
1472578621,217.8300,217.8300,217.8000,217.8100,17000
1472578739,217.8400,217.8600,217.8301,217.8400,25600
1472578740,217.8379,217.8400,217.8200,217.8400,15800
1472578859,217.8300,217.8400,217.8300,217.8300,26900
1472578919,217.7311,217.8400,217.7300,217.8300,46600
1472578979,217.7400,217.7500,217.7100,217.7400,44100
1472579039,217.7390,217.7469,217.7289,217.7400,36100
1472579040,217.7094,217.7400,217.6900,217.7300,345000
1472579159,217.7400,217.7400,217.6600,217.7000,49900
1472579219,217.7100,217.7400,217.6900,217.7400,541600
1472579279,217.7550,217.7599,217.7000,217.7100,25700
1472579338,217.7400,217.7700,217.7300,217.7600,33500
1472579340,217.7600,217.7600,217.7400,217.7400,31300
1472579458,217.7690,217.7700,217.7500,217.7600,19900
1472579519,217.7700,217.7700,217.7500,217.7700,41300
1472579576,217.7700,217.7700,217.7500,217.7700,27500
1472579636,217.7600,217.7700,217.7100,217.7699,78500
1472579641,217.7400,217.7500,217.7350,217.7500,19900
1472579757,217.7100,217.7350,217.7100,217.7300,10400
1472579818,217.7200,217.7310,217.6900,217.7100,51500
1472579879,217.7600,217.7900,217.7200,217.7200,99700
1472579880,217.7700,217.7900,217.7500,217.7500,46900
1472579999,217.7400,217.8000,217.7400,217.7700,2455400
1472580059,217.7100,217.7400,217.7000,217.7400,61600
1472580119,217.6800,217.7200,217.6800,217.7100,55800
1472580120,217.5550,217.6900,217.5500,217.6800,126200
1472580180,217.5700,217.5900,217.5000,217.5500,163500
1472580240,217.6100,217.6200,217.5510,217.5700,141700
1472580300,217.5500,217.6100,217.5400,217.6100,69700
1472580417,217.5600,217.5700,217.5300,217.5500,45000
1472580472,217.5687,217.5700,217.5500,217.5600,36900
1472580480,217.5600,217.5750,217.5400,217.5600,26600
1472580598,217.5150,217.5700,217.4800,217.5700,133300
1472580600,217.5500,217.5600,217.4800,217.5100,123600
1472580719,217.5200,217.5500,217.4900,217.5500,93300
1472580774,217.5150,217.5500,217.5150,217.5200,54000
1472580838,217.5800,217.5800,217.5150,217.5200,71500
1472580897,217.5800,217.5800,217.5500,217.5700,40500
1472580959,217.5000,217.5800,217.4800,217.5700,99600
1472580960,217.4600,217.5200,217.4600,217.5000,106200
1472581079,217.4050,217.4700,217.3900,217.4700,220100
1472581139,217.4400,217.4500,217.3900,217.4100,89800
1472581141,217.3999,217.4400,217.3600,217.4400,172600
1472581259,217.4200,217.4300,217.3500,217.4000,167200
1472581319,217.5000,217.5000,217.3815,217.4200,74900
1472581379,217.5150,217.5200,217.4700,217.4900,64900
1472581380,217.5150,217.5300,217.5000,217.5100,62100
1472581499,217.5200,217.5200,217.4900,217.5100,32800
1472581559,217.4850,217.5200,217.4850,217.5200,54100
1472581560,217.5200,217.5300,217.4850,217.4900,57300
1472581679,217.4950,217.5400,217.4800,217.5200,556000
1472581738,217.5100,217.5200,217.4929,217.4929,22000
1472581799,217.5000,217.5166,217.4900,217.5100,39700
1472581800,217.4700,217.5100,217.4600,217.5100,88200
1472581873,217.4511,217.4900,217.4400,217.4710,42600
1472581979,217.4050,217.4600,217.3900,217.4500,67500
1472581980,217.4400,217.4600,217.3900,217.4000,74600
1472582041,217.4600,217.4800,217.4350,217.4500,61100
1472582102,217.4400,217.4700,217.4150,217.4600,41800
1472582161,217.4790,217.4800,217.4400,217.4400,40700
1472582221,217.5100,217.5200,217.4700,217.4800,153200
1472582337,217.5300,217.5400,217.4900,217.5050,96200
1472582340,217.5600,217.6000,217.5300,217.5300,139500
1472582459,217.5900,217.6000,217.5500,217.5600,155100
1472582460,217.5800,217.6000,217.5700,217.5900,39700
1472582521,217.5600,217.5700,217.5400,217.5700,20400
1472582580,217.5100,217.5700,217.5000,217.5600,36400
1472582699,217.5500,217.5600,217.5100,217.5100,43900
1472582700,217.5800,217.6000,217.5600,217.5600,35600
1472582819,217.6100,217.6200,217.5800,217.5899,44100
1472582820,217.5500,217.6169,217.5500,217.6100,46500
1472582880,217.5700,217.5700,217.5400,217.5500,37200
1472582999,217.5900,217.5900,217.5600,217.5700,14600
1472583001,217.6075,217.6250,217.5850,217.5850,54700
1472583061,217.5900,217.6200,217.5800,217.6000,71000
1472583122,217.6400,217.6700,217.5950,217.6000,69800
1472583180,217.6400,217.6500,217.6200,217.6450,53500
1472583240,217.6500,217.6600,217.6400,217.6600,49500
1472583305,217.6600,217.6700,217.6500,217.6600,28700
1472583419,217.6400,217.6700,217.6400,217.6600,43000
1472583479,217.6100,217.6500,217.6000,217.6500,62700
1472583480,217.6300,217.6400,217.6000,217.6100,105700
1472583540,217.6300,217.6400,217.6150,217.6300,92400
1472583600,217.5900,217.6400,217.5900,217.6350,30000
1472583719,217.6100,217.6100,217.5600,217.5900,90600
1472583720,217.5700,217.6200,217.5150,217.6099,67800
1472583781,217.6100,217.6200,217.5700,217.5700,539700
1472583840,217.6081,217.6200,217.5800,217.6000,20200
1472583958,217.6100,217.6200,217.5800,217.6100,27200
1472584019,217.6600,217.6600,217.6150,217.6150,56300
1472584020,217.6800,217.7200,217.6500,217.6592,84200
1472584085,217.7300,217.7400,217.6800,217.6900,58500
1472584199,217.7100,217.7338,217.6900,217.7338,44800
1472584200,217.6800,217.7100,217.6700,217.7100,29500
1472584260,217.6800,217.6867,217.6500,217.6867,39100
1472584320,217.6500,217.6900,217.6450,217.6900,32300
1472584386,217.6700,217.6700,217.6500,217.6582,29000
1472584441,217.6900,217.7100,217.6600,217.6600,43200
1472584501,217.7150,217.7200,217.6800,217.6811,32600
1472584619,217.7100,217.7300,217.7000,217.7200,52100
1472584677,217.7088,217.7100,217.6800,217.7100,47400
1472584737,217.7389,217.7400,217.6900,217.7050,52400
1472584741,217.7300,217.7400,217.7100,217.7400,45100
1472584859,217.7200,217.7300,217.7000,217.7200,69700
1472584916,217.6700,217.7250,217.6300,217.7250,165300
1472584920,217.6600,217.6800,217.6600,217.6600,36800
1472585039,217.7000,217.7100,217.6400,217.6600,104200
1472585099,217.7300,217.7400,217.7000,217.7100,110500
1472585102,217.7600,217.7700,217.7150,217.7250,89400
1472585161,217.7803,217.8039,217.7500,217.7600,110300
1472585221,217.7800,217.8000,217.7600,217.7900,86900
1472585339,217.7600,217.7950,217.7450,217.7899,98500
1472585399,217.7500,217.7700,217.7450,217.7700,37700
1472585459,217.7700,217.7700,217.7400,217.7500,64300
1472585519,217.7400,217.7700,217.7400,217.7700,59100
1472585521,217.7150,217.7500,217.6500,217.7450,262900
1472585580,217.7500,217.7600,217.7000,217.7200,84000
1472585698,217.6800,217.7600,217.6800,217.7600,52600
1472585759,217.7400,217.7400,217.6800,217.6850,54600
1472585818,217.7800,217.8000,217.7300,217.7400,77400
1472585879,217.8900,217.9000,217.7800,217.7900,155000
1472585880,217.9050,217.9100,217.8800,217.9000,69300
1472585940,217.9500,217.9800,217.9092,217.9100,189000
1472586059,217.9000,217.9500,217.8800,217.9500,101500
1472586119,217.9450,217.9600,217.9000,217.9100,95300
1472586120,217.9300,217.9600,217.9250,217.9450,47700
1472586239,217.9200,217.9500,217.9200,217.9300,64400
1472586244,217.8862,217.9300,217.8800,217.9200,96700
1472586300,217.9200,217.9300,217.8700,217.8800,103700
1472586419,217.9400,217.9500,217.9100,217.9200,87800
1472586479,217.8850,217.9450,217.8800,217.9400,85600
1472586481,217.9150,217.9200,217.8800,217.8800,120600
1472586599,217.8600,217.9200,217.8600,217.9200,78800
1472586659,217.8600,217.8700,217.8300,217.8600,135400
1472586719,217.8550,217.8700,217.8300,217.8600,149900
1472586779,217.8300,217.8600,217.8000,217.8600,78600
1472586839,217.8600,217.8600,217.8200,217.8300,82000
1472586840,217.8650,217.8800,217.8550,217.8550,140700
1472586959,217.9000,217.9000,217.8500,217.8700,752000
1472586960,217.8700,217.9000,217.8200,217.8900,195600
1472587020,217.8300,217.8800,217.8100,217.8800,315100
1472587139,217.8700,217.8800,217.8200,217.8250,247100
1472587199,217.9700,217.9700,217.8600,217.8700,1062600
1472587200,217.9700,217.9700,217.9700,217.9700,800
