uri:/instrument/1.0/VEA/chartdata;type=quote;range=1d/csv
ticker:vea
Company-Name:Vanguard FTSE Developed Markets
Exchange-Name:PCX
unit:MIN
timezone:EDT
currency:USD
gmtoffset:-14400
previous_close:37.1900
Timestamp:1472563800,1472587200
labels:1472565600,1472569200,1472572800,1472576400,1472580000,1472583600,1472587200
values:Timestamp,close,high,low,open,volume
close:37.0500,37.2600
high:37.0600,37.2700
low:37.0450,37.2600
open:37.0500,37.2700
volume:0,549600
1472563805,37.2400,37.2499,37.2200,37.2200,104600
1472563913,37.2400,37.2500,37.2400,37.2500,7500
1472563956,37.2318,37.2450,37.2318,37.2400,3300
1472564021,37.2500,37.2500,37.2400,37.2450,6000
1472564055,37.2500,37.2599,37.2450,37.2450,7200
1472564102,37.2550,37.2600,37.2550,37.2600,900
1472564162,37.2400,37.2462,37.2400,37.2400,2200
1472564273,37.2341,37.2450,37.2341,37.2450,1400
1472564281,37.2200,37.2400,37.2200,37.2400,6400
1472564398,37.2200,37.2250,37.2137,37.2250,12400
1472564448,37.2100,37.2220,37.2100,37.2200,22400
1472564463,37.2000,37.2250,37.2000,37.2200,11600
1472564527,37.2164,37.2200,37.2100,37.2100,9800
1472564588,37.2150,37.2190,37.2150,37.2173,4700
1472564655,37.2200,37.2200,37.2200,37.2200,2700
1472564757,37.2400,37.2400,37.2300,37.2300,5000
1472564772,37.2210,37.2362,37.2210,37.2352,5700
1472564835,37.2300,37.2304,37.2300,37.2304,1600
1472564925,37.2320,37.2320,37.2320,37.2320,200
1472564986,37.2400,37.2400,37.2300,37.2300,3800
1472565012,37.2400,37.2450,37.2400,37.2450,3600
1472565119,37.2277,37.2300,37.2277,37.2300,2900
1472565129,37.2500,37.2500,37.2300,37.2300,6100
1472565197,37.2500,37.2590,37.2488,37.2488,3100
1472565254,37.2600,37.2600,37.2500,37.2500,3400
1472565340,37.2600,37.2700,37.2600,37.2700,6500
1472565413,37.2565,37.2600,37.2565,37.2600,900
1472565420,37.2565,37.2600,37.2500,37.2550,5600
1472565501,37.2600,37.2700,37.2500,37.2550,8600
1472565597,37.2400,37.2563,37.2400,37.2563,5100
1472565659,37.2390,37.2450,37.2200,37.2450,10600
1472565663,37.2400,37.2400,37.2280,37.2383,98400
1472565725,37.2400,37.2500,37.2350,37.2400,4600
1472565788,37.2448,37.2500,37.2334,37.2334,3300
1472565842,37.2359,37.2400,37.2300,37.2400,6900
1472565900,37.2400,37.2400,37.2334,37.2334,10200
1472565968,37.2400,37.2499,37.2400,37.2400,9900
1472566020,37.2000,37.2395,37.1900,37.2383,18000
1472566095,37.1700,37.1790,37.1650,37.1750,13200
1472566144,37.1800,37.1800,37.1700,37.1700,16400
1472566213,37.1890,37.1899,37.1850,37.1850,5100
1472566265,37.2000,37.2000,37.1800,37.1899,22500
1472566323,37.2000,37.2000,37.1900,37.2000,21600
1472566385,37.2001,37.2001,37.1900,37.2000,6100
1472566458,37.1850,37.1985,37.1800,37.1960,8300
1472566518,37.1800,37.1959,37.1800,37.1900,20000
1472566580,37.1800,37.1850,37.1800,37.1800,12700
1472566622,37.1700,37.1900,37.1700,37.1800,13400
1472566681,37.1500,37.1800,37.1500,37.1800,11200
1472566742,37.1400,37.1550,37.1400,37.1500,12700
1472566805,37.1450,37.1500,37.1300,37.1349,23100
1472566860,37.1550,37.1550,37.1414,37.1450,9800
1472566926,37.1550,37.1595,37.1500,37.1500,7600
1472567037,37.1583,37.1600,37.1500,37.1550,5200
1472567045,37.1550,37.1600,37.1500,37.1600,17500
1472567100,37.1590,37.1650,37.1548,37.1550,9500
1472567161,37.1565,37.1565,37.1500,37.1522,3000
1472567225,37.1750,37.1799,37.1600,37.1600,14000
1472567283,37.1790,37.1800,37.1700,37.1700,10400
1472567352,37.1850,37.1850,37.1750,37.1800,3900
1472567400,37.1700,37.1883,37.1700,37.1800,10300
1472567463,37.1600,37.1699,37.1600,37.1650,14000
1472567524,37.1600,37.1600,37.1550,37.1600,6000
1472567615,37.1400,37.1499,37.1350,37.1450,5100
1472567699,37.1400,37.1465,37.1300,37.1400,7100
1472567702,37.1600,37.1600,37.1400,37.1450,6800
1472567760,37.1500,37.1700,37.1500,37.1700,6400
1472567822,37.1550,37.1582,37.1500,37.1582,5000
1472567884,37.1500,37.1580,37.1500,37.1580,2500
1472567942,37.1600,37.1600,37.1500,37.1599,2700
1472568027,37.1650,37.1700,37.1650,37.1650,600
1472568118,37.1665,37.1700,37.1637,37.1637,17300
1472568120,37.1700,37.1700,37.1601,37.1601,1200
1472568191,37.1650,37.1650,37.1648,37.1650,1100
1472568240,37.1700,37.1700,37.1600,37.1600,6600
1472568303,37.1700,37.1799,37.1700,37.1799,3300
1472568419,37.1520,37.1642,37.1520,37.1600,2700
1472568421,37.1600,37.1750,37.1500,37.1500,6700
1472568485,37.1700,37.1700,37.1600,37.1639,7900
1472568591,37.1500,37.1600,37.1500,37.1600,9200
1472568654,37.1580,37.1600,37.1500,37.1500,10100
1472568660,37.1501,37.1600,37.1501,37.1551,3000
1472568772,37.1500,37.1550,37.1500,37.1550,1600
1472568783,37.1458,37.1558,37.1458,37.1558,6300
1472568841,37.1599,37.1599,37.1400,37.1460,4600
1472568956,37.1500,37.1550,37.1490,37.1500,53700
1472569010,37.1500,37.1500,37.1400,37.1450,28000
1472569063,37.1450,37.1590,37.1400,37.1590,12500
1472569134,37.1650,37.1650,37.1500,37.1500,13300
1472569158,37.1650,37.1650,37.1600,37.1600,13000
1472569200,37.1500,37.1550,37.1458,37.1500,10900
1472569308,37.1700,37.1700,37.1501,37.1550,2700
1472569320,37.1600,37.1750,37.1600,37.1700,7900
1472569436,37.1700,37.1750,37.1600,37.1600,5000
1472569440,37.1700,37.1750,37.1650,37.1700,8100
1472569551,37.1700,37.1799,37.1700,37.1700,8700
1472569614,37.1800,37.1800,37.1646,37.1665,10800
1472569678,37.1700,37.1800,37.1700,37.1765,5900
1472569687,37.1650,37.1750,37.1650,37.1700,14200
1472569793,37.1548,37.1700,37.1548,37.1700,4200
1472569804,37.1600,37.1658,37.1600,37.1600,6700
1472569916,37.1525,37.1600,37.1525,37.1600,12000
1472569946,37.1619,37.1619,37.1590,37.1590,3200
1472569991,37.1695,37.1695,37.1650,37.1650,800
1472570049,37.1500,37.1650,37.1400,37.1600,20200
1472570119,37.1450,37.1450,37.1435,37.1450,600
1472570214,37.1401,37.1500,37.1401,37.1466,400
1472570274,37.1401,37.1450,37.1401,37.1401,1200
1472570335,37.1443,37.1501,37.1443,37.1500,7600
1472570381,37.1550,37.1550,37.1500,37.1500,11600
1472570409,37.1500,37.1565,37.1500,37.1520,5800
1472570465,37.1400,37.1450,37.1400,37.1443,2300
1472570564,37.1410,37.1424,37.1400,37.1424,1000
1472570584,37.1465,37.1550,37.1465,37.1500,18600
1472570667,37.1500,37.1557,37.1419,37.1500,21200
1472570744,37.1500,37.1500,37.1500,37.1500,200
1472570783,37.1450,37.1550,37.1400,37.1550,10100
1472570836,37.1490,37.1490,37.1350,37.1350,4300
1472570931,37.1400,37.1461,37.1400,37.1450,6000
1472570950,37.1400,37.1400,37.1362,37.1400,2400
1472571117,37.1400,37.1466,37.1400,37.1436,23600
1472571120,37.1362,37.1390,37.1301,37.1301,3100
1472571202,37.1400,37.1400,37.1400,37.1400,300
1472571299,37.1300,37.1376,37.1300,37.1350,5000
1472571330,37.1200,37.1300,37.1200,37.1300,5000
1472571360,37.1200,37.1299,37.1100,37.1150,14200
1472571424,37.1250,37.1300,37.1166,37.1200,9600
1472571484,37.1230,37.1399,37.1215,37.1301,6100
1472571572,37.1338,37.1400,37.1201,37.1263,12800
1472571636,37.1300,37.1350,37.1300,37.1350,4500
1472571687,37.1294,37.1294,37.1258,37.1266,4500
1472571760,37.1253,37.1253,37.1253,37.1253,400
1472571801,37.1350,37.1350,37.1250,37.1300,2300
1472571897,37.1357,37.1400,37.1200,37.1300,4700
1472571901,37.1350,37.1350,37.1300,37.1350,6400
1472572005,37.1350,37.1400,37.1300,37.1400,5000
1472572024,37.1400,37.1499,37.1400,37.1400,24900
1472572091,37.1400,37.1450,37.1400,37.1400,11400
1472572154,37.1400,37.1400,37.1350,37.1400,12300
1472572259,37.1500,37.1500,37.1400,37.1400,5600
1472572272,37.1500,37.1588,37.1500,37.1550,5400
1472572327,37.1580,37.1650,37.1580,37.1600,4900
1472572399,37.1515,37.1550,37.1500,37.1550,4000
1472572441,37.1570,37.1570,37.1513,37.1513,800
1472572505,37.1590,37.1590,37.1550,37.1550,4700
1472572568,37.1500,37.1600,37.1500,37.1500,1500
1472572730,37.1550,37.1550,37.1500,37.1550,700
1472572740,37.1550,37.1550,37.1437,37.1500,14300
1472572859,37.1550,37.1550,37.1550,37.1550,700
1472572878,37.1600,37.1600,37.1501,37.1580,1100
1472572921,37.1501,37.1600,37.1501,37.1600,4200
1472573009,37.1600,37.1600,37.1600,37.1600,41400
1472573097,37.1648,37.1648,37.1648,37.1648,300
1472573100,37.1800,37.1800,37.1695,37.1700,13200
1472573160,37.1750,37.1800,37.1725,37.1800,5600
1472573277,37.1757,37.1757,37.1757,37.1757,400
1472573283,37.1734,37.1790,37.1710,37.1750,9100
1472573396,37.1765,37.1800,37.1743,37.1750,1500
1472573400,37.1820,37.1820,37.1800,37.1800,700
1472573499,37.1838,37.1850,37.1838,37.1850,700
1472573525,37.1836,37.1899,37.1800,37.1857,8000
1472573632,37.1700,37.1900,37.1700,37.1900,18900
1472573675,37.1646,37.1700,37.1646,37.1700,700
1472573703,37.1650,37.1700,37.1650,37.1700,1000
1472573766,37.1768,37.1768,37.1700,37.1700,14200
1472573866,37.1790,37.1790,37.1790,37.1790,300
1472573892,37.1761,37.1761,37.1734,37.1734,900
1472573947,37.1790,37.1800,37.1749,37.1749,8200
1472574016,37.1750,37.1799,37.1700,37.1799,8500
1472574113,37.1750,37.1800,37.1710,37.1710,2800
1472574179,37.1750,37.1770,37.1700,37.1750,33200
1472574187,37.1700,37.1750,37.1538,37.1700,20300
1472574271,37.1700,37.1700,37.1600,37.1700,3000
1472574341,37.1624,37.1635,37.1624,37.1635,500
1472574363,37.1650,37.1650,37.1643,37.1643,500
1472574426,37.1665,37.1700,37.1600,37.1700,5200
1472574526,37.1655,37.1700,37.1650,37.1660,3000
1472574578,37.1650,37.1650,37.1600,37.1600,8000
1472574629,37.1650,37.1650,37.1600,37.1600,300
1472574699,37.1648,37.1650,37.1648,37.1650,1700
1472574723,37.1685,37.1699,37.1600,37.1650,23900
1472574780,37.1639,37.1700,37.1639,37.1650,2400
1472574894,37.1650,37.1670,37.1600,37.1650,11300
1472574910,37.1699,37.1699,37.1690,37.1690,2600
1472574961,37.1800,37.1800,37.1665,37.1700,23800
1472575051,37.1758,37.1758,37.1758,37.1758,400
1472575123,37.1765,37.1765,37.1710,37.1710,30100
1472575170,37.1780,37.1780,37.1765,37.1765,6800
1472575231,37.1800,37.1800,37.1800,37.1800,900
1472575314,37.1752,37.1799,37.1700,37.1700,5800
1472575331,37.1700,37.1758,37.1700,37.1750,1500
1472575420,37.1648,37.1650,37.1600,37.1600,2900
1472575453,37.1600,37.1650,37.1600,37.1600,13200
1472575550,37.1550,37.1550,37.1500,37.1500,400
1472575564,37.1500,37.1550,37.1456,37.1500,20200
1472575670,37.1565,37.1565,37.1500,37.1556,1200
1472575693,37.1514,37.1600,37.1400,37.1599,49300
1472575786,37.1550,37.1550,37.1550,37.1550,700
1472575847,37.1500,37.1600,37.1450,37.1510,15700
1472575861,37.1590,37.1590,37.1467,37.1500,1400
1472575931,37.1499,37.1550,37.1450,37.1550,13500
1472575994,37.1500,37.1500,37.1435,37.1435,3000
1472576066,37.1439,37.1439,37.1439,37.1439,1400
1472576106,37.1549,37.1599,37.1438,37.1438,4500
1472576172,37.1500,37.1550,37.1500,37.1548,1900
1472576221,37.1515,37.1550,37.1464,37.1500,21400
1472576280,37.1550,37.1550,37.1550,37.1550,400
1472576340,37.1550,37.1600,37.1550,37.1600,500
1472576458,37.1400,37.1506,37.1400,37.1500,14900
1472576518,37.1400,37.1500,37.1400,37.1450,12800
1472576578,37.1550,37.1558,37.1463,37.1463,3500
1472576589,37.1500,37.1550,37.1500,37.1550,6700
1472576661,37.1400,37.1500,37.1400,37.1500,900
1472576709,37.1555,37.1600,37.1450,37.1450,2100
1472576792,37.1600,37.1600,37.1500,37.1600,5200
1472576824,37.1600,37.1650,37.1510,37.1600,4300
1472576893,37.1501,37.1580,37.1501,37.1580,10700
1472576959,37.1600,37.1600,37.1556,37.1556,400
1472577001,37.1500,37.1600,37.1500,37.1537,1300
1472577099,37.1510,37.1523,37.1510,37.1523,12400
1472577120,37.1650,37.1700,37.1510,37.1600,17500
1472577233,37.1676,37.1676,37.1610,37.1618,50900
1472577244,37.1678,37.1678,37.1606,37.1635,10800
1472577324,37.1610,37.1699,37.1610,37.1699,2700
1472577360,37.1630,37.1632,37.1600,37.1600,3800
1472577465,37.1601,37.1700,37.1600,37.1661,6300
1472577530,37.1638,37.1650,37.1600,37.1643,1400
1472577599,37.1510,37.1600,37.1510,37.1600,4100
1472577658,37.1566,37.1566,37.1500,37.1500,1400
1472577663,37.1550,37.1550,37.1500,37.1500,2300
1472577746,37.1599,37.1599,37.1500,37.1500,900
1472577815,37.1550,37.1550,37.1550,37.1550,200
1472577845,37.1550,37.1600,37.1501,37.1565,16200
1472578017,37.1550,37.1560,37.1550,37.1560,800
1472578020,37.1600,37.1700,37.1505,37.1550,23800
1472578080,37.1500,37.1699,37.1500,37.1699,11400
1472578186,37.1500,37.1550,37.1500,37.1550,700
1472578203,37.1538,37.1538,37.1538,37.1538,300
1472578319,37.1565,37.1565,37.1500,37.1500,1600
1472578365,37.1500,37.1599,37.1500,37.1500,2700
1472578380,37.1600,37.1600,37.1500,37.1500,30300
1472578450,37.1499,37.1565,37.1400,37.1550,5700
1472578517,37.1465,37.1500,37.1400,37.1450,6800
1472578562,37.1400,37.1500,37.1400,37.1400,10800
1472578676,37.1400,37.1400,37.1335,37.1335,19000
1472578738,37.1438,37.1438,37.1400,37.1400,4100
1472578797,37.1466,37.1466,37.1400,37.1465,1100
1472578800,37.1500,37.1500,37.1401,37.1450,1700
1472578913,37.1400,37.1400,37.1400,37.1400,16700
1472578977,37.1350,37.1366,37.1335,37.1366,900
1472579028,37.1400,37.1400,37.1337,37.1353,4700
1472579058,37.1250,37.1362,37.1250,37.1350,11300
1472579158,37.1300,37.1300,37.1220,37.1220,2600
1472579160,37.1250,37.1300,37.1250,37.1300,1900
1472579279,37.1250,37.1300,37.1201,37.1230,11500
1472579310,37.1300,37.1390,37.1201,37.1390,7300
1472579383,37.1262,37.1299,37.1262,37.1299,700
1472579453,37.1273,37.1273,37.1237,37.1237,1500
1472579503,37.1239,37.1300,37.1237,37.1267,7100
1472579575,37.1200,37.1250,37.1200,37.1250,2900
1472579637,37.1200,37.1266,37.1150,37.1238,12300
1472579663,37.1200,37.1262,37.1200,37.1262,367500
1472579710,37.1258,37.1258,37.1254,37.1254,3000
1472579765,37.1157,37.1200,37.1157,37.1200,15600
1472579877,37.1204,37.1300,37.1167,37.1200,15800
1472579880,37.1216,37.1250,37.1200,37.1250,2600
1472579986,37.1152,37.1248,37.1152,37.1248,6700
1472580058,37.1161,37.1199,37.1100,37.1199,4500
1472580118,37.1100,37.1200,37.1050,37.1200,47100
1472580124,37.0850,37.1050,37.0850,37.1050,20900
1472580181,37.0900,37.0900,37.0801,37.0890,14000
1472580255,37.0900,37.0965,37.0900,37.0900,2800
1472580352,37.0867,37.0990,37.0850,37.0900,14200
1472580410,37.0850,37.0870,37.0800,37.0850,1500
1472580426,37.0849,37.0900,37.0800,37.0900,27200
1472580511,37.0750,37.0800,37.0750,37.0800,6400
1472580597,37.0700,37.0800,37.0665,37.0800,10800
1472580602,37.0721,37.0721,37.0648,37.0700,4700
1472580669,37.0735,37.0761,37.0610,37.0700,13200
1472580777,37.0700,37.0800,37.0700,37.0779,6100
1472580782,37.0800,37.0800,37.0730,37.0752,2000
1472580879,37.0750,37.0800,37.0724,37.0800,9700
1472580942,37.0700,37.0800,37.0700,37.0800,4700
1472581013,37.0650,37.0799,37.0650,37.0700,8800
1472581027,37.0562,37.0661,37.0562,37.0608,16900
1472581133,37.0504,37.0600,37.0504,37.0551,8500
1472581184,37.0535,37.0600,37.0500,37.0600,14800
1472581201,37.0600,37.0600,37.0500,37.0541,20700
1472581319,37.0700,37.0700,37.0650,37.0650,9000
1472581378,37.0700,37.0700,37.0600,37.0700,37300
1472581385,37.0800,37.0800,37.0601,37.0700,23900
1472581441,37.0800,37.0800,37.0735,37.0800,15900
1472581556,37.0800,37.0800,37.0750,37.0800,5900
1472581616,37.0800,37.0800,37.0750,37.0800,1500
1472581625,37.0750,37.0800,37.0700,37.0752,10000
1472581730,37.0668,37.0790,37.0650,37.0790,28600
1472581754,37.0600,37.0700,37.0600,37.0650,4500
1472581804,37.0700,37.0700,37.0600,37.0700,3700
1472581874,37.0665,37.0700,37.0662,37.0700,900
1472581974,37.0500,37.0600,37.0450,37.0600,7500
1472581980,37.0600,37.0600,37.0500,37.0500,7000
1472582093,37.0650,37.0700,37.0500,37.0514,17500
1472582102,37.0650,37.0700,37.0600,37.0648,5200
1472582168,37.0700,37.0700,37.0606,37.0658,11500
1472582242,37.0650,37.0700,37.0601,37.0700,3100
1472582308,37.0600,37.0650,37.0600,37.0650,1600
1472582399,37.0800,37.0800,37.0624,37.0700,8800
1472582452,37.0750,37.0800,37.0700,37.0800,3000
1472582460,37.0865,37.0900,37.0739,37.0739,9700
1472582525,37.0767,37.0800,37.0700,37.0800,6600
1472582599,37.0765,37.0800,37.0700,37.0800,20400
1472582699,37.0750,37.0750,37.0748,37.0748,400
1472582758,37.0899,37.0899,37.0701,37.0701,17200
1472582761,37.0850,37.0880,37.0800,37.0800,2300
1472582824,37.0850,37.0863,37.0800,37.0835,1100
1472582937,37.0810,37.0899,37.0800,37.0800,5600
1472582992,37.0850,37.0850,37.0800,37.0850,6200
1472583010,37.0850,37.0900,37.0850,37.0850,8100
1472583062,37.0890,37.0900,37.0800,37.0900,29100
1472583169,37.0950,37.0950,37.0800,37.0800,4600
1472583233,37.0950,37.0950,37.0900,37.0900,5200
1472583275,37.0990,37.1000,37.0950,37.0950,73300
1472583315,37.1000,37.1000,37.0900,37.0950,1900
1472583419,37.0900,37.1000,37.0900,37.0930,7000
1472583467,37.0900,37.0996,37.0900,37.0900,9500
1472583496,37.0850,37.0900,37.0800,37.0899,292300
1472583592,37.0900,37.0900,37.0800,37.0900,12500
1472583604,37.0899,37.0900,37.0838,37.0856,6500
1472583719,37.0750,37.0800,37.0750,37.0800,15300
1472583767,37.0700,37.0750,37.0700,37.0720,2400
1472583794,37.0750,37.0800,37.0710,37.0800,1000
1472583848,37.0750,37.0800,37.0700,37.0750,9400
1472583937,37.0774,37.0800,37.0750,37.0750,5900
1472584016,37.0850,37.0870,37.0800,37.0800,4700
1472584075,37.0900,37.0900,37.0800,37.0900,11700
1472584084,37.0950,37.0950,37.0835,37.0835,5100
1472584185,37.0950,37.0950,37.0900,37.0950,17900
1472584200,37.0900,37.0965,37.0900,37.0950,6500
1472584266,37.0900,37.0900,37.0810,37.0900,2000
1472584336,37.0801,37.0900,37.0801,37.0850,1600
1472584439,37.0867,37.0900,37.0839,37.0899,9700
1472584478,37.0900,37.0900,37.0820,37.0900,3300
1472584530,37.0900,37.0950,37.0900,37.0900,4600
1472584563,37.1000,37.1000,37.1000,37.1000,3400
1472584676,37.0950,37.1000,37.0900,37.0995,27600
1472584683,37.1000,37.1000,37.0900,37.1000,18000
1472584746,37.1000,37.1050,37.1000,37.1000,36600
1472584814,37.0950,37.1066,37.0950,37.1066,2100
1472584905,37.0900,37.0950,37.0900,37.0937,5700
1472584979,37.0950,37.0958,37.0910,37.0952,3300
1472585032,37.0950,37.0990,37.0900,37.0900,3900
1472585098,37.0965,37.0999,37.0900,37.0999,3300
1472585154,37.0901,37.1000,37.0900,37.0956,13100
1472585211,37.1085,37.1085,37.0939,37.0950,13600
1472585276,37.1000,37.1099,37.1000,37.1000,7500
1472585281,37.1000,37.1030,37.1000,37.1000,3300
1472585350,37.0985,37.0990,37.0936,37.0961,700
1472585424,37.1000,37.1000,37.0900,37.0980,4000
1472585497,37.1000,37.1000,37.0950,37.0950,600
1472585566,37.0835,37.0950,37.0800,37.0950,23900
1472585632,37.0950,37.1000,37.0850,37.0850,6900
1472585641,37.0900,37.1000,37.0900,37.1000,8900
1472585708,37.0901,37.1000,37.0900,37.0900,29100
1472585815,37.0910,37.1000,37.0900,37.0950,6100
1472585820,37.1100,37.1100,37.1000,37.1000,15000
1472585895,37.1200,37.1200,37.1160,37.1160,300
1472585942,37.1300,37.1300,37.1200,37.1200,36700
1472586056,37.1250,37.1299,37.1200,37.1299,4600
1472586063,37.1101,37.1200,37.1101,37.1150,13200
1472586120,37.1200,37.1200,37.1148,37.1148,4600
1472586238,37.1140,37.1200,37.1121,37.1150,27400
1472586246,37.1100,37.1200,37.1100,37.1166,3300
1472586300,37.1150,37.1200,37.1100,37.1150,17800
1472586419,37.1200,37.1200,37.1100,37.1200,5100
1472586469,37.1150,37.1200,37.1100,37.1150,27600
1472586528,37.1150,37.1200,37.1100,37.1150,4800
1472586543,37.1100,37.1200,37.1100,37.1200,4800
1472586659,37.1050,37.1150,37.1050,37.1100,20300
1472586718,37.1050,37.1100,37.1000,37.1050,21800
1472586774,37.1050,37.1100,37.1000,37.1100,8600
1472586838,37.1050,37.1100,37.1000,37.1050,9200
1472586899,37.1073,37.1100,37.1000,37.1050,34700
1472586959,37.1150,37.1150,37.1007,37.1100,44200
1472586960,37.1050,37.1150,37.1000,37.1100,25800
1472587022,37.0900,37.1099,37.0900,37.1050,22500
1472587137,37.0950,37.1000,37.0900,37.0950,29500
1472587199,37.1100,37.1200,37.0900,37.1000,549600
1472587200,37.1100,37.1100,37.1100,37.1100,0
