uri:/instrument/1.0/SCHB/chartdata;type=quote;range=1d/csv
ticker:schb
Company-Name:Schwab U.S. Broad Market ETF
Exchange-Name:PCX
unit:MIN
timezone:EDT
currency:USD
gmtoffset:-14400
previous_close:52.6200
Timestamp:1472563800,1472587200
labels:1472565600,1472569200,1472572800,1472576400,1472580000,1472583600,1472587200
values:Timestamp,close,high,low,open,volume
close:52.4000,52.6899
high:52.4050,52.6899
low:52.4000,52.6700
open:52.4020,52.6700
volume:0,53400
1472563871,52.6600,52.6676,52.6500,52.6676,53400
1472563996,52.6899,52.6899,52.6700,52.6700,300
1472564402,52.6222,52.6222,52.6222,52.6222,1200
1472564465,52.6100,52.6483,52.6100,52.6483,200
1472564559,52.6160,52.6160,52.6160,52.6160,100
1472564599,52.5910,52.5910,52.5910,52.5910,200
1472564649,52.6000,52.6000,52.6000,52.6000,200
1472564776,52.6200,52.6200,52.6200,52.6200,100
1472564835,52.6317,52.6380,52.6317,52.6380,800
1472565097,52.6260,52.6260,52.6260,52.6260,200
1472565202,52.6433,52.6433,52.6433,52.6433,1100
1472565617,52.6200,52.6200,52.6200,52.6200,700
1472565660,52.6317,52.6317,52.6317,52.6317,500
1472565788,52.6301,52.6320,52.6301,52.6320,1500
1472565861,52.6490,52.6490,52.6490,52.6490,2000
1472566111,52.5600,52.5600,52.5600,52.5600,300
1472566151,52.5620,52.5620,52.5600,52.5600,500
1472566260,52.5700,52.5700,52.5700,52.5700,300
1472566474,52.5700,52.5700,52.5700,52.5700,300
1472566724,52.5500,52.5600,52.5500,52.5600,2700
1472566747,52.5100,52.5300,52.5100,52.5300,400
1472566998,52.5300,52.5300,52.5300,52.5300,300
1472567102,52.5252,52.5290,52.5252,52.5290,900
1472567260,52.5499,52.5499,52.5400,52.5400,200
1472567281,52.5340,52.5340,52.5340,52.5340,700
1472567419,52.5590,52.5590,52.5590,52.5590,100
1472567474,52.5400,52.5488,52.5400,52.5488,1200
1472567574,52.5200,52.5200,52.5200,52.5200,200
1472567608,52.4900,52.5061,52.4900,52.5061,1300
1472567691,52.4770,52.4770,52.4770,52.4770,100
1472567703,52.4800,52.4800,52.4800,52.4800,200
1472567769,52.5200,52.5200,52.5200,52.5200,300
1472567829,52.5040,52.5166,52.5040,52.5166,500
1472567908,52.5000,52.5052,52.5000,52.5052,800
1472567944,52.4920,52.4920,52.4920,52.4920,200
1472568106,52.5068,52.5068,52.5068,52.5068,200
1472568136,52.5096,52.5096,52.5096,52.5096,100
1472568250,52.5300,52.5300,52.5104,52.5122,5500
1472568320,52.5161,52.5161,52.5161,52.5161,100
1472568448,52.5096,52.5096,52.5080,52.5080,1300
1472568726,52.4960,52.4960,52.4960,52.4960,600
1472569010,52.5000,52.5000,52.5000,52.5000,1100
1472569076,52.5022,52.5022,52.5022,52.5022,400
1472569136,52.5200,52.5200,52.5100,52.5100,1100
1472569143,52.5300,52.5300,52.5300,52.5300,2400
1472569241,52.5000,52.5020,52.5000,52.5020,300
1472569269,52.5000,52.5000,52.5000,52.5000,200
1472569394,52.5480,52.5480,52.5200,52.5220,46900
1472569443,52.5500,52.5500,52.5400,52.5400,600
1472569534,52.5561,52.5600,52.5561,52.5600,1700
1472569576,52.5400,52.5400,52.5400,52.5400,1000
1472569627,52.5490,52.5500,52.5490,52.5500,200
1472569735,52.5400,52.5400,52.5400,52.5400,500
1472569741,52.5390,52.5390,52.5390,52.5390,600
1472569840,52.5270,52.5270,52.5270,52.5270,1000
1472569887,52.5190,52.5200,52.5190,52.5200,400
1472570000,52.5100,52.5100,52.5100,52.5100,800
1472570171,52.5101,52.5101,52.5100,52.5100,300
1472570350,52.5200,52.5200,52.5001,52.5001,800
1472570499,52.5060,52.5060,52.5060,52.5060,2000
1472570704,52.5152,52.5152,52.5152,52.5152,200
1472570776,52.5000,52.5190,52.5000,52.5190,1500
1472570873,52.4925,52.4925,52.4925,52.4925,900
1472570909,52.5000,52.5000,52.4999,52.5000,9200
1472571005,52.5100,52.5150,52.5000,52.5000,43100
1472571089,52.5100,52.5100,52.5100,52.5100,100
1472571177,52.4950,52.4950,52.4950,52.4950,400
1472571236,52.4970,52.4970,52.4970,52.4970,500
1472571325,52.4900,52.4900,52.4900,52.4900,100
1472571391,52.4820,52.4820,52.4800,52.4800,300
1472571458,52.5000,52.5000,52.5000,52.5000,300
1472571549,52.5010,52.5010,52.5010,52.5010,1800
1472571783,52.5000,52.5000,52.5000,52.5000,200
1472571949,52.5100,52.5100,52.5100,52.5100,200
1472571992,52.5161,52.5161,52.5030,52.5100,1500
1472572045,52.5200,52.5200,52.5200,52.5200,200
1472572096,52.5139,52.5190,52.5139,52.5190,200
1472572191,52.5190,52.5190,52.5170,52.5170,1800
1472572205,52.5300,52.5300,52.5200,52.5200,7000
1472572305,52.5400,52.5400,52.5400,52.5400,200
1472572414,52.5400,52.5400,52.5400,52.5400,3800
1472572475,52.5400,52.5400,52.5400,52.5400,100
1472572642,52.5357,52.5357,52.5357,52.5357,400
1472572724,52.5310,52.5310,52.5310,52.5310,1300
1472572919,52.5410,52.5410,52.5410,52.5410,100
1472572939,52.5448,52.5448,52.5400,52.5400,500
1472573012,52.5500,52.5500,52.5500,52.5500,100
1472573080,52.5700,52.5700,52.5690,52.5690,600
1472573112,52.5700,52.5700,52.5700,52.5700,100
1472573216,52.5700,52.5790,52.5700,52.5790,500
1472573230,52.5787,52.5787,52.5787,52.5787,500
1472573313,52.5690,52.5690,52.5690,52.5690,500
1472573367,52.5600,52.5600,52.5600,52.5600,200
1472573417,52.5704,52.5704,52.5700,52.5700,400
1472573523,52.5700,52.5700,52.5700,52.5700,100
1472573609,52.5601,52.5601,52.5600,52.5600,1200
1472573829,52.5690,52.5690,52.5690,52.5690,700
1472573921,52.5610,52.5610,52.5610,52.5610,500
1472573985,52.5652,52.5652,52.5652,52.5652,100
1472574024,52.5690,52.5690,52.5690,52.5690,200
1472574187,52.5600,52.5600,52.5600,52.5600,100
1472574410,52.5487,52.5487,52.5487,52.5487,200
1472574549,52.5500,52.5500,52.5500,52.5500,500
1472574832,52.5600,52.5600,52.5600,52.5600,2200
1472574870,52.5580,52.5580,52.5580,52.5580,200
1472574932,52.5650,52.5700,52.5600,52.5600,8300
1472575014,52.5670,52.5700,52.5610,52.5610,500
1472575024,52.5600,52.5600,52.5600,52.5600,100
1472575223,52.5652,52.5652,52.5652,52.5652,600
1472575455,52.5500,52.5500,52.5500,52.5500,500
1472575543,52.5400,52.5400,52.5400,52.5400,300
1472575673,52.5220,52.5220,52.5220,52.5220,200
1472575710,52.5400,52.5400,52.5400,52.5400,1000
1472575761,52.5400,52.5410,52.5400,52.5410,1300
1472575963,52.5400,52.5400,52.5300,52.5300,1500
1472575980,52.5300,52.5300,52.5299,52.5300,2800
1472576130,52.5400,52.5400,52.5400,52.5400,100
1472576326,52.5310,52.5310,52.5310,52.5310,600
1472576428,52.5100,52.5100,52.5100,52.5100,100
1472576690,52.5234,52.5299,52.5234,52.5299,3600
1472576727,52.5161,52.5200,52.5161,52.5200,2000
1472576931,52.5480,52.5490,52.5480,52.5490,500
1472576954,52.5400,52.5400,52.5300,52.5300,1600
1472577108,52.5348,52.5348,52.5348,52.5348,500
1472577250,52.5310,52.5310,52.5310,52.5310,300
1472577343,52.5340,52.5340,52.5340,52.5340,1200
1472577636,52.5100,52.5100,52.5100,52.5100,4200
1472578044,52.5300,52.5300,52.5300,52.5300,400
1472578089,52.5300,52.5300,52.5300,52.5300,600
1472578547,52.5185,52.5185,52.5100,52.5101,4600
1472578560,52.5100,52.5150,52.5100,52.5150,900
1472578840,52.5140,52.5140,52.5140,52.5140,1100
1472578913,52.5000,52.5000,52.5000,52.5000,900
1472578979,52.4900,52.4900,52.4900,52.4900,1200
1472579004,52.4900,52.4900,52.4900,52.4900,800
1472579107,52.4800,52.4800,52.4800,52.4800,900
1472579205,52.4850,52.4850,52.4800,52.4800,400
1472579233,52.4880,52.4880,52.4800,52.4800,2400
1472579337,52.4990,52.4990,52.4990,52.4990,400
1472579365,52.4948,52.4948,52.4948,52.4948,200
1472579407,52.4961,52.4961,52.4900,52.4900,600
1472579770,52.4761,52.4761,52.4761,52.4761,700
1472580015,52.4820,52.4820,52.4820,52.4820,500
1472580160,52.4500,52.4700,52.4500,52.4700,600
1472580189,52.4590,52.4590,52.4590,52.4590,1900
1472580347,52.4500,52.4500,52.4500,52.4500,100
1472580379,52.4400,52.4410,52.4400,52.4410,1500
1472580445,52.4426,52.4426,52.4300,52.4350,3000
1472580498,52.4487,52.4490,52.4487,52.4490,1800
1472580584,52.4300,52.4452,52.4300,52.4452,300
1472580699,52.4301,52.4301,52.4200,52.4225,3000
1472580753,52.4279,52.4300,52.4279,52.4300,600
1472580912,52.4461,52.4461,52.4461,52.4461,400
1472581014,52.4300,52.4374,52.4300,52.4300,700
1472581054,52.4200,52.4200,52.4200,52.4200,1400
1472581145,52.4000,52.4100,52.4000,52.4100,800
1472581256,52.4050,52.4050,52.4050,52.4050,200
1472581381,52.4387,52.4390,52.4200,52.4261,9500
1472581471,52.4361,52.4380,52.4352,52.4380,800
1472581666,52.4300,52.4300,52.4300,52.4300,1700
1472581828,52.4210,52.4210,52.4210,52.4210,400
1472581929,52.4100,52.4100,52.4100,52.4100,400
1472581984,52.4200,52.4200,52.4020,52.4020,1200
1472582075,52.4200,52.4200,52.4161,52.4161,1000
1472582104,52.4200,52.4210,52.4200,52.4210,700
1472582160,52.4199,52.4199,52.4199,52.4199,100
1472582275,52.4399,52.4399,52.4300,52.4300,800
1472582351,52.4500,52.4500,52.4500,52.4500,2500
1472582518,52.4600,52.4600,52.4590,52.4590,200
1472582598,52.4500,52.4500,52.4500,52.4500,100
1472582701,52.4470,52.4470,52.4470,52.4470,200
1472582833,52.4580,52.4580,52.4580,52.4580,300
1472583146,52.4600,52.4600,52.4600,52.4600,200
1472583232,52.4661,52.4661,52.4661,52.4661,500
1472583443,52.4690,52.4690,52.4690,52.4690,4500
1472583629,52.4520,52.4599,52.4520,52.4599,600
1472583700,52.4600,52.4600,52.4500,52.4500,22800
1472583861,52.4505,52.4505,52.4505,52.4505,1200
1472584075,52.4810,52.4810,52.4800,52.4800,1000
1472584156,52.4900,52.4900,52.4900,52.4900,100
1472584279,52.4750,52.4750,52.4750,52.4750,200
1472584335,52.4750,52.4750,52.4750,52.4750,300
1472584504,52.4890,52.4890,52.4890,52.4890,500
1472584706,52.4861,52.4861,52.4839,52.4839,600
1472584818,52.4870,52.4870,52.4870,52.4870,300
1472584976,52.4700,52.4700,52.4700,52.4700,100
1472585078,52.4839,52.4852,52.4820,52.4820,900
1472585204,52.5000,52.5000,52.5000,52.5000,200
1472585305,52.5040,52.5040,52.5040,52.5040,3800
1472585424,52.4952,52.4952,52.4952,52.4952,600
1472585686,52.4866,52.4866,52.4866,52.4866,400
1472585868,52.5231,52.5231,52.5200,52.5200,2600
1472585942,52.5500,52.5500,52.5400,52.5400,1600
1472586025,52.5400,52.5400,52.5400,52.5400,200
1472586066,52.5400,52.5400,52.5362,52.5362,600
1472586128,52.5448,52.5448,52.5448,52.5448,200
1472586234,52.5448,52.5450,52.5400,52.5400,900
1472586295,52.5400,52.5439,52.5400,52.5439,1900
1472586315,52.5360,52.5360,52.5360,52.5360,100
1472586418,52.5499,52.5499,52.5450,52.5450,500
1472586476,52.5300,52.5300,52.5300,52.5300,500
1472586506,52.5348,52.5348,52.5348,52.5348,100
1472586541,52.5390,52.5390,52.5390,52.5390,1100
1472586601,52.5300,52.5300,52.5300,52.5300,1800
1472586662,52.5252,52.5290,52.5252,52.5290,1200
1472586721,52.5220,52.5220,52.5220,52.5220,100
1472586839,52.5110,52.5200,52.5110,52.5200,1100
1472586953,52.5252,52.5300,52.5200,52.5200,1900
1472586968,52.5200,52.5200,52.5200,52.5200,100
1472587042,52.5290,52.5290,52.5200,52.5200,600
1472587081,52.5120,52.5200,52.5120,52.5161,700
1472587191,52.5400,52.5400,52.5200,52.5200,47700
1472587200,52.5400,52.5400,52.5400,52.5400,0
