uri:/instrument/1.0/SPY/chartdata;type=quote;range=1d/csv
ticker:spy
Company-Name:SPDR S&P 500
Exchange-Name:PCX
unit:MIN
timezone:EDT
currency:USD
gmtoffset:-14400
previous_close:217.2900
Timestamp:1472477400,1472500800
labels:1472479200,1472482800,1472486400,1472490000,1472493600,1472497200,1472500800
values:Timestamp,close,high,low,open,volume
close:217.6200,218.6400
high:217.6800,218.6650
low:217.4000,218.6200
open:217.4400,218.6400
volume:500,10232200
1472477451,217.6400,217.6800,217.4000,217.4400,685900
1472477509,217.6200,217.6800,217.6000,217.6700,286900
1472477526,217.6700,217.7100,217.6500,217.6900,365300
1472477636,217.6500,217.7200,217.6200,217.7050,108000
1472477640,217.6550,217.7000,217.6200,217.6700,154100
1472477759,217.7350,217.7500,217.6500,217.6600,207000
1472477760,217.8300,217.8600,217.7300,217.7350,183000
1472477879,217.9300,217.9400,217.8300,217.8300,169300
1472477880,218.0500,218.0500,217.9200,217.9300,262600
1472477941,217.9800,218.1200,217.9800,218.0710,291800
1472478000,218.0300,218.0600,217.9800,217.9850,229200
1472478060,218.0050,218.0500,217.9900,218.0299,103400
1472478120,218.0250,218.0400,217.9900,218.0100,137500
1472478239,218.0450,218.0700,218.0200,218.0300,128000
1472478299,218.0550,218.0600,218.0200,218.0500,131100
1472478300,218.0800,218.0900,218.0500,218.0550,96900
1472478419,218.1100,218.1200,218.0500,218.0900,167000
1472478420,218.1300,218.1800,218.1000,218.1100,298700
1472478480,218.0901,218.1600,218.0900,218.1300,234800
1472478540,218.0310,218.1350,218.0310,218.1000,177500
1472478600,218.0500,218.0900,218.0300,218.0300,101600
1472478719,218.1000,218.1000,218.0500,218.0600,85700
1472478720,218.0300,218.0950,218.0200,218.0950,227700
1472478839,218.0100,218.0600,218.0100,218.0300,105200
1472478899,218.0200,218.0400,218.0000,218.0100,95100
1472478900,218.0777,218.0800,218.0200,218.0300,139100
1472478960,218.0900,218.1000,218.0650,218.0800,78300
1472479020,218.0000,218.1100,217.9900,218.0900,114400
1472479138,217.9800,218.0300,217.9800,218.0050,91100
1472479140,218.0500,218.0500,217.9900,217.9900,67500
1472479259,218.0500,218.0600,218.0300,218.0500,90600
1472479319,218.0400,218.0700,218.0200,218.0600,48900
1472479379,218.0600,218.0900,218.0400,218.0400,62400
1472479380,218.0700,218.1300,218.0400,218.0590,110000
1472479499,218.1600,218.1600,218.0700,218.0700,112100
1472479559,218.1700,218.2100,218.1500,218.1600,204900
1472479619,218.2000,218.2300,218.1600,218.1700,128000
1472479679,218.1600,218.2100,218.1600,218.2100,93700
1472479739,218.1400,218.1700,218.1100,218.1650,123700
1472479793,218.1500,218.1800,218.1300,218.1400,86600
1472479859,218.1300,218.1700,218.1300,218.1500,592400
1472479911,218.1400,218.1500,218.1100,218.1300,79700
1472479920,218.2300,218.2400,218.1400,218.1490,133300
1472480039,218.1800,218.2400,218.1600,218.2300,104800
1472480098,218.1100,218.1885,218.0900,218.1750,167600
1472480157,218.1115,218.1550,218.1000,218.1200,84300
1472480161,218.1100,218.1250,218.0900,218.1200,72500
1472480273,218.1000,218.1500,218.0950,218.1100,78500
1472480336,218.1600,218.1600,218.1000,218.1100,83500
1472480395,218.1500,218.1600,218.1200,218.1600,157700
1472480456,218.1250,218.1500,218.1200,218.1400,89500
1472480463,218.0900,218.1300,218.0900,218.1100,90800
1472480579,218.0500,218.0900,218.0400,218.0900,628300
1472480639,218.0900,218.1299,218.0301,218.0500,272300
1472480699,218.0800,218.0900,218.0600,218.0900,102500
1472480759,218.1700,218.1800,218.0850,218.0900,116000
1472480818,218.1800,218.2000,218.1700,218.1700,799900
1472480877,218.1300,218.1800,218.1300,218.1800,60400
1472480895,218.1300,218.1400,218.1200,218.1400,62500
1472480999,218.1100,218.1250,218.1000,218.1250,92300
1472481059,218.2400,218.2400,218.1150,218.1150,88500
1472481060,218.1600,218.2400,218.1600,218.2400,68500
1472481120,218.0800,218.1700,218.0300,218.1700,170900
1472481239,218.1250,218.1300,218.0800,218.0900,85000
1472481299,218.1000,218.1250,218.0600,218.1200,74100
1472481359,218.0850,218.1300,218.0700,218.1000,105000
1472481419,218.0450,218.0900,218.0300,218.0800,84600
1472481479,218.0130,218.0550,218.0100,218.0400,102700
1472481539,218.0300,218.0400,217.9870,218.0100,104000
1472481540,218.0600,218.0700,218.0200,218.0290,87900
1472481659,218.1200,218.1700,218.0500,218.0600,152200
1472481718,218.1100,218.1195,218.0800,218.1100,112100
1472481779,218.0800,218.1300,218.0800,218.1100,67700
1472481780,218.0800,218.1000,218.0700,218.0800,50900
1472481899,218.1000,218.1300,218.0700,218.0900,99400
1472481959,218.1400,218.1600,218.0800,218.1000,93800
1472481960,218.1600,218.2100,218.1381,218.1400,116200
1472482022,218.1450,218.1792,218.1400,218.1792,83400
1472482139,218.1600,218.1900,218.1300,218.1500,81000
1472482199,218.1800,218.1900,218.1500,218.1539,63400
1472482258,218.2150,218.2400,218.1850,218.1900,1112600
1472482319,218.2800,218.2900,218.2100,218.2100,210900
1472482320,218.2100,218.2700,218.1900,218.2700,50000
1472482381,218.2200,218.2300,218.1950,218.2100,569700
1472482441,218.1500,218.2100,218.1100,218.2100,106900
1472482559,218.1450,218.1600,218.1250,218.1600,53300
1472482560,218.1800,218.1800,218.1300,218.1450,41500
1472482624,218.1700,218.1900,218.1600,218.1900,36500
1472482739,218.1700,218.2162,218.1600,218.1900,76000
1472482798,218.1600,218.1900,218.1600,218.1600,57000
1472482857,218.1800,218.2400,218.1589,218.1599,68100
1472482860,218.2200,218.2290,218.1800,218.1800,47000
1472482979,218.2100,218.2300,218.2000,218.2300,37800
1472483039,218.2300,218.2400,218.2000,218.2000,73100
1472483098,218.2100,218.2400,218.2000,218.2300,49300
1472483101,218.2600,218.2800,218.2101,218.2150,81700
1472483219,218.2000,218.2662,218.1800,218.2662,36300
1472483279,218.2500,218.2500,218.2000,218.2000,70900
1472483339,218.2800,218.2800,218.2500,218.2500,58800
1472483395,218.2450,218.2800,218.2400,218.2700,89100
1472483458,218.2350,218.2700,218.2350,218.2700,78200
1472483516,218.2600,218.2600,218.2300,218.2300,18600
1472483578,218.2600,218.2600,218.2300,218.2500,28900
1472483637,218.2700,218.2800,218.2500,218.2650,27400
1472483643,218.2300,218.2600,218.2200,218.2500,69300
1472483759,218.2800,218.2800,218.2300,218.2300,38100
1472483819,218.2700,218.3000,218.2600,218.2800,104100
1472483878,218.2600,218.2900,218.2600,218.2762,62900
1472483929,218.2400,218.2600,218.2400,218.2600,50700
1472483987,218.1200,218.2400,218.1200,218.2400,164700
1472484000,218.1900,218.1900,218.1350,218.1400,109500
1472484062,218.1850,218.1850,218.1500,218.1800,42100
1472484175,218.2000,218.2300,218.1800,218.1900,61000
1472484239,218.2033,218.2200,218.1900,218.1900,1055000
1472484299,218.1900,218.2100,218.1800,218.2000,34700
1472484349,218.2050,218.2100,218.1700,218.1801,34900
1472484361,218.2000,218.2100,218.1700,218.2100,62700
1472484422,218.2200,218.2200,218.1900,218.2000,45000
1472484535,218.2400,218.2500,218.2000,218.2101,31000
1472484599,218.2700,218.2800,218.2350,218.2400,83700
1472484655,218.2900,218.3100,218.2600,218.2700,142700
1472484717,218.2300,218.2800,218.1900,218.2800,104400
1472484723,218.2300,218.2600,218.2099,218.2199,83100
1472484833,218.2100,218.2400,218.2000,218.2300,55400
1472484899,218.2400,218.2600,218.2200,218.2200,61900
1472484958,218.2700,218.2700,218.2400,218.2400,50800
1472485019,218.3100,218.3150,218.2600,218.2700,83500
1472485078,218.2700,218.3200,218.2400,218.3162,79700
1472485137,218.2700,218.3100,218.2600,218.2613,70500
1472485141,218.2600,218.2900,218.2500,218.2700,49000
1472485259,218.3000,218.3100,218.2600,218.2700,71700
1472485311,218.3100,218.3100,218.2900,218.3050,78700
1472485373,218.4200,218.4300,218.3100,218.3150,224800
1472485438,218.3900,218.4100,218.3800,218.4050,130400
1472485440,218.3700,218.4050,218.3700,218.4000,51200
1472485555,218.4400,218.4500,218.3700,218.3710,93200
1472485562,218.4700,218.5100,218.4500,218.4500,176200
1472485679,218.4800,218.4900,218.4600,218.4800,116400
1472485739,218.4950,218.5000,218.4800,218.4800,72700
1472485799,218.5125,218.5500,218.4950,218.5000,177800
1472485856,218.5250,218.5400,218.5100,218.5100,73400
1472485919,218.5550,218.5700,218.5500,218.5600,94400
1472485977,218.5000,218.5300,218.4900,218.5300,75600
1472485981,218.5500,218.5550,218.4900,218.5016,59400
1472486098,218.5100,218.5350,218.4900,218.5325,100100
1472486100,218.4800,218.5200,218.4650,218.5000,47000
1472486160,218.4800,218.5200,218.4800,218.4900,41700
1472486276,218.4655,218.4850,218.4600,218.4850,26600
1472486339,218.4550,218.4700,218.4400,218.4650,58100
1472486340,218.4899,218.4900,218.4500,218.4600,46500
1472486401,218.4800,218.5100,218.4700,218.4900,53800
1472486462,218.5000,218.5000,218.4800,218.4800,22200
1472486579,218.5150,218.5200,218.5000,218.5100,30400
1472486638,218.4700,218.5200,218.4700,218.5150,51500
1472486697,218.4650,218.4800,218.4500,218.4700,51900
1472486702,218.4850,218.4900,218.4550,218.4650,28300
1472486760,218.5150,218.5300,218.4700,218.4800,117500
1472486821,218.5200,218.5300,218.5100,218.5150,51100
1472486880,218.5300,218.5300,218.5100,218.5100,46600
1472486999,218.5600,218.5699,218.5200,218.5400,53800
1472487059,218.5800,218.5900,218.5500,218.5600,90600
1472487119,218.5900,218.5900,218.5700,218.5800,59500
1472487179,218.5600,218.6000,218.5500,218.5850,40600
1472487237,218.5700,218.5850,218.5500,218.5550,48700
1472487296,218.5500,218.5800,218.5400,218.5800,25900
1472487300,218.5200,218.5600,218.5200,218.5450,58000
1472487360,218.5200,218.5250,218.5100,218.5200,11400
1472487420,218.5400,218.5550,218.5100,218.5100,39100
1472487539,218.4650,218.5400,218.4600,218.5400,66500
1472487597,218.4690,218.4900,218.4541,218.4600,54900
1472487658,218.4850,218.4900,218.4600,218.4600,24300
1472487662,218.4800,218.5100,218.4700,218.4900,44700
1472487779,218.4400,218.4800,218.4200,218.4750,74300
1472487839,218.3750,218.4500,218.3750,218.4500,68100
1472487899,218.4300,218.4400,218.3601,218.3700,124800
1472487959,218.4300,218.4500,218.4100,218.4300,56400
1472488019,218.4200,218.4500,218.4200,218.4486,37500
1472488021,218.4300,218.4300,218.4200,218.4200,35100
1472488138,218.4050,218.4450,218.4050,218.4300,39100
1472488199,218.4200,218.4200,218.4000,218.4100,13000
1472488255,218.3950,218.4297,218.3800,218.4200,57500
1472488319,218.4100,218.4300,218.3900,218.3900,541300
1472488322,218.4300,218.4400,218.4100,218.4150,28700
1472488381,218.4100,218.4300,218.3900,218.4225,37300
1472488495,218.4100,218.4100,218.3900,218.4000,25200
1472488506,218.4400,218.4499,218.4170,218.4200,75200
1472488562,218.4450,218.4500,218.4150,218.4300,15000
1472488620,218.4400,218.4600,218.4300,218.4433,28600
1472488682,218.4600,218.4600,218.4400,218.4400,27400
1472488743,218.4200,218.4500,218.4100,218.4500,56000
1472488858,218.4250,218.4300,218.4100,218.4300,50400
1472488917,218.4350,218.4500,218.4300,218.4350,45400
1472488978,218.4300,218.4400,218.4300,218.4300,8000
1472489039,218.4100,218.4450,218.4100,218.4450,34800
1472489040,218.4350,218.4400,218.4100,218.4100,43100
1472489152,218.4800,218.5000,218.4350,218.4350,99600
1472489164,218.5100,218.5200,218.4900,218.4900,34100
1472489223,218.5169,218.5200,218.4900,218.5100,25400
1472489337,218.5100,218.5300,218.5100,218.5200,19800
1472489340,218.5050,218.5400,218.5000,218.5199,18600
1472489400,218.5150,218.5300,218.5100,218.5100,21400
1472489518,218.5300,218.5400,218.5200,218.5200,18900
1472489577,218.5300,218.5400,218.5200,218.5275,13600
1472489636,218.5350,218.5400,218.5266,218.5349,16400
1472489699,218.5300,218.5400,218.5300,218.5400,18800
1472489700,218.5599,218.5600,218.5215,218.5300,83100
1472489766,218.5600,218.5800,218.5600,218.5700,30600
1472489879,218.5099,218.5700,218.5010,218.5600,54600
1472489882,218.5400,218.5500,218.5050,218.5050,30800
1472489940,218.5536,218.5600,218.5400,218.5400,29800
1472490000,218.5600,218.5800,218.5550,218.5550,25500
1472490117,218.5600,218.5661,218.5500,218.5600,19800
1472490123,218.5800,218.5800,218.5450,218.5600,22700
1472490239,218.5530,218.5700,218.5400,218.5700,22700
1472490240,218.5600,218.5700,218.5500,218.5500,62300
1472490303,218.5200,218.5600,218.5100,218.5550,28300
1472490419,218.5300,218.5300,218.4900,218.5110,28300
1472490479,218.5500,218.5600,218.5200,218.5200,29500
1472490539,218.5600,218.5700,218.5500,218.5565,17000
1472490540,218.5500,218.5700,218.5400,218.5550,95400
1472490601,218.5800,218.5900,218.5599,218.5600,51400
1472490667,218.5800,218.5900,218.5800,218.5801,260100
1472490720,218.5500,218.5800,218.5400,218.5800,28900
1472490783,218.5700,218.5700,218.5400,218.5400,25600
1472490899,218.5700,218.5750,218.5400,218.5650,37500
1472490959,218.5650,218.5700,218.5600,218.5700,26800
1472491018,218.5600,218.5800,218.5500,218.5650,29300
1472491020,218.5400,218.5500,218.5400,218.5500,37300
1472491139,218.5200,218.5400,218.5145,218.5400,60800
1472491183,218.5300,218.5400,218.5100,218.5100,68800
1472491259,218.5900,218.5900,218.5350,218.5400,96700
1472491261,218.5800,218.5900,218.5700,218.5900,24500
1472491379,218.5800,218.5800,218.5600,218.5750,32200
1472491434,218.5850,218.5900,218.5800,218.5800,10232200
1472491496,218.5800,218.5900,218.5700,218.5900,19300
1472491503,218.5537,218.5800,218.5400,218.5800,39200
1472491619,218.5700,218.5900,218.5500,218.5500,34700
1472491620,218.5650,218.5700,218.5550,218.5700,12100
1472491684,218.5600,218.5700,218.5450,218.5600,21900
1472491747,218.5600,218.5800,218.5600,218.5600,35600
1472491859,218.6150,218.6200,218.5600,218.5700,72000
1472491919,218.6300,218.6400,218.6000,218.6100,76500
1472491921,218.5908,218.6250,218.5900,218.6250,49400
1472492035,218.5850,218.6000,218.5800,218.5900,24800
1472492042,218.5500,218.5879,218.5400,218.5879,37800
1472492102,218.5600,218.5650,218.5300,218.5400,44700
1472492160,218.5500,218.5700,218.5400,218.5600,45300
1472492279,218.5610,218.5700,218.5600,218.5600,28900
1472492285,218.5800,218.5821,218.5600,218.5750,37200
1472492341,218.5800,218.6000,218.5700,218.5800,24600
1472492400,218.6200,218.6200,218.5800,218.5800,49300
1472492462,218.6300,218.6400,218.6089,218.6100,62500
1472492578,218.5850,218.6400,218.5800,218.6400,26700
1472492580,218.5800,218.6100,218.5750,218.5900,23700
1472492641,218.6000,218.6035,218.5800,218.5800,50200
1472492759,218.6300,218.6300,218.6000,218.6000,22500
1472492817,218.6300,218.6390,218.6100,218.6300,48000
1472492878,218.6300,218.6350,218.6100,218.6300,47800
1472492881,218.6250,218.6300,218.6200,218.6300,25400
1472492941,218.6273,218.6300,218.6200,218.6200,14500
1472493001,218.6150,218.6400,218.6100,218.6229,29000
1472493119,218.6400,218.6500,218.6100,218.6100,175800
1472493122,218.6200,218.6650,218.6200,218.6400,56100
1472493180,218.6050,218.6500,218.6050,218.6200,49100
1472493299,218.5892,218.6250,218.5800,218.6050,43900
1472493359,218.6000,218.6300,218.5800,218.5800,82300
1472493419,218.6100,218.6200,218.6000,218.6099,33600
1472493473,218.5900,218.6100,218.5900,218.6100,31800
1472493485,218.6200,218.6360,218.5900,218.5900,68300
1472493540,218.6100,218.6400,218.6000,218.6250,34700
1472493659,218.6400,218.6400,218.6000,218.6100,164800
1472493719,218.6100,218.6500,218.6100,218.6350,31100
1472493721,218.6120,218.6300,218.6100,218.6100,27000
1472493782,218.6100,218.6300,218.6100,218.6300,14800
1472493842,218.6100,218.6200,218.6000,218.6150,24200
1472493900,218.5850,218.6100,218.5600,218.6050,59400
1472494019,218.5800,218.6000,218.5700,218.5865,44400
1472494020,218.5800,218.5850,218.5700,218.5700,35400
1472494139,218.5700,218.5900,218.5500,218.5800,47900
1472494140,218.5700,218.5800,218.5500,218.5700,32800
1472494202,218.5700,218.5900,218.5600,218.5700,42800
1472494260,218.5700,218.5850,218.5640,218.5700,26300
1472494320,218.5850,218.5900,218.5700,218.5800,37900
1472494438,218.5800,218.5900,218.5775,218.5900,28900
1472494498,218.5900,218.6000,218.5800,218.5900,48700
1472494557,218.5650,218.5900,218.5601,218.5900,49500
1472494619,218.5600,218.5700,218.5500,218.5650,44500
1472494679,218.5150,218.5599,218.5100,218.5500,80900
1472494738,218.5200,218.5400,218.5000,218.5200,70400
1472494798,218.5320,218.5400,218.5157,218.5157,35500
1472494859,218.5250,218.5400,218.5200,218.5400,54000
1472494919,218.5500,218.5600,218.5300,218.5300,43500
1472494979,218.5400,218.5600,218.5300,218.5500,59700
1472495038,218.5100,218.5400,218.5000,218.5300,44900
1472495040,218.5000,218.5200,218.4900,218.5100,92800
1472495100,218.4500,218.5100,218.4400,218.5000,160800
1472495219,218.4300,218.4800,218.4000,218.4700,133700
1472495220,218.4250,218.4365,218.4200,218.4200,27800
1472495339,218.4100,218.4300,218.3800,218.4250,185400
1472495399,218.4200,218.4300,218.4000,218.4150,47000
1472495400,218.4200,218.4700,218.4150,218.4199,110000
1472495519,218.4300,218.4400,218.4000,218.4200,68800
1472495520,218.3950,218.4350,218.3700,218.4300,114900
1472495637,218.4050,218.4100,218.3900,218.3950,36100
1472495642,218.4350,218.4500,218.4000,218.4100,72800
1472495759,218.4600,218.4600,218.4200,218.4300,49300
1472495760,218.4550,218.4700,218.4500,218.4550,27000
1472495823,218.4300,218.4600,218.4100,218.4500,72100
1472495883,218.4250,218.4400,218.4100,218.4300,37500
1472495999,218.4200,218.4400,218.4200,218.4250,32600
1472496059,218.3600,218.4200,218.3489,218.4200,87300
1472496119,218.3800,218.3800,218.3500,218.3500,64500
1472496122,218.4100,218.4100,218.3700,218.3800,57700
1472496238,218.4200,218.4200,218.4100,218.4150,24300
1472496240,218.4000,218.4200,218.3900,218.4200,65500
1472496301,218.3850,218.4100,218.3800,218.4000,14600
1472496361,218.3800,218.4000,218.3700,218.3800,39600
1472496476,218.4000,218.4050,218.3700,218.3900,40000
1472496480,218.3850,218.4100,218.3800,218.4030,35300
1472496599,218.4000,218.4100,218.3700,218.3800,39100
1472496659,218.4500,218.4500,218.4000,218.4000,69600
1472496716,218.4500,218.4550,218.4400,218.4500,40300
1472496722,218.4600,218.4600,218.4400,218.4435,34500
1472496781,218.4400,218.4700,218.4100,218.4500,109000
1472496851,218.4363,218.4500,218.4200,218.4400,18600
1472496900,218.4150,218.4487,218.3900,218.4400,54800
1472496961,218.4550,218.4600,218.4000,218.4100,50500
1472497077,218.4250,218.4600,218.4200,218.4500,53000
1472497082,218.4200,218.4400,218.4100,218.4200,41500
1472497199,218.4500,218.4500,218.4000,218.4200,50200
1472497200,218.4208,218.4550,218.4200,218.4500,55200
1472497318,218.4000,218.4400,218.3900,218.4200,49100
1472497323,218.3800,218.4000,218.3700,218.4000,556700
1472497384,218.4000,218.4100,218.3700,218.3700,35800
1472497443,218.4000,218.4100,218.3800,218.4100,71000
1472497503,218.4200,218.4300,218.4000,218.4000,45400
1472497614,218.4250,218.4300,218.4100,218.4250,34300
1472497620,218.4200,218.4250,218.4000,218.4250,51200
1472497738,218.4000,218.4100,218.4000,218.4100,15200
1472497740,218.4273,218.4300,218.4000,218.4100,57800
1472497855,218.4300,218.4300,218.4200,218.4300,54400
1472497862,218.4500,218.4500,218.4200,218.4300,64400
1472497979,218.4700,218.4900,218.4425,218.4500,79500
1472498039,218.4900,218.5000,218.4600,218.4700,97600
1472498095,218.4500,218.4900,218.4400,218.4900,81200
1472498100,218.4515,218.4600,218.4500,218.4500,521100
1472498216,218.4400,218.4550,218.4300,218.4500,78800
1472498278,218.4500,218.4600,218.4300,218.4300,56200
1472498338,218.4600,218.4600,218.4400,218.4500,58700
1472498340,218.4500,218.4600,218.4500,218.4600,40900
1472498459,218.5200,218.5300,218.4500,218.4600,133400
1472498519,218.5050,218.5300,218.4800,218.5201,594800
1472498579,218.5000,218.5200,218.4900,218.5100,98600
1472498580,218.3800,218.5000,218.3800,218.5000,628900
1472498696,218.3500,218.3900,218.3300,218.3900,170900
1472498701,218.3050,218.3500,218.2900,218.3400,132200
1472498761,218.3500,218.3600,218.2800,218.3100,653100
1472498820,218.3700,218.3800,218.3400,218.3600,99100
1472498939,218.3600,218.4100,218.3600,218.3700,82600
1472498999,218.3300,218.3800,218.3300,218.3600,72600
1472499059,218.3300,218.3400,218.3100,218.3300,59000
1472499060,218.3301,218.3500,218.3000,218.3250,123900
1472499177,218.3400,218.3500,218.3300,218.3400,93300
1472499238,218.3200,218.3300,218.2800,218.3250,88100
1472499240,218.2900,218.3200,218.2800,218.3200,98600
1472499303,218.3200,218.3200,218.2700,218.2800,619400
1472499360,218.3300,218.3400,218.3047,218.3150,67100
1472499420,218.3350,218.3565,218.3200,218.3300,151300
1472499480,218.3500,218.3600,218.3100,218.3350,88600
1472499599,218.3800,218.3800,218.3400,218.3500,79800
1472499600,218.3588,218.3900,218.3500,218.3700,1158600
1472499719,218.3500,218.3800,218.3500,218.3500,112100
1472499779,218.3300,218.3600,218.3000,218.3500,704400
1472499839,218.3250,218.3700,218.3200,218.3400,266500
1472499840,218.2800,218.3200,218.2700,218.3200,239300
1472499900,218.3099,218.3300,218.2750,218.2800,166300
1472499960,218.3050,218.3400,218.3000,218.3100,141700
1472500025,218.3300,218.3400,218.3000,218.3100,119400
1472500080,218.3550,218.3663,218.3300,218.3400,213300
1472500140,218.3350,218.3600,218.3300,218.3500,163500
1472500201,218.3350,218.3600,218.3300,218.3400,163800
1472500319,218.3400,218.3650,218.3300,218.3300,180400
1472500320,218.3600,218.3600,218.3300,218.3350,146000
1472500380,218.3550,218.3600,218.3350,218.3600,158600
1472500440,218.3600,218.3700,218.3500,218.3500,214100
1472500500,218.3600,218.3600,218.3600,218.3600,500
1472500559,218.3300,218.3600,218.3100,218.3500,6926800
1472500619,218.3300,218.3400,218.3200,218.3300,384600
1472500679,218.3700,218.3700,218.3200,218.3200,636500
1472500739,218.3750,218.4200,218.3500,218.3600,936500
1472500799,218.3500,218.4100,218.3400,218.3750,1512300
1472500800,218.3600,218.3600,218.3600,218.3600,1000
