uri:/instrument/1.0/XLU/chartdata;type=quote;range=1d/csv
ticker:xlu
Company-Name:SPDR Select Sector Fund - Utili
Exchange-Name:PCX
unit:MIN
timezone:EDT
currency:USD
gmtoffset:-14400
previous_close:49.1500
Timestamp:1472477400,1472500800
labels:1472479200,1472482800,1472486400,1472490000,1472493600,1472497200,1472500800
values:Timestamp,close,high,low,open,volume
close:49.3234,49.6600
high:49.3350,49.6700
low:49.3100,49.6100
open:49.3200,49.6600
volume:0,4741700
1472477449,49.3600,49.3700,49.3300,49.3300,137400
1472477519,49.4400,49.4800,49.3700,49.3700,192900
1472477579,49.4400,49.4800,49.4300,49.4400,76700
1472477638,49.4000,49.4400,49.3800,49.4400,58300
1472477698,49.3900,49.4100,49.3800,49.4000,41300
1472477759,49.4500,49.4600,49.3800,49.3900,92500
1472477819,49.5300,49.5300,49.4468,49.4500,69100
1472477879,49.6600,49.6600,49.5400,49.5400,67500
1472477939,49.6200,49.6700,49.6100,49.6600,62500
1472477996,49.5900,49.6400,49.5800,49.6100,42600
1472478059,49.5500,49.5600,49.5200,49.5600,110400
1472478118,49.5000,49.5500,49.4950,49.5500,32900
1472478173,49.4900,49.5200,49.4900,49.4900,27600
1472478234,49.4550,49.4801,49.4500,49.4801,27100
1472478297,49.4900,49.4900,49.4800,49.4900,49600
1472478350,49.5400,49.5500,49.5000,49.5000,67300
1472478416,49.5700,49.6000,49.5500,49.5500,63600
1472478478,49.5200,49.5700,49.5200,49.5650,30600
1472478537,49.5400,49.5500,49.5200,49.5200,32900
1472478596,49.5337,49.5500,49.5300,49.5400,18500
1472478656,49.5000,49.5300,49.4950,49.5300,29500
1472478719,49.5100,49.5300,49.5000,49.5000,26800
1472478778,49.4650,49.5150,49.4600,49.5100,40500
1472478839,49.5300,49.5300,49.4650,49.4700,56600
1472478899,49.5800,49.5800,49.5300,49.5300,72400
1472478958,49.5900,49.5900,49.5700,49.5750,51400
1472479017,49.6000,49.6100,49.5800,49.5800,72300
1472479079,49.5500,49.6000,49.5450,49.5999,35400
1472479139,49.4900,49.5550,49.4900,49.5500,59300
1472479196,49.4900,49.5100,49.4850,49.5000,23300
1472479255,49.4700,49.5000,49.4700,49.4900,22300
1472479318,49.4800,49.4900,49.4750,49.4750,14800
1472479376,49.5200,49.5200,49.4800,49.4850,17000
1472479438,49.5500,49.5800,49.5295,49.5300,48800
1472479498,49.5300,49.5500,49.5300,49.5500,20200
1472479559,49.5200,49.5300,49.5100,49.5200,22400
1472479618,49.5600,49.5700,49.5200,49.5200,21900
1472479676,49.4800,49.5600,49.4800,49.5600,24500
1472479739,49.5500,49.5500,49.4800,49.4800,37800
1472479795,49.5400,49.5700,49.5300,49.5500,59900
1472479857,49.5300,49.5500,49.5300,49.5400,17900
1472479919,49.5150,49.5300,49.5000,49.5300,68800
1472479972,49.5400,49.5600,49.5200,49.5200,57000
1472480033,49.5200,49.5450,49.5170,49.5400,22600
1472480095,49.5000,49.5200,49.4850,49.5200,11700
1472480159,49.4700,49.5000,49.4650,49.4900,48500
1472480219,49.4800,49.4900,49.4700,49.4800,53200
1472480222,49.4800,49.4800,49.4600,49.4700,23800
1472480293,49.5000,49.5000,49.4750,49.4800,22900
1472480340,49.4500,49.5000,49.4500,49.4900,16100
1472480456,49.4400,49.4600,49.4300,49.4500,43800
1472480515,49.4300,49.4500,49.4300,49.4400,25900
1472480579,49.4100,49.4350,49.4100,49.4350,23800
1472480638,49.4200,49.4300,49.3900,49.4100,44300
1472480699,49.3900,49.4252,49.3900,49.4250,14200
1472480747,49.4000,49.4100,49.3800,49.3900,18700
1472480810,49.4100,49.4100,49.3700,49.3900,42200
1472480878,49.3900,49.4200,49.3900,49.4100,14800
1472480880,49.3800,49.4000,49.3800,49.3900,25700
1472480949,49.4100,49.4100,49.3900,49.3900,18600
1472481059,49.4500,49.4500,49.4100,49.4160,14200
1472481119,49.4400,49.4500,49.4150,49.4499,26400
1472481175,49.4400,49.4500,49.4300,49.4499,32000
1472481237,49.4300,49.4450,49.4100,49.4400,24200
1472481298,49.4000,49.4300,49.3950,49.4300,59400
1472481359,49.4400,49.4400,49.4100,49.4100,22200
1472481361,49.4600,49.4600,49.4350,49.4350,29400
1472481478,49.4450,49.4600,49.4400,49.4600,14700
1472481536,49.4800,49.4910,49.4500,49.4500,20600
1472481575,49.4700,49.4750,49.4700,49.4700,200
1472481602,49.4800,49.4900,49.4650,49.4800,16800
1472481701,49.4550,49.4750,49.4400,49.4700,30200
1472481779,49.4450,49.4600,49.4400,49.4600,17900
1472481839,49.4300,49.4600,49.4300,49.4500,22700
1472481896,49.4100,49.4300,49.4100,49.4300,21900
1472481951,49.3915,49.4100,49.3900,49.4100,8800
1472482015,49.4200,49.4200,49.4015,49.4100,18000
1472482079,49.4050,49.4250,49.3900,49.4250,10900
1472482139,49.4500,49.4500,49.4050,49.4100,25200
1472482197,49.4400,49.4600,49.4400,49.4438,8400
1472482259,49.4350,49.4500,49.4300,49.4500,15200
1472482318,49.4900,49.4900,49.4400,49.4400,41500
1472482377,49.4540,49.4900,49.4500,49.4900,22500
1472482430,49.4800,49.4800,49.4500,49.4600,26200
1472482499,49.5000,49.5000,49.4600,49.4700,30400
1472482505,49.5000,49.5200,49.4800,49.4900,13000
1472482619,49.5100,49.5100,49.4901,49.4901,28500
1472482621,49.4950,49.5100,49.4900,49.5000,27900
1472482739,49.4700,49.5100,49.4700,49.5000,31900
1472482799,49.4650,49.4800,49.4600,49.4700,27000
1472482800,49.4950,49.4962,49.4600,49.4650,15600
1472482914,49.4800,49.4900,49.4750,49.4900,29200
1472482973,49.4700,49.4829,49.4650,49.4800,18200
1472483034,49.4542,49.4700,49.4500,49.4700,10000
1472483041,49.4564,49.4564,49.4450,49.4500,28400
1472483153,49.4900,49.4900,49.4500,49.4500,17500
1472483211,49.4550,49.4800,49.4550,49.4800,26400
1472483277,49.4550,49.4699,49.4500,49.4500,13600
1472483334,49.4800,49.4800,49.4550,49.4600,20700
1472483396,49.4692,49.4800,49.4600,49.4800,47800
1472483456,49.4500,49.4600,49.4500,49.4600,8800
1472483463,49.4350,49.4400,49.4200,49.4400,28100
1472483579,49.4400,49.4500,49.4350,49.4400,14200
1472483639,49.4300,49.4500,49.4300,49.4450,12700
1472483699,49.4200,49.4400,49.4200,49.4300,10100
1472483759,49.4400,49.4400,49.4150,49.4200,17800
1472483817,49.4350,49.4400,49.4300,49.4300,4500
1472483863,49.4342,49.4500,49.4342,49.4450,10000
1472483936,49.4200,49.4400,49.4150,49.4350,18300
1472483995,49.4140,49.4300,49.4001,49.4150,69800
1472484001,49.4300,49.4300,49.4200,49.4200,47600
1472484110,49.4320,49.4350,49.4201,49.4350,13900
1472484179,49.4200,49.4400,49.4200,49.4300,30100
1472484239,49.3900,49.4100,49.3900,49.4100,13600
1472484242,49.3900,49.4000,49.3900,49.3900,26600
1472484359,49.3750,49.3900,49.3650,49.3900,38200
1472484419,49.3500,49.3730,49.3500,49.3730,92500
1472484420,49.3600,49.3600,49.3500,49.3500,15800
1472484535,49.3550,49.3600,49.3500,49.3500,15000
1472484599,49.3300,49.3550,49.3300,49.3500,25400
1472484655,49.3500,49.3500,49.3250,49.3250,17000
1472484717,49.3400,49.3500,49.3350,49.3450,40900
1472484730,49.3450,49.3500,49.3350,49.3400,10600
1472484837,49.3234,49.3501,49.3234,49.3500,16300
1472484898,49.3300,49.3350,49.3100,49.3200,44700
1472484949,49.3500,49.3500,49.3400,49.3400,5200
1472485017,49.3750,49.3750,49.3550,49.3550,22000
1472485073,49.3800,49.3800,49.3650,49.3800,19600
1472485138,49.3800,49.3850,49.3800,49.3800,29900
1472485197,49.3800,49.3800,49.3600,49.3750,23400
1472485254,49.3760,49.3800,49.3749,49.3775,11700
1472485318,49.3750,49.3750,49.3700,49.3700,31900
1472485328,49.4159,49.4199,49.3700,49.3750,44200
1472485434,49.3900,49.4100,49.3800,49.4100,35600
1472485497,49.3850,49.4000,49.3800,49.3910,15600
1472485553,49.4000,49.4000,49.3800,49.3900,15900
1472485617,49.4200,49.4200,49.3900,49.3975,15900
1472485678,49.4100,49.4100,49.4000,49.4100,19200
1472485737,49.4150,49.4300,49.4100,49.4100,26200
1472485799,49.4100,49.4300,49.4100,49.4200,27100
1472485859,49.4120,49.4200,49.4100,49.4100,16400
1472485860,49.4300,49.4500,49.4101,49.4101,16800
1472485977,49.4150,49.4400,49.4100,49.4350,23700
1472486039,49.4300,49.4300,49.4100,49.4100,15400
1472486098,49.4350,49.4400,49.4250,49.4300,13700
1472486157,49.4250,49.4400,49.4200,49.4350,17700
1472486219,49.4300,49.4300,49.4200,49.4300,15100
1472486221,49.4600,49.4600,49.4200,49.4300,29200
1472486339,49.4500,49.4600,49.4500,49.4600,18600
1472486399,49.4600,49.4600,49.4400,49.4500,13700
1472486458,49.4750,49.4800,49.4600,49.4600,18000
1472486519,49.4700,49.4800,49.4650,49.4700,20800
1472486579,49.4800,49.4800,49.4750,49.4800,2200
1472486585,49.4800,49.4800,49.4600,49.4600,34600
1472486699,49.4800,49.4900,49.4700,49.4700,31100
1472486700,49.5000,49.5000,49.4750,49.4800,13900
1472486805,49.5000,49.5100,49.4900,49.4990,69200
1472486877,49.5000,49.5000,49.4900,49.4901,24200
1472486926,49.5000,49.5000,49.4900,49.5000,5800
1472486997,49.4900,49.5100,49.4900,49.5000,22000
1472487055,49.4900,49.4950,49.4900,49.4900,4900
1472487103,49.5000,49.5000,49.4800,49.4900,9600
1472487177,49.4700,49.4950,49.4700,49.4950,13700
1472487228,49.4600,49.4700,49.4600,49.4642,21500
1472487299,49.4600,49.4700,49.4550,49.4600,11700
1472487302,49.4500,49.4700,49.4350,49.4600,38700
1472487390,49.4400,49.4500,49.4400,49.4500,6400
1472487471,49.4600,49.4700,49.4499,49.4500,5000
1472487536,49.4300,49.4650,49.4300,49.4600,14400
1472487554,49.4200,49.4400,49.4200,49.4400,7100
1472487659,49.4395,49.4500,49.4250,49.4300,37900
1472487668,49.4400,49.4400,49.4400,49.4400,1800
1472487779,49.4000,49.4300,49.3950,49.4300,26600
1472487839,49.3900,49.4100,49.3900,49.4000,10700
1472487854,49.4150,49.4150,49.3900,49.3900,7100
1472487959,49.4400,49.4400,49.4200,49.4200,5800
1472488005,49.4500,49.4500,49.4400,49.4400,4200
1472488057,49.4300,49.4400,49.4300,49.4400,12900
1472488138,49.4300,49.4300,49.4210,49.4300,11400
1472488154,49.4250,49.4375,49.4200,49.4300,7400
1472488239,49.4200,49.4250,49.4200,49.4200,300
1472488314,49.4300,49.4300,49.4200,49.4300,5200
1472488375,49.4600,49.4600,49.4363,49.4363,34100
1472488380,49.4450,49.4600,49.4450,49.4600,33400
1472488448,49.4500,49.4590,49.4400,49.4400,3900
1472488508,49.4600,49.4699,49.4550,49.4600,17800
1472488615,49.4600,49.4600,49.4550,49.4550,4700
1472488664,49.4500,49.4600,49.4500,49.4600,5400
1472488695,49.4500,49.4600,49.4500,49.4500,6700
1472488743,49.4400,49.4550,49.4400,49.4550,5900
1472488857,49.4600,49.4600,49.4500,49.4500,2400
1472488912,49.4600,49.4600,49.4600,49.4600,1200
1472488972,49.4600,49.4600,49.4550,49.4600,5700
1472489024,49.4600,49.4600,49.4542,49.4542,7700
1472489045,49.4900,49.5000,49.4600,49.4600,46100
1472489155,49.5000,49.5000,49.4800,49.4900,14400
1472489164,49.4800,49.4950,49.4800,49.4901,11000
1472489234,49.4700,49.4800,49.4700,49.4800,5800
1472489332,49.4639,49.4700,49.4600,49.4600,12000
1472489352,49.4700,49.4800,49.4600,49.4700,14400
1472489453,49.4675,49.4675,49.4600,49.4600,1900
1472489518,49.4900,49.5000,49.4700,49.4700,7600
1472489570,49.4800,49.4900,49.4700,49.4900,4900
1472489622,49.4800,49.4800,49.4700,49.4700,1300
1472489695,49.4890,49.4900,49.4800,49.4800,19800
1472489713,49.4700,49.4800,49.4700,49.4800,1700
1472489812,49.4776,49.4800,49.4748,49.4800,1700
1472489875,49.4700,49.4800,49.4700,49.4700,8900
1472489907,49.4700,49.4800,49.4700,49.4748,2300
1472489997,49.4750,49.4790,49.4700,49.4790,2500
1472490002,49.4700,49.4750,49.4700,49.4700,600
1472490106,49.4700,49.4800,49.4700,49.4750,1800
1472490161,49.4648,49.4700,49.4600,49.4700,2600
1472490239,49.4400,49.4600,49.4301,49.4600,38500
1472490291,49.4450,49.4500,49.4400,49.4400,16200
1472490358,49.4500,49.4500,49.4350,49.4350,60600
1472490363,49.4700,49.4700,49.4500,49.4500,28400
1472490438,49.4600,49.4711,49.4600,49.4700,14700
1472490536,49.4650,49.4665,49.4600,49.4665,1200
1472490540,49.4700,49.4800,49.4700,49.4700,5200
1472490633,49.4700,49.4800,49.4700,49.4800,9400
1472490717,49.4800,49.4850,49.4731,49.4740,12900
1472490778,49.4500,49.4800,49.4500,49.4800,4900
1472490832,49.4600,49.4672,49.4600,49.4600,13400
1472490846,49.4600,49.4650,49.4450,49.4600,13200
1472490959,49.4700,49.4700,49.4600,49.4600,7100
1472490960,49.4700,49.4700,49.4600,49.4700,3300
1472491058,49.4700,49.4700,49.4600,49.4700,1800
1472491080,49.4600,49.4700,49.4600,49.4637,5900
1472491153,49.4600,49.4700,49.4600,49.4600,19200
1472491251,49.5000,49.5000,49.4700,49.4700,6300
1472491310,49.5000,49.5064,49.5000,49.5000,4800
1472491378,49.4800,49.5000,49.4800,49.5000,23700
1472491435,49.4950,49.5000,49.4900,49.4900,6100
1472491444,49.4857,49.4900,49.4800,49.4900,8900
1472491556,49.4900,49.4900,49.4800,49.4800,4100
1472491613,49.5000,49.5075,49.4900,49.4900,3400
1472491620,49.5000,49.5073,49.5000,49.5050,2000
1472491689,49.4900,49.5000,49.4800,49.5000,12400
1472491755,49.4900,49.5000,49.4900,49.5000,1200
1472491859,49.5100,49.5100,49.4900,49.4900,16800
1472491861,49.5100,49.5200,49.5050,49.5100,14700
1472491921,49.5100,49.5137,49.5050,49.5100,6600
1472491981,49.5150,49.5185,49.5100,49.5100,2000
1472492093,49.4955,49.5100,49.4900,49.5100,15300
1472492112,49.4900,49.4975,49.4900,49.4900,1800
1472492176,49.4700,49.4900,49.4700,49.4900,12400
1472492224,49.4664,49.4800,49.4664,49.4700,15100
1472492333,49.4700,49.4750,49.4600,49.4700,7200
1472492376,49.4735,49.4775,49.4700,49.4700,7500
1472492402,49.4700,49.4775,49.4700,49.4775,12300
1472492516,49.4701,49.4790,49.4700,49.4700,500
1472492523,49.4600,49.4800,49.4501,49.4800,4000
1472492583,49.4500,49.4501,49.4450,49.4500,12200
1472492644,49.4699,49.4700,49.4500,49.4500,58900
1472492754,49.4700,49.4700,49.4600,49.4600,2100
1472492818,49.4650,49.4800,49.4550,49.4700,23300
1472492878,49.4650,49.4700,49.4599,49.4700,35200
1472492881,49.4650,49.4700,49.4650,49.4700,1400
1472492980,49.4700,49.4700,49.4700,49.4700,4900
1472493051,49.4700,49.4800,49.4700,49.4750,3200
1472493119,49.4800,49.4800,49.4700,49.4700,1000
1472493179,49.4750,49.4800,49.4737,49.4751,23100
1472493238,49.4750,49.4800,49.4750,49.4750,5700
1472493297,49.4750,49.4800,49.4700,49.4750,3700
1472493358,49.4900,49.4950,49.4800,49.4800,22200
1472493418,49.4950,49.5000,49.4900,49.4950,1900
1472493429,49.4900,49.4936,49.4900,49.4900,1100
1472493539,49.4900,49.4975,49.4900,49.4900,1700
1472493598,49.4950,49.4950,49.4900,49.4900,1100
1472493659,49.5100,49.5100,49.4900,49.4950,25400
1472493664,49.5116,49.5200,49.5100,49.5100,70800
1472493777,49.5200,49.5200,49.5143,49.5148,4400
1472493837,49.5150,49.5300,49.5100,49.5150,15800
1472493868,49.5048,49.5191,49.5000,49.5150,6500
1472493956,49.5000,49.5099,49.5000,49.5000,2200
1472494019,49.5100,49.5100,49.5000,49.5000,15500
1472494079,49.5100,49.5100,49.5039,49.5100,5800
1472494137,49.5050,49.5100,49.5000,49.5032,3500
1472494148,49.5000,49.5090,49.5000,49.5038,4300
1472494254,49.4950,49.5062,49.4900,49.5001,8100
1472494315,49.4900,49.5000,49.4900,49.4900,3600
1472494377,49.5000,49.5000,49.4900,49.4900,7100
1472494382,49.5000,49.5000,49.4900,49.5000,3100
1472494493,49.4801,49.5000,49.4801,49.5000,8900
1472494557,49.4875,49.4900,49.4800,49.4800,2600
1472494616,49.4950,49.5000,49.4800,49.4800,13400
1472494623,49.4900,49.5000,49.4900,49.5000,4700
1472494736,49.4800,49.4950,49.4800,49.4900,12900
1472494753,49.4800,49.4800,49.4800,49.4800,1100
1472494800,49.4800,49.4875,49.4800,49.4800,2300
1472494904,49.4800,49.4852,49.4750,49.4800,7600
1472494979,49.4800,49.4900,49.4800,49.4850,6200
1472495028,49.4900,49.4900,49.4800,49.4800,34600
1472495049,49.4900,49.4900,49.4836,49.4869,3000
1472495152,49.4900,49.4950,49.4900,49.4950,14200
1472495206,49.5000,49.5000,49.4900,49.4936,6100
1472495228,49.5050,49.5100,49.5050,49.5050,500
1472495285,49.4800,49.5100,49.4750,49.5050,17700
1472495352,49.4800,49.4850,49.4800,49.4836,2200
1472495459,49.4950,49.4950,49.4850,49.4850,9500
1472495462,49.4800,49.4900,49.4800,49.4900,18000
1472495568,49.4600,49.4800,49.4600,49.4800,4100
1472495638,49.4639,49.4700,49.4600,49.4650,2700
1472495696,49.4800,49.4900,49.4700,49.4700,14800
1472495759,49.4850,49.4900,49.4800,49.4800,8200
1472495808,49.4950,49.4950,49.4850,49.4900,2900
1472495879,49.4809,49.4900,49.4800,49.4900,23700
1472495880,49.4800,49.4900,49.4800,49.4800,1300
1472495999,49.4800,49.4875,49.4800,49.4850,2100
1472496057,49.4520,49.4800,49.4500,49.4800,14000
1472496116,49.4600,49.4600,49.4500,49.4500,8000
1472496121,49.4600,49.4601,49.4500,49.4600,8500
1472496186,49.4700,49.4800,49.4650,49.4700,25300
1472496240,49.4800,49.4800,49.4700,49.4700,3500
1472496359,49.4700,49.4800,49.4650,49.4700,20200
1472496414,49.4800,49.4800,49.4700,49.4800,5400
1472496469,49.5000,49.5000,49.4865,49.4900,10500
1472496481,49.4800,49.5000,49.4800,49.4900,6400
1472496545,49.4800,49.4900,49.4800,49.4850,1700
1472496658,49.4950,49.5000,49.4800,49.4800,8500
1472496660,49.5000,49.5000,49.4950,49.5000,10400
1472496776,49.5000,49.5075,49.5000,49.5000,1000
1472496829,49.4900,49.5100,49.4800,49.5064,21800
1472496841,49.4850,49.4940,49.4850,49.4900,6600
1472496956,49.4800,49.4900,49.4800,49.4900,28900
1472496969,49.4900,49.4975,49.4800,49.4800,15100
1472497079,49.5000,49.5000,49.4950,49.5000,4500
1472497139,49.4950,49.5000,49.4900,49.4950,4300
1472497198,49.5050,49.5100,49.4900,49.4900,8900
1472497257,49.5000,49.5100,49.4900,49.5000,18400
1472497311,49.4950,49.5000,49.4950,49.4950,3100
1472497321,49.4800,49.5000,49.4800,49.5000,8700
1472497400,49.4850,49.4850,49.4800,49.4850,700
1472497491,49.4800,49.4875,49.4800,49.4875,1500
1472497545,49.4890,49.4900,49.4800,49.4800,9400
1472497618,49.4800,49.4900,49.4800,49.4850,2400
1472497678,49.4800,49.4900,49.4800,49.4800,1000
1472497738,49.4850,49.4900,49.4850,49.4900,8400
1472497740,49.4950,49.5000,49.4850,49.4900,34500
1472497801,49.4950,49.5000,49.4900,49.5000,9400
1472497919,49.5000,49.5000,49.4900,49.4900,6500
1472497977,49.5200,49.5200,49.4944,49.4950,37500
1472498039,49.5200,49.5300,49.5101,49.5200,40100
1472498093,49.5150,49.5200,49.5100,49.5200,20500
1472498159,49.5285,49.5300,49.5150,49.5150,60900
1472498162,49.5350,49.5400,49.5200,49.5300,29400
1472498275,49.5300,49.5400,49.5250,49.5400,13100
1472498337,49.5235,49.5300,49.5200,49.5300,11500
1472498347,49.5250,49.5300,49.5200,49.5200,8500
1472498453,49.5400,49.5500,49.5350,49.5400,8100
1472498518,49.5450,49.5450,49.5400,49.5400,900
1472498577,49.5500,49.5575,49.5450,49.5500,13800
1472498631,49.5200,49.5500,49.5200,49.5500,17500
1472498670,49.5200,49.5200,49.5150,49.5200,7400
1472498758,49.5150,49.5275,49.5100,49.5200,8700
1472498819,49.5400,49.5400,49.5100,49.5150,20300
1472498872,49.5450,49.5450,49.5300,49.5400,13700
1472498931,49.5300,49.5450,49.5300,49.5400,9600
1472498997,49.5300,49.5387,49.5300,49.5300,4900
1472499059,49.5300,49.5400,49.5200,49.5300,46300
1472499061,49.5400,49.5400,49.5300,49.5300,11100
1472499179,49.5250,49.5400,49.5200,49.5373,8500
1472499189,49.5150,49.5200,49.5100,49.5200,9400
1472499242,49.5100,49.5150,49.5050,49.5150,51600
1472499359,49.5250,49.5250,49.5100,49.5100,25500
1472499419,49.5300,49.5300,49.5201,49.5201,6000
1472499421,49.5300,49.5400,49.5300,49.5300,17400
1472499494,49.5300,49.5364,49.5300,49.5300,3500
1472499541,49.5400,49.5400,49.5300,49.5300,90900
1472499655,49.5200,49.5400,49.5200,49.5348,7400
1472499716,49.5100,49.5200,49.5100,49.5200,12400
1472499774,49.5150,49.5200,49.5100,49.5100,13800
1472499782,49.5105,49.5300,49.5100,49.5150,33800
1472499895,49.5100,49.5200,49.5100,49.5100,8000
1472499959,49.5300,49.5300,49.5100,49.5100,20300
1472499961,49.5200,49.5400,49.5200,49.5300,23100
1472500079,49.5250,49.5300,49.5200,49.5258,18800
1472500080,49.5400,49.5400,49.5250,49.5300,27300
1472500198,49.5350,49.5400,49.5300,49.5400,18400
1472500259,49.5300,49.5400,49.5300,49.5300,20200
1472500261,49.5250,49.5400,49.5200,49.5300,21700
1472500377,49.5200,49.5260,49.5200,49.5200,12500
1472500439,49.5200,49.5300,49.5200,49.5200,23900
1472500498,49.5100,49.5250,49.5100,49.5200,68200
1472500557,49.5350,49.5400,49.5100,49.5100,79300
1472500619,49.5439,49.5500,49.5350,49.5400,135700
1472500622,49.5500,49.5500,49.5300,49.5450,60200
1472500739,49.5700,49.5700,49.5400,49.5500,108200
1472500740,49.5500,49.5700,49.5400,49.5650,4741700
1472500800,49.5500,49.5500,49.5500,49.5500,0
