uri:/instrument/1.0/XLU/chartdata;type=quote;range=1d/csv
ticker:xlu
Company-Name:SPDR Select Sector Fund - Utili
Exchange-Name:PCX
unit:MIN
timezone:EDT
currency:USD
gmtoffset:-14400
previous_close:49.6300
Timestamp:1473168600,1473192000
labels:1473170400,1473174000,1473177600,1473181200,1473184800,1473188400,1473192000
values:Timestamp,close,high,low,open,volume
close:49.7600,50.2200
high:49.7900,50.2250
low:49.7500,50.2050
open:49.7500,50.2200
volume:0,4070400
1473168655,50.1800,50.1800,49.8500,49.8600,178300
1473168665,49.9500,50.1600,49.9400,50.1600,145300
1473168779,50.1100,50.1100,49.9500,49.9500,62000
1473168839,50.0500,50.1200,50.0400,50.1100,55200
1473168897,49.9700,50.0600,49.9700,50.0500,39700
1473168906,49.8600,49.9500,49.8600,49.9500,95100
1473169019,49.8800,49.8900,49.8050,49.8500,67300
1473169023,49.8800,49.9000,49.8600,49.8900,64100
1473169135,49.8800,49.9300,49.8500,49.8700,86900
1473169198,49.8700,49.9300,49.8600,49.8800,68000
1473169259,49.8000,49.8500,49.8000,49.8500,78300
1473169317,49.8400,49.8500,49.7800,49.7900,67100
1473169373,49.7800,49.8200,49.7500,49.8200,66100
1473169438,49.7900,49.7950,49.7600,49.7800,42500
1473169496,49.7900,49.8300,49.7800,49.8000,91700
1473169558,49.8100,49.8175,49.7800,49.7900,61600
1473169619,49.8100,49.8300,49.8100,49.8100,55400
1473169675,49.8500,49.8500,49.7800,49.8100,58900
1473169734,49.8600,49.9100,49.8400,49.8500,49200
1473169797,49.8700,49.8800,49.8700,49.8700,26900
1473169859,49.7900,49.8600,49.7900,49.8600,65900
1473169917,49.7600,49.8050,49.7500,49.8000,41200
1473169921,49.7900,49.8000,49.7500,49.7500,62500
1473170038,49.7750,49.8000,49.7500,49.8000,31200
1473170099,49.7900,49.7900,49.7700,49.7700,29700
1473170158,49.8500,49.8500,49.8000,49.8100,56500
1473170217,49.8300,49.8600,49.8300,49.8500,21100
1473170279,49.8000,49.8201,49.7800,49.8201,21800
1473170339,49.8200,49.8200,49.7800,49.8001,22100
1473170399,49.8300,49.8300,49.8100,49.8201,19600
1473170459,49.8800,49.8900,49.7900,49.8000,147400
1473170518,49.8900,49.9000,49.8539,49.8800,63300
1473170520,49.8600,49.8850,49.8300,49.8800,77400
1473170637,49.8700,49.8700,49.8400,49.8600,42100
1473170698,49.9200,49.9200,49.8300,49.8600,70500
1473170759,49.9200,49.9700,49.9100,49.9250,134700
1473170819,49.8500,49.9200,49.8300,49.9200,61200
1473170879,49.8750,49.9000,49.8300,49.8500,99200
1473170939,49.8500,49.8800,49.8500,49.8700,36900
1473170998,49.8800,49.8800,49.8500,49.8500,36800
1473171000,49.9000,49.9000,49.8800,49.8800,24500
1473171116,49.8800,49.9000,49.8800,49.9000,95300
1473171178,49.8500,49.8900,49.8250,49.8800,86700
1473171181,49.8600,49.8600,49.8500,49.8500,10500
1473171299,49.8400,49.8700,49.8400,49.8500,25600
1473171355,49.8900,49.9100,49.8400,49.8400,38200
1473171400,49.9000,49.9000,49.8600,49.8800,21900
1473171479,49.9050,49.9200,49.8764,49.9000,53700
1473171538,49.8800,49.9150,49.8800,49.9050,15600
1473171577,49.8900,49.8900,49.8700,49.8900,31000
1473171601,49.9450,49.9450,49.8900,49.8900,41000
1473171719,49.9400,49.9599,49.9300,49.9500,47900
1473171777,49.9250,49.9400,49.9200,49.9400,8300
1473171826,49.9000,49.9400,49.9000,49.9300,16600
1473171892,49.9100,49.9201,49.8800,49.9000,22100
1473171958,49.9250,49.9399,49.9199,49.9199,34700
1473172019,49.9700,49.9800,49.9300,49.9300,37300
1473172025,49.9500,49.9700,49.9400,49.9700,36800
1473172080,49.9400,49.9550,49.9400,49.9500,20500
1473172142,49.9500,49.9550,49.9400,49.9500,21400
1473172256,50.0100,50.0100,49.9600,49.9600,34800
1473172317,50.0200,50.0300,50.0100,50.0100,103700
1473172320,50.0300,50.0400,50.0100,50.0300,39900
1473172382,50.0000,50.0300,50.0000,50.0250,25300
1473172498,50.0100,50.0200,49.9900,50.0000,41200
1473172552,50.0400,50.0400,50.0000,50.0100,337000
1473172619,50.0900,50.0900,50.0200,50.0400,72200
1473172679,50.0800,50.0900,50.0700,50.0800,30800
1473172733,50.0550,50.0800,50.0350,50.0750,34900
1473172799,50.0850,50.0900,50.0500,50.0550,25000
1473172858,50.0750,50.0900,50.0700,50.0850,30600
1473172908,50.0800,50.0800,50.0700,50.0700,31500
1473172979,50.0900,50.1000,50.0750,50.0800,30400
1473173038,50.1100,50.1200,50.0801,50.0900,57500
1473173041,50.1500,50.1500,50.1050,50.1100,35000
1473173157,50.1200,50.1600,50.1100,50.1400,81800
1473173219,50.1400,50.1500,50.1100,50.1100,55600
1473173268,50.1200,50.1450,50.1150,50.1450,89500
1473173338,50.1300,50.1300,50.1100,50.1250,66100
1473173388,50.1100,50.1300,50.1050,50.1300,29400
1473173456,50.1400,50.1400,50.1100,50.1100,35100
1473173518,50.1400,50.1400,50.1300,50.1400,8500
1473173578,50.1100,50.1350,50.1100,50.1300,27800
1473173638,50.1300,50.1350,50.1000,50.1050,38900
1473173699,50.1350,50.1400,50.1200,50.1300,25800
1473173700,50.1100,50.1400,50.1100,50.1400,10200
1473173811,50.0950,50.1150,50.0900,50.1100,41100
1473173879,50.1000,50.1250,50.0800,50.0900,45900
1473173939,50.1050,50.1100,50.1000,50.1000,10800
1473173994,50.0950,50.1100,50.0900,50.1050,26200
1473174052,50.1000,50.1100,50.0980,50.1000,21400
1473174116,50.0840,50.0950,50.0700,50.0900,17800
1473174178,50.0900,50.0900,50.0801,50.0900,16200
1473174239,50.1200,50.1200,50.0900,50.0900,26700
1473174240,50.1463,50.1600,50.1200,50.1200,58900
1473174302,50.1300,50.1450,50.1300,50.1400,27600
1473174416,50.1000,50.1350,50.0900,50.1300,66800
1473174428,50.0800,50.1100,50.0800,50.1100,17200
1473174539,50.0701,50.0900,50.0701,50.0850,11000
1473174593,50.0800,50.0800,50.0799,50.0799,13000
1473174658,50.0800,50.0850,50.0800,50.0800,6900
1473174713,50.0550,50.0900,50.0500,50.0800,17700
1473174772,50.0850,50.0850,50.0717,50.0717,17200
1473174784,50.1000,50.1000,50.0750,50.0899,10500
1473174899,50.0900,50.1000,50.0900,50.1000,4700
1473174959,50.1000,50.1000,50.0900,50.0900,15900
1473175019,50.0700,50.1000,50.0650,50.1000,32700
1473175077,50.0700,50.0740,50.0700,50.0700,5200
1473175139,50.1100,50.1100,50.0650,50.0750,32400
1473175197,50.0950,50.1100,50.0850,50.1100,23500
1473175254,50.1000,50.1100,50.0950,50.1000,68700
1473175312,50.1200,50.1200,50.0950,50.1000,31200
1473175377,50.1000,50.1200,50.1000,50.1200,25800
1473175435,50.1000,50.1100,50.0950,50.1050,28900
1473175498,50.1100,50.1150,50.1050,50.1100,12000
1473175551,50.1100,50.1200,50.1000,50.1000,27800
1473175595,50.1161,50.1200,50.1100,50.1142,1600
1473175629,50.1100,50.1300,50.1100,50.1200,17000
1473175693,50.1100,50.1150,50.1050,50.1100,7000
1473175742,50.1100,50.1100,50.0950,50.1100,31700
1473175857,50.1350,50.1400,50.1200,50.1200,5100
1473175917,50.1300,50.1400,50.1200,50.1300,13300
1473175973,50.1100,50.1300,50.1000,50.1300,26000
1473176025,50.1200,50.1200,50.1100,50.1100,15100
1473176095,50.1250,50.1300,50.1100,50.1100,10300
1473176156,50.1300,50.1300,50.1100,50.1250,22800
1473176164,50.1300,50.1400,50.1200,50.1237,26400
1473176276,50.1350,50.1400,50.1300,50.1300,22200
1473176332,50.1350,50.1500,50.1350,50.1400,42000
1473176397,50.1450,50.1500,50.1350,50.1350,17200
1473176457,50.1500,50.1500,50.1300,50.1494,15800
1473176519,50.1400,50.1500,50.1400,50.1450,14500
1473176575,50.1600,50.1600,50.1400,50.1400,8800
1473176636,50.1450,50.1700,50.1300,50.1600,14700
1473176692,50.1400,50.1500,50.1400,50.1500,2600
1473176743,50.1520,50.1520,50.1400,50.1400,6300
1473176763,50.1400,50.1600,50.1300,50.1600,20800
1473176821,50.1500,50.1500,50.1400,50.1400,6600
1473176893,50.1800,50.1900,50.1500,50.1500,48900
1473176989,50.1900,50.1900,50.1800,50.1800,3000
1473177004,50.1900,50.1900,50.1800,50.1800,12500
1473177115,50.1800,50.1850,50.1800,50.1850,5500
1473177174,50.1500,50.1800,50.1500,50.1800,20200
1473177237,50.1600,50.1700,50.1550,50.1600,32200
1473177298,50.1600,50.1800,50.1500,50.1600,25800
1473177342,50.1600,50.1700,50.1600,50.1699,6700
1473177417,50.1600,50.1600,50.1500,50.1510,1600
1473177464,50.1700,50.1700,50.1600,50.1600,6900
1473177537,50.1600,50.1700,50.1600,50.1699,3200
1473177597,50.1700,50.1800,50.1600,50.1600,23500
1473177602,50.1900,50.1950,50.1750,50.1800,10500
1473177717,50.1800,50.2000,50.1800,50.1950,6500
1473177779,50.1600,50.1800,50.1600,50.1800,16600
1473177836,50.1500,50.1600,50.1500,50.1600,6200
1473177893,50.1600,50.1600,50.1450,50.1500,9400
1473177903,50.1850,50.1850,50.1600,50.1600,9300
1473178019,50.1800,50.1850,50.1700,50.1850,11900
1473178074,50.1650,50.1800,50.1600,50.1800,21600
1473178119,50.1650,50.1700,50.1600,50.1700,8900
1473178189,50.1700,50.1700,50.1600,50.1600,10900
1473178256,50.1750,50.1800,50.1700,50.1700,10200
1473178301,50.1700,50.1800,50.1700,50.1800,19300
1473178369,50.1800,50.1800,50.1700,50.1700,4400
1473178421,50.1700,50.1800,50.1700,50.1700,1700
1473178441,50.1636,50.1764,50.1600,50.1700,12500
1473178556,50.1550,50.1650,50.1500,50.1600,4600
1473178573,50.1600,50.1600,50.1500,50.1500,8800
1473178677,50.1450,50.1650,50.1450,50.1650,11900
1473178717,50.1700,50.1700,50.1500,50.1500,19000
1473178798,50.1750,50.1800,50.1700,50.1700,10500
1473178857,50.1700,50.1800,50.1700,50.1740,3600
1473178861,50.1600,50.1800,50.1500,50.1800,18900
1473178973,50.1500,50.1500,50.1450,50.1500,12600
1473179033,50.1780,50.1800,50.1450,50.1500,74600
1473179041,50.1763,50.1800,50.1700,50.1700,4700
1473179158,50.1700,50.1800,50.1700,50.1800,1000
1473179214,50.1750,50.1900,50.1750,50.1850,11700
1473179227,50.1900,50.1900,50.1800,50.1800,8300
1473179337,50.1900,50.1900,50.1900,50.1900,1500
1473179394,50.1950,50.2000,50.1900,50.1900,11200
1473179456,50.1700,50.1950,50.1600,50.1900,24300
1473179499,50.1800,50.1800,50.1700,50.1700,6800
1473179578,50.1700,50.1800,50.1700,50.1800,26800
1473179635,50.1800,50.1800,50.1600,50.1800,13400
1473179699,50.2200,50.2250,50.1800,50.1800,19400
1473179701,50.2100,50.2235,50.2050,50.2200,12600
1473179819,50.1800,50.2100,50.1800,50.2100,17700
1473179879,50.1800,50.1850,50.1800,50.1850,800
1473179886,50.1800,50.1800,50.1750,50.1800,6400
1473179996,50.1700,50.1800,50.1700,50.1800,2100
1473180050,50.1850,50.1850,50.1650,50.1700,15400
1473180094,50.1900,50.1900,50.1800,50.1800,7800
1473180173,50.1800,50.1950,50.1800,50.1900,7400
1473180238,50.2050,50.2050,50.1800,50.1800,7100
1473180294,50.1800,50.2050,50.1750,50.2050,21900
1473180357,50.1700,50.1800,50.1663,50.1800,26700
1473180417,50.1750,50.1800,50.1700,50.1750,10700
1473180422,50.1765,50.1800,50.1765,50.1800,16400
1473180536,50.1650,50.1800,50.1650,50.1750,18800
1473180596,50.1500,50.1657,50.1500,50.1657,12800
1473180652,50.1500,50.1600,50.1500,50.1500,13000
1473180709,50.1600,50.1600,50.1500,50.1500,5500
1473180768,50.1500,50.1600,50.1500,50.1600,5000
1473180838,50.1500,50.1600,50.1500,50.1500,5400
1473180899,50.1400,50.1600,50.1400,50.1550,25900
1473180956,50.1400,50.1400,50.1300,50.1400,2500
1473181017,50.1349,50.1450,50.1349,50.1400,10500
1473181073,50.1400,50.1400,50.1301,50.1400,30700
1473181130,50.1400,50.1400,50.1301,50.1350,3600
1473181197,50.1400,50.1450,50.1350,50.1350,11700
1473181219,50.1197,50.1400,50.1100,50.1400,7900
1473181260,50.1101,50.1200,50.1101,50.1200,1200
1473181327,50.1150,50.1200,50.1100,50.1200,2000
1473181437,50.1100,50.1200,50.1000,50.1200,6800
1473181453,50.1250,50.1250,50.1100,50.1100,11800
1473181506,50.1200,50.1300,50.1200,50.1300,35200
1473181560,50.1000,50.1200,50.0935,50.1200,17900
1473181628,50.1100,50.1100,50.1001,50.1050,1900
1473181737,50.1200,50.1250,50.1050,50.1050,24900
1473181798,50.1200,50.1200,50.1150,50.1200,700
1473181849,50.1400,50.1400,50.1108,50.1108,5500
1473181914,50.1200,50.1500,50.1200,50.1400,23400
1473181922,50.1364,50.1364,50.1300,50.1300,4500
1473182024,50.1400,50.1400,50.1350,50.1400,3900
1473182098,50.1550,50.1600,50.1500,50.1500,7300
1473182156,50.1600,50.1650,50.1542,50.1600,7300
1473182219,50.1715,50.1800,50.1600,50.1700,1200
1473182276,50.1600,50.1800,50.1600,50.1800,8200
1473182312,50.1800,50.1800,50.1650,50.1700,6900
1473182341,50.1900,50.1900,50.1750,50.1779,6200
1473182458,50.1800,50.1900,50.1758,50.1810,6700
1473182462,50.1800,50.1800,50.1700,50.1790,1200
1473182525,50.1800,50.1800,50.1700,50.1800,500
1473182634,50.1750,50.1800,50.1750,50.1800,1900
1473182699,50.1800,50.1800,50.1750,50.1800,1900
1473182758,50.1800,50.1800,50.1750,50.1800,1400
1473182819,50.1763,50.1800,50.1700,50.1757,2500
1473182879,50.1500,50.1800,50.1450,50.1750,14200
1473182883,50.1600,50.1600,50.1500,50.1500,7300
1473182956,50.1500,50.1600,50.1500,50.1600,2700
1473183051,50.1550,50.1600,50.1500,50.1550,2500
1473183075,50.1400,50.1600,50.1400,50.1500,11700
1473183178,50.1400,50.1469,50.1400,50.1400,4600
1473183186,50.1500,50.1500,50.1400,50.1400,7900
1473183248,50.1550,50.1591,50.1500,50.1566,6300
1473183355,50.1300,50.1500,50.1300,50.1500,12400
1473183416,50.1500,50.1500,50.1350,50.1400,8400
1473183473,50.1600,50.1600,50.1500,50.1500,3900
1473183484,50.1450,50.1550,50.1400,50.1500,6700
1473183555,50.1500,50.1550,50.1400,50.1400,21900
1473183656,50.1600,50.1650,50.1500,50.1500,6700
1473183662,50.1600,50.1650,50.1600,50.1600,8500
1473183779,50.1700,50.1700,50.1600,50.1600,3600
1473183781,50.1650,50.1700,50.1638,50.1650,2700
1473183840,50.1700,50.1700,50.1643,50.1663,2100
1473183959,50.1500,50.1800,50.1500,50.1700,18600
1473184016,50.1436,50.1500,50.1400,50.1400,3400
1473184023,50.1700,50.1700,50.1437,50.1437,7100
1473184132,50.1700,50.1700,50.1650,50.1650,1300
1473184196,50.1750,50.1800,50.1610,50.1610,15600
1473184252,50.1740,50.1800,50.1700,50.1800,17400
1473184318,50.1650,50.1800,50.1600,50.1750,11100
1473184323,50.1650,50.1700,50.1600,50.1665,4300
1473184438,50.1700,50.1700,50.1650,50.1650,1300
1473184497,50.1750,50.1800,50.1699,50.1699,13100
1473184558,50.1750,50.1800,50.1700,50.1800,7800
1473184604,50.1600,50.1800,50.1600,50.1750,9500
1473184678,50.1300,50.1500,50.1200,50.1500,32400
1473184692,50.1400,50.1400,50.1300,50.1300,5300
1473184798,50.1499,50.1500,50.1300,50.1350,14900
1473184803,50.1700,50.1700,50.1500,50.1500,8800
1473184868,50.1600,50.1600,50.1535,50.1600,5100
1473184977,50.1600,50.1600,50.1550,50.1600,1100
1473185038,50.1600,50.1600,50.1500,50.1550,6700
1473185099,50.1600,50.1600,50.1500,50.1600,13800
1473185152,50.1600,50.1650,50.1500,50.1600,25400
1473185161,50.1601,50.1700,50.1500,50.1600,11600
1473185276,50.1650,50.1700,50.1650,50.1700,2100
1473185335,50.1400,50.1700,50.1400,50.1650,18400
1473185393,50.1450,50.1450,50.1350,50.1400,11200
1473185414,50.1500,50.1550,50.1450,50.1500,55700
1473185518,50.1500,50.1500,50.1350,50.1450,4070400
1473185552,50.1550,50.1600,50.1500,50.1500,5100
1473185627,50.1550,50.1600,50.1500,50.1550,2000
1473185687,50.1400,50.1600,50.1400,50.1550,9000
1473185710,50.1450,50.1500,50.1448,50.1500,4400
1473185812,50.1500,50.1599,50.1500,50.1500,6500
1473185878,50.1600,50.1600,50.1501,50.1600,3900
1473185880,50.1600,50.1600,50.1450,50.1550,34400
1473185997,50.1600,50.1600,50.1548,50.1550,9100
1473186004,50.1550,50.1600,50.1510,50.1550,5000
1473186061,50.1600,50.1600,50.1550,50.1600,12100
1473186178,50.1700,50.1700,50.1650,50.1700,9400
1473186238,50.1700,50.1700,50.1601,50.1700,2200
1473186248,50.1350,50.1700,50.1350,50.1700,13500
1473186305,50.1400,50.1400,50.1350,50.1400,2300
1473186419,50.1500,50.1552,50.1350,50.1400,14400
1473186474,50.1300,50.1500,50.1300,50.1500,17700
1473186539,50.1400,50.1500,50.1300,50.1400,5400
1473186590,50.1400,50.1550,50.1400,50.1500,16000
1473186605,50.1600,50.1600,50.1500,50.1500,200
1473186718,50.1600,50.1600,50.1514,50.1600,13100
1473186779,50.1550,50.1600,50.1500,50.1600,6700
1473186818,50.1300,50.1550,50.1250,50.1550,14200
1473186892,50.1200,50.1250,50.1101,50.1200,9000
1473186904,50.1100,50.1300,50.1100,50.1300,20400
1473187019,50.1200,50.1299,50.1150,50.1200,21100
1473187040,50.1400,50.1400,50.1250,50.1250,5600
1473187123,50.1400,50.1400,50.1300,50.1300,5300
1473187198,50.1400,50.1400,50.1350,50.1389,4100
1473187253,50.1400,50.1400,50.1348,50.1400,1100
1473187313,50.1400,50.1500,50.1350,50.1400,11900
1473187365,50.1400,50.1500,50.1400,50.1450,3000
1473187435,50.1100,50.1450,50.1100,50.1400,29900
1473187440,50.0800,50.1150,50.0800,50.1100,43400
1473187501,50.0900,50.0932,50.0900,50.0900,8400
1473187616,50.0900,50.1000,50.0900,50.1000,6800
1473187654,50.0900,50.0965,50.0800,50.0965,10400
1473187727,50.0900,50.0950,50.0800,50.0900,16500
1473187795,50.0900,50.0900,50.0850,50.0900,1000
1473187858,50.0800,50.0900,50.0800,50.0900,5700
1473187861,50.0850,50.0900,50.0800,50.0800,8500
1473187973,50.0850,50.0900,50.0800,50.0900,1600
1473188034,50.0900,50.0900,50.0800,50.0850,8400
1473188096,50.0900,50.0900,50.0800,50.0900,3700
1473188159,50.0957,50.1000,50.0900,50.0900,9400
1473188161,50.0865,50.1000,50.0800,50.1000,8300
1473188278,50.0900,50.0900,50.0800,50.0899,5600
1473188280,50.0900,50.0900,50.0800,50.0800,5400
1473188343,50.0850,50.0900,50.0800,50.0900,8100
1473188457,50.0950,50.0950,50.0900,50.0900,8600
1473188461,50.0900,50.1000,50.0850,50.1000,9800
1473188577,50.0899,50.0900,50.0850,50.0900,10800
1473188631,50.0900,50.0950,50.0800,50.0866,26000
1473188698,50.0800,50.0900,50.0800,50.0900,8000
1473188758,50.0800,50.0900,50.0800,50.0800,28200
1473188800,50.0900,50.0900,50.0800,50.0899,12400
1473188867,50.0800,50.0900,50.0800,50.0900,7800
1473188937,50.0850,50.0950,50.0800,50.0900,16100
1473188992,50.0750,50.0900,50.0700,50.0800,15000
1473189032,50.0640,50.0800,50.0640,50.0800,17300
1473189097,50.0700,50.0700,50.0600,50.0600,9100
1473189176,50.0614,50.0700,50.0600,50.0658,12400
1473189238,50.0650,50.0700,50.0600,50.0700,12700
1473189242,50.0400,50.0700,50.0400,50.0600,26700
1473189359,50.0400,50.0463,50.0350,50.0400,20600
1473189413,50.0499,50.0500,50.0400,50.0400,14300
1473189479,50.0450,50.0500,50.0400,50.0400,22100
1473189537,50.0800,50.0800,50.0400,50.0400,27800
1473189599,50.0663,50.0850,50.0600,50.0800,36100
1473189659,50.0700,50.0700,50.0600,50.0600,9600
1473189668,50.0800,50.0900,50.0750,50.0800,33400
1473189726,50.0900,50.0900,50.0800,50.0800,7800
1473189823,50.0850,50.0900,50.0800,50.0800,2900
1473189892,50.1100,50.1100,50.0800,50.0800,49000
1473189955,50.1100,50.1150,50.1100,50.1100,6300
1473190018,50.1050,50.1150,50.0950,50.1100,16500
1473190075,50.1000,50.1050,50.1000,50.1000,6600
1473190133,50.1100,50.1200,50.1000,50.1000,23200
1473190192,50.1200,50.1250,50.1142,50.1200,17800
1473190256,50.1200,50.1300,50.1199,50.1200,25200
1473190312,50.1300,50.1300,50.1100,50.1200,27800
1473190320,50.1300,50.1300,50.1237,50.1237,8300
1473190438,50.1300,50.1300,50.1200,50.1300,34000
1473190498,50.1300,50.1390,50.1250,50.1250,29900
1473190558,50.1200,50.1300,50.1200,50.1250,6300
1473190619,50.1100,50.1250,50.1100,50.1200,23200
1473190677,50.1200,50.1200,50.1100,50.1100,61500
1473190682,50.1300,50.1300,50.1150,50.1150,8700
1473190744,50.1700,50.1700,50.1273,50.1273,90000
1473190859,50.1750,50.1800,50.1697,50.1700,26600
1473190860,50.1800,50.1800,50.1600,50.1750,126400
1473190927,50.1800,50.1800,50.1750,50.1800,9200
1473191038,50.1800,50.1900,50.1700,50.1780,23700
1473191098,50.1800,50.1850,50.1800,50.1801,15200
1473191159,50.1800,50.2100,50.1800,50.1800,57000
1473191218,50.1600,50.1800,50.1600,50.1800,19300
1473191223,50.1800,50.1800,50.1600,50.1600,26600
1473191339,50.1700,50.1800,50.1700,50.1800,46600
1473191394,50.1600,50.1800,50.1600,50.1700,18700
1473191457,50.1700,50.1800,50.1700,50.1750,20800
1473191517,50.1650,50.1799,50.1600,50.1700,61000
1473191578,50.1700,50.1700,50.1600,50.1700,53700
1473191639,50.1750,50.1800,50.1700,50.1750,50300
1473191699,50.1700,50.1800,50.1700,50.1700,29400
1473191700,50.1750,50.1800,50.1700,50.1750,44300
1473191816,50.1700,50.1800,50.1700,50.1750,46000
1473191879,50.1750,50.1800,50.1700,50.1700,23000
1473191938,50.1750,50.1800,50.1700,50.1750,23600
1473191944,50.1800,50.1900,50.1700,50.1750,1752500
1473192000,50.1700,50.1700,50.1700,50.1700,0
