uri:/instrument/1.0/GDX/chartdata;type=quote;range=1d/csv
ticker:gdx
Company-Name:VanEck Vectors Gold Miners ETF
Exchange-Name:PCX
unit:MIN
timezone:EDT
currency:USD
gmtoffset:-14400
previous_close:26.4200
Timestamp:1472823000,1472846400
labels:1472824800,1472828400,1472832000,1472835600,1472839200,1472842800,1472846400
values:Timestamp,close,high,low,open,volume
close:26.8000,27.4500
high:26.8400,27.4600
low:26.7900,27.4200
open:26.8100,27.4548
volume:400,2386300
1472823017,27.3000,27.3800,27.2300,27.2500,2386300
1472823105,27.3900,27.3900,27.3300,27.3700,511100
1472823128,27.4500,27.4600,27.3500,27.3999,591700
1472823239,27.4220,27.4600,27.4200,27.4548,134100
1472823299,27.3500,27.4400,27.2400,27.4300,350700
1472823359,27.3800,27.4000,27.2900,27.3500,437800
1472823413,27.3381,27.4063,27.3350,27.3900,402600
1472823479,27.1700,27.3400,27.1450,27.3300,353000
1472823480,27.1500,27.2600,27.1200,27.1700,513500
1472823599,27.1700,27.2500,27.1000,27.1400,452800
1472823600,27.2600,27.2800,27.1300,27.1700,157100
1472823719,27.3100,27.3240,27.2474,27.2700,174500
1472823720,27.3400,27.3800,27.3100,27.3100,361500
1472823780,27.2675,27.3350,27.2400,27.3300,111400
1472823896,27.2850,27.2900,27.2400,27.2600,180200
1472823959,27.3250,27.3400,27.2700,27.2900,160700
1472824019,27.3500,27.3550,27.3100,27.3250,179300
1472824079,27.3600,27.3700,27.3300,27.3450,104800
1472824139,27.3300,27.3900,27.3300,27.3600,252900
1472824145,27.2800,27.3300,27.2400,27.3200,140800
1472824200,27.2500,27.2950,27.2400,27.2800,560400
1472824260,27.1850,27.2556,27.1600,27.2556,234900
1472824379,27.2400,27.2600,27.1642,27.1800,167600
1472824380,27.2300,27.3150,27.2100,27.2500,178200
1472824499,27.2430,27.2800,27.2200,27.2399,105200
1472824557,27.2050,27.2500,27.1900,27.2495,110200
1472824619,27.2700,27.2700,27.2000,27.2000,132300
1472824679,27.2700,27.2900,27.2500,27.2650,156200
1472824739,27.2700,27.3000,27.2550,27.2700,158100
1472824799,27.2650,27.3000,27.2400,27.2750,116300
1472824800,27.2900,27.3000,27.2400,27.2700,92600
1472824918,27.3500,27.3600,27.2900,27.2950,110000
1472824979,27.3202,27.3500,27.2900,27.3450,141900
1472825039,27.3200,27.3300,27.2800,27.3200,92200
1472825098,27.3599,27.3700,27.3200,27.3200,112400
1472825100,27.3300,27.3700,27.3200,27.3550,100300
1472825217,27.3096,27.3400,27.2750,27.3300,145700
1472825225,27.3200,27.3400,27.3100,27.3100,67300
1472825339,27.2694,27.3200,27.2300,27.3200,223200
1472825399,27.1950,27.2800,27.1700,27.2600,238200
1472825459,27.1900,27.2450,27.1900,27.1900,264600
1472825518,27.1900,27.2200,27.1700,27.2000,160200
1472825579,27.1500,27.2100,27.1200,27.1900,264700
1472825580,27.0550,27.1500,27.0550,27.1400,122700
1472825699,27.0150,27.0700,27.0100,27.0600,216800
1472825759,26.9750,27.0400,26.9700,27.0150,327800
1472825819,27.0300,27.0300,26.9400,26.9800,377000
1472825879,27.0050,27.0600,26.9800,27.0300,198200
1472825939,27.0650,27.0700,26.9900,27.0000,211300
1472825999,27.0400,27.0900,27.0200,27.0650,198800
1472826059,27.0200,27.0400,27.0100,27.0307,125800
1472826061,27.0574,27.0700,27.0150,27.0200,88700
1472826179,27.1100,27.1199,27.0450,27.0600,155000
1472826239,27.1150,27.1300,27.1000,27.1100,109200
1472826240,27.1200,27.1500,27.1100,27.1150,164600
1472826359,27.1200,27.1600,27.1100,27.1200,128900
1472826419,27.1637,27.1637,27.1100,27.1250,75400
1472826478,27.1400,27.1880,27.1200,27.1650,132300
1472826539,27.1500,27.1650,27.1300,27.1400,66900
1472826599,27.1400,27.1650,27.1300,27.1550,88900
1472826659,27.1100,27.1400,27.0700,27.1400,110900
1472826718,27.0650,27.1100,27.0500,27.1100,107900
1472826779,27.0750,27.1000,27.0700,27.0700,75000
1472826839,27.0700,27.1050,27.0700,27.0800,53400
1472826899,27.0100,27.0700,27.0050,27.0700,145900
1472826959,26.9800,27.0100,26.9450,27.0100,309300
1472827018,26.8800,26.9750,26.8800,26.9750,228000
1472827079,26.8950,26.9200,26.8800,26.8900,217500
1472827139,26.8700,26.8950,26.8100,26.8920,177700
1472827199,26.8800,26.9000,26.8500,26.8700,165200
1472827259,26.8700,26.9000,26.8550,26.8800,131900
1472827318,26.8405,26.8700,26.8300,26.8700,87700
1472827379,26.8200,26.8600,26.8150,26.8400,161400
1472827437,26.8000,26.8500,26.7900,26.8250,169200
1472827499,26.8400,26.8400,26.7950,26.8100,111100
1472827559,26.9000,26.9200,26.8300,26.8300,126700
1472827619,26.9550,26.9800,26.8900,26.9000,87800
1472827679,26.9550,26.9800,26.9450,26.9563,372900
1472827739,26.9550,26.9800,26.9300,26.9500,115700
1472827799,26.9500,26.9700,26.9400,26.9550,86900
1472827859,27.0300,27.0450,26.9500,26.9500,153000
1472827919,27.0199,27.0550,27.0100,27.0350,100100
1472827976,27.0310,27.0500,27.0100,27.0200,80600
1472828039,26.9811,27.0390,26.9800,27.0300,89800
1472828099,26.9400,26.9848,26.9200,26.9848,71000
1472828157,26.9500,26.9700,26.9200,26.9400,82100
1472828216,26.9400,26.9600,26.9400,26.9500,43300
1472828279,26.9000,26.9600,26.9000,26.9427,170100
1472828339,26.8700,26.9049,26.8300,26.9049,162800
1472828399,26.8600,26.9000,26.8600,26.8700,107700
1472828458,26.8500,26.8900,26.8400,26.8700,106000
1472828519,26.8600,26.8600,26.8050,26.8600,89100
1472828523,26.8600,26.8900,26.8500,26.8600,61200
1472828580,26.9500,26.9600,26.8590,26.8600,111500
1472828699,26.9000,26.9500,26.8900,26.9400,114800
1472828754,26.9200,26.9400,26.8950,26.8950,81300
1472828816,26.9100,26.9600,26.9000,26.9300,56400
1472828878,26.9500,26.9500,26.9100,26.9168,34400
1472828931,26.9200,26.9650,26.9200,26.9500,46900
1472828999,26.9301,26.9350,26.9000,26.9100,48000
1472829059,26.9050,26.9350,26.8800,26.9300,74000
1472829060,26.9050,26.9150,26.8900,26.9020,54300
1472829179,26.9250,26.9300,26.9050,26.9100,47100
1472829235,26.9300,26.9400,26.9100,26.9200,51000
1472829299,26.9300,26.9500,26.9100,26.9300,55400
1472829359,26.9600,26.9600,26.9100,26.9300,80900
1472829418,26.9800,26.9989,26.9500,26.9500,83200
1472829479,26.9700,26.9800,26.9600,26.9700,47200
1472829538,27.0067,27.0100,26.9700,26.9700,65400
1472829599,26.9408,27.0150,26.9400,27.0000,174800
1472829659,26.9100,26.9700,26.9100,26.9500,101100
1472829719,26.8300,26.9100,26.8300,26.9100,161500
1472829779,26.8600,26.8800,26.8300,26.8300,484200
1472829780,26.8700,26.8800,26.8450,26.8600,82600
1472829898,26.8800,26.8900,26.8600,26.8604,52700
1472829900,26.8700,26.8850,26.8600,26.8800,54400
1472830019,26.9199,26.9200,26.8700,26.8800,52400
1472830079,26.9300,26.9400,26.9056,26.9200,76700
1472830139,26.9100,26.9400,26.8900,26.9350,66900
1472830199,26.9000,26.9110,26.8750,26.9100,46300
1472830200,26.8900,26.9200,26.8900,26.9000,73800
1472830318,26.8700,26.9050,26.8600,26.9000,34100
1472830377,26.9000,26.9100,26.8700,26.8700,65000
1472830439,26.9500,26.9600,26.8800,26.9100,56100
1472830497,26.9300,26.9700,26.9300,26.9600,114800
1472830500,26.9331,26.9700,26.9200,26.9300,73400
1472830619,26.9500,26.9600,26.9300,26.9400,70300
1472830677,26.9500,26.9700,26.9400,26.9500,64900
1472830735,26.9400,26.9600,26.9350,26.9400,34200
1472830798,26.9900,26.9900,26.9400,26.9400,48800
1472830858,27.0200,27.0200,26.9650,26.9900,127300
1472830860,26.9900,27.0200,26.9900,27.0150,63900
1472830979,27.0300,27.0300,26.9900,27.0000,47200
1472830980,27.0300,27.0500,27.0200,27.0300,56300
1472831099,27.0300,27.0500,27.0300,27.0350,66600
1472831149,27.0301,27.0400,27.0200,27.0300,60900
1472831219,27.0250,27.0300,27.0100,27.0250,47100
1472831277,26.9700,27.0250,26.9600,27.0200,68900
1472831338,26.9700,26.9700,26.9350,26.9600,58500
1472831396,26.9900,27.0077,26.9600,26.9600,37500
1472831400,27.0100,27.0100,26.9800,26.9900,40300
1472831511,27.0000,27.0200,26.9900,27.0100,32300
1472831523,27.0350,27.0400,27.0000,27.0000,27800
1472831638,27.0300,27.0400,27.0000,27.0350,44300
1472831693,27.0150,27.0363,27.0100,27.0300,39600
1472831758,27.0200,27.0500,27.0163,27.0163,44600
1472831815,27.0200,27.0450,27.0100,27.0300,49400
1472831879,27.0100,27.0400,27.0100,27.0250,27700
1472831880,27.0400,27.0400,27.0110,27.0200,49400
1472831995,27.0290,27.0450,27.0250,27.0400,67700
1472832059,27.0650,27.0700,27.0250,27.0300,55400
1472832119,27.0750,27.0900,27.0600,27.0650,42600
1472832172,27.0400,27.0800,27.0300,27.0750,54100
1472832233,27.0100,27.0500,27.0100,27.0400,78500
1472832294,27.0400,27.0450,27.0150,27.0199,59400
1472832355,27.0550,27.0700,27.0400,27.0400,37200
1472832418,27.0500,27.0550,27.0300,27.0500,26400
1472832472,26.9800,27.0565,26.9800,27.0500,73000
1472832537,27.0200,27.0300,26.9900,26.9900,75700
1472832599,27.0400,27.0450,27.0200,27.0200,20400
1472832659,27.0395,27.0550,27.0300,27.0400,45800
1472832716,27.0650,27.0700,27.0400,27.0400,47500
1472832777,27.0700,27.0700,27.0400,27.0650,41000
1472832839,27.0800,27.0800,27.0500,27.0650,23100
1472832896,27.0850,27.0950,27.0700,27.0700,51100
1472832959,27.0900,27.1100,27.0850,27.0850,62900
1472833015,27.0650,27.1100,27.0600,27.0900,53700
1472833020,27.0700,27.0800,27.0500,27.0600,44200
1472833081,27.0800,27.0800,27.0700,27.0779,21500
1472833199,27.0800,27.0950,27.0700,27.0850,37000
1472833201,27.0950,27.1000,27.0750,27.0767,39000
1472833260,27.0950,27.1100,27.0800,27.0946,146800
1472833378,27.1000,27.1100,27.0800,27.0900,89000
1472833439,27.1120,27.1200,27.0900,27.0900,30300
1472833440,27.1150,27.1400,27.1100,27.1150,50700
1472833559,27.1200,27.1350,27.1000,27.1200,41200
1472833616,27.1100,27.1300,27.0850,27.1250,64400
1472833677,27.1250,27.1250,27.1000,27.1100,28500
1472833738,27.1450,27.1600,27.1250,27.1250,61100
1472833741,27.1700,27.1750,27.1450,27.1450,52200
1472833858,27.1800,27.1900,27.1600,27.1650,107800
1472833918,27.2300,27.2300,27.1701,27.1800,152900
1472833977,27.2100,27.2500,27.2100,27.2300,95200
1472833980,27.2150,27.2300,27.2000,27.2200,46700
1472834099,27.2050,27.2200,27.1800,27.2100,73400
1472834157,27.2400,27.2400,27.2005,27.2050,40900
1472834162,27.1950,27.2400,27.1950,27.2400,61400
1472834224,27.1900,27.1950,27.1600,27.1900,60900
1472834339,27.2050,27.2100,27.1900,27.1950,59200
1472834343,27.2250,27.2350,27.2050,27.2100,55800
1472834456,27.2050,27.2400,27.2000,27.2300,63500
1472834518,27.2000,27.2150,27.1900,27.2001,37600
1472834520,27.1834,27.2100,27.1800,27.2100,44300
1472834634,27.2200,27.2200,27.1800,27.1800,26000
1472834695,27.2250,27.2400,27.2200,27.2200,43500
1472834759,27.2600,27.2700,27.2300,27.2300,124400
1472834815,27.2400,27.2700,27.2300,27.2600,54600
1472834874,27.2500,27.2600,27.2300,27.2300,52100
1472834935,27.2400,27.2700,27.2400,27.2600,58200
1472834999,27.2590,27.2650,27.2400,27.2500,57000
1472835058,27.2534,27.2750,27.2500,27.2600,59500
1472835119,27.2300,27.2763,27.2200,27.2500,104800
1472835170,27.2250,27.2263,27.2000,27.2200,47500
1472835180,27.2400,27.2600,27.2300,27.2300,55600
1472835295,27.2100,27.2600,27.2000,27.2400,52200
1472835305,27.2250,27.2300,27.2100,27.2200,50000
1472835418,27.2100,27.2300,27.2100,27.2165,32200
1472835479,27.1850,27.2150,27.1500,27.2100,77800
1472835480,27.2150,27.2200,27.1800,27.1850,77600
1472835590,27.1901,27.2200,27.1890,27.2150,39200
1472835659,27.1950,27.2200,27.1900,27.1950,55400
1472835718,27.1900,27.2100,27.1900,27.1900,55900
1472835773,27.1750,27.2050,27.1700,27.1900,82300
1472835838,27.1650,27.1750,27.1400,27.1700,54100
1472835897,27.1850,27.1850,27.1600,27.1650,64600
1472835900,27.1800,27.1950,27.1700,27.1850,58200
1472835963,27.1750,27.1850,27.1600,27.1800,43800
1472836079,27.1500,27.1800,27.1500,27.1800,34200
1472836137,27.1900,27.1900,27.1500,27.1600,59800
1472836199,27.2100,27.2100,27.1800,27.1900,34000
1472836257,27.2365,27.2400,27.2100,27.2100,46100
1472836314,27.2450,27.2500,27.2350,27.2350,32600
1472836377,27.2390,27.2550,27.2300,27.2400,47700
1472836439,27.2548,27.2600,27.2350,27.2400,47800
1472836442,27.2400,27.2650,27.2400,27.2550,61500
1472836557,27.2400,27.2500,27.2300,27.2400,32200
1472836614,27.2500,27.2500,27.2350,27.2450,40100
1472836620,27.2530,27.2700,27.2500,27.2500,64300
1472836739,27.2550,27.2600,27.2400,27.2599,59000
1472836798,27.1965,27.2550,27.1900,27.2550,32200
1472836858,27.1900,27.2150,27.1900,27.2000,55100
1472836918,27.1900,27.2100,27.1900,27.2000,66200
1472836979,27.2000,27.2050,27.1805,27.1833,44500
1472837039,27.1800,27.2100,27.1800,27.2000,30300
1472837042,27.2200,27.2200,27.1700,27.1700,59900
1472837157,27.2150,27.2300,27.2000,27.2200,31900
1472837219,27.2000,27.2150,27.1900,27.2100,31600
1472837278,27.2100,27.2250,27.1952,27.1952,40300
1472837334,27.2200,27.2300,27.2095,27.2100,39100
1472837342,27.2450,27.2500,27.2000,27.2200,61200
1472837459,27.2500,27.2600,27.2400,27.2500,33200
1472837519,27.2500,27.2650,27.2400,27.2600,47000
1472837574,27.2510,27.2599,27.2450,27.2500,49600
1472837638,27.2500,27.2600,27.2401,27.2600,42400
1472837693,27.2350,27.2550,27.2200,27.2500,84900
1472837757,27.2250,27.2400,27.2100,27.2350,44500
1472837819,27.2050,27.2400,27.2000,27.2250,47900
1472837877,27.2150,27.2150,27.2000,27.2100,25200
1472837881,27.2000,27.2150,27.2000,27.2150,54000
1472837999,27.1800,27.2100,27.1700,27.2100,33800
1472838059,27.1250,27.1800,27.1200,27.1700,53400
1472838119,27.1100,27.1300,27.1000,27.1200,103700
1472838120,27.1250,27.1300,27.1150,27.1150,28000
1472838184,27.1674,27.1800,27.1267,27.1300,74600
1472838243,27.1799,27.1950,27.1700,27.1700,39500
1472838359,27.1700,27.1850,27.1450,27.1800,66700
1472838419,27.1800,27.1900,27.1648,27.1695,63200
1472838478,27.1800,27.1900,27.1750,27.1800,46700
1472838537,27.1700,27.1900,27.1600,27.1850,32300
1472838598,27.1600,27.1800,27.1600,27.1750,37700
1472838659,27.1750,27.1750,27.1450,27.1600,36900
1472838718,27.1500,27.1800,27.1300,27.1735,69400
1472838779,27.1350,27.1400,27.1300,27.1400,46400
1472838833,27.1300,27.1550,27.1300,27.1400,62200
1472838892,27.1600,27.1600,27.1350,27.1400,37800
1472838903,27.1500,27.1700,27.1500,27.1600,34900
1472839019,27.1600,27.1600,27.1400,27.1550,51100
1472839020,27.1700,27.1700,27.1550,27.1600,26900
1472839138,27.1800,27.1800,27.1700,27.1700,26500
1472839199,27.1800,27.1850,27.1700,27.1700,44600
1472839259,27.1466,27.1784,27.1466,27.1784,46100
1472839315,27.1600,27.1600,27.1400,27.1500,28100
1472839377,27.1650,27.1750,27.1565,27.1600,48700
1472839438,27.1850,27.1950,27.1650,27.1650,53100
1472839499,27.2000,27.2050,27.1700,27.1800,120300
1472839551,27.2092,27.2250,27.2000,27.2057,69400
1472839560,27.2150,27.2200,27.2050,27.2100,33100
1472839620,27.2400,27.2450,27.2150,27.2150,96800
1472839739,27.2200,27.2450,27.2200,27.2400,49500
1472839797,27.2150,27.2350,27.2100,27.2250,66300
1472839858,27.2200,27.2300,27.2000,27.2200,56300
1472839911,27.2250,27.2250,27.2100,27.2100,29300
1472839975,27.2300,27.2350,27.2200,27.2300,25800
1472840036,27.2150,27.2300,27.2100,27.2250,28800
1472840042,27.2349,27.2400,27.2148,27.2150,44500
1472840159,27.2400,27.2450,27.2300,27.2350,79500
1472840217,27.2433,27.2600,27.2400,27.2450,47300
1472840279,27.2450,27.2500,27.2200,27.2500,46000
1472840280,27.2300,27.2450,27.2200,27.2450,52900
1472840345,27.2400,27.2500,27.2300,27.2300,36500
1472840409,27.2350,27.2450,27.2300,27.2400,24900
1472840518,27.2400,27.2400,27.2200,27.2300,21500
1472840578,27.2450,27.2450,27.2350,27.2400,39100
1472840639,27.2450,27.2500,27.2300,27.2400,46500
1472840699,27.2150,27.2450,27.2100,27.2450,45000
1472840759,27.2450,27.2450,27.2200,27.2200,32600
1472840818,27.2300,27.2450,27.2200,27.2450,36600
1472840879,27.2300,27.2500,27.2300,27.2350,46500
1472840939,27.2400,27.2400,27.2200,27.2350,16000
1472840998,27.2450,27.2600,27.2200,27.2350,232400
1472841000,27.2450,27.2500,27.2300,27.2450,36700
1472841119,27.2700,27.2700,27.2300,27.2500,91200
1472841169,27.2600,27.2700,27.2500,27.2650,30800
1472841239,27.2652,27.2800,27.2600,27.2600,48300
1472841299,27.2500,27.2650,27.2400,27.2650,38700
1472841358,27.2600,27.2600,27.2400,27.2500,35700
1472841363,27.2569,27.2600,27.2500,27.2550,31000
1472841478,27.2700,27.2750,27.2590,27.2600,47300
1472841539,27.2900,27.2900,27.2700,27.2800,28800
1472841599,27.2900,27.3000,27.2800,27.2800,59500
1472841658,27.2950,27.3000,27.2900,27.2950,62700
1472841719,27.2900,27.3099,27.2900,27.2965,96000
1472841769,27.2950,27.3000,27.2900,27.2950,42300
1472841836,27.3135,27.3200,27.2950,27.2980,105000
1472841899,27.3350,27.3400,27.3100,27.3200,204400
1472841959,27.3400,27.3500,27.3200,27.3350,65000
1472842014,27.3100,27.3500,27.2900,27.3400,66700
1472842077,27.3100,27.3100,27.3000,27.3100,39600
1472842139,27.3150,27.3200,27.3050,27.3050,41600
1472842195,27.2950,27.3250,27.2950,27.3200,34200
1472842259,27.3150,27.3250,27.2900,27.2900,47600
1472842260,27.3400,27.3400,27.3150,27.3199,58000
1472842375,27.3400,27.3500,27.3400,27.3400,52300
1472842438,27.3400,27.3500,27.3400,27.3450,53800
1472842497,27.3599,27.3600,27.3400,27.3500,39500
1472842552,27.3450,27.3600,27.3400,27.3550,56000
1472842617,27.3350,27.3450,27.3200,27.3400,36500
1472842678,27.3300,27.3400,27.3300,27.3400,68000
1472842739,27.3100,27.3350,27.3100,27.3350,38700
1472842792,27.3150,27.3200,27.3000,27.3100,87000
1472842858,27.3450,27.3500,27.3150,27.3163,46500
1472842918,27.3400,27.3500,27.3300,27.3400,48300
1472842977,27.3450,27.3500,27.3300,27.3400,45100
1472843037,27.3550,27.3800,27.3400,27.3400,84600
1472843095,27.3700,27.3700,27.3500,27.3600,97900
1472843159,27.3650,27.3700,27.3500,27.3650,61200
1472843219,27.3700,27.3750,27.3500,27.3650,64100
1472843279,27.3850,27.3900,27.3700,27.3700,105700
1472843335,27.3800,27.3800,27.3700,27.3750,21500
1472843393,27.3900,27.3950,27.3750,27.3800,77000
1472843459,27.3100,27.3850,27.3100,27.3800,99800
1472843519,27.3200,27.3563,27.3100,27.3200,252100
1472843577,27.3400,27.3400,27.3200,27.3200,46200
1472843639,27.3600,27.3600,27.3350,27.3400,56000
1472843641,27.3750,27.3850,27.3400,27.3600,108400
1472843752,27.3700,27.3750,27.3500,27.3700,36000
1472843816,27.3750,27.3800,27.3600,27.3650,38800
1472843821,27.3350,27.3750,27.3300,27.3750,53400
1472843938,27.3600,27.3700,27.3300,27.3300,103600
1472843997,27.3548,27.3600,27.3548,27.3550,8600
1472844057,27.3550,27.3700,27.3500,27.3600,52400
1472844119,27.3700,27.3700,27.3500,27.3500,72600
1472844179,27.3700,27.3700,27.3600,27.3600,48300
1472844180,27.3777,27.3900,27.3700,27.3700,96000
1472844299,27.3800,27.3900,27.3700,27.3800,66900
1472844359,27.3900,27.4000,27.3800,27.3800,91400
1472844419,27.3850,27.3900,27.3800,27.3850,86500
1472844479,27.3700,27.3850,27.3700,27.3850,81200
1472844539,27.3700,27.3800,27.3700,27.3750,87300
1472844599,27.3600,27.3800,27.3600,27.3750,99500
1472844600,27.3575,27.3650,27.3500,27.3600,87300
1472844719,27.3550,27.3800,27.3500,27.3600,112400
1472844779,27.3200,27.3600,27.3100,27.3550,63400
1472844839,27.3373,27.3400,27.3100,27.3150,87300
1472844898,27.3400,27.3500,27.3200,27.3350,111700
1472844958,27.3550,27.3700,27.3400,27.3400,114300
1472845019,27.3500,27.3550,27.3450,27.3550,110600
1472845079,27.3450,27.3550,27.3400,27.3550,63900
1472845139,27.3450,27.3600,27.3400,27.3500,82600
1472845199,27.3450,27.3500,27.3400,27.3500,102400
1472845258,27.3300,27.3700,27.3300,27.3500,133500
1472845319,27.3350,27.3400,27.3300,27.3300,65700
1472845320,27.3400,27.3400,27.3300,27.3350,63600
1472845438,27.3590,27.3600,27.3300,27.3400,86300
1472845499,27.3550,27.3600,27.3500,27.3550,101000
1472845559,27.3650,27.3700,27.3500,27.3550,123400
1472845617,27.3700,27.3800,27.3600,27.3700,127900
1472845679,27.3500,27.3700,27.3400,27.3700,246700
1472845738,27.3450,27.3600,27.3400,27.3500,95900
1472845799,27.3700,27.3800,27.3400,27.3450,270200
1472845859,27.3600,27.3700,27.3500,27.3600,140700
1472845860,27.3650,27.3700,27.3500,27.3600,246800
1472845979,27.3650,27.3700,27.3600,27.3700,179900
1472845980,27.3400,27.3700,27.3400,27.3650,180200
1472846040,27.3300,27.3500,27.3200,27.3400,197100
1472846159,27.3450,27.3600,27.3200,27.3250,237200
1472846219,27.3550,27.3600,27.3450,27.3450,198100
1472846279,27.3800,27.3800,27.3500,27.3600,414600
1472846280,27.4000,27.4400,27.3600,27.3800,951700
1472846399,27.3600,27.4100,27.3100,27.4000,980200
1472846400,27.3500,27.3500,27.3500,27.3500,400
