uri:/instrument/1.0/SPGI/chartdata;type=quote;range=1d/csv
ticker:spgi
Company-Name:S&P Global Inc. Common Stock
Exchange-Name:NYQ
unit:MIN
timezone:EDT
currency:USD
gmtoffset:-14400
previous_close:122.9700
Timestamp:1472650200,1472673600
labels:1472652000,1472655600,1472659200,1472662800,1472666400,1472670000,1472673600
values:Timestamp,close,high,low,open,volume
close:122.5900,124.3300
high:122.6150,124.5500
low:122.5900,124.2200
open:122.5900,124.3000
volume:100,183500
1472650288,122.8300,122.8300,122.8300,122.8300,8300
1472650362,122.9800,122.9800,122.9800,122.9800,100
1472650400,123.0750,123.0750,123.0750,123.0750,100
1472650477,122.8300,122.8450,122.6300,122.8450,1100
1472650521,122.8600,122.8800,122.7600,122.8400,1900
1472650594,122.8700,123.0500,122.8700,122.9800,2000
1472650630,122.9750,122.9750,122.9750,122.9750,200
1472650720,123.0000,123.0850,123.0000,123.0150,2700
1472650745,123.2400,123.2500,123.1150,123.1150,2500
1472650849,123.2350,123.2500,123.1900,123.2000,1500
1472650873,123.1900,123.2250,123.1100,123.2250,1700
1472650923,123.3600,123.3600,123.1300,123.2150,23900
1472650994,123.4600,123.4600,123.2700,123.2700,4000
1472651070,123.4100,123.4100,123.4100,123.4100,200
1472651144,123.4300,123.4800,123.4300,123.4800,500
1472651174,123.4150,123.4700,123.4150,123.4700,500
1472651279,123.4000,123.4600,123.3600,123.4150,9900
1472651335,123.7300,123.7400,123.4000,123.4000,13500
1472651356,123.8800,123.9489,123.6550,123.6550,4000
1472651414,123.7900,123.9150,123.7800,123.9000,1700
1472651572,123.7750,123.8050,123.7400,123.7800,2900
1472651604,123.9200,123.9200,123.8200,123.8200,600
1472651672,123.7975,123.8350,123.7850,123.8000,1700
1472651755,123.8200,123.8200,123.8200,123.8200,100
1472651763,123.9000,123.9000,123.9000,123.9000,400
1472651879,123.9100,123.9400,123.8850,123.9050,1400
1472651893,123.8600,123.9800,123.8600,123.9600,3600
1472651945,123.8400,123.9000,123.8400,123.8750,600
1472652056,123.8850,123.9000,123.8500,123.9000,2400
1472652071,123.9300,123.9700,123.8850,123.8850,3000
1472652173,123.8250,123.8900,123.8250,123.8900,1200
1472652185,123.8200,123.8200,123.8100,123.8100,600
1472652272,123.7900,123.8299,123.7850,123.8299,700
1472652339,123.8500,123.8500,123.8000,123.8000,400
1472652376,123.8900,123.8900,123.8200,123.8799,1700
1472652433,123.8700,123.9200,123.8400,123.9000,3400
1472652539,123.8750,123.9000,123.8350,123.8350,2500
1472652540,123.8950,123.9500,123.8900,123.9000,3800
1472652640,123.9000,123.9000,123.9000,123.9000,200
1472652698,123.8750,123.9000,123.8750,123.9000,800
1472652728,123.9200,123.9200,123.8600,123.8793,4100
1472652782,123.9300,123.9500,123.8825,123.9100,8600
1472652878,123.8650,123.8650,123.8650,123.8650,300
1472652900,123.8900,123.9600,123.8550,123.9000,6700
1472653011,123.9150,123.9500,123.8800,123.8800,3700
1472653077,123.9400,124.0800,123.9300,123.9400,5300
1472653183,123.9400,123.9800,123.9200,123.9200,5200
1472653202,123.9100,123.9400,123.9100,123.9400,700
1472653270,124.1900,124.1900,123.9300,123.9300,27600
1472653378,124.0000,124.2800,123.9700,124.1900,21500
1472653420,124.0299,124.0550,123.8536,124.0550,9300
1472653498,123.8900,123.9200,123.8900,123.9200,600
1472653504,123.8700,123.8700,123.8700,123.8700,300
1472653565,123.8300,123.8600,123.8100,123.8100,800
1472653629,123.9900,123.9900,123.8500,123.8500,1700
1472653738,124.0800,124.0800,124.0800,124.0800,100
1472653742,124.0300,124.1600,124.0300,124.0800,4300
1472653818,124.1200,124.1200,123.9700,123.9900,6900
1472653886,124.2600,124.2700,124.1200,124.1300,6100
1472653940,124.1400,124.2700,124.1400,124.2600,4200
1472654011,124.1150,124.1150,124.1150,124.1150,600
1472654076,124.0300,124.1300,124.0300,124.1150,5000
1472654109,123.8400,123.9200,123.8400,123.9200,1200
1472654164,123.9500,123.9500,123.8500,123.9000,2200
1472654262,123.9850,124.0400,123.9500,123.9650,4200
1472654296,124.0300,124.0300,123.9400,123.9500,1500
1472654397,124.0300,124.0700,124.0200,124.0200,1700
1472654407,124.0100,124.0800,123.9700,124.0500,4900
1472654468,123.9300,123.9600,123.9300,123.9300,1600
1472654537,123.8500,123.9600,123.8500,123.9000,2200
1472654606,123.8200,123.8500,123.7600,123.7600,1100
1472654677,123.9200,123.9200,123.7900,123.7900,1200
1472654712,124.0100,124.0100,123.9600,123.9600,1100
1472654812,124.0100,124.1100,124.0100,124.0950,2200
1472654867,123.9800,124.0300,123.9700,124.0300,3500
1472654882,123.9400,123.9800,123.9400,123.9800,700
1472655016,123.9189,123.9600,123.8900,123.9600,2700
1472655104,123.9900,123.9900,123.9900,123.9900,700
1472655158,124.0300,124.0300,124.0300,124.0300,300
1472655236,124.2800,124.5500,124.0280,124.0280,67600
1472655293,124.3300,124.4200,124.2100,124.2500,27100
1472655310,124.3200,124.3400,123.9300,124.2000,27500
1472655402,124.2300,124.4300,124.2200,124.3000,35800
1472655473,124.2200,124.2300,124.2200,124.2300,3000
1472655587,124.0100,124.0600,124.0000,124.0600,1300
1472655600,123.9500,123.9500,123.8500,123.9300,3200
1472655671,123.9300,123.9700,123.8940,123.8940,5600
1472655758,123.9000,123.9100,123.9000,123.9100,300
1472655785,123.8200,123.8700,123.8100,123.8200,2400
1472655897,123.8800,123.8800,123.8300,123.8400,1800
1472655955,123.7200,123.8550,123.7200,123.8300,3500
1472655986,123.6400,123.7200,123.6400,123.7200,600
1472656078,123.5900,123.6200,123.5600,123.6200,800
1472656080,123.5200,123.5900,123.5100,123.5900,700
1472656194,123.6500,123.6500,123.5800,123.5800,2600
1472656222,123.6700,123.6700,123.6400,123.6400,1200
1472656317,123.8400,123.8400,123.6650,123.6650,3300
1472656339,123.8050,123.8300,123.7900,123.7900,1400
1472656395,123.7700,123.8100,123.7200,123.8100,9000
1472656463,123.7700,123.8100,123.7700,123.8000,600
1472656504,123.6600,123.7700,123.6600,123.7700,3100
1472656619,123.6800,123.7300,123.6650,123.6700,3000
1472656648,123.6600,123.6900,123.6300,123.6900,2500
1472656689,123.6400,123.6400,123.6400,123.6400,1300
1472656751,123.5900,123.6100,123.5900,123.6100,200
1472656815,123.6100,123.6200,123.6100,123.6200,300
1472656965,123.6900,123.6900,123.6600,123.6600,3000
1472657004,123.6600,123.6900,123.6600,123.6900,500
1472657088,123.7400,123.7800,123.6800,123.6800,2200
1472657101,123.7700,123.7700,123.7500,123.7500,1000
1472657190,123.7500,123.8100,123.7350,123.8050,5800
1472657225,123.7450,123.7600,123.7200,123.7300,1200
1472657306,123.7700,123.7700,123.7500,123.7500,700
1472657373,123.8650,123.8650,123.7900,123.8000,2600
1472657414,123.8600,123.9300,123.8200,123.8700,5700
1472657515,123.8950,123.8950,123.8950,123.8950,200
1472657524,123.9300,123.9300,123.9300,123.9300,500
1472657603,123.8500,123.9200,123.8100,123.8900,4600
1472657640,123.7600,123.8450,123.7600,123.8450,900
1472657744,123.6900,123.6900,123.6900,123.6900,500
1472657787,123.6806,123.6806,123.6806,123.6806,1800
1472657856,123.7450,123.7800,123.7400,123.7400,700
1472657909,123.7950,123.8000,123.7450,123.7450,1500
1472658055,123.6900,123.8200,123.6900,123.7700,3200
1472658063,123.5900,123.6600,123.5900,123.6600,400
1472658154,123.5500,123.5800,123.5500,123.5800,400
1472658203,123.5800,123.5800,123.5600,123.5800,900
1472658244,123.7050,123.7300,123.6200,123.6200,31800
1472658323,123.7200,123.7200,123.7200,123.7200,100
1472658368,123.5950,123.6000,123.5900,123.5900,33100
1472658455,123.4800,123.5400,123.4800,123.5400,1600
1472658490,123.4200,123.4700,123.4100,123.4700,2000
1472658568,123.5800,123.5900,123.4200,123.4200,3900
1472658683,123.5650,123.5800,123.5400,123.5800,1400
1472658758,123.4900,123.5600,123.4900,123.5200,800
1472658780,123.4800,123.5300,123.4800,123.5300,400
1472658891,123.5100,123.5500,123.5100,123.5500,200
1472658901,123.4800,123.4800,123.4800,123.4800,100
1472658966,123.3400,123.4800,123.3400,123.4800,1900
1472659038,123.2548,123.3000,123.2548,123.3000,1000
1472659094,123.2400,123.2400,123.2400,123.2400,300
1472659195,123.2950,123.2950,123.2000,123.2500,2000
1472659200,122.9600,123.3000,122.9600,123.3000,3400
1472659260,123.0600,123.2100,122.9200,122.9500,3800
1472659361,123.0500,123.0900,123.0300,123.0800,1400
1472659420,123.0700,123.0700,123.0700,123.0700,100
1472659474,123.0000,123.0000,123.0000,123.0000,1400
1472659548,123.0000,123.0100,122.9600,122.9600,800
1472659669,122.9602,122.9602,122.9500,122.9500,300
1472659715,123.0000,123.0000,123.0000,123.0000,100
1472659791,123.0004,123.0200,123.0004,123.0200,900
1472659909,122.9900,123.0200,122.9850,122.9850,5100
1472659920,122.9900,122.9900,122.9900,122.9900,500
1472659987,122.8600,122.9600,122.8600,122.9600,1300
1472660040,122.9100,122.9100,122.8400,122.8400,900
1472660136,122.7900,122.7900,122.7900,122.7900,300
1472660189,122.6400,122.6400,122.6400,122.6400,400
1472660336,122.5900,122.6200,122.5900,122.6200,700
1472660356,122.6750,122.6750,122.6300,122.6300,2300
1472660479,122.6900,122.7200,122.6800,122.6900,1300
1472660520,122.7200,122.7200,122.7000,122.7000,800
1472660653,122.6500,122.7000,122.6400,122.7000,2900
1472660811,122.5900,122.6150,122.5900,122.6150,200
1472660863,122.6800,122.6800,122.5900,122.5900,1900
1472661091,122.6550,122.6800,122.6200,122.6500,3200
1472661176,122.6100,122.6600,122.6100,122.6600,4100
1472661183,122.6500,122.6600,122.5900,122.6250,2900
1472661284,122.7100,122.7100,122.6700,122.6700,500
1472661315,122.7600,122.7600,122.7400,122.7500,800
1472661372,122.9000,122.9200,122.8600,122.8800,3700
1472661450,122.8900,122.8900,122.8900,122.8900,300
1472661506,122.9600,122.9600,122.9300,122.9300,1000
1472661600,122.9700,123.0200,122.9700,122.9900,1000
1472661673,122.9300,122.9600,122.9300,122.9600,2900
1472661734,122.9100,122.9500,122.9100,122.9500,600
1472661814,122.9600,122.9600,122.9300,122.9400,800
1472661845,122.8904,122.9000,122.8600,122.8900,2100
1472661914,122.9000,122.9400,122.9000,122.9200,900
1472661988,122.8900,122.9500,122.8900,122.9500,1300
1472662050,122.9400,122.9400,122.8900,122.8900,1200
1472662096,122.9400,122.9700,122.9400,122.9700,400
1472662190,123.0000,123.0000,123.0000,123.0000,600
1472662206,122.9100,122.9650,122.9100,122.9650,1600
1472662323,122.8700,122.9700,122.8700,122.9300,2100
1472662424,122.8800,122.8800,122.8800,122.8800,100
1472662450,122.8400,122.8400,122.8000,122.8000,1600
1472662500,122.8600,122.8600,122.8400,122.8400,1200
1472662636,122.8400,122.8400,122.8000,122.8000,1200
1472662695,122.8700,122.8800,122.8600,122.8600,600
1472662839,122.8200,122.8200,122.7900,122.8200,1600
1472662864,122.7900,122.7900,122.7500,122.7900,700
1472662932,122.7400,122.7800,122.7400,122.7510,3000
1472662999,122.7250,122.7300,122.7200,122.7300,300
1472663065,122.6500,122.7000,122.6500,122.7000,1200
1472663103,122.7700,122.7700,122.6400,122.6800,4300
1472663205,122.8100,122.8100,122.8100,122.8100,300
1472663265,122.8600,122.8600,122.8600,122.8600,700
1472663294,122.8400,122.8400,122.8200,122.8400,1200
1472663400,122.8200,122.8400,122.8000,122.8200,1300
1472663501,122.8100,122.8200,122.8100,122.8200,400
1472663548,122.8100,122.8100,122.8100,122.8100,200
1472663610,122.8170,122.8170,122.8170,122.8170,800
1472663716,122.7535,122.8500,122.7400,122.8200,3100
1472663811,122.7800,122.7800,122.7800,122.7800,100
1472663841,122.8900,122.8900,122.8100,122.8100,3000
1472663969,122.9000,122.9000,122.8800,122.8900,1800
1472664210,122.9400,122.9600,122.9400,122.9400,2200
1472664293,123.1000,123.1000,122.9800,122.9800,17400
1472664302,123.0600,123.1100,123.0500,123.0500,11300
1472664363,123.0200,123.0650,123.0200,123.0600,27500
1472664530,123.0564,123.0564,123.0564,123.0564,300
1472664585,123.1400,123.1800,123.0700,123.0700,4000
1472664649,123.1175,123.2000,123.1000,123.1200,1000
1472664716,123.0500,123.1350,123.0500,123.1350,3900
1472664755,123.0100,123.0500,123.0100,123.0500,500
1472664846,123.1200,123.1200,123.0200,123.0300,2300
1472664902,123.1600,123.1600,123.0900,123.1300,900
1472665013,123.1500,123.1800,123.1100,123.1450,1300
1472665021,123.1450,123.1450,123.1450,123.1450,400
1472665086,123.2000,123.2000,123.1550,123.1550,800
1472665147,123.2200,123.2200,123.2100,123.2100,700
1472665246,123.3300,123.3300,123.2500,123.2500,900
1472665268,123.4500,123.4500,123.3500,123.3500,1100
1472665327,123.4200,123.4400,123.3800,123.4100,1700
1472665401,123.4700,123.4800,123.4700,123.4700,600
1472665499,123.5150,123.5600,123.4600,123.4600,5400
1472665510,123.5300,123.5700,123.4700,123.5700,2500
1472665573,123.5100,123.5400,123.5100,123.5400,1400
1472665679,123.5400,123.5400,123.4700,123.4700,500
1472665694,123.5050,123.5400,123.5050,123.5400,800
1472665755,123.5000,123.5400,123.5000,123.5400,400
1472665828,123.4950,123.5300,123.4700,123.5300,600
1472665871,123.4400,123.4700,123.4300,123.4700,3700
1472665963,123.3900,123.4450,123.3900,123.4450,200
1472665999,123.4400,123.4400,123.4000,123.4000,400
1472666069,123.4400,123.4400,123.3900,123.4150,2000
1472666150,123.4700,123.4700,123.4100,123.4700,600
1472666212,123.4276,123.4276,123.4276,123.4276,500
1472666274,123.4400,123.4400,123.4000,123.4200,1300
1472666289,123.4400,123.5100,123.4400,123.4500,22800
1472666390,123.4500,123.4900,123.4500,123.4900,300
1472666490,123.4400,123.4500,123.4300,123.4500,1200
1472666524,123.4200,123.4200,123.4000,123.4200,500
1472666603,123.4150,123.4150,123.4150,123.4150,1700
1472666713,123.6000,123.6100,123.5800,123.5800,2600
1472666812,123.7200,123.7200,123.6000,123.6608,1500
1472666855,123.6600,123.6600,123.6600,123.6600,600
1472666939,123.6900,123.6900,123.6900,123.6900,400
1472666941,123.7100,123.7800,123.6900,123.6900,3200
1472667042,123.7000,123.7300,123.6900,123.7100,1600
1472667115,123.7000,123.7000,123.6800,123.6800,300
1472667125,123.6800,123.7000,123.6800,123.7000,600
1472667184,123.7000,123.7160,123.7000,123.7160,500
1472667243,123.6600,123.7200,123.6600,123.7200,4600
1472667325,123.6800,123.6800,123.6400,123.6400,300
1472667380,123.6800,123.7400,123.6800,123.7100,2000
1472667440,123.5500,123.6900,123.5500,123.6900,7200
1472667525,123.5950,123.5950,123.5700,123.5700,5200
1472667589,123.5500,123.5700,123.5500,123.5700,800
1472667602,123.5500,123.5500,123.5400,123.5400,600
1472667670,123.5400,123.5500,123.5400,123.5500,2400
1472667731,123.4700,123.5550,123.4700,123.5400,2100
1472667785,123.4850,123.4900,123.4850,123.4900,500
1472667852,123.4100,123.4800,123.4050,123.4500,1800
1472667921,123.4200,123.4300,123.3800,123.3800,2000
1472668066,123.4600,123.4600,123.3800,123.3800,1700
1472668119,123.4300,123.4300,123.4300,123.4300,100
1472668142,123.4950,123.4950,123.4700,123.4700,1600
1472668202,123.4500,123.4750,123.4500,123.4750,800
1472668312,123.4100,123.4700,123.4100,123.4700,2000
1472668323,123.3900,123.4100,123.3900,123.4100,800
1472668399,123.4300,123.4400,123.3900,123.3900,1900
1472668445,123.4800,123.4800,123.4700,123.4700,600
1472668501,123.4350,123.4600,123.4100,123.4400,1800
1472668586,123.4000,123.4100,123.4000,123.4100,200
1472668677,123.4800,123.4800,123.4100,123.4150,2300
1472668680,123.4500,123.4500,123.4300,123.4301,600
1472668783,123.4550,123.4550,123.4550,123.4550,200
1472668859,123.4300,123.4800,123.4200,123.4600,2200
1472668860,123.3700,123.4300,123.3700,123.4100,1300
1472668924,123.3700,123.3700,123.3100,123.3100,300
1472669030,123.3400,123.3600,123.3200,123.3200,2000
1472669079,123.3200,123.3200,123.3200,123.3200,100
1472669144,123.3800,123.3900,123.3600,123.3600,1600
1472669176,123.4000,123.4000,123.3800,123.3800,1400
1472669390,123.4000,123.4000,123.4000,123.4000,700
1472669419,123.3650,123.3900,123.3650,123.3900,1700
1472669469,123.3150,123.3500,123.3150,123.3500,600
1472669525,123.3900,123.3900,123.3399,123.3399,1400
1472669655,123.4600,123.4600,123.4100,123.4100,1900
1472669758,123.3700,123.4300,123.3700,123.4000,2300
1472669819,123.3700,123.3799,123.3300,123.3600,2000
1472669851,123.3600,123.4000,123.3600,123.4000,1400
1472669922,123.3350,123.3500,123.3350,123.3500,900
1472669962,123.3400,123.3400,123.3400,123.3400,500
1472670041,123.3850,123.3850,123.2800,123.2900,1900
1472670076,123.4300,123.4300,123.4300,123.4300,400
1472670146,123.4000,123.4600,123.4000,123.4600,1500
1472670234,123.4400,123.4400,123.4300,123.4400,900
1472670246,123.4800,123.4800,123.4800,123.4800,900
1472670353,123.4950,123.5000,123.4699,123.5000,800
1472670410,123.4400,123.4700,123.4400,123.4700,1900
1472670479,123.4700,123.4700,123.4200,123.4200,1000
1472670531,123.5000,123.5100,123.4800,123.4800,900
1472670597,123.4900,123.5300,123.4900,123.5150,3800
1472670649,123.5100,123.5200,123.4900,123.5200,2600
1472670665,123.4400,123.4900,123.4400,123.4900,2000
1472670724,123.3900,123.4200,123.3900,123.4200,700
1472670783,123.4900,123.4900,123.4200,123.4300,2100
1472670864,123.5400,123.5400,123.5000,123.5000,1400
1472670902,123.5500,123.5500,123.5300,123.5500,1100
1472670976,123.5100,123.5600,123.5100,123.5600,500
1472671055,123.5000,123.5400,123.5000,123.5400,500
1472671083,123.4200,123.4900,123.3900,123.4900,4000
1472671196,123.4800,123.4800,123.4800,123.4800,100
1472671208,123.4500,123.5000,123.4500,123.5000,1000
1472671268,123.4500,123.4600,123.4300,123.4300,1800
1472671373,123.4350,123.4700,123.4350,123.4600,700
1472671437,123.5200,123.5200,123.4600,123.4800,1500
1472671493,123.5300,123.5700,123.5000,123.5100,2200
1472671506,123.5300,123.5500,123.5150,123.5500,1500
1472671565,123.5800,123.5800,123.5000,123.5250,1000
1472671635,123.6000,123.6600,123.6000,123.6000,2700
1472671687,123.6000,123.6000,123.5100,123.5850,3800
1472671740,123.5300,123.5850,123.5300,123.5700,2000
1472671809,123.5400,123.5600,123.5100,123.5100,2500
1472671867,123.5400,123.5900,123.5300,123.5400,5800
1472671968,123.5800,123.5800,123.5800,123.5800,800
1472672028,123.5250,123.5250,123.4900,123.5100,1400
1472672055,123.4800,123.5000,123.4500,123.5000,4000
1472672154,123.5500,123.5500,123.4700,123.4800,4100
1472672167,123.5700,123.5700,123.4900,123.5300,1900
1472672279,123.5200,123.6100,123.5200,123.6000,4500
1472672285,123.5500,123.5500,123.5000,123.5200,1700
1472672389,123.4800,123.5500,123.4700,123.5500,2000
1472672403,123.5300,123.5300,123.4700,123.4800,3100
1472672471,123.5800,123.5800,123.5350,123.5400,2100
1472672524,123.5800,123.5800,123.5400,123.5500,2600
1472672634,123.5300,123.5600,123.5100,123.5600,2400
1472672642,123.5550,123.5600,123.5200,123.5500,4600
1472672756,123.5400,123.5700,123.5300,123.5500,2100
1472672809,123.5400,123.5700,123.5400,123.5500,8900
1472672870,123.5300,123.5500,123.4600,123.5500,3900
1472672934,123.4900,123.5500,123.4900,123.5500,2000
1472672997,123.4500,123.5200,123.4500,123.5200,3200
1472673002,123.4750,123.4750,123.4400,123.4600,6500
1472673062,123.5100,123.5100,123.4900,123.4900,2700
1472673178,123.4700,123.5350,123.4300,123.5350,7500
1472673230,123.4400,123.4700,123.4400,123.4700,3400
1472673295,123.4150,123.4600,123.4150,123.4600,4700
1472673301,123.4250,123.4250,123.3850,123.4200,13700
1472673413,123.4700,123.4700,123.4400,123.4450,3400
1472673473,123.5200,123.5200,123.4600,123.4600,8500
1472673482,123.5600,123.5600,123.5150,123.5200,10800
1472673599,123.5200,123.6200,123.5200,123.5600,23700
1472673600,123.5400,123.5400,123.5400,123.5400,183500
