uri:/instrument/1.0/VIA/chartdata;type=quote;range=1d/csv
ticker:via
Company-Name:Viacom Inc.
Exchange-Name:NMS
unit:MIN
timezone:EDT
currency:USD
gmtoffset:-14400
previous_close:44.4200
Timestamp:1472823000,1472846400
labels:1472824800,1472828400,1472832000,1472835600,1472839200,1472842800,1472846400
values:Timestamp,close,high,low,open,volume
close:44.4600,45.0800
high:44.4600,45.0900
low:44.4600,45.0800
open:44.4600,45.0900
volume:0,2100
1472823201,44.9400,44.9400,44.8800,44.8800,1100
1472823322,44.9400,44.9400,44.9400,44.9400,100
1472823373,44.6900,44.7500,44.6900,44.7500,200
1472823610,44.8300,44.8300,44.8000,44.8300,500
1472823692,44.8974,44.8974,44.8974,44.8974,200
1472823837,44.9200,44.9200,44.9200,44.9200,100
1472823967,44.9450,45.0900,44.9450,45.0900,300
1472824052,44.9600,44.9600,44.9600,44.9600,300
1472824582,44.8800,44.8800,44.8800,44.8800,300
1472825134,44.9600,44.9600,44.8300,44.8500,400
1472825180,44.8900,44.8900,44.8244,44.8700,1200
1472825238,44.7900,44.8150,44.7900,44.8150,200
1472825336,44.6861,44.6861,44.6861,44.6861,600
1472826096,44.8400,44.8400,44.8400,44.8400,100
1472826594,44.9500,45.0500,44.9500,45.0500,200
1472826766,45.0500,45.0500,45.0500,45.0500,100
1472826809,45.0800,45.0800,45.0800,45.0800,100
1472826936,45.0560,45.0560,45.0560,45.0560,200
1472826990,44.8900,45.0000,44.8900,45.0000,400
1472827591,44.8500,44.9300,44.8500,44.9300,200
1472827847,44.9800,44.9800,44.9800,44.9800,100
1472828193,45.0000,45.0000,45.0000,45.0000,100
1472828582,44.9400,44.9400,44.9400,44.9400,200
1472828868,44.8900,44.8900,44.8900,44.8900,100
1472829016,44.9100,44.9100,44.8900,44.8900,400
1472829790,44.7714,44.7714,44.7714,44.7714,1300
1472830037,44.7100,44.7100,44.7100,44.7100,100
1472830394,44.7307,44.7307,44.7307,44.7307,300
1472830455,44.7200,44.7200,44.7200,44.7200,100
1472830572,44.8100,44.8100,44.7900,44.7900,300
1472830655,44.8400,44.8400,44.8400,44.8400,100
1472831040,44.8700,44.8700,44.8700,44.8700,100
1472831603,44.9000,44.9000,44.9000,44.9000,200
1472831765,44.9280,44.9280,44.9280,44.9280,500
1472833623,44.7500,44.7500,44.7500,44.7500,500
1472834465,44.6901,44.7400,44.6901,44.7400,500
1472834724,44.6900,44.7500,44.6900,44.7500,600
1472834786,44.6800,44.6800,44.6800,44.6800,500
1472834914,44.5900,44.5900,44.5900,44.5900,100
1472835112,44.6100,44.6700,44.6100,44.6700,400
1472835174,44.6900,44.6900,44.6648,44.6648,600
1472836861,44.6400,44.6400,44.6400,44.6400,200
1472837174,44.6565,44.6565,44.6100,44.6100,400
1472838632,44.5500,44.5500,44.5500,44.5500,100
1472838751,44.4600,44.4600,44.4600,44.4600,100
1472839696,44.6000,44.6000,44.5200,44.5200,500
1472840137,44.6100,44.6100,44.6100,44.6100,300
1472840164,44.5600,44.5600,44.5600,44.5600,200
1472841017,44.5910,44.5910,44.5910,44.5910,100
1472841703,44.6800,44.6800,44.6800,44.6800,100
1472842793,44.7200,44.7200,44.7200,44.7200,100
1472843026,44.7200,44.7200,44.7200,44.7200,100
1472843504,44.7300,44.7300,44.7300,44.7300,200
1472843664,44.6600,44.6600,44.6600,44.6600,500
1472843991,44.6400,44.6400,44.6400,44.6400,100
1472844212,44.7300,44.7300,44.7300,44.7300,200
1472844402,44.6400,44.6600,44.6400,44.6600,400
1472844423,44.6400,44.6400,44.6400,44.6400,400
1472844691,44.6900,44.6900,44.6900,44.6900,100
1472844868,44.6899,44.6899,44.6899,44.6899,100
1472845050,44.6899,44.6899,44.6899,44.6899,100
1472845114,44.6550,44.6900,44.6300,44.6900,300
1472845143,44.7700,44.7700,44.7700,44.7700,100
1472845233,44.7600,44.7600,44.7600,44.7600,100
1472845294,44.7699,44.7699,44.7699,44.7699,100
1472845320,44.7699,44.7699,44.7699,44.7699,100
1472845380,44.7699,44.7699,44.7699,44.7699,100
1472845470,44.7700,44.7700,44.7700,44.7700,100
1472845594,44.7600,44.7600,44.7600,44.7600,100
1472845738,44.6900,44.7600,44.6800,44.7600,600
1472845848,44.7200,44.7200,44.7200,44.7200,200
1472845956,44.7199,44.7199,44.7199,44.7199,200
1472845982,44.7600,44.7600,44.7200,44.7200,300
1472846051,44.7699,44.7699,44.7699,44.7699,200
1472846134,44.7300,44.7600,44.7300,44.7500,300
1472846188,44.7200,44.7200,44.7200,44.7200,200
1472846293,44.7100,44.7100,44.7100,44.7100,2100
1472846400,44.7000,44.7000,44.7000,44.7000,0
