uri:/instrument/1.0/VUG/chartdata;type=quote;range=1d/csv
ticker:vug
Company-Name:Vanguard Growth ETF - DNQ
Exchange-Name:PCX
unit:MIN
timezone:EDT
currency:USD
gmtoffset:-14400
previous_close:112.2200
Timestamp:1472650200,1472673600
labels:1472652000,1472655600,1472659200,1472662800,1472666400,1472670000,1472673600
values:Timestamp,close,high,low,open,volume
close:111.5730,112.1000
high:111.5764,112.1000
low:111.5700,112.0999
open:111.5760,112.1000
volume:0,27200
1472650290,112.0600,112.0600,112.0500,112.0500,27200
1472650368,111.9222,111.9600,111.9222,111.9600,300
1472650465,111.9700,112.0000,111.9700,111.9985,1100
1472650545,111.9100,111.9100,111.9100,111.9100,200
1472650576,111.9600,111.9600,111.9600,111.9600,200
1472650630,111.9259,111.9259,111.9200,111.9200,500
1472650743,111.9001,111.9200,111.9001,111.9200,5300
1472650801,111.9400,111.9400,111.9145,111.9145,9500
1472650873,111.9700,111.9700,111.9700,111.9700,700
1472650928,111.9700,112.0100,111.9700,111.9900,3600
1472651017,111.9900,111.9900,111.9895,111.9895,700
1472651062,111.9800,111.9800,111.9800,111.9800,900
1472651213,112.0100,112.0303,112.0000,112.0303,2700
1472651264,111.9700,112.0000,111.9700,111.9900,3900
1472651315,111.9900,112.0100,111.9400,111.9500,4300
1472651373,112.0300,112.0400,112.0100,112.0400,600
1472651459,112.0100,112.0700,112.0100,112.0700,2200
1472651476,112.0302,112.0302,112.0302,112.0302,800
1472651865,112.0600,112.0600,112.0600,112.0600,300
1472651966,112.0500,112.0500,112.0500,112.0500,600
1472652003,112.0200,112.0400,112.0200,112.0400,1800
1472652117,112.1000,112.1000,112.0590,112.0590,1100
1472652168,112.0925,112.0925,112.0800,112.0850,400
1472652191,112.0800,112.0900,112.0800,112.0900,200
1472652299,112.0700,112.0800,112.0700,112.0700,1900
1472652307,112.0800,112.0800,112.0599,112.0600,900
1472652420,112.0600,112.0700,112.0600,112.0700,500
1472652537,112.0300,112.0598,112.0300,112.0598,600
1472652563,112.0300,112.0300,112.0200,112.0200,200
1472652654,112.0800,112.0800,112.0600,112.0600,800
1472652698,112.0999,112.1000,112.0999,112.1000,200
1472652776,111.9800,112.0800,111.9800,112.0800,5000
1472652835,111.9800,111.9800,111.9500,111.9700,4100
1472652884,111.9600,111.9700,111.9600,111.9700,7600
1472652901,111.9600,111.9600,111.9500,111.9500,2200
1472652972,111.9800,111.9900,111.9400,111.9500,2900
1472653043,111.9800,111.9900,111.9800,111.9900,1000
1472653125,111.9700,111.9800,111.9700,111.9800,600
1472653153,111.9700,111.9857,111.9700,111.9700,700
1472653212,111.9920,111.9971,111.9900,111.9900,500
1472653264,112.0400,112.0500,112.0200,112.0200,1900
1472653367,112.0200,112.0600,112.0200,112.0600,1900
1472653395,112.0200,112.0200,112.0200,112.0200,100
1472653453,112.0400,112.0400,112.0300,112.0300,900
1472653527,112.0400,112.0500,112.0400,112.0500,300
1472653605,112.0200,112.0300,112.0200,112.0300,900
1472653637,112.0700,112.0825,112.0600,112.0600,1900
1472653788,112.0300,112.0300,112.0300,112.0300,200
1472653815,112.0100,112.0100,111.9500,111.9800,1500
1472653867,111.9900,112.0100,111.9900,112.0100,600
1472653959,111.9750,111.9750,111.9750,111.9750,100
1472654095,111.9000,111.9500,111.9000,111.9500,1400
1472654101,111.8700,111.8700,111.8300,111.8500,2200
1472654192,111.8930,111.8930,111.8800,111.8800,1400
1472654243,111.8900,111.8900,111.8900,111.8900,0
1472654538,111.8900,111.8900,111.8700,111.8700,1500
1472654582,111.8601,111.8700,111.8601,111.8700,900
1472654743,111.8900,111.8900,111.8900,111.8900,200
1472654795,111.9000,111.9000,111.9000,111.9000,100
1472654873,111.9042,111.9300,111.9042,111.9300,1600
1472654952,111.8800,111.8925,111.8800,111.8925,400
1472655064,111.9374,111.9374,111.9200,111.9200,400
1472655131,111.9231,111.9231,111.9000,111.9000,400
1472655286,111.9100,111.9100,111.9100,111.9100,100
1472655332,111.9060,111.9060,111.9060,111.9060,2100
1472655363,111.9008,111.9089,111.8993,111.9089,1000
1472655433,111.9288,111.9288,111.9100,111.9100,900
1472655520,111.8899,111.8899,111.8600,111.8680,600
1472655606,111.8568,111.8600,111.8400,111.8490,4900
1472655677,111.8950,111.8950,111.8700,111.8700,500
1472655738,111.8900,111.8900,111.8900,111.8900,100
1472655838,111.9070,111.9070,111.8600,111.8600,1300
1472655841,111.8922,111.9000,111.8700,111.8800,1600
1472655933,111.8400,111.8400,111.8400,111.8400,200
1472655995,111.8201,111.8201,111.8030,111.8030,400
1472656030,111.8300,111.8300,111.8300,111.8300,400
1472656235,111.8470,111.8470,111.8470,111.8470,200
1472656278,111.8600,111.8600,111.8271,111.8271,1200
1472656426,111.8776,111.8776,111.8776,111.8776,800
1472656448,111.8774,111.8774,111.8774,111.8774,100
1472656501,111.8800,111.8928,111.8800,111.8800,2400
1472656570,111.8600,111.8800,111.8600,111.8754,1600
1472656733,111.8562,111.8612,111.8562,111.8612,800
1472656750,111.8600,111.8600,111.8600,111.8600,400
1472656809,111.8520,111.8700,111.8520,111.8600,600
1472656886,111.8600,111.8605,111.8600,111.8605,700
1472656932,111.8500,111.8500,111.8500,111.8500,200
1472656985,111.8800,111.8800,111.8800,111.8800,400
1472657062,111.9000,111.9000,111.8798,111.8798,800
1472657128,111.9060,111.9060,111.9060,111.9060,200
1472657177,111.9235,111.9235,111.9040,111.9040,500
1472657288,111.9200,111.9200,111.9200,111.9200,300
1472657454,111.9187,111.9187,111.9187,111.9187,100
1472657484,111.9300,111.9300,111.9300,111.9300,100
1472657561,111.9369,111.9400,111.9300,111.9300,700
1472657580,111.9300,111.9332,111.9299,111.9316,800
1472657699,111.8600,111.8600,111.8600,111.8600,100
1472657749,111.8300,111.8300,111.8300,111.8300,600
1472657782,111.8499,111.8499,111.8400,111.8400,500
1472657848,111.8702,111.8702,111.8572,111.8572,500
1472657931,111.9070,111.9200,111.8831,111.8831,3400
1472657941,111.9200,111.9200,111.9100,111.9200,22800
1472658025,111.9100,111.9200,111.9100,111.9200,9700
1472658066,111.8801,111.8900,111.8800,111.8900,700
1472658192,111.9116,111.9199,111.9024,111.9024,3500
1472658257,111.9400,111.9400,111.9400,111.9400,300
1472658318,111.9500,111.9500,111.9498,111.9498,1100
1472658457,111.9300,111.9300,111.9300,111.9300,500
1472658597,111.9400,111.9400,111.9300,111.9300,900
1472658647,111.9249,111.9300,111.9200,111.9200,600
1472658695,111.9526,111.9526,111.9526,111.9526,100
1472658754,111.9419,111.9419,111.9210,111.9210,700
1472658938,111.9500,111.9500,111.9330,111.9330,1000
1472658960,111.9086,111.9401,111.9086,111.9401,500
1472659021,111.8800,111.8800,111.8800,111.8800,1000
1472659132,111.8700,111.8700,111.8700,111.8700,100
1472659196,111.8800,111.8800,111.8800,111.8800,100
1472659236,111.8300,111.8300,111.8300,111.8300,300
1472659309,111.8000,111.8000,111.7633,111.7633,7000
1472659368,111.7408,111.7600,111.7400,111.7600,1400
1472659387,111.7500,111.7600,111.7500,111.7500,800
1472659489,111.7100,111.7100,111.7100,111.7100,200
1472659501,111.7400,111.7400,111.7000,111.7160,1400
1472659595,111.7500,111.7500,111.7500,111.7500,1600
1472659655,111.7599,111.7599,111.7300,111.7584,1100
1472659684,111.7350,111.7350,111.7350,111.7350,300
1472659824,111.7400,111.7536,111.7400,111.7536,1600
1472659917,111.7500,111.7500,111.7450,111.7500,800
1472659944,111.7539,111.7539,111.7368,111.7368,300
1472659987,111.7331,111.7525,111.7300,111.7400,900
1472660114,111.6300,111.7200,111.6300,111.7200,3400
1472660189,111.6000,111.6300,111.6000,111.6300,2000
1472660275,111.6374,111.6374,111.6041,111.6041,2200
1472660298,111.6290,111.6290,111.6200,111.6200,900
1472660437,111.5800,111.5900,111.5800,111.5900,1300
1472660493,111.6100,111.6100,111.6100,111.6100,200
1472660539,111.6101,111.6101,111.6101,111.6101,200
1472660661,111.6316,111.6316,111.6316,111.6316,200
1472660719,111.6402,111.6500,111.6400,111.6400,1200
1472660901,111.6600,111.6600,111.6600,111.6600,1400
1472660957,111.6509,111.6509,111.6509,111.6509,200
1472661037,111.6168,111.6200,111.6168,111.6200,900
1472661126,111.5800,111.6000,111.5800,111.6000,300
1472661180,111.5950,111.5950,111.5700,111.5760,4000
1472661298,111.6201,111.6300,111.6001,111.6001,2000
1472661302,111.6900,111.6900,111.6300,111.6300,2500
1472661391,111.6800,111.6800,111.6800,111.6800,1000
1472661421,111.6692,111.6692,111.6501,111.6501,300
1472661529,111.7099,111.7099,111.7099,111.7099,300
1472661627,111.6900,111.6900,111.6900,111.6900,400
1472661878,111.6800,111.6800,111.6800,111.6800,200
1472661942,111.6700,111.6717,111.6644,111.6717,400
1472662009,111.6902,111.6990,111.6902,111.6990,300
1472662043,111.6901,111.6901,111.6901,111.6901,100
1472662110,111.7400,111.7400,111.7400,111.7400,100
1472662149,111.7101,111.7470,111.7101,111.7350,700
1472662316,111.7287,111.7287,111.7228,111.7228,1300
1472662348,111.7200,111.7200,111.7200,111.7200,600
1472662442,111.6700,111.6700,111.6700,111.6700,700
1472662516,111.6800,111.6800,111.6800,111.6800,100
1472662607,111.7000,111.7000,111.6700,111.6843,700
1472662676,111.6610,111.6699,111.6575,111.6699,1400
1472662694,111.6900,111.6900,111.6900,111.6900,300
1472662763,111.6700,111.6700,111.6700,111.6700,100
1472662839,111.6300,111.6656,111.6300,111.6656,2200
1472662872,111.6387,111.6387,111.6315,111.6315,500
1472662986,111.6210,111.6399,111.6210,111.6398,2500
1472663079,111.6200,111.6200,111.6200,111.6200,200
1472663125,111.6014,111.6066,111.6000,111.6000,1100
1472663210,111.6200,111.6200,111.6039,111.6078,1600
1472663220,111.6300,111.6500,111.6300,111.6500,1000
1472663330,111.6350,111.6350,111.6350,111.6350,200
1472663349,111.6400,111.6600,111.6400,111.6400,5600
1472663517,111.6200,111.6200,111.6200,111.6200,100
1472663550,111.6400,111.6400,111.6173,111.6173,900
1472663582,111.6300,111.6301,111.6300,111.6301,600
1472663672,111.6223,111.6223,111.6223,111.6223,200
1472663720,111.6100,111.6100,111.6100,111.6100,200
1472663777,111.5730,111.5764,111.5700,111.5764,3600
1472663833,111.6200,111.6200,111.5800,111.5800,1000
1472663994,111.6228,111.6228,111.6228,111.6228,300
1472664043,111.6370,111.6370,111.6336,111.6336,300
1472664064,111.6300,111.6300,111.6300,111.6300,100
1472664126,111.6400,111.6400,111.6301,111.6382,1900
1472664203,111.6427,111.6547,111.6372,111.6547,4800
1472664261,111.6700,111.6700,111.6400,111.6499,400
1472664342,111.6800,111.6999,111.6800,111.6999,500
1472664554,111.7000,111.7122,111.7000,111.7122,500
1472664675,111.6700,111.7090,111.6700,111.7090,1900
1472664799,111.6500,111.6816,111.6500,111.6816,1100
1472664865,111.6680,111.6680,111.6400,111.6400,7400
1472664916,111.6700,111.6700,111.6689,111.6689,500
1472664989,111.6700,111.6800,111.6700,111.6701,2500
1472665066,111.7032,111.7032,111.7032,111.7032,200
1472665134,111.6840,111.6990,111.6840,111.6970,500
1472665171,111.6781,111.6781,111.6781,111.6781,200
1472665224,111.7038,111.7038,111.7038,111.7038,700
1472665290,111.7500,111.7600,111.7400,111.7400,600
1472665335,111.7463,111.7472,111.7463,111.7472,6700
1472665531,111.7536,111.7536,111.7536,111.7536,1200
1472665565,111.7400,111.7500,111.7400,111.7500,200
1472665639,111.7399,111.7399,111.7350,111.7350,1000
1472665773,111.7200,111.7300,111.7200,111.7300,1000
1472665881,111.7381,111.7486,111.7381,111.7486,7200
1472665966,111.7500,111.7500,111.7500,111.7500,500
1472666039,111.7500,111.7500,111.7500,111.7500,100
1472666048,111.7410,111.7599,111.7410,111.7419,7400
1472666107,111.7496,111.7600,111.7496,111.7563,1300
1472666186,111.7300,111.7301,111.7300,111.7301,600
1472666298,111.7061,111.7200,111.7061,111.7200,300
1472666391,111.7300,111.7300,111.7135,111.7139,1400
1472666405,111.7150,111.7264,111.7100,111.7264,800
1472666463,111.7398,111.7398,111.7136,111.7165,2600
1472666575,111.7390,111.7430,111.7301,111.7430,700
1472666584,111.7500,111.7500,111.7202,111.7202,1400
1472666672,111.7500,111.7600,111.7437,111.7437,3000
1472666714,111.8600,111.8600,111.7900,111.7900,4500
1472666779,111.8600,111.8699,111.8500,111.8699,2500
1472666826,111.8700,111.9065,111.8700,111.9065,1500
1472666927,111.8734,111.8798,111.8556,111.8798,3100
1472666942,111.8852,111.9000,111.8800,111.8800,1400
1472667030,111.8900,111.8900,111.8900,111.8900,500
1472667082,111.8800,111.8800,111.8716,111.8716,700
1472667150,111.9100,111.9100,111.8900,111.8900,600
1472667222,111.9200,111.9200,111.9200,111.9200,400
1472667249,111.9200,111.9400,111.9200,111.9400,1200
1472667419,111.8768,111.9000,111.8768,111.9000,1200
1472667433,111.8800,111.8900,111.8720,111.8900,1100
1472667486,111.8900,111.8900,111.8832,111.8832,700
1472667570,111.8978,111.8978,111.8978,111.8978,300
1472667610,111.8900,111.8900,111.8900,111.8900,900
1472667687,111.9000,111.9050,111.8948,111.9000,1400
1472667738,111.8800,111.8901,111.8800,111.8801,1300
1472667830,111.8880,111.8880,111.8880,111.8880,1000
1472667856,111.8830,111.8999,111.8810,111.8900,1200
1472667906,111.8900,111.9000,111.8900,111.8900,700
1472667977,111.8800,111.8842,111.8800,111.8800,1100
1472668100,111.9100,111.9100,111.8900,111.8922,5600
1472668155,111.8900,111.9082,111.8900,111.9082,800
1472668279,111.8700,111.8800,111.8700,111.8700,1300
1472668335,111.8501,111.8501,111.8501,111.8501,200
1472668389,111.8500,111.8500,111.8400,111.8400,400
1472668451,111.8600,111.8600,111.8600,111.8600,400
1472668582,111.8700,111.8700,111.8600,111.8600,400
1472668643,111.8670,111.8670,111.8670,111.8670,800
1472668709,111.8630,111.8690,111.8630,111.8630,1600
1472668749,111.8680,111.8680,111.8680,111.8680,500
1472668807,111.8500,111.8590,111.8500,111.8565,1700
1472668893,111.8199,111.8199,111.8100,111.8100,1500
1472668933,111.8200,111.8200,111.8200,111.8200,600
1472668997,111.8285,111.8328,111.8200,111.8200,1700
1472669054,111.8292,111.8292,111.8292,111.8292,1900
1472669138,111.8230,111.8230,111.8230,111.8230,400
1472669215,111.8137,111.8137,111.8137,111.8137,200
1472669228,111.7800,111.8100,111.7800,111.8100,400
1472669324,111.7520,111.7600,111.7520,111.7600,1000
1472669369,111.7600,111.7600,111.7335,111.7400,1000
1472669459,111.7326,111.7620,111.7326,111.7600,700
1472669464,111.7399,111.7499,111.7350,111.7400,900
1472669523,111.7400,111.7500,111.7300,111.7300,2200
1472669622,111.7492,111.7492,111.7492,111.7492,600
1472669654,111.7700,111.7800,111.7700,111.7700,2700
1472669756,111.7700,111.7700,111.7700,111.7700,300
1472669797,111.7904,111.7904,111.7904,111.7904,1200
1472669885,111.7770,111.7770,111.7662,111.7662,1700
1472669950,111.7700,111.7700,111.7700,111.7700,700
1472670001,111.7700,111.7700,111.7500,111.7500,2800
1472670085,111.7968,111.7968,111.7968,111.7968,300
1472670120,111.8000,111.8200,111.8000,111.8200,800
1472670220,111.8299,111.8299,111.8299,111.8299,100
1472670244,111.8590,111.8590,111.8434,111.8434,1100
1472670303,111.8800,111.8800,111.8410,111.8410,900
1472670424,111.8600,111.8600,111.8600,111.8600,800
1472670524,111.9000,111.9000,111.8735,111.8799,800
1472670565,111.9199,111.9199,111.9000,111.9000,200
1472670629,111.9000,111.9050,111.9000,111.9050,500
1472670670,111.8900,111.8900,111.8900,111.8900,100
1472670740,111.8780,111.8780,111.8780,111.8780,200
1472670809,111.9099,111.9099,111.8720,111.8720,600
1472670897,111.9200,111.9200,111.9100,111.9100,400
1472670920,111.9700,111.9700,111.9558,111.9558,1500
1472671007,111.9400,111.9400,111.9400,111.9400,200
1472671043,111.9300,111.9400,111.9300,111.9400,600
1472671135,111.9174,111.9293,111.9100,111.9200,9500
1472671153,111.9280,111.9280,111.9280,111.9280,400
1472671259,111.9100,111.9379,111.9100,111.9379,500
1472671269,111.9366,111.9366,111.9100,111.9100,800
1472671336,111.9400,111.9400,111.9399,111.9399,1900
1472671429,111.9572,111.9572,111.9572,111.9572,600
1472671481,111.9933,111.9933,111.9899,111.9899,2000
1472671520,111.9700,111.9800,111.9695,111.9772,2900
1472671601,112.0200,112.0200,112.0000,112.0000,1500
1472671647,112.0400,112.0400,112.0400,112.0400,200
1472671688,112.0183,112.0199,112.0072,112.0199,1300
1472671761,112.0098,112.0170,112.0000,112.0000,1200
1472671803,112.0200,112.0400,112.0100,112.0290,2000
1472671889,112.0100,112.0100,112.0100,112.0100,1500
1472671979,111.9901,112.0300,111.9901,112.0000,800
1472671981,112.0100,112.0201,112.0100,112.0100,2300
1472672074,112.0001,112.0135,112.0001,112.0135,800
1472672105,112.0276,112.0300,112.0200,112.0200,1500
1472672215,112.0500,112.0500,112.0200,112.0349,1300
1472672236,112.0416,112.0730,112.0416,112.0730,400
1472672361,112.0211,112.0400,112.0211,112.0400,1100
1472672403,112.0400,112.0400,112.0301,112.0301,400
1472672469,112.0573,112.0573,112.0573,112.0573,600
1472672569,112.0800,112.0808,112.0800,112.0808,1300
1472672622,112.0460,112.0600,112.0460,112.0600,1400
1472672665,112.0500,112.0599,112.0500,112.0599,400
1472672759,112.0000,112.0358,112.0000,112.0358,800
1472672771,111.9874,112.0198,111.9874,112.0198,1100
1472672829,111.9800,111.9826,111.9700,111.9800,1300
1472672933,111.9799,111.9899,111.9799,111.9899,300
1472672987,111.9500,111.9800,111.9500,111.9800,500
1472673002,111.9800,111.9850,111.9502,111.9502,3500
1472673077,111.9966,111.9966,111.9800,111.9900,800
1472673123,111.9900,112.0100,111.9800,112.0100,1500
1472673206,111.9958,111.9958,111.9958,111.9958,100
1472673257,111.9699,111.9760,111.9699,111.9760,500
1472673300,111.9600,111.9600,111.9400,111.9600,4000
1472673380,111.9900,111.9900,111.9764,111.9799,1400
1472673435,112.0100,112.0100,112.0000,112.0000,1900
1472673539,111.9900,112.0100,111.9800,112.0000,3900
1472673542,111.9800,112.0500,111.9800,112.0100,15400
1472673600,111.9800,111.9800,111.9800,111.9800,0
