uri:/instrument/1.0/SNE/chartdata;type=quote;range=1d/csv
ticker:sne
Company-Name:Sony Corporation Common Stock
Exchange-Name:NYQ
unit:MIN
timezone:EDT
currency:USD
gmtoffset:-14400
previous_close:32.6400
Timestamp:1473168600,1473192000
labels:1473170400,1473174000,1473177600,1473181200,1473184800,1473188400,1473192000
values:Timestamp,close,high,low,open,volume
close:33.0900,33.5300
high:33.0999,33.5300
low:33.0850,33.5299
open:33.0900,33.5300
volume:100,46300
1473168617,33.1700,33.1700,33.1500,33.1500,46300
1473168772,33.2200,33.2200,33.2200,33.2200,100
1473168782,33.2000,33.2000,33.1800,33.2000,2100
1473168880,33.2000,33.2099,33.2000,33.2099,2400
1473168902,33.1600,33.1950,33.1600,33.1700,7000
1473169016,33.1750,33.1750,33.1400,33.1500,3400
1473169046,33.1600,33.1600,33.1600,33.1600,900
1473169080,33.1500,33.1800,33.1500,33.1800,3800
1473169195,33.1300,33.1500,33.1200,33.1500,8200
1473169257,33.1500,33.1500,33.1404,33.1500,2300
1473169282,33.1500,33.1500,33.1400,33.1400,400
1473169325,33.0900,33.1600,33.0900,33.1600,17900
1473169392,33.1100,33.1100,33.1100,33.1100,400
1473169486,33.1063,33.1200,33.1063,33.1200,5800
1473169502,33.1175,33.1200,33.0900,33.1050,7300
1473169596,33.1400,33.1400,33.1250,33.1250,600
1473169632,33.1200,33.1300,33.1200,33.1300,4200
1473169737,33.1100,33.1300,33.1100,33.1200,3500
1473169790,33.1000,33.1100,33.1000,33.1100,2600
1473169855,33.0900,33.0999,33.0850,33.0900,7700
1473169875,33.1100,33.1100,33.1000,33.1000,900
1473169978,33.1100,33.1300,33.1100,33.1200,4400
1473169981,33.1150,33.1199,33.1100,33.1100,400
1473170099,33.1100,33.1100,33.0900,33.0911,5000
1473170103,33.1300,33.1300,33.1000,33.1100,2200
1473170160,33.1400,33.1400,33.1400,33.1400,3300
1473170220,33.1390,33.1390,33.1300,33.1300,3100
1473170346,33.1300,33.1301,33.1300,33.1301,300
1473170459,33.2300,33.2300,33.1150,33.1400,19600
1473170518,33.2100,33.2299,33.1900,33.2299,9400
1473170522,33.1900,33.2100,33.1800,33.2100,1500
1473170605,33.2300,33.2300,33.2000,33.2000,2800
1473170641,33.2500,33.2500,33.2200,33.2300,4300
1473170702,33.2400,33.2600,33.2400,33.2500,7600
1473170769,33.2000,33.2400,33.2000,33.2400,3500
1473170868,33.2200,33.2299,33.2100,33.2100,4100
1473170899,33.2350,33.2350,33.2238,33.2238,1200
1473170999,33.2700,33.2700,33.2393,33.2400,5000
1473171058,33.2700,33.2700,33.2600,33.2600,1900
1473171106,33.2699,33.2700,33.2650,33.2700,1700
1473171139,33.2700,33.2700,33.2700,33.2700,400
1473171205,33.2858,33.2858,33.2800,33.2800,1500
1473171280,33.2600,33.3100,33.2510,33.2900,23400
1473171357,33.2500,33.2600,33.2500,33.2600,3400
1473171360,33.2000,33.2600,33.1900,33.2600,17600
1473171456,33.2200,33.2200,33.1900,33.2000,5500
1473171501,33.2200,33.2200,33.2100,33.2100,2700
1473171598,33.1800,33.2200,33.1700,33.2200,15000
1473171601,33.1800,33.1900,33.1800,33.1900,2300
1473171717,33.2000,33.2065,33.1899,33.1900,3200
1473171725,33.2100,33.2100,33.2100,33.2100,400
1473171780,33.2200,33.2200,33.2100,33.2100,1200
1473171850,33.2200,33.2200,33.2200,33.2200,200
1473171902,33.2300,33.2300,33.2200,33.2200,1400
1473172016,33.2000,33.2200,33.1900,33.2200,3100
1473172021,33.1900,33.2100,33.1900,33.2100,1000
1473172090,33.1900,33.1901,33.1800,33.1900,1100
1473172198,33.2000,33.2100,33.1800,33.1800,2000
1473172247,33.2400,33.2400,33.2000,33.2000,3000
1473172295,33.2400,33.2400,33.2400,33.2400,400
1473172371,33.2499,33.2499,33.2401,33.2401,500
1473172388,33.2500,33.2500,33.2500,33.2500,500
1473172474,33.2600,33.2601,33.2561,33.2601,6700
1473172603,33.2600,33.2600,33.2500,33.2500,800
1473172623,33.2700,33.2700,33.2700,33.2700,900
1473172722,33.2700,33.2700,33.2700,33.2700,1100
1473172756,33.2600,33.2700,33.2600,33.2600,600
1473172845,33.2700,33.2700,33.2650,33.2660,2400
1473172873,33.2600,33.2700,33.2600,33.2637,1500
1473172936,33.2600,33.2600,33.2500,33.2600,1600
1473173017,33.2600,33.2657,33.2550,33.2600,2500
1473173119,33.2650,33.2650,33.2650,33.2650,100
1473173213,33.2600,33.2600,33.2600,33.2600,600
1473173221,33.2600,33.2600,33.2600,33.2600,3600
1473173286,33.2600,33.2601,33.2600,33.2601,600
1473173376,33.2600,33.2600,33.2400,33.2600,5300
1473173533,33.2500,33.2550,33.2500,33.2550,200
1473173661,33.2500,33.2550,33.2500,33.2550,200
1473173743,33.2500,33.2600,33.2500,33.2600,400
1473173792,33.2600,33.2600,33.2600,33.2600,100
1473173836,33.2600,33.2700,33.2599,33.2599,3500
1473173884,33.2600,33.2600,33.2550,33.2600,1700
1473173975,33.2900,33.2900,33.2700,33.2700,22300
1473174050,33.2900,33.2900,33.2900,33.2900,600
1473174114,33.2800,33.3000,33.2800,33.3000,7900
1473174125,33.2800,33.2800,33.2800,33.2800,100
1473174182,33.2900,33.2900,33.2800,33.2800,300
1473174268,33.2900,33.2900,33.2700,33.2800,2400
1473174347,33.3100,33.3100,33.2900,33.2900,900
1473174363,33.3200,33.3200,33.3200,33.3200,1200
1473174427,33.3272,33.3272,33.3272,33.3272,600
1473174556,33.3299,33.3299,33.3100,33.3200,2900
1473174632,33.3150,33.3300,33.3100,33.3300,3300
1473174661,33.3100,33.3100,33.3000,33.3100,3000
1473174746,33.3400,33.3400,33.3150,33.3150,26300
1473174801,33.3450,33.3450,33.3400,33.3400,600
1473174851,33.3600,33.3700,33.3500,33.3500,10000
1473174912,33.4000,33.4400,33.3600,33.3600,25000
1473174960,33.4000,33.4000,33.3800,33.3900,3200
1473175034,33.3900,33.3900,33.3800,33.3900,1000
1473175138,33.3900,33.3900,33.3800,33.3900,3600
1473175146,33.3800,33.3900,33.3800,33.3900,500
1473175204,33.3900,33.3900,33.3800,33.3800,3300
1473175263,33.3900,33.3900,33.3900,33.3900,300
1473175375,33.3800,33.3900,33.3750,33.3900,1900
1473175429,33.3893,33.3900,33.3893,33.3900,700
1473175443,33.3850,33.3950,33.3800,33.3800,4700
1473175535,33.3900,33.3900,33.3850,33.3900,2300
1473175592,33.3900,33.3900,33.3900,33.3900,900
1473175673,33.3900,33.3900,33.3900,33.3900,200
1473175734,33.4000,33.4000,33.3950,33.3950,3700
1473175785,33.3700,33.3975,33.3600,33.3975,5200
1473175806,33.3700,33.3700,33.3650,33.3700,3600
1473175918,33.3900,33.4000,33.3800,33.3800,2000
1473175925,33.3899,33.3900,33.3899,33.3900,1500
1473176015,33.3800,33.3800,33.3800,33.3800,1100
1473176093,33.3900,33.3900,33.3850,33.3900,2300
1473176159,33.3900,33.3999,33.3900,33.3900,1300
1473176169,33.3900,33.3900,33.3900,33.3900,100
1473176221,33.3800,33.3890,33.3800,33.3800,500
1473176298,33.3800,33.3900,33.3800,33.3900,200
1473176354,33.3900,33.3900,33.3900,33.3900,200
1473176458,33.4000,33.4000,33.3850,33.3900,7100
1473176499,33.4090,33.4090,33.4090,33.4090,600
1473176524,33.4000,33.4000,33.4000,33.4000,1400
1473176608,33.3999,33.4000,33.3999,33.4000,600
1473176696,33.3900,33.3900,33.3800,33.3900,2100
1473176702,33.3900,33.4000,33.3900,33.3901,2400
1473176771,33.3920,33.3920,33.3920,33.3920,900
1473176845,33.4100,33.4100,33.4000,33.4000,2800
1473176924,33.4400,33.4500,33.4200,33.4200,8100
1473177013,33.4450,33.4500,33.4450,33.4500,400
1473177103,33.4400,33.4400,33.4400,33.4400,400
1473177150,33.4200,33.4400,33.4200,33.4400,5100
1473177193,33.4200,33.4300,33.4200,33.4300,7100
1473177342,33.4300,33.4300,33.4300,33.4300,800
1473177409,33.4400,33.4400,33.4400,33.4400,500
1473177475,33.4200,33.4300,33.4200,33.4300,2600
1473177519,33.4200,33.4200,33.4200,33.4200,200
1473177601,33.4300,33.4300,33.4300,33.4300,1200
1473177756,33.4300,33.4398,33.4300,33.4398,1000
1473177832,33.4200,33.4300,33.4200,33.4300,2100
1473177866,33.4200,33.4200,33.4150,33.4180,2400
1473177918,33.4200,33.4200,33.4200,33.4200,200
1473178048,33.4200,33.4200,33.4200,33.4200,100
1473178106,33.4300,33.4300,33.4300,33.4300,100
1473178201,33.4300,33.4300,33.4200,33.4200,1100
1473178290,33.4300,33.4400,33.4300,33.4390,1800
1473178378,33.4350,33.4400,33.4350,33.4399,1300
1473178440,33.4400,33.4400,33.4399,33.4399,300
1473178679,33.4400,33.4400,33.4400,33.4400,100
1473178692,33.4400,33.4400,33.4400,33.4400,100
1473178762,33.4300,33.4350,33.4250,33.4350,5200
1473178883,33.4300,33.4300,33.4300,33.4300,200
1473178927,33.4200,33.4300,33.4200,33.4300,1200
1473179101,33.4300,33.4300,33.4300,33.4300,100
1473179170,33.4100,33.4230,33.4100,33.4210,3300
1473179295,33.4100,33.4163,33.4100,33.4100,2000
1473179457,33.4150,33.4200,33.4150,33.4160,1000
1473179485,33.4200,33.4200,33.4200,33.4200,800
1473179544,33.4400,33.4400,33.4300,33.4300,1200
1473179598,33.4300,33.4300,33.4300,33.4300,300
1473179691,33.4300,33.4300,33.4300,33.4300,1600
1473179715,33.4300,33.4300,33.4200,33.4300,1800
1473179795,33.4100,33.4100,33.4100,33.4100,200
1473179836,33.4100,33.4100,33.4100,33.4100,300
1473179911,33.4000,33.4100,33.4000,33.4100,600
1473179953,33.4100,33.4100,33.4100,33.4100,600
1473180025,33.4200,33.4200,33.4200,33.4200,100
1473180091,33.4200,33.4200,33.4200,33.4200,200
1473180151,33.4292,33.4300,33.4270,33.4299,2000
1473180228,33.4400,33.4400,33.4210,33.4210,3300
1473180293,33.4350,33.4350,33.4300,33.4300,700
1473180415,33.4400,33.4400,33.4400,33.4400,1600
1473180457,33.4400,33.4400,33.4400,33.4400,2400
1473180528,33.4400,33.4400,33.4400,33.4400,100
1473180788,33.4400,33.4400,33.4400,33.4400,100
1473180877,33.4382,33.4382,33.4382,33.4382,600
1473180909,33.4400,33.4400,33.4300,33.4300,700
1473180965,33.4300,33.4400,33.4300,33.4400,1900
1473181092,33.4200,33.4300,33.4200,33.4300,3900
1473181149,33.4200,33.4200,33.4200,33.4200,900
1473181247,33.4300,33.4300,33.4300,33.4300,1100
1473181297,33.4300,33.4300,33.4300,33.4300,100
1473181410,33.4300,33.4300,33.4300,33.4300,100
1473181448,33.4301,33.4301,33.4301,33.4301,2700
1473181503,33.4300,33.4350,33.4300,33.4300,2300
1473181623,33.4300,33.4300,33.4300,33.4300,1800
1473181713,33.4300,33.4300,33.4300,33.4300,500
1473181752,33.4300,33.4300,33.4300,33.4300,1100
1473181857,33.4300,33.4300,33.4200,33.4200,800
1473181909,33.4350,33.4350,33.4300,33.4300,600
1473181929,33.4300,33.4350,33.4300,33.4340,2000
1473182051,33.4300,33.4300,33.4300,33.4300,100
1473182152,33.4400,33.4400,33.4350,33.4350,1700
1473182161,33.4350,33.4350,33.4300,33.4337,1200
1473182290,33.4300,33.4300,33.4300,33.4300,200
1473182348,33.4390,33.4400,33.4390,33.4400,300
1473182427,33.4400,33.4400,33.4300,33.4300,1100
1473182467,33.4400,33.4400,33.4350,33.4400,1600
1473182755,33.4400,33.4400,33.4400,33.4400,100
1473182791,33.4350,33.4400,33.4350,33.4400,500
1473182898,33.4400,33.4400,33.4400,33.4400,200
1473182953,33.4300,33.4352,33.4300,33.4352,900
1473183066,33.4310,33.4310,33.4310,33.4310,200
1473183161,33.4400,33.4400,33.4300,33.4300,300
1473183277,33.4400,33.4400,33.4350,33.4350,200
1473183352,33.4300,33.4350,33.4300,33.4300,4100
1473183366,33.4300,33.4300,33.4250,33.4300,1400
1473183570,33.4300,33.4300,33.4300,33.4300,600
1473183623,33.4371,33.4400,33.4343,33.4343,4000
1473183740,33.4310,33.4400,33.4310,33.4400,900
1473183961,33.4300,33.4399,33.4300,33.4399,2700
1473184047,33.4390,33.4390,33.4390,33.4390,600
1473184082,33.4300,33.4300,33.4300,33.4300,100
1473184259,33.4300,33.4300,33.4300,33.4300,600
1473184306,33.4300,33.4300,33.4300,33.4300,200
1473184378,33.4400,33.4400,33.4250,33.4300,4900
1473184410,33.4400,33.4400,33.4400,33.4400,3400
1473184446,33.4490,33.4490,33.4400,33.4450,3600
1473184664,33.4400,33.4400,33.4400,33.4400,200
1473184693,33.4420,33.4420,33.4420,33.4420,100
1473184746,33.4400,33.4400,33.4300,33.4400,2900
1473184938,33.4300,33.4300,33.4300,33.4300,100
1473185058,33.4400,33.4400,33.4400,33.4400,100
1473185102,33.4300,33.4300,33.4300,33.4300,1200
1473185253,33.4300,33.4300,33.4250,33.4250,300
1473185339,33.4250,33.4300,33.4250,33.4300,500
1473185343,33.4250,33.4300,33.4200,33.4300,600
1473185553,33.4240,33.4273,33.4240,33.4273,1800
1473185650,33.4300,33.4400,33.4250,33.4250,2600
1473185819,33.4400,33.4450,33.4400,33.4400,1200
1473185820,33.4400,33.4450,33.4400,33.4450,500
1473185907,33.4500,33.4500,33.4400,33.4400,200
1473186048,33.4499,33.4500,33.4450,33.4500,400
1473186134,33.4466,33.4500,33.4402,33.4500,300
1473186238,33.4500,33.4500,33.4456,33.4456,2100
1473186276,33.4500,33.4500,33.4500,33.4500,300
1473186314,33.4450,33.4500,33.4450,33.4500,300
1473186405,33.4400,33.4400,33.4400,33.4400,200
1473186440,33.4500,33.4500,33.4500,33.4500,100
1473186535,33.5000,33.5000,33.4500,33.4500,28000
1473186549,33.5000,33.5000,33.5000,33.5000,300
1473186620,33.5300,33.5300,33.5000,33.5000,4800
1473186677,33.5231,33.5250,33.5231,33.5250,700
1473186724,33.5299,33.5299,33.5200,33.5200,500
1473186791,33.5300,33.5300,33.5250,33.5250,600
1473186874,33.5299,33.5300,33.5299,33.5300,500
1473186953,33.5135,33.5200,33.5100,33.5200,5900
1473187075,33.5100,33.5190,33.5100,33.5190,1900
1473187080,33.5000,33.5050,33.5000,33.5050,300
1473187194,33.5050,33.5100,33.5000,33.5000,1600
1473187256,33.5100,33.5100,33.5100,33.5100,300
1473187354,33.5100,33.5100,33.5100,33.5100,100
1473187381,33.5079,33.5100,33.5000,33.5100,600
1473187490,33.5000,33.5050,33.5000,33.5000,800
1473187502,33.5000,33.5000,33.5000,33.5000,100
1473187606,33.5050,33.5050,33.5000,33.5000,1700
1473187664,33.5000,33.5064,33.5000,33.5000,9400
1473187697,33.4900,33.5000,33.4900,33.5000,3000
1473187757,33.4950,33.4950,33.4950,33.4950,100
1473187826,33.4950,33.4950,33.4950,33.4950,100
1473187866,33.4950,33.4950,33.4950,33.4950,400
1473187949,33.4950,33.4950,33.4950,33.4950,300
1473188011,33.4901,33.4950,33.4901,33.4950,1200
1473188041,33.4990,33.5000,33.4900,33.4900,1300
1473188161,33.4900,33.4950,33.4900,33.4900,1100
1473188296,33.4900,33.4900,33.4900,33.4900,100
1473188371,33.5000,33.5000,33.4950,33.4950,900
1473188480,33.4950,33.4950,33.4900,33.4950,800
1473188558,33.4900,33.4900,33.4900,33.4900,200
1473188592,33.4900,33.4950,33.4900,33.4950,4300
1473188721,33.4946,33.4950,33.4946,33.4950,400
1473188810,33.4950,33.5000,33.4950,33.5000,400
1473188831,33.5000,33.5050,33.5000,33.5000,9100
1473188921,33.4900,33.4900,33.4900,33.4900,1000
1473188999,33.4965,33.5100,33.4950,33.4950,8500
1473189013,33.4900,33.4970,33.4900,33.4970,2100
1473189114,33.4900,33.4900,33.4900,33.4900,200
1473189131,33.4900,33.4910,33.4900,33.4910,600
1473189236,33.4864,33.4950,33.4800,33.4900,2600
1473189256,33.4710,33.4850,33.4710,33.4850,1900
1473189474,33.4750,33.4750,33.4750,33.4750,300
1473189487,33.4701,33.4800,33.4701,33.4800,800
1473189563,33.4800,33.4800,33.4750,33.4750,300
1473189653,33.4750,33.4750,33.4750,33.4750,200
1473189686,33.4750,33.4750,33.4700,33.4700,200
1473189728,33.4750,33.4800,33.4750,33.4800,500
1473189839,33.4899,33.4900,33.4800,33.4800,3700
1473189841,33.4800,33.4900,33.4800,33.4892,1000
1473189914,33.4900,33.4900,33.4900,33.4900,100
1473190018,33.4899,33.4900,33.4899,33.4900,1400
1473190024,33.4900,33.4900,33.4800,33.4900,10500
1473190089,33.4900,33.4900,33.4859,33.4900,900
1473190199,33.4950,33.4950,33.4900,33.4900,700
1473190203,33.5000,33.5000,33.5000,33.5000,300
1473190291,33.4950,33.4983,33.4900,33.4900,700
1473190378,33.4960,33.5000,33.4900,33.5000,700
1473190437,33.5000,33.5000,33.4902,33.4950,600
1473190450,33.4950,33.5000,33.4900,33.5000,700
1473190524,33.5000,33.5000,33.4900,33.4990,600
1473190619,33.4950,33.5000,33.4900,33.5000,17900
1473190640,33.5000,33.5000,33.5000,33.5000,300
1473190731,33.5100,33.5100,33.4900,33.5000,5700
1473190798,33.5200,33.5200,33.5100,33.5100,4100
1473190858,33.5300,33.5300,33.5202,33.5300,800
1473190884,33.5290,33.5300,33.5238,33.5238,600
1473190934,33.5300,33.5300,33.5299,33.5300,3400
1473190985,33.5200,33.5300,33.5150,33.5250,13800
1473191071,33.5100,33.5100,33.5000,33.5100,7600
1473191102,33.5000,33.5100,33.4900,33.5000,7300
1473191179,33.4900,33.4900,33.4900,33.4900,800
1473191277,33.4952,33.4952,33.4900,33.4900,2000
1473191282,33.4900,33.4950,33.4900,33.4900,3900
1473191343,33.4887,33.4950,33.4800,33.4950,6200
1473191447,33.4850,33.4850,33.4800,33.4850,1500
1473191460,33.4807,33.4900,33.4800,33.4800,6600
1473191527,33.4750,33.4850,33.4700,33.4850,11300
1473191638,33.4700,33.4800,33.4700,33.4700,4700
1473191698,33.4700,33.4800,33.4700,33.4750,2500
1473191759,33.4700,33.4750,33.4700,33.4750,4000
1473191818,33.4700,33.4800,33.4700,33.4750,5500
1473191877,33.4650,33.4780,33.4600,33.4750,10500
1473191939,33.4900,33.4900,33.4600,33.4600,17400
1473191941,33.5150,33.5200,33.4862,33.4900,17300
1473192000,33.5150,33.5150,33.5150,33.5150,200
