uri:/instrument/1.0/PGP/chartdata;type=quote;range=1d/csv
ticker:pgp
Company-Name:Pimco Global Stocksplus & Incom
Exchange-Name:NYQ
unit:MIN
timezone:EDT
currency:USD
gmtoffset:-14400
previous_close:20.1300
Timestamp:1472736600,1472760000
labels:1472738400,1472742000,1472745600,1472749200,1472752800,1472756400,1472760000
values:Timestamp,close,high,low,open,volume
close:20.2100,20.4900
high:20.2100,20.5000
low:20.2100,20.4800
open:20.2100,20.4900
volume:100,6800
1472736600,20.3300,20.3300,20.3300,20.3300,3500
1472736764,20.2743,20.2743,20.2743,20.2743,100
1472736784,20.3025,20.3025,20.3025,20.3025,200
1472737247,20.3509,20.3509,20.3000,20.3000,300
1472737710,20.2900,20.2990,20.2900,20.2990,400
1472738481,20.2900,20.2900,20.2900,20.2900,300
1472738989,20.2378,20.2378,20.2378,20.2378,200
1472739379,20.2630,20.2630,20.2630,20.2630,600
1472740364,20.2400,20.2450,20.2400,20.2450,200
1472740813,20.2899,20.2899,20.2899,20.2899,200
1472742175,20.2100,20.2100,20.2100,20.2100,1500
1472743542,20.2700,20.2700,20.2700,20.2700,100
1472743582,20.2700,20.2700,20.2700,20.2700,100
1472743822,20.2998,20.3500,20.2600,20.2900,6800
1472744923,20.3380,20.3380,20.3380,20.3380,500
1472746010,20.3500,20.3803,20.3500,20.3803,300
1472746213,20.4000,20.4000,20.4000,20.4000,200
1472746671,20.4000,20.4000,20.4000,20.4000,300
1472747037,20.3300,20.3300,20.3300,20.3300,200
1472747553,20.3600,20.3600,20.3600,20.3600,100
1472747598,20.3799,20.3800,20.3550,20.3800,300
1472748949,20.4000,20.4000,20.4000,20.4000,200
1472749132,20.3900,20.3900,20.3800,20.3800,200
1472749173,20.4301,20.4301,20.4000,20.4000,600
1472749257,20.3800,20.4492,20.3800,20.4300,900
1472749317,20.4900,20.4900,20.3800,20.3800,1300
1472749322,20.4800,20.5000,20.4800,20.4900,2600
1472749409,20.4401,20.4401,20.4401,20.4401,300
1472749500,20.4401,20.4401,20.4401,20.4401,100
1472751323,20.4350,20.4350,20.4350,20.4350,200
1472751640,20.4550,20.4550,20.4550,20.4550,200
1472752398,20.4300,20.4300,20.4300,20.4300,900
1472753415,20.3300,20.3600,20.3300,20.3600,700
1472754653,20.3200,20.3300,20.3200,20.3200,800
1472754952,20.3360,20.3360,20.3360,20.3360,1000
1472754960,20.3300,20.3300,20.3300,20.3300,100
1472756836,20.3200,20.3200,20.3200,20.3200,100
1472756899,20.3291,20.3291,20.3291,20.3291,800
1472758266,20.3162,20.3162,20.3162,20.3162,1000
1472758870,20.3100,20.3100,20.3100,20.3100,200
1472759057,20.3000,20.3000,20.3000,20.3000,100
1472759521,20.3062,20.3062,20.3062,20.3062,500
1472759698,20.2901,20.2901,20.2901,20.2901,200
1472759884,20.3199,20.3199,20.3199,20.3199,200
1472759972,20.2500,20.2600,20.2500,20.2500,3300
1472760000,20.3000,20.3000,20.3000,20.3000,200
