uri:/instrument/1.0/VUG/chartdata;type=quote;range=1d/csv
ticker:vug
Company-Name:Vanguard Growth ETF - DNQ
Exchange-Name:PCX
unit:MIN
timezone:EDT
currency:USD
gmtoffset:-14400
previous_close:113.1300
Timestamp:1473255000,1473278400
labels:1473256800,1473260400,1473264000,1473267600,1473271200,1473274800,1473278400
values:Timestamp,close,high,low,open,volume
close:112.7100,113.1800
high:112.7100,113.1800
low:112.7100,113.1799
open:112.7100,113.1799
volume:100,32800
1473255000,112.9900,113.0550,112.9900,113.0200,32800
1473255166,112.9899,112.9899,112.9899,112.9899,500
1473255253,113.0300,113.0300,113.0300,113.0300,300
1473255343,113.0300,113.0300,113.0300,113.0300,100
1473255434,113.0799,113.0799,113.0490,113.0490,700
1473255556,113.1247,113.1357,113.1170,113.1357,600
1473255686,113.1500,113.1500,113.1500,113.1500,500
1473255849,113.0999,113.1000,113.0730,113.0730,800
1473255904,113.0990,113.0990,113.0900,113.0900,600
1473256027,113.0874,113.0874,113.0874,113.0874,100
1473256096,113.0774,113.0800,113.0774,113.0800,500
1473256277,113.0100,113.0100,113.0100,113.0100,200
1473256329,113.0200,113.0300,113.0200,113.0200,1200
1473256430,113.0400,113.0400,113.0400,113.0400,500
1473256582,113.0300,113.0300,113.0300,113.0300,600
1473256675,113.0138,113.0138,113.0138,113.0138,300
1473256844,113.0943,113.0943,113.0943,113.0943,300
1473256873,113.1200,113.1200,113.0950,113.0950,1900
1473256992,113.1200,113.1200,113.1200,113.1200,300
1473257142,113.0500,113.0700,113.0500,113.0700,400
1473257166,113.0500,113.0500,113.0500,113.0500,600
1473257337,113.1500,113.1500,113.1200,113.1200,2800
1473257398,113.0700,113.1000,113.0700,113.1000,2900
1473257400,113.1200,113.1200,113.1200,113.1200,900
1473257577,113.1100,113.1100,113.1100,113.1100,100
1473257584,113.1166,113.1166,113.1000,113.1000,1400
1473257654,113.1499,113.1499,113.1200,113.1200,2000
1473257749,113.1400,113.1400,113.1100,113.1100,200
1473257789,113.1400,113.1400,113.1400,113.1400,100
1473257861,113.1100,113.1314,113.1100,113.1314,300
1473257989,113.1400,113.1400,113.1400,113.1400,700
1473258039,113.1650,113.1650,113.1650,113.1650,300
1473258182,113.1442,113.1480,113.1442,113.1480,400
1473258265,113.1450,113.1450,113.1450,113.1450,100
1473258321,113.1400,113.1400,113.1400,113.1400,700
1473258427,113.1590,113.1700,113.1590,113.1700,1200
1473258532,113.1786,113.1786,113.1786,113.1786,300
1473258576,113.1726,113.1726,113.1726,113.1726,400
1473258625,113.1800,113.1800,113.1700,113.1700,200
1473258662,113.1799,113.1799,113.1799,113.1799,700
1473258794,113.1231,113.1400,113.1193,113.1400,900
1473258867,113.0901,113.1120,113.0901,113.1120,600
1473258958,113.1200,113.1200,113.1100,113.1200,1000
1473258982,113.1145,113.1250,113.1130,113.1130,500
1473259073,113.1000,113.1000,113.1000,113.1000,700
1473259244,113.1100,113.1100,113.1100,113.1100,300
1473259299,113.1200,113.1200,113.1182,113.1182,300
1473259327,113.1070,113.1070,113.1000,113.1000,500
1473259389,113.0800,113.1024,113.0800,113.1001,2400
1473259529,113.0276,113.0276,113.0276,113.0276,500
1473259620,112.9500,112.9800,112.9100,112.9800,1300
1473259713,112.9399,112.9399,112.9246,112.9246,700
1473259754,112.9599,112.9599,112.9489,112.9489,600
1473259853,112.9500,112.9699,112.9500,112.9699,1000
1473260056,112.9872,112.9872,112.9872,112.9872,400
1473260109,113.0000,113.0000,113.0000,113.0000,300
1473260166,113.0100,113.0100,113.0100,113.0100,400
1473260322,113.0299,113.0299,113.0299,113.0299,1200
1473260379,113.0000,113.0000,113.0000,113.0000,300
1473260412,112.9600,112.9895,112.9600,112.9895,500
1473260471,112.9700,112.9700,112.9622,112.9622,1000
1473260602,113.0000,113.0199,113.0000,113.0075,1000
1473260706,113.0216,113.0216,112.9900,112.9900,1000
1473260816,113.0324,113.0324,113.0324,113.0324,600
1473260864,113.0113,113.0113,113.0113,113.0113,200
1473260882,113.0474,113.0474,113.0268,113.0268,900
1473260942,113.0200,113.0399,113.0100,113.0399,500
1473261059,112.9902,112.9902,112.9902,112.9902,100
1473261062,112.9900,112.9900,112.9900,112.9900,200
1473261187,112.9700,112.9700,112.9700,112.9700,800
1473261276,112.9400,112.9600,112.9400,112.9600,300
1473261359,112.9300,112.9680,112.9300,112.9680,300
1473261361,112.9400,112.9400,112.9400,112.9400,100
1473261425,112.9100,112.9100,112.8913,112.8913,200
1473261524,112.8984,112.9099,112.8984,112.9099,300
1473261598,112.8800,112.9100,112.8800,112.9100,1000
1473261614,112.8625,112.8625,112.8625,112.8625,800
1473261679,112.8699,112.8756,112.8600,112.8600,2000
1473261727,112.8850,112.8850,112.8700,112.8700,1000
1473261854,112.8800,112.8800,112.8800,112.8800,1000
1473261954,112.8734,112.8800,112.8734,112.8800,400
1473261988,112.8876,112.8876,112.8876,112.8876,200
1473262029,112.8959,112.8959,112.8959,112.8959,600
1473262135,112.9100,112.9100,112.9100,112.9100,1500
1473262153,112.8895,112.9100,112.8895,112.9016,700
1473262376,112.8867,112.8899,112.8867,112.8899,300
1473262401,112.8600,112.8600,112.8600,112.8600,200
1473262443,112.9100,112.9100,112.8801,112.8801,2000
1473262577,112.8772,112.8800,112.8737,112.8737,2200
1473262659,112.9100,112.9100,112.8934,112.9000,1000
1473262683,112.9086,112.9200,112.9086,112.9200,800
1473262747,112.9000,112.9000,112.8900,112.8900,600
1473262805,112.9270,112.9270,112.9100,112.9100,300
1473262863,112.9300,112.9300,112.9300,112.9300,100
1473262934,112.9300,112.9400,112.9200,112.9370,1100
1473263087,112.9100,112.9255,112.9100,112.9255,800
1473263101,112.9000,112.9000,112.9000,112.9000,100
1473263217,112.8400,112.8726,112.8400,112.8726,400
1473263224,112.8768,112.8768,112.8638,112.8638,1100
1473263326,112.8905,112.9100,112.8830,112.9100,1000
1473263347,112.8600,112.8800,112.8600,112.8800,600
1473263428,112.9100,112.9100,112.9000,112.9000,6700
1473263487,112.9099,112.9099,112.9099,112.9099,100
1473263642,112.8925,112.8925,112.8900,112.8900,1600
1473263742,112.9099,112.9099,112.9000,112.9000,800
1473263793,112.9000,112.9000,112.9000,112.9000,100
1473263824,112.9030,112.9030,112.9030,112.9030,200
1473263895,112.9202,112.9274,112.9202,112.9274,800
1473264019,112.9500,112.9500,112.9500,112.9500,200
1473264191,112.9000,112.9200,112.9000,112.9200,5600
1473264260,112.9000,112.9000,112.9000,112.9000,500
1473264376,112.9395,112.9426,112.9395,112.9426,2400
1473264855,112.8699,112.8699,112.8699,112.8699,600
1473265061,112.8390,112.8700,112.8390,112.8590,22200
1473265088,112.8210,112.8320,112.8210,112.8320,900
1473265239,112.7900,112.8000,112.7900,112.8000,700
1473265276,112.7984,112.7984,112.7984,112.7984,300
1473265323,112.8100,112.8100,112.7988,112.7988,300
1473265390,112.8002,112.8002,112.8002,112.8002,200
1473265553,112.7100,112.7100,112.7100,112.7100,300
1473265579,112.7540,112.7540,112.7324,112.7324,600
1473265642,112.7349,112.7349,112.7105,112.7105,800
1473265707,112.7600,112.7600,112.7400,112.7400,500
1473265755,112.7900,112.7900,112.7674,112.7674,700
1473265854,112.7753,112.7753,112.7753,112.7753,200
1473265895,112.7700,112.7700,112.7700,112.7700,200
1473266037,112.7584,112.7584,112.7500,112.7500,600
1473266043,112.7583,112.7583,112.7583,112.7583,100
1473266136,112.7701,112.7890,112.7700,112.7890,300
1473266161,112.7790,112.7790,112.7790,112.7790,400
1473266254,112.7601,112.7617,112.7601,112.7617,200
1473266291,112.7904,112.7904,112.7800,112.7800,800
1473266445,112.8100,112.8100,112.8100,112.8100,100
1473266467,112.8099,112.8099,112.8099,112.8099,100
1473266529,112.8001,112.8001,112.8001,112.8001,300
1473266617,112.8400,112.8400,112.8100,112.8100,1700
1473266852,112.8690,112.8690,112.8670,112.8670,200
1473266920,112.8500,112.8600,112.8500,112.8535,900
1473266990,112.8456,112.8500,112.8456,112.8500,900
1473267007,112.8320,112.8320,112.8320,112.8320,300
1473267077,112.8230,112.8256,112.8101,112.8101,5500
1473267158,112.8200,112.8200,112.8200,112.8200,100
1473267268,112.8222,112.8222,112.8216,112.8216,700
1473267588,112.8281,112.8281,112.8281,112.8281,100
1473267605,112.8400,112.8400,112.8400,112.8400,100
1473267688,112.7801,112.8151,112.7801,112.8151,700
1473267804,112.8400,112.8400,112.8400,112.8400,500
1473267917,112.8611,112.8700,112.8611,112.8700,900
1473267985,112.8730,112.8730,112.8730,112.8730,600
1473268147,112.8930,112.9000,112.8869,112.8869,2800
1473268214,112.9199,112.9199,112.9199,112.9199,100
1473268270,112.9056,112.9056,112.8900,112.8900,300
1473268324,112.8700,112.8800,112.8700,112.8800,800
1473268521,112.8800,112.8800,112.8800,112.8800,200
1473268654,112.8775,112.8775,112.8775,112.8775,200
1473268760,112.8900,112.9100,112.8900,112.9100,400
1473268814,112.9104,112.9104,112.9104,112.9104,200
1473268886,112.9100,112.9100,112.9100,112.9100,200
1473269015,112.8984,112.8984,112.8701,112.8801,3800
1473269048,112.8900,112.8900,112.8900,112.8900,200
1473269227,112.8602,112.8718,112.8500,112.8629,800
1473269313,112.8670,112.8670,112.8670,112.8670,200
1473269345,112.8729,112.8729,112.8729,112.8729,100
1473269408,112.8800,112.8800,112.8800,112.8800,200
1473269538,112.9119,112.9200,112.9075,112.9075,1300
1473269599,112.8989,112.9100,112.8989,112.9089,3000
1473269677,112.8900,112.8900,112.8900,112.8900,300
1473269709,112.8602,112.8820,112.8602,112.8820,1800
1473269761,112.8701,112.8800,112.8630,112.8630,700
1473269863,112.8800,112.8800,112.8800,112.8800,100
1473269924,112.8990,112.8990,112.8832,112.8832,400
1473269946,112.8928,112.8928,112.8800,112.8900,900
1473270001,112.9000,112.9000,112.8900,112.8900,6400
1473270068,112.9020,112.9020,112.9000,112.9000,600
1473270337,112.9599,112.9599,112.9225,112.9225,2400
1473270470,112.9511,112.9599,112.9511,112.9599,1200
1473270534,112.9496,112.9600,112.9301,112.9500,2600
1473270570,112.9150,112.9150,112.9065,112.9065,1200
1473270654,112.9200,112.9299,112.9200,112.9299,500
1473270716,112.9300,112.9400,112.9200,112.9200,3200
1473270753,112.9400,112.9400,112.9400,112.9400,11900
1473270819,112.9316,112.9399,112.9200,112.9200,1600
1473270852,112.9600,112.9600,112.9434,112.9500,1000
1473270926,112.9492,112.9499,112.9354,112.9354,700
1473270980,112.9490,112.9490,112.9470,112.9470,700
1473271054,112.9400,112.9400,112.9400,112.9400,100
1473271094,112.9399,112.9400,112.9390,112.9390,4000
1473271167,112.9400,112.9400,112.9353,112.9353,700
1473271215,112.9350,112.9350,112.9350,112.9350,600
1473271321,112.9200,112.9200,112.9200,112.9200,100
1473271402,112.9300,112.9500,112.9300,112.9400,400
1473271456,112.9300,112.9400,112.9300,112.9375,500
1473271502,112.9312,112.9312,112.9312,112.9312,300
1473271579,112.9500,112.9620,112.9500,112.9620,600
1473271679,112.9180,112.9420,112.9180,112.9420,700
1473271699,112.9300,112.9300,112.9299,112.9299,400
1473271764,112.9400,112.9400,112.9400,112.9400,1600
1473271800,112.9500,112.9500,112.9250,112.9500,2400
1473271878,113.0100,113.0100,112.9700,112.9700,2100
1473271955,113.0200,113.0200,113.0200,113.0200,300
1473271984,113.0200,113.0200,113.0100,113.0160,2200
1473272056,113.0450,113.0500,113.0300,113.0300,600
1473272150,113.0500,113.0600,113.0412,113.0600,800
1473272173,113.0200,113.0400,113.0200,113.0400,700
1473272222,113.0200,113.0200,113.0016,113.0200,500
1473272301,113.0300,113.0300,113.0230,113.0230,500
1473272370,113.0200,113.0200,113.0200,113.0200,200
1473272408,113.0400,113.0400,113.0250,113.0299,900
1473272482,113.0220,113.0220,113.0220,113.0220,700
1473272524,113.0399,113.0399,113.0201,113.0325,900
1473272625,113.0400,113.0400,113.0373,113.0400,1000
1473272663,113.0284,113.0284,113.0284,113.0284,200
1473272759,113.0071,113.0201,113.0071,113.0201,500
1473272762,113.0200,113.0200,113.0200,113.0200,900
1473272878,112.9984,112.9984,112.9984,112.9984,300
1473272894,112.9950,113.0100,112.9898,112.9898,6400
1473272959,112.9974,112.9974,112.9974,112.9974,500
1473273014,113.0000,113.0000,112.9940,112.9940,500
1473273144,112.9726,112.9900,112.9726,112.9900,400
1473273294,112.9800,112.9800,112.9601,112.9733,600
1473273350,112.9799,112.9799,112.9600,112.9600,1200
1473273363,112.9629,112.9755,112.9611,112.9641,3800
1473273431,112.9400,112.9400,112.9300,112.9300,400
1473273493,112.9900,112.9900,112.9700,112.9700,600
1473273546,112.9700,112.9700,112.9605,112.9695,1800
1473273604,112.9830,112.9830,112.9500,112.9500,1000
1473273661,113.0000,113.0000,112.9900,112.9900,1500
1473273738,112.9750,113.0000,112.9741,113.0000,3200
1473273827,112.9800,112.9800,112.9800,112.9800,200
1473273846,112.9680,112.9900,112.9680,112.9900,1400
1473273937,113.0000,113.0000,112.9635,112.9635,2600
1473273967,112.9982,112.9982,112.9970,112.9970,1300
1473274044,112.9900,112.9900,112.9900,112.9900,500
1473274096,112.9701,112.9701,112.9701,112.9701,100
1473274148,113.0100,113.0100,112.9900,112.9900,500
1473274253,113.0132,113.0199,113.0071,113.0199,900
1473274263,113.0380,113.0380,113.0098,113.0200,5300
1473274335,113.0200,113.0200,113.0200,113.0200,300
1473274422,113.0430,113.0430,113.0430,113.0430,200
1473274470,113.0300,113.0500,113.0300,113.0500,200
1473274508,113.0429,113.0500,113.0300,113.0300,1500
1473274599,113.0233,113.0233,113.0233,113.0233,300
1473274620,113.0163,113.0200,113.0100,113.0200,2000
1473274734,113.0200,113.0200,113.0200,113.0200,100
1473274768,113.0199,113.0199,113.0010,113.0130,1200
1473274820,113.0200,113.0200,113.0200,113.0200,200
1473274875,113.0200,113.0200,113.0135,113.0135,1500
1473275017,113.0600,113.0600,113.0600,113.0600,100
1473275098,113.0630,113.0630,113.0630,113.0630,300
1473275158,113.0632,113.0632,113.0632,113.0632,300
1473275210,113.0916,113.0916,113.0600,113.0600,700
1473275228,113.0799,113.0800,113.0601,113.0800,500
1473275300,113.0516,113.0516,113.0516,113.0516,300
1473275350,113.0600,113.0700,113.0600,113.0700,300
1473275439,113.0596,113.0700,113.0596,113.0700,500
1473275577,113.0700,113.0700,113.0700,113.0700,100
1473275615,113.0799,113.0800,113.0799,113.0800,1000
1473275750,113.0829,113.0829,113.0800,113.0800,300
1473275763,113.0670,113.0670,113.0610,113.0610,700
1473275877,113.1000,113.1100,113.1000,113.1000,500
1473275918,113.0774,113.0774,113.0774,113.0774,200
1473276035,113.1099,113.1099,113.1099,113.1099,400
1473276110,113.1090,113.1090,113.1090,113.1090,200
1473276131,113.0893,113.1180,113.0801,113.1035,10000
1473276205,113.1000,113.1000,113.0884,113.0884,1300
1473276296,113.1200,113.1300,113.1100,113.1100,2800
1473276312,113.1000,113.1253,113.1000,113.1253,400
1473276385,113.1268,113.1326,113.1268,113.1326,700
1473276453,113.1200,113.1300,113.1200,113.1300,2900
1473276585,113.1000,113.1000,113.1000,113.1000,100
1473276648,113.0870,113.0900,113.0801,113.0900,900
1473276667,113.0800,113.0865,113.0800,113.0865,300
1473276781,113.0900,113.0900,113.0900,113.0900,300
1473276844,113.0900,113.0900,113.0865,113.0865,2000
1473276904,113.0846,113.0900,113.0846,113.0900,1700
1473277103,113.1100,113.1100,113.1100,113.1100,1300
1473277189,113.0798,113.0928,113.0600,113.0928,18200
1473277218,113.0890,113.0890,113.0870,113.0870,500
1473277264,113.0999,113.0999,113.0928,113.0928,1300
1473277391,113.0902,113.1100,113.0902,113.1100,1200
1473277446,113.1200,113.1200,113.1132,113.1132,300
1473277529,113.1050,113.1050,113.0933,113.0933,500
1473277590,113.0900,113.0900,113.0900,113.0900,500
1473277621,113.0885,113.0910,113.0800,113.0910,1000
1473277681,113.0800,113.0890,113.0800,113.0870,2000
1473277798,113.1000,113.1000,113.0801,113.0801,700
1473277800,113.0850,113.1000,113.0850,113.1000,400
1473277874,113.0701,113.0800,113.0701,113.0800,300
1473277921,113.0750,113.0750,113.0750,113.0750,200
1473278002,113.0700,113.0700,113.0600,113.0700,1100
1473278096,113.0890,113.0890,113.0800,113.0800,800
1473278148,113.0900,113.0920,113.0761,113.0800,1100
1473278217,113.0800,113.0884,113.0748,113.0884,900
1473278253,113.0700,113.0700,113.0634,113.0700,1800
1473278283,113.0800,113.0800,113.0601,113.0601,3000
1473278343,113.1400,113.1400,113.1000,113.1000,7800
1473278400,113.1600,113.1600,113.1600,113.1600,1400
