uri:/instrument/1.0/ACWI/chartdata;type=quote;range=1d/csv
ticker:acwi
Company-Name:iShares MSCI ACWI Index Fund
Exchange-Name:NGM
unit:MIN
timezone:EDT
currency:USD
gmtoffset:-14400
previous_close:58.5500
Timestamp:1472736600,1472760000
labels:1472738400,1472742000,1472745600,1472749200,1472752800,1472756400,1472760000
values:Timestamp,close,high,low,open,volume
close:58.3900,58.7600
high:58.3950,58.7700
low:58.3850,58.7600
open:58.3900,58.7700
volume:100,146200
1472736643,58.6850,58.7300,58.6500,58.7100,8300
1472736759,58.7500,58.7500,58.7100,58.7100,3800
1472736836,58.7400,58.7700,58.7200,58.7700,17700
1472736895,58.7200,58.7300,58.6900,58.7200,128200
1472736950,58.7300,58.7300,58.7150,58.7200,26000
1472736968,58.7400,58.7400,58.7200,58.7200,2800
1472737067,58.7500,58.7500,58.7400,58.7400,4100
1472737129,58.7450,58.7500,58.7450,58.7500,3400
1472737193,58.7200,58.7450,58.7200,58.7450,4600
1472737256,58.7300,58.7300,58.7000,58.7250,6100
1472737314,58.7100,58.7310,58.7100,58.7300,4000
1472737368,58.7100,58.7150,58.7100,58.7100,1500
1472737437,58.7100,58.7200,58.7100,58.7100,5500
1472737488,58.7100,58.7200,58.7100,58.7100,2800
1472737554,58.7000,58.7200,58.7000,58.7100,2400
1472737619,58.7000,58.7100,58.7000,58.7000,1600
1472737621,58.7100,58.7100,58.7050,58.7050,2100
1472737739,58.7000,58.7250,58.7000,58.7150,4400
1472737792,58.7000,58.7100,58.6900,58.6950,4200
1472737800,58.6700,58.7000,58.6650,58.7000,5900
1472737916,58.6300,58.6650,58.6300,58.6650,6700
1472737973,58.6300,58.6400,58.6250,58.6300,10100
1472738031,58.6000,58.6200,58.5900,58.6200,2500
1472738096,58.6100,58.6150,58.5900,58.6000,4100
1472738156,58.6365,58.6365,58.6150,58.6200,1600
1472738219,58.6300,58.6400,58.6300,58.6350,1700
1472738273,58.6200,58.6200,58.6100,58.6200,2300
1472738327,58.6250,58.6300,58.6100,58.6100,2200
1472738395,58.6250,58.6300,58.6250,58.6250,2000
1472738459,58.6400,58.6900,58.5950,58.6300,40900
1472738507,58.6400,58.6500,58.6150,58.6300,8400
1472738523,58.6500,58.6700,58.6350,58.6500,7100
1472738637,58.6900,58.6900,58.6450,58.6500,4500
1472738687,58.7100,58.7200,58.6900,58.6900,4500
1472738756,58.6800,58.7100,58.6700,58.7100,6900
1472738819,58.7000,58.7000,58.6800,58.6800,5900
1472738862,58.7300,58.7300,58.7100,58.7100,2500
1472738934,58.7350,58.7500,58.7300,58.7350,1900
1472738992,58.7300,58.7400,58.7250,58.7350,3900
1472739055,58.7500,58.7500,58.7250,58.7300,4500
1472739118,58.7000,58.7400,58.7000,58.7400,16900
1472739171,58.6800,58.7100,58.6700,58.7100,19700
1472739239,58.6900,58.6900,58.6700,58.6900,14200
1472739297,58.7000,58.7000,58.6800,58.6800,27900
1472739355,58.6900,58.7000,58.6850,58.7000,4700
1472739413,58.6900,58.6900,58.6800,58.6900,10600
1472739477,58.6700,58.6900,58.6600,58.6900,14600
1472739536,58.6600,58.6650,58.6400,58.6650,10700
1472739542,58.6500,58.6600,58.6500,58.6600,1600
1472739655,58.5800,58.6400,58.5700,58.6400,28600
1472739687,58.6000,58.6000,58.5750,58.5800,11000
1472739721,58.6150,58.6200,58.5900,58.5900,8300
1472739838,58.6300,58.6300,58.6000,58.6100,17800
1472739891,58.6400,58.6400,58.6250,58.6300,3300
1472739958,58.6000,58.6300,58.5900,58.6300,9000
1472740008,58.5750,58.6000,58.5700,58.6000,11700
1472740078,58.5600,58.5900,58.5550,58.5750,19700
1472740133,58.5700,58.5800,58.5650,58.5700,15600
1472740196,58.5100,58.5800,58.5100,58.5800,23100
1472740253,58.4700,58.5150,58.4600,58.5100,22000
1472740313,58.4500,58.4700,58.4350,58.4600,14600
1472740331,58.4400,58.4500,58.4300,58.4450,33600
1472740435,58.4200,58.4400,58.4200,58.4400,23500
1472740482,58.4600,58.4600,58.4250,58.4300,31600
1472740554,58.4450,58.4550,58.4400,58.4500,12200
1472740619,58.4500,58.4500,58.4400,58.4450,15700
1472740678,58.4600,58.4600,58.4450,58.4500,31300
1472740738,58.4600,58.4700,58.4500,58.4600,34000
1472740798,58.4400,58.4600,58.4300,58.4600,26000
1472740856,58.4450,58.4500,58.4300,58.4400,21700
1472740918,58.4450,58.4450,58.4400,58.4400,12900
1472740974,58.4700,58.4700,58.4400,58.4450,35800
1472741030,58.4500,58.4700,58.4450,58.4650,16500
1472741096,58.4600,58.4600,58.4550,58.4550,16200
1472741152,58.4600,58.4600,58.4400,58.4500,10000
1472741216,58.4550,58.4700,58.4500,58.4650,1700
1472741277,58.4700,58.4700,58.4550,58.4600,20500
1472741339,58.4450,58.4600,58.4400,58.4600,23600
1472741382,58.4700,58.4700,58.4450,58.4450,22800
1472741401,58.4700,58.4700,58.4550,58.4600,22900
1472741515,58.4800,58.4800,58.4750,58.4800,6300
1472741579,58.4750,58.4800,58.4650,58.4700,7200
1472741624,58.4850,58.4850,58.4750,58.4750,10600
1472741697,58.4700,58.4800,58.4600,58.4800,14300
1472741759,58.4500,58.4750,58.4500,58.4700,20100
1472741819,58.4450,58.4500,58.4300,58.4450,50200
1472741876,58.4700,58.4800,58.4500,58.4500,33300
1472741938,58.4500,58.4700,58.4500,58.4700,19200
1472741995,58.4600,58.4600,58.4450,58.4600,23000
1472742059,58.4100,58.4500,58.4100,58.4500,25800
1472742115,58.3900,58.4100,58.3850,58.4100,21600
1472742179,58.3900,58.3950,58.3850,58.3900,4100
1472742237,58.4100,58.4100,58.3900,58.3900,6300
1472742283,58.4300,58.4300,58.4150,58.4150,1500
1472742351,58.4200,58.4350,58.4200,58.4350,800
1472742416,58.4250,58.4250,58.4200,58.4250,7600
1472742479,58.4150,58.4250,58.4100,58.4250,24600
1472742537,58.4050,58.4200,58.4050,58.4150,33400
1472742599,58.4250,58.4250,58.4050,58.4050,18900
1472742657,58.4300,58.4400,58.4150,58.4250,30500
1472742666,58.4150,58.4250,58.4100,58.4250,11700
1472742756,58.4400,58.4400,58.4150,58.4150,18200
1472742839,58.4400,58.4400,58.4300,58.4350,7900
1472742892,58.4400,58.4401,58.4350,58.4350,26800
1472742955,58.4350,58.4400,58.4300,58.4400,11600
1472743019,58.4500,58.4500,58.4350,58.4350,18200
1472743078,58.4450,58.4450,58.4350,58.4400,23400
1472743136,58.4450,58.4599,58.4450,58.4500,26900
1472743145,58.4600,58.4600,58.4400,58.4400,16600
1472743235,58.4800,58.4800,58.4650,58.4700,7500
1472743314,58.4650,58.4800,58.4650,58.4750,14500
1472743372,58.4800,58.4800,58.4550,58.4600,45500
1472743432,58.4750,58.4900,58.4750,58.4750,14300
1472743491,58.4750,58.4800,58.4750,58.4750,9800
1472743549,58.4800,58.4850,58.4750,58.4750,11300
1472743615,58.4850,58.4900,58.4850,58.4850,13800
1472743677,58.4900,58.4900,58.4750,58.4850,42000
1472743737,58.4950,58.5000,58.4900,58.4900,17700
1472743798,58.5000,58.5100,58.4950,58.4950,32200
1472743859,58.4950,58.5000,58.4950,58.5000,700
1472743900,58.4950,58.4950,58.4950,58.4950,600
1472743979,58.4850,58.5000,58.4850,58.5000,4600
1472744035,58.5000,58.5000,58.4850,58.4850,700
1472744098,58.5100,58.5100,58.5000,58.5000,88100
1472744157,58.5200,58.5300,58.5200,58.5200,16700
1472744215,58.5100,58.5219,58.5100,58.5219,14400
1472744279,58.5100,58.5200,58.5000,58.5150,3600
1472744333,58.5100,58.5100,58.5000,58.5100,4700
1472744397,58.5100,58.5150,58.5000,58.5100,2900
1472744448,58.4900,58.5100,58.4900,58.5100,5300
1472744516,58.4950,58.4950,58.4900,58.4900,7600
1472744553,58.5000,58.5000,58.5000,58.5000,1200
1472744633,58.4900,58.5000,58.4900,58.4999,500
1472744684,58.5000,58.5000,58.5000,58.5000,400
1472744701,58.4800,58.4900,58.4800,58.4900,1300
1472744815,58.5000,58.5000,58.4900,58.4900,2400
1472744861,58.4900,58.4950,58.4900,58.4950,200
1472744938,58.4950,58.5000,58.4900,58.4900,4100
1472744984,58.4900,58.5000,58.4900,58.5000,2200
1472745052,58.4400,58.4800,58.4300,58.4800,5300
1472745095,58.4500,58.4600,58.4500,58.4500,2300
1472745131,58.4500,58.4550,58.4500,58.4550,300
1472745208,58.4500,58.4600,58.4500,58.4500,1600
1472745280,58.4600,58.4600,58.4550,58.4600,3900
1472745338,58.4600,58.4600,58.4600,58.4600,3700
1472745415,58.4650,58.4800,58.4600,58.4600,3000
1472745470,58.4700,58.4700,58.4650,58.4700,3800
1472745525,58.5000,58.5000,58.4800,58.4800,6600
1472745557,58.5000,58.5000,58.4900,58.5000,300
1472745653,58.4800,58.5000,58.4800,58.5000,2100
1472745708,58.4850,58.4900,58.4800,58.4850,500
1472745751,58.4850,58.4900,58.4850,58.4900,4800
1472745821,58.4900,58.4900,58.4900,58.4900,200
1472745887,58.4900,58.4900,58.4900,58.4900,200
1472745932,58.4850,58.5000,58.4800,58.4900,4700
1472746019,58.4750,58.4850,58.4700,58.4800,3200
1472746075,58.4800,58.4850,58.4600,58.4700,6900
1472746136,58.4800,58.4900,58.4800,58.4899,1900
1472746199,58.4800,58.4850,58.4800,58.4800,1100
1472746233,58.4700,58.4800,58.4700,58.4800,5200
1472746312,58.4800,58.4800,58.4750,58.4800,7800
1472746359,58.4800,58.4850,58.4800,58.4850,300
1472746432,58.4900,58.4900,58.4800,58.4850,4700
1472746492,58.5200,58.5200,58.4800,58.4850,16600
1472746549,58.5450,58.5550,58.5400,58.5400,8200
1472746616,58.5500,58.5700,58.5500,58.5500,6800
1472746676,58.5700,58.5700,58.5500,58.5500,6100
1472746734,58.5500,58.5600,58.5500,58.5600,3300
1472746771,58.5500,58.5550,58.5500,58.5550,9500
1472746824,58.5500,58.5500,58.5500,58.5500,2200
1472746919,58.5500,58.5550,58.5500,58.5500,5700
1472746964,58.5800,58.5850,58.5550,58.5600,13500
1472747033,58.5950,58.5950,58.5800,58.5800,9000
1472747097,58.6500,58.6500,58.5900,58.5900,20700
1472747136,58.6400,58.6500,58.6400,58.6500,5100
1472747211,58.6250,58.6350,58.6250,58.6350,600
1472747277,58.6200,58.6300,58.6100,58.6250,62200
1472747329,58.6500,58.6580,58.6200,58.6300,146200
1472747398,58.6400,58.6400,58.6400,58.6400,4000
1472747458,58.6450,58.6450,58.6400,58.6400,200
1472747518,58.6450,58.6500,58.6400,58.6450,6300
1472747572,58.6900,58.6900,58.6450,58.6450,7500
1472747625,58.7000,58.7000,58.6900,58.6900,102400
1472747646,58.7050,58.7200,58.7000,58.7100,6600
1472747750,58.6950,58.7100,58.6900,58.7099,6800
1472747817,58.6850,58.6900,58.6800,58.6900,7300
1472747875,58.6800,58.6800,58.6700,58.6800,14500
1472747919,58.6800,58.6800,58.6750,58.6750,3100
1472747999,58.6750,58.6850,58.6750,58.6850,3900
1472748057,58.6800,58.6800,58.6700,58.6800,2300
1472748107,58.6550,58.6700,58.6550,58.6700,9800
1472748172,58.6600,58.6650,58.6550,58.6600,9600
1472748239,58.6700,58.6700,58.6600,58.6700,6900
1472748285,58.6600,58.6700,58.6600,58.6700,2100
1472748337,58.6700,58.6700,58.6550,58.6600,4600
1472748403,58.6600,58.6650,58.6550,58.6650,9400
1472748458,58.6500,58.6600,58.6500,58.6600,10300
1472748535,58.6550,58.6600,58.6500,58.6500,2900
1472748597,58.6700,58.6700,58.6550,58.6600,6900
1472748659,58.6700,58.6750,58.6650,58.6650,14900
1472748717,58.6900,58.6900,58.6750,58.6750,11200
1472748769,58.6800,58.6800,58.6800,58.6800,5100
1472748815,58.6700,58.6700,58.6700,58.6700,1100
1472748887,58.6800,58.6850,58.6737,58.6737,6700
1472748955,58.6700,58.6800,58.6700,58.6800,4300
1472748968,58.6700,58.6750,58.6700,58.6750,7700
1472749078,58.6650,58.6700,58.6600,58.6700,1500
1472749126,58.6550,58.6600,58.6500,58.6600,6800
1472749198,58.6400,58.6450,58.6400,58.6450,6900
1472749257,58.6600,58.6600,58.6500,58.6500,2300
1472749292,58.6550,58.6550,58.6550,58.6550,100
1472749368,58.6550,58.6600,58.6550,58.6600,400
1472749430,58.6600,58.6600,58.6600,58.6600,200
1472749472,58.6600,58.6600,58.6600,58.6600,200
1472749555,58.6600,58.6600,58.6400,58.6500,10200
1472749563,58.6600,58.6700,58.6600,58.6600,5200
1472749657,58.6500,58.6650,58.6500,58.6650,6200
1472749697,58.6500,58.6550,58.6500,58.6550,300
1472749790,58.6650,58.6700,58.6600,58.6600,3000
1472749848,58.6500,58.6700,58.6500,58.6600,4400
1472749919,58.6450,58.6450,58.6400,58.6450,2500
1472749963,58.6500,58.6500,58.6500,58.6500,3100
1472750039,58.6500,58.6500,58.6500,58.6500,1500
1472750090,58.6500,58.6550,58.6500,58.6500,4500
1472750152,58.6700,58.6700,58.6600,58.6600,1000
1472750217,58.6800,58.6800,58.6600,58.6600,3600
1472750276,58.6800,58.6800,58.6750,58.6750,900
1472750317,58.6900,58.6900,58.6850,58.6900,300
1472750374,58.6800,58.6850,58.6800,58.6850,400
1472750449,58.7000,58.7000,58.6900,58.6900,42700
1472750513,58.7000,58.7100,58.7000,58.7100,800
1472750567,58.7050,58.7050,58.7000,58.7050,300
1472750634,58.7000,58.7100,58.7000,58.7100,5700
1472750690,58.6900,58.6900,58.6800,58.6900,4900
1472750814,58.6700,58.6850,58.6700,58.6850,1000
1472750865,58.6900,58.6900,58.6900,58.6900,200
1472750932,58.6900,58.6900,58.6900,58.6900,3100
1472750988,58.6950,58.6950,58.6900,58.6900,300
1472751013,58.6950,58.7000,58.6900,58.7000,3000
1472751167,58.7000,58.7000,58.6975,58.7000,10300
1472751237,58.6900,58.7100,58.6900,58.7000,22900
1472751299,58.6800,58.6900,58.6800,58.6900,12700
1472751353,58.6850,58.6900,58.6800,58.6850,11300
1472751365,58.7000,58.7000,58.7000,58.7000,4200
1472751468,58.6900,58.6950,58.6900,58.6900,2000
1472751507,58.6950,58.6950,58.6900,58.6900,2300
1472751581,58.6700,58.6850,58.6700,58.6850,6600
1472751640,58.6700,58.6800,58.6700,58.6700,4300
1472751706,58.6700,58.6750,58.6600,58.6600,5400
1472751776,58.6700,58.6750,58.6700,58.6750,5700
1472751835,58.6750,58.6800,58.6700,58.6700,6800
1472751887,58.6700,58.6750,58.6700,58.6750,5500
1472751940,58.6700,58.6750,58.6700,58.6750,2000
1472752003,58.6800,58.6800,58.6700,58.6800,2000
1472752066,58.6800,58.6900,58.6800,58.6800,2300
1472752128,58.6850,58.6900,58.6800,58.6850,10700
1472752199,58.6800,58.6800,58.6800,58.6800,5300
1472752253,58.6850,58.6850,58.6750,58.6800,1100
1472752300,58.6700,58.6800,58.6700,58.6800,3300
1472752324,58.6800,58.6800,58.6700,58.6700,4700
1472752385,58.6800,58.6800,58.6750,58.6750,8300
1472752498,58.6750,58.6800,58.6750,58.6750,2900
1472752556,58.6500,58.6800,58.6500,58.6750,12400
1472752618,58.6500,58.6500,58.6500,58.6500,1300
1472752679,58.6400,58.6500,58.6350,58.6500,8700
1472752737,58.6450,58.6500,58.6400,58.6400,6000
1472752798,58.6350,58.6500,58.6350,58.6500,9000
1472752859,58.6100,58.6400,58.6100,58.6400,4900
1472752918,58.6000,58.6114,58.5900,58.6100,9600
1472752979,58.6000,58.6000,58.5950,58.6000,4900
1472753020,58.5900,58.6000,58.5900,58.6000,9000
1472753092,58.6100,58.6100,58.6000,58.6000,900
1472753102,58.6000,58.6100,58.6000,58.6100,2100
1472753167,58.6000,58.6000,58.6000,58.6000,100
1472753267,58.6000,58.6100,58.6000,58.6000,2400
1472753329,58.6200,58.6200,58.6100,58.6100,2100
1472753393,58.6100,58.6150,58.6000,58.6150,2600
1472753449,58.5900,58.6050,58.5800,58.6050,7800
1472753483,58.5900,58.5950,58.5900,58.5900,3900
1472753524,58.6200,58.6200,58.5950,58.5950,2700
1472753633,58.6100,58.6100,58.6100,58.6100,200
1472753669,58.6300,58.6300,58.6200,58.6200,1600
1472753747,58.6400,58.6400,58.6400,58.6400,100
1472753817,58.6400,58.6400,58.6300,58.6300,400
1472753922,58.6400,58.6400,58.6400,58.6400,300
1472753947,58.6538,58.6600,58.6400,58.6400,3900
1472754042,58.6500,58.6500,58.6500,58.6500,100
1472754119,58.6250,58.6400,58.6200,58.6400,1400
1472754171,58.6300,58.6300,58.6300,58.6300,2300
1472754230,58.6450,58.6450,58.6300,58.6300,800
1472754261,58.6200,58.6300,58.6200,58.6300,1600
1472754352,58.6300,58.6350,58.6300,58.6300,600
1472754365,58.6300,58.6400,58.6300,58.6400,600
1472754457,58.6350,58.6350,58.6300,58.6300,300
1472754537,58.6600,58.6600,58.6300,58.6300,2100
1472754576,58.6800,58.6800,58.6600,58.6600,1100
1472754625,58.6800,58.6800,58.6700,58.6700,200
1472754717,58.6800,58.6838,58.6800,58.6800,2900
1472754746,58.6800,58.6800,58.6750,58.6800,600
1472754838,58.6700,58.6900,58.6700,58.6900,1000
1472754890,58.6600,58.6700,58.6600,58.6700,9700
1472754957,58.6600,58.6600,58.6500,58.6600,4300
1472755015,58.6600,58.6600,58.6450,58.6500,12900
1472755069,58.6500,58.6550,58.6500,58.6500,3900
1472755139,58.6400,58.6600,58.6300,58.6600,7300
1472755175,58.6400,58.6500,58.6400,58.6500,11800
1472755256,58.6501,58.6600,58.6500,58.6500,3600
1472755317,58.6700,58.6700,58.6600,58.6600,1600
1472755360,58.6600,58.6600,58.6600,58.6600,8300
1472755437,58.6700,58.6700,58.6600,58.6700,3500
1472755498,58.6600,58.6600,58.6500,58.6600,7300
1472755559,58.6650,58.6700,58.6600,58.6600,3000
1472755614,58.7000,58.7000,58.6650,58.6650,22400
1472755673,58.7000,58.7100,58.6900,58.6900,8200
1472755737,58.6800,58.6900,58.6800,58.6900,7900
1472755768,58.6700,58.6800,58.6700,58.6800,300
1472755848,58.6800,58.6800,58.6800,58.6800,9300
1472755918,58.6600,58.6700,58.6600,58.6700,4800
1472755979,58.6800,58.6800,58.6600,58.6600,3800
1472756030,58.6700,58.6900,58.6700,58.6900,15500
1472756096,58.6800,58.6800,58.6700,58.6800,3700
1472756150,58.6800,58.6800,58.6800,58.6800,200
1472756217,58.6700,58.6800,58.6700,58.6800,700
1472756269,58.6750,58.6750,58.6650,58.6700,2900
1472756334,58.6700,58.6700,58.6650,58.6700,3000
1472756398,58.6700,58.6700,58.6600,58.6600,7800
1472756431,58.6750,58.6750,58.6750,58.6750,100
1472756518,58.6500,58.6750,58.6500,58.6750,12200
1472756579,58.6550,58.6600,58.6500,58.6500,17300
1472756580,58.6500,58.6600,58.6500,58.6550,6700
1472756681,58.6300,58.6500,58.6300,58.6500,4500
1472756759,58.6100,58.6200,58.6041,58.6200,8200
1472756785,58.6000,58.6050,58.5950,58.6000,4300
1472756879,58.5800,58.6100,58.5800,58.6100,6900
1472756936,58.5935,58.5935,58.5800,58.5800,8500
1472756990,58.6000,58.6000,58.5900,58.5900,10200
1472757057,58.6000,58.6000,58.6000,58.6000,7800
1472757117,58.5950,58.5950,58.5850,58.5900,2500
1472757176,58.6000,58.6100,58.5900,58.5900,13100
1472757231,58.6300,58.6300,58.6000,58.6000,5800
1472757299,58.6250,58.6400,58.6250,58.6300,600
1472757352,58.6200,58.6300,58.6200,58.6200,5000
1472757411,58.6300,58.6300,58.6199,58.6199,4600
1472757478,58.6300,58.6350,58.6300,58.6300,2600
1472757530,58.6300,58.6300,58.6300,58.6300,1700
1472757547,58.6200,58.6300,58.6200,58.6300,8800
1472757657,58.6500,58.6500,58.6265,58.6300,17000
1472757717,58.6500,58.6501,58.6401,58.6501,6200
1472757779,58.6400,58.6401,58.6301,58.6401,4100
1472757835,58.6600,58.6600,58.6500,58.6500,1100
1472757893,58.6500,58.6500,58.6500,58.6500,700
1472757957,58.6500,58.6600,58.6500,58.6550,1000
1472757994,58.6250,58.6500,58.6200,58.6500,21100
1472758069,58.6300,58.6300,58.6250,58.6300,8900
1472758139,58.6400,58.6477,58.6300,58.6300,17700
1472758193,58.6336,58.6400,58.6215,58.6400,10400
1472758259,58.6200,58.6300,58.6200,58.6300,6400
1472758316,58.6200,58.6250,58.6100,58.6250,76000
1472758375,58.6300,58.6350,58.6200,58.6200,39400
1472758438,58.6350,58.6350,58.6250,58.6300,12700
1472758498,58.6300,58.6400,58.6300,58.6350,22700
1472758559,58.6300,58.6350,58.6200,58.6200,43700
1472758619,58.6200,58.6300,58.6150,58.6300,38800
1472758679,58.6250,58.6300,58.6150,58.6200,24300
1472758738,58.6150,58.6250,58.6150,58.6250,20500
1472758790,58.6400,58.6400,58.6150,58.6150,27700
1472758858,58.6700,58.6800,58.6400,58.6400,28000
1472758905,58.6700,58.6800,58.6650,58.6700,12500
1472758922,58.6800,58.6900,58.6700,58.6800,26100
1472759035,58.6800,58.6950,58.6800,58.6900,18100
1472759089,58.6900,58.6900,58.6700,58.6800,19200
1472759155,58.6800,58.6900,58.6800,58.6900,10600
1472759214,58.6950,58.7000,58.6800,58.6850,70100
1472759278,58.6900,58.7000,58.6900,58.6900,3000
1472759332,58.6800,58.6900,58.6750,58.6900,9800
1472759340,58.6800,58.6850,58.6750,58.6750,26300
1472759458,58.6961,58.7000,58.6800,58.6800,16300
1472759513,58.7200,58.7200,58.7000,58.7000,26300
1472759565,58.7100,58.7200,58.7100,58.7200,3200
1472759582,58.7200,58.7200,58.7100,58.7150,5400
1472759697,58.7100,58.7200,58.7100,58.7100,32500
1472759759,58.7100,58.7100,58.7000,58.7100,23400
1472759809,58.7200,58.7300,58.7100,58.7100,31400
1472759826,58.7300,58.7300,58.7200,58.7300,23000
1472759939,58.7400,58.7400,58.7250,58.7300,47100
1472759940,58.7500,58.7600,58.7300,58.7400,87500
1472760000,58.7600,58.7600,58.7600,58.7600,40100
