uri:/instrument/1.0/VUG/chartdata;type=quote;range=1d/csv
ticker:vug
Company-Name:Vanguard Growth ETF - DNQ
Exchange-Name:PCX
unit:MIN
timezone:EDT
currency:USD
gmtoffset:-14400
previous_close:112.2000
Timestamp:1472823000,1472846400
labels:1472824800,1472828400,1472832000,1472835600,1472839200,1472842800,1472846400
values:Timestamp,close,high,low,open,volume
close:112.2399,112.8980
high:112.2399,112.9000
low:112.2399,112.8700
open:112.2399,112.8900
volume:0,46100
1472823044,112.7400,112.7400,112.7400,112.7400,11000
1472823064,112.7300,112.7300,112.7247,112.7300,2000
1472823170,112.7253,112.7700,112.7253,112.7700,2000
1472823186,112.7000,112.7000,112.7000,112.7000,500
1472823246,112.6710,112.6973,112.6710,112.6900,4500
1472823347,112.7173,112.7173,112.7090,112.7090,600
1472823418,112.5878,112.6450,112.5878,112.6450,500
1472823429,112.6100,112.6100,112.6000,112.6000,300
1472823536,112.6776,112.6776,112.6700,112.6700,600
1472823545,112.7000,112.7000,112.6813,112.6813,400
1472823653,112.6897,112.6897,112.6897,112.6897,800
1472823790,112.7300,112.7300,112.7270,112.7270,900
1472823895,112.7200,112.7200,112.7200,112.7200,1100
1472823900,112.7700,112.7700,112.7400,112.7400,500
1472823973,112.7801,112.7801,112.7801,112.7801,100
1472824040,112.7700,112.7700,112.7700,112.7700,100
1472824081,112.7700,112.7700,112.7444,112.7444,2200
1472824227,112.8400,112.8400,112.8200,112.8200,400
1472824318,112.8300,112.8300,112.8200,112.8200,400
1472824363,112.8300,112.8366,112.8100,112.8264,1300
1472824420,112.8498,112.8599,112.8498,112.8500,1500
1472824441,112.8700,112.8800,112.8700,112.8700,1100
1472824529,112.8700,112.8700,112.8626,112.8626,7800
1472824584,112.8600,112.8600,112.8600,112.8600,400
1472824793,112.8399,112.8399,112.8399,112.8399,2300
1472824811,112.8600,112.8600,112.8600,112.8600,200
1472824866,112.8980,112.9000,112.8700,112.8900,7300
1472824968,112.8500,112.8500,112.8500,112.8500,200
1472824990,112.8700,112.8800,112.8700,112.8733,900
1472825116,112.8699,112.8699,112.8699,112.8699,2000
1472825243,112.8300,112.8500,112.8200,112.8400,18600
1472825391,112.7100,112.7400,112.7049,112.7400,1100
1472825414,112.7383,112.7581,112.7383,112.7581,1000
1472825541,112.7400,112.7400,112.7016,112.7016,2200
1472825603,112.7500,112.7500,112.7500,112.7500,100
1472825695,112.6625,112.7500,112.6600,112.7500,900
1472825702,112.7000,112.7100,112.6400,112.6400,3900
1472825777,112.7060,112.7345,112.7060,112.7345,1500
1472825840,112.6896,112.7400,112.6896,112.7400,1100
1472825921,112.7100,112.7100,112.7100,112.7100,100
1472825951,112.6801,112.7087,112.6801,112.7087,800
1472826055,112.6880,112.6880,112.6880,112.6880,200
1472826113,112.6900,112.6916,112.6900,112.6916,500
1472826135,112.7000,112.7000,112.7000,112.7000,200
1472826301,112.7270,112.7270,112.7100,112.7200,800
1472826378,112.7200,112.7200,112.7100,112.7100,600
1472826492,112.6996,112.6996,112.6996,112.6996,1500
1472826560,112.7400,112.7400,112.7300,112.7300,1400
1472826640,112.7100,112.7313,112.7100,112.7313,500
1472826680,112.7200,112.7200,112.6700,112.6700,1200
1472826766,112.6799,112.6799,112.6799,112.6799,400
1472826782,112.7200,112.7400,112.7100,112.7100,800
1472826878,112.6900,112.6900,112.6900,112.6900,100
1472826906,112.7034,112.7255,112.6980,112.7255,500
1472826987,112.7400,112.7400,112.7200,112.7200,900
1472827027,112.7502,112.7502,112.7502,112.7502,700
1472827081,112.7500,112.7500,112.7500,112.7500,300
1472827222,112.7238,112.7238,112.7238,112.7238,900
1472827262,112.7300,112.7300,112.7201,112.7201,300
1472827424,112.7000,112.7000,112.7000,112.7000,100
1472827533,112.7300,112.7300,112.7300,112.7300,200
1472827614,112.7200,112.7200,112.7200,112.7200,100
1472827664,112.7100,112.7100,112.7100,112.7100,300
1472827703,112.6876,112.6876,112.6876,112.6876,200
1472827744,112.7200,112.7200,112.7200,112.7200,1500
1472827839,112.7301,112.7301,112.7301,112.7301,100
1472827862,112.7600,112.7600,112.7300,112.7425,1000
1472828063,112.7400,112.7400,112.7400,112.7400,200
1472828111,112.7500,112.7500,112.7500,112.7500,800
1472828286,112.6738,112.6800,112.6646,112.6800,2000
1472828395,112.6449,112.6449,112.6449,112.6449,400
1472828489,112.6750,112.6932,112.6737,112.6932,500
1472828596,112.6700,112.6700,112.6700,112.6700,1300
1472828642,112.7101,112.7101,112.7000,112.7000,1200
1472828727,112.7700,112.7700,112.7600,112.7600,1300
1472828765,112.6600,112.7000,112.6600,112.7000,1300
1472828973,112.6600,112.6600,112.6600,112.6600,700
1472829045,112.6500,112.6500,112.6300,112.6300,1100
1472829064,112.6599,112.6599,112.6400,112.6400,500
1472829137,112.6251,112.6251,112.5900,112.6100,1900
1472829367,112.6190,112.6190,112.6100,112.6100,500
1472829421,112.5900,112.6198,112.5900,112.6198,1200
1472829494,112.5900,112.5900,112.5790,112.5790,15400
1472829564,112.5900,112.5900,112.5900,112.5900,200
1472829670,112.6446,112.6446,112.6299,112.6299,1400
1472829734,112.6100,112.6219,112.6100,112.6219,1000
1472829821,112.5800,112.5940,112.5800,112.5940,1800
1472829846,112.5900,112.6000,112.5800,112.5900,2000
1472829934,112.5400,112.5400,112.5400,112.5400,2100
1472829971,112.5422,112.5422,112.5422,112.5422,700
1472830032,112.5647,112.5647,112.5647,112.5647,100
1472830159,112.5500,112.5880,112.5500,112.5880,400
1472830214,112.5474,112.5474,112.5474,112.5474,200
1472830312,112.5400,112.5400,112.5400,112.5400,1600
1472830330,112.5700,112.5700,112.5300,112.5300,1200
1472830430,112.5874,112.5874,112.5874,112.5874,400
1472830509,112.5670,112.5670,112.5670,112.5670,500
1472830687,112.6100,112.6100,112.5985,112.5985,4900
1472830819,112.5699,112.5699,112.5699,112.5699,1600
1472830941,112.5500,112.5500,112.5478,112.5478,500
1472831025,112.5700,112.5700,112.5380,112.5380,1900
1472831204,112.6200,112.6200,112.6200,112.6200,300
1472831324,112.5700,112.5700,112.5600,112.5600,700
1472831340,112.5701,112.5800,112.5701,112.5800,400
1472831435,112.5800,112.5800,112.5800,112.5800,400
1472831469,112.5800,112.5800,112.5800,112.5800,100
1472831564,112.6000,112.6000,112.5901,112.5901,2100
1472831629,112.6200,112.6200,112.6200,112.6200,300
1472831790,112.6232,112.6232,112.6232,112.6232,100
1472831857,112.6100,112.6299,112.5917,112.6299,500
1472831946,112.5999,112.6130,112.5900,112.6130,1100
1472832003,112.6234,112.6234,112.6226,112.6226,400
1472832156,112.5800,112.6004,112.5800,112.6004,1400
1472832184,112.5600,112.5600,112.5600,112.5600,200
1472832271,112.5530,112.5599,112.5530,112.5599,2300
1472832306,112.5800,112.5937,112.5690,112.5690,1100
1472832437,112.5342,112.5399,112.5342,112.5399,400
1472832490,112.5500,112.5500,112.5400,112.5400,400
1472832543,112.5490,112.5500,112.5300,112.5300,900
1472832649,112.5175,112.5211,112.5175,112.5211,600
1472832758,112.5300,112.5300,112.5300,112.5300,1300
1472832851,112.5100,112.5298,112.5100,112.5298,400
1472832927,112.4700,112.4700,112.4700,112.4700,400
1472833042,112.4325,112.4400,112.4300,112.4300,400
1472833140,112.4025,112.4379,112.4000,112.4379,1200
1472833211,112.3670,112.3800,112.3670,112.3800,1700
1472833270,112.3530,112.3600,112.3318,112.3600,2900
1472833339,112.3800,112.4000,112.3800,112.3826,2000
1472833459,112.3925,112.3925,112.3925,112.3925,100
1472833559,112.3800,112.3800,112.3800,112.3800,100
1472833575,112.4100,112.4100,112.3900,112.3900,1100
1472833679,112.4200,112.4200,112.4200,112.4200,100
1472833689,112.4299,112.4299,112.4200,112.4200,1000
1472833880,112.4344,112.4344,112.4344,112.4344,400
1472834088,112.4325,112.4325,112.4325,112.4325,100
1472834137,112.4400,112.4400,112.4300,112.4300,1500
1472834239,112.4700,112.4925,112.4700,112.4925,200
1472834447,112.4500,112.4600,112.4500,112.4600,200
1472834464,112.4433,112.4433,112.4400,112.4400,300
1472834568,112.4401,112.4401,112.4400,112.4400,600
1472834580,112.4300,112.4300,112.4300,112.4300,400
1472834656,112.4400,112.4500,112.4400,112.4466,500
1472834739,112.4400,112.4400,112.4400,112.4400,100
1472834800,112.4160,112.4235,112.4160,112.4235,400
1472834871,112.4173,112.4299,112.4173,112.4299,900
1472834888,112.4099,112.4101,112.4099,112.4100,900
1472835024,112.4201,112.4300,112.4201,112.4300,1300
1472835095,112.4800,112.4800,112.4800,112.4800,600
1472835133,112.4869,112.4869,112.4869,112.4869,300
1472835251,112.5100,112.5100,112.5100,112.5100,200
1472835347,112.5000,112.5100,112.5000,112.5100,200
1472835367,112.4900,112.5095,112.4900,112.5056,1500
1472835464,112.4700,112.4700,112.4700,112.4700,300
1472835649,112.4345,112.4555,112.4345,112.4555,300
1472835729,112.4330,112.4330,112.4330,112.4330,400
1472835785,112.4373,112.4373,112.4287,112.4287,4100
1472835872,112.4653,112.4653,112.4653,112.4653,100
1472836023,112.4400,112.4400,112.4300,112.4300,800
1472836130,112.4206,112.4206,112.4206,112.4206,400
1472836190,112.3900,112.4280,112.3900,112.4280,800
1472836378,112.4600,112.4600,112.3900,112.3900,3000
1472836420,112.4100,112.4100,112.4100,112.4100,300
1472836452,112.4100,112.4260,112.4100,112.4110,900
1472836613,112.4300,112.4432,112.4300,112.4432,500
1472836629,112.4100,112.4200,112.4100,112.4200,700
1472836835,112.3900,112.3900,112.3900,112.3900,100
1472836868,112.3600,112.3800,112.3600,112.3800,600
1472836957,112.4100,112.4100,112.4100,112.4100,500
1472836991,112.4307,112.4307,112.4307,112.4307,100
1472837056,112.4347,112.4347,112.4312,112.4312,700
1472837101,112.4348,112.4348,112.4200,112.4200,500
1472837162,112.3900,112.4168,112.3900,112.4168,600
1472837234,112.3820,112.3820,112.3820,112.3820,200
1472837284,112.3932,112.3999,112.3932,112.3999,300
1472837411,112.4055,112.4055,112.4055,112.4055,200
1472837508,112.3900,112.3900,112.3900,112.3900,100
1472837589,112.3434,112.3570,112.3300,112.3570,1000
1472837678,112.3175,112.3175,112.3001,112.3100,1200
1472837718,112.3439,112.3439,112.3370,112.3370,400
1472837821,112.3100,112.3100,112.3000,112.3000,800
1472837938,112.2670,112.2700,112.2600,112.2600,600
1472837946,112.2620,112.2700,112.2620,112.2700,3100
1472838069,112.2399,112.2399,112.2399,112.2399,500
1472838142,112.2674,112.2724,112.2601,112.2724,2500
1472838185,112.2900,112.2900,112.2700,112.2700,5800
1472838336,112.2600,112.2600,112.2600,112.2600,200
1472838360,112.2774,112.2838,112.2700,112.2700,2400
1472838441,112.3299,112.3299,112.3074,112.3074,400
1472838487,112.3100,112.3200,112.3100,112.3200,700
1472838610,112.3074,112.3200,112.3074,112.3200,200
1472838695,112.2901,112.2901,112.2800,112.2800,300
1472838752,112.3000,112.3000,112.2896,112.2896,1700
1472838955,112.3299,112.3493,112.3299,112.3493,800
1472839019,112.3225,112.3300,112.3101,112.3101,400
1472839028,112.3225,112.3225,112.3225,112.3225,300
1472839122,112.3230,112.3350,112.3170,112.3320,4300
1472839245,112.3174,112.3174,112.3174,112.3174,400
1472839377,112.3000,112.3181,112.3000,112.3010,1300
1472839382,112.3033,112.3033,112.3033,112.3033,300
1472839593,112.3275,112.3325,112.3275,112.3325,1200
1472839660,112.3400,112.3529,112.3400,112.3417,2300
1472839734,112.3986,112.3986,112.3471,112.3471,2800
1472839740,112.4150,112.4299,112.4100,112.4100,1600
1472839854,112.4224,112.4300,112.4100,112.4199,5800
1472839911,112.4200,112.4200,112.4000,112.4150,11200
1472839946,112.4300,112.4300,112.4050,112.4200,500
1472839997,112.4100,112.4100,112.4001,112.4001,1800
1472840045,112.4074,112.4100,112.3800,112.3800,600
1472840159,112.4400,112.4400,112.4016,112.4016,1100
1472840169,112.4313,112.4500,112.4301,112.4400,8900
1472840231,112.4600,112.4600,112.4377,112.4377,1500
1472840293,112.4600,112.4600,112.4400,112.4400,400
1472840357,112.4600,112.4604,112.4529,112.4529,5600
1472840429,112.4600,112.4600,112.4600,112.4600,200
1472840510,112.4300,112.4400,112.4200,112.4200,1200
1472840522,112.4346,112.4346,112.4110,112.4110,3200
1472840589,112.4400,112.4400,112.4400,112.4400,400
1472840668,112.4100,112.4100,112.4100,112.4100,200
1472840700,112.4400,112.4400,112.4200,112.4200,1200
1472840809,112.4400,112.4400,112.4400,112.4400,300
1472840908,112.4574,112.4655,112.4574,112.4600,5500
1472840949,112.4300,112.4300,112.4300,112.4300,800
1472841108,112.4400,112.4400,112.4286,112.4286,700
1472841124,112.4499,112.4499,112.4300,112.4300,1700
1472841215,112.4350,112.4400,112.4350,112.4400,300
1472841357,112.4154,112.4200,112.4100,112.4200,600
1472841368,112.4450,112.4450,112.4250,112.4250,1200
1472841543,112.4700,112.4700,112.4400,112.4400,1600
1472841638,112.5000,112.5100,112.4800,112.4800,1600
1472841695,112.4964,112.5000,112.4964,112.5000,1700
1472841738,112.5036,112.5036,112.4971,112.4971,400
1472841826,112.5000,112.5000,112.5000,112.5000,400
1472841841,112.5000,112.5300,112.5000,112.5200,10000
1472841912,112.4900,112.5000,112.4900,112.5000,800
1472841997,112.4982,112.4982,112.4982,112.4982,300
1472842069,112.4985,112.4999,112.4800,112.4801,11100
1472842087,112.4980,112.4980,112.4901,112.4901,600
1472842153,112.4800,112.4950,112.4800,112.4950,700
1472842248,112.5030,112.5030,112.5030,112.5030,200
1472842260,112.5000,112.5030,112.5000,112.5030,400
1472842324,112.4800,112.4800,112.4800,112.4800,200
1472842424,112.4900,112.4960,112.4900,112.4960,500
1472842496,112.5200,112.5200,112.5000,112.5000,600
1472842548,112.5158,112.5158,112.5158,112.5158,300
1472842602,112.5100,112.5100,112.5100,112.5100,200
1472842693,112.5158,112.5200,112.5100,112.5100,1100
1472842797,112.5290,112.5290,112.5100,112.5100,400
1472842822,112.5377,112.5377,112.5000,112.5000,800
1472842863,112.5499,112.5499,112.5430,112.5470,2300
1472842924,112.5300,112.5416,112.5300,112.5400,1000
1472842994,112.5200,112.5290,112.5200,112.5290,1600
1472843044,112.5200,112.5200,112.5200,112.5200,200
1472843101,112.5700,112.5700,112.5300,112.5300,400
1472843172,112.5300,112.5670,112.5221,112.5670,600
1472843240,112.5200,112.5428,112.5200,112.5310,1700
1472843285,112.5200,112.5250,112.5200,112.5240,900
1472843379,112.5100,112.5100,112.5100,112.5100,100
1472843418,112.5300,112.5300,112.5100,112.5200,3500
1472843513,112.5500,112.5567,112.5500,112.5567,200
1472843537,112.5500,112.5599,112.5500,112.5599,500
1472843617,112.5500,112.5500,112.5500,112.5500,500
1472843684,112.5500,112.5500,112.5500,112.5500,500
1472843713,112.5300,112.5564,112.5300,112.5564,4100
1472843808,112.5470,112.5470,112.5410,112.5443,600
1472843841,112.5571,112.5571,112.5360,112.5400,1100
1472843944,112.5885,112.5950,112.5885,112.5950,700
1472844056,112.5800,112.5800,112.5800,112.5800,300
1472844060,112.6000,112.6000,112.5800,112.5800,1000
1472844155,112.5900,112.6099,112.5900,112.5901,1100
1472844188,112.5600,112.5700,112.5600,112.5700,1400
1472844275,112.5600,112.5600,112.5600,112.5600,200
1472844364,112.5600,112.5828,112.5600,112.5828,1200
1472844488,112.5800,112.5800,112.5500,112.5500,600
1472844547,112.5700,112.5700,112.5700,112.5700,1100
1472844629,112.5899,112.5899,112.5754,112.5754,900
1472844695,112.5837,112.5837,112.5701,112.5701,1000
1472844777,112.5900,112.5950,112.5900,112.5900,600
1472844795,112.5800,112.5900,112.5800,112.5900,3500
1472844848,112.5799,112.5799,112.5700,112.5700,1000
1472845001,112.6000,112.6000,112.6000,112.6000,100
1472845063,112.5800,112.5900,112.5800,112.5900,300
1472845099,112.5900,112.6200,112.5900,112.6200,200
1472845187,112.5800,112.5800,112.5800,112.5800,100
1472845225,112.6100,112.6100,112.6000,112.6000,500
1472845318,112.6010,112.6010,112.6010,112.6010,3900
1472845330,112.6200,112.6200,112.6100,112.6100,300
1472845399,112.5950,112.6100,112.5950,112.6100,900
1472845479,112.6000,112.6000,112.6000,112.6000,400
1472845565,112.5800,112.5900,112.5800,112.5900,300
1472845627,112.5400,112.5600,112.5400,112.5600,500
1472845706,112.5200,112.5300,112.5200,112.5300,300
1472845814,112.5200,112.5200,112.5200,112.5200,900
1472845883,112.5250,112.5300,112.5250,112.5300,400
1472845944,112.5452,112.5500,112.5400,112.5500,1000
1472846005,112.5588,112.5600,112.5588,112.5600,1400
1472846074,112.5600,112.5600,112.5600,112.5600,100
1472846181,112.5900,112.5900,112.5800,112.5900,600
1472846266,112.5900,112.5900,112.5790,112.5800,2800
1472846283,112.6000,112.6100,112.5901,112.6099,5400
1472846344,112.6000,112.6000,112.5900,112.6000,46100
1472846400,112.6100,112.6100,112.6100,112.6100,0
