uri:/instrument/1.0/KO/chartdata;type=quote;range=1d/csv
ticker:ko
Company-Name:Coca-Cola Company (The) Common 
Exchange-Name:NYQ
unit:MIN
timezone:EDT
currency:USD
gmtoffset:-14400
previous_close:43.6600
Timestamp:1473168600,1473192000
labels:1473170400,1473174000,1473177600,1473181200,1473184800,1473188400,1473192000
values:Timestamp,close,high,low,open,volume
close:43.4150,43.7850
high:43.4250,43.7962
low:43.4000,43.7850
open:43.4000,43.7899
volume:400,299600
1473168640,43.7850,43.7850,43.7800,43.7800,299600
1473168674,43.7800,43.7962,43.7750,43.7899,20400
1473168777,43.7500,43.7700,43.7500,43.7600,13300
1473168788,43.7800,43.7800,43.7500,43.7550,44000
1473168899,43.7600,43.7800,43.7600,43.7753,28300
1473168954,43.7000,43.7600,43.7000,43.7500,41000
1473169018,43.6390,43.7100,43.6383,43.7073,44100
1473169029,43.6200,43.6680,43.6150,43.6600,51200
1473169081,43.6201,43.6300,43.6100,43.6190,47800
1473169143,43.6200,43.6400,43.6200,43.6400,39900
1473169214,43.5800,43.6100,43.5800,43.6050,36500
1473169319,43.5601,43.5800,43.5400,43.5800,33200
1473169320,43.5300,43.5690,43.5100,43.5690,47600
1473169390,43.5599,43.5600,43.5250,43.5300,21700
1473169498,43.5300,43.5800,43.5300,43.5800,22400
1473169558,43.5450,43.5500,43.5300,43.5300,32300
1473169563,43.5550,43.5600,43.5400,43.5450,26900
1473169624,43.5400,43.5600,43.5200,43.5600,24500
1473169734,43.5323,43.5550,43.5323,43.5450,48000
1473169799,43.5350,43.5600,43.5350,43.5500,23900
1473169859,43.5100,43.5300,43.5100,43.5300,10100
1473169919,43.4850,43.5150,43.4850,43.5100,62400
1473169921,43.4600,43.4899,43.4500,43.4899,18600
1473170038,43.4390,43.4500,43.4300,43.4500,47200
1473170083,43.4550,43.4600,43.4300,43.4300,32400
1473170106,43.4950,43.5000,43.4600,43.4650,53800
1473170172,43.4650,43.5075,43.4600,43.5050,88300
1473170225,43.4300,43.4700,43.4165,43.4700,36600
1473170282,43.4150,43.4250,43.4100,43.4250,32200
1473170397,43.4150,43.4300,43.4100,43.4150,29500
1473170459,43.4400,43.4435,43.4000,43.4000,62700
1473170463,43.4550,43.4700,43.4500,43.4500,44700
1473170531,43.4750,43.4800,43.4550,43.4565,12300
1473170580,43.4834,43.4900,43.4700,43.4750,12900
1473170644,43.5400,43.5400,43.4900,43.4900,24500
1473170709,43.5300,43.5600,43.5300,43.5500,24900
1473170768,43.4750,43.5100,43.4750,43.5100,15200
1473170824,43.5200,43.5200,43.4800,43.4800,5400
1473170884,43.5300,43.5350,43.5200,43.5200,11000
1473170999,43.5500,43.5589,43.5400,43.5500,14700
1473171048,43.5550,43.5661,43.5500,43.5600,8600
1473171061,43.5150,43.5500,43.5100,43.5500,22200
1473171124,43.4950,43.5200,43.4950,43.5200,3800
1473171237,43.4900,43.5000,43.4900,43.4900,5100
1473171291,43.4800,43.4900,43.4700,43.4900,18800
1473171304,43.4950,43.5100,43.4800,43.4800,25900
1473171360,43.5296,43.5300,43.5000,43.5000,46600
1473171479,43.5266,43.5300,43.5050,43.5250,10100
1473171537,43.5180,43.5266,43.5100,43.5200,20800
1473171596,43.5030,43.5150,43.5000,43.5100,24200
1473171604,43.5200,43.5265,43.5100,43.5100,10900
1473171715,43.5350,43.5400,43.5200,43.5300,12700
1473171777,43.5400,43.5400,43.5350,43.5350,8400
1473171837,43.5455,43.5500,43.5366,43.5366,7200
1473171898,43.5300,43.5500,43.5300,43.5450,29200
1473171957,43.5399,43.5400,43.5300,43.5300,6900
1473171965,43.5150,43.5301,43.5100,43.5300,32700
1473172079,43.5250,43.5300,43.5100,43.5200,19500
1473172080,43.5250,43.5300,43.5200,43.5300,12700
1473172194,43.5350,43.5400,43.5200,43.5200,9000
1473172201,43.5500,43.5600,43.5350,43.5350,14400
1473172271,43.5800,43.5800,43.5600,43.5600,23400
1473172324,43.5800,43.5800,43.5700,43.5800,81300
1473172393,43.5600,43.5799,43.5600,43.5750,10600
1473172489,43.5783,43.5800,43.5600,43.5650,16000
1473172556,43.5900,43.5900,43.5750,43.5752,8400
1473172580,43.5900,43.5900,43.5700,43.5800,17600
1473172672,43.5800,43.6000,43.5750,43.6000,9400
1473172682,43.5600,43.5800,43.5599,43.5800,13800
1473172795,43.5600,43.5700,43.5500,43.5500,16400
1473172814,43.5450,43.5700,43.5450,43.5600,10800
1473172871,43.5500,43.5500,43.5400,43.5400,16700
1473172975,43.5465,43.5500,43.5400,43.5400,12500
1473172983,43.5650,43.5700,43.5400,43.5425,12200
1473173054,43.5700,43.5700,43.5615,43.5650,5000
1473173157,43.5800,43.5900,43.5750,43.5750,34600
1473173219,43.5800,43.5852,43.5750,43.5800,8500
1473173274,43.5700,43.5800,43.5700,43.5800,7700
1473173338,43.5500,43.5800,43.5500,43.5700,25000
1473173344,43.5550,43.5600,43.5500,43.5500,12100
1473173452,43.5650,43.5650,43.5550,43.5550,4200
1473173462,43.5799,43.5800,43.5650,43.5666,6400
1473173536,43.5750,43.5800,43.5736,43.5800,2300
1473173581,43.5800,43.5800,43.5700,43.5800,7300
1473173693,43.5800,43.5800,43.5739,43.5748,2900
1473173700,43.5700,43.5850,43.5700,43.5800,12500
1473173767,43.5650,43.5800,43.5640,43.5800,14500
1473173825,43.5700,43.5700,43.5635,43.5700,4800
1473173938,43.5650,43.5700,43.5600,43.5600,7700
1473173999,43.5500,43.5700,43.5500,43.5700,13400
1473174056,43.5600,43.5700,43.5500,43.5500,22200
1473174113,43.5350,43.5600,43.5350,43.5600,29500
1473174166,43.5450,43.5450,43.5350,43.5350,9200
1473174180,43.5450,43.5450,43.5300,43.5400,13900
1473174297,43.5500,43.5500,43.5405,43.5405,3100
1473174350,43.5500,43.5500,43.5400,43.5500,5900
1473174361,43.5350,43.5599,43.5300,43.5450,23200
1473174430,43.5350,43.5400,43.5300,43.5400,4800
1473174538,43.5350,43.5400,43.5300,43.5300,9800
1473174598,43.5400,43.5400,43.5200,43.5340,18900
1473174601,43.5400,43.5400,43.5300,43.5400,2400
1473174680,43.5200,43.5393,43.5200,43.5300,11300
1473174776,43.5301,43.5399,43.5250,43.5300,11200
1473174786,43.5400,43.5400,43.5300,43.5350,3000
1473174851,43.5400,43.5400,43.5350,43.5350,5100
1473174959,43.5500,43.5500,43.5337,43.5337,9600
1473174962,43.5500,43.5500,43.5400,43.5449,8900
1473175076,43.5350,43.5500,43.5300,43.5450,21000
1473175080,43.5535,43.5550,43.5350,43.5400,8600
1473175141,43.5450,43.5599,43.5400,43.5599,16500
1473175221,43.5600,43.5600,43.5500,43.5550,9300
1473175319,43.5700,43.5700,43.5500,43.5600,13100
1473175372,43.5700,43.5700,43.5639,43.5700,4300
1473175380,43.5650,43.5700,43.5600,43.5700,27600
1473175452,43.5700,43.5900,43.5515,43.5677,62600
1473175507,43.5800,43.5880,43.5700,43.5700,22400
1473175613,43.5800,43.5850,43.5800,43.5850,21600
1473175625,43.5700,43.5800,43.5650,43.5800,25000
1473175738,43.5800,43.5800,43.5650,43.5700,11400
1473175740,43.5750,43.5800,43.5701,43.5800,3300
1473175857,43.5900,43.5900,43.5703,43.5703,19300
1473175917,43.6050,43.6100,43.5900,43.5900,15600
1473175925,43.5800,43.6050,43.5700,43.6000,33500
1473176039,43.5900,43.5900,43.5800,43.5852,2600
1473176043,43.5900,43.5900,43.5800,43.5800,1900
1473176105,43.5950,43.5950,43.5825,43.5850,21600
1473176168,43.5965,43.6000,43.5826,43.5834,5300
1473176228,43.5900,43.6000,43.5850,43.5965,7400
1473176339,43.5850,43.5900,43.5800,43.5900,2100
1473176396,43.6000,43.6000,43.5800,43.5849,14400
1473176400,43.5935,43.6000,43.5900,43.6000,7100
1473176517,43.6150,43.6250,43.6050,43.6100,75900
1473176577,43.6063,43.6150,43.6000,43.6100,14600
1473176582,43.6050,43.6100,43.6050,43.6100,6800
1473176695,43.6100,43.6100,43.6023,43.6031,7200
1473176702,43.6299,43.6300,43.6052,43.6100,28600
1473176818,43.6100,43.6300,43.6000,43.6300,64000
1473176879,43.6250,43.6300,43.6100,43.6120,12800
1473176939,43.6500,43.6550,43.6250,43.6250,34000
1473176994,43.6600,43.6600,43.6427,43.6500,12300
1473177006,43.6750,43.6800,43.6600,43.6600,23000
1473177117,43.6614,43.6800,43.6600,43.6742,22900
1473177125,43.6550,43.6700,43.6550,43.6637,12200
1473177182,43.6500,43.6600,43.6400,43.6510,13600
1473177249,43.6450,43.6500,43.6400,43.6444,5400
1473177305,43.6500,43.6500,43.6400,43.6400,3600
1473177417,43.6450,43.6500,43.6400,43.6500,4700
1473177420,43.6550,43.6600,43.6400,43.6450,18900
1473177490,43.6500,43.6600,43.6500,43.6550,6300
1473177599,43.6550,43.6600,43.6500,43.6501,27400
1473177600,43.6750,43.6750,43.6600,43.6600,16700
1473177669,43.6637,43.6750,43.6600,43.6700,8000
1473177721,43.6650,43.6750,43.6600,43.6700,19900
1473177785,43.6337,43.6670,43.6337,43.6650,18000
1473177897,43.6347,43.6400,43.6300,43.6300,3300
1473177959,43.6350,43.6400,43.6300,43.6350,5100
1473178015,43.6400,43.6400,43.6300,43.6400,2400
1473178075,43.6300,43.6400,43.6200,43.6400,28900
1473178139,43.6400,43.6400,43.6300,43.6300,14500
1473178141,43.6361,43.6500,43.6300,43.6400,11700
1473178256,43.6363,43.6400,43.6350,43.6400,2100
1473178260,43.6300,43.6350,43.6250,43.6350,13400
1473178327,43.6400,43.6400,43.6201,43.6210,7300
1473178427,43.6300,43.6400,43.6300,43.6400,3000
1473178493,43.6400,43.6400,43.6300,43.6350,10200
1473178500,43.6400,43.6400,43.6350,43.6400,8200
1473178564,43.6250,43.6400,43.6200,43.6350,25300
1473178626,43.6200,43.6300,43.6200,43.6250,9900
1473178680,43.6300,43.6350,43.6100,43.6150,14900
1473178741,43.6400,43.6400,43.6200,43.6200,5700
1473178804,43.6400,43.6400,43.6300,43.6300,8100
1473178865,43.6250,43.6400,43.6200,43.6400,27100
1473178944,43.6100,43.6300,43.6100,43.6300,6300
1473178989,43.6200,43.6300,43.6150,43.6160,8300
1473179096,43.6300,43.6300,43.6200,43.6300,3600
1473179100,43.6300,43.6300,43.6200,43.6300,3300
1473179160,43.6300,43.6300,43.6235,43.6300,3300
1473179225,43.6300,43.6300,43.6200,43.6274,6500
1473179281,43.6300,43.6300,43.6200,43.6250,5000
1473179341,43.6299,43.6300,43.6200,43.6250,7100
1473179411,43.6300,43.6300,43.6137,43.6200,18700
1473179482,43.6300,43.6300,43.6200,43.6250,2700
1473179520,43.6400,43.6400,43.6300,43.6300,13000
1473179632,43.6400,43.6500,43.6400,43.6439,11400
1473179642,43.6600,43.6600,43.6400,43.6463,11300
1473179711,43.6500,43.6600,43.6500,43.6594,7500
1473179760,43.6443,43.6600,43.6400,43.6550,23000
1473179828,43.6435,43.6550,43.6400,43.6450,10100
1473179939,43.6400,43.6466,43.6300,43.6450,25000
1473179993,43.6550,43.6550,43.6400,43.6400,15300
1473180059,43.6550,43.6600,43.6500,43.6600,28100
1473180115,43.6500,43.6600,43.6500,43.6550,2500
1473180120,43.6400,43.6551,43.6400,43.6550,8000
1473180181,43.6400,43.6500,43.6350,43.6400,45700
1473180295,43.6550,43.6650,43.6500,43.6600,22500
1473180301,43.6499,43.6599,43.6400,43.6500,30000
1473180363,43.6400,43.6452,43.6400,43.6400,6500
1473180469,43.6550,43.6600,43.6550,43.6550,1500
1473180485,43.6600,43.6600,43.6510,43.6550,3700
1473180598,43.6550,43.6600,43.6500,43.6600,4500
1473180651,43.6600,43.6600,43.6500,43.6500,400
1473180660,43.6565,43.6600,43.6543,43.6600,5700
1473180726,43.6400,43.6600,43.6400,43.6600,16400
1473180799,43.6450,43.6450,43.6400,43.6450,900
1473180846,43.6450,43.6462,43.6410,43.6410,1500
1473180909,43.6350,43.6500,43.6350,43.6400,9600
1473180971,43.6350,43.6400,43.6300,43.6350,9400
1473181028,43.6390,43.6399,43.6301,43.6350,10300
1473181080,43.6350,43.6400,43.6300,43.6350,5800
1473181147,43.6350,43.6400,43.6300,43.6300,7300
1473181259,43.6350,43.6400,43.6300,43.6400,14300
1473181266,43.6300,43.6350,43.6214,43.6345,22900
1473181329,43.6350,43.6350,43.6250,43.6250,4500
1473181433,43.6350,43.6400,43.6300,43.6350,3300
1473181493,43.6350,43.6400,43.6300,43.6350,12600
1473181505,43.6220,43.6350,43.6200,43.6350,13300
1473181619,43.6250,43.6250,43.6200,43.6250,6900
1473181679,43.6299,43.6299,43.6242,43.6242,3000
1473181730,43.6250,43.6300,43.6233,43.6250,7600
1473181798,43.6300,43.6300,43.6249,43.6250,2200
1473181851,43.6350,43.6400,43.6250,43.6250,15200
1473181867,43.6350,43.6400,43.6347,43.6400,1600
1473181922,43.6335,43.6400,43.6325,43.6325,4700
1473182034,43.6500,43.6500,43.6350,43.6400,7100
1473182097,43.6416,43.6500,43.6400,43.6420,3500
1473182103,43.6550,43.6600,43.6500,43.6500,6200
1473182161,43.6700,43.6700,43.6600,43.6600,9500
1473182276,43.6785,43.6800,43.6650,43.6700,7400
1473182284,43.6737,43.6800,43.6701,43.6701,5000
1473182347,43.6800,43.6800,43.6700,43.6800,2000
1473182406,43.6800,43.6800,43.6701,43.6749,3700
1473182517,43.6750,43.6800,43.6750,43.6766,4300
1473182526,43.6650,43.6800,43.6601,43.6750,19900
1473182588,43.6650,43.6700,43.6650,43.6650,3000
1473182641,43.6600,43.6700,43.6600,43.6700,2400
1473182757,43.6700,43.6700,43.6600,43.6700,7000
1473182760,43.6700,43.6800,43.6700,43.6700,8000
1473182826,43.6650,43.6800,43.6600,43.6750,17300
1473182936,43.6550,43.6600,43.6500,43.6600,10100
1473182998,43.6600,43.6650,43.6500,43.6550,8300
1473183009,43.6650,43.6700,43.6601,43.6652,3400
1473183118,43.6700,43.6700,43.6600,43.6700,1800
1473183120,43.6600,43.6700,43.6500,43.6650,13200
1473183182,43.6500,43.6558,43.6500,43.6550,1800
1473183245,43.6700,43.6700,43.6500,43.6500,11200
1473183310,43.6550,43.6700,43.6550,43.6650,11300
1473183371,43.6550,43.6600,43.6501,43.6501,9100
1473183479,43.6400,43.6600,43.6400,43.6550,14100
1473183539,43.6500,43.6500,43.6400,43.6450,9000
1473183586,43.6450,43.6500,43.6400,43.6500,3900
1473183600,43.6600,43.6600,43.6500,43.6500,6900
1473183668,43.6550,43.6600,43.6542,43.6600,3000
1473183723,43.6700,43.6700,43.6550,43.6600,11600
1473183783,43.6700,43.6700,43.6650,43.6700,3200
1473183851,43.6700,43.6700,43.6648,43.6700,3800
1473183953,43.6600,43.6700,43.6600,43.6699,2000
1473184019,43.6650,43.6700,43.6611,43.6650,2400
1473184021,43.6700,43.6700,43.6610,43.6650,6000
1473184084,43.6650,43.6700,43.6600,43.6650,2800
1473184146,43.6700,43.6700,43.6600,43.6700,4600
1473184200,43.6700,43.6700,43.6600,43.6700,4600
1473184319,43.6800,43.6800,43.6650,43.6650,11600
1473184321,43.6550,43.6785,43.6500,43.6785,29100
1473184439,43.6600,43.6600,43.6500,43.6549,17600
1473184441,43.6600,43.6600,43.6500,43.6600,4800
1473184500,43.6600,43.6600,43.6550,43.6550,3000
1473184561,43.6550,43.6600,43.6501,43.6600,4600
1473184620,43.6530,43.6600,43.6525,43.6550,5500
1473184684,43.6600,43.6600,43.6501,43.6501,4200
1473184740,43.6650,43.6700,43.6545,43.6600,8500
1473184815,43.6700,43.6700,43.6635,43.6650,2800
1473184919,43.6650,43.6700,43.6601,43.6700,10500
1473184974,43.6650,43.6700,43.6600,43.6700,2300
1473185039,43.6700,43.6700,43.6625,43.6700,5300
1473185099,43.6600,43.6700,43.6600,43.6650,4300
1473185159,43.6700,43.6700,43.6600,43.6650,6300
1473185160,43.6700,43.6700,43.6604,43.6625,5900
1473185221,43.6650,43.6700,43.6600,43.6700,9700
1473185282,43.6550,43.6700,43.6500,43.6700,60600
1473185398,43.6600,43.6600,43.6550,43.6550,1100
1473185402,43.6656,43.6700,43.6500,43.6550,14500
1473185466,43.6700,43.6700,43.6600,43.6650,4800
1473185527,43.6700,43.6800,43.6647,43.6650,1900
1473185585,43.6750,43.6800,43.6700,43.6800,12800
1473185641,43.6800,43.6800,43.6750,43.6750,3900
1473185704,43.6700,43.6800,43.6650,43.6800,24700
1473185769,43.6650,43.6750,43.6600,43.6700,14200
1473185822,43.6800,43.6800,43.6600,43.6600,16300
1473185936,43.6800,43.6800,43.6700,43.6750,2900
1473185999,43.6800,43.6800,43.6700,43.6750,2300
1473186056,43.6750,43.6800,43.6710,43.6750,8000
1473186069,43.6800,43.6800,43.6700,43.6738,2100
1473186123,43.6850,43.6900,43.6800,43.6800,10700
1473186183,43.6900,43.6900,43.6834,43.6866,19900
1473186299,43.6900,43.6900,43.6850,43.6900,3200
1473186305,43.7000,43.7000,43.6900,43.6900,18900
1473186419,43.6950,43.7000,43.6930,43.6999,3400
1473186477,43.6990,43.7000,43.6925,43.6950,3700
1473186530,43.7000,43.7050,43.6950,43.7000,39000
1473186541,43.6801,43.7000,43.6801,43.7000,15900
1473186602,43.6865,43.6900,43.6800,43.6850,5500
1473186718,43.6900,43.6900,43.6800,43.6900,14400
1473186727,43.6866,43.6900,43.6838,43.6900,1500
1473186797,43.6800,43.6900,43.6800,43.6900,5700
1473186861,43.6950,43.7000,43.6800,43.6850,11000
1473186956,43.6821,43.6950,43.6800,43.6930,12400
1473186962,43.6800,43.6900,43.6800,43.6800,2100
1473187073,43.6900,43.6900,43.6800,43.6800,3900
1473187080,43.6900,43.7000,43.6848,43.6863,26000
1473187184,43.7000,43.7000,43.6849,43.6850,8900
1473187201,43.7200,43.7200,43.7000,43.7000,17400
1473187268,43.7200,43.7200,43.7150,43.7200,6300
1473187322,43.7200,43.7200,43.7100,43.7150,5100
1473187438,43.7200,43.7200,43.7100,43.7200,7000
1473187444,43.7050,43.7200,43.7050,43.7134,25900
1473187509,43.7000,43.7100,43.7000,43.7072,6800
1473187619,43.7099,43.7100,43.7000,43.7100,3600
1473187678,43.7000,43.7100,43.7000,43.7000,14700
1473187683,43.7076,43.7100,43.7000,43.7100,4900
1473187748,43.7200,43.7200,43.7100,43.7100,14800
1473187856,43.7200,43.7200,43.7110,43.7200,5900
1473187866,43.7300,43.7300,43.7100,43.7200,18000
1473187921,43.7300,43.7300,43.7200,43.7250,12100
1473187984,43.7400,43.7400,43.7250,43.7299,13000
1473188045,43.7400,43.7400,43.7336,43.7350,9700
1473188104,43.7400,43.7400,43.7300,43.7400,8800
1473188161,43.7400,43.7400,43.7300,43.7400,6900
1473188277,43.7400,43.7400,43.7300,43.7350,9500
1473188338,43.7349,43.7400,43.7300,43.7400,9300
1473188345,43.7450,43.7450,43.7300,43.7349,19400
1473188456,43.7451,43.7500,43.7400,43.7450,13800
1473188513,43.7465,43.7500,43.7400,43.7450,6700
1473188527,43.7350,43.7450,43.7321,43.7450,33000
1473188591,43.7390,43.7400,43.7300,43.7389,4800
1473188641,43.7350,43.7400,43.7300,43.7350,10800
1473188701,43.7400,43.7400,43.7300,43.7350,6500
1473188819,43.7350,43.7500,43.7300,43.7350,51500
1473188822,43.7363,43.7400,43.7300,43.7400,14000
1473188934,43.7361,43.7400,43.7300,43.7400,7200
1473188940,43.7400,43.7400,43.7300,43.7350,5800
1473189053,43.7350,43.7400,43.7300,43.7350,4800
1473189117,43.7300,43.7400,43.7300,43.7400,11200
1473189123,43.7400,43.7400,43.7300,43.7350,6100
1473189239,43.7350,43.7400,43.7300,43.7400,14500
1473189298,43.7350,43.7400,43.7300,43.7350,25000
1473189300,43.7350,43.7400,43.7300,43.7350,39100
1473189365,43.7350,43.7400,43.7300,43.7350,4500
1473189420,43.7350,43.7400,43.7300,43.7350,11500
1473189539,43.7390,43.7400,43.7334,43.7400,7400
1473189545,43.7350,43.7400,43.7300,43.7350,11800
1473189601,43.7350,43.7400,43.7300,43.7350,36100
1473189661,43.7350,43.7400,43.7300,43.7300,11900
1473189726,43.7350,43.7400,43.7300,43.7400,4900
1473189838,43.7350,43.7400,43.7350,43.7350,9200
1473189844,43.7350,43.7400,43.7300,43.7325,14000
1473189901,43.7350,43.7400,43.7300,43.7400,10800
1473190018,43.7400,43.7400,43.7300,43.7400,11300
1473190020,43.7450,43.7500,43.7325,43.7325,14200
1473190083,43.7450,43.7500,43.7430,43.7500,6200
1473190199,43.7650,43.7700,43.7541,43.7600,22100
1473190255,43.7650,43.7700,43.7600,43.7650,27100
1473190318,43.7700,43.7700,43.7600,43.7650,31300
1473190320,43.7700,43.7700,43.7600,43.7650,10700
1473190438,43.7650,43.7700,43.7600,43.7639,18200
1473190448,43.7500,43.7700,43.7500,43.7650,76600
1473190554,43.7500,43.7552,43.7500,43.7500,10300
1473190616,43.7500,43.7575,43.7500,43.7500,22900
1473190625,43.7400,43.7550,43.7400,43.7530,35700
1473190684,43.7450,43.7500,43.7400,43.7450,19200
1473190798,43.7600,43.7600,43.7450,43.7450,48000
1473190859,43.7550,43.7600,43.7550,43.7600,14000
1473190919,43.7600,43.7600,43.7500,43.7550,12200
1473190921,43.7600,43.7600,43.7500,43.7550,21200
1473191039,43.7600,43.7600,43.7501,43.7600,19000
1473191040,43.7600,43.7600,43.7550,43.7600,42900
1473191101,43.7650,43.7700,43.7600,43.7700,17900
1473191219,43.7700,43.7700,43.7610,43.7650,24700
1473191279,43.7655,43.7700,43.7600,43.7700,27900
1473191281,43.7666,43.7700,43.7600,43.7650,22400
1473191397,43.7700,43.7700,43.7600,43.7700,32300
1473191459,43.7500,43.7700,43.7500,43.7700,88400
1473191460,43.7500,43.7600,43.7500,43.7500,21800
1473191579,43.7450,43.7600,43.7400,43.7600,50300
1473191637,43.7450,43.7500,43.7400,43.7500,20300
1473191699,43.7450,43.7500,43.7400,43.7500,50000
1473191759,43.7650,43.7684,43.7450,43.7600,195900
1473191816,43.7550,43.7600,43.7500,43.7550,37200
1473191875,43.7550,43.7600,43.7500,43.7600,30100
1473191938,43.7400,43.7600,43.7400,43.7550,143300
1473191998,43.7800,43.7800,43.7400,43.7500,259500
1473192000,43.7850,43.7850,43.7850,43.7850,14600
