uri:/instrument/1.0/RE/chartdata;type=quote;range=1d/csv
ticker:re
Company-Name:Everest Re Group, Ltd. Common S
Exchange-Name:NYQ
unit:MIN
timezone:EDT
currency:USD
gmtoffset:-14400
previous_close:193.3800
Timestamp:1472736600,1472760000
labels:1472738400,1472742000,1472745600,1472749200,1472752800,1472756400,1472760000
values:Timestamp,close,high,low,open,volume
close:190.9500,193.4350
high:190.9500,193.4350
low:190.9400,193.3400
open:190.9400,193.3400
volume:100,11200
1472736836,193.3350,193.3350,193.0100,193.1000,3200
1472736891,193.0800,193.0800,193.0800,193.0800,100
1472736956,193.1700,193.1700,193.1700,193.1700,100
1472737015,193.3400,193.3400,193.3400,193.3400,100
1472737120,193.2000,193.2000,193.2000,193.2000,100
1472737183,193.4350,193.4350,193.3350,193.3350,200
1472737243,193.3400,193.3400,193.3400,193.3400,200
1472737318,193.2300,193.2300,193.2300,193.2300,200
1472737321,193.2000,193.3250,193.2000,193.2200,1200
1472737386,193.1900,193.1900,193.1900,193.1900,500
1472737510,192.9500,192.9500,192.9500,192.9500,100
1472737616,192.9600,193.0900,192.9600,193.0900,400
1472737644,192.9900,192.9900,192.9900,192.9900,500
1472737835,192.9000,192.9000,192.9000,192.9000,800
1472737942,192.7850,192.7850,192.5490,192.5490,200
1472738142,192.7400,192.7400,192.7000,192.7000,1000
1472738395,192.9500,192.9500,192.9500,192.9500,500
1472738468,192.7000,192.7000,192.7000,192.7000,3200
1472738768,192.5900,192.7900,192.5900,192.7900,900
1472738928,192.6600,192.6600,192.6600,192.6600,100
1472738966,193.0550,193.0550,193.0550,193.0550,100
1472739122,192.7300,193.0700,192.7300,193.0600,300
1472739239,192.7700,192.7700,192.7700,192.7700,400
1472739475,192.8900,192.8900,192.8900,192.8900,200
1472739486,192.8800,192.8800,192.8800,192.8800,200
1472739597,192.9590,192.9590,192.9590,192.9590,500
1472739950,192.9300,192.9300,192.9300,192.9300,200
1472740023,192.7400,192.7400,192.7400,192.7400,500
1472740088,192.5200,192.5200,192.5200,192.5200,100
1472740193,192.5400,192.5400,192.5400,192.5400,900
1472740308,192.0500,192.0500,192.0500,192.0500,300
1472740320,192.2000,192.2100,192.2000,192.2100,400
1472740414,192.2800,192.2900,192.2100,192.2100,1200
1472740458,192.3700,192.3700,192.3700,192.3700,200
1472740619,192.3200,192.3200,192.3200,192.3200,100
1472740653,192.2900,192.2900,192.2900,192.2900,100
1472740740,192.1900,192.2700,192.1900,192.2700,400
1472741034,191.6900,192.0400,191.6600,192.0400,1500
1472741194,191.9300,191.9300,191.9300,191.9300,100
1472741221,192.0100,192.0100,192.0100,192.0100,100
1472741650,191.8750,191.8750,191.7500,191.7500,400
1472741776,191.6600,191.6600,191.6600,191.6600,100
1472741989,191.5400,191.6400,191.5400,191.6400,600
1472742021,191.4050,191.5500,191.4050,191.5500,2200
1472742118,191.2800,191.2800,191.1500,191.1500,200
1472742141,191.2800,191.3100,191.2800,191.2800,1100
1472742227,191.3050,191.3050,191.3050,191.3050,200
1472742294,191.2700,191.3600,191.2500,191.3600,2200
1472742338,191.3600,191.4000,191.2600,191.2600,8500
1472742416,191.3400,191.3550,191.2800,191.2800,1300
1472742450,191.3000,191.3000,191.3000,191.3000,100
1472742523,191.2750,191.2750,191.2700,191.2700,300
1472742598,191.3100,191.3100,191.2800,191.2900,1600
1472742618,191.2500,191.2750,191.2300,191.2700,800
1472742703,191.0300,191.0900,191.0300,191.0900,200
1472742743,191.0700,191.1400,191.0700,191.0700,600
1472742816,191.0900,191.1650,191.0900,191.1200,1700
1472742943,191.0900,191.0900,191.0900,191.0900,100
1472742982,191.0700,191.1400,191.0700,191.1400,1700
1472743065,191.0600,191.0600,191.0600,191.0600,100
1472743084,191.0200,191.1000,191.0200,191.0600,700
1472743153,190.9500,190.9500,190.9400,190.9400,200
1472743229,190.9700,191.0900,190.9700,191.0900,1000
1472743470,191.1700,191.1900,191.1700,191.1850,400
1472743527,191.0100,191.0100,191.0100,191.0100,500
1472743812,191.0700,191.0700,191.0700,191.0700,500
1472744142,190.9900,190.9900,190.9900,190.9900,300
1472744375,191.0950,191.0950,191.0950,191.0950,200
1472744448,191.1600,191.1600,191.0100,191.0200,2400
1472744485,191.2800,191.2800,191.2800,191.2800,100
1472744638,191.3100,191.3100,191.2900,191.2900,500
1472744788,191.4700,191.4700,191.3200,191.3200,200
1472744857,191.5700,191.5700,191.5700,191.5700,100
1472744977,191.5700,191.5700,191.4213,191.4213,200
1472745034,191.4700,191.4700,191.4700,191.4700,200
1472745071,191.4800,191.4800,191.4800,191.4800,100
1472745163,191.6500,191.6500,191.6500,191.6500,100
1472745310,191.5600,191.5600,191.5600,191.5600,100
1472745522,191.5600,191.6100,191.5600,191.5600,600
1472745672,191.5473,191.5473,191.5473,191.5473,200
1472745838,191.6400,191.6600,191.6400,191.6600,200
1472745884,191.6600,191.6600,191.6600,191.6600,100
1472745948,191.6600,191.6600,191.6600,191.6600,400
1472746236,191.9000,191.9000,191.8800,191.8800,200
1472746284,191.9100,191.9100,191.9100,191.9100,100
1472746373,191.9400,191.9400,191.9300,191.9300,300
1472746471,192.0600,192.0600,192.0600,192.0600,500
1472746643,192.3000,192.3000,192.3000,192.3000,100
1472746689,192.5300,192.5500,192.4900,192.4900,500
1472746845,192.6000,192.6000,192.6000,192.6000,300
1472746944,192.5100,192.5100,192.5100,192.5100,300
1472747015,192.5800,192.5800,192.5350,192.5800,400
1472747138,192.7500,192.7500,192.7500,192.7500,100
1472747201,192.4900,192.6600,192.4300,192.6600,2000
1472747296,192.4200,192.4200,192.4200,192.4200,500
1472747462,192.2900,192.3530,192.2300,192.2600,1600
1472747916,192.1200,192.2350,192.1200,192.2350,400
1472748279,192.2000,192.2000,192.2000,192.2000,100
1472748484,192.3000,192.3000,192.3000,192.3000,100
1472748544,192.2210,192.2210,192.2210,192.2210,100
1472748657,192.2400,192.2400,192.2400,192.2400,200
1472748716,192.3400,192.3500,192.3100,192.3300,1100
1472748734,192.3200,192.3500,192.2800,192.3300,800
1472748929,192.3100,192.3100,192.3100,192.3100,100
1472749039,192.2800,192.2800,192.2300,192.2300,800
1472749103,192.2250,192.2250,192.1800,192.2200,500
1472749173,192.0600,192.1500,192.0600,192.1500,400
1472749209,191.9400,191.9400,191.9400,191.9400,100
1472749271,191.9200,192.0200,191.9200,192.0200,400
1472749465,191.9600,191.9600,191.9600,191.9600,100
1472749674,192.1100,192.1100,192.1100,192.1100,100
1472749791,192.0900,192.0900,192.0900,192.0900,2100
1472749878,191.9300,191.9300,191.9300,191.9300,1300
1472749925,192.0000,192.0000,191.9950,191.9950,1700
1472749980,192.0500,192.0500,192.0500,192.0500,200
1472750051,191.9900,191.9910,191.9900,191.9910,700
1472750151,192.0800,192.0800,192.0500,192.0500,1100
1472750444,192.0550,192.0550,192.0550,192.0550,100
1472750650,192.3300,192.3300,192.0300,192.0400,2600
1472750791,192.1400,192.1400,192.1300,192.1300,200
1472751017,192.4900,192.4900,192.4900,192.4900,700
1472751089,192.4200,192.4200,192.4200,192.4200,200
1472751155,192.3500,192.5300,192.3500,192.5300,500
1472751247,192.3700,192.3700,192.3300,192.3300,2300
1472751506,192.4900,192.4900,192.4900,192.4900,300
1472751581,192.3500,192.3500,192.3000,192.3300,600
1472751985,192.8450,192.8450,192.4600,192.4600,500
1472752169,192.7400,192.7400,192.7400,192.7400,1200
1472752472,192.9600,192.9600,192.7800,192.8200,1200
1472752505,193.0000,193.0000,193.0000,193.0000,1100
1472752567,192.9400,193.0000,192.9100,193.0000,500
1472752734,192.7900,192.7900,192.7900,192.7900,700
1472753382,192.9350,192.9350,192.9350,192.9350,100
1472753507,192.9100,192.9100,192.9100,192.9100,200
1472753541,192.6050,192.7500,192.6050,192.7500,900
1472753777,192.6700,192.6700,192.6700,192.6700,200
1472754163,192.7650,192.7650,192.7650,192.7650,200
1472754466,192.6400,192.6400,192.6400,192.6400,100
1472754554,192.7100,192.7100,192.7100,192.7100,100
1472754683,192.8700,192.8700,192.8700,192.8700,100
1472754780,192.8050,192.8050,192.7300,192.7300,200
1472754874,192.7300,192.7400,192.7300,192.7400,500
1472755184,192.7600,192.8400,192.7600,192.8400,500
1472755271,192.7500,192.7500,192.7500,192.7500,300
1472755425,192.7500,192.7500,192.7500,192.7500,100
1472755451,192.7400,192.7750,192.7400,192.7500,800
1472755539,192.7100,192.7400,192.7100,192.7400,200
1472755563,192.7300,192.7300,192.7100,192.7100,1200
1472755650,192.7700,192.7800,192.7250,192.7700,1100
1472755722,192.8200,192.8200,192.8200,192.8200,100
1472755808,192.6300,192.6700,192.6300,192.6700,200
1472755955,192.7400,192.7400,192.7400,192.7400,100
1472756070,192.7250,192.7250,192.7250,192.7250,100
1472756273,192.7300,192.7300,192.7300,192.7300,200
1472756287,192.6600,192.6600,192.6600,192.6600,400
1472756640,192.6900,192.7200,192.6100,192.7200,1000
1472756809,192.5200,192.5200,192.5200,192.5200,300
1472757132,192.4100,192.4100,192.4100,192.4100,100
1472757186,192.3900,192.3900,192.3900,192.3900,1000
1472757408,192.4900,192.4900,192.4900,192.4900,600
1472757493,192.5000,192.5000,192.4900,192.4900,400
1472757650,192.5400,192.5400,192.4600,192.4600,600
1472757662,192.6000,192.6000,192.4401,192.5400,1300
1472757943,192.6600,192.6600,192.6600,192.6600,300
1472758003,192.5800,192.5800,192.5700,192.5700,1400
1472758131,192.6900,192.6900,192.6800,192.6800,300
1472758146,192.7000,192.7000,192.7000,192.7000,100
1472758255,192.6200,192.6300,192.6200,192.6300,300
1472758265,192.5700,192.6200,192.5700,192.6200,700
1472758330,192.5200,192.5200,192.5200,192.5200,100
1472758436,192.5000,192.6700,192.4900,192.4900,500
1472758466,192.5200,192.5200,192.5200,192.5200,100
1472758578,192.6500,192.6500,192.6500,192.6500,500
1472758693,192.4500,192.5200,192.4500,192.5200,900
1472758750,192.4600,192.4800,192.3500,192.4700,1400
1472758803,192.5100,192.5100,192.4700,192.4700,800
1472758887,192.4400,192.4400,192.4400,192.4400,100
1472758957,192.4600,192.4600,192.3800,192.4400,600
1472759005,192.3800,192.4000,192.3500,192.3500,900
1472759052,192.2900,192.2900,192.2900,192.2900,100
1472759100,192.4900,192.5800,192.4300,192.4400,2200
1472759190,192.5100,192.5300,192.4300,192.5300,300
1472759240,192.5000,192.5000,192.3840,192.4400,800
1472759298,192.6100,192.6100,192.5900,192.5900,400
1472759394,192.7000,192.7000,192.6500,192.6500,400
1472759406,192.7000,192.7000,192.7000,192.7000,800
1472759484,192.7400,192.7400,192.7100,192.7200,400
1472759568,192.7200,192.7200,192.7200,192.7200,300
1472759636,192.6300,192.7200,192.6300,192.7100,2300
1472759653,192.6600,192.6600,192.6300,192.6400,3700
1472759753,192.6800,192.7000,192.6600,192.6800,2100
1472759812,192.7000,192.7100,192.6200,192.7100,3600
1472759850,192.7600,192.7600,192.7400,192.7400,200
1472759937,192.8500,192.8500,192.8100,192.8300,4000
1472759955,192.5800,192.8100,192.5800,192.8100,11200
1472760000,192.5800,192.5800,192.5800,192.5800,1100
