uri:/instrument/1.0/SPY/chartdata;type=quote;range=1d/csv
ticker:spy
Company-Name:SPDR S&P 500
Exchange-Name:PCX
unit:MIN
timezone:EDT
currency:USD
gmtoffset:-14400
previous_close:219.0100
Timestamp:1473341400,1473364800
labels:1473343200,1473346800,1473350400,1473354000,1473357600,1473361200,1473364800
values:Timestamp,close,high,low,open,volume
close:218.1750,218.9300
high:218.2300,218.9400
low:218.1500,218.8750
open:218.1760,218.9300
volume:0,20297300
1473341403,218.5200,218.6100,218.5000,218.6000,2519700
1473341519,218.5600,218.6500,218.5000,218.5400,466400
1473341579,218.6000,218.6200,218.4500,218.5500,202200
1473341580,218.5900,218.6200,218.5000,218.5900,153500
1473341699,218.6390,218.6400,218.4700,218.5800,218900
1473341759,218.5200,218.6700,218.5000,218.6400,348700
1473341760,218.4800,218.5700,218.4300,218.5200,199000
1473341820,218.6000,218.6300,218.4700,218.4800,170200
1473341880,218.4900,218.6100,218.4750,218.6000,145800
1473341999,218.4000,218.4800,218.3500,218.4800,446600
1473342059,218.4792,218.4800,218.3400,218.4000,233900
1473342060,218.4800,218.5100,218.4100,218.4501,146800
1473342120,218.5700,218.5800,218.4000,218.4800,172000
1473342180,218.4800,218.5700,218.4500,218.5700,92000
1473342240,218.6100,218.6200,218.4600,218.4750,154200
1473342300,218.6100,218.6200,218.5300,218.6101,525000
1473342360,218.6100,218.6100,218.5300,218.6000,79600
1473342420,218.5900,218.6300,218.5700,218.6100,159700
1473342480,218.5000,218.6000,218.4300,218.5900,203300
1473342540,218.4350,218.5300,218.4300,218.5000,110900
1473342659,218.3292,218.4500,218.2800,218.4400,301900
1473342660,218.3000,218.3100,218.2200,218.3000,226600
1473342720,218.3800,218.4400,218.2900,218.2900,141200
1473342780,218.3800,218.4100,218.3600,218.3700,89700
1473342899,218.3200,218.4200,218.3100,218.3800,179400
1473342900,218.3300,218.3700,218.3100,218.3200,142800
1473342961,218.3695,218.4000,218.3300,218.3400,161500
1473343020,218.3200,218.4000,218.3200,218.3700,113700
1473343080,218.3799,218.3900,218.2900,218.3200,114900
1473343198,218.3400,218.4300,218.3400,218.3800,178500
1473343259,218.3500,218.3900,218.3300,218.3400,112700
1473343319,218.3650,218.3700,218.3100,218.3500,120800
1473343320,218.5000,218.5000,218.3400,218.3600,209300
1473343439,218.4700,218.5100,218.4300,218.5000,156900
1473343499,218.5000,218.5100,218.4400,218.4700,85500
1473343500,218.4400,218.5011,218.4200,218.5000,66300
1473343619,218.3850,218.4550,218.3750,218.4500,150500
1473343678,218.3800,218.4650,218.3800,218.3800,54700
1473343739,218.3800,218.4100,218.3600,218.3800,80000
1473343799,218.3800,218.4000,218.3500,218.3850,62600
1473343800,218.1750,218.3800,218.1500,218.3800,281100
1473343919,218.2150,218.2300,218.1600,218.1760,1163400
1473343920,218.3200,218.3400,218.1900,218.2150,1394100
1473343980,218.3650,218.4000,218.3100,218.3200,106100
1473344098,218.3800,218.4100,218.3600,218.3600,85100
1473344151,218.3800,218.4000,218.3300,218.3900,167100
1473344219,218.4200,218.4252,218.3400,218.3780,72900
1473344279,218.4700,218.4900,218.3800,218.4210,943400
1473344280,218.4250,218.4700,218.4200,218.4700,167500
1473344340,218.4350,218.4500,218.3800,218.4200,870600
1473344459,218.4500,218.4650,218.4300,218.4300,64800
1473344519,218.3700,218.4550,218.3700,218.4500,113200
1473344579,218.3950,218.4000,218.3700,218.3700,57900
1473344580,218.4500,218.5200,218.3950,218.3957,109300
1473344640,218.3800,218.4700,218.3800,218.4600,82700
1473344700,218.3600,218.3900,218.3200,218.3800,132200
1473344760,218.3700,218.3900,218.3300,218.3550,276600
1473344879,218.3650,218.4100,218.3540,218.3800,67900
1473344881,218.4200,218.4500,218.3700,218.3700,78100
1473344999,218.3900,218.4500,218.3800,218.4250,56700
1473345058,218.4600,218.5100,218.3900,218.3950,93300
1473345119,218.4165,218.4600,218.4000,218.4600,64500
1473345179,218.3900,218.4400,218.3500,218.4100,146300
1473345180,218.4500,218.5100,218.3960,218.3960,142300
1473345240,218.5300,218.5800,218.4400,218.4400,5852000
1473345359,218.7500,218.7900,218.5700,218.5700,422400
1473345419,218.7660,218.8200,218.7437,218.7500,166400
1473345475,218.7400,218.7700,218.7300,218.7674,163500
1473345539,218.7000,218.7550,218.6800,218.7320,158700
1473345598,218.7100,218.7200,218.6800,218.6950,70000
1473345600,218.6700,218.7300,218.6700,218.7100,51000
1473345660,218.6363,218.6900,218.6100,218.6700,116100
1473345778,218.6349,218.6600,218.6100,218.6400,75800
1473345781,218.6200,218.6400,218.6000,218.6400,45900
1473345899,218.6100,218.6400,218.6000,218.6200,100200
1473345959,218.5350,218.6200,218.5200,218.6000,104700
1473346017,218.5850,218.6000,218.5208,218.5300,93700
1473346079,218.5669,218.5990,218.5400,218.5891,126200
1473346139,218.5800,218.5911,218.5500,218.5600,47100
1473346199,218.5500,218.5800,218.5300,218.5800,67100
1473346200,218.5200,218.5500,218.5000,218.5500,76100
1473346319,218.5800,218.5900,218.5200,218.5200,48300
1473346379,218.5900,218.6100,218.5700,218.5800,368900
1473346380,218.5201,218.6000,218.5201,218.5800,51400
1473346498,218.5750,218.5800,218.5200,218.5200,34100
1473346559,218.5900,218.6190,218.5700,218.5700,55300
1473346619,218.5650,218.6000,218.5550,218.5900,26000
1473346622,218.6100,218.6150,218.5610,218.5648,37800
1473346737,218.5700,218.6000,218.5700,218.6000,10700
1473346740,218.5700,218.5950,218.5500,218.5700,60600
1473346859,218.8000,218.8500,218.5800,218.5800,465300
1473346919,218.6950,218.8400,218.6800,218.8000,144700
1473346920,218.5700,218.7268,218.5700,218.6950,161300
1473346981,218.6550,218.6600,218.5700,218.5764,137700
1473347099,218.6550,218.7300,218.6100,218.6400,155100
1473347100,218.7900,218.8000,218.6492,218.6600,157300
1473347219,218.7400,218.8400,218.7400,218.7900,173400
1473347279,218.7600,218.7700,218.7100,218.7500,98800
1473347339,218.7763,218.7763,218.6963,218.7650,84400
1473347399,218.8200,218.8350,218.7600,218.7750,123700
1473347459,218.8439,218.8600,218.8200,218.8250,126900
1473347519,218.8900,218.9100,218.8300,218.8400,174800
1473347579,218.8800,218.9000,218.8600,218.8900,98300
1473347638,218.8600,218.9100,218.8500,218.8800,53200
1473347699,218.8750,218.9200,218.8550,218.8600,74000
1473347700,218.9300,218.9400,218.8750,218.8800,138400
1473347819,218.8650,218.9300,218.8250,218.9300,93400
1473347820,218.8400,218.8850,218.8300,218.8600,73500
1473347881,218.8100,218.8500,218.8000,218.8450,77000
1473347998,218.7700,218.8100,218.7500,218.8100,106100
1473348000,218.7500,218.8000,218.7500,218.7699,166000
1473348118,218.7700,218.8100,218.7400,218.7500,72900
1473348179,218.7900,218.8100,218.7700,218.7750,40600
1473348238,218.7600,218.7900,218.7500,218.7900,74600
1473348290,218.7600,218.7700,218.7400,218.7600,87800
1473348300,218.7700,218.8100,218.7500,218.7500,69300
1473348362,218.8000,218.8199,218.7400,218.7699,36500
1473348479,218.7900,218.8200,218.7600,218.7901,79700
1473348536,218.7900,218.8050,218.7600,218.8000,31900
1473348597,218.7500,218.8000,218.7200,218.7900,65100
1473348659,218.7200,218.8100,218.7200,218.7500,62200
1473348717,218.7300,218.7500,218.7000,218.7200,80700
1473348779,218.7300,218.7600,218.7100,218.7400,38700
1473348780,218.7200,218.7550,218.6800,218.7300,72200
1473348898,218.7465,218.7500,218.7100,218.7200,67100
1473348900,218.6500,218.7450,218.6300,218.7450,103800
1473349019,218.6500,218.6700,218.6400,218.6600,56000
1473349020,218.5900,218.6550,218.5700,218.6500,610700
1473349138,218.6000,218.6390,218.5850,218.6000,66400
1473349199,218.5900,218.6000,218.5000,218.6000,128800
1473349200,218.6100,218.6200,218.5300,218.5950,95300
1473349319,218.6100,218.6300,218.5995,218.6100,45200
1473349320,218.6600,218.6600,218.6100,218.6100,47000
1473349437,218.6400,218.6900,218.6100,218.6700,60900
1473349499,218.6300,218.6600,218.6100,218.6400,23800
1473349500,218.6200,218.6400,218.5900,218.6200,60100
1473349619,218.5600,218.6600,218.5500,218.6250,118400
1473349679,218.6030,218.6800,218.5650,218.5700,211200
1473349739,218.6200,218.6300,218.5900,218.6000,39900
1473349799,218.6899,218.6900,218.6200,218.6200,82100
1473349859,218.7500,218.7500,218.6700,218.6900,158400
1473349860,218.7600,218.8400,218.7400,218.7400,183600
1473349920,218.7100,218.7600,218.6900,218.7600,43400
1473350039,218.7200,218.7700,218.7100,218.7200,54600
1473350040,218.7300,218.7600,218.6900,218.7200,49400
1473350159,218.6808,218.7400,218.6800,218.7300,31900
1473350219,218.7100,218.7300,218.6900,218.6900,31300
1473350278,218.7258,218.7258,218.6900,218.7200,20600
1473350339,218.7245,218.7400,218.7000,218.7200,54900
1473350399,218.7300,218.7400,218.7000,218.7300,39100
1473350400,218.7500,218.7700,218.7200,218.7300,54200
1473350461,218.7100,218.7600,218.7089,218.7500,32300
1473350579,218.7500,218.7500,218.7000,218.7100,37000
1473350639,218.7800,218.7800,218.7400,218.7500,34500
1473350698,218.7200,218.7900,218.7000,218.7800,36100
1473350758,218.6800,218.7200,218.6800,218.7100,44400
1473350819,218.7400,218.7400,218.6300,218.6900,81600
1473350879,218.7213,218.7500,218.7160,218.7450,35700
1473350883,218.6750,218.7400,218.6700,218.7200,39000
1473350999,218.6200,218.7100,218.6200,218.6800,66700
1473351059,218.6000,218.6650,218.5900,218.6270,67100
1473351119,218.5800,218.6300,218.5700,218.6000,74100
1473351178,218.5700,218.5950,218.5400,218.5800,59200
1473351180,218.5600,218.5800,218.5500,218.5700,38400
1473351298,218.6000,218.6100,218.5500,218.5650,47300
1473351358,218.6200,218.6200,218.5850,218.5900,45900
1473351419,218.5500,218.6300,218.5450,218.6200,47500
1473351420,218.5900,218.6000,218.5300,218.5500,25900
1473351539,218.6300,218.6450,218.5800,218.6000,41200
1473351599,218.6100,218.6400,218.6100,218.6300,45700
1473351658,218.6000,218.6200,218.5900,218.6100,44900
1473351719,218.6200,218.6300,218.5800,218.5900,64500
1473351773,218.5800,218.6200,218.5800,218.6200,60400
1473351781,218.6262,218.6300,218.5700,218.5800,38900
1473351895,218.6800,218.7150,218.6200,218.6232,135200
1473351959,218.6700,218.7200,218.6700,218.6800,77200
1473351960,218.6400,218.6750,218.6300,218.6700,51900
1473352079,218.6600,218.6800,218.6400,218.6400,24400
1473352080,218.5200,218.6600,218.5100,218.6600,150100
1473352140,218.5700,218.5700,218.4765,218.5300,133900
1473352259,218.4800,218.5600,218.4800,218.5600,104600
1473352260,218.4300,218.4700,218.4200,218.4700,135700
1473352378,218.4800,218.4800,218.3950,218.4410,151000
1473352439,218.5098,218.5300,218.4700,218.4700,243100
1473352440,218.5464,218.5600,218.5000,218.5050,55000
1473352500,218.4900,218.5500,218.4900,218.5500,77200
1473352619,218.5500,218.5600,218.4900,218.4900,102500
1473352679,218.5538,218.5900,218.5300,218.5500,89500
1473352739,218.5600,218.5767,218.5400,218.5527,91800
1473352796,218.5700,218.5800,218.5465,218.5700,56600
1473352859,218.5200,218.5900,218.5200,218.5662,80000
1473352860,218.5300,218.5600,218.5000,218.5300,65300
1473352922,218.5800,218.5800,218.5200,218.5200,59300
1473353038,218.5900,218.6200,218.5800,218.5800,48500
1473353099,218.5700,218.6000,218.5500,218.5900,46900
1473353159,218.5600,218.5900,218.5350,218.5700,62400
1473353161,218.5567,218.5700,218.5500,218.5600,66900
1473353279,218.5700,218.5900,218.5200,218.5500,40400
1473353282,218.5800,218.6200,218.5600,218.5720,65800
1473353340,218.5900,218.6100,218.5600,218.5700,36600
1473353400,218.5600,218.5850,218.5200,218.5800,101900
1473353519,218.5300,218.5600,218.5100,218.5550,40400
1473353520,218.5700,218.5700,218.5000,218.5300,556900
1473353639,218.5600,218.6100,218.5100,218.5700,199000
1473353699,218.6000,218.6050,218.5600,218.5650,55000
1473353700,218.6100,218.6200,218.5900,218.6000,60100
1473353819,218.6138,218.6400,218.6100,218.6200,46300
1473353820,218.6050,218.6146,218.5800,218.6146,27300
1473353880,218.5700,218.6100,218.5500,218.6000,49200
1473353940,218.6000,218.6150,218.5700,218.5790,23700
1473354000,218.5800,218.5950,218.5700,218.5950,21600
1473354119,218.5800,218.6200,218.5750,218.5800,51600
1473354120,218.5150,218.5890,218.5000,218.5800,59200
1473354180,218.5400,218.5400,218.5100,218.5200,72600
1473354299,218.5227,218.5400,218.5100,218.5300,43800
1473354300,218.5100,218.5300,218.4900,218.5300,66100
1473354418,218.5000,218.5100,218.4900,218.5100,53100
1473354420,218.4900,218.5000,218.4800,218.4962,52000
1473354539,218.5400,218.5450,218.4900,218.4950,95800
1473354543,218.5200,218.5600,218.5000,218.5471,69400
1473354600,218.5100,218.5300,218.5000,218.5200,63500
1473354661,218.5100,218.5150,218.4900,218.5100,50200
1473354779,218.5200,218.5200,218.4900,218.5150,23400
1473354783,218.5000,218.5225,218.5000,218.5200,34300
1473354892,218.5000,218.5100,218.5000,218.5000,32600
1473354959,218.4850,218.5000,218.4700,218.5000,55600
1473355016,218.4500,218.5000,218.4500,218.4800,66600
1473355079,218.4700,218.4900,218.4500,218.4600,92500
1473355139,218.4600,218.4700,218.4300,218.4700,52400
1473355140,218.4600,218.4900,218.4550,218.4550,61500
1473355200,218.4500,218.4900,218.4400,218.4600,80300
1473355317,218.4700,218.4700,218.4500,218.4500,37200
1473355378,218.4950,218.5000,218.4700,218.4700,43200
1473355438,218.4800,218.5000,218.4600,218.5000,52200
1473355440,218.4700,218.4835,218.4500,218.4800,28500
1473355500,218.4500,218.5000,218.4400,218.4700,70400
1473355560,218.4500,218.4600,218.4400,218.4400,45200
1473355679,218.4770,218.4900,218.4400,218.4500,57300
1473355680,218.4750,218.4900,218.4600,218.4799,14400
1473355740,218.4500,218.4968,218.4300,218.4900,49300
1473355803,218.4000,218.4600,218.3900,218.4500,69800
1473355860,218.3489,218.4000,218.3200,218.4000,131100
1473355979,218.4100,218.4400,218.3400,218.3500,78700
1473356039,218.4100,218.4300,218.3850,218.4150,65900
1473356040,218.3900,218.4100,218.3900,218.4000,1033500
1473356100,218.4050,218.4100,218.3500,218.3900,61800
1473356219,218.3800,218.4100,218.3800,218.4000,32000
1473356220,218.3700,218.3900,218.3700,218.3800,25300
1473356338,218.3600,218.3900,218.3500,218.3700,25900
1473356399,218.3900,218.4000,218.3450,218.3600,77600
1473356459,218.4000,218.4000,218.3750,218.3800,73100
1473356517,218.4100,218.4400,218.4000,218.4000,1043400
1473356578,218.3800,218.4100,218.3700,218.4000,73700
1473356639,218.3760,218.3800,218.3450,218.3700,38300
1473356640,218.3500,218.3800,218.3500,218.3700,46800
1473356759,218.3350,218.3600,218.3100,218.3500,558600
1473356818,218.3200,218.3600,218.3200,218.3399,57500
1473356879,218.3292,218.3400,218.3100,218.3100,48900
1473356939,218.2900,218.3200,218.2800,218.3200,133500
1473356940,218.2700,218.2900,218.2600,218.2850,84500
1473357000,218.2399,218.2600,218.2100,218.2600,178900
1473357119,218.2750,218.2800,218.2300,218.2350,88300
1473357179,218.3850,218.3900,218.2700,218.2700,119400
1473357180,218.4000,218.4100,218.3500,218.3900,95400
1473357240,218.4000,218.4100,218.3900,218.4000,50500
1473357359,218.3850,218.4050,218.3700,218.4000,18000
1473357419,218.4150,218.4400,218.3810,218.3900,130800
1473357420,218.4100,218.4200,218.3900,218.4100,31900
1473357538,218.4199,218.4300,218.3800,218.4000,162200
1473357540,218.4695,218.4800,218.4050,218.4200,108800
1473357659,218.4800,218.5200,218.3800,218.4600,207000
1473357718,218.4000,218.5100,218.3800,218.4750,111200
1473357720,218.4200,218.4300,218.3600,218.3974,119500
1473357839,218.3950,218.4500,218.3900,218.4299,597900
1473357899,218.4170,218.4200,218.4000,218.4000,32600
1473357900,218.4200,218.4400,218.4000,218.4100,76100
1473357960,218.4100,218.4400,218.4100,218.4200,51200
1473358079,218.4100,218.4300,218.4100,218.4190,38100
1473358138,218.4300,218.4300,218.3800,218.4200,74800
1473358197,218.4200,218.4600,218.4000,218.4201,99500
1473358259,218.4050,218.4200,218.3900,218.4200,59000
1473358318,218.4150,218.4400,218.3800,218.4000,53500
1473358379,218.4500,218.4550,218.4000,218.4000,79700
1473358439,218.4750,218.4800,218.4300,218.4500,144400
1473358440,218.4100,218.4900,218.4100,218.4750,62700
1473358559,218.4300,218.4400,218.4100,218.4200,43200
1473358562,218.3700,218.4250,218.3500,218.4250,40900
1473358679,218.3950,218.4000,218.3700,218.3700,98700
1473358737,218.3950,218.4100,218.3700,218.3950,44500
1473358799,218.4800,218.4800,218.3950,218.4000,96700
1473358800,218.4900,218.5000,218.4700,218.4797,69500
1473358919,218.5700,218.5900,218.4800,218.4900,77500
1473358979,218.6000,218.6500,218.5700,218.5750,237100
1473359034,218.6000,218.6250,218.5750,218.5926,81600
1473359099,218.6000,218.6150,218.5800,218.5900,42900
1473359157,218.5900,218.6100,218.5800,218.5950,67900
1473359218,218.6400,218.6400,218.5900,218.5950,67500
1473359220,218.5700,218.6400,218.5500,218.6350,53100
1473359280,218.4800,218.5692,218.4200,218.5600,115900
1473359399,218.4970,218.5200,218.4800,218.4800,37700
1473359400,218.4900,218.5000,218.4300,218.5000,115000
1473359518,218.5000,218.5300,218.4401,218.4850,65700
1473359579,218.4900,218.5000,218.4800,218.4918,38200
1473359639,218.4999,218.5000,218.4500,218.4900,31500
1473359698,218.5100,218.5200,218.4800,218.4950,25500
1473359700,218.4750,218.5100,218.4300,218.5000,64000
1473359819,218.5000,218.5100,218.4500,218.4800,31000
1473359820,218.5400,218.5499,218.4900,218.5000,68900
1473359888,218.4850,218.5500,218.4800,218.5400,76000
1473359940,218.4750,218.4900,218.4700,218.4900,28800
1473360059,218.5200,218.5200,218.4700,218.4700,32300
1473360060,218.5100,218.5400,218.5100,218.5200,63500
1473360179,218.5600,218.5700,218.5150,218.5150,61300
1473360239,218.6200,218.6500,218.5600,218.5600,167900
1473360240,218.6100,218.6350,218.5800,218.6150,90200
1473360358,218.5600,218.6200,218.5600,218.6100,50700
1473360417,218.6000,218.6100,218.5600,218.5700,61200
1473360479,218.6290,218.6550,218.6100,218.6100,86100
1473360537,218.6600,218.6800,218.6150,218.6290,99600
1473360599,218.6650,218.7050,218.6600,218.6600,115300
1473360659,218.6399,218.6650,218.6200,218.6650,89000
1473360719,218.6300,218.6500,218.6200,218.6400,166400
1473360720,218.6200,218.6550,218.6200,218.6300,67900
1473360839,218.6600,218.6600,218.6000,218.6201,42000
1473360899,218.6600,218.6700,218.6500,218.6600,50400
1473360900,218.6500,218.6700,218.6200,218.6500,90500
1473361019,218.6600,218.6700,218.6400,218.6500,41100
1473361077,218.6800,218.6800,218.6500,218.6600,49600
1473361080,218.6800,218.7000,218.6700,218.6700,68500
1473361199,218.6950,218.7200,218.6700,218.6900,119400
1473361259,218.6700,218.7100,218.6700,218.7000,49600
1473361261,218.6750,218.6900,218.6500,218.6800,51200
1473361322,218.6750,218.6900,218.6600,218.6700,23800
1473361380,218.6900,218.7100,218.6700,218.6750,42300
1473361440,218.6200,218.6850,218.6100,218.6800,83600
1473361500,218.6337,218.6400,218.6000,218.6200,50700
1473361619,218.5800,218.6400,218.5700,218.6400,69800
1473361679,218.6300,218.6600,218.5700,218.5800,79400
1473361739,218.6300,218.6400,218.6200,218.6300,27100
1473361799,218.6200,218.6350,218.6000,218.6300,60100
1473361859,218.6399,218.6600,218.6100,218.6200,145500
1473361862,218.6450,218.6500,218.6342,218.6400,57700
1473361921,218.6100,218.6600,218.6100,218.6450,58600
1473362039,218.6200,218.6400,218.6100,218.6200,64700
1473362041,218.6500,218.6700,218.6200,218.6200,85700
1473362159,218.6600,218.6900,218.6400,218.6500,87800
1473362160,218.6850,218.6900,218.6500,218.6600,55400
1473362222,218.6500,218.6900,218.6500,218.6850,70000
1473362339,218.5900,218.6450,218.5800,218.6450,124200
1473362399,218.6300,218.6400,218.5600,218.5900,142700
1473362458,218.5700,218.6300,218.5600,218.6300,110400
1473362519,218.5900,218.6100,218.5545,218.5600,176700
1473362579,218.6200,218.6250,218.5850,218.5850,129500
1473362580,218.6401,218.6500,218.6100,218.6150,98300
1473362699,218.6335,218.6500,218.6300,218.6450,571100
1473362700,218.6335,218.6500,218.6000,218.6400,68100
1473362760,218.6100,218.6400,218.6100,218.6400,48300
1473362879,218.5975,218.6200,218.5900,218.6100,36200
1473362939,218.6100,218.6200,218.5900,218.5900,101000
1473362996,218.5850,218.6400,218.5800,218.6100,63700
1473363000,218.6100,218.6300,218.5800,218.5800,67300
1473363060,218.6300,218.6400,218.5800,218.6100,141200
1473363120,218.5700,218.6400,218.5700,218.6300,112300
1473363180,218.6000,218.6100,218.5700,218.5700,68600
1473363299,218.5900,218.6000,218.5700,218.6000,77800
1473363359,218.5600,218.6000,218.5600,218.5900,92200
1473363419,218.6200,218.6300,218.5500,218.5600,57800
1473363420,218.6500,218.6550,218.6100,218.6200,71700
1473363539,218.6400,218.6900,218.6400,218.6500,104500
1473363599,218.6700,218.6800,218.6400,218.6400,95800
1473363600,218.6900,218.7000,218.6400,218.6700,114100
1473363660,218.7100,218.7100,218.6850,218.6900,240100
1473363720,218.6800,218.7200,218.6700,218.7200,118200
1473363839,218.7200,218.7200,218.6700,218.6700,96300
1473363840,218.7130,218.7300,218.7050,218.7200,100300
1473363958,218.6500,218.7200,218.6400,218.7200,167400
1473364019,218.6100,218.6600,218.5800,218.6500,204600
1473364020,218.6100,218.6200,218.6000,218.6150,112200
1473364080,218.6100,218.6200,218.6000,218.6150,85100
1473364199,218.6401,218.6500,218.6100,218.6200,183700
1473364200,218.6300,218.6600,218.6100,218.6400,122000
1473364319,218.6250,218.6300,218.6100,218.6200,92900
1473364379,218.5800,218.6150,218.5800,218.6100,94600
1473364439,218.5700,218.6000,218.5700,218.5850,117700
1473364440,218.5550,218.5800,218.5400,218.5700,222000
1473364559,218.5700,218.5900,218.5400,218.5550,147000
1473364619,218.6150,218.6200,218.5600,218.5700,191500
1473364620,218.6100,218.6200,218.5900,218.6000,181600
1473364739,218.6400,218.6700,218.6100,218.6200,317500
1473364740,218.5300,218.7100,218.5100,218.6300,20297300
1473364800,218.5100,218.5100,218.5100,218.5100,0
