uri:/instrument/1.0/ULTA/chartdata;type=quote;range=1d/csv
ticker:ulta
Company-Name:Ulta Salon, Cosmetics & Fragran
Exchange-Name:NMS
unit:MIN
timezone:EDT
currency:USD
gmtoffset:-14400
previous_close:247.2100
Timestamp:1472736600,1472760000
labels:1472738400,1472742000,1472745600,1472749200,1472752800,1472756400,1472760000
values:Timestamp,close,high,low,open,volume
close:244.6800,248.2430
high:244.8650,248.4420
low:244.6800,247.9000
open:244.6900,248.4420
volume:0,54400
1472736695,247.2300,247.2400,246.3395,246.4500,16600
1472736754,247.2800,247.2800,247.2800,247.2800,700
1472736798,248.0200,248.1230,247.7200,247.8465,3100
1472736841,248.2430,248.2430,247.9000,248.0300,2000
1472736903,247.7700,248.4420,247.7700,248.4420,3200
1472736969,247.8300,247.8300,247.5750,247.7900,1400
1472737023,247.7108,247.7108,247.4200,247.4480,2200
1472737095,247.6200,247.6800,247.5500,247.5500,1600
1472737253,247.7300,247.7300,247.3700,247.5800,1100
1472737270,247.1900,247.5600,247.1900,247.5600,1000
1472737320,247.0000,247.2900,246.9900,247.0600,3700
1472737409,247.0000,247.0010,247.0000,247.0010,400
1472737467,247.0800,247.1000,246.9900,247.0700,3400
1472737504,247.0000,247.1600,247.0000,247.0673,3400
1472737570,247.1200,247.1200,247.0200,247.0400,1500
1472737653,247.3160,247.3160,247.2600,247.2800,700
1472737692,247.1900,247.2800,247.1200,247.2500,1200
1472737765,247.0101,247.0800,247.0000,247.0800,800
1472737801,247.0000,247.3400,246.9900,247.1800,2100
1472737918,247.0300,247.0700,246.9700,247.0000,14400
1472737925,247.2200,247.2200,246.9500,246.9700,4500
1472737997,247.0200,247.1000,246.9700,247.1000,6300
1472738096,247.0000,247.0000,246.9800,247.0000,800
1472738100,247.1276,247.1300,247.0000,247.0000,1900
1472738161,247.2000,247.2899,247.0700,247.1100,3000
1472738257,247.1751,247.1800,247.1400,247.1800,900
1472738307,247.0400,247.1113,247.0000,247.1113,1700
1472738367,247.0000,247.1300,246.9800,247.0400,2700
1472738405,246.7000,246.7700,246.0000,246.5500,5300
1472738462,246.4800,246.5600,246.4800,246.5100,3600
1472738528,246.5500,246.6700,246.5200,246.5200,1200
1472738602,246.8100,246.8100,246.6500,246.6500,1200
1472738647,247.1300,247.1300,246.9000,246.9000,900
1472738708,246.9900,247.2300,246.9700,247.1100,2800
1472738778,247.1500,247.1500,246.8684,246.8684,1300
1472738871,247.5500,247.5500,247.2900,247.2900,1100
1472738885,247.3700,247.6500,247.3700,247.6500,1500
1472738997,247.4900,247.5600,247.3800,247.4629,2700
1472739002,247.6850,247.6850,247.5400,247.5400,1100
1472739081,247.3100,247.4400,247.2900,247.3200,3100
1472739140,247.2300,247.2750,247.1500,247.2600,2300
1472739190,247.2000,247.2000,247.1608,247.1608,1000
1472739263,247.5300,247.5300,247.2700,247.2900,2000
1472739311,247.4800,247.5300,247.4800,247.5300,500
1472739361,247.2100,247.3818,247.2100,247.3818,1000
1472739443,247.3400,247.3515,247.3400,247.3515,600
1472739480,247.2100,247.2100,247.2100,247.2100,400
1472739591,246.7600,247.1600,246.7600,247.1200,1500
1472739602,246.3900,246.9050,246.3900,246.9050,1600
1472739661,246.3150,246.4956,246.3150,246.4956,1900
1472739748,246.4800,246.4800,246.4500,246.4500,1100
1472739808,246.6100,246.6100,246.6100,246.6100,400
1472739844,246.4300,246.5550,246.4300,246.5200,400
1472739914,246.1500,246.4300,246.1500,246.4300,1000
1472739970,246.1400,246.2000,246.1400,246.2000,700
1472740058,245.7600,246.1600,245.7600,246.1600,2400
1472740093,246.0200,246.0200,245.7800,245.7800,1500
1472740179,245.7700,245.7700,245.7700,245.7700,300
1472740202,245.4200,245.6500,245.3000,245.6500,1800
1472740300,245.3200,245.3200,245.0800,245.2300,3400
1472740330,245.2650,245.2650,245.2376,245.2376,400
1472740436,244.6800,245.1800,244.6800,245.1800,4500
1472740440,244.9475,245.0800,244.6900,244.6900,6600
1472740553,245.2850,245.2850,244.9560,245.1000,1900
1472740560,245.4400,245.4400,245.1560,245.1750,4700
1472740622,245.5800,245.5800,245.4065,245.4100,1600
1472740702,245.4000,245.5800,245.4000,245.5800,1400
1472740743,245.2410,245.4100,245.2200,245.4000,3900
1472740801,245.5300,245.5400,245.2300,245.2400,1100
1472740891,245.6300,245.6800,245.6300,245.6700,1200
1472740937,245.7900,245.7900,245.6800,245.6800,700
1472740985,245.7800,245.8499,245.6100,245.6100,1500
1472741041,245.8000,245.8100,245.6050,245.6700,900
1472741100,245.6950,245.7999,245.6950,245.7999,700
1472741167,245.8000,245.8100,245.7200,245.7500,2500
1472741224,245.8600,245.8600,245.8000,245.8000,1400
1472741292,245.7600,245.9100,245.7600,245.9100,1600
1472741341,245.9600,245.9600,245.8500,245.8500,1000
1472741401,245.9100,245.9400,245.9100,245.9200,500
1472741466,245.8600,245.9600,245.8500,245.8500,400
1472741522,246.0200,246.1300,245.8900,246.0000,2900
1472741596,246.1600,246.1600,245.9300,246.0200,3100
1472741694,246.1500,246.1500,246.1500,246.1500,200
1472741736,246.1643,246.2693,246.1500,246.1500,1600
1472741771,246.0650,246.0800,246.0500,246.0800,900
1472741833,246.1600,246.1900,246.1600,246.1700,1900
1472741903,245.9000,246.3000,245.9000,246.3000,2400
1472742056,245.6400,245.7050,245.6400,245.6900,700
1472742061,245.5000,245.6372,245.4800,245.5900,1000
1472742145,245.6900,245.7200,245.3912,245.3912,1700
1472742246,245.8200,245.8200,245.5810,245.5810,1800
1472742345,245.6601,245.7760,245.6601,245.7760,300
1472742361,245.9564,246.1200,245.9100,245.9100,1600
1472742426,245.7862,246.0700,245.7862,246.0700,1700
1472742505,245.9300,245.9300,245.8400,245.9200,600
1472742541,245.8300,245.8300,245.6100,245.7100,1400
1472742647,245.6700,245.7400,245.6700,245.7400,500
1472742698,245.5100,245.6500,245.5100,245.5200,1700
1472742750,245.7700,245.7700,245.6400,245.6400,900
1472742807,245.7800,245.7800,245.7800,245.7800,100
1472742877,245.5900,245.6000,245.4210,245.6000,1400
1472742958,245.4900,245.5625,245.4100,245.4200,1500
1472742972,245.4453,245.4453,245.4074,245.4074,300
1472743021,245.5800,245.5800,245.4658,245.4658,800
1472743130,245.6444,245.6444,245.6444,245.6444,1100
1472743144,245.6700,245.7400,245.5100,245.5850,3900
1472743217,245.7700,245.7700,245.7100,245.7100,900
1472743302,245.5600,245.7100,245.5600,245.6600,1000
1472743346,245.6800,245.6800,245.5100,245.5300,600
1472743411,245.6600,245.7100,245.6600,245.7100,600
1472743498,245.7300,245.8400,245.7100,245.7607,1300
1472743501,245.8100,245.8100,245.6500,245.6500,600
1472743566,245.8600,245.8700,245.7600,245.8700,1000
1472743629,245.7400,245.7600,245.5720,245.7500,1800
1472743696,245.7800,245.7900,245.7800,245.7900,1200
1472743770,245.7090,245.7800,245.7090,245.7800,700
1472743828,245.7600,245.7600,245.7100,245.7100,500
1472743912,245.6467,245.6467,245.6467,245.6467,300
1472743922,245.7000,245.7000,245.7000,245.7000,300
1472744035,245.6500,245.6500,245.6500,245.6500,100
1472744057,245.5725,245.6500,245.5600,245.6104,1800
1472744100,245.8350,245.8350,245.6300,245.6300,1100
1472744165,245.5000,245.8025,245.5000,245.8025,1700
1472744231,245.4900,245.4900,245.4900,245.4900,200
1472744334,245.3400,245.5380,245.3400,245.4350,1200
1472744390,245.4750,245.4750,245.4300,245.4300,200
1472744411,245.4450,245.5200,245.3700,245.5200,2000
1472744515,245.4000,245.4640,245.3500,245.4050,900
1472744520,245.3500,245.4700,245.3500,245.4700,400
1472744687,245.5020,245.5100,245.2800,245.2916,3600
1472744704,245.5500,245.5500,245.4600,245.4600,1200
1472744765,245.5700,245.5700,245.5500,245.5500,800
1472744874,245.8200,245.8200,245.6146,245.6146,1800
1472744881,245.9400,245.9400,245.7700,245.7800,1000
1472744940,246.0600,246.0600,245.9200,245.9200,1700
1472745052,245.9450,246.0300,245.9000,245.9200,1600
1472745066,246.0000,246.0900,246.0000,246.0000,900
1472745235,245.8800,246.0020,245.8800,246.0020,400
1472745244,245.7280,245.9300,245.6800,245.8600,2200
1472745352,245.7300,245.7744,245.6900,245.7744,700
1472745364,245.9100,245.9270,245.7000,245.7200,800
1472745442,245.8900,245.8900,245.8900,245.8900,100
1472745577,245.8500,245.8500,245.8500,245.8500,100
1472745651,245.9330,245.9500,245.7800,245.7850,1500
1472745663,245.9100,245.9100,245.9100,245.9100,400
1472745724,245.9300,245.9300,245.9300,245.9300,400
1472745831,245.9400,245.9500,245.9200,245.9200,500
1472745843,245.7601,245.9100,245.7601,245.8900,3000
1472745972,245.9460,245.9500,245.8200,245.8700,2500
1472746049,246.0200,246.0480,245.9600,245.9600,800
1472746096,246.0500,246.1000,246.0500,246.0800,1300
1472746158,246.0025,246.0025,245.9200,245.9900,1200
1472746228,245.8100,245.9900,245.8100,245.9650,900
1472746304,246.0700,246.0700,245.9900,245.9900,900
1472746340,246.0280,246.0500,245.9375,246.0500,500
1472746385,246.0000,246.1000,245.8470,245.8470,1600
1472746496,246.2000,246.2100,246.1000,246.1000,1400
1472746500,246.1400,246.2700,246.1400,246.2000,3700
1472746570,246.2650,246.2700,246.1100,246.2500,900
1472746735,246.2500,246.2900,246.2400,246.2900,500
1472746766,246.1500,246.2700,246.0800,246.1800,2900
1472746911,246.0900,246.0900,246.0900,246.0900,100
1472746930,246.3800,246.3800,246.3000,246.3000,1800
1472747035,246.4300,246.4300,246.4100,246.4100,400
1472747043,246.6100,246.6100,246.3950,246.3950,2000
1472747128,246.5000,246.6225,246.5000,246.5600,1100
1472747164,246.5500,246.5500,246.5110,246.5110,400
1472747262,246.5960,246.5960,246.5100,246.5100,200
1472747333,246.5180,246.6300,246.4700,246.6200,3300
1472747378,246.3800,246.4100,246.2700,246.4000,3100
1472747400,246.2100,246.4200,246.2000,246.3100,3700
1472747461,246.2900,246.2900,246.2700,246.2700,200
1472747559,246.3600,246.3600,246.3100,246.3100,1300
1472747591,246.3800,246.5100,246.3400,246.3800,3900
1472747656,246.4500,246.4500,246.4500,246.4500,200
1472747724,246.2900,246.4000,246.2900,246.3700,1000
1472747772,246.1600,246.3300,246.1600,246.2300,2200
1472747832,246.2300,246.2300,246.2300,246.2300,300
1472747939,246.2200,246.2595,246.1500,246.2595,400
1472747943,246.2000,246.3150,246.2000,246.2200,2000
1472748021,246.3800,246.4000,246.3800,246.4000,200
1472748063,246.2400,246.3175,246.0700,246.2400,2800
1472748139,246.2000,246.2100,246.1100,246.2100,1300
1472748225,246.1601,246.1800,246.1601,246.1800,200
1472748257,246.1600,246.3100,246.1600,246.3100,2100
1472748300,246.1250,246.1500,246.1250,246.1500,1000
1472748437,245.9800,246.0400,245.9600,246.0100,2000
1472748527,246.0720,246.0720,245.9900,245.9900,400
1472748552,245.9800,246.0200,245.9800,246.0200,500
1472748624,246.0000,246.0000,245.9900,245.9900,1300
1472748664,246.0600,246.1500,246.0400,246.0400,1700
1472748731,245.9000,246.0300,245.9000,246.0200,1700
1472748815,245.8400,245.8400,245.8400,245.8400,100
1472748899,245.8400,245.9200,245.8400,245.8839,800
1472748900,245.6800,245.8400,245.6800,245.8400,1500
1472749033,245.6271,245.6500,245.6271,245.6500,300
1472749105,245.6500,245.6500,245.6400,245.6500,500
1472749155,245.5900,245.7000,245.5900,245.7000,1000
1472749201,245.5700,245.6200,245.5700,245.5900,1400
1472749287,245.5300,245.6050,245.5300,245.5600,900
1472749351,245.5300,245.5300,245.5300,245.5300,200
1472749388,245.4500,245.4501,245.4500,245.4500,1000
1472749455,245.3300,245.4200,245.3300,245.4200,600
1472749504,245.4050,245.4050,245.3100,245.3650,2100
1472749589,245.3650,245.4100,245.3650,245.4100,600
1472749658,245.2000,245.2900,245.1700,245.2900,1800
1472749712,245.1600,245.1700,245.1000,245.1700,1000
1472749798,245.1200,245.1400,245.1150,245.1400,1000
1472749844,245.2010,245.2600,245.0700,245.1300,4900
1472749871,245.1100,245.1400,245.1100,245.1400,800
1472749964,245.1119,245.1119,245.1119,245.1119,100
1472750011,245.0900,245.1000,245.0900,245.0900,400
1472750051,245.0480,245.0600,245.0000,245.0400,1700
1472750107,245.0900,245.1550,245.0900,245.0975,1300
1472750168,245.0700,245.1900,245.0700,245.1900,1000
1472750302,245.1172,245.1172,245.1172,245.1172,100
1472750340,245.0400,245.0400,245.0400,245.0400,300
1472750401,245.2200,245.2300,245.1100,245.1700,3000
1472750482,245.1900,245.2525,245.1900,245.2200,700
1472750520,245.1265,245.1600,245.1265,245.1544,300
1472750638,245.0300,245.1400,245.0300,245.1400,400
1472750676,245.1100,245.1100,245.0200,245.0300,600
1472750702,245.1928,245.2100,245.0900,245.1300,2400
1472750773,245.0700,245.0700,245.0700,245.0700,400
1472750874,245.0900,245.2690,245.0900,245.1504,300
1472750900,245.0500,245.1700,245.0500,245.0950,500
1472750981,245.1050,245.1100,245.1050,245.1100,200
1472751032,245.0300,245.0800,245.0300,245.0800,1300
1472751063,245.0700,245.0800,245.0200,245.0700,1900
1472751125,245.1300,245.1500,245.0300,245.1200,1400
1472751210,245.0700,245.0700,245.0700,245.0700,500
1472751246,245.0200,245.0400,244.9900,245.0400,1600
1472751358,245.1200,245.1200,244.9300,244.9800,3000
1472751369,244.9300,245.1100,244.9300,245.1100,2200
1472751447,244.9950,245.0000,244.9700,245.0000,1100
1472751494,245.0850,245.1300,245.0000,245.0000,1800
1472751612,244.9275,245.0600,244.9275,245.0000,1400
1472751693,245.0200,245.0700,244.9900,244.9900,1700
1472751723,245.0201,245.0600,245.0201,245.0600,800
1472751791,245.0500,245.1300,245.0500,245.1300,1000
1472751897,244.9375,245.0000,244.9375,244.9900,900
1472751910,244.9950,245.0000,244.9950,244.9950,500
1472751988,245.1200,245.2100,245.0500,245.0600,3300
1472752053,245.0950,245.1200,245.0950,245.1200,300
1472752101,245.0900,245.1100,245.0900,245.1100,300
1472752159,245.0818,245.1700,245.0818,245.1700,300
1472752248,245.0200,245.1322,245.0200,245.0710,1100
1472752315,245.0500,245.0500,245.0200,245.0200,500
1472752335,245.0900,245.1400,245.0900,245.1100,800
1472752415,245.1200,245.1600,245.0400,245.1600,700
1472752445,245.0700,245.1600,245.0700,245.1600,3700
1472752502,245.1300,245.1300,244.9600,245.1300,9300
1472752617,245.2500,245.2500,245.0800,245.1800,1600
1472752672,245.2800,245.2800,245.1501,245.1501,500
1472752717,245.2700,245.4200,245.2200,245.2200,1600
1472752740,245.2500,245.4200,245.1600,245.3700,5100
1472752814,245.0500,245.1600,245.0500,245.1200,600
1472752869,244.9750,245.0650,244.9500,245.0460,6400
1472752932,245.0750,245.0750,245.0200,245.0200,500
1472753022,244.9800,245.0800,244.9800,245.0800,1700
1472753040,245.0200,245.0450,245.0200,245.0450,600
1472753112,245.0400,245.0800,245.0200,245.0800,900
1472753168,245.0211,245.0900,244.9700,244.9900,4900
1472753225,245.0000,245.1300,244.9700,245.1000,1800
1472753280,245.1600,245.1600,245.0000,245.0000,1200
1472753356,244.9900,245.1000,244.9300,245.1000,6600
1472753406,245.0000,245.0000,244.8800,244.9300,4500
1472753507,245.0799,245.0799,245.0200,245.0200,5400
1472753520,245.1200,245.1200,245.0100,245.0450,1400
1472753630,245.0900,245.1500,245.0900,245.1500,200
1472753661,245.1800,245.1800,245.1700,245.1700,500
1472753791,245.1100,245.1800,245.1100,245.1600,1000
1472753863,245.0700,245.1200,245.0700,245.1200,1400
1472753884,245.0225,245.0225,245.0225,245.0225,200
1472753940,245.0600,245.1600,244.9700,244.9700,1400
1472754050,244.9950,245.0812,244.9800,245.0600,1600
1472754063,244.9000,245.0700,244.9000,245.0700,2300
1472754120,245.1000,245.1000,244.9700,245.0200,1200
1472754207,245.0900,245.0900,245.0900,245.0900,300
1472754280,244.9750,245.0800,244.9300,245.0700,1700
1472754310,244.8100,244.9500,244.8100,244.9000,1600
1472754372,244.8560,244.8700,244.8560,244.8700,200
1472754432,244.8500,244.8650,244.8000,244.8000,500
1472754485,244.9800,245.0800,244.9300,244.9300,2200
1472754595,245.1200,245.1200,245.1200,245.1200,100
1472754619,245.0600,245.1425,245.0600,245.1100,1300
1472754667,245.0400,245.1700,245.0400,245.1700,500
1472754733,245.0500,245.0815,244.8800,245.0815,2900
1472754860,245.0400,245.0900,244.9000,244.9800,1700
1472754914,245.1100,245.1100,245.0850,245.0850,700
1472755010,245.1600,245.1692,245.0900,245.1100,1300
1472755049,245.1900,245.1900,245.1900,245.1900,100
1472755096,245.0600,245.1000,245.0600,245.1000,500
1472755175,245.1300,245.1300,245.0600,245.0600,300
1472755213,245.1600,245.2500,245.1600,245.1600,1100
1472755292,245.2350,245.2900,245.2350,245.2900,1100
1472755323,245.2800,245.3800,245.2700,245.2700,1400
1472755390,245.3800,245.3800,245.2644,245.2644,600
1472755443,245.3400,245.4100,245.3400,245.4100,1100
1472755505,245.3315,245.3315,245.3315,245.3315,100
1472755572,245.3700,245.3700,245.2800,245.2800,1300
1472755641,245.3800,245.4900,245.3800,245.4900,600
1472755703,245.5025,245.5900,245.4500,245.5900,2800
1472755799,245.3600,245.3600,245.3600,245.3600,200
1472755820,245.6400,245.6400,245.4420,245.4420,800
1472755914,245.4700,245.4700,245.4601,245.4601,300
1472755962,245.6400,245.6400,245.5478,245.5478,600
1472755983,245.8000,245.8000,245.6200,245.6200,800
1472756083,245.7000,245.7000,245.7000,245.7000,200
1472756119,245.7148,245.7400,245.6542,245.7400,1400
1472756216,245.6500,245.6975,245.5500,245.6700,3200
1472756274,245.6400,245.6700,245.6250,245.6700,900
1472756302,245.6600,245.6600,245.6100,245.6100,1100
1472756394,245.7300,245.7600,245.7300,245.7600,400
1472756410,245.7600,245.7600,245.7600,245.7600,700
1472756476,245.6000,245.6700,245.6000,245.6600,2200
1472756548,245.6400,245.6700,245.6200,245.6200,1700
1472756626,245.6400,245.6400,245.6400,245.6400,400
1472756656,245.5400,245.6800,245.5400,245.6700,2000
1472756753,245.4000,245.4000,245.4000,245.4000,300
1472756774,245.3200,245.3800,245.3200,245.3750,1700
1472756873,245.1500,245.3525,245.1500,245.3100,1300
1472756886,245.2700,245.2800,245.0700,245.1100,2600
1472756959,245.2500,245.3150,245.2500,245.3150,500
1472757061,245.2000,245.2700,245.2000,245.2500,400
1472757159,245.3000,245.3000,245.2400,245.2400,400
1472757230,245.3650,245.3650,245.2700,245.3000,1400
1472757294,245.3000,245.3900,245.3000,245.3900,1000
1472757354,245.2900,245.3050,245.2500,245.3000,1800
1472757363,245.3600,245.3800,245.2300,245.2300,1400
1472757470,245.3600,245.3600,245.3600,245.3600,100
1472757510,245.4000,245.4000,245.3500,245.3500,800
1472757557,245.2000,245.3500,245.2000,245.3000,2000
1472757604,245.3100,245.3100,245.2050,245.2500,1200
1472757726,245.4300,245.4300,245.4300,245.4300,100
1472757838,245.5400,245.5400,245.3675,245.3675,1200
1472757841,245.5200,245.5200,245.5200,245.5200,300
1472757905,245.4600,245.5800,245.4600,245.5800,1400
1472757974,245.4300,245.4600,245.4300,245.4600,400
1472758049,245.4300,245.4300,245.3700,245.3900,1300
1472758139,245.5575,245.5800,245.4001,245.4001,1500
1472758140,245.5000,245.5000,245.5000,245.5000,400
1472758311,245.4200,245.4200,245.3700,245.3900,1800
1472758323,245.4600,245.4925,245.4600,245.4700,1400
1472758479,245.3800,245.4800,245.3800,245.4700,1600
1472758513,245.4600,245.4600,245.3900,245.3900,1700
1472758566,245.3200,245.4500,245.3200,245.4500,3300
1472758637,245.4700,245.4700,245.3850,245.4000,1000
1472758690,245.3689,245.4400,245.3500,245.4400,1400
1472758740,245.4800,245.5000,245.3750,245.3750,2500
1472758800,245.5900,245.5900,245.4600,245.4800,2900
1472758877,245.4800,245.4800,245.4500,245.4800,1300
1472758931,245.3500,245.5787,245.3500,245.4699,4200
1472759013,245.3700,245.4200,245.3300,245.3900,1700
1472759053,245.5400,245.5400,245.3500,245.3500,3500
1472759114,245.4600,245.4700,245.4200,245.4552,1200
1472759172,245.5295,245.5700,245.4000,245.4300,3100
1472759228,245.5354,245.5700,245.4100,245.4600,2500
1472759285,245.3600,245.5200,245.3400,245.5050,3700
1472759359,245.4100,245.5000,245.4100,245.4600,3200
1472759406,245.5400,245.5500,245.4700,245.4700,3700
1472759462,245.6200,245.6900,245.5200,245.5700,5000
1472759537,245.6300,245.6600,245.6200,245.6600,1400
1472759583,245.5630,245.6500,245.5400,245.6500,5700
1472759643,245.5700,245.6200,245.5400,245.5500,3400
1472759704,245.6900,245.6900,245.5900,245.6250,5800
1472759768,245.6200,245.7600,245.6200,245.7000,7700
1472759820,245.6700,245.6800,245.5800,245.6150,9100
1472759889,245.6100,245.6710,245.5900,245.5900,13200
1472759945,245.5100,245.6800,245.4450,245.6400,54400
1472760000,245.5200,245.5200,245.5200,245.5200,0
