uri:/instrument/1.0/IBM/chartdata;type=quote;range=1d/csv
ticker:ibm
Company-Name:International Business Machines
Exchange-Name:NYQ
unit:MIN
timezone:EDT
currency:USD
gmtoffset:-14400
previous_close:160.3500
Timestamp:1473255000,1473278400
labels:1473256800,1473260400,1473264000,1473267600,1473271200,1473274800,1473278400
values:Timestamp,close,high,low,open,volume
close:160.2700,161.7500
high:160.2700,161.7600
low:160.2100,161.7400
open:160.2200,161.7600
volume:200,59600
1473255039,160.2700,160.2700,160.2100,160.2200,57900
1473255110,160.3800,160.3800,160.3005,160.3005,8700
1473255121,160.6200,160.6800,160.4200,160.4500,15800
1473255230,160.6500,160.8400,160.5850,160.6400,12800
1473255243,160.6700,160.7200,160.5800,160.6700,13400
1473255351,160.7600,160.7600,160.6700,160.7000,6100
1473255360,160.7000,160.9200,160.6900,160.8000,12700
1473255423,160.7700,160.8000,160.7600,160.7700,11600
1473255482,160.8500,160.8700,160.7600,160.7800,8600
1473255545,160.9500,160.9600,160.8200,160.8200,14700
1473255600,160.9700,160.9800,160.9000,160.9700,13800
1473255665,160.9600,160.9800,160.9200,160.9600,6300
1473255729,160.9500,160.9600,160.9200,160.9600,4500
1473255839,160.9800,161.0200,160.9200,160.9500,17800
1473255842,160.9900,160.9900,160.9400,160.9900,7600
1473255952,160.8900,160.9900,160.8600,160.9900,8400
1473255970,160.8900,160.9300,160.8800,160.9300,4600
1473256079,160.9050,160.9300,160.8800,160.9200,9400
1473256080,160.9100,160.9100,160.8450,160.9100,8700
1473256155,160.8600,160.9100,160.8600,160.8600,6900
1473256213,160.7300,160.8800,160.6900,160.8600,6700
1473256317,160.8000,160.8000,160.7300,160.7400,3700
1473256328,160.7100,160.7900,160.6400,160.7900,5400
1473256406,160.7800,160.7800,160.7000,160.7300,3700
1473256488,160.7600,160.8079,160.7400,160.7750,6400
1473256511,160.7000,160.7300,160.6900,160.7201,11600
1473256614,160.7100,160.7400,160.6900,160.7200,3600
1473256620,160.7000,160.7200,160.6900,160.7100,6900
1473256681,160.7100,160.7600,160.7000,160.7100,6600
1473256741,160.7650,160.7700,160.7101,160.7300,8200
1473256808,160.8000,160.8000,160.7700,160.7900,2900
1473256879,160.9200,160.9200,160.8599,160.8600,3000
1473256923,160.8900,160.9400,160.8500,160.9200,8700
1473257033,160.8636,160.9000,160.8400,160.8900,3300
1473257093,160.8500,160.8641,160.8300,160.8641,5200
1473257101,160.7300,160.8400,160.6925,160.8400,7200
1473257218,160.7600,160.8300,160.7200,160.7500,5100
1473257221,160.7400,160.7600,160.7400,160.7600,2800
1473257281,160.7900,160.8100,160.7400,160.7500,8900
1473257351,160.7900,160.7900,160.6300,160.7400,5300
1473257410,160.8100,160.8100,160.7300,160.7400,4500
1473257467,160.8000,160.8400,160.7900,160.8200,4300
1473257522,160.8850,160.9200,160.8200,160.8200,17200
1473257637,160.9100,160.9100,160.8400,160.8700,7400
1473257697,160.8600,160.9130,160.8600,160.9100,7600
1473257755,160.8800,160.8800,160.7900,160.8400,3500
1473257816,160.8700,160.8899,160.8500,160.8899,3100
1473257876,160.8900,160.9000,160.8700,160.8800,4600
1473257892,160.9850,161.0100,160.9000,160.9000,11200
1473257957,161.0100,161.0100,160.9800,160.9900,9100
1473258002,161.0600,161.1000,160.9800,160.9900,17600
1473258118,161.1000,161.1100,161.0600,161.0700,4300
1473258131,161.1336,161.1599,161.1300,161.1300,3600
1473258190,161.1100,161.1500,161.1100,161.1400,7300
1473258253,161.1500,161.2400,161.1000,161.1100,17100
1473258312,161.1741,161.1852,161.1400,161.1600,3500
1473258373,161.1700,161.1900,161.1200,161.1300,5800
1473258427,161.2400,161.2400,161.1700,161.1700,3300
1473258480,161.2300,161.2380,161.2200,161.2380,3100
1473258560,161.2500,161.2900,161.2400,161.2400,9800
1473258600,161.2600,161.2700,161.2400,161.2500,11200
1473258717,161.2500,161.2900,161.2500,161.2900,5500
1473258724,161.3008,161.3200,161.2600,161.2616,8400
1473258789,161.2200,161.3000,161.2100,161.3000,7200
1473258841,161.2365,161.2365,161.2000,161.2190,11400
1473258958,161.2100,161.2350,161.2100,161.2350,8800
1473258960,161.2200,161.2400,161.2100,161.2100,3900
1473259023,161.2500,161.2550,161.2300,161.2300,4700
1473259080,161.2269,161.2500,161.2200,161.2500,3000
1473259140,161.2300,161.2400,161.2150,161.2300,5800
1473259204,161.2300,161.2500,161.2250,161.2400,4900
1473259316,161.2500,161.2600,161.2300,161.2400,13000
1473259322,161.2300,161.2500,161.2200,161.2500,4000
1473259389,161.1600,161.2400,161.1600,161.2250,12000
1473259448,161.1600,161.1900,161.1500,161.1650,10200
1473259501,161.1400,161.2100,161.1400,161.1690,24000
1473259571,161.1700,161.1800,161.1200,161.1200,9600
1473259620,161.1200,161.1900,161.0800,161.1700,27600
1473259739,161.0100,161.1200,161.0100,161.1200,2900
1473259740,161.0400,161.0500,161.0100,161.0100,3800
1473259800,161.0369,161.0400,161.0100,161.0300,3000
1473259862,161.0300,161.0300,160.9800,161.0300,4800
1473259921,160.9300,161.0300,160.9300,161.0300,2200
1473259995,160.9600,160.9600,160.9055,160.9105,4700
1473260043,160.9550,160.9600,160.9500,160.9500,1500
1473260102,160.9700,160.9700,160.9400,160.9400,3800
1473260213,160.9800,160.9800,160.9500,160.9600,4500
1473260229,160.9570,160.9900,160.9570,160.9900,3100
1473260280,160.9310,160.9550,160.9310,160.9500,2100
1473260357,160.8700,160.8900,160.8700,160.8900,1400
1473260457,160.7900,160.8400,160.7900,160.8400,3200
1473260461,160.9000,160.9100,160.8000,160.8000,9300
1473260521,160.8900,160.9000,160.8750,160.9000,3900
1473260582,160.8800,160.8800,160.8692,160.8800,2300
1473260641,160.8600,160.9090,160.8600,160.9090,3300
1473260704,160.9100,160.9200,160.8600,160.8600,3200
1473260762,160.9200,160.9300,160.9100,160.9200,3500
1473260879,160.9600,160.9600,160.9000,160.9200,5700
1473260880,161.0100,161.0100,160.9600,160.9600,4800
1473260942,161.0000,161.0500,160.9800,161.0200,6700
1473261000,161.0400,161.0500,161.0100,161.0100,5100
1473261098,161.0800,161.0800,161.0400,161.0500,2800
1473261166,161.0600,161.0900,161.0600,161.0800,5000
1473261190,160.9300,161.0000,160.9300,161.0000,8500
1473261298,160.9200,160.9300,160.8900,160.9200,3800
1473261301,160.9000,160.9300,160.9000,160.9300,2300
1473261362,160.8200,160.9000,160.8200,160.8700,10100
1473261424,160.8000,160.8400,160.8000,160.8300,7100
1473261485,160.8400,160.8400,160.8000,160.8100,3200
1473261598,160.8200,160.8900,160.8100,160.8300,7400
1473261601,160.8500,160.8646,160.8000,160.8200,14100
1473261666,160.8400,160.8500,160.8100,160.8500,5200
1473261765,160.9100,160.9100,160.8700,160.8700,3000
1473261780,160.9000,160.9200,160.8800,160.9000,4700
1473261898,160.9000,160.9300,160.8900,160.8900,4800
1473261900,160.9100,160.9300,160.9000,160.9200,3100
1473261962,160.9400,160.9400,160.9000,160.9000,1600
1473262020,161.0200,161.0200,160.9600,160.9600,12400
1473262081,161.0600,161.0600,161.0300,161.0300,3800
1473262140,161.0268,161.0600,161.0200,161.0600,6700
1473262204,161.0300,161.0700,161.0300,161.0300,6200
1473262262,161.0000,161.0100,160.9900,161.0100,6300
1473262338,161.0200,161.0200,161.0000,161.0100,5600
1473262439,161.0200,161.0200,160.9800,161.0100,6400
1473262440,161.0800,161.0900,161.0000,161.0100,12600
1473262500,161.1200,161.1200,161.0700,161.0700,10500
1473262560,161.1000,161.1300,161.0700,161.1299,6000
1473262621,161.1400,161.1400,161.0800,161.0850,8000
1473262692,161.1500,161.1700,161.1200,161.1700,6600
1473262797,161.1600,161.1600,161.1499,161.1500,3000
1473262801,161.1900,161.1900,161.1600,161.1700,4600
1473262864,161.1700,161.1900,161.1100,161.1900,7300
1473262979,161.1700,161.2000,161.1600,161.1700,4500
1473262981,161.1100,161.1700,161.0800,161.1700,5700
1473263043,161.1950,161.2100,161.1100,161.1100,16200
1473263100,161.1700,161.2000,161.1500,161.1900,8900
1473263218,161.1000,161.1600,161.0600,161.1600,10900
1473263221,161.2000,161.2300,161.0900,161.1000,8700
1473263281,161.2000,161.2500,161.2000,161.2100,10400
1473263340,161.2000,161.2400,161.2000,161.2100,5000
1473263400,161.2400,161.2500,161.2000,161.2050,3900
1473263462,161.2400,161.2500,161.2200,161.2300,4100
1473263534,161.2700,161.2900,161.2400,161.2400,9500
1473263587,161.2800,161.2800,161.2500,161.2600,4000
1473263642,161.2700,161.2800,161.2500,161.2600,3600
1473263702,161.3000,161.3000,161.2420,161.2800,8400
1473263818,161.3000,161.3000,161.2700,161.3000,4500
1473263821,161.3400,161.3500,161.2950,161.3000,5300
1473263880,161.3800,161.3900,161.3392,161.3400,8600
1473263946,161.4100,161.4100,161.3900,161.3990,3500
1473264003,161.3750,161.4200,161.3700,161.4200,5100
1473264063,161.4000,161.4150,161.3799,161.3800,3700
1473264122,161.4300,161.4300,161.3935,161.4100,15300
1473264233,161.4000,161.4300,161.3900,161.4300,4100
1473264240,161.4100,161.4200,161.3950,161.4000,4500
1473264300,161.4200,161.4500,161.4099,161.4100,10200
1473264381,161.3900,161.4100,161.3800,161.4100,3600
1473264473,161.3900,161.4000,161.3700,161.3800,1700
1473264480,161.4000,161.4000,161.3800,161.4000,4200
1473264598,161.4200,161.4200,161.3800,161.4000,4200
1473264659,161.4200,161.4300,161.4100,161.4200,4000
1473264718,161.4100,161.4400,161.4100,161.4200,4300
1473264724,161.4200,161.4200,161.3900,161.4100,3900
1473264792,161.4000,161.4200,161.4000,161.4200,2900
1473264897,161.4400,161.4400,161.3945,161.4000,6600
1473264903,161.4400,161.4700,161.4300,161.4300,6800
1473264971,161.4550,161.4600,161.4200,161.4400,3300
1473265027,161.4800,161.4800,161.4600,161.4600,2800
1473265080,161.4599,161.4990,161.4599,161.4800,10600
1473265140,161.4700,161.4750,161.4550,161.4550,3900
1473265207,161.4250,161.4500,161.3900,161.4500,4600
1473265265,161.4500,161.4500,161.4200,161.4299,4300
1473265374,161.4700,161.4800,161.4600,161.4600,5400
1473265382,161.4600,161.4700,161.4500,161.4700,3700
1473265448,161.4300,161.4800,161.4200,161.4650,4700
1473265517,161.3300,161.4330,161.3200,161.4330,15200
1473265565,161.3500,161.3700,161.3400,161.3400,2300
1473265622,161.3100,161.3650,161.2810,161.3650,4300
1473265730,161.3480,161.3480,161.3000,161.3000,7300
1473265741,161.3800,161.3800,161.3300,161.3350,3300
1473265802,161.3900,161.4000,161.3800,161.4000,1500
1473265872,161.4000,161.4000,161.3700,161.4000,5000
1473265925,161.3671,161.3800,161.3600,161.3764,1900
1473265980,161.2500,161.3700,161.2300,161.3700,9400
1473266049,161.2600,161.2700,161.2500,161.2600,2500
1473266102,161.2300,161.2700,161.2100,161.2600,9400
1473266161,161.2300,161.2450,161.2200,161.2300,4900
1473266235,161.2600,161.2600,161.2300,161.2300,3300
1473266335,161.3200,161.3200,161.2500,161.2600,3500
1473266340,161.3900,161.3900,161.3300,161.3300,5000
1473266405,161.3900,161.4100,161.3700,161.4000,4100
1473266463,161.4000,161.4100,161.3800,161.4000,2900
1473266521,161.4700,161.4735,161.4200,161.4200,3900
1473266583,161.5500,161.5870,161.4800,161.4800,14200
1473266647,161.5700,161.5900,161.5300,161.5300,8000
1473266700,161.5900,161.6000,161.5600,161.5800,5200
1473266760,161.6400,161.6600,161.5900,161.5980,11600
1473266879,161.6400,161.6400,161.6300,161.6400,3100
1473266885,161.6100,161.6600,161.6100,161.6400,3200
1473266942,161.5600,161.6100,161.5600,161.6100,3400
1473267003,161.6000,161.6100,161.5500,161.5500,5200
1473267067,161.5900,161.6000,161.5600,161.5900,3500
1473267121,161.5400,161.6000,161.5400,161.5900,8200
1473267180,161.4900,161.5600,161.4900,161.5500,4300
1473267299,161.5200,161.5600,161.4400,161.4968,23700
1473267301,161.4560,161.5000,161.4560,161.4940,2100
1473267360,161.4900,161.4900,161.4500,161.4500,2900
1473267422,161.5150,161.5200,161.4850,161.4900,5600
1473267487,161.5100,161.5500,161.5000,161.5300,4000
1473267541,161.4900,161.5100,161.4700,161.5100,2800
1473267610,161.4900,161.4900,161.4900,161.4900,800
1473267715,161.3900,161.4900,161.3900,161.4900,7200
1473267720,161.3350,161.4100,161.2800,161.4100,14800
1473267792,161.4080,161.4080,161.3400,161.3400,3200
1473267899,161.4600,161.4780,161.4000,161.4000,5000
1473267907,161.5300,161.5500,161.4700,161.4700,2700
1473267963,161.5670,161.5700,161.5380,161.5380,4200
1473268078,161.5000,161.5700,161.5000,161.5400,3900
1473268082,161.5264,161.5400,161.5200,161.5200,3000
1473268145,161.5100,161.5300,161.4800,161.5300,3400
1473268201,161.5300,161.5500,161.5100,161.5300,2200
1473268261,161.5100,161.5400,161.5100,161.5300,2200
1473268326,161.5100,161.5100,161.4500,161.5100,3800
1473268428,161.5300,161.5300,161.5100,161.5200,2400
1473268441,161.5566,161.5700,161.5400,161.5400,3100
1473268506,161.5200,161.5600,161.5200,161.5500,2000
1473268563,161.5400,161.5600,161.5100,161.5200,8900
1473268620,161.5700,161.5800,161.5400,161.5400,2200
1473268681,161.6300,161.6400,161.5800,161.5800,3200
1473268741,161.6900,161.6900,161.6400,161.6400,6200
1473268802,161.7100,161.7200,161.6600,161.6800,5100
1473268864,161.6800,161.7100,161.6600,161.7000,3600
1473268922,161.6800,161.6900,161.6561,161.6700,2000
1473268982,161.7000,161.7200,161.6701,161.6701,3700
1473269052,161.7000,161.7100,161.6900,161.6900,2000
1473269102,161.6500,161.7100,161.6400,161.7100,2600
1473269163,161.5600,161.6400,161.5600,161.6400,3900
1473269226,161.6100,161.6100,161.5600,161.5690,4800
1473269287,161.6200,161.6300,161.5800,161.6000,1700
1473269341,161.6399,161.6399,161.6100,161.6200,2500
1473269403,161.6200,161.6400,161.6100,161.6200,2900
1473269462,161.6200,161.6400,161.6200,161.6200,2400
1473269533,161.6300,161.6300,161.6151,161.6200,1900
1473269583,161.6800,161.6800,161.6100,161.6400,3200
1473269695,161.6700,161.6900,161.6500,161.6800,3100
1473269702,161.6200,161.6601,161.6200,161.6601,3900
1473269768,161.6200,161.6300,161.6200,161.6200,1800
1473269820,161.6500,161.6500,161.6200,161.6300,4200
1473269932,161.6800,161.6800,161.6400,161.6400,3200
1473269999,161.6800,161.7000,161.6700,161.6800,3300
1473270000,161.6800,161.6800,161.6800,161.6800,700
1473270063,161.6600,161.6900,161.6600,161.6800,3800
1473270179,161.6800,161.6800,161.6550,161.6550,7800
1473270234,161.7300,161.7357,161.6900,161.6900,4400
1473270242,161.7500,161.7500,161.7200,161.7235,6700
1473270300,161.7500,161.7600,161.7000,161.7600,4500
1473270363,161.6800,161.7500,161.6750,161.7500,3100
1473270440,161.7100,161.7300,161.6900,161.6900,2400
1473270483,161.7000,161.7200,161.6900,161.7000,2900
1473270548,161.6650,161.6800,161.6500,161.6800,3500
1473270614,161.7000,161.7000,161.6709,161.6800,3400
1473270660,161.7200,161.7300,161.6900,161.7000,3200
1473270723,161.7000,161.7200,161.7000,161.7200,3400
1473270784,161.7100,161.7100,161.6950,161.7000,2900
1473270841,161.7300,161.7400,161.7100,161.7100,4400
1473270905,161.7500,161.7500,161.7200,161.7200,2900
1473270967,161.7400,161.7550,161.7400,161.7550,3000
1473271027,161.7200,161.7420,161.7100,161.7300,3200
1473271081,161.5900,161.6850,161.5900,161.6850,11600
1473271141,161.5100,161.6000,161.5028,161.6000,5200
1473271203,161.5000,161.5300,161.5000,161.5000,6000
1473271261,161.4450,161.5100,161.4350,161.5100,5300
1473271322,161.4500,161.4700,161.4100,161.4400,7700
1473271437,161.4500,161.4600,161.4400,161.4500,2300
1473271446,161.4472,161.4500,161.4300,161.4500,3900
1473271504,161.4800,161.5000,161.4400,161.4600,9500
1473271581,161.4400,161.4800,161.4400,161.4800,1900
1473271674,161.4350,161.4400,161.4200,161.4310,4900
1473271680,161.3900,161.4400,161.3800,161.4350,5700
1473271744,161.3400,161.3900,161.3100,161.3900,10700
1473271801,161.3600,161.3600,161.3500,161.3500,7200
1473271914,161.4300,161.4400,161.3550,161.3550,6100
1473271975,161.4700,161.4700,161.4200,161.4300,4000
1473272038,161.4800,161.4900,161.4500,161.4600,3600
1473272042,161.4900,161.5200,161.4899,161.4899,5100
1473272109,161.4800,161.5500,161.4700,161.5000,5100
1473272165,161.4900,161.5000,161.4800,161.4800,3900
1473272275,161.5100,161.5100,161.4900,161.4900,3300
1473272339,161.5400,161.5400,161.5200,161.5200,2200
1473272340,161.5100,161.5300,161.5100,161.5300,4500
1473272449,161.5200,161.5400,161.5100,161.5100,3300
1473272461,161.5700,161.5700,161.4880,161.5100,5200
1473272521,161.5600,161.5800,161.5500,161.5700,4500
1473272585,161.5400,161.5600,161.5300,161.5600,2500
1473272644,161.5600,161.5600,161.5400,161.5400,2500
1473272703,161.4900,161.5600,161.4800,161.5600,5900
1473272762,161.4500,161.4900,161.4500,161.4900,6100
1473272873,161.4600,161.4799,161.4400,161.4600,4000
1473272881,161.4765,161.4900,161.4600,161.4600,2500
1473272940,161.4600,161.4800,161.4500,161.4800,4700
1473273016,161.4700,161.4700,161.4600,161.4700,2400
1473273079,161.3934,161.4600,161.3900,161.4500,8100
1473273121,161.3500,161.4100,161.3500,161.3950,5300
1473273239,161.3600,161.3600,161.3300,161.3400,4600
1473273244,161.4450,161.4500,161.3600,161.3700,11200
1473273301,161.4100,161.4400,161.4000,161.4400,10300
1473273419,161.3400,161.4400,161.3400,161.4200,8100
1473273420,161.3700,161.3900,161.3200,161.3300,5900
1473273487,161.4000,161.4200,161.3601,161.3601,3700
1473273542,161.4000,161.4100,161.3890,161.3900,3500
1473273603,161.4400,161.4600,161.3800,161.3900,4600
1473273666,161.4300,161.4500,161.4200,161.4400,6500
1473273729,161.4300,161.4600,161.4300,161.4500,3500
1473273836,161.4300,161.4400,161.4200,161.4200,2900
1473273843,161.3800,161.4500,161.3800,161.4300,3900
1473273905,161.4200,161.4550,161.3800,161.3900,4400
1473273968,161.4400,161.4400,161.4300,161.4300,1900
1473274022,161.4700,161.4800,161.4350,161.4400,7500
1473274083,161.4800,161.5100,161.4600,161.4700,4300
1473274197,161.5000,161.5200,161.4600,161.4600,5400
1473274200,161.4550,161.5100,161.4550,161.4900,4800
1473274319,161.4900,161.5000,161.4400,161.4400,4400
1473274375,161.4500,161.4900,161.4500,161.4900,4100
1473274380,161.4600,161.4600,161.4200,161.4500,5400
1473274446,161.4500,161.4700,161.4350,161.4700,2900
1473274559,161.4600,161.4700,161.4400,161.4500,2900
1473274619,161.4400,161.4600,161.4400,161.4600,14100
1473274625,161.4000,161.4450,161.3700,161.4400,6200
1473274687,161.4200,161.4200,161.3900,161.4040,2500
1473274744,161.4000,161.4200,161.3590,161.4200,4200
1473274800,161.4000,161.4325,161.4000,161.4000,10200
1473274914,161.3800,161.4000,161.3800,161.4000,1000
1473274921,161.4250,161.4450,161.4200,161.4300,10200
1473274983,161.4200,161.4600,161.4200,161.4400,5100
1473275040,161.4400,161.4600,161.4300,161.4300,5400
1473275105,161.4600,161.4700,161.4500,161.4500,3400
1473275160,161.4900,161.4900,161.4400,161.4600,4800
1473275278,161.4100,161.4800,161.4100,161.4800,5000
1473275280,161.4300,161.4300,161.3800,161.4000,4800
1473275341,161.4400,161.4400,161.4200,161.4400,4900
1473275459,161.4600,161.4605,161.4400,161.4400,5900
1473275461,161.4500,161.4700,161.4500,161.4600,3100
1473275522,161.4700,161.4800,161.4300,161.4600,5100
1473275581,161.4400,161.4700,161.4400,161.4600,4200
1473275644,161.4150,161.4650,161.4150,161.4500,4300
1473275709,161.4000,161.4300,161.4000,161.4200,4500
1473275818,161.4299,161.4300,161.4071,161.4071,3600
1473275820,161.4600,161.4600,161.4250,161.4250,5700
1473275882,161.4200,161.4600,161.4100,161.4600,9900
1473275999,161.4200,161.4400,161.4150,161.4300,4800
1473276056,161.3900,161.4200,161.3800,161.4200,4800
1473276060,161.4000,161.4000,161.3900,161.3900,4200
1473276174,161.3700,161.4200,161.3600,161.3900,7700
1473276184,161.4150,161.4200,161.3700,161.3700,3900
1473276240,161.4310,161.4500,161.4100,161.4200,6300
1473276356,161.3800,161.4300,161.3800,161.4250,5800
1473276419,161.4200,161.4200,161.3850,161.3900,4000
1473276424,161.4000,161.4200,161.4000,161.4150,5800
1473276539,161.4200,161.4200,161.4000,161.4100,5300
1473276540,161.3800,161.4200,161.3800,161.4146,7900
1473276600,161.3900,161.4000,161.3800,161.3890,5200
1473276718,161.3500,161.3800,161.2900,161.3800,12200
1473276722,161.4100,161.4100,161.3500,161.3500,13100
1473276838,161.4050,161.4200,161.3850,161.4100,7200
1473276899,161.4068,161.4200,161.4000,161.4100,3200
1473276955,161.4000,161.4200,161.3850,161.4000,6800
1473276962,161.4200,161.4200,161.4000,161.4000,7800
1473277079,161.4250,161.4250,161.4100,161.4200,8200
1473277133,161.3900,161.4400,161.3900,161.4150,13200
1473277140,161.4000,161.4100,161.3700,161.3700,9100
1473277259,161.4200,161.4200,161.3800,161.3999,8600
1473277260,161.4300,161.4400,161.4100,161.4100,7800
1473277375,161.4800,161.4800,161.4200,161.4300,19700
1473277380,161.4740,161.5000,161.4600,161.4900,17900
1473277499,161.4850,161.5100,161.4700,161.4700,13700
1473277500,161.5400,161.5400,161.4700,161.4800,12400
1473277562,161.5100,161.5300,161.4800,161.5100,16900
1473277621,161.5300,161.5300,161.4700,161.5100,13700
1473277680,161.5000,161.5300,161.4800,161.5300,18700
1473277799,161.6000,161.6000,161.5000,161.5000,21200
1473277859,161.4800,161.6000,161.4800,161.6000,12900
1473277860,161.5100,161.5200,161.4500,161.4900,18600
1473277978,161.5500,161.5500,161.5100,161.5200,11800
1473277980,161.5900,161.5900,161.5400,161.5400,13800
1473278095,161.6100,161.6300,161.5700,161.5900,20700
1473278103,161.6000,161.6200,161.5700,161.5900,21700
1473278214,161.5400,161.5900,161.5400,161.5800,16800
1473278223,161.4900,161.5700,161.4900,161.5450,24800
1473278281,161.5000,161.5100,161.4800,161.4910,22200
1473278399,161.5900,161.6100,161.4700,161.4900,59600
1473278400,161.5900,161.5900,161.5900,161.5900,200
