uri:/instrument/1.0/SPB/chartdata;type=quote;range=1d/csv
ticker:spb
Company-Name:Spectrum Brands Holdings, Inc. 
Exchange-Name:NYQ
unit:MIN
timezone:EDT
currency:USD
gmtoffset:-14400
previous_close:132.8500
Timestamp:1472650200,1472673600
labels:1472652000,1472655600,1472659200,1472662800,1472666400,1472670000,1472673600
values:Timestamp,close,high,low,open,volume
close:132.8600,134.2600
high:132.9600,134.2899
low:132.8500,134.2250
open:132.9600,134.2500
volume:100,55200
1472650768,132.8600,132.9600,132.8500,132.9600,1800
1472650903,133.0500,133.0500,133.0500,133.0500,200
1472650964,133.1200,133.1500,133.0100,133.0100,700
1472651026,133.0850,133.0850,133.0850,133.0850,300
1472651085,133.1300,133.1300,133.1300,133.1300,100
1472651153,133.1000,133.2900,133.0750,133.0750,700
1472651169,133.1200,133.1200,133.1200,133.1200,100
1472651276,133.0800,133.1000,133.0800,133.0900,800
1472651322,133.1100,133.1100,133.1000,133.1000,200
1472651383,133.1700,133.1700,133.1700,133.1700,200
1472651442,133.1500,133.1500,133.1500,133.1500,100
1472651507,133.1700,133.1700,133.1700,133.1700,100
1472651573,133.1900,133.1900,133.1800,133.1800,200
1472651623,133.2200,133.2200,133.2200,133.2200,200
1472651692,133.2700,133.2700,133.2700,133.2700,100
1472651754,133.4700,133.4700,133.3700,133.3700,400
1472651798,133.4000,133.4000,133.4000,133.4000,400
1472651831,133.4800,133.4800,133.4800,133.4800,600
1472651996,133.5700,133.5700,133.5400,133.5400,300
1472652027,133.5400,133.5400,133.4850,133.4850,800
1472652080,133.6100,133.6100,133.5500,133.5500,1100
1472652314,133.5700,133.6600,133.4800,133.5600,3100
1472652520,133.5000,133.5400,133.5000,133.5400,700
1472652557,133.4900,133.4900,133.4500,133.4800,900
1472652717,133.7200,133.7500,133.7200,133.7200,700
1472652871,133.5400,133.5400,133.5400,133.5400,900
1472653112,133.4700,133.4700,133.4700,133.4700,300
1472653309,133.4100,133.5200,133.4100,133.5200,600
1472653331,133.5500,133.5500,133.4900,133.5100,1700
1472653496,133.5500,133.5500,133.5500,133.5500,200
1472653558,133.5500,133.7400,133.5500,133.5500,2400
1472653613,133.5500,133.7300,133.5400,133.5500,2500
1472653676,133.6500,133.6600,133.6400,133.6600,700
1472653750,133.7600,133.7600,133.7300,133.7300,200
1472653815,133.7100,133.7100,133.5950,133.6800,2100
1472653977,133.7500,133.8000,133.7500,133.8000,1200
1472654093,133.6400,133.6400,133.6400,133.6400,1000
1472654127,133.7000,133.7000,133.6800,133.6800,1100
1472654219,133.7000,133.7000,133.6200,133.6200,200
1472654459,133.7000,133.7000,133.7000,133.7000,1100
1472654722,133.6850,133.6850,133.6850,133.6850,100
1472654793,133.6300,133.6500,133.6300,133.6500,600
1472654828,133.6300,133.6300,133.6300,133.6300,100
1472654880,133.5500,133.6300,133.5200,133.6300,2500
1472655033,133.6100,133.6100,133.6100,133.6100,100
1472655210,133.5500,133.5500,133.5400,133.5400,800
1472655247,133.6000,133.6000,133.6000,133.6000,600
1472655367,133.5900,133.6100,133.5900,133.6100,600
1472655496,133.4900,133.4900,133.4900,133.4900,100
1472655603,133.5400,133.5400,133.4800,133.4800,200
1472655710,133.6200,133.6200,133.6000,133.6000,900
1472655741,133.6000,133.6300,133.5400,133.6300,2100
1472656002,133.5900,133.5900,133.4800,133.4800,700
1472656026,133.5250,133.5250,133.5250,133.5250,100
1472656127,133.5050,133.5550,133.5050,133.5550,1000
1472656152,133.6450,133.6450,133.5000,133.5000,400
1472656228,133.5000,133.5300,133.5000,133.5300,300
1472656420,133.5650,133.5700,133.5200,133.5600,1400
1472656479,133.5200,133.5700,133.5200,133.5700,200
1472656542,133.5400,133.5400,133.5400,133.5400,100
1472656603,133.5950,133.5950,133.5900,133.5900,500
1472656631,133.6050,133.6050,133.5700,133.5700,700
1472656723,133.6250,133.6250,133.6150,133.6150,500
1472656749,133.6250,133.6600,133.6250,133.6600,300
1472656814,133.7150,133.7150,133.6250,133.6250,1600
1472656918,133.7500,133.7500,133.7050,133.7050,500
1472656963,133.6750,133.7200,133.6500,133.6600,1100
1472656990,133.6750,133.6900,133.6700,133.6900,500
1472657085,133.6850,133.6850,133.6850,133.6850,100
1472657154,133.7900,133.7900,133.6510,133.6510,2100
1472657212,133.7500,133.8100,133.7400,133.7400,500
1472657228,133.8600,133.8600,133.8100,133.8100,1000
1472657393,133.8800,133.8800,133.8100,133.8100,500
1472657408,133.8200,133.8800,133.8200,133.8800,1200
1472657497,133.9000,133.9000,133.9000,133.9000,100
1472657532,133.8950,133.8950,133.8950,133.8950,200
1472657589,133.8500,133.9000,133.8500,133.8600,1900
1472657675,133.8200,133.8200,133.8200,133.8200,100
1472657725,133.7800,133.7800,133.7800,133.7800,1300
1472657818,133.8100,133.8200,133.8100,133.8200,200
1472657830,134.0100,134.0100,133.7600,133.7600,1200
1472657917,134.0600,134.0600,133.9200,133.9200,300
1472657970,134.0800,134.0800,134.0800,134.0800,400
1472658026,134.1900,134.1900,134.1200,134.1200,300
1472658075,134.1400,134.1400,134.0600,134.0600,500
1472658163,134.1500,134.1500,134.1500,134.1500,300
1472658476,134.1200,134.1200,134.1200,134.1200,200
1472658536,134.1200,134.1650,134.1200,134.1650,1700
1472658554,134.1500,134.1600,134.1500,134.1600,400
1472658614,134.1400,134.1400,134.0600,134.1100,1600
1472658719,134.1100,134.1100,134.1100,134.1100,100
1472658744,134.1686,134.1686,134.1225,134.1500,900
1472658804,134.1450,134.1450,134.1450,134.1450,100
1472658895,134.1600,134.1800,134.1200,134.1450,1600
1472658957,133.9400,134.2100,133.9400,134.2100,6100
1472658966,133.9650,133.9650,133.8500,133.8900,400
1472659080,133.8800,133.9100,133.8800,133.9100,400
1472659188,133.9100,133.9100,133.9100,133.9100,200
1472659238,133.9450,133.9450,133.8500,133.8600,500
1472659388,133.7900,133.7900,133.7600,133.7600,1300
1472659654,133.8300,133.8300,133.7800,133.7800,1400
1472659717,133.8300,133.8300,133.8300,133.8300,800
1472659794,133.7500,133.8000,133.7500,133.8000,4900
1472659841,133.7500,133.7500,133.7500,133.7500,400
1472659922,133.7500,133.7500,133.7500,133.7500,200
1472660005,133.6900,133.7800,133.6900,133.7300,800
1472660093,133.6400,133.6500,133.6000,133.6500,1100
1472660220,133.5850,133.5850,133.5850,133.5850,100
1472660314,133.5950,133.5950,133.5950,133.5950,200
1472660413,133.6000,133.6050,133.6000,133.6050,300
1472660519,133.6100,133.6100,133.6000,133.6000,200
1472660561,133.6100,133.6100,133.6100,133.6100,100
1472660628,133.6000,133.6150,133.6000,133.6150,400
1472660725,133.6350,133.6350,133.6000,133.6000,1400
1472660984,133.6400,133.6400,133.6400,133.6400,300
1472661060,133.6800,133.6800,133.6000,133.6400,2000
1472661218,133.6200,133.6400,133.6200,133.6400,600
1472661293,133.6700,133.6800,133.6700,133.6800,200
1472661314,133.7800,133.7800,133.6800,133.7000,1100
1472661382,133.7100,133.7100,133.7100,133.7100,100
1472661451,133.6900,133.7100,133.6900,133.7100,1500
1472661586,133.7000,133.7000,133.7000,133.7000,100
1472661675,133.6900,133.6900,133.6900,133.6900,100
1472661763,133.6800,133.6800,133.6800,133.6800,400
1472661818,133.6600,133.6900,133.6600,133.6900,300
1472661889,133.6400,133.6400,133.6400,133.6400,700
1472662011,133.7200,133.7200,133.7200,133.7200,400
1472662027,133.6800,133.6800,133.6800,133.6800,100
1472662135,133.7600,133.7600,133.6900,133.6900,400
1472662238,133.7700,133.7700,133.7700,133.7700,100
1472662348,133.7250,133.7600,133.7250,133.7600,200
1472662387,133.6700,133.6700,133.6700,133.6700,100
1472662494,133.6400,133.6700,133.6400,133.6700,800
1472662576,133.6500,133.6500,133.6500,133.6500,200
1472662718,133.6700,133.6700,133.6700,133.6700,200
1472662839,133.7500,133.7500,133.7500,133.7500,100
1472662966,133.7600,133.7600,133.7600,133.7600,100
1472662989,133.6600,133.7500,133.6600,133.7500,300
1472663083,133.6500,133.6500,133.6300,133.6500,900
1472663169,133.6800,133.7200,133.6800,133.7200,400
1472663252,133.6500,133.6500,133.6500,133.6500,100
1472663299,133.6300,133.6300,133.6300,133.6300,300
1472663443,133.7000,133.7100,133.7000,133.7100,200
1472663483,133.6500,133.6800,133.6500,133.6800,200
1472663576,133.6500,133.6500,133.6200,133.6500,800
1472663629,133.6350,133.6450,133.6200,133.6200,1300
1472663643,133.6350,133.6350,133.6350,133.6350,200
1472663762,133.6150,133.6300,133.6150,133.6300,1300
1472663864,133.5800,133.5800,133.5800,133.5800,100
1472663926,133.6050,133.6050,133.6050,133.6050,100
1472663943,133.6300,133.6300,133.5800,133.5800,800
1472664006,133.6500,133.6800,133.6300,133.6500,1200
1472664067,133.6300,133.6350,133.6200,133.6200,500
1472664121,133.6200,133.6400,133.6100,133.6400,800
1472664247,133.6100,133.6100,133.6100,133.6100,400
1472664363,133.6400,133.6400,133.6100,133.6100,200
1472664482,133.6200,133.6800,133.6200,133.6600,300
1472664589,133.6500,133.6500,133.6500,133.6500,100
1472664603,133.6800,133.6800,133.6800,133.6800,600
1472664717,133.6300,133.6500,133.6200,133.6500,1800
1472664760,133.6300,133.6300,133.6300,133.6300,900
1472664838,133.6200,133.6600,133.6200,133.6400,2300
1472664843,133.6500,133.6500,133.6500,133.6500,1100
1472664903,133.6700,133.6700,133.6700,133.6700,200
1472665126,133.6200,133.6200,133.6200,133.6200,100
1472665235,133.7000,133.7000,133.6100,133.6100,200
1472665267,133.7000,133.7000,133.7000,133.7000,400
1472665321,133.8000,133.8000,133.7800,133.7800,1700
1472665489,133.7700,133.7700,133.7700,133.7700,100
1472665505,133.8000,133.8000,133.7800,133.7800,200
1472665608,133.8300,133.8300,133.8300,133.8300,300
1472665731,133.8600,133.8600,133.8500,133.8500,500
1472665832,133.9300,133.9300,133.8600,133.8600,400
1472665936,133.9300,133.9300,133.9300,133.9300,100
1472666038,133.8700,133.8700,133.8700,133.8700,400
1472666161,133.8400,133.8400,133.8400,133.8400,100
1472666228,133.9200,133.9200,133.9200,133.9200,400
1472666370,133.8300,133.8400,133.8300,133.8400,500
1472666407,133.8300,133.8300,133.8300,133.8300,300
1472666525,133.9300,133.9300,133.8700,133.8700,1200
1472666737,134.0000,134.0350,133.9900,133.9900,1000
1472666804,134.0000,134.1200,134.0000,134.0000,1400
1472666825,134.0600,134.0600,134.0600,134.0600,300
1472667079,134.0300,134.0400,134.0300,134.0400,200
1472667136,134.1300,134.1400,134.0400,134.1350,500
1472667365,134.1400,134.1400,134.1400,134.1400,400
1472667471,134.0000,134.0700,134.0000,134.0500,3300
1472667528,134.0300,134.0300,134.0300,134.0300,100
1472667589,134.0000,134.0100,134.0000,134.0100,200
1472667654,134.0900,134.0900,134.0100,134.0100,1000
1472667660,134.0900,134.0900,134.0900,134.0900,100
1472667780,133.9500,134.0280,133.9500,134.0200,1200
1472667880,134.0300,134.0300,134.0300,134.0300,100
1472667948,133.9500,133.9500,133.9500,133.9500,100
1472667980,133.9600,133.9600,133.9600,133.9600,400
1472668185,133.9600,133.9600,133.9600,133.9600,100
1472668240,134.0100,134.0100,134.0100,134.0100,300
1472668268,133.9600,133.9600,133.9600,133.9600,300
1472668344,133.9100,134.0100,133.9100,134.0100,1600
1472668392,133.8260,133.9200,133.8260,133.9200,1700
1472668480,133.7900,133.7900,133.7900,133.7900,300
1472668589,133.7700,133.7900,133.7500,133.7900,900
1472668665,133.7300,133.7300,133.7300,133.7300,700
1472668699,133.6700,133.7200,133.6500,133.7000,1300
1472668863,133.6390,133.7000,133.6390,133.6600,2800
1472668920,133.6700,133.6700,133.6700,133.6700,300
1472668988,133.6400,133.6400,133.6400,133.6400,200
1472669065,133.6300,133.6300,133.6300,133.6300,100
1472669138,133.6400,133.6400,133.6400,133.6400,200
1472669195,133.6400,133.6400,133.6300,133.6300,700
1472669275,133.6300,133.6300,133.6100,133.6100,200
1472669283,133.6100,133.6100,133.5800,133.5900,800
1472669368,133.5499,133.5700,133.5200,133.5700,1700
1472669400,133.5100,133.5200,133.5100,133.5200,300
1472669482,133.5300,133.5300,133.5300,133.5300,100
1472669526,133.5100,133.5100,133.5000,133.5000,500
1472669604,133.4900,133.5000,133.4900,133.5000,300
1472669677,133.4900,133.4900,133.4900,133.4900,200
1472669751,133.5400,133.5400,133.4900,133.5000,600
1472669809,133.6100,133.6100,133.5200,133.5200,2400
1472669882,133.5900,133.5900,133.5900,133.5900,100
1472669940,133.5950,133.5950,133.5900,133.5900,300
1472670058,133.6400,133.6400,133.6400,133.6400,100
1472670062,133.6160,133.6200,133.6160,133.6200,400
1472670131,133.6400,133.6400,133.6300,133.6300,1300
1472670189,133.6140,133.6400,133.6140,133.6300,1600
1472670258,133.6300,133.6300,133.6050,133.6300,600
1472670311,133.6350,133.6350,133.6350,133.6350,100
1472670401,133.6650,133.6650,133.6650,133.6650,200
1472670520,133.6400,133.6580,133.6400,133.6580,500
1472670590,133.7700,133.7700,133.6400,133.6400,1700
1472670611,133.8200,133.8200,133.8000,133.8000,300
1472670719,133.8600,133.8900,133.8100,133.8100,1500
1472670721,133.8350,133.8900,133.8200,133.8800,900
1472670797,133.8800,133.8800,133.8800,133.8800,200
1472670844,133.8350,133.8350,133.8350,133.8350,100
1472670933,133.8700,133.8700,133.8500,133.8500,200
1472671018,133.9500,133.9500,133.8700,133.8800,2100
1472671064,133.9600,133.9600,133.9600,133.9600,200
1472671084,133.9100,133.9350,133.8800,133.9100,1900
1472671252,133.9100,133.9100,133.9100,133.9100,100
1472671279,133.9900,133.9900,133.9400,133.9400,300
1472671334,134.0500,134.0500,133.9500,133.9500,1000
1472671406,134.0700,134.0700,133.9900,134.0200,600
1472671485,134.0200,134.0600,134.0200,134.0600,200
1472671555,134.0250,134.0250,134.0250,134.0250,100
1472671572,134.0400,134.0400,134.0150,134.0300,500
1472671670,134.0800,134.0800,134.0799,134.0799,300
1472671686,134.0400,134.0799,134.0400,134.0450,400
1472671756,134.0699,134.0699,134.0699,134.0699,200
1472671847,134.0600,134.0600,134.0600,134.0600,100
1472671863,134.0600,134.0600,134.0350,134.0350,400
1472671975,133.9650,134.0500,133.9600,134.0500,4100
1472672027,133.9400,133.9650,133.9400,133.9650,1600
1472672083,133.9800,133.9900,133.9550,133.9900,700
1472672124,134.0300,134.0800,134.0300,134.0800,1100
1472672215,134.0500,134.0800,134.0500,134.0560,900
1472672222,134.0850,134.0850,134.0800,134.0800,400
1472672335,134.1100,134.1100,134.0800,134.0800,800
1472672368,134.1300,134.1400,134.0900,134.0900,800
1472672444,134.1600,134.1600,134.1599,134.1599,600
1472672460,134.2600,134.2600,134.1800,134.1800,900
1472672545,134.2600,134.2600,134.2250,134.2250,300
1472672585,134.2100,134.2899,134.1900,134.2500,2000
1472672675,134.2300,134.2400,134.1950,134.1950,4700
1472672705,134.0700,134.2300,134.0700,134.1700,1800
1472672764,134.0600,134.0650,134.0200,134.0600,2300
1472672841,134.0100,134.0100,133.9500,134.0000,1500
1472672917,133.9600,133.9600,133.9600,133.9600,500
1472672949,134.0200,134.0200,133.9900,133.9900,400
1472673034,134.0350,134.0400,134.0100,134.0100,2200
1472673083,134.0500,134.0700,134.0400,134.0400,1000
1472673157,134.0750,134.0800,134.0550,134.0550,900
1472673205,134.0100,134.0400,134.0100,134.0300,4300
1472673280,134.0000,134.0300,134.0000,134.0300,300
1472673354,133.9600,133.9600,133.9000,133.9300,9400
1472673368,134.0200,134.0200,133.9400,133.9600,6000
1472673477,134.1300,134.1400,133.9900,134.0200,5400
1472673494,134.1400,134.1600,134.1150,134.1300,20500
1472673597,134.1800,134.2300,134.1000,134.2100,9500
1472673600,134.2000,134.2000,134.2000,134.2000,55200
