uri:/instrument/1.0/MCD/chartdata;type=quote;range=1d/csv
ticker:mcd
Company-Name:McDonald's Corporation Common S
Exchange-Name:NYQ
unit:MIN
timezone:EDT
currency:USD
gmtoffset:-14400
previous_close:115.1800
Timestamp:1473946200,1473969600
labels:1473948000,1473951600,1473955200,1473958800,1473962400,1473966000,1473969600
values:Timestamp,close,high,low,open,volume
close:114.8100,116.2300
high:114.9128,116.2300
low:114.8100,116.2100
open:114.8770,116.2299
volume:1000,305200
1473946224,114.8700,114.9128,114.8700,114.9128,107900
1473946311,115.1700,115.1700,115.1700,115.1700,6800
1473946377,114.8100,115.2000,114.8100,115.2000,14000
1473946406,115.0100,115.0100,114.8770,114.8770,11400
1473946441,115.2900,115.3550,115.0500,115.0900,16700
1473946558,115.4500,115.4500,115.2900,115.2900,13400
1473946560,115.3700,115.4700,115.2500,115.3900,27100
1473946628,115.1640,115.3200,115.1500,115.3200,14800
1473946738,115.2000,115.2200,114.9700,115.1800,18100
1473946742,115.2300,115.2500,115.1800,115.2300,18000
1473946854,115.2000,115.2200,115.1700,115.2200,2800
1473946863,115.2800,115.2800,115.1900,115.1900,6600
1473946928,115.4700,115.4700,115.3000,115.3000,22600
1473946985,115.4300,115.4600,115.3800,115.4100,13900
1473947065,115.3900,115.4000,115.3700,115.3899,4200
1473947152,115.3064,115.4900,115.3064,115.4100,16100
1473947215,115.2600,115.3400,115.2500,115.2700,11800
1473947279,115.2700,115.3100,115.2000,115.2200,5200
1473947282,115.4300,115.4300,115.2800,115.2800,5400
1473947349,115.3600,115.4300,115.3300,115.4200,13400
1473947400,115.2230,115.3600,115.1900,115.3600,11100
1473947460,115.3100,115.3200,115.1900,115.2350,12100
1473947522,115.3200,115.3300,115.2370,115.2800,15100
1473947637,115.2600,115.3500,115.2400,115.3400,4900
1473947699,115.3400,115.3400,115.2800,115.2800,7300
1473947700,115.3400,115.3800,115.3100,115.3500,8700
1473947818,115.3400,115.4100,115.3300,115.3500,8500
1473947821,115.2400,115.3700,115.2400,115.3400,8500
1473947885,115.1600,115.2400,115.1600,115.2400,16200
1473947999,115.1300,115.1500,115.0700,115.1400,7100
1473948003,115.0800,115.1600,115.0700,115.1100,10000
1473948060,115.0900,115.1300,115.0700,115.0700,8500
1473948124,115.0500,115.0900,115.0400,115.0800,11300
1473948180,115.1700,115.1900,115.0600,115.0600,12400
1473948242,115.1700,115.1800,115.1300,115.1800,7400
1473948309,115.2600,115.2600,115.1700,115.1800,8400
1473948364,115.2500,115.2500,115.2000,115.2500,3000
1473948427,115.2800,115.3000,115.2300,115.2400,8300
1473948488,115.3000,115.3300,115.2900,115.3000,12600
1473948550,115.3300,115.3600,115.3000,115.3000,6900
1473948658,115.3300,115.3600,115.3300,115.3400,9000
1473948663,115.3935,115.4400,115.3400,115.3400,11200
1473948733,115.3600,115.4200,115.3600,115.3836,8700
1473948786,115.3000,115.3800,115.3000,115.3800,5800
1473948840,115.3300,115.3500,115.2900,115.2900,4700
1473948900,115.4380,115.4700,115.3300,115.3300,11000
1473948962,115.4700,115.4900,115.4400,115.4500,9600
1473949079,115.4200,115.4800,115.4200,115.4700,11000
1473949081,115.4240,115.4240,115.3800,115.4100,9000
1473949145,115.4800,115.4900,115.4000,115.4100,8100
1473949203,115.4000,115.5450,115.4000,115.4800,8700
1473949319,115.4500,115.4800,115.4200,115.4200,5300
1473949322,115.4500,115.4840,115.4500,115.4600,4900
1473949393,115.4600,115.4900,115.4400,115.4500,8200
1473949441,115.4500,115.4700,115.4300,115.4500,7900
1473949505,115.4400,115.5000,115.4400,115.4600,7400
1473949617,115.4300,115.4600,115.4202,115.4600,8800
1473949620,115.4900,115.5199,115.4100,115.4300,19700
1473949681,115.5000,115.5400,115.5000,115.5000,8200
1473949799,115.4700,115.5100,115.4600,115.5100,10000
1473949800,115.4900,115.5200,115.4700,115.4700,12800
1473949862,115.4800,115.5140,115.4600,115.5140,6700
1473949923,115.5100,115.5400,115.4700,115.5100,6500
1473949984,115.5700,115.5700,115.5200,115.5200,8400
1473950093,115.5750,115.5800,115.5600,115.5700,12400
1473950100,115.5400,115.5800,115.5300,115.5700,12600
1473950160,115.5300,115.5400,115.5200,115.5400,10500
1473950279,115.4950,115.5300,115.4910,115.5300,14400
1473950280,115.4500,115.4900,115.4500,115.4900,13500
1473950346,115.4800,115.4900,115.4375,115.4600,14100
1473950459,115.4100,115.4900,115.4100,115.4900,14000
1473950516,115.2800,115.3700,115.2800,115.3700,9900
1473950521,115.3200,115.3250,115.2700,115.2900,10300
1473950582,115.3300,115.3300,115.2900,115.3100,10000
1473950656,115.3400,115.3600,115.3050,115.3500,6600
1473950759,115.4850,115.4850,115.3000,115.3200,14000
1473950817,115.4500,115.4800,115.4200,115.4800,8500
1473950878,115.4500,115.4550,115.4100,115.4500,4700
1473950938,115.4700,115.4800,115.4500,115.4600,8100
1473950941,115.5000,115.5100,115.4500,115.4600,12800
1473951008,115.5600,115.6000,115.5100,115.5100,9600
1473951119,115.5950,115.6138,115.5300,115.5600,9000
1473951120,115.5900,115.6300,115.5900,115.5900,9000
1473951186,115.6100,115.6130,115.5900,115.5900,3500
1473951246,115.6566,115.6566,115.6200,115.6200,8200
1473951309,115.6600,115.6800,115.6550,115.6600,6100
1473951363,115.6700,115.6850,115.6550,115.6800,5300
1473951423,115.6800,115.6900,115.6700,115.6800,5400
1473951480,115.6600,115.7000,115.6500,115.6865,5300
1473951542,115.6500,115.6800,115.6400,115.6400,8200
1473951659,115.7600,115.7600,115.6800,115.6800,18900
1473951660,115.7500,115.7600,115.7200,115.7400,7500
1473951773,115.7200,115.7300,115.7100,115.7300,8300
1473951783,115.7000,115.7550,115.7000,115.7400,5200
1473951847,115.6700,115.7100,115.6500,115.7100,7400
1473951957,115.6700,115.6800,115.6500,115.6700,4300
1473952016,115.6700,115.6900,115.6200,115.6900,16400
1473952021,115.6865,115.7000,115.6700,115.6700,6100
1473952139,115.7500,115.7600,115.6700,115.6800,17000
1473952145,115.7100,115.7599,115.7100,115.7500,5300
1473952200,115.7300,115.7500,115.7200,115.7200,7500
1473952315,115.7600,115.7700,115.7300,115.7300,6500
1473952379,115.7300,115.7800,115.7300,115.7700,4100
1473952380,115.7400,115.7428,115.7100,115.7200,6000
1473952464,115.7300,115.7400,115.7300,115.7400,3600
1473952500,115.7900,115.7900,115.7300,115.7300,7800
1473952560,115.7800,115.7900,115.7800,115.7900,5500
1473952627,115.8000,115.8000,115.7800,115.7800,4300
1473952681,115.8100,115.8150,115.7900,115.7900,9300
1473952748,115.8000,115.8400,115.7800,115.8200,11500
1473952802,115.7500,115.7800,115.7200,115.7800,5400
1473952867,115.7700,115.7700,115.7500,115.7500,4400
1473952920,115.7450,115.7800,115.7400,115.7700,4900
1473952987,115.8000,115.8100,115.7500,115.7600,9200
1473953040,115.7800,115.8200,115.7800,115.8100,4800
1473953102,115.8400,115.8400,115.7850,115.7900,9200
1473953163,115.8600,115.8900,115.8500,115.8500,9600
1473953221,115.9000,115.9000,115.8500,115.8600,7000
1473953286,115.9200,115.9200,115.8800,115.9000,13600
1473953394,115.9300,115.9300,115.9100,115.9200,9400
1473953401,116.0300,116.0300,115.9100,115.9200,31100
1473953465,115.9000,116.0200,115.9000,116.0200,8100
1473953521,115.9400,115.9700,115.9000,115.9000,7600
1473953639,115.9700,115.9800,115.9100,115.9100,5300
1473953645,115.9400,115.9800,115.9400,115.9700,4500
1473953703,115.9500,115.9600,115.9200,115.9300,9400
1473953819,115.9400,115.9450,115.9100,115.9450,4800
1473953823,115.9300,115.9500,115.9200,115.9300,5800
1473953880,115.9400,115.9402,115.9200,115.9200,6400
1473953950,115.9600,115.9600,115.9400,115.9400,5400
1473954059,115.9200,115.9800,115.9200,115.9700,10600
1473954068,115.8600,115.9200,115.8600,115.9200,9300
1473954122,115.8400,115.9000,115.8400,115.8900,3900
1473954187,115.8600,115.8700,115.8300,115.8400,4500
1473954296,115.8800,115.8800,115.8500,115.8700,5300
1473954358,115.8800,115.8904,115.8799,115.8799,4200
1473954362,115.8800,115.9151,115.8700,115.8800,7300
1473954471,115.8636,115.8900,115.8636,115.8700,8500
1473954482,115.8200,115.8600,115.8150,115.8600,5000
1473954545,115.8400,115.8600,115.8300,115.8300,5600
1473954600,115.7900,115.8400,115.7700,115.8400,12500
1473954665,115.7900,115.8000,115.7600,115.8000,6300
1473954722,115.7600,115.7900,115.7400,115.7800,7900
1473954780,115.7600,115.7700,115.7500,115.7600,10300
1473954845,115.7550,115.7700,115.7400,115.7700,3400
1473954904,115.7300,115.7600,115.7300,115.7600,4000
1473954965,115.7200,115.7520,115.7200,115.7200,3500
1473955026,115.7000,115.7300,115.7000,115.7200,6000
1473955082,115.6800,115.6900,115.6599,115.6700,3200
1473955144,115.6699,115.6900,115.6400,115.6700,5900
1473955200,115.7200,115.7200,115.6700,115.6700,6100
1473955261,115.7532,115.7532,115.7000,115.7200,3500
1473955326,115.7300,115.7550,115.7200,115.7550,4000
1473955387,115.7300,115.7500,115.7300,115.7400,1400
1473955453,115.7800,115.7800,115.7300,115.7350,6400
1473955504,115.7600,115.7800,115.7600,115.7700,4200
1473955619,115.8400,115.8400,115.7700,115.7700,5200
1473955622,115.7800,115.8500,115.7800,115.8400,6300
1473955681,115.7500,115.7820,115.7500,115.7700,6700
1473955742,115.7250,115.7500,115.7200,115.7400,4500
1473955859,115.7300,115.7600,115.7100,115.7300,9200
1473955863,115.7500,115.7700,115.7200,115.7200,5100
1473955923,115.7700,115.7800,115.7500,115.7500,1900
1473955981,115.7500,115.7600,115.7400,115.7600,5000
1473956044,115.7250,115.7400,115.7000,115.7400,6300
1473956102,115.7250,115.7300,115.6800,115.7300,7100
1473956161,115.7207,115.7300,115.7000,115.7250,6300
1473956225,115.7800,115.7800,115.7200,115.7300,5800
1473956284,115.7800,115.7850,115.7550,115.7800,4500
1473956346,115.7600,115.7800,115.7600,115.7600,2000
1473956457,115.7900,115.7900,115.7500,115.7648,5300
1473956516,115.8300,115.8320,115.7900,115.8000,4000
1473956573,115.8000,115.8200,115.7900,115.8200,4200
1473956580,115.8300,115.8450,115.8050,115.8100,6800
1473956699,115.7800,115.8200,115.7800,115.8200,6100
1473956701,115.7500,115.7800,115.7400,115.7800,4500
1473956816,115.7300,115.7400,115.7200,115.7400,2800
1473956874,115.7200,115.7300,115.7100,115.7200,4200
1473956880,115.7200,115.7200,115.7100,115.7200,2200
1473956945,115.7000,115.7200,115.6900,115.7100,9600
1473957057,115.7000,115.7200,115.7000,115.7200,5200
1473957062,115.7400,115.7400,115.7000,115.7000,6400
1473957179,115.7300,115.7400,115.7000,115.7300,5000
1473957237,115.6900,115.7300,115.6900,115.7300,1100
1473957241,115.6600,115.6860,115.6600,115.6800,3400
1473957301,115.6400,115.6600,115.6300,115.6600,6000
1473957360,115.6500,115.6500,115.6300,115.6400,5000
1473957423,115.5800,115.6500,115.5800,115.6500,7800
1473957496,115.5800,115.5800,115.5550,115.5700,3800
1473957540,115.5700,115.5800,115.5400,115.5800,6200
1473957606,115.5800,115.5900,115.5520,115.5520,3500
1473957666,115.5650,115.5800,115.5500,115.5700,5100
1473957730,115.6000,115.6050,115.5800,115.5800,4500
1473957787,115.5800,115.6100,115.5800,115.5900,5400
1473957843,115.6150,115.6150,115.5700,115.5800,4100
1473957958,115.6600,115.6700,115.6200,115.6200,5300
1473957960,115.6400,115.6900,115.6300,115.6700,4000
1473958026,115.6300,115.6500,115.6200,115.6400,4800
1473958080,115.6500,115.6500,115.6300,115.6399,2800
1473958199,115.6000,115.6500,115.6000,115.6500,4400
1473958205,115.6600,115.6600,115.5900,115.6000,7100
1473958279,115.6824,115.6900,115.6600,115.6600,3900
1473958374,115.6500,115.6750,115.6450,115.6700,5100
1473958430,115.6400,115.6700,115.6400,115.6550,4700
1473958440,115.6600,115.6700,115.6400,115.6400,3100
1473958502,115.6500,115.6850,115.6500,115.6700,5900
1473958619,115.6300,115.6554,115.6300,115.6554,3600
1473958621,115.6100,115.6600,115.6000,115.6300,7000
1473958680,115.6500,115.6500,115.6020,115.6100,4200
1473958793,115.6200,115.6550,115.6200,115.6500,3400
1473958801,115.6500,115.6600,115.6400,115.6400,6100
1473958916,115.7027,115.7250,115.6800,115.6800,7200
1473958920,115.7200,115.7400,115.6900,115.7000,5800
1473958982,115.7000,115.7400,115.7000,115.7134,5100
1473959043,115.7100,115.7300,115.6800,115.7300,6500
1473959157,115.6800,115.6901,115.6600,115.6901,6200
1473959216,115.6800,115.7000,115.6600,115.6700,3800
1473959220,115.6600,115.6800,115.6500,115.6800,4400
1473959337,115.6300,115.6500,115.6300,115.6500,5300
1473959399,115.6300,115.6400,115.6000,115.6400,5700
1473959401,115.6300,115.6500,115.6300,115.6300,4600
1473959518,115.5900,115.6200,115.5700,115.6100,9800
1473959576,115.6000,115.6000,115.5700,115.5900,3600
1473959583,115.6200,115.6200,115.5900,115.6000,3700
1473959699,115.6100,115.6300,115.6000,115.6300,5200
1473959704,115.6147,115.6300,115.6000,115.6180,4400
1473959778,115.6600,115.6650,115.6100,115.6200,4300
1473959821,115.6500,115.6500,115.5900,115.6500,5500
1473959884,115.7200,115.7400,115.6600,115.6600,8100
1473959942,115.7700,115.7700,115.7200,115.7300,3600
1473960057,115.7300,115.7700,115.7200,115.7600,7800
1473960063,115.7400,115.7500,115.7200,115.7300,1800
1473960178,115.7400,115.7400,115.7100,115.7400,2700
1473960180,115.7600,115.7600,115.7301,115.7301,3400
1473960242,115.7900,115.8100,115.7598,115.7598,5500
1473960303,115.7300,115.7900,115.7300,115.7900,4900
1473960364,115.7560,115.7600,115.7100,115.7300,7300
1473960426,115.7300,115.7700,115.7300,115.7500,9000
1473960480,115.6600,115.7200,115.6300,115.7200,8000
1473960541,115.6500,115.6700,115.6123,115.6700,6400
1473960653,115.6400,115.6700,115.6400,115.6650,5600
1473960662,115.7100,115.7100,115.6400,115.6400,5700
1473960779,115.7300,115.7300,115.7000,115.7100,2700
1473960787,115.7100,115.7300,115.7000,115.7200,5200
1473960898,115.7600,115.7600,115.7000,115.7100,2700
1473960900,115.7600,115.7800,115.7200,115.7700,6900
1473960969,115.7000,115.7500,115.7000,115.7450,3400
1473961020,115.7400,115.7400,115.6900,115.6950,2600
1473961085,115.7500,115.7500,115.7400,115.7500,4800
1473961144,115.7550,115.7600,115.7500,115.7600,7100
1473961201,115.7800,115.7800,115.7500,115.7500,3900
1473961319,115.7954,115.8300,115.7954,115.8000,6700
1473961321,115.7800,115.8300,115.7800,115.8000,7100
1473961437,115.8500,115.8700,115.7900,115.7900,10000
1473961441,115.8500,115.8600,115.8300,115.8400,7000
1473961504,115.8700,115.8861,115.8500,115.8500,11800
1473961563,115.8300,115.8700,115.8300,115.8700,4100
1473961623,115.8450,115.8500,115.8100,115.8200,4200
1473961681,115.8600,115.8600,115.8400,115.8400,3100
1473961740,115.8500,115.8600,115.8200,115.8500,3900
1473961854,115.8300,115.8500,115.8300,115.8466,1900
1473961919,115.8200,115.8350,115.8100,115.8300,5300
1473961920,115.7500,115.8150,115.7450,115.8100,11000
1473961990,115.7900,115.7900,115.7600,115.7600,2700
1473962045,115.8400,115.8400,115.7900,115.7900,6600
1473962113,115.8450,115.8500,115.8400,115.8400,1600
1473962163,115.8500,115.8500,115.8200,115.8300,3100
1473962223,115.8400,115.8800,115.8350,115.8500,8000
1473962300,115.8500,115.8500,115.8250,115.8400,3800
1473962342,115.8900,115.8900,115.8700,115.8700,3300
1473962400,115.8600,115.9400,115.8600,115.9000,9400
1473962470,115.8600,115.8600,115.8600,115.8600,3700
1473962520,115.8300,115.8600,115.8300,115.8600,2900
1473962588,115.8400,115.8500,115.8300,115.8300,6000
1473962647,115.9100,115.9100,115.8600,115.8600,3200
1473962718,115.9200,115.9200,115.9100,115.9100,4800
1473962762,115.8700,115.9200,115.8700,115.9200,7900
1473962823,115.8737,115.8900,115.8600,115.8600,3400
1473962890,115.8600,115.8700,115.8500,115.8550,2800
1473962947,115.8800,115.9000,115.8600,115.8650,4000
1473963004,115.8710,115.9000,115.8710,115.8800,4900
1473963064,115.9100,115.9200,115.8900,115.8900,4300
1473963121,115.9000,115.9300,115.9000,115.9200,5600
1473963187,115.9024,115.9100,115.9000,115.9050,1000
1473963247,115.9200,115.9300,115.9100,115.9100,4500
1473963307,115.9600,115.9800,115.9300,115.9300,8400
1473963363,116.0300,116.0300,115.9500,115.9500,8700
1473963479,116.0200,116.0300,116.0100,116.0300,4700
1473963539,116.0200,116.0400,116.0200,116.0200,4800
1473963598,116.0500,116.0600,116.0200,116.0200,9900
1473963600,116.0600,116.0700,116.0400,116.0600,8800
1473963678,116.0400,116.0700,116.0400,116.0700,2500
1473963722,116.0100,116.0600,116.0100,116.0400,6400
1473963781,116.0100,116.0500,116.0100,116.0200,4500
1473963845,116.0200,116.0354,116.0100,116.0100,4900
1473963905,116.0300,116.0300,116.0200,116.0200,3500
1473963961,116.0450,116.0700,116.0300,116.0300,6400
1473964077,116.0100,116.0300,116.0000,116.0300,7400
1473964131,116.0003,116.0100,115.9800,116.0100,7300
1473964199,116.0000,116.0224,116.0000,116.0100,6000
1473964200,116.0000,116.0300,115.9900,116.0000,7800
1473964264,115.9900,115.9900,115.9810,115.9900,1800
1473964322,116.0300,116.0300,115.9850,115.9850,7300
1473964380,116.0300,116.0400,116.0200,116.0265,6200
1473964440,116.0300,116.0400,116.0200,116.0300,3000
1473964500,116.0500,116.0500,116.0200,116.0200,5700
1473964570,116.0150,116.0470,116.0150,116.0400,6600
1473964625,116.0300,116.0400,116.0200,116.0200,5900
1473964681,116.0300,116.0400,116.0200,116.0300,6900
1473964791,116.0599,116.0600,116.0400,116.0400,5200
1473964806,116.0450,116.0550,116.0400,116.0500,5800
1473964865,116.0500,116.0500,116.0400,116.0400,3600
1473964921,116.0800,116.0800,116.0600,116.0600,3700
1473964985,116.0200,116.1000,116.0100,116.0900,11600
1473965099,116.0400,116.0500,116.0100,116.0165,3500
1473965100,116.0550,116.0600,116.0290,116.0350,5800
1473965160,116.0400,116.0600,116.0400,116.0500,6200
1473965225,116.0200,116.0300,116.0000,116.0300,3900
1473965286,116.0300,116.0350,116.0200,116.0200,3600
1473965354,116.0300,116.0500,116.0300,116.0400,3600
1473965413,116.0000,116.0200,115.9900,116.0200,5500
1473965460,115.9900,116.0200,115.9800,116.0000,6500
1473965523,115.9800,116.0000,115.9800,116.0000,4400
1473965580,116.0100,116.0100,115.9700,115.9700,4400
1473965661,116.0300,116.0300,116.0100,116.0100,4100
1473965702,116.0300,116.0500,116.0300,116.0300,6500
1473965764,116.0400,116.0500,116.0300,116.0300,4100
1473965825,116.0300,116.0500,116.0300,116.0500,4400
1473965886,116.0450,116.0450,116.0300,116.0330,5000
1473965953,116.0400,116.0550,116.0300,116.0550,6500
1473966000,116.0400,116.0500,116.0350,116.0400,5100
1473966118,116.0700,116.0761,116.0400,116.0473,8600
1473966120,116.0900,116.1000,116.0700,116.0800,5000
1473966181,116.0850,116.0900,116.0800,116.0900,5300
1473966245,116.1163,116.1200,116.0800,116.0850,12800
1473966302,116.1200,116.1300,116.1100,116.1100,5600
1473966400,116.1200,116.1300,116.1100,116.1250,6700
1473966421,116.0400,116.1100,116.0400,116.1000,10600
1473966492,116.0300,116.0600,116.0200,116.0500,5200
1473966599,115.9950,116.0200,115.9900,116.0200,4400
1473966659,116.0050,116.0200,116.0000,116.0000,9500
1473966718,116.0200,116.0300,116.0100,116.0100,5500
1473966720,116.0400,116.0500,116.0300,116.0300,9900
1473966786,116.0400,116.0500,116.0200,116.0300,6200
1473966899,116.0550,116.0700,116.0500,116.0500,4600
1473966908,116.0100,116.0700,116.0050,116.0550,9000
1473966970,116.0000,116.0300,116.0000,116.0200,7400
1473967032,116.0000,116.0200,115.9750,116.0100,8600
1473967080,115.9600,116.0100,115.9600,116.0000,8900
1473967141,115.9950,115.9950,115.9700,115.9700,7800
1473967203,116.0100,116.0100,115.9900,115.9900,10800
1473967311,116.0300,116.0400,115.9940,116.0000,10400
1473967379,115.9900,116.0300,115.9900,116.0300,5700
1473967381,115.9950,116.0100,115.9800,115.9950,9000
1473967440,115.9900,116.0200,115.9900,115.9965,12900
1473967501,115.9900,115.9950,115.9500,115.9900,12200
1473967560,115.9600,116.0000,115.9600,116.0000,6200
1473967620,115.9900,115.9900,115.9300,115.9601,12000
1473967687,115.9900,116.0100,115.9850,115.9900,10700
1473967747,116.0100,116.0150,115.9900,116.0000,8900
1473967806,116.0050,116.0200,116.0050,116.0100,10500
1473967861,116.0300,116.0300,115.9900,116.0100,14200
1473967920,116.0400,116.0750,116.0190,116.0190,20100
1473968039,116.0700,116.0700,116.0500,116.0600,8500
1473968041,116.0400,116.0800,116.0400,116.0650,8900
1473968109,116.0850,116.0900,116.0600,116.0600,9200
1473968162,116.0850,116.0900,116.0800,116.0810,5200
1473968279,116.1000,116.1100,116.0850,116.0900,13400
1473968284,116.0837,116.0969,116.0750,116.0950,8500
1473968341,116.1500,116.1500,116.0900,116.0900,16600
1473968401,116.1200,116.1600,116.1200,116.1600,11300
1473968463,116.1500,116.1500,116.1250,116.1250,9700
1473968522,116.1900,116.1900,116.1500,116.1600,14700
1473968584,116.1898,116.1950,116.1800,116.1900,10000
1473968640,116.1750,116.2000,116.1700,116.1800,14400
1473968759,116.2300,116.2300,116.1900,116.2000,19000
1473968818,116.1700,116.2300,116.1650,116.2299,16400
1473968878,116.2300,116.2300,116.1700,116.1900,14100
1473968880,116.2200,116.2250,116.2100,116.2200,19300
1473968940,116.1800,116.2200,116.1700,116.2100,22300
1473969001,116.1150,116.1800,116.1100,116.1800,32000
1473969117,116.1050,116.1100,116.1000,116.1100,8200
1473969126,116.0500,116.1050,116.0300,116.1000,33600
1473969187,116.0700,116.0799,116.0550,116.0600,15400
1473969298,116.0400,116.0800,116.0300,116.0750,15200
1473969300,116.0950,116.1000,116.0400,116.0400,26500
1473969360,116.1100,116.1100,116.0900,116.0900,23800
1473969478,116.1600,116.1600,116.1100,116.1100,20400
1473969535,116.1400,116.1500,116.1300,116.1500,31900
1473969541,116.1600,116.1800,116.1350,116.1350,58800
1473969600,116.1400,116.1400,116.1400,116.1400,305200
