uri:/instrument/1.0/AVY/chartdata;type=quote;range=1d/csv
ticker:avy
Company-Name:Avery Dennison Corporation Comm
Exchange-Name:NYQ
unit:MIN
timezone:EDT
currency:USD
gmtoffset:-14400
previous_close:75.3300
Timestamp:1473687000,1473710400
labels:1473688800,1473692400,1473696000,1473699600,1473703200,1473706800,1473710400
values:Timestamp,close,high,low,open,volume
close:74.9600,75.6100
high:74.9600,75.6235
low:74.9600,75.6100
open:74.9600,75.6235
volume:0,22300
1473687000,74.9600,74.9600,74.9600,74.9600,22300
1473687297,75.1900,75.1900,75.0800,75.0800,1300
1473687355,75.1600,75.1600,75.1400,75.1400,2800
1473687366,75.2000,75.2300,75.2000,75.2300,1700
1473687479,75.1200,75.1200,75.1200,75.1200,100
1473687537,75.1500,75.1900,75.1500,75.1800,700
1473687554,75.2700,75.2700,75.1900,75.1900,1100
1473687605,75.3000,75.3000,75.2500,75.2700,1100
1473687703,75.2900,75.2900,75.2900,75.2900,300
1473687739,75.1800,75.1800,75.1750,75.1800,3300
1473687825,75.1300,75.1300,75.1300,75.1300,200
1473687867,75.1050,75.1050,75.1050,75.1050,600
1473687958,75.2400,75.2400,75.1700,75.1700,1400
1473687966,75.2200,75.2500,75.2200,75.2300,800
1473688049,75.1900,75.1900,75.1700,75.1700,700
1473688128,75.1550,75.1550,75.1550,75.1550,100
1473688161,75.0750,75.1300,75.0600,75.1300,1900
1473688247,75.0200,75.0200,75.0200,75.0200,900
1473688292,75.0600,75.0700,75.0100,75.0100,1200
1473688390,75.1600,75.1800,75.1600,75.1800,700
1473688465,75.1900,75.1900,75.1600,75.1600,600
1473688545,75.2000,75.2500,75.2000,75.2500,500
1473688610,75.2300,75.2300,75.2300,75.2300,200
1473688644,75.2700,75.2700,75.2600,75.2600,700
1473688716,75.2300,75.3100,75.2300,75.3100,1800
1473688753,75.1900,75.2100,75.1900,75.2100,500
1473688864,75.3200,75.3200,75.2000,75.2000,2100
1473689007,75.2800,75.3000,75.2800,75.3000,900
1473689044,75.3100,75.3100,75.3100,75.3100,600
1473689107,75.2500,75.2500,75.2500,75.2500,200
1473689212,75.3200,75.3200,75.3200,75.3200,1400
1473689315,75.4100,75.4100,75.4100,75.4100,1200
1473689554,75.4251,75.4251,75.2800,75.2800,1900
1473689636,75.4000,75.4000,75.3668,75.3700,1300
1473689646,75.4000,75.4000,75.4000,75.4000,200
1473689678,75.4400,75.4400,75.4000,75.4000,1700
1473689747,75.4180,75.4180,75.4000,75.4100,500
1473689878,75.3200,75.3800,75.3200,75.3800,700
1473689911,75.3900,75.3900,75.3400,75.3400,2100
1473689961,75.4200,75.4200,75.4200,75.4200,0
1473690031,75.3900,75.4400,75.3900,75.4400,700
1473690089,75.5000,75.5000,75.4300,75.4300,700
1473690149,75.5500,75.5500,75.5300,75.5300,1000
1473690230,75.5500,75.6000,75.5500,75.6000,800
1473690359,75.5700,75.5700,75.5600,75.5600,600
1473690401,75.6100,75.6100,75.6100,75.6100,700
1473690473,75.5602,75.6235,75.5602,75.6235,600
1473690571,75.5400,75.5400,75.5400,75.5400,100
