uri:/instrument/1.0/CMG/chartdata;type=quote;range=1d/csv
ticker:cmg
Company-Name:Chipotle Mexican Grill, Inc. Co
Exchange-Name:NYQ
unit:MIN
timezone:EDT
currency:USD
gmtoffset:-14400
previous_close:426.5500
Timestamp:1473687000,1473710400
labels:1473688800,1473692400,1473696000,1473699600,1473703200,1473706800,1473710400
values:Timestamp,close,high,low,open,volume
close:424.7500,428.7800
high:424.7500,429.2600
low:424.7500,428.4691
open:424.7500,428.7920
volume:0,23400
1473687060,424.7500,424.7500,424.7500,424.7500,23400
1473687125,427.1200,427.1200,426.2200,426.2200,5300
1473687185,427.9600,428.0300,426.9800,426.9800,5100
1473687252,428.2950,429.1100,427.9600,427.9600,12100
1473687322,428.4000,428.4000,427.5800,427.5800,3900
1473687388,428.4691,428.4691,428.4691,428.4691,2200
1473687476,427.4100,427.7268,427.4100,427.5352,500
1473687484,427.6450,427.8800,427.4000,427.4100,5600
1473687544,427.9900,428.2100,427.5000,427.5000,7100
1473687634,427.7650,428.0400,427.5200,428.0400,2200
1473687663,428.5500,428.5500,427.5400,428.0000,9500
1473687726,428.7105,428.8000,428.0400,428.0800,7600
1473687804,428.4500,429.2600,428.2800,428.7920,2200
1473687843,428.7800,429.1850,427.6100,427.6100,2700
1473687902,427.5300,428.5300,427.5300,428.5300,1800
1473687964,427.4400,427.6500,427.4400,427.5600,3600
1473688064,426.7900,426.7900,426.7800,426.7800,400
1473688147,426.1100,426.8700,426.1100,426.8700,1800
1473688205,426.6000,426.6000,425.8300,426.1100,3800
1473688311,426.5750,426.5750,426.5750,426.5750,200
1473688332,426.9300,427.0500,426.5750,426.5750,1100
1473688380,426.1895,426.8923,426.1300,426.8923,3000
1473688461,426.0400,426.2700,426.0400,426.2200,1100
1473688522,426.1160,426.1160,426.1160,426.1160,700
1473688583,426.9900,427.0000,426.5900,426.7600,2300
1473688662,427.0180,427.0180,427.0180,427.0180,700
1473688794,426.9850,427.2400,426.9850,427.2400,1100
1473688800,427.2500,427.2500,426.8200,427.1800,3200
1473688899,427.5000,427.5000,427.5000,427.5000,300
1473688925,427.7500,427.9300,427.7050,427.9300,300
1473689036,427.8000,427.8000,427.4400,427.5700,1900
1473689077,427.3300,427.5000,427.3300,427.5000,1700
1473689139,427.1450,427.2000,427.1450,427.2000,200
1473689186,427.1300,427.2272,427.0000,427.0000,1700
1473689237,427.8400,427.8499,427.1600,427.3800,3400
1473689346,427.3000,427.6960,427.3000,427.5300,3500
1473689425,426.7800,426.8400,426.5100,426.7500,2200
1473689514,426.3560,426.9500,426.2100,426.9500,2900
1473689524,426.6100,426.7000,426.4900,426.4900,2300
1473689616,426.7000,426.8050,426.7000,426.7800,600
1473689667,426.4700,426.4700,426.4700,426.4700,100
1473689734,426.8400,426.8400,426.5500,426.5500,2700
1473689804,426.6000,426.6000,426.5900,426.5900,900
1473689878,426.3200,426.5500,426.3200,426.5500,1700
1473689910,426.3650,426.3650,426.3650,426.3650,100
1473689955,426.7100,426.7100,426.7100,426.7100,0
1473690014,426.8300,426.8300,426.8200,426.8300,900
1473690106,427.1031,427.1031,426.4250,426.4250,1400
1473690167,427.6400,427.6400,427.2100,427.2100,700
1473690359,427.6300,427.6400,427.3900,427.6199,2300
1473690414,427.7165,427.7165,427.4450,427.5800,1400
1473690470,427.6800,428.0300,427.2300,427.7000,4900
1473690538,427.5800,427.9200,427.5800,427.7500,1300
1473690550,427.4500,427.4500,427.4500,427.4500,300
