uri:/instrument/1.0/HSY/chartdata;type=quote;range=1d/csv
ticker:hsy
Company-Name:The Hershey Company Common Stoc
Exchange-Name:NYQ
unit:MIN
timezone:EDT
currency:USD
gmtoffset:-14400
previous_close:96.0100
Timestamp:1474032600,1474056000
labels:1474034400,1474038000,1474041600,1474045200,1474048800,1474052400,1474056000
values:Timestamp,close,high,low,open,volume
close:95.3400,96.5500
high:95.3400,96.6000
low:95.3200,96.4700
open:95.3300,96.5500
volume:100,141400
1474032718,96.0200,96.0200,96.0200,96.0200,141400
1474032732,96.1700,96.1700,96.0900,96.0900,400
1474032789,96.4000,96.4000,96.1800,96.1800,2100
1474032860,96.2000,96.2900,96.0000,96.1900,5300
1474032949,96.1050,96.2000,96.1050,96.2000,900
1474032993,96.1000,96.1000,96.0999,96.0999,1100
1474033056,95.9850,96.0300,95.9100,95.9100,400
1474033081,96.2600,96.2600,95.9950,95.9950,1600
1474033190,96.3100,96.3400,96.2300,96.3150,6900
1474033217,96.2700,96.4900,96.2700,96.4900,5600
1474033268,96.5500,96.5500,96.3400,96.3400,2000
1474033323,96.5400,96.6000,96.4700,96.5500,4200
1474033381,96.2200,96.4500,96.2100,96.4000,1100
1474033497,96.1800,96.1800,96.1367,96.1799,700
1474033559,96.0500,96.1900,96.0500,96.1900,6400
1474033596,96.0600,96.0900,96.0300,96.0300,500
1474033625,95.8700,96.0400,95.8700,96.0000,800
1474033724,95.8800,95.8800,95.8300,95.8600,600
1474033747,95.9200,95.9200,95.7600,95.8200,3300
1474033910,95.7700,95.8300,95.7700,95.8300,700
1474033944,95.7100,95.7500,95.7100,95.7500,400
1474034005,95.8300,95.8300,95.7300,95.7600,2200
1474034058,95.7600,95.7600,95.6500,95.7000,5100
1474034157,95.8600,95.8600,95.7000,95.8000,11400
1474034218,95.8600,95.8800,95.8000,95.8800,4400
1474034221,95.8600,95.8900,95.8600,95.8700,7700
1474034338,95.8900,95.8900,95.8500,95.8500,4600
1474034345,95.8400,95.9000,95.8100,95.9000,3800
1474034455,95.8400,95.8400,95.8100,95.8400,7300
1474034515,95.8900,95.9100,95.8400,95.8400,6000
1474034536,95.8500,95.9100,95.8500,95.9100,2000
1474034584,95.8000,95.8600,95.8000,95.8600,4600
1474034642,95.8300,95.8800,95.7900,95.7900,8100
1474034759,95.7400,95.8300,95.7100,95.8300,4900
1474034767,95.7004,95.7200,95.6800,95.7200,3700
1474034929,95.6600,95.6600,95.6600,95.6600,100
1474034970,95.6600,95.6600,95.6500,95.6500,300
1474035051,95.6400,95.6750,95.6100,95.6750,2000
1474035064,95.6100,95.6350,95.6100,95.6100,600
1474035120,95.5900,95.6300,95.5900,95.6200,500
1474035237,95.5800,95.6192,95.5800,95.6000,900
1474035249,95.5900,95.6086,95.5800,95.5800,900
1474035356,95.5800,95.6300,95.5800,95.6300,1500
1474035384,95.5700,95.6000,95.5700,95.6000,3100
1474035491,95.6000,95.6000,95.5800,95.5900,3000
1474035552,95.6250,95.6400,95.6100,95.6100,24500
1474035600,95.6000,95.6250,95.5900,95.6250,2200
1474035701,95.5500,95.5700,95.5500,95.5700,700
1474035770,95.6000,95.6000,95.5400,95.5400,1300
1474035839,95.6700,95.6700,95.6100,95.6100,2200
1474035843,95.5700,95.6900,95.5700,95.6700,2700
1474035965,95.5200,95.5700,95.5200,95.5400,2500
1474036020,95.5350,95.5500,95.5100,95.5100,600
1474036127,95.5350,95.5700,95.5350,95.5700,2000
1474036159,95.5800,95.5800,95.4889,95.5100,1700
1474036219,95.5506,95.6000,95.5506,95.6000,1200
1474036260,95.5500,95.5500,95.5500,95.5500,300
1474036329,95.5261,95.5600,95.5261,95.5600,2300
1474036451,95.5500,95.5500,95.5300,95.5300,700
1474036551,95.6100,95.6100,95.6100,95.6100,600
1474036610,95.6100,95.6100,95.6100,95.6100,100
1474036644,95.5899,95.5899,95.5600,95.5600,300
1474036688,95.5100,95.5100,95.5100,95.5100,700
1474036759,95.5800,95.5800,95.5800,95.5800,2500
1474036854,95.6400,95.6400,95.6400,95.6400,200
1474036895,95.7100,95.7100,95.6800,95.6800,1500
1474036974,95.7550,95.8000,95.7400,95.7400,2000
1474036989,95.7000,95.7700,95.7000,95.7700,800
1474037053,95.6300,95.6800,95.6300,95.6800,800
1474037112,95.7200,95.7200,95.6300,95.6300,1700
1474037211,95.7300,95.7800,95.7200,95.7800,2500
1474037237,95.7100,95.7100,95.7000,95.7100,1700
1474037337,95.7100,95.7100,95.7100,95.7100,100
1474037393,95.6800,95.6800,95.6600,95.6800,1000
1474037442,95.6500,95.6500,95.6500,95.6500,200
1474037496,95.6800,95.6800,95.6400,95.6400,1500
1474037567,95.7000,95.7200,95.7000,95.7200,1100
1474037581,95.7100,95.7100,95.7100,95.7100,100
1474037664,95.6802,95.6900,95.6700,95.6900,1100
1474037729,95.6600,95.6600,95.6600,95.6600,100
1474037816,95.7100,95.7100,95.6850,95.7000,2500
1474037824,95.6800,95.7300,95.6800,95.7300,2900
1474037939,95.6800,95.6800,95.6400,95.6400,2400
1474037999,95.6300,95.6800,95.6300,95.6700,2000
1474038010,95.6300,95.6300,95.6000,95.6000,800
1474038072,95.5700,95.6200,95.5700,95.6200,1800
1474038143,95.5700,95.5700,95.5700,95.5700,500
1474038192,95.5599,95.5600,95.5200,95.5600,600
1474038345,95.5200,95.5300,95.5100,95.5200,700
1474038360,95.5000,95.5390,95.5000,95.5300,4400
1474038463,95.5100,95.5100,95.4900,95.5000,900
1474038484,95.5200,95.5200,95.5200,95.5200,200
1474038545,95.5000,95.5100,95.4900,95.5050,2600
1474038625,95.5200,95.5200,95.4850,95.4850,2500
1474038719,95.5100,95.5300,95.5000,95.5100,3500
1474038732,95.5400,95.5400,95.5100,95.5100,1200
1474038807,95.5200,95.5300,95.4900,95.5300,2200
1474038845,95.5600,95.5600,95.5300,95.5300,1300
1474038905,95.5700,95.6200,95.5700,95.5700,2500
1474039018,95.5800,95.6200,95.5630,95.5630,1000
1474039034,95.6000,95.6000,95.5700,95.5700,1400
1474039114,95.5600,95.5600,95.5100,95.5100,1000
1474039174,95.5400,95.5400,95.5400,95.5400,600
1474039257,95.5600,95.5600,95.5378,95.5600,1700
1474039262,95.5200,95.5600,95.5200,95.5600,500
1474039379,95.5700,95.5700,95.5400,95.5400,1000
1474039380,95.5400,95.5800,95.5400,95.5800,1400
1474039525,95.5100,95.5100,95.5000,95.5000,4700
1474039618,95.5100,95.5100,95.4800,95.4800,1200
1474039624,95.4945,95.5050,95.4945,95.5050,600
1474039710,95.5000,95.5200,95.5000,95.5200,1800
1474039765,95.4700,95.4700,95.4200,95.4200,1900
1474039862,95.5500,95.5500,95.5262,95.5262,1100
1474039939,95.4800,95.5400,95.4600,95.5400,1800
1474039997,95.4500,95.4500,95.4500,95.4500,300
1474040051,95.4400,95.5000,95.4400,95.4700,4400
1474040149,95.4700,95.4700,95.4600,95.4600,1500
1474040262,95.4400,95.4400,95.4400,95.4400,1600
1474040310,95.4400,95.4700,95.4300,95.4600,1200
1474040385,95.4400,95.4700,95.4000,95.4110,2600
1474040418,95.4400,95.4400,95.3900,95.3900,3800
1474040556,95.4300,95.4400,95.4300,95.4400,1000
1474040605,95.4400,95.4400,95.4400,95.4400,100
1474040655,95.4300,95.4300,95.4300,95.4300,100
1474040733,95.3500,95.4100,95.3500,95.4100,3400
1474040762,95.4317,95.4317,95.3300,95.3300,5400
1474040826,95.3900,95.4400,95.3900,95.4400,1200
1474040947,95.4000,95.4000,95.4000,95.4000,200
1474041016,95.3500,95.3800,95.3200,95.3700,4400
1474041126,95.3400,95.3400,95.3400,95.3400,200
1474041222,95.3500,95.3900,95.3500,95.3800,900
1474041268,95.4047,95.4047,95.4047,95.4047,100
1474041300,95.3570,95.3700,95.3400,95.3700,2900
1474041390,95.3601,95.3601,95.3500,95.3500,200
1474041434,95.3825,95.3900,95.3500,95.3600,1600
1474041545,95.4300,95.4300,95.3800,95.3900,2000
1474041620,95.4300,95.4300,95.4300,95.4300,300
1474041698,95.4200,95.4200,95.4200,95.4200,900
1474041810,95.4800,95.4800,95.4800,95.4800,300
1474041865,95.4851,95.4851,95.4850,95.4850,300
1474041955,95.4800,95.4900,95.4800,95.4900,900
1474041966,95.5000,95.5100,95.4900,95.4900,1500
1474042032,95.6200,95.6200,95.5300,95.5300,4600
1474042136,95.6900,95.6900,95.6203,95.6203,3200
1474042144,95.6700,95.6782,95.6700,95.6782,800
1474042241,95.7000,95.7200,95.6800,95.6900,2400
1474042272,95.7000,95.7200,95.7000,95.7200,300
1474042354,95.6800,95.7000,95.6800,95.7000,600
1474042380,95.6500,95.6700,95.6500,95.6700,1500
1474042615,95.6300,95.6386,95.6200,95.6386,1200
1474042622,95.7000,95.7000,95.6300,95.6300,900
1474042709,95.6900,95.7300,95.6900,95.7000,1100
1474042754,95.7600,95.7700,95.7600,95.7700,600
1474042800,95.7600,95.7600,95.7400,95.7600,1800
1474042890,95.7700,95.7800,95.7700,95.7800,300
1474042935,95.7300,95.7500,95.7300,95.7500,1600
1474043072,95.7700,95.7700,95.7600,95.7600,400
1474043159,95.8150,95.8150,95.7800,95.7800,800
1474043174,95.7700,95.8100,95.7700,95.8100,1300
1474043279,95.7800,95.7800,95.7800,95.7800,100
1474043318,95.7500,95.7950,95.7500,95.7950,800
1474043366,95.7100,95.7400,95.7100,95.7400,600
1474043416,95.7301,95.7500,95.7301,95.7500,2000
1474043470,95.7500,95.7500,95.7500,95.7500,1400
1474043521,95.7100,95.7100,95.6900,95.7100,400
1474043633,95.6800,95.6920,95.6800,95.6920,600
1474043672,95.6100,95.6600,95.6100,95.6600,500
1474043738,95.6400,95.6600,95.6300,95.6300,1200
1474043813,95.6200,95.6200,95.6200,95.6200,100
1474043834,95.6300,95.6600,95.6200,95.6600,2300
1474043895,95.5800,95.6065,95.5800,95.6065,1800
1474043997,95.5700,95.5700,95.5700,95.5700,200
1474044049,95.5500,95.5700,95.5500,95.5700,300
1474044074,95.5100,95.5200,95.5100,95.5200,400
1474044140,95.5000,95.5000,95.5000,95.5000,100
1474044198,95.4900,95.5250,95.4900,95.5250,300
1474044261,95.5800,95.5800,95.4940,95.4940,2800
1474044307,95.6100,95.6300,95.6100,95.6200,800
1474044366,95.6000,95.6040,95.6000,95.6040,500
1474044422,95.5900,95.6000,95.5900,95.6000,500
1474044501,95.5600,95.5600,95.5600,95.5600,100
1474044565,95.6000,95.6000,95.6000,95.6000,800
1474044600,95.6200,95.6700,95.6200,95.6700,400
1474044683,95.6100,95.6100,95.6100,95.6100,200
1474044731,95.6100,95.6100,95.6100,95.6100,100
1474044805,95.6200,95.6300,95.6000,95.6100,2400
1474044876,95.6295,95.6400,95.6295,95.6400,300
1474044920,95.6000,95.6100,95.6000,95.6100,800
1474045041,95.6200,95.6200,95.6200,95.6200,100
1474045153,95.6400,95.6400,95.6200,95.6200,800
1474045315,95.6700,95.6700,95.6400,95.6400,1700
1474045372,95.7100,95.7100,95.6900,95.6900,400
1474045439,95.7300,95.7300,95.6800,95.6900,2400
1474045476,95.6800,95.7300,95.6700,95.7300,1700
1474045507,95.6600,95.6600,95.6600,95.6600,300
1474045591,95.6200,95.6550,95.5900,95.6550,1900
1474045648,95.6129,95.6129,95.6129,95.6129,300
1474045687,95.6300,95.6300,95.6300,95.6300,300
1474045857,95.6259,95.6300,95.6200,95.6300,2200
1474045903,95.6200,95.6400,95.6200,95.6400,600
1474045987,95.5900,95.5900,95.5600,95.5750,1600
1474046044,95.5700,95.5700,95.5700,95.5700,400
1474046156,95.5800,95.5800,95.5700,95.5700,200
1474046205,95.5400,95.5700,95.5400,95.5700,700
1474046227,95.5300,95.5400,95.5300,95.5400,400
1474046338,95.5800,95.5800,95.5600,95.5600,900
1474046352,95.5600,95.5750,95.5600,95.5750,600
1474046403,95.6000,95.6000,95.5400,95.5400,1900
1474046577,95.7100,95.7200,95.6200,95.6200,2500
1474046585,95.7200,95.7400,95.7000,95.7400,1900
1474046697,95.7800,95.7800,95.7800,95.7800,200
1474046745,95.7600,95.7600,95.7200,95.7401,1900
1474046813,95.7600,95.7600,95.7600,95.7600,100
1474046852,95.7600,95.7600,95.7600,95.7600,200
1474046927,95.7600,95.7600,95.7600,95.7600,200
1474046957,95.7600,95.7600,95.7600,95.7600,900
1474047057,95.7400,95.7400,95.7200,95.7300,3200
1474047065,95.7100,95.7400,95.7100,95.7400,1500
1474047140,95.7150,95.7150,95.7150,95.7150,1000
1474047192,95.6700,95.6700,95.6700,95.6700,100
1474047240,95.6500,95.6500,95.6200,95.6200,300
1474047401,95.6200,95.6300,95.6100,95.6300,300
1474047478,95.7100,95.7100,95.6250,95.6250,2200
1474047489,95.6800,95.6800,95.6800,95.6800,700
1474047589,95.7000,95.7000,95.6760,95.6760,700
1474047645,95.6900,95.6900,95.6600,95.6600,600
1474047690,95.6700,95.6700,95.6700,95.6700,100
1474047724,95.6600,95.6800,95.6600,95.6700,600
1474047794,95.6200,95.6300,95.6100,95.6300,1800
1474047847,95.6100,95.6200,95.5900,95.5900,1700
1474047954,95.5500,95.5500,95.5500,95.5500,300
1474048014,95.5500,95.5500,95.5500,95.5500,300
1474048074,95.5300,95.5300,95.5300,95.5300,200
1474048100,95.5300,95.5400,95.5200,95.5300,800
1474048155,95.5800,95.5800,95.5300,95.5300,900
1474048204,95.5900,95.6200,95.5900,95.6000,500
1474048332,95.6400,95.6400,95.6000,95.6200,3200
1474048403,95.7000,95.7000,95.7000,95.7000,200
1474048495,95.6800,95.6800,95.6800,95.6800,1100
1474048530,95.6400,95.6400,95.6400,95.6400,100
1474048678,95.6700,95.6700,95.6500,95.6517,1000
1474048734,95.6864,95.6864,95.6864,95.6864,100
1474048749,95.6900,95.6900,95.6600,95.6600,1000
1474048856,95.6700,95.6800,95.6600,95.6800,900
1474048873,95.6600,95.7000,95.6600,95.7000,1000
1474048921,95.6600,95.6831,95.6600,95.6800,800
1474049034,95.6500,95.6800,95.6500,95.6800,600
1474049084,95.6600,95.6700,95.6600,95.6700,200
1474049104,95.6500,95.6500,95.6400,95.6400,9900
1474049193,95.7000,95.7000,95.6700,95.6700,1000
1474049272,95.7200,95.7200,95.7100,95.7100,1000
1474049306,95.6900,95.7200,95.6800,95.7100,1900
1474049381,95.7000,95.7100,95.6900,95.7100,16100
1474049406,95.6800,95.7300,95.6800,95.6900,3800
1474049503,95.6800,95.6800,95.6800,95.6800,100
1474049524,95.7100,95.7100,95.7000,95.7000,1100
1474049587,95.7495,95.7684,95.7300,95.7301,2300
1474049671,95.7200,95.7200,95.7200,95.7200,200
1474049713,95.7000,95.7100,95.6800,95.7000,2600
1474049769,95.6900,95.7000,95.6900,95.6950,1700
1474049914,95.6900,95.7000,95.6900,95.7000,2400
1474049983,95.7000,95.7000,95.7000,95.7000,200
1474050037,95.6919,95.7000,95.6919,95.7000,200
1474050065,95.7100,95.7100,95.7000,95.7000,200
1474050134,95.7200,95.7200,95.7100,95.7100,700
1474050196,95.7300,95.7300,95.7100,95.7100,700
1474050247,95.7500,95.7500,95.7500,95.7500,800
1474050301,95.7500,95.7500,95.7200,95.7300,3400
1474050414,95.7500,95.7600,95.7500,95.7600,1200
1474050421,95.7500,95.7500,95.7450,95.7450,200
1474050480,95.7450,95.7450,95.7450,95.7450,800
1474050560,95.7500,95.7600,95.7500,95.7500,500
1474050603,95.7600,95.7800,95.7500,95.7500,1900
1474050716,95.8000,95.8000,95.7500,95.7500,1100
1474050720,95.8000,95.8000,95.7800,95.7900,2000
1474050870,95.7830,95.8000,95.7800,95.7800,1700
1474050956,95.7930,95.8000,95.7725,95.7725,1300
1474050971,95.7950,95.8000,95.7900,95.8000,900
1474051063,95.7800,95.7800,95.7600,95.7800,2000
1474051093,95.8000,95.8000,95.7850,95.7850,1400
1474051181,95.8000,95.8000,95.8000,95.8000,700
1474051239,95.7800,95.7900,95.7800,95.7900,700
1474051285,95.7800,95.7900,95.7700,95.7800,2100
1474051378,95.8100,95.8100,95.7700,95.7900,1400
1474051380,95.7950,95.8132,95.7800,95.8100,1300
1474051493,95.8100,95.8271,95.7800,95.7800,3000
1474051500,95.8000,95.8000,95.7800,95.8000,1900
1474051615,95.8200,95.8200,95.8000,95.8000,2900
1474051622,95.7900,95.8200,95.7800,95.8200,2100
1474051732,95.7900,95.8100,95.7889,95.7889,2100
1474051743,95.7800,95.8290,95.7800,95.8290,600
1474051863,95.7700,95.7700,95.7500,95.7700,800
1474051976,95.7800,95.7800,95.7300,95.7600,1900
1474052014,95.7000,95.7700,95.7000,95.7700,1500
1474052049,95.6900,95.7200,95.6900,95.7000,1200
1474052158,95.6500,95.7000,95.6500,95.6900,6300
1474052177,95.6900,95.6900,95.6300,95.6300,4600
1474052267,95.6900,95.7000,95.6900,95.7000,200
1474052286,95.6700,95.6900,95.6700,95.6900,1900
1474052394,95.6500,95.6600,95.6500,95.6600,3300
1474052403,95.6200,95.6400,95.6200,95.6400,3100
1474052468,95.6300,95.6665,95.6300,95.6300,3000
1474052577,95.6850,95.6850,95.6300,95.6499,1100
1474052631,95.6500,95.6700,95.6500,95.6700,600
1474052656,95.6500,95.6500,95.6400,95.6400,400
1474052704,95.6400,95.6600,95.6400,95.6400,1500
1474052785,95.6000,95.6400,95.6000,95.6400,600
1474052871,95.6300,95.6600,95.6100,95.6100,1100
1474052888,95.6500,95.6600,95.6400,95.6400,600
1474052951,95.6100,95.6599,95.6100,95.6400,1900
1474053016,95.5700,95.6117,95.5700,95.6117,400
1474053084,95.5600,95.5800,95.5500,95.5700,1800
1474053127,95.5500,95.5600,95.5500,95.5600,1400
1474053196,95.5600,95.5600,95.5600,95.5600,1600
1474053293,95.5600,95.5600,95.5600,95.5600,100
1474053356,95.5600,95.5728,95.5500,95.5500,1300
1474053370,95.5700,95.5700,95.5665,95.5700,1100
1474053420,95.5700,95.5700,95.5300,95.5400,1800
1474053488,95.5700,95.5900,95.5600,95.5800,1300
1474053567,95.5400,95.5400,95.5400,95.5400,700
1474053600,95.5900,95.5900,95.5400,95.5400,1600
1474053703,95.6400,95.6400,95.6100,95.6100,1600
1474053736,95.6300,95.6404,95.6300,95.6300,500
1474053785,95.6000,95.6300,95.6000,95.6300,3700
1474053860,95.6016,95.6016,95.6016,95.6016,300
1474053900,95.6100,95.6100,95.5900,95.5900,1400
1474054003,95.6100,95.6100,95.5900,95.5900,900
1474054024,95.6500,95.6500,95.6200,95.6200,1300
1474054082,95.6400,95.6400,95.6400,95.6400,600
1474054147,95.6409,95.6500,95.6300,95.6300,1200
1474054204,95.7000,95.7000,95.6200,95.6200,4500
1474054284,95.7200,95.7400,95.7200,95.7400,1500
1474054373,95.8300,95.8300,95.7600,95.7700,5300
1474054389,95.8500,95.8600,95.8200,95.8200,2500
1474054457,95.7800,95.8200,95.7800,95.8200,1400
1474054502,95.8300,95.8300,95.8000,95.8000,1700
1474054617,95.8700,95.8700,95.8100,95.8200,5400
1474054620,95.8725,95.8800,95.8500,95.8700,6500
1474054736,95.8650,95.8700,95.8400,95.8700,1700
1474054742,95.8700,95.8900,95.8600,95.8600,3300
1474054803,95.8900,95.8900,95.8600,95.8600,4500
1474054885,95.8300,95.8600,95.8300,95.8500,2300
1474054927,95.7700,95.8300,95.7700,95.8300,7100
1474054985,95.8100,95.8200,95.7900,95.7900,3500
1474055051,95.7900,95.8100,95.7900,95.8000,3300
1474055156,95.7000,95.7900,95.7000,95.7900,25300
1474055160,95.6500,95.7200,95.6300,95.7200,11300
1474055223,95.6500,95.6900,95.6500,95.6550,9700
1474055282,95.6500,95.6600,95.6000,95.6600,10700
1474055340,95.6500,95.6700,95.6400,95.6400,8500
1474055404,95.6600,95.6800,95.6500,95.6500,16600
1474055513,95.6800,95.6800,95.6500,95.6550,10600
1474055521,95.6700,95.7600,95.6700,95.7500,16200
1474055634,95.6100,95.6400,95.6000,95.6400,6100
1474055641,95.6200,95.6300,95.5900,95.6000,6600
1474055758,95.5400,95.6100,95.5400,95.5800,27000
1474055760,95.5200,95.5800,95.5200,95.5700,20200
1474055879,95.4900,95.5400,95.4700,95.5000,27500
1474055935,95.4700,95.5300,95.4700,95.5300,20500
1474055995,95.4700,95.4700,95.4200,95.4600,41100
1474056000,95.4400,95.4400,95.4400,95.4400,2700
