uri:/instrument/1.0/SPY/chartdata;type=quote;range=1d/csv
ticker:spy
Company-Name:SPDR S&P 500
Exchange-Name:PCX
unit:MIN
timezone:EDT
currency:USD
gmtoffset:-14400
previous_close:213.1500
Timestamp:1473946200,1473969600
labels:1473948000,1473951600,1473955200,1473958800,1473962400,1473966000,1473969600
values:Timestamp,close,high,low,open,volume
close:212.8500,215.7250
high:212.9700,215.7300
low:212.7500,215.6900
open:212.8500,215.7300
volume:600,16626000
1473946215,212.9600,213.0200,212.9100,212.9500,1860600
1473946315,213.3000,213.3700,213.0300,213.0300,1295000
1473946366,213.1150,213.2900,213.0300,213.2800,222800
1473946439,213.3000,213.3150,213.1300,213.2600,438600
1473946499,213.3100,213.4100,213.1900,213.2900,211000
1473946500,213.5100,213.5150,213.3100,213.3100,364900
1473946619,213.3400,213.5100,213.3200,213.5000,234100
1473946679,212.9500,213.3400,212.9200,213.3400,337200
1473946739,213.0700,213.1500,212.9400,212.9500,312100
1473946799,212.9100,213.1050,212.8000,213.0700,422300
1473946800,213.0900,213.1600,212.9100,212.9200,290700
1473946919,213.1800,213.1800,212.8600,213.0899,377500
1473946979,213.2100,213.3200,213.1600,213.1800,304800
1473946980,213.1600,213.2700,213.1000,213.2200,250200
1473947099,213.0400,213.1600,212.8900,213.1600,301000
1473947159,212.8500,213.1000,212.7500,213.0300,294100
1473947219,212.8900,212.9700,212.8500,212.8500,255300
1473947220,212.9800,213.0100,212.8100,212.9000,214400
1473947280,213.1700,213.2400,212.9100,212.9700,320200
1473947399,213.2600,213.2700,213.0800,213.1700,5737800
1473947400,213.1600,213.2600,213.1000,213.2600,248300
1473947519,213.4200,213.4900,213.1500,213.1500,390700
1473947520,213.5400,213.5500,213.3200,213.4200,1385700
1473947639,213.5008,213.6000,213.4600,213.5400,238200
1473947699,213.4936,213.5400,213.4300,213.5001,198500
1473947759,213.4200,213.5200,213.4100,213.4800,258400
1473947760,213.5200,213.5800,213.4100,213.4200,137400
1473947820,213.4300,213.5500,213.4200,213.5299,105400
1473947881,213.2562,213.4200,213.2500,213.4200,256600
1473947999,213.3900,213.4000,213.2600,213.2600,147500
1473948000,213.3300,213.4750,213.3100,213.3900,169900
1473948119,213.2400,213.3200,213.1300,213.3200,231200
1473948179,213.2650,213.3050,213.1300,213.2350,228500
1473948239,213.4650,213.5500,213.2400,213.2690,301000
1473948299,213.4750,213.5100,213.3700,213.4600,149900
1473948359,213.6400,213.6600,213.4850,213.4850,223700
1473948419,213.5500,213.6500,213.5300,213.6400,123400
1473948420,213.6700,213.6700,213.5400,213.5500,131800
1473948539,213.7350,213.7800,213.6400,213.6700,379100
1473948599,213.6100,213.7400,213.5800,213.7350,238200
1473948658,213.6900,213.6900,213.6000,213.6200,190600
1473948719,213.8600,213.9200,213.6900,213.6900,245000
1473948779,213.8350,213.9000,213.8100,213.8600,210400
1473948780,213.7800,213.8800,213.7500,213.8300,1200100
1473948840,213.8850,213.9300,213.7700,213.7800,220700
1473948959,214.0001,214.0900,213.8700,213.8850,369500
1473949019,214.0200,214.0600,213.9700,214.0000,255800
1473949079,214.0600,214.0900,214.0000,214.0200,194600
1473949139,214.0700,214.1000,214.0310,214.0600,200300
1473949198,214.0600,214.0900,214.0300,214.0700,204000
1473949259,213.9500,214.1000,213.9400,214.0600,187700
1473949319,213.9300,214.0200,213.9200,213.9500,131600
1473949379,213.9900,214.0150,213.9200,213.9300,154800
1473949439,213.9300,214.0100,213.9200,213.9900,99300
1473949499,213.8700,213.9380,213.8500,213.9300,211700
1473949500,213.9200,213.9300,213.8600,213.8700,147900
1473949619,214.0300,214.0350,213.9200,213.9200,117400
1473949679,213.9200,214.0200,213.8850,214.0200,181400
1473949739,213.9000,213.9550,213.8900,213.9200,71500
1473949740,213.9000,213.9300,213.8800,213.9000,103700
1473949859,213.9600,214.0300,213.9050,213.9100,217100
1473949919,213.8400,213.9750,213.7950,213.9683,262400
1473949978,213.8550,213.9800,213.8300,213.8450,188800
1473950039,213.8619,213.9000,213.8500,213.8600,112300
1473950040,213.8400,213.9000,213.8150,213.8600,89100
1473950159,213.8900,213.9150,213.8150,213.8300,107300
1473950160,213.9500,213.9900,213.8900,213.8900,120100
1473950221,213.9900,214.0050,213.9200,213.9600,169200
1473950339,213.9450,213.9900,213.8900,213.9900,114700
1473950399,214.0700,214.0900,213.9000,213.9500,200700
1473950400,213.8600,214.1000,213.8600,214.0610,179900
1473950519,213.7100,213.8700,213.7000,213.8600,171100
1473950579,213.7200,213.8000,213.7100,213.7100,149500
1473950639,213.8100,213.8200,213.7200,213.7200,146600
1473950699,213.7800,213.8600,213.7600,213.8050,94900
1473950759,213.9450,213.9800,213.7800,213.7800,178200
1473950819,213.9350,213.9800,213.9000,213.9400,143500
1473950879,213.9300,213.9500,213.8600,213.9400,89700
1473950939,213.9800,214.0000,213.9250,213.9300,129700
1473950999,214.0900,214.1300,213.9800,213.9810,224600
1473951059,214.2400,214.2400,214.0800,214.0950,388600
1473951119,214.2950,214.3200,214.2110,214.2300,222400
1473951120,214.3400,214.3900,214.2800,214.2900,287200
1473951239,214.3300,214.3600,214.2900,214.3400,154600
1473951299,214.2900,214.3400,214.2700,214.3250,107800
1473951359,214.3500,214.3900,214.2800,214.2800,146700
1473951419,214.3600,214.4000,214.3200,214.3500,123300
1473951479,214.3600,214.3800,214.3200,214.3600,112100
1473951539,214.3364,214.3500,214.3000,214.3500,98600
1473951599,214.4392,214.4500,214.3300,214.3350,191300
1473951659,214.5500,214.5500,214.4200,214.4300,261400
1473951719,214.4900,214.5800,214.4850,214.5450,238000
1473951779,214.4600,214.4900,214.4000,214.4850,123700
1473951839,214.4800,214.5200,214.4300,214.4600,94800
1473951899,214.4400,214.5100,214.4200,214.4800,88100
1473951959,214.5400,214.5400,214.4400,214.4400,1082400
1473952019,214.4400,214.5385,214.4100,214.5300,105100
1473952020,214.5300,214.5700,214.4400,214.4400,211800
1473952139,214.6100,214.6400,214.4900,214.5400,280300
1473952140,214.5400,214.6200,214.5250,214.6100,1140100
1473952257,214.5600,214.5800,214.5150,214.5400,189600
1473952319,214.5000,214.5950,214.4850,214.5600,124000
1473952379,214.4992,214.5550,214.4850,214.5100,121400
1473952439,214.4750,214.5000,214.4400,214.4900,84700
1473952499,214.4950,214.5200,214.4700,214.4750,89600
1473952559,214.5650,214.5800,214.4900,214.4964,365800
1473952619,214.6100,214.6200,214.5600,214.5700,223000
1473952679,214.5700,214.6100,214.5550,214.6000,101800
1473952680,214.5850,214.5900,214.5500,214.5700,100400
1473952799,214.5700,214.6000,214.5250,214.5800,1081300
1473952859,214.4800,214.5700,214.4500,214.5700,119100
1473952860,214.4950,214.5236,214.4600,214.4850,127000
1473952920,214.5180,214.5300,214.4600,214.4950,125700
1473952980,214.5200,214.6150,214.4900,214.5200,272800
1473953099,214.5450,214.5850,214.4500,214.5200,595900
1473953100,214.6000,214.6300,214.5500,214.5500,105500
1473953219,214.6800,214.6963,214.6050,214.6099,152500
1473953279,214.6708,214.6900,214.6400,214.6800,109900
1473953339,214.8900,214.9000,214.6600,214.6700,290200
1473953399,214.8800,214.9400,214.8400,214.8900,312700
1473953459,215.0500,215.0600,214.8800,214.8800,449600
1473953519,214.9900,215.0600,214.9750,215.0550,446400
1473953520,215.0000,215.0100,214.9500,214.9950,224300
1473953639,215.0400,215.0800,214.9400,214.9950,761100
1473953699,215.0300,215.0600,215.0100,215.0300,684600
1473953759,215.0000,215.0600,214.9900,215.0300,222300
1473953819,214.9750,215.0200,214.9650,215.0050,212300
1473953879,214.9300,214.9900,214.9200,214.9750,664600
1473953880,214.9250,214.9500,214.9000,214.9300,168600
1473953999,214.9550,214.9700,214.9000,214.9200,93700
1473954059,214.8850,214.9900,214.8850,214.9500,105300
1473954119,214.9025,214.9150,214.8800,214.8900,123200
1473954179,214.9200,214.9550,214.9000,214.9050,94000
1473954239,214.8250,214.9300,214.8200,214.9100,129600
1473954299,214.8050,214.8500,214.7900,214.8300,153100
1473954300,214.8250,214.8600,214.8000,214.8000,127800
1473954419,214.8250,214.8400,214.8100,214.8300,137200
1473954479,214.8100,214.8300,214.7600,214.8250,207000
1473954539,214.7500,214.8400,214.7500,214.8000,185000
1473954540,214.7400,214.7550,214.7100,214.7500,109500
1473954659,214.8250,214.8300,214.7300,214.7300,108600
1473954660,214.8600,214.8800,214.8200,214.8250,74600
1473954779,214.8400,214.8700,214.7900,214.8600,77800
1473954839,214.8992,214.9400,214.8400,214.8450,1187100
1473954840,214.8967,214.9850,214.8950,214.9199,439400
1473954959,214.8750,214.9000,214.8300,214.9000,322900
1473955019,214.8800,214.9300,214.8600,214.8800,189300
1473955077,214.7800,214.8800,214.7750,214.8800,63000
1473955139,214.7079,214.8000,214.6810,214.7900,124700
1473955140,214.7200,214.7300,214.6800,214.7000,102500
1473955255,214.7250,214.7500,214.7100,214.7100,78700
1473955319,214.7500,214.7600,214.7200,214.7300,332100
1473955379,214.7800,214.7800,214.7400,214.7500,49200
1473955436,214.7550,214.8150,214.7500,214.7800,113700
1473955499,214.7900,214.7900,214.7500,214.7600,77500
1473955501,214.7650,214.8000,214.7600,214.7800,43700
1473955563,214.8914,214.9000,214.7600,214.7600,144900
1473955679,214.8700,214.9100,214.8100,214.8952,105600
1473955680,214.9150,214.9300,214.8500,214.8700,253500
1473955799,214.8801,214.9300,214.8700,214.9200,76000
1473955859,214.7600,214.9000,214.7500,214.8800,80200
1473955919,214.8200,214.8400,214.7600,214.7600,85100
1473955978,214.8100,214.8750,214.8000,214.8300,53600
1473956033,214.7800,214.8091,214.7300,214.8000,74000
1473956099,214.7700,214.7800,214.7400,214.7700,57900
1473956100,214.7400,214.7799,214.6700,214.7700,102000
1473956160,214.8100,214.8100,214.7400,214.7500,79500
1473956279,214.8700,214.8800,214.7900,214.8050,97200
1473956339,214.8750,214.8800,214.8300,214.8700,93300
1473956340,214.8500,214.8800,214.8100,214.8800,66500
1473956400,214.9200,214.9200,214.8100,214.8500,127600
1473956460,214.9200,214.9300,214.8500,214.9100,16626000
1473956520,214.9000,214.9425,214.8700,214.9300,54100
1473956639,214.8900,214.9150,214.8600,214.9100,26400
1473956640,214.9100,214.9600,214.8600,214.8900,95900
1473956759,214.8500,214.9500,214.8500,214.9190,68000
1473956818,214.7900,214.8400,214.7900,214.8400,60600
1473956879,214.7800,214.8000,214.7500,214.8000,80000
1473956939,214.7450,214.7800,214.7300,214.7800,64500
1473956999,214.7200,214.7500,214.6600,214.7500,136900
1473957000,214.7350,214.7800,214.7000,214.7200,108200
1473957119,214.7625,214.7950,214.7400,214.7400,59400
1473957179,214.7499,214.7900,214.7002,214.7700,62700
1473957181,214.6702,214.7500,214.6700,214.7473,80700
1473957240,214.6000,214.6900,214.5700,214.6750,128800
1473957359,214.5300,214.6100,214.5200,214.6000,172500
1473957419,214.5300,214.5700,214.5050,214.5451,91200
1473957479,214.4600,214.5250,214.4200,214.5249,255100
1473957480,214.4800,214.5150,214.4350,214.4600,146900
1473957599,214.5300,214.5300,214.4600,214.4850,64700
1473957600,214.5200,214.5600,214.5100,214.5300,81500
1473957718,214.4850,214.5200,214.4400,214.5200,98700
1473957778,214.4200,214.4900,214.4100,214.4900,107100
1473957839,214.3600,214.4200,214.3300,214.4150,176000
1473957840,214.4000,214.4100,214.3450,214.3600,88600
1473957959,214.4350,214.4600,214.3700,214.4100,671400
1473957960,214.4200,214.4500,214.4000,214.4400,65400
1473958022,214.4200,214.4500,214.3900,214.4100,51100
1473958081,214.4899,214.4900,214.4200,214.4300,52900
1473958199,214.4400,214.5300,214.4400,214.4900,69900
1473958259,214.4800,214.4800,214.3800,214.4400,85600
1473958318,214.5100,214.5200,214.4700,214.4800,51800
1473958320,214.4900,214.5200,214.4400,214.5100,62000
1473958439,214.4800,214.5100,214.4300,214.4900,103600
1473958499,214.5200,214.5200,214.4600,214.4750,64800
1473958553,214.4890,214.5300,214.4700,214.5200,59100
1473958563,214.5400,214.5500,214.4700,214.4900,56500
1473958620,214.5550,214.5790,214.5000,214.5400,121500
1473958680,214.5700,214.5750,214.5300,214.5500,33600
1473958799,214.5000,214.5700,214.4700,214.5650,55300
1473958859,214.6350,214.6400,214.5000,214.5000,123400
1473958919,214.7100,214.7500,214.6300,214.6350,142000
1473958979,214.7300,214.7400,214.6800,214.7120,133300
1473959039,214.7850,214.8400,214.7000,214.7300,146500
1473959099,214.7600,214.8200,214.7200,214.7800,211000
1473959100,214.7100,214.7700,214.7100,214.7600,66500
1473959218,214.7302,214.7650,214.7000,214.7100,59900
1473959220,214.6600,214.7300,214.6410,214.7300,75500
1473959339,214.6200,214.6700,214.6100,214.6574,54000
1473959340,214.6400,214.6700,214.5800,214.6200,64800
1473959459,214.5550,214.6750,214.5500,214.6400,75400
1473959460,214.5600,214.5900,214.5200,214.5500,110400
1473959578,214.5600,214.5749,214.5200,214.5550,40200
1473959639,214.6100,214.6150,214.5200,214.5700,75000
1473959699,214.5400,214.6000,214.4600,214.6000,162600
1473959759,214.5200,214.5600,214.5100,214.5400,51800
1473959760,214.6100,214.6399,214.5000,214.5100,63000
1473959879,214.5501,214.6000,214.4400,214.6000,81700
1473959938,214.7400,214.7600,214.5499,214.5550,148600
1473959999,214.7500,214.7600,214.6950,214.7374,46100
1473960059,214.6700,214.7800,214.6650,214.7500,119700
1473960119,214.6800,214.7200,214.6650,214.6650,57100
1473960179,214.6700,214.6950,214.6200,214.6800,51200
1473960239,214.6900,214.7150,214.6650,214.6700,30000
1473960299,214.7550,214.7900,214.6700,214.6900,78000
1473960358,214.7300,214.7700,214.7200,214.7600,35500
1473960419,214.7450,214.7500,214.6900,214.7300,59600
1473960479,214.8100,214.8410,214.7400,214.7500,135700
1473960480,214.6600,214.8100,214.6000,214.8000,164600
1473960599,214.7000,214.7100,214.5900,214.6700,116700
1473960600,214.7200,214.7800,214.7000,214.7100,105100
1473960719,214.8300,214.8400,214.7200,214.7200,57200
1473960720,214.8650,214.8700,214.8200,214.8300,99400
1473960839,214.9100,214.9150,214.8350,214.8600,77600
1473960899,214.9500,214.9510,214.8800,214.9100,86000
1473960900,214.9550,214.9600,214.9000,214.9500,89500
1473961019,214.9300,214.9750,214.9300,214.9550,118000
1473961020,214.9400,214.9400,214.9000,214.9300,63200
1473961138,214.9550,214.9600,214.9200,214.9400,61700
1473961140,214.9000,214.9600,214.9000,214.9600,552600
1473961258,214.9400,214.9500,214.8900,214.9075,92700
1473961260,214.9800,215.0450,214.9350,214.9400,108400
1473961320,215.1000,215.1250,214.9700,214.9700,164700
1473961380,215.2000,215.2300,215.0900,215.1000,293600
1473961440,215.2300,215.2400,215.1400,215.2000,230700
1473961559,215.2200,215.2400,215.2000,215.2301,149200
1473961561,215.2099,215.2150,215.1600,215.2100,128800
1473961623,215.3000,215.3000,215.2000,215.2100,72300
1473961739,215.3000,215.3399,215.2700,215.2950,222200
1473961799,215.3000,215.3100,215.2500,215.3050,168700
1473961800,215.2800,215.3100,215.2800,215.3100,72000
1473961919,215.2400,215.3100,215.2300,215.2850,85900
1473961979,215.1900,215.2400,215.1500,215.2400,133700
1473961983,215.2500,215.2750,215.1900,215.2000,87100
1473962099,215.2900,215.3000,215.2500,215.2500,64000
1473962159,215.2900,215.3000,215.2700,215.2900,50600
1473962219,215.2800,215.2900,215.2500,215.2800,95800
1473962279,215.2300,215.2800,215.2200,215.2800,5529000
1473962339,215.3000,215.3000,215.2200,215.2300,275200
1473962399,215.3500,215.3500,215.3100,215.3100,162500
1473962459,215.3000,215.3900,215.3000,215.3500,122800
1473962460,215.3300,215.3400,215.2800,215.3000,86600
1473962520,215.3200,215.3300,215.3000,215.3300,61600
1473962638,215.3200,215.3600,215.3100,215.3300,70300
1473962698,215.3300,215.3400,215.3000,215.3200,61100
1473962700,215.3400,215.3700,215.3200,215.3225,1082600
1473962818,215.3000,215.3500,215.2900,215.3400,65000
1473962821,215.3350,215.3500,215.3000,215.3000,72800
1473962936,215.3200,215.3400,215.3050,215.3400,45600
1473962999,215.3600,215.3700,215.3200,215.3200,93300
1473963002,215.3500,215.3950,215.3350,215.3700,137600
1473963060,215.3800,215.3900,215.3500,215.3500,129600
1473963179,215.3330,215.3900,215.3300,215.3900,104600
1473963239,215.3550,215.3600,215.3100,215.3400,113300
1473963299,215.3700,215.3700,215.3500,215.3550,81200
1473963359,215.4500,215.5000,215.3600,215.3700,305900
1473963419,215.5800,215.5800,215.4400,215.4500,307500
1473963479,215.5950,215.6000,215.5400,215.5800,193800
1473963539,215.5540,215.6400,215.5500,215.6000,248700
1473963599,215.6700,215.7000,215.5500,215.5500,195600
1473963658,215.6699,215.6900,215.6400,215.6700,194700
1473963660,215.6600,215.6900,215.6600,215.6650,607200
1473963720,215.6900,215.7000,215.6450,215.6600,158100
1473963838,215.7050,215.7200,215.6800,215.6850,141400
1473963841,215.7250,215.7300,215.6900,215.7100,217100
1473963959,215.6600,215.7300,215.6500,215.7300,165000
1473964019,215.6500,215.6700,215.6500,215.6600,133300
1473964079,215.6400,215.6700,215.6200,215.6400,175800
1473964080,215.6100,215.6400,215.5700,215.6310,183600
1473964140,215.6000,215.6200,215.5600,215.6000,139700
1473964259,215.5700,215.6700,215.5700,215.6100,172500
1473964319,215.5450,215.5800,215.5450,215.5700,1136400
1473964378,215.5500,215.5900,215.5400,215.5450,192000
1473964439,215.5697,215.5800,215.5400,215.5500,1091600
1473964440,215.5710,215.6100,215.5550,215.5600,118200
1473964559,215.6263,215.6300,215.5700,215.5700,109400
1473964619,215.5600,215.6300,215.5400,215.6300,3338700
1473964679,215.5400,215.5850,215.5400,215.5566,96700
1473964739,215.5300,215.5500,215.5100,215.5500,120300
1473964799,215.5500,215.5700,215.5200,215.5200,123400
1473964803,215.5400,215.5580,215.5300,215.5580,57700
1473964919,215.5500,215.5500,215.5100,215.5300,127100
1473964979,215.5800,215.5900,215.5400,215.5500,90600
1473965039,215.5000,215.6100,215.4900,215.5897,196700
1473965098,215.5300,215.5300,215.4700,215.5000,122400
1473965159,215.5000,215.5500,215.4800,215.5300,316400
1473965219,215.4610,215.5100,215.4600,215.5000,50900
1473965279,215.4400,215.4700,215.4200,215.4650,124200
1473965280,215.4600,215.4700,215.4352,215.4400,138600
1473965340,215.4600,215.5000,215.4450,215.4600,78200
1473965459,215.4700,215.4700,215.4400,215.4600,591800
1473965519,215.4450,215.4700,215.4450,215.4700,89600
1473965579,215.4700,215.4700,215.4300,215.4500,60700
1473965580,215.5000,215.5000,215.4410,215.4670,2402200
1473965641,215.5100,215.5100,215.4700,215.4950,84900
1473965759,215.5250,215.5300,215.4950,215.5069,82300
1473965818,215.5500,215.5500,215.5100,215.5300,65000
1473965879,215.5400,215.5800,215.5300,215.5410,91200
1473965939,215.5399,215.5500,215.5100,215.5456,58300
1473965999,215.5200,215.5400,215.4900,215.5340,153100
1473966057,215.5420,215.5700,215.5300,215.5300,129100
1473966119,215.6350,215.6400,213.1551,215.5400,632800
1473966120,215.6300,215.6500,215.6200,215.6390,447700
1473966180,215.6640,215.6700,215.6300,215.6301,106500
1473966297,215.6600,215.6800,215.6300,215.6700,1088300
1473966359,215.6500,215.6700,213.1551,215.6700,596700
1473966419,215.6900,215.7000,215.6300,215.6500,123000
1473966479,215.6200,215.6900,215.6200,215.6900,84900
1473966480,215.5600,215.6400,215.5600,215.6200,69700
1473966599,215.5350,215.5700,215.5200,215.5650,134600
1473966658,215.4650,215.5400,215.4400,215.5350,174700
1473966719,215.4700,215.4800,215.4500,215.4600,80900
1473966779,215.4250,215.4900,215.4100,215.4600,96100
1473966839,215.4400,215.4600,215.4200,215.4250,124600
1473966899,215.4800,215.5000,215.4500,215.4500,146500
1473966959,215.4500,215.4800,215.4400,215.4700,126500
1473967019,215.4000,215.4600,215.3700,215.4600,98400
1473967020,215.2997,215.4000,215.2700,215.3900,208400
1473967080,215.2000,215.3200,215.1900,215.2800,214800
1473967199,215.2400,215.2500,215.1900,215.2000,223700
1473967259,215.2600,215.2600,215.2000,215.2400,667700
1473967319,215.3200,215.3300,215.2400,215.2600,162100
1473967379,215.3000,215.3400,215.2600,215.3160,85600
1473967439,215.2750,215.3100,215.2400,215.3000,795300
1473967499,215.2250,215.2900,215.2000,215.2700,225600
1473967559,215.2600,215.2900,215.2000,215.2250,161300
1473967619,215.2600,215.2900,215.2400,215.2700,1159300
1473967679,215.2600,215.2800,215.1600,215.2600,207300
1473967739,215.3000,215.3400,215.2500,215.2600,207400
1473967799,215.3300,215.3450,215.2650,215.2900,190200
1473967800,215.3600,215.3600,215.3000,215.3250,140100
1473967919,215.3550,215.3600,215.2450,215.3600,234400
1473967979,215.3200,215.4100,215.3100,215.3500,1199900
1473968039,215.3850,215.4000,215.3200,215.3200,4103700
1473968099,215.3200,215.3850,215.2900,215.3850,184600
1473968100,215.3150,215.3500,215.2900,215.3200,152700
1473968218,215.3200,215.3300,215.2900,215.3199,133700
1473968279,215.3450,215.3800,215.3100,215.3200,164900
1473968280,215.3400,215.3500,215.3100,215.3500,151700
1473968340,215.5000,215.5000,215.3450,215.3450,210800
1473968400,215.4650,215.4950,215.4200,215.4900,139300
1473968519,215.5000,215.5000,215.4600,215.4600,239800
1473968579,215.5600,215.5700,215.4800,215.5000,307100
1473968580,215.5500,215.5600,215.5300,215.5600,168000
1473968641,215.5001,215.5700,215.5000,215.5500,637000
1473968700,215.5800,215.5900,215.5000,215.5050,182200
1473968760,215.4250,215.5850,215.4000,215.5800,202000
1473968879,215.4800,215.4900,215.4200,215.4300,146100
1473968939,215.4250,215.4850,215.4100,215.4800,193200
1473968999,215.4100,215.4400,215.3800,215.4200,706500
1473969000,215.3500,215.4100,215.3300,215.4000,263300
1473969119,215.3400,215.3600,215.3100,215.3600,196800
1473969179,215.2400,215.3500,215.2000,215.3450,265100
1473969239,215.2700,215.2800,215.2200,215.2350,249900
1473969240,215.2600,215.2800,215.2200,215.2750,313200
1473969300,215.2700,215.2900,215.2500,215.2600,392400
1473969360,215.2900,215.2900,215.2500,215.2700,353300
1473969420,215.3600,215.3800,215.2900,215.2900,415500
1473969480,215.3400,215.3700,215.3100,215.3700,478900
1473969540,215.2900,215.3800,215.2900,215.3400,976000
1473969600,215.2900,215.2900,215.2900,215.2900,600
