uri:/instrument/1.0/SPB/chartdata;type=quote;range=1d/csv
ticker:spb
Company-Name:Spectrum Brands Holdings, Inc. 
Exchange-Name:NYQ
unit:MIN
timezone:EDT
currency:USD
gmtoffset:-14400
previous_close:130.2600
Timestamp:1474032600,1474056000
labels:1474034400,1474038000,1474041600,1474045200,1474048800,1474052400,1474056000
values:Timestamp,close,high,low,open,volume
close:129.4700,130.9300
high:129.4700,130.9300
low:129.4200,130.8700
open:129.4300,130.8700
volume:100,117600
1474032705,130.6800,130.6800,130.6800,130.6800,5700
1474032778,130.1000,130.1700,130.1000,130.1700,900
1474032838,129.8500,130.1800,129.8500,130.1800,700
1474032843,130.2500,130.2500,129.7600,129.8200,4700
1474032999,129.8400,129.8400,129.7300,129.8100,600
1474033122,129.7600,129.8400,129.6900,129.6900,1700
1474033171,129.5750,129.5750,129.5100,129.5700,1800
1474033203,129.6500,129.6500,129.6100,129.6100,1700
1474033303,129.5201,129.6300,129.5200,129.5200,2200
1474033334,129.4700,129.4700,129.4200,129.4300,1500
1474033429,129.5000,129.5000,129.5000,129.5000,100
1474033449,129.4900,129.6500,129.4900,129.5700,400
1474033554,129.8700,129.8700,129.7200,129.8200,1200
1474033650,129.7200,129.7200,129.7200,129.7200,100
1474033788,130.0700,130.0800,130.0600,130.0800,900
1474033899,130.0900,130.0900,130.0900,130.0900,100
1474034019,129.8200,130.0800,129.8200,130.0800,600
1474034097,129.8800,130.0000,129.6700,129.7700,1600
1474034111,129.8900,129.8900,129.8900,129.8900,600
1474034162,129.8300,129.8900,129.8300,129.8900,400
1474034230,129.8529,129.8529,129.8529,129.8529,400
1474034552,129.7750,129.8900,129.7750,129.8400,3100
1474034695,130.0100,130.0100,129.9900,129.9900,300
1474034747,129.8400,129.9100,129.8200,129.9100,600
1474034777,129.8600,129.8700,129.8600,129.8700,400
1474034824,129.9200,129.9200,129.9200,129.9200,100
1474034899,129.8050,129.8050,129.8050,129.8050,100
1474034972,129.9600,129.9600,129.9500,129.9500,500
1474035224,129.7800,129.9100,129.7800,129.9100,800
1474035311,129.8100,129.8100,129.8100,129.8100,200
1474035386,130.0300,130.0300,129.8950,129.9300,900
1474035481,130.0300,130.0300,130.0300,130.0300,200
1474035552,130.0000,130.0100,130.0000,130.0100,400
1474035889,129.9700,130.0200,129.9700,129.9900,600
1474035915,129.9600,130.0000,129.8150,129.9500,2700
1474036108,130.0700,130.1200,130.0700,130.1200,200
1474036208,130.0050,130.0050,130.0050,130.0050,100
1474036312,130.2700,130.2700,130.1400,130.1400,500
1474036470,130.2700,130.2700,130.2100,130.2100,1400
1474036621,130.3200,130.3200,130.3200,130.3200,300
1474036742,130.6400,130.6400,130.3300,130.3300,1900
1474037191,130.6704,130.6704,130.6704,130.6704,900
1474037235,130.5600,130.5700,130.5600,130.5700,400
1474037332,130.5100,130.5100,130.5100,130.5100,500
1474037423,130.4100,130.4100,130.4100,130.4100,100
1474037505,130.5500,130.5500,130.3950,130.4500,900
1474037636,130.5300,130.5300,130.5300,130.5300,200
1474037670,130.6040,130.6040,130.6040,130.6040,200
1474037795,130.4100,130.4600,130.4100,130.4600,500
1474037862,130.2450,130.2450,130.2450,130.2450,100
1474038074,130.2300,130.2300,130.2300,130.2300,200
1474038212,130.2000,130.2000,130.2000,130.2000,1200
1474038293,130.2500,130.2700,130.2100,130.2100,1600
1474038443,130.2700,130.2700,130.2700,130.2700,200
1474038605,130.2800,130.3000,130.2800,130.2800,300
1474038760,130.4200,130.4400,130.4200,130.4400,900
1474038806,130.4300,130.5300,130.3200,130.5300,1400
1474038869,130.3800,130.3800,130.3800,130.3800,100
1474039197,130.1900,130.1900,130.1681,130.1681,1000
1474039275,130.3200,130.3200,130.2900,130.2900,500
1474039326,130.4000,130.4000,130.3400,130.3500,1100
1474039475,130.5200,130.5200,130.5100,130.5200,400
1474039501,130.4100,130.4100,130.4100,130.4100,1000
1474039633,130.4000,130.4000,130.4000,130.4000,300
1474039770,130.3800,130.4100,130.3700,130.3700,700
1474039876,130.4500,130.4500,130.4500,130.4500,200
1474040002,130.4300,130.5100,130.4300,130.5100,400
1474040099,130.7000,130.7000,130.5900,130.6200,400
1474040241,130.7000,130.7000,130.7000,130.7000,100
1474040339,130.6375,130.6800,130.4800,130.5800,3000
1474040386,130.6400,130.6400,130.6400,130.6400,100
1474040524,130.6045,130.6045,130.6045,130.6045,400
1474040663,130.6450,130.6450,130.6450,130.6450,500
1474040768,130.9300,130.9300,130.8700,130.8700,1400
1474040885,130.8000,130.8200,130.7100,130.8200,1300
1474041068,130.7500,130.7500,130.7500,130.7500,600
1474041316,130.6500,130.6500,130.6500,130.6500,100
1474041408,130.6000,130.6000,130.6000,130.6000,100
1474041430,130.5400,130.5400,130.4550,130.5100,700
1474041566,130.5300,130.5500,130.5300,130.5500,700
1474041640,130.5700,130.5700,130.5700,130.5700,200
1474041838,130.4900,130.4900,130.4801,130.4801,300
1474041965,130.7200,130.7200,130.5500,130.5500,1200
1474042062,130.7500,130.7500,130.6500,130.7200,1500
1474042746,130.6000,130.6100,130.6000,130.6000,900
1474042876,130.5100,130.5100,130.5100,130.5100,100
1474043091,130.6350,130.6400,130.5800,130.5900,2000
1474043175,130.6400,130.6800,130.6400,130.6450,300
1474043222,130.6450,130.6450,130.6450,130.6450,100
1474043338,130.5500,130.6000,130.5500,130.6000,7200
1474043368,130.5500,130.5500,130.5400,130.5400,400
1474043430,130.5450,130.5450,130.5450,130.5450,200
1474043502,130.5700,130.5700,130.5000,130.5000,400
1474043562,130.5200,130.5200,130.5200,130.5200,100
1474043788,130.5100,130.5100,130.5100,130.5100,200
1474043855,130.6000,130.6000,130.5500,130.5500,1100
1474044052,130.5200,130.5200,130.5200,130.5200,2100
1474044060,130.5700,130.5700,130.5700,130.5700,100
1474044152,130.5300,130.5300,130.5300,130.5300,100
1474044226,130.6200,130.6200,130.5900,130.5900,800
1474044462,130.5900,130.6100,130.5900,130.6100,300
1474044501,130.7750,130.7750,130.5800,130.5900,1400
1474044546,130.7100,130.7600,130.7100,130.7600,500
1474044654,130.5300,130.5300,130.5300,130.5300,300
1474044683,130.6000,130.6000,130.5400,130.5400,500
1474044770,130.6359,130.6359,130.6359,130.6359,100
1474044826,130.6200,130.6400,130.6200,130.6400,400
1474045001,130.5300,130.5800,130.5300,130.5800,500
1474045253,130.4000,130.4000,130.4000,130.4000,100
1474045318,130.5600,130.5600,130.5000,130.5100,900
1474045395,130.6000,130.6400,130.5950,130.6400,400
1474045564,130.5100,130.5600,130.5100,130.5600,600
1474045703,130.5200,130.5200,130.5200,130.5200,300
1474045756,130.4800,130.4800,130.4400,130.4400,600
1474046079,130.3601,130.4100,130.3601,130.4100,400
1474046315,130.4300,130.4300,130.3800,130.3800,1500
1474046433,130.5500,130.5600,130.5500,130.5600,200
1474046506,130.5500,130.5500,130.5500,130.5500,100
1474046539,130.4500,130.4500,130.4500,130.4500,700
1474046676,130.3200,130.3200,130.3200,130.3200,100
1474046772,130.4099,130.4099,130.4099,130.4099,200
1474046892,130.4000,130.4000,130.4000,130.4000,100
1474046980,130.3200,130.3300,130.3200,130.3300,500
1474047005,130.2900,130.3100,130.2900,130.3100,500
1474047102,130.2301,130.2301,130.2300,130.2300,200
1474047179,130.2700,130.2700,130.2700,130.2700,100
1474047190,130.1900,130.2300,130.1900,130.2300,600
1474047330,130.1300,130.1300,130.1300,130.1300,200
1474047411,130.0600,130.0600,130.0600,130.0600,100
1474047421,130.1800,130.1900,130.0950,130.0950,1200
1474047518,130.1700,130.1700,130.1700,130.1700,300
1474047587,130.1500,130.1500,130.1300,130.1300,600
1474047794,130.1200,130.1200,130.1100,130.1100,600
1474047883,130.0700,130.0700,130.0700,130.0700,100
1474048015,129.9200,129.9600,129.9200,129.9600,700
1474048108,129.9700,129.9800,129.8700,129.8700,1900
1474048304,130.0200,130.0200,130.0200,130.0200,100
1474048348,129.9700,129.9700,129.9600,129.9700,500
1474048405,130.0400,130.0400,130.0400,130.0400,100
1474048441,129.9800,129.9800,129.9800,129.9800,100
1474048505,129.9700,129.9700,129.9700,129.9700,200
1474048737,130.0700,130.0700,130.0700,130.0700,100
1474048742,130.1200,130.1200,130.1200,130.1200,600
1474049020,130.1000,130.1000,130.0700,130.0800,900
1474049077,130.0500,130.0900,130.0500,130.0900,200
1474049102,130.1700,130.1700,130.0900,130.0900,2000
1474049173,130.1900,130.1900,130.1900,130.1900,500
1474049329,130.2400,130.2400,130.2400,130.2400,100
1474049382,130.2900,130.2900,130.2900,130.2900,500
1474049458,130.3000,130.3000,130.2800,130.2900,1000
1474049514,130.2300,130.2400,130.2300,130.2300,300
1474049526,130.3100,130.3100,130.2600,130.2600,1400
1474049628,130.4100,130.4100,130.4100,130.4100,200
1474049741,130.3700,130.3700,130.3700,130.3700,1100
1474049908,130.3400,130.3800,130.3400,130.3800,500
1474049985,130.2900,130.3100,130.2900,130.3100,700
1474050032,130.3500,130.3500,130.2650,130.3000,700
1474050213,130.3800,130.3800,130.3500,130.3500,300
1474050275,130.4000,130.4600,130.3400,130.3400,300
1474050312,130.3100,130.4300,130.3100,130.4300,1300
1474050487,130.3800,130.3800,130.2300,130.2300,700
1474050629,130.4400,130.4400,130.4400,130.4400,700
1474050762,130.4400,130.4400,130.3400,130.3400,200
1474050868,130.3500,130.3600,130.3500,130.3500,1000
1474050931,130.2800,130.3800,130.2700,130.3400,700
1474050970,130.2500,130.3100,130.2500,130.2800,1500
1474051055,130.2776,130.2776,130.2776,130.2776,400
1474051127,130.2700,130.2700,130.2400,130.2400,1300
1474051202,130.3600,130.3600,130.2900,130.2900,1200
1474051447,130.4900,130.4900,130.4800,130.4800,400
1474051537,130.5300,130.5300,130.4500,130.4500,400
1474051737,130.4800,130.4800,130.4422,130.4422,1600
1474051824,130.4200,130.4300,130.3700,130.4200,2700
1474051945,130.4200,130.4200,130.3500,130.3500,2500
1474052175,130.2900,130.2900,130.2900,130.2900,900
1474052446,130.2900,130.2900,130.2900,130.2900,100
1474052473,130.2900,130.2900,130.2900,130.2900,100
1474052526,130.2200,130.2700,130.2200,130.2700,2500
1474052651,130.2500,130.2500,130.2500,130.2500,200
1474052711,130.2900,130.2900,130.2800,130.2800,700
1474052806,130.3000,130.3000,130.2800,130.2800,200
1474052901,130.3800,130.3800,130.3800,130.3800,100
1474052955,130.3800,130.3800,130.3350,130.3350,300
1474053037,130.3650,130.3650,130.3200,130.3300,1500
1474053097,130.3800,130.3800,130.3100,130.3100,400
1474053143,130.2700,130.3100,130.2400,130.3100,1700
1474053218,130.3100,130.3200,130.2600,130.2600,1200
1474053341,130.3800,130.3800,130.3800,130.3800,700
1474053447,130.3400,130.3450,130.3300,130.3450,400
1474053492,130.3800,130.4100,130.3700,130.3700,1800
1474053616,130.4400,130.4400,130.4300,130.4300,200
1474053667,130.5100,130.5200,130.4350,130.4600,900
1474053791,130.5200,130.5400,130.5000,130.5100,1000
1474053885,130.4700,130.4700,130.4700,130.4700,500
1474054034,130.5500,130.5500,130.5200,130.5200,900
1474054134,130.5150,130.5150,130.5150,130.5150,100
1474054173,130.5200,130.5500,130.4900,130.5150,1500
1474054257,130.5000,130.5000,130.5000,130.5000,300
1474054270,130.6100,130.6100,130.5400,130.5400,2700
1474054383,130.7450,130.7800,130.7200,130.7600,3100
1474054618,130.6600,130.7100,130.6600,130.7100,2000
1474054668,130.5800,130.5800,130.5800,130.5800,100
1474054729,130.5500,130.5900,130.5500,130.5800,2300
1474054767,130.5600,130.5600,130.5500,130.5500,1600
1474054838,130.6300,130.6300,130.6300,130.6300,600
1474054890,130.6000,130.6000,130.6000,130.6000,400
1474054934,130.5600,130.5600,130.5100,130.5600,1900
1474054993,130.4900,130.5350,130.4900,130.5350,800
1474055053,130.5300,130.5300,130.4850,130.4900,2600
1474055156,130.4000,130.4600,130.4000,130.4600,3900
1474055160,130.3800,130.4000,130.3800,130.4000,2000
1474055249,130.4300,130.4300,130.3900,130.3950,1800
1474055305,130.4400,130.4400,130.3800,130.3800,2600
1474055398,130.5799,130.5799,130.5000,130.5200,2900
1474055455,130.5700,130.5800,130.4700,130.5400,3100
1474055509,130.5700,130.5800,130.5100,130.5500,3100
1474055559,130.4900,130.5300,130.4900,130.5300,1000
1474055615,130.5500,130.5900,130.5200,130.5400,3400
1474055693,130.5600,130.5600,130.5500,130.5500,1800
1474055705,130.5200,130.5400,130.4800,130.5400,9300
1474055798,130.5300,130.5500,130.5300,130.5500,1400
1474055876,130.4300,130.5400,130.4300,130.5300,3400
1474055936,130.3500,130.4500,130.3500,130.4201,7100
1474055943,130.2800,130.3599,130.2800,130.3100,10900
1474056000,130.2500,130.2500,130.2500,130.2500,117600
