uri:/instrument/1.0/PGP/chartdata;type=quote;range=1d/csv
ticker:pgp
Company-Name:Pimco Global Stocksplus & Incom
Exchange-Name:NYQ
unit:MIN
timezone:EDT
currency:USD
gmtoffset:-14400
previous_close:20.1790
Timestamp:1473859800,1473883200
labels:1473861600,1473865200,1473868800,1473872400,1473876000,1473879600,1473883200
values:Timestamp,close,high,low,open,volume
close:20.0900,20.3199
high:20.0901,20.3199
low:20.0900,20.3199
open:20.0901,20.3199
volume:0,2900
1473861298,20.2752,20.2752,20.2752,20.2752,900
1473864930,20.2800,20.2800,20.2800,20.2800,1000
1473864979,20.3199,20.3199,20.3199,20.3199,200
1473867168,20.2700,20.2700,20.2300,20.2300,2000
1473867470,20.2100,20.2100,20.2100,20.2100,100
1473867633,20.2200,20.2200,20.2200,20.2200,100
1473867721,20.2700,20.2700,20.2700,20.2700,200
1473867948,20.2400,20.2400,20.2400,20.2400,100
1473868897,20.2607,20.2607,20.2607,20.2607,600
1473869057,20.2800,20.2800,20.2300,20.2300,400
1473869326,20.2672,20.2672,20.2672,20.2672,100
1473869411,20.2800,20.2800,20.2400,20.2400,200
1473869667,20.2800,20.2800,20.2400,20.2400,200
1473870442,20.2742,20.2742,20.2700,20.2700,200
1473870936,20.3074,20.3074,20.3074,20.3074,200
1473871018,20.2800,20.2800,20.2800,20.2800,100
1473871022,20.2200,20.2800,20.2200,20.2800,1700
1473871128,20.2300,20.2300,20.2300,20.2300,100
1473871147,20.2300,20.2300,20.2300,20.2300,300
1473871248,20.2400,20.2400,20.2400,20.2400,400
1473871317,20.2400,20.2400,20.2400,20.2400,200
1473871377,20.2500,20.2500,20.2500,20.2500,100
1473871431,20.2500,20.2500,20.2500,20.2500,600
1473871453,20.2500,20.2500,20.2500,20.2500,300
1473871536,20.2200,20.2400,20.2200,20.2400,200
1473871657,20.2100,20.2101,20.2100,20.2101,400
1473871873,20.2100,20.2100,20.2100,20.2100,200
1473872384,20.1463,20.1727,20.1463,20.1727,200
1473874799,20.1421,20.1421,20.1421,20.1421,100
1473875518,20.1100,20.1500,20.1100,20.1500,2000
1473875568,20.1100,20.1100,20.1100,20.1100,700
1473875656,20.1100,20.1100,20.1100,20.1100,200
1473875723,20.1000,20.1001,20.1000,20.1001,400
1473875879,20.1000,20.1000,20.1000,20.1000,300
1473875881,20.1000,20.1000,20.1000,20.1000,100
1473876085,20.1000,20.1001,20.1000,20.1001,200
1473876984,20.1000,20.1200,20.1000,20.1200,800
1473877394,20.1000,20.1100,20.1000,20.1100,2900
1473877638,20.1001,20.1001,20.1001,20.1001,100
1473877705,20.1000,20.1000,20.1000,20.1000,100
1473877793,20.1000,20.1000,20.1000,20.1000,100
1473877901,20.1000,20.1000,20.1000,20.1000,100
1473877921,20.1000,20.1000,20.1000,20.1000,500
1473878031,20.1000,20.1000,20.1000,20.1000,1000
1473878191,20.0900,20.0901,20.0900,20.0901,400
1473878700,20.0935,20.0935,20.0921,20.0921,700
1473880129,20.1300,20.1300,20.1300,20.1300,100
1473882861,20.1000,20.1000,20.1000,20.1000,2700
1473883200,20.1173,20.1173,20.1173,20.1173,0
