uri:/instrument/1.0/NDAQ/chartdata;type=quote;range=1d/csv
ticker:ndaq
Company-Name:Nasdaq, Inc.
Exchange-Name:NMS
unit:MIN
timezone:EDT
currency:USD
gmtoffset:-14400
previous_close:69.5200
Timestamp:1474032600,1474056000
labels:1474034400,1474038000,1474041600,1474045200,1474048800,1474052400,1474056000
values:Timestamp,close,high,low,open,volume
close:68.6700,69.6000
high:68.6900,69.6200
low:68.6500,69.5700
open:68.6800,69.6100
volume:100,264500
1474032657,69.3000,69.3000,69.2900,69.2900,94900
1474032664,69.0900,69.3100,68.9800,69.3100,6000
1474032762,68.9700,68.9700,68.9400,68.9700,600
1474032824,68.9300,68.9300,68.8700,68.9300,600
1474032898,68.8200,68.9400,68.7200,68.9400,2000
1474032900,68.9500,69.0100,68.8300,68.8300,2800
1474032965,68.7700,68.9000,68.7700,68.9000,700
1474033032,68.8800,68.8800,68.8200,68.8201,900
1474033133,68.8500,68.8500,68.8300,68.8400,600
1474033173,68.8900,68.8900,68.7900,68.8450,800
1474033200,68.7800,68.8400,68.7600,68.8300,2300
1474033311,68.7200,68.7800,68.7200,68.7800,1300
1474033320,68.8200,68.8500,68.7700,68.7700,2200
1474033418,68.9400,68.9400,68.8700,68.8800,2900
1474033447,68.9400,68.9400,68.9400,68.9400,300
1474033510,68.8400,68.9200,68.8400,68.8900,1300
1474033560,68.8300,68.8400,68.7900,68.8300,2100
1474033624,68.8000,68.8400,68.8000,68.8400,600
1474033715,68.8100,68.8100,68.8000,68.8000,1000
1474033742,68.7900,68.8300,68.7900,68.8000,1700
1474033804,68.7600,68.7600,68.7600,68.7600,700
1474033892,68.7000,68.7700,68.7000,68.7700,600
1474033965,68.7000,68.7000,68.7000,68.7000,100
1474033984,68.6900,68.7300,68.6900,68.7100,1600
1474034082,68.6700,68.6900,68.6700,68.6900,400
1474034119,68.7300,68.7300,68.6500,68.6800,2100
1474034169,68.7700,68.7800,68.7400,68.7400,1300
1474034268,68.7600,68.7600,68.7400,68.7400,900
1474034280,68.7500,68.7900,68.7500,68.7700,1000
1474034340,68.8200,68.8200,68.7600,68.7600,1800
1474034432,68.8100,68.8500,68.8100,68.8500,1400
1474034472,68.8100,68.8500,68.8100,68.8200,1500
1474034523,68.7900,68.7900,68.7600,68.7650,2200
1474034639,68.8350,68.8400,68.8200,68.8200,2500
1474034644,68.8300,68.8500,68.8300,68.8500,300
1474034707,68.8300,68.8700,68.8300,68.8500,1900
1474034766,68.7600,68.8100,68.7600,68.8100,800
1474034849,68.7300,68.7300,68.7100,68.7100,600
1474034891,68.7600,68.7600,68.7300,68.7400,1000
1474034961,68.8100,68.8100,68.7700,68.7900,1800
1474035054,68.8900,68.8900,68.8200,68.8200,1700
1474035072,68.9100,68.9200,68.8800,68.8900,1900
1474035179,68.9100,68.9400,68.9100,68.9100,1000
1474035192,68.9700,68.9700,68.9400,68.9400,1100
1474035271,69.0000,69.0100,68.9900,68.9900,2100
1474035310,68.9400,68.9900,68.9400,68.9800,500
1474035362,68.9600,68.9600,68.9450,68.9500,1800
1474035470,68.9700,68.9800,68.9700,68.9800,400
1474035496,68.9800,68.9800,68.9800,68.9800,800
1474035579,68.9800,68.9800,68.9800,68.9800,300
1474035613,69.0100,69.0100,69.0000,69.0000,1000
1474035718,69.0500,69.0500,69.0400,69.0500,1100
1474035771,68.9900,69.0500,68.9900,69.0500,2000
1474035812,68.9600,68.9600,68.9600,68.9600,1200
1474035852,68.9700,68.9800,68.9700,68.9700,1300
1474035901,68.9800,69.0000,68.9800,68.9800,1300
1474035987,68.9554,68.9600,68.9500,68.9500,600
1474036066,68.9500,68.9700,68.9400,68.9400,1100
1474036107,69.0100,69.0200,68.9700,68.9700,1900
1474036143,69.0300,69.0300,68.9700,69.0100,1000
1474036247,69.0800,69.0800,69.0600,69.0600,700
1474036261,69.1200,69.1200,69.0800,69.0900,2400
1474036367,69.1100,69.1200,69.1100,69.1200,800
1474036386,69.0700,69.1100,69.0700,69.1100,500
1474036466,69.0600,69.0600,69.0600,69.0600,400
1474036520,69.0900,69.0900,69.0700,69.0700,1000
1474036608,69.0300,69.1200,69.0300,69.1000,2400
1474036637,69.0600,69.0600,69.0600,69.0600,200
1474036726,69.0600,69.0600,69.0500,69.0600,300
1474036760,69.1000,69.1000,69.0700,69.0700,500
1474036802,69.0600,69.1000,69.0600,69.1000,600
1474036877,69.0983,69.0983,69.0983,69.0983,200
1474036987,69.1700,69.1800,69.1500,69.1500,600
1474037093,69.2100,69.2200,69.2100,69.2200,300
1474037100,69.2400,69.2400,69.2100,69.2100,700
1474037212,69.2400,69.2700,69.2400,69.2500,1200
1474037277,69.3100,69.3100,69.2524,69.2524,1400
1474037337,69.3000,69.3100,69.3000,69.3100,1500
1474037369,69.2864,69.3000,69.2864,69.3000,200
1474037406,69.2900,69.2900,69.2900,69.2900,700
1474037460,69.2800,69.2800,69.2800,69.2800,200
1474037535,69.2800,69.2800,69.2800,69.2800,200
1474037583,69.2900,69.2900,69.2750,69.2800,1900
1474037665,69.2800,69.2800,69.2800,69.2800,100
1474037720,69.2600,69.2800,69.2600,69.2800,500
1474037773,69.2900,69.3000,69.2800,69.2800,1300
1474037873,69.3000,69.3000,69.2900,69.2900,300
1474037881,69.2800,69.2900,69.2800,69.2800,600
1474037996,69.2600,69.2600,69.2600,69.2600,100
1474038057,69.2400,69.2600,69.2400,69.2400,800
1474038063,69.1900,69.2500,69.1900,69.2500,2300
1474038211,69.1700,69.1900,69.1700,69.1900,400
1474038374,69.2000,69.2000,69.1900,69.1900,600
1474038426,69.1800,69.1900,69.1800,69.1900,1300
1474038480,69.2000,69.2000,69.1926,69.1926,500
1474038541,69.2000,69.2200,69.1700,69.2100,2000
1474038686,69.1600,69.2000,69.1600,69.2000,800
1474038728,69.1800,69.1800,69.1700,69.1800,1000
1474038781,69.1900,69.1900,69.1700,69.1900,800
1474038865,69.1900,69.1900,69.1900,69.1900,800
1474038935,69.2200,69.2200,69.2100,69.2100,500
1474038969,69.2200,69.2200,69.2200,69.2200,100
1474039033,69.1900,69.2100,69.1900,69.2000,1100
1474039137,69.1700,69.1700,69.1600,69.1600,600
1474039250,69.1900,69.1900,69.1600,69.1600,500
1474039274,69.1900,69.1900,69.1900,69.1900,300
1474039371,69.2300,69.2300,69.2000,69.2000,1000
1474039383,69.2200,69.2300,69.2200,69.2300,900
1474039452,69.2500,69.2500,69.2400,69.2400,300
1474039501,69.2100,69.2500,69.2100,69.2500,1000
1474039601,69.2300,69.2400,69.2000,69.2000,1200
1474039628,69.2300,69.2300,69.2300,69.2300,100
1474039696,69.2400,69.2400,69.2300,69.2300,600
1474039795,69.2400,69.2700,69.2400,69.2600,600
1474039801,69.2500,69.2500,69.2300,69.2300,900
1474039927,69.2800,69.2900,69.2700,69.2700,1300
1474040057,69.2900,69.2900,69.2800,69.2800,800
1474040141,69.2856,69.2900,69.2856,69.2900,200
1474040212,69.3200,69.3200,69.2900,69.2900,1000
1474040220,69.3300,69.3300,69.3200,69.3200,500
1474040325,69.3500,69.3500,69.3300,69.3300,300
1474040344,69.3400,69.3500,69.3400,69.3500,900
1474040439,69.3400,69.3400,69.3400,69.3400,200
1474040517,69.3420,69.3500,69.3200,69.3500,600
1474040535,69.3400,69.3400,69.3400,69.3400,100
1474040618,69.3700,69.3700,69.3600,69.3600,200
1474040662,69.4000,69.4000,69.3800,69.3800,700
1474040702,69.3900,69.4000,69.3900,69.4000,800
1474040766,69.4000,69.4000,69.3900,69.3900,300
1474040826,69.3900,69.4150,69.3900,69.4150,600
1474040919,69.3700,69.3700,69.3700,69.3700,200
1474040948,69.3700,69.3700,69.3600,69.3600,800
1474041037,69.3600,69.3700,69.3600,69.3600,1000
1474041103,69.4000,69.4000,69.3800,69.3800,300
1474041128,69.4000,69.4100,69.4000,69.4100,400
1474041197,69.4300,69.4300,69.4050,69.4050,600
1474041244,69.4700,69.4700,69.4400,69.4400,600
1474041300,69.4400,69.4400,69.4400,69.4400,300
1474041371,69.4150,69.4300,69.4150,69.4300,700
1474041491,69.3850,69.4000,69.3850,69.4000,900
1474041581,69.4100,69.4100,69.4100,69.4100,100
1474041653,69.4200,69.4200,69.4200,69.4200,400
1474041709,69.4100,69.4100,69.4100,69.4100,100
1474041722,69.4100,69.4200,69.4000,69.4100,1400
1474041828,69.4000,69.4100,69.4000,69.4100,300
1474041846,69.4000,69.4000,69.3850,69.4000,700
1474041908,69.4200,69.4200,69.3900,69.4100,1200
1474041968,69.4300,69.4300,69.4200,69.4200,1000
1474042133,69.4600,69.4600,69.4600,69.4600,500
1474042184,69.4700,69.4700,69.4600,69.4700,600
1474042217,69.4700,69.4700,69.4700,69.4700,100
1474042278,69.4400,69.4450,69.4400,69.4450,200
1474042379,69.4100,69.4200,69.4100,69.4100,500
1474042392,69.4100,69.4100,69.4100,69.4100,300
1474042473,69.4100,69.4100,69.4100,69.4100,500
1474042559,69.4700,69.4700,69.4400,69.4400,700
1474042561,69.4600,69.4600,69.4600,69.4600,200
1474042679,69.4800,69.4800,69.4700,69.4800,500
1474042707,69.4700,69.4700,69.4700,69.4700,200
1474042741,69.5100,69.5100,69.4700,69.4800,1700
1474042904,69.5000,69.5050,69.5000,69.5050,300
1474042966,69.5000,69.5000,69.5000,69.5000,400
1474043092,69.5200,69.5200,69.5000,69.5000,1000
1474043145,69.5200,69.5200,69.5200,69.5200,200
1474043170,69.5250,69.5250,69.5250,69.5250,100
1474043222,69.5300,69.5300,69.5200,69.5200,500
1474043322,69.4800,69.5400,69.4800,69.5250,1000
1474043370,69.4900,69.4900,69.4600,69.4600,2200
1474043401,69.4800,69.4800,69.4800,69.4800,400
1474043508,69.4500,69.4800,69.4500,69.4800,400
1474043537,69.4800,69.4800,69.4800,69.4800,2000
1474043584,69.4800,69.4900,69.4800,69.4900,300
1474043652,69.4900,69.4900,69.4900,69.4900,100
1474043704,69.5000,69.5000,69.4800,69.4800,700
1474043870,69.5000,69.5000,69.5000,69.5000,100
1474043922,69.5000,69.5000,69.5000,69.5000,400
1474043953,69.5000,69.5000,69.5000,69.5000,200
1474044028,69.4500,69.4900,69.4500,69.4900,500
1474044069,69.4500,69.4500,69.4300,69.4300,900
1474044165,69.4600,69.4600,69.4600,69.4600,300
1474044185,69.4800,69.4800,69.4600,69.4600,1800
1474044304,69.4600,69.4800,69.4600,69.4800,300
1474044368,69.4700,69.4700,69.4500,69.4500,1300
1474044478,69.4800,69.4800,69.4600,69.4700,1400
1474044481,69.5100,69.5200,69.4800,69.4800,900
1474044641,69.4900,69.4900,69.4700,69.4900,1600
1474044689,69.5200,69.5300,69.5000,69.5000,2600
1474044734,69.5000,69.5200,69.5000,69.5200,500
1474044823,69.5100,69.5100,69.4700,69.4700,1200
1474044845,69.5100,69.5100,69.5000,69.5000,500
1474044989,69.5100,69.5100,69.4900,69.4900,1800
1474045076,69.5000,69.5000,69.5000,69.5000,300
1474045145,69.5100,69.5100,69.5000,69.5000,700
1474045200,69.4834,69.5000,69.4600,69.4900,3900
1474045274,69.4700,69.4800,69.4700,69.4800,800
1474045337,69.4900,69.4900,69.4700,69.4700,2400
1474045425,69.4900,69.4900,69.4900,69.4900,200
1474045449,69.4900,69.4900,69.4900,69.4900,300
1474045514,69.4999,69.5000,69.4700,69.4700,2000
1474045564,69.4650,69.5000,69.4500,69.4900,3900
1474045629,69.4900,69.4900,69.4800,69.4800,3000
1474045717,69.4800,69.4900,69.4750,69.4750,2700
1474045742,69.4800,69.4900,69.4800,69.4900,2800
1474045801,69.4800,69.5000,69.4800,69.5000,300
1474045861,69.4900,69.4900,69.4800,69.4800,1400
1474046030,69.4700,69.4700,69.4700,69.4700,300
1474046079,69.4300,69.4300,69.4300,69.4300,100
1474046141,69.4600,69.4600,69.4600,69.4600,400
1474046205,69.4600,69.4600,69.4600,69.4600,500
1474046306,69.4500,69.4600,69.4500,69.4600,500
1474046358,69.4500,69.4500,69.4400,69.4400,500
1474046428,69.4300,69.4300,69.4200,69.4200,800
1474046484,69.4400,69.4400,69.4400,69.4400,400
1474046580,69.4700,69.4700,69.4500,69.4500,1800
1474046731,69.4700,69.4800,69.4700,69.4800,1000
1474046773,69.4899,69.4899,69.4700,69.4800,500
1474046830,69.4601,69.4800,69.4601,69.4800,600
1474046980,69.4400,69.4500,69.4400,69.4500,200
1474047038,69.4400,69.4400,69.4200,69.4200,1200
1474047131,69.4300,69.4300,69.4300,69.4300,500
1474047205,69.3700,69.4000,69.3700,69.4000,400
1474047253,69.3700,69.3700,69.3700,69.3700,100
1474047309,69.3500,69.3500,69.3400,69.3500,800
1474047372,69.3300,69.3500,69.3300,69.3500,300
1474047456,69.3600,69.3600,69.3400,69.3400,500
1474047492,69.3500,69.3500,69.3500,69.3500,400
1474047541,69.3290,69.3300,69.3200,69.3200,400
1474047636,69.3400,69.3400,69.3200,69.3200,600
1474047675,69.3600,69.3600,69.3500,69.3500,300
1474047726,69.3400,69.3600,69.3400,69.3600,1100
1474047795,69.3100,69.3300,69.3100,69.3300,600
1474047841,69.3000,69.3100,69.2800,69.3100,600
1474047917,69.2600,69.2800,69.2600,69.2800,600
1474048034,69.2600,69.2600,69.2600,69.2600,600
1474048106,69.2900,69.2900,69.2600,69.2600,1300
1474048185,69.2900,69.2900,69.2900,69.2900,500
1474048200,69.2800,69.3000,69.2800,69.3000,500
1474048285,69.2900,69.2900,69.2900,69.2900,800
1474048366,69.3000,69.3000,69.2782,69.2999,1100
1474048385,69.3000,69.3000,69.3000,69.3000,200
1474048470,69.3200,69.3200,69.3100,69.3100,900
1474048531,69.3200,69.3300,69.3200,69.3300,400
1474048566,69.3100,69.3200,69.3100,69.3200,1100
1474048766,69.3200,69.3400,69.2750,69.3000,3700
1474048802,69.3000,69.3000,69.3000,69.3000,600
1474048922,69.2930,69.2930,69.2800,69.2800,600
1474048989,69.3100,69.3100,69.2800,69.2800,2200
1474049102,69.3540,69.3540,69.3101,69.3400,1200
1474049215,69.3800,69.3800,69.3700,69.3700,500
1474049220,69.4000,69.4000,69.3850,69.3850,500
1474049304,69.4400,69.4500,69.4400,69.4500,700
1474049355,69.4100,69.4300,69.4100,69.4300,500
1474049448,69.4000,69.4050,69.4000,69.4000,800
1474049510,69.4100,69.4100,69.4100,69.4100,200
1474049578,69.4500,69.4500,69.4000,69.4100,2000
1474049581,69.4000,69.4400,69.4000,69.4400,1500
1474049692,69.3900,69.4000,69.3801,69.4000,700
1474049741,69.3900,69.4100,69.3600,69.3800,2400
1474049797,69.3900,69.3900,69.3900,69.3900,200
1474049834,69.3800,69.3950,69.3800,69.3900,1100
1474049889,69.3800,69.4030,69.3800,69.3900,900
1474049946,69.4051,69.4051,69.4051,69.4051,400
1474050034,69.4300,69.4300,69.4200,69.4200,600
1474050101,69.4100,69.4200,69.4100,69.4200,1200
1474050264,69.4500,69.4500,69.4400,69.4450,500
1474050300,69.4100,69.4500,69.4100,69.4500,1000
1474050383,69.4250,69.4250,69.4200,69.4200,500
1474050427,69.4100,69.4300,69.4100,69.4300,700
1474050482,69.4000,69.4100,69.4000,69.4100,900
1474050549,69.4400,69.4500,69.4200,69.4200,2900
1474050603,69.4800,69.4800,69.4300,69.4300,1500
1474050687,69.4600,69.4600,69.4600,69.4600,300
1474050737,69.4700,69.4700,69.4600,69.4600,700
1474050832,69.4700,69.4800,69.4700,69.4800,300
1474050865,69.4700,69.4700,69.4700,69.4700,200
1474050964,69.4700,69.4900,69.4700,69.4800,1600
1474051097,69.4400,69.4600,69.4400,69.4600,800
1474051148,69.4500,69.4500,69.4500,69.4500,100
1474051202,69.4400,69.4500,69.4400,69.4500,800
1474051271,69.4170,69.4350,69.4170,69.4200,1400
1474051354,69.4300,69.4300,69.4250,69.4250,900
1474051386,69.4200,69.4301,69.4200,69.4301,700
1474051454,69.4400,69.4400,69.4332,69.4332,1800
1474051533,69.4400,69.4400,69.4400,69.4400,500
1474051568,69.4400,69.4400,69.4400,69.4400,200
1474051633,69.4400,69.4400,69.4400,69.4400,100
1474051681,69.4500,69.4500,69.4466,69.4500,1500
1474051753,69.4700,69.4800,69.4600,69.4600,2300
1474051802,69.4700,69.4700,69.4700,69.4700,500
1474051919,69.4800,69.4800,69.4550,69.4647,4400
1474051925,69.5000,69.5100,69.4800,69.4800,3600
1474052021,69.4900,69.5050,69.4900,69.5050,700
1474052040,69.5300,69.5300,69.4900,69.4900,5800
1474052159,69.5700,69.5700,69.5000,69.5100,21300
1474052166,69.5000,69.5650,69.5000,69.5650,1700
1474052272,69.4900,69.5100,69.4900,69.5100,1000
1474052292,69.4500,69.4600,69.4500,69.4600,600
1474052365,69.4000,69.4200,69.4000,69.4200,600
1474052421,69.3800,69.3800,69.3800,69.3800,1700
1474052512,69.3800,69.3800,69.3800,69.3800,800
1474052559,69.4100,69.4100,69.3900,69.3900,900
1474052646,69.4200,69.4200,69.4150,69.4200,700
1474052702,69.4200,69.4200,69.4200,69.4200,1100
1474052785,69.4200,69.4225,69.4100,69.4200,900
1474052836,69.4200,69.4200,69.4100,69.4200,600
1474052930,69.4500,69.4500,69.4400,69.4400,1000
1474052975,69.4500,69.4500,69.4500,69.4500,2000
1474053002,69.4500,69.4600,69.4200,69.4400,3900
1474053082,69.4100,69.4200,69.4100,69.4200,500
1474053121,69.3900,69.3900,69.3850,69.3850,1100
1474053184,69.4200,69.4400,69.4050,69.4050,2300
1474053298,69.4600,69.4700,69.4200,69.4200,800
1474053302,69.4700,69.4700,69.4600,69.4600,2300
1474053376,69.4500,69.4600,69.4400,69.4600,900
1474053431,69.4900,69.4900,69.4600,69.4600,1800
1474053513,69.4900,69.4900,69.4900,69.4900,600
1474053584,69.4800,69.4865,69.4800,69.4835,1300
1474053602,69.5000,69.5000,69.4800,69.4800,2200
1474053664,69.5100,69.5100,69.5000,69.5000,600
1474053778,69.5100,69.5100,69.5100,69.5100,700
1474053790,69.4800,69.5200,69.4800,69.5100,2200
1474053858,69.4700,69.4800,69.4650,69.4800,1700
1474053902,69.4700,69.4750,69.4700,69.4750,1800
1474053974,69.4700,69.4700,69.4550,69.4600,1400
1474054026,69.4650,69.4650,69.4600,69.4600,700
1474054136,69.4500,69.4600,69.4400,69.4600,2000
1474054149,69.4600,69.4600,69.4600,69.4600,800
1474054258,69.5000,69.5200,69.4500,69.4600,7300
1474054312,69.5700,69.5700,69.5000,69.5000,1900
1474054379,69.5600,69.5600,69.5550,69.5600,1900
1474054386,69.5700,69.5800,69.5600,69.5600,2200
1474054460,69.5600,69.5700,69.5600,69.5700,1400
1474054503,69.5400,69.5500,69.5350,69.5500,3600
1474054617,69.5200,69.5500,69.5200,69.5400,2100
1474054621,69.5100,69.5200,69.5100,69.5200,700
1474054684,69.5005,69.5100,69.4900,69.5100,4900
1474054749,69.5200,69.5300,69.5000,69.5000,4100
1474054801,69.5200,69.5200,69.4950,69.5200,4900
1474054916,69.5100,69.5200,69.5100,69.5200,3900
1474054921,69.5100,69.5100,69.5000,69.5100,2900
1474054981,69.5350,69.5400,69.5200,69.5200,2400
1474055054,69.5400,69.5450,69.5400,69.5400,1200
1474055100,69.5500,69.5500,69.5350,69.5400,5700
1474055167,69.5400,69.5500,69.5200,69.5500,4900
1474055234,69.5600,69.5600,69.5500,69.5500,2200
1474055288,69.5600,69.5600,69.5500,69.5600,2300
1474055395,69.6000,69.6100,69.5700,69.5700,4200
1474055400,69.5600,69.6200,69.5600,69.6100,8700
1474055461,69.5500,69.5500,69.5400,69.5500,7800
1474055528,69.5400,69.5600,69.5400,69.5500,5900
1474055586,69.5300,69.5400,69.5200,69.5400,5900
1474055641,69.5300,69.5400,69.5200,69.5200,5900
1474055702,69.5200,69.5300,69.5200,69.5284,3600
1474055818,69.5400,69.5400,69.5250,69.5300,10400
1474055821,69.5100,69.5400,69.5100,69.5300,7900
1474055882,69.4400,69.5100,69.4400,69.5100,17400
1474055940,69.4600,69.4800,69.4300,69.4450,36500
1474056000,69.4700,69.4700,69.4700,69.4700,264500
