uri:/instrument/1.0/PRGO/chartdata;type=quote;range=1d/csv
ticker:prgo
Company-Name:Perrigo Company plc Ordinary Sh
Exchange-Name:NYQ
unit:MIN
timezone:EDT
currency:USD
gmtoffset:-14400
previous_close:95.2300
Timestamp:1473773400,1473796800
labels:1473775200,1473778800,1473782400,1473786000,1473789600,1473793200,1473796800
values:Timestamp,close,high,low,open,volume
close:92.3700,93.9600
high:92.4300,93.9700
low:92.3608,93.8600
open:92.3700,93.9500
volume:100,265400
1473775504,93.3100,93.3500,93.3000,93.3100,265400
1473775758,93.4300,93.4300,93.3700,93.3700,5000
1473775856,93.0900,93.3000,93.0900,93.3000,2100
1473775860,93.0700,93.1500,93.0700,93.1400,9600
1473775925,93.0000,93.1000,93.0000,93.1000,3600
1473776030,93.0000,93.0004,92.9700,92.9800,2700
1473776041,93.0600,93.0600,93.0100,93.0200,4100
1473776109,93.4800,93.4890,93.1900,93.2000,5100
1473776168,93.2500,93.4100,93.2500,93.4100,4100
1473776227,93.3000,93.3200,93.2500,93.3000,2500
1473776337,93.3375,93.4000,93.3100,93.3100,1400
1473776342,93.2498,93.3300,93.0900,93.3300,3000
1473776448,93.1700,93.1700,92.9700,93.1450,1600
1473776470,93.1000,93.1500,93.1000,93.1400,1200
1473776576,93.1900,93.1900,93.1200,93.1600,2300
1473776582,93.1900,93.2000,93.1400,93.1400,1600
1473776699,93.2850,93.3200,93.2500,93.2500,2000
1473776759,93.3000,93.3000,93.1800,93.2500,5100
1473776818,93.5550,93.5600,93.3200,93.3200,5500
1473776879,93.3000,93.5300,93.2900,93.5200,5300
1473776925,93.4400,93.4800,93.2800,93.3300,2900
1473776995,93.3100,93.4500,93.2900,93.4500,3500
1473777002,93.3100,93.3550,93.2700,93.3200,3500
1473777112,93.2000,93.3700,93.2000,93.3700,5600
1473777179,93.1600,93.3200,93.1600,93.2300,9100
1473777180,93.0800,93.1600,92.9000,93.1600,5200
1473777298,93.1900,93.1900,93.0300,93.1000,1600
1473777300,93.2899,93.2899,93.1900,93.1900,5500
1473777381,93.1300,93.2550,93.0900,93.2200,4000
1473777463,93.0800,93.1200,93.0400,93.1200,1200
1473777482,93.0000,93.0700,93.0000,93.0700,2800
1473777548,93.1600,93.1600,93.0000,93.0000,1600
1473777616,93.0900,93.1000,93.0500,93.1000,4100
1473777716,93.3400,93.3400,93.1250,93.1250,2100
1473777743,93.1900,93.3200,93.1900,93.2700,2100
1473777831,93.1200,93.1200,93.1200,93.1200,100
1473777892,93.0900,93.1200,93.0900,93.1200,1400
1473777901,93.3400,93.3400,93.1400,93.1500,4800
1473777976,93.4300,93.4300,93.4300,93.4300,200
1473778076,93.3200,93.3900,93.2900,93.3700,5000
1473778084,93.2900,93.3586,93.2900,93.3200,2700
1473778184,93.1300,93.3800,93.1300,93.3600,5100
1473778258,93.0700,93.1000,93.0700,93.0800,2700
1473778304,93.0825,93.1700,93.0300,93.0400,5700
1473778360,93.1050,93.1150,93.0700,93.0900,3000
1473778383,93.0900,93.1200,93.0500,93.0600,1800
1473778476,93.0500,93.1200,93.0500,93.1200,63000
1473778502,93.1100,93.1100,93.0900,93.0900,3900
1473778612,93.0500,93.1400,93.0500,93.1300,13200
1473778623,92.9700,93.0600,92.9700,93.0600,4900
1473778729,92.9450,93.0000,92.9350,92.9700,5000
1473778782,93.0100,93.0100,92.9400,92.9600,5400
1473778851,92.9600,93.0200,92.9400,93.0000,5200
1473778861,92.9000,92.9400,92.9000,92.9400,2300
1473778923,92.8400,92.9000,92.8400,92.9000,9400
1473778987,92.8726,92.8800,92.8500,92.8500,1000
1473779052,92.8300,92.8800,92.8000,92.8800,6000
1473779126,92.8700,92.8700,92.8000,92.8000,3400
1473779217,92.8700,92.8950,92.8700,92.8760,5100
1473779278,92.8900,92.9000,92.8500,92.8500,1100
1473779320,92.8750,92.8850,92.8500,92.8800,2300
1473779344,92.8200,92.8800,92.8000,92.8550,14600
1473779458,92.8250,92.8400,92.7200,92.8100,15500
1473779462,92.7600,92.8400,92.7500,92.8000,10900
1473779524,92.7300,92.7500,92.7000,92.7500,2500
1473779584,92.6500,92.7400,92.6200,92.7400,10600
1473779683,92.6700,92.7200,92.6500,92.6500,3400
1473779704,92.6700,92.6700,92.6200,92.6300,5900
1473779763,92.6500,92.6500,92.6100,92.6200,19900
1473779820,92.8000,92.8400,92.6900,92.6900,13800
1473779939,92.7900,92.8300,92.7500,92.8000,12300
1473779997,92.6900,92.7900,92.6900,92.7900,2700
1473780000,92.7000,92.7300,92.6900,92.6900,11200
1473780117,92.7300,92.7300,92.6500,92.7100,7500
1473780121,92.6900,92.7200,92.6400,92.7100,13000
1473780181,92.6800,92.7180,92.6799,92.6900,3500
1473780299,92.7000,92.7000,92.6700,92.6700,3100
1473780301,92.7900,92.8000,92.6900,92.6900,4200
1473780367,92.7300,92.8000,92.7300,92.8000,1600
1473780443,92.7500,92.7700,92.7300,92.7300,1300
1473780482,92.5500,92.7450,92.5500,92.7100,4200
1473780598,92.4900,92.5500,92.4900,92.5300,3100
1473780604,92.6150,92.6700,92.4900,92.4900,4600
1473780695,92.6400,92.6400,92.6400,92.6400,200
1473780724,92.6700,92.6800,92.6100,92.6700,3200
1473780839,92.5800,92.6700,92.5700,92.6600,4400
1473780899,92.6000,92.6000,92.5800,92.5800,300
1473780951,92.6900,92.7050,92.5700,92.5700,2400
1473781018,92.7400,92.7700,92.5900,92.6500,3900
1473781072,92.8600,92.8600,92.7600,92.7700,2100
1473781098,92.8400,92.9200,92.8400,92.9200,1100
1473781193,92.7300,92.8400,92.7200,92.8200,5400
1473781255,92.7800,92.7900,92.6600,92.7200,10500
1473781260,92.8800,92.9000,92.7900,92.7900,13500
1473781374,92.7600,92.8200,92.6500,92.8200,2600
1473781419,92.7900,92.7900,92.7900,92.7900,300
1473781491,92.8550,92.8900,92.8100,92.8100,1600
1473781510,92.7100,92.8300,92.6800,92.8300,3700
1473781579,92.6700,92.7000,92.6600,92.6900,1300
1473781620,92.5950,92.6500,92.5800,92.6500,2200
1473781680,92.4300,92.5700,92.4300,92.5700,2600
1473781799,92.4200,92.4600,92.3608,92.4100,10900
1473781803,92.4200,92.5000,92.3700,92.4100,14200
1473781862,92.4800,92.5000,92.4000,92.4000,6900
1473781975,92.3700,92.4300,92.3700,92.4100,3400
1473782029,92.4600,92.4600,92.3700,92.4100,3000
1473782052,92.5500,92.5500,92.4900,92.5300,2000
1473782143,92.5000,92.5500,92.4800,92.5100,4200
1473782211,92.5300,92.5300,92.5300,92.5300,900
1473782276,92.6600,92.6800,92.5300,92.5300,1300
1473782333,92.5600,92.6800,92.5600,92.6800,2500
1473782353,92.7700,92.7700,92.6300,92.6300,1700
1473782451,92.8500,92.8500,92.7300,92.7300,1300
1473782460,92.8800,92.9200,92.8600,92.8600,1800
1473782545,92.8150,92.8650,92.7700,92.8500,4200
1473782624,92.7800,92.7900,92.7700,92.7700,1600
1473782649,92.8700,92.8700,92.8000,92.8000,600
1473782710,93.0200,93.0200,92.8526,92.8800,1300
1473782807,92.9600,93.0300,92.9500,93.0300,4000
1473782820,93.0300,93.0300,92.9600,92.9600,1000
1473782924,93.1500,93.1600,93.0700,93.0700,1300
1473782995,93.2000,93.2000,93.2000,93.2000,1200
1473783031,93.1600,93.2500,93.1500,93.1850,4200
1473783119,93.1900,93.2300,93.1700,93.1700,1600
1473783175,93.1700,93.2750,93.1700,93.2400,2200
1473783239,93.2900,93.3050,93.1500,93.1500,1900
1473783295,93.4000,93.4000,93.3100,93.3100,1400
1473783300,93.3400,93.3900,93.3360,93.3700,1200
1473783362,93.3300,93.3600,93.3000,93.3600,2300
1473783470,93.3300,93.3300,93.3000,93.3300,1900
1473783539,93.2800,93.3300,93.2600,93.3000,1800
1473783540,93.2000,93.2600,93.2000,93.2100,2700
1473783712,92.9800,93.1600,92.9800,93.1600,2800
1473783778,93.1500,93.1600,93.0000,93.0000,5200
1473783781,93.0200,93.1200,93.0200,93.1200,1300
1473783885,93.0700,93.1200,93.0400,93.0800,2300
1473783956,93.1400,93.1400,93.1400,93.1400,200
1473783969,93.0700,93.0900,93.0700,93.0900,1300
1473784021,93.0500,93.0600,93.0000,93.0500,1600
1473784132,93.0400,93.0800,93.0300,93.0300,900
1473784197,93.0300,93.0600,93.0300,93.0450,2500
1473784219,93.0300,93.0400,93.0100,93.0100,1000
1473784308,93.0350,93.0350,93.0350,93.0350,200
1473784379,93.0800,93.0800,93.0401,93.0500,2100
1473784386,93.0600,93.0800,93.0300,93.0600,1800
1473784492,93.0544,93.0700,93.0450,93.0450,300
1473784509,92.9600,93.0900,92.9500,93.0900,3300
1473784662,93.0700,93.0700,92.9900,92.9900,400
1473784682,93.0300,93.0500,93.0300,93.0500,400
1473784792,93.0800,93.0800,93.0600,93.0600,500
1473784826,93.0450,93.0800,93.0450,93.0600,3400
1473784886,93.0100,93.0600,92.9800,93.0500,1400
1473784930,92.8800,93.0000,92.8800,93.0000,1300
1473784992,92.9300,92.9300,92.8500,92.8500,1600
1473785099,92.9400,92.9900,92.9300,92.9900,2100
1473785157,92.7600,92.9500,92.7600,92.9500,14200
1473785216,92.7700,92.8300,92.7700,92.7800,7600
1473785223,92.8000,92.8000,92.7400,92.7600,11700
1473785281,92.7800,92.7900,92.7600,92.7900,6100
1473785383,92.7999,92.7999,92.7600,92.7800,500
1473785443,92.7800,92.7800,92.7800,92.7800,400
1473785465,92.6500,92.7800,92.6100,92.7800,3500
1473785578,92.6900,92.7300,92.6700,92.6700,12400
1473785639,92.5900,92.7200,92.5900,92.7200,3100
1473785641,92.5800,92.5900,92.5500,92.5900,4300
1473785713,92.5300,92.5700,92.5300,92.5700,4900
1473785760,92.5300,92.5700,92.5200,92.5300,16700
1473785868,92.5800,92.5800,92.5100,92.5500,17100
1473785931,92.5800,92.5800,92.5000,92.5600,1600
1473785944,92.6400,92.6400,92.5900,92.5900,1000
1473786016,92.6600,92.6700,92.6300,92.6600,2100
1473786110,92.6300,92.6400,92.6300,92.6400,1000
1473786147,92.5600,92.5600,92.5500,92.5600,600
1473786235,92.5900,92.6300,92.5700,92.5700,1700
1473786298,92.6600,92.6600,92.5700,92.5900,12300
1473786300,92.7000,92.7000,92.6500,92.6600,3200
1473786361,92.7500,92.7700,92.6600,92.7100,12400
1473786420,92.7300,92.7601,92.7000,92.7500,13700
1473786500,92.8795,92.8795,92.7700,92.7700,800
1473786594,92.8200,92.9200,92.8200,92.9000,1500
1473786650,92.7300,92.8100,92.7300,92.8100,1700
1473786665,92.7400,92.7400,92.6500,92.7200,2900
1473786732,92.8000,92.8000,92.7400,92.7700,900
1473786787,92.8699,92.8699,92.8000,92.8000,1400
1473786896,92.9600,92.9600,92.9300,92.9300,1100
1473786943,93.0900,93.0900,92.9200,92.9300,2000
1473786960,93.2250,93.2500,93.0847,93.0847,1500
1473787022,93.1400,93.1950,93.1100,93.1900,3900
1473787124,93.2100,93.2400,93.1900,93.1900,2800
1473787146,93.3483,93.3483,93.2700,93.2700,2500
1473787246,93.4010,93.4900,93.4010,93.4300,4700
1473787282,93.3200,93.4200,93.3200,93.3594,2800
1473787373,93.2435,93.3200,93.2435,93.3200,1100
1473787434,93.1800,93.2600,93.1600,93.2600,1500
1473787559,93.1500,93.1500,93.0600,93.1500,10700
1473787560,93.1300,93.2200,93.0800,93.1500,17300
1473787632,93.2000,93.2000,93.1400,93.1500,2200
1473787692,93.3300,93.3300,93.2300,93.2300,1200
1473787799,93.4400,93.5000,93.3700,93.3700,1600
1473787859,93.5700,93.6199,93.4200,93.4400,4200
1473787875,93.4400,93.5400,93.4400,93.5400,1300
1473787921,93.4100,93.4700,93.3700,93.4600,1200
1473787980,93.2900,93.4300,93.2900,93.4300,2300
1473788094,93.2700,93.2700,93.2600,93.2600,700
1473788159,93.1900,93.3000,93.1900,93.2300,2300
1473788162,93.2200,93.2600,93.2000,93.2000,800
1473788278,93.3200,93.4000,93.2200,93.3100,16900
1473788327,93.2400,93.2900,93.1600,93.2900,4200
1473788362,93.1700,93.2400,93.1600,93.2400,2600
1473788411,93.1100,93.1615,93.1100,93.1615,1000
1473788466,92.9400,93.1400,92.9300,93.1100,4300
1473788579,92.8400,92.9400,92.8000,92.9250,18100
1473788580,92.7400,92.8300,92.7100,92.8101,4300
1473788686,92.8500,92.9000,92.8200,92.8200,3700
1473788700,92.9600,92.9900,92.8800,92.8800,3100
1473788764,92.9600,92.9600,92.9300,92.9300,500
1473788878,92.9200,92.9200,92.9000,92.9200,3100
1473788880,92.9466,92.9800,92.9300,92.9300,1400
1473788944,92.9400,93.0100,92.9400,92.9700,600
1473789010,92.9600,93.0000,92.9600,92.9700,1400
1473789061,92.8200,92.9400,92.8200,92.9400,2900
1473789129,92.8200,92.8200,92.7800,92.7800,900
1473789218,92.7500,92.8200,92.7500,92.8100,8300
1473789240,92.7400,92.8400,92.7200,92.7500,13300
1473789343,92.7700,92.8000,92.7000,92.7800,6100
1473789380,92.7700,92.8200,92.7500,92.8200,1100
1473789479,92.6600,92.7500,92.6000,92.7500,3800
1473789508,92.7000,92.7700,92.6800,92.6900,5800
1473789543,92.6900,92.7000,92.6600,92.6600,1900
1473789600,92.6000,92.6900,92.5800,92.6600,3500
1473789766,92.7400,92.7400,92.6050,92.6050,3000
1473789780,92.8000,92.8000,92.6900,92.7000,3300
1473789896,92.8600,92.9100,92.8100,92.8100,4100
1473789900,92.7300,92.8900,92.7200,92.8900,2900
1473790009,92.7700,92.7700,92.7200,92.7500,1800
1473790026,92.8600,92.8600,92.7900,92.8000,2500
1473790083,92.8700,92.9000,92.8700,92.8700,1600
1473790148,92.9200,92.9200,92.8900,92.8900,400
1473790256,92.7400,92.8700,92.7400,92.8500,2200
1473790260,92.7300,92.7400,92.7000,92.7400,3100
1473790336,92.7500,92.7900,92.7100,92.7100,4100
1473790389,92.8100,92.8100,92.7400,92.7500,900
1473790495,92.7700,92.8450,92.7700,92.8100,1700
1473790559,92.7200,92.7500,92.6900,92.7400,10800
1473790619,92.7200,92.7600,92.6200,92.7100,11400
1473790675,92.6300,92.7100,92.6200,92.7100,14700
1473790681,92.6100,92.6500,92.6000,92.6400,2400
1473790740,92.5270,92.6200,92.5000,92.6100,4300
1473790829,92.4900,92.5400,92.4700,92.5400,4900
1473790919,92.4501,92.5100,92.4501,92.5100,14400
1473790962,92.5300,92.5300,92.4850,92.4850,800
1473791023,92.5595,92.5595,92.5300,92.5300,1500
1473791098,92.4800,92.5400,92.4501,92.5200,2100
1473791100,92.5000,92.5200,92.4400,92.5100,2800
1473791174,92.5300,92.5600,92.4900,92.5200,1700
1473791221,92.4869,92.5300,92.4600,92.5300,2600
1473791323,92.4800,92.5400,92.4730,92.5000,1400
1473791340,92.5200,92.5300,92.4800,92.4800,2600
1473791407,92.4800,92.5100,92.4800,92.5100,2000
1473791466,92.5200,92.5225,92.4900,92.4900,1900
1473791523,92.4900,92.5500,92.4900,92.5300,4300
1473791612,92.3800,92.4400,92.3800,92.4400,3300
1473791692,92.4800,92.4800,92.3700,92.3700,2000
1473791701,92.5200,92.5500,92.5000,92.5000,2200
1473791804,92.6300,92.6600,92.5500,92.5500,2500
1473791821,92.6300,92.6600,92.6300,92.6600,1100
1473791939,92.6600,92.6600,92.6400,92.6400,2000
1473791944,92.6200,92.6700,92.5800,92.6700,2300
1473792002,92.6300,92.7200,92.6300,92.6600,3500
1473792088,92.6000,92.6300,92.6000,92.6300,1400
1473792128,92.7000,92.7400,92.6300,92.6300,1600
1473792238,92.7400,92.7400,92.6900,92.7200,2200
1473792241,92.7900,92.8400,92.7200,92.7600,4000
1473792300,92.8700,92.8800,92.7600,92.7900,13800
1473792418,92.8900,92.9300,92.8500,92.8550,12800
1473792475,92.9000,93.0100,92.8900,92.8900,12200
1473792480,92.8850,92.9700,92.8700,92.9400,7600
1473792541,92.9400,92.9400,92.8500,92.8500,3700
1473792649,92.9300,92.9500,92.9200,92.9200,2800
1473792704,92.9800,92.9800,92.9200,92.9500,1900
1473792776,93.0400,93.0500,92.9300,92.9500,11400
1473792835,93.0900,93.1100,93.0600,93.0800,7600
1473792891,93.0900,93.1200,93.0600,93.1000,5800
1473792903,93.1700,93.1700,93.1000,93.1000,3700
1473793019,93.1500,93.2000,93.1200,93.1600,26000
1473793020,93.1217,93.1500,93.1100,93.1500,17200
1473793088,93.1600,93.1600,93.1200,93.1200,1400
1473793145,93.1200,93.1600,93.1100,93.1500,6500
1473793201,93.0700,93.1500,93.0700,93.1200,2500
1473793288,93.1500,93.1500,93.0900,93.1100,1100
1473793320,93.0400,93.1600,92.9900,93.1500,4700
1473793407,93.0100,93.0400,93.0100,93.0400,2000
1473793447,93.0030,93.0500,93.0000,93.0500,1500
1473793550,93.0200,93.0790,93.0200,93.0400,2000
1473793616,93.0400,93.0500,93.0000,93.0300,2200
1473793622,93.0900,93.0900,93.0700,93.0800,1500
1473793695,93.1200,93.1500,93.1200,93.1300,4000
1473793799,93.1400,93.1400,93.0800,93.1200,12600
1473793856,93.1800,93.1800,93.1600,93.1600,1400
1473793917,93.1700,93.1800,93.1500,93.1800,9100
1473793974,93.1500,93.1800,93.1300,93.1800,9600
1473793980,93.1600,93.1900,93.1400,93.1600,8700
1473794099,93.1700,93.1800,93.1300,93.1600,1800
1473794100,93.3000,93.3100,93.1700,93.1700,3400
1473794195,93.4800,93.4800,93.3253,93.3253,2500
1473794230,93.5400,93.5400,93.4400,93.4500,6000
1473794286,93.5300,93.5700,93.5200,93.5600,3400
1473794342,93.5302,93.5700,93.5200,93.5400,1600
1473794445,93.6500,93.6800,93.5400,93.5700,3400
1473794510,93.5500,93.6800,93.5400,93.6800,4000
1473794570,93.5200,93.5800,93.5200,93.5700,3000
1473794584,93.5300,93.5500,93.5000,93.5400,3300
1473794640,93.4800,93.5600,93.4800,93.5200,4000
1473794745,93.5200,93.5200,93.4600,93.4800,1200
1473794760,93.5600,93.5700,93.5200,93.5600,4300
1473794824,93.6200,93.6200,93.5400,93.5400,2100
1473794883,93.6700,93.7000,93.6200,93.6200,2100
1473794947,93.6600,93.7400,93.6300,93.7200,5900
1473795027,93.6400,93.6400,93.6300,93.6400,3200
1473795068,93.6700,93.7500,93.6500,93.6500,4500
1473795133,93.8100,93.8550,93.7200,93.7200,2700
1473795183,93.7600,93.7800,93.7200,93.7700,4100
1473795240,93.7700,93.8100,93.7300,93.7800,5500
1473795305,93.7300,93.7850,93.7200,93.7500,3600
1473795416,93.8200,93.8400,93.7700,93.7700,3000
1473795422,93.7550,93.8000,93.7200,93.8000,5800
1473795481,93.8400,93.8800,93.7600,93.7600,6300
1473795592,93.8950,93.8950,93.8500,93.8500,6200
1473795600,93.8700,93.9000,93.8600,93.8800,19400
1473795661,93.7400,93.8700,93.6500,93.8400,22100
1473795775,93.7100,93.7500,93.7100,93.7300,5200
1473795791,93.6700,93.6800,93.6200,93.6800,5000
1473795841,93.6300,93.6700,93.6000,93.6500,6400
1473795905,93.5700,93.5900,93.5400,93.5800,11400
1473795960,93.5900,93.5900,93.5400,93.5500,6600
1473796023,93.6600,93.6600,93.5500,93.5600,7900
1473796130,93.6400,93.6400,93.6100,93.6300,6000
1473796198,93.6700,93.6700,93.6300,93.6650,3100
1473796200,93.9100,93.9200,93.6700,93.6700,9200
1473796260,93.8200,93.8900,93.7700,93.8900,8900
1473796376,93.8300,93.8500,93.7600,93.8500,5600
1473796436,93.9100,93.9500,93.8200,93.8400,6900
1473796443,93.9600,93.9700,93.8500,93.9200,11300
1473796545,93.8600,93.9700,93.8400,93.9500,6900
1473796618,93.7900,93.8800,93.7600,93.8800,10500
1473796679,93.7300,93.7900,93.6400,93.7700,12600
1473796732,93.6300,93.7382,93.6300,93.7100,12800
1473796740,93.6200,93.7000,93.6200,93.6250,16200
1473796800,93.6100,93.6100,93.6100,93.6100,4200
