uri:/instrument/1.0/AAPL/chartdata;type=quote;range=1d/csv
ticker:aapl
Company-Name:Apple Inc.
Exchange-Name:NMS
unit:MIN
timezone:EDT
currency:USD
gmtoffset:-14400
previous_close:103.1300
Timestamp:1473687000,1473710400
labels:1473688800,1473692400,1473696000,1473699600,1473703200,1473706800,1473710400
values:Timestamp,close,high,low,open,volume
close:102.8400,105.6975
high:103.0100,105.7200
low:102.6000,105.6400
open:102.6500,105.6900
volume:100,1185400
1473687000,102.8400,103.0100,102.6000,102.6500,1185400
1473687081,103.1200,103.2100,102.9600,102.9650,481200
1473687173,103.3899,103.4550,103.2575,103.2600,660400
1473687180,103.6400,103.6400,103.3258,103.3850,290200
1473687299,103.6400,103.6400,103.4700,103.5300,353700
1473687302,103.9900,104.0300,103.6000,103.7000,723000
1473687364,104.1900,104.1900,103.9900,104.0100,499200
1473687479,104.1500,104.3000,104.1401,104.1900,485200
1473687480,104.0500,104.1500,104.0000,104.1500,255000
1473687540,104.2200,104.2300,103.9599,104.0500,343300
1473687600,104.2000,104.2700,104.1800,104.2401,361400
1473687662,103.9700,104.2600,103.9641,104.2401,234200
1473687779,103.9399,103.9900,103.9065,103.9661,175900
1473687780,103.9200,104.0700,103.9200,103.9400,187600
1473687841,103.7763,103.9400,103.7700,103.9400,164600
1473687959,103.6900,103.8100,103.6710,103.7800,200000
1473687960,103.6200,103.6900,103.5900,103.6900,161200
1473688077,103.6800,103.7200,103.6100,103.6200,147200
1473688137,103.6900,103.7500,103.6350,103.6799,124300
1473688146,103.6800,103.7300,103.5910,103.6700,126900
1473688201,103.7900,103.8400,103.6800,103.6800,197200
1473688263,103.9200,103.9400,103.7600,103.7800,181500
1473688377,103.9100,103.9500,103.8547,103.9200,130800
1473688380,103.9200,103.9700,103.8836,103.9200,136800
1473688441,103.9341,103.9600,103.8400,103.9200,133500
1473688559,104.0900,104.0900,103.9058,103.9199,245400
1473688560,104.1300,104.1800,104.0900,104.0900,140900
1473688623,104.1100,104.1500,104.0900,104.1400,133600
1473688737,104.1699,104.2100,104.0900,104.1100,96000
1473688742,104.2350,104.2400,104.1300,104.1650,152200
1473688800,104.2700,104.3000,104.2100,104.2320,217900
1473688860,104.3600,104.3700,104.2500,104.2700,199800
1473688979,104.4000,104.4099,104.2800,104.3550,251600
1473688981,104.4900,104.5000,104.3500,104.3850,250300
1473689099,104.6200,104.6400,104.4600,104.4800,320200
1473689108,104.5000,104.6600,104.4800,104.6600,356600
1473689219,104.4100,104.4800,104.3900,104.4700,173300
1473689224,104.3900,104.4400,104.3750,104.4100,126800
1473689280,104.3650,104.3800,104.3400,104.3700,111800
1473689341,104.3000,104.3750,104.2900,104.3604,142600
1473689459,104.3400,104.3400,104.2300,104.2900,158000
1473689519,104.3740,104.4300,104.3300,104.3393,156500
1473689520,104.4000,104.4207,104.3207,104.3748,72400
1473689580,104.3400,104.4000,104.3400,104.4000,83800
1473689699,104.3700,104.3850,104.3000,104.3400,72100
1473689702,104.3500,104.3900,104.3200,104.3700,67300
1473689762,104.2701,104.3700,104.2700,104.3200,54400
1473689820,104.2800,104.3100,104.1910,104.2700,134000
1473689881,104.3400,104.3400,104.2410,104.2900,78400
1473689999,104.4450,104.4700,104.3300,104.3300,119800
1473690059,104.4700,104.4892,104.3860,104.4500,118800
1473690066,104.5750,104.6200,104.4850,104.4850,137000
1473690120,104.5300,104.5850,104.5100,104.5800,86100
1473690239,104.5350,104.5800,104.5200,104.5353,218500
1473690299,104.5000,104.5500,104.4900,104.5360,66700
1473690300,104.6850,104.6900,104.5000,104.5000,149900
1473690360,104.5556,104.6800,104.5556,104.6800,75000
1473690427,104.5644,104.5899,104.5263,104.5500,61000
1473690487,104.4725,104.5800,104.4700,104.5800,84000
1473690540,104.4600,104.5400,104.4100,104.4800,82700
1473690600,104.5299,104.5300,104.3800,104.4700,104000
1473690661,104.6200,104.6200,104.5207,104.5300,121300
1473690720,104.6400,104.6500,104.5700,104.6200,104600
1473690780,104.7107,104.7200,104.6400,104.6400,135400
1473690840,104.6000,104.7201,104.6000,104.7159,140300
1473690959,104.4400,104.6100,104.4400,104.6050,77800
1473690960,104.6200,104.6500,104.4450,104.4482,172000
1473691020,104.5100,104.6300,104.5100,104.6250,90600
1473691139,104.5600,104.5700,104.5000,104.5150,84400
1473691140,104.6000,104.6100,104.5500,104.5600,84700
1473691200,104.5400,104.6050,104.5200,104.6050,55900
1473691319,104.5950,104.6000,104.5300,104.5400,53300
1473691379,104.6500,104.6500,104.5850,104.5940,123100
1473691439,104.5933,104.6900,104.5900,104.6450,86700
1473691440,104.6200,104.6400,104.6000,104.6000,60200
1473691559,104.5100,104.6400,104.5100,104.6150,134100
1473691560,104.4537,104.5200,104.4300,104.5200,125200
1473691679,104.2810,104.4400,104.2500,104.4400,111200
1473691739,104.3800,104.3800,104.2900,104.2900,102700
1473691799,104.4400,104.4400,104.3410,104.3725,123600
1473691800,104.4400,104.4650,104.4200,104.4400,80800
1473691860,104.5300,104.5400,104.4300,104.4400,88800
1473691920,104.5133,104.5250,104.4200,104.5200,62500
1473692039,104.4636,104.5500,104.4500,104.5100,41900
1473692099,104.4750,104.5100,104.4600,104.4700,48500
1473692159,104.4300,104.5000,104.4300,104.4700,68700
1473692160,104.5600,104.5800,104.4300,104.4300,74700
1473692221,104.5801,104.6000,104.5233,104.5700,61300
1473692280,104.5900,104.6200,104.5200,104.5800,51300
1473692340,104.6000,104.6030,104.5600,104.5900,52700
1473692459,104.7200,104.7500,104.6000,104.6000,118100
1473692519,104.7200,104.7600,104.6900,104.7200,74100
1473692579,104.8300,104.8400,104.6900,104.7200,127900
1473692580,104.8450,104.8700,104.8100,104.8400,108700
1473692699,104.9050,104.9300,104.8400,104.8500,157600
1473692700,104.9400,105.0000,104.9000,104.9000,183300
1473692819,104.9601,104.9800,104.9310,104.9400,69000
1473692879,104.9000,105.0000,104.9000,104.9600,128900
1473692880,104.9500,104.9850,104.9000,104.9100,75500
1473692999,104.9248,104.9900,104.9100,104.9500,123900
1473693000,104.8500,104.9300,104.8300,104.9300,86200
1473693119,104.8100,104.8592,104.8000,104.8500,82500
1473693120,104.8400,104.8600,104.7800,104.8000,68000
1473693239,104.8000,104.8700,104.7700,104.8400,94700
1473693240,104.8127,104.8400,104.7900,104.7907,33200
1473693300,104.8100,104.8600,104.7600,104.8199,53300
1473693360,104.7800,104.8400,104.7700,104.8200,45500
1473693477,104.7950,104.8600,104.7800,104.7800,44300
1473693480,104.7200,104.7950,104.7200,104.7900,65800
1473693541,104.7339,104.7800,104.6800,104.7200,91500
1473693659,104.7100,104.7350,104.6900,104.7300,80700
1473693660,104.6800,104.7400,104.6600,104.7100,54600
1473693720,104.6800,104.7100,104.6720,104.6900,51400
1473693838,104.7630,104.7800,104.6800,104.6806,94400
1473693898,104.7929,104.7929,104.6900,104.7600,86400
1473693901,104.7675,104.8099,104.7400,104.8000,51400
1473694019,104.7850,104.8100,104.7650,104.7650,48400
1473694020,104.7400,104.8100,104.7300,104.7800,61000
1473694080,104.7500,104.7600,104.7200,104.7400,65300
1473694199,104.7750,104.7900,104.7300,104.7400,39300
1473694200,104.7350,104.7850,104.7200,104.7700,34900
1473694261,104.6657,104.7500,104.6600,104.7400,73500
1473694320,104.5400,104.6800,104.5300,104.6610,140500
1473694439,104.5800,104.5900,104.5200,104.5400,69100
1473694440,104.6200,104.6700,104.5700,104.5700,81500
1473694500,104.6000,104.6290,104.5700,104.6200,43600
1473694619,104.6750,104.7000,104.5950,104.6000,69800
1473694620,104.7900,104.8000,104.6700,104.6800,71000
1473694739,104.8100,104.8452,104.7700,104.7900,102900
1473694799,104.8315,104.8500,104.7500,104.8100,68800
1473694859,104.8200,104.8500,104.7835,104.8300,45500
1473694860,104.8100,104.8400,104.7800,104.8300,46200
1473694979,104.7900,104.8600,104.7700,104.8150,101200
1473695039,104.8050,104.8200,104.7800,104.7883,62200
1473695040,104.6850,104.8210,104.6850,104.8000,58100
1473695159,104.6700,104.6950,104.6200,104.6850,87200
1473695160,104.6300,104.6900,104.6300,104.6635,28500
1473695279,104.6150,104.6500,104.5900,104.6400,42000
1473695280,104.6365,104.6500,104.6200,104.6200,34600
1473695340,104.6100,104.6700,104.5900,104.6300,35400
1473695401,104.6000,104.6300,104.5600,104.6200,46700
1473695462,104.6900,104.7000,104.6044,104.6044,65600
1473695520,104.6900,104.7050,104.6800,104.6800,57600
1473695580,104.7400,104.7800,104.6910,104.7000,131600
1473695699,104.7150,104.7700,104.7100,104.7332,41800
1473695700,104.7000,104.7350,104.6800,104.7135,25900
1473695760,104.7100,104.7200,104.6900,104.7060,25500
1473695821,104.6500,104.7500,104.6500,104.7200,71600
1473695881,104.5699,104.6600,104.5400,104.6500,89300
1473695940,104.5350,104.5701,104.5000,104.5600,93600
1473696000,104.5500,104.5600,104.4600,104.5350,120000
1473696060,104.5100,104.5500,104.5000,104.5401,45200
1473696121,104.4800,104.5100,104.4650,104.5100,59000
1473696180,104.4700,104.5250,104.4600,104.4731,55200
1473696241,104.5000,104.5050,104.4700,104.4750,46400
1473696302,104.4757,104.5060,104.4400,104.5000,68100
1473696362,104.4900,104.5100,104.4500,104.4800,33600
1473696420,104.4800,104.4950,104.4552,104.4900,27400
1473696539,104.4990,104.5200,104.4600,104.4800,42700
1473696540,104.5700,104.5800,104.4989,104.5000,92300
1473696600,104.5600,104.5800,104.5100,104.5500,66300
1473696660,104.5200,104.6000,104.5100,104.5500,56100
1473696721,104.4500,104.5499,104.4400,104.5200,117300
1473696780,104.4210,104.4500,104.4100,104.4500,46500
1473696840,104.4200,104.4300,104.3450,104.4233,87000
1473696958,104.4700,104.5000,104.4214,104.4250,39900
1473697018,104.4750,104.4800,104.4500,104.4700,22300
1473697020,104.5500,104.5500,104.4535,104.4700,55400
1473697139,104.5300,104.6000,104.5100,104.5500,98500
1473697199,104.4648,104.5400,104.4600,104.5300,60200
1473697259,104.4900,104.5100,104.4600,104.4700,60100
1473697260,104.5393,104.5400,104.4858,104.4858,33000
1473697379,104.4500,104.5300,104.4500,104.5300,40500
1473697380,104.4450,104.4600,104.4050,104.4550,91900
1473697440,104.4900,104.5000,104.4500,104.4500,34300
1473697500,104.4859,104.5300,104.4800,104.4900,64500
1473697619,104.5000,104.5100,104.4600,104.4900,43500
1473697620,104.5300,104.5400,104.4800,104.4900,40100
1473697680,104.5000,104.5400,104.5000,104.5200,30100
1473697740,104.5550,104.5700,104.5023,104.5023,41100
1473697800,104.5400,104.6000,104.5400,104.5600,91800
1473697919,104.6000,104.6000,104.5300,104.5335,43300
1473697920,104.6393,104.6400,104.5784,104.5940,74700
1473697982,104.5900,104.6400,104.5700,104.6300,55500
1473698099,104.5600,104.6000,104.5200,104.5900,41000
1473698101,104.5900,104.6000,104.5600,104.5600,24700
1473698219,104.5793,104.6156,104.5700,104.6000,34400
1473698220,104.6000,104.6000,104.5641,104.5700,27100
1473698338,104.5400,104.6000,104.5400,104.5960,34100
1473698398,104.5300,104.5700,104.5100,104.5458,33100
1473698457,104.5386,104.5400,104.5200,104.5300,30200
1473698460,104.4700,104.5300,104.4700,104.5300,59300
1473698520,104.5400,104.5700,104.4800,104.4800,87800
1473698639,104.6000,104.6000,104.5000,104.5500,44500
1473698640,104.6800,104.6900,104.5900,104.6000,41500
1473698759,104.6900,104.6950,104.6600,104.6900,70600
1473698760,104.7700,104.8000,104.6900,104.7000,121000
1473698879,104.7400,104.7650,104.6500,104.7650,97200
1473698938,104.7300,104.7500,104.7000,104.7400,36500
1473698940,104.7200,104.7800,104.7000,104.7300,61400
1473699059,104.6700,104.7400,104.6659,104.7400,43400
1473699060,104.6500,104.6787,104.6400,104.6700,28300
1473699120,104.7800,104.8000,104.6600,104.6600,73400
1473699180,104.8100,104.8300,104.7600,104.7800,305300
1473699240,104.8400,104.8433,104.7600,104.8100,70200
1473699300,104.8100,104.9000,104.7900,104.8348,57900
1473699360,104.8100,104.8500,104.7862,104.8100,54600
1473699421,104.8214,104.8499,104.7901,104.8000,36800
1473699537,104.7800,104.8400,104.7600,104.8235,37700
1473699540,104.7600,104.8050,104.7500,104.7734,43000
1473699659,104.7500,104.8300,104.7500,104.7600,37700
1473699719,104.7800,104.7850,104.7400,104.7500,51200
1473699721,104.7700,104.7900,104.7500,104.7800,28100
1473699786,104.7800,104.8000,104.7500,104.7726,32700
1473699899,104.7700,104.8000,104.7700,104.7810,26000
1473699959,104.7301,104.7800,104.7048,104.7800,45000
1473699960,104.7400,104.7700,104.7200,104.7400,36000
1473700020,104.6858,104.7400,104.6700,104.7300,38100
1473700086,104.6794,104.7070,104.6700,104.6807,29300
1473700141,104.6817,104.7100,104.6600,104.6700,29700
1473700259,104.6837,104.7099,104.6654,104.6865,36900
1473700261,104.6900,104.7150,104.6800,104.6800,33900
1473700321,104.7000,104.7100,104.6850,104.6900,10800
1473700380,104.6800,104.7050,104.6400,104.7000,31300
1473700441,104.6800,104.7400,104.6800,104.6900,75100
1473700559,104.8623,104.9100,104.6900,104.6900,254600
1473700560,104.7777,104.8900,104.7400,104.8668,118700
1473700621,104.7800,104.8600,104.7700,104.7800,76700
1473700739,104.6700,104.7900,104.6400,104.7800,114200
1473700799,104.7237,104.7900,104.6700,104.6700,183400
1473700800,104.7899,104.8135,104.7100,104.7200,55700
1473700860,104.7000,104.8000,104.6900,104.7800,65600
1473700921,104.6200,104.7100,104.6200,104.7000,103300
1473700980,104.5800,104.6300,104.5000,104.6175,167600
1473701099,104.5300,104.6400,104.4700,104.5900,137800
1473701159,104.5400,104.6000,104.5000,104.5301,139500
1473701219,104.5061,104.6240,104.5061,104.5300,74600
1473701277,104.5600,104.5700,104.4800,104.5100,67500
1473701280,104.4700,104.6000,104.4600,104.5700,49700
1473701340,104.4000,104.4700,104.3400,104.4650,226800
1473701459,104.2900,104.4600,104.2500,104.4100,134900
1473701460,104.2900,104.3600,104.2500,104.2911,85500
1473701521,104.3300,104.3900,104.3100,104.3100,79600
1473701639,104.3200,104.3800,104.3100,104.3369,92800
1473701699,104.2860,104.3200,104.2300,104.3100,82300
1473701700,104.2900,104.3700,104.2850,104.2899,55700
1473701760,104.3950,104.3950,104.2846,104.2900,72900
1473701820,104.5800,104.5800,104.3900,104.3900,104400
1473701880,104.6000,104.6211,104.5100,104.5800,93600
1473701999,104.5863,104.6290,104.5400,104.6000,50100
1473702059,104.5490,104.6200,104.5300,104.5800,79500
1473702060,104.5100,104.5700,104.5000,104.5400,46000
1473702121,104.4700,104.5511,104.4700,104.5100,45500
1473702239,104.5500,104.5800,104.4600,104.4700,31900
1473702240,104.5900,104.6000,104.5400,104.5500,34100
1473702359,104.7984,104.8100,104.5900,104.5900,206600
1473702360,104.8200,104.8500,104.7800,104.7900,93000
1473702478,104.8000,104.9000,104.7900,104.8300,90100
1473702539,104.8199,104.8200,104.7500,104.7900,43900
1473702599,104.8800,104.8800,104.7900,104.8200,102200
1473702659,104.9000,104.9100,104.8300,104.8900,78800
1473702660,104.8500,104.9200,104.8400,104.9100,55200
1473702721,104.8600,104.9286,104.8400,104.8400,83000
1473702839,104.9600,104.9600,104.8500,104.8650,88600
1473702899,104.9600,104.9800,104.9300,104.9501,74700
1473702900,104.9600,104.9700,104.9200,104.9600,41900
1473702961,104.9289,104.9700,104.9200,104.9600,57200
1473703079,104.9499,104.9499,104.9100,104.9200,58200
1473703139,104.8900,104.9500,104.8900,104.9400,50000
1473703199,104.9599,105.0100,104.8900,104.9000,243000
1473703256,104.9550,104.9900,104.9300,104.9500,55200
1473703261,104.9400,105.0100,104.9110,104.9598,148700
1473703379,105.0000,105.0100,104.9400,104.9500,89900
1473703380,105.0844,105.1098,105.0000,105.0000,260300
1473703441,105.0800,105.1200,105.0200,105.0800,111900
1473703559,105.0470,105.0798,105.0000,105.0749,58900
1473703560,105.0648,105.0800,105.0027,105.0498,75500
1473703620,105.0650,105.1050,105.0300,105.0600,71000
1473703681,105.1000,105.1100,105.0500,105.0700,80300
1473703740,105.1100,105.1400,105.0500,105.1000,83200
1473703801,105.0900,105.1250,105.0700,105.1200,39000
1473703860,105.0600,105.0950,105.0200,105.0900,40000
1473703920,105.0800,105.0800,105.0490,105.0700,40800
1473704034,105.1000,105.1200,105.0750,105.0900,94400
1473704099,105.1200,105.1200,105.0700,105.1150,74500
1473704159,105.1100,105.1300,105.1000,105.1200,43400
1473704160,105.0689,105.1100,105.0689,105.1050,44100
1473704279,105.0450,105.0800,105.0200,105.0700,45600
1473704280,105.0800,105.0900,105.0400,105.0500,30000
1473704396,105.0750,105.1200,105.0650,105.1000,88700
1473704400,105.1100,105.1200,105.0700,105.0700,61700
1473704519,105.1200,105.1400,105.1056,105.1200,53300
1473704520,105.1300,105.1400,105.1000,105.1200,51600
1473704580,105.1300,105.1800,105.1200,105.1300,76600
1473704699,105.1590,105.2000,105.1190,105.1200,63000
1473704700,105.1500,105.1700,105.1334,105.1550,55900
1473704818,105.1800,105.2000,105.1408,105.1456,53800
1473704820,105.1435,105.2100,105.1435,105.1772,93500
1473704937,105.1739,105.1811,105.1200,105.1500,71500
1473704999,105.1800,105.1800,105.1200,105.1700,61100
1473705000,105.2301,105.2500,105.1700,105.1700,52800
1473705119,105.2600,105.2900,105.2400,105.2400,72100
1473705178,105.3100,105.3200,105.2541,105.2600,41600
1473705180,105.2700,105.3200,105.2600,105.3200,54400
1473705299,105.2450,105.2756,105.2100,105.2670,89800
1473705300,105.2902,105.3000,105.2300,105.2400,48900
1473705419,105.3150,105.3500,105.2850,105.2918,55400
1473705420,105.2600,105.3198,105.2400,105.3150,70900
1473705539,105.2700,105.3100,105.2300,105.2600,72300
1473705599,105.3000,105.3700,105.2700,105.2710,110000
1473705659,105.2800,105.3200,105.2700,105.3000,77700
1473705661,105.2935,105.3000,105.2700,105.2750,27700
1473705777,105.2950,105.3000,105.2900,105.2950,22200
1473705839,105.3200,105.3600,105.3100,105.3200,94800
1473705840,105.3498,105.3700,105.3200,105.3200,54000
1473705958,105.3900,105.4250,105.3500,105.3500,83300
1473705960,105.3100,105.4000,105.3100,105.4000,48700
1473706079,105.2200,105.3207,105.2150,105.3115,132900
1473706080,105.2000,105.2800,105.1700,105.2200,98700
1473706199,105.2400,105.2700,105.1808,105.1808,36300
1473706200,105.2650,105.2900,105.2399,105.2400,41200
1473706260,105.2000,105.2700,105.1910,105.2700,40400
1473706379,105.2601,105.2800,105.2000,105.2000,51400
1473706438,105.3350,105.3500,105.2600,105.2600,102900
1473706440,105.3500,105.3900,105.3100,105.3400,99500
1473706559,105.3500,105.4000,105.3500,105.3600,71400
1473706619,105.4450,105.4600,105.3500,105.3500,108900
1473706620,105.4800,105.5000,105.4300,105.4402,115300
1473706739,105.4625,105.5000,105.4300,105.4831,84100
1473706741,105.4600,105.5000,105.4500,105.4850,64900
1473706800,105.4500,105.4800,105.4500,105.4700,64600
1473706919,105.5500,105.5500,105.4500,105.4600,198700
1473706920,105.5500,105.5500,105.5000,105.5500,118600
1473706980,105.4800,105.5700,105.4800,105.5590,76600
1473707041,105.4500,105.5100,105.4500,105.4900,48800
1473707100,105.5100,105.5100,105.4550,105.4600,58800
1473707160,105.4400,105.5500,105.4300,105.5200,152900
1473707220,105.3700,105.4600,105.3500,105.4400,101500
1473707338,105.4500,105.4700,105.3700,105.3735,68000
1473707340,105.4100,105.4650,105.3500,105.4500,102300
1473707400,105.4700,105.4900,105.4100,105.4100,58500
1473707519,105.4593,105.4700,105.4500,105.4634,15000
1473707579,105.4000,105.4800,105.4000,105.4502,65400
1473707580,105.4541,105.4800,105.4000,105.4000,50600
1473707640,105.4600,105.5000,105.4500,105.4650,47800
1473707759,105.4100,105.4800,105.3900,105.4600,48600
1473707764,105.3590,105.4100,105.3200,105.4100,68100
1473707879,105.3050,105.3700,105.3000,105.3600,45700
1473707880,105.4095,105.4100,105.3100,105.3100,75900
1473707942,105.4200,105.4400,105.4090,105.4090,68800
1473708059,105.4000,105.4100,105.3600,105.4000,52400
1473708061,105.4500,105.4500,105.3800,105.4000,48400
1473708179,105.4498,105.4700,105.3800,105.4490,84500
1473708239,105.4475,105.5000,105.4300,105.4444,162400
1473708299,105.4600,105.4900,105.4200,105.4400,89500
1473708300,105.4750,105.5200,105.4600,105.4600,109400
1473708419,105.4400,105.4600,105.3910,105.4600,56400
1473708420,105.4400,105.4600,105.4200,105.4500,49100
1473708480,105.4400,105.4500,105.4115,105.4400,49600
1473708599,105.4200,105.4700,105.3800,105.4300,72500
1473708600,105.5100,105.5400,105.4244,105.4244,125300
1473708660,105.4700,105.5200,105.4500,105.5000,71000
1473708723,105.4700,105.5199,105.4400,105.4900,96200
1473708780,105.4600,105.4950,105.4600,105.4735,42300
1473708843,105.4490,105.4600,105.3900,105.4402,48100
1473708901,105.4500,105.4800,105.4300,105.4441,62500
1473708965,105.4700,105.5200,105.4500,105.4500,110200
1473709079,105.5059,105.5200,105.4600,105.4645,69200
1473709081,105.4500,105.5100,105.4150,105.5050,84500
1473709140,105.4900,105.4950,105.4221,105.4568,59700
1473709259,105.5200,105.5400,105.4800,105.4900,82400
1473709316,105.6300,105.6600,105.5100,105.5200,212300
1473709377,105.6975,105.7200,105.6400,105.6600,142300
1473709439,105.6500,105.6900,105.6200,105.6900,127100
1473709499,105.6750,105.6800,105.6100,105.6500,89200
1473709501,105.6200,105.6600,105.5900,105.6500,90300
1473709560,105.6200,105.6200,105.6200,105.6200,100
1473709619,105.5600,105.6200,105.5300,105.6200,677400
1473709679,105.5800,105.6000,105.5300,105.5661,141800
1473709739,105.5600,105.6090,105.5350,105.5800,139300
1473709799,105.5792,105.5800,105.5500,105.5600,79700
1473709859,105.5150,105.5700,105.4900,105.5500,261600
1473709919,105.5775,105.6000,105.5100,105.5150,312900
1473709979,105.6280,105.6300,105.5650,105.5700,290700
1473710039,105.6100,105.6300,105.5900,105.6200,183700
1473710099,105.5500,105.6600,105.5500,105.6000,256300
1473710159,105.5751,105.6000,105.5400,105.5511,205600
1473710219,105.5700,105.5900,105.5300,105.5800,163800
1473710279,105.5900,105.6100,105.5400,105.5600,176800
1473710339,105.6400,105.6400,105.5600,105.5900,317200
1473710399,105.4400,105.6400,105.4400,105.6400,1086700
1473710400,105.4400,105.4400,105.4400,105.4400,3900
