uri:/instrument/1.0/PRGO/chartdata;type=quote;range=1d/csv
ticker:prgo
Company-Name:Perrigo Company plc Ordinary Sh
Exchange-Name:NYQ
unit:MIN
timezone:EDT
currency:USD
gmtoffset:-14400
previous_close:93.5800
Timestamp:1473859800,1473883200
labels:1473861600,1473865200,1473868800,1473872400,1473876000,1473879600,1473883200
values:Timestamp,close,high,low,open,volume
close:92.6900,94.9350
high:92.7100,95.0600
low:92.6600,94.9350
open:92.6700,94.9800
volume:100,34900
1473859888,93.9200,93.9200,93.8000,93.8000,14000
1473859921,94.0500,94.1100,94.0100,94.0300,7700
1473859991,94.2000,94.2400,94.0950,94.1000,3600
1473860091,94.4600,94.5000,94.1600,94.2900,24000
1473860107,94.3900,94.4350,94.2700,94.2700,7200
1473860219,94.4500,94.4500,94.2900,94.3900,15100
1473860273,94.5000,94.5000,94.2000,94.3700,12200
1473860337,94.4700,94.5389,94.4200,94.5389,1600
1473860361,94.4500,94.4900,94.4400,94.4400,1200
1473860448,94.4000,94.5800,94.4000,94.5600,7900
1473860519,94.3900,94.4600,94.3200,94.3700,8500
1473860572,94.3500,94.4300,94.3400,94.3800,15300
1473860628,94.3500,94.3800,94.3500,94.3600,4100
1473860642,94.2600,94.3600,94.2500,94.3600,5800
1473860708,94.1300,94.2600,94.1300,94.1900,6500
1473860760,94.1200,94.1200,94.0400,94.0700,3900
1473860821,94.2500,94.3100,94.0900,94.1600,8200
1473860881,94.2150,94.3000,94.2000,94.2500,6500
1473860950,94.1100,94.2400,94.1100,94.2100,4800
1473861059,93.8900,94.0900,93.8700,94.0900,9700
1473861061,93.9500,93.9500,93.7800,93.8000,5800
1473861178,93.8600,93.9400,93.8300,93.9200,7900
1473861184,93.8300,93.9200,93.8300,93.8900,8200
1473861241,93.8000,93.8900,93.6800,93.8600,4400
1473861354,93.7400,93.8200,93.7200,93.7800,4200
1473861416,93.8300,93.8400,93.7400,93.7500,2000
1473861472,94.1600,94.2200,93.8200,93.8400,10400
1473861481,94.3000,94.3000,94.1400,94.1400,7600
1473861591,94.1200,94.2600,94.1200,94.2400,1600
1473861603,94.3000,94.3250,94.2200,94.2200,7100
1473861668,94.2100,94.2700,94.1100,94.2700,10600
1473861764,94.2100,94.3300,94.1200,94.3200,6100
1473861824,94.1600,94.1600,94.1600,94.1600,1400
1473861894,94.2300,94.2586,94.1900,94.2000,4600
1473861905,94.3150,94.4000,94.2400,94.2614,17900
1473862015,94.3200,94.3200,94.2700,94.3100,5000
1473862062,94.3500,94.3600,94.3200,94.3500,6400
1473862133,94.2800,94.3450,94.2600,94.3400,5600
1473862199,94.2000,94.2950,94.1400,94.2800,4900
1473862259,94.4100,94.4100,94.1100,94.1100,25100
1473862292,94.5000,94.5000,94.4400,94.4400,2700
1473862322,94.5000,94.5000,94.4400,94.4700,3300
1473862392,94.4600,94.5100,94.4500,94.5100,2200
1473862484,94.5200,94.5300,94.5200,94.5300,1400
1473862524,94.5100,94.5500,94.4700,94.4800,4800
1473862609,94.5100,94.5600,94.5100,94.5400,1600
1473862623,94.4900,94.5700,94.4700,94.5600,3700
1473862688,94.4600,94.5000,94.4600,94.4655,1400
1473862742,94.3500,94.4600,94.3500,94.4100,4700
1473862856,94.3100,94.3100,94.2750,94.3100,12600
1473862860,94.3645,94.4100,94.2750,94.2750,5700
1473862972,94.4000,94.4400,94.3700,94.4000,5100
1473863029,94.5400,94.5600,94.3700,94.3800,29400
1473863097,94.6500,94.9100,94.4700,94.4700,34900
1473863105,94.7300,94.8300,94.6400,94.7000,7800
1473863167,94.7500,94.7800,94.7200,94.7700,2000
1473863258,94.7500,94.7800,94.7400,94.7400,3600
1473863337,94.7200,94.8100,94.7200,94.7500,9400
1473863398,94.7600,94.8800,94.7000,94.7500,18600
1473863458,94.8300,94.8500,94.7400,94.8000,21400
1473863461,94.7700,94.7900,94.6700,94.7900,5500
1473863577,94.7855,94.7855,94.7855,94.7855,100
1473863629,94.7850,94.7850,94.7500,94.7500,2800
1473863699,94.8001,94.8700,94.7300,94.8000,5900
1473863758,94.9350,94.9800,94.9350,94.9800,3100
1473863790,94.8900,95.0600,94.8900,94.9700,7500
1473863878,94.9050,94.9100,94.8800,94.9000,5700
1473863900,94.8100,94.8100,94.8100,94.8100,2100
1473863947,94.7950,94.8300,94.7950,94.8200,10700
1473864000,94.8100,94.8200,94.7900,94.8100,3100
1473864066,94.7600,94.8300,94.7400,94.8300,2600
1473864126,94.8100,94.8200,94.8100,94.8100,1700
1473864237,94.7600,94.8360,94.7600,94.8360,1700
1473864298,94.7300,94.7800,94.7200,94.7800,8600
1473864352,94.7100,94.8100,94.7100,94.7500,4000
1473864362,94.6600,94.7700,94.6600,94.7700,5100
1473864476,94.6300,94.6700,94.6100,94.6500,11500
1473864494,94.6300,94.6500,94.6100,94.6500,3300
1473864540,94.5800,94.6550,94.5800,94.6100,6100
1473864632,94.6700,94.6700,94.6000,94.6200,2100
1473864674,94.6700,94.6700,94.6100,94.6300,7200
1473864724,94.7100,94.7100,94.7000,94.7000,400
1473864845,94.7200,94.7300,94.6300,94.6800,5700
1473864914,94.7000,94.7900,94.6700,94.7900,1000
1473864966,94.7200,94.7200,94.6700,94.6900,1000
1473865031,94.7000,94.7200,94.6800,94.7100,2400
1473865096,94.7800,94.7800,94.6900,94.6900,2400
1473865194,94.6850,94.7800,94.6700,94.7400,4000
1473865231,94.7500,94.7500,94.7300,94.7500,3200
1473865318,94.7600,94.8400,94.7500,94.8100,4100
1473865322,94.7300,94.7600,94.7200,94.7600,2200
1473865427,94.6600,94.7200,94.6550,94.7200,2200
1473865488,94.6200,94.6600,94.6100,94.6600,3600
1473865516,94.7200,94.7800,94.7000,94.7600,4900
1473865576,94.6500,94.6600,94.5900,94.5900,3300
1473865794,94.5500,94.6000,94.5500,94.6000,600
1473865817,94.5600,94.5600,94.5600,94.5600,1700
1473865865,94.4000,94.5300,94.3800,94.5300,9500
1473865946,94.3300,94.3300,94.3000,94.3300,3000
1473866025,94.3600,94.3600,94.3400,94.3400,1000
1473866096,94.3700,94.4300,94.3400,94.4300,6200
1473866156,94.3600,94.3900,94.3600,94.3900,2300
1473866215,94.3600,94.4150,94.3600,94.3700,3600
1473866238,94.3580,94.4200,94.2500,94.4000,12300
1473866303,94.3400,94.3700,94.3400,94.3700,2700
1473866346,94.3600,94.3600,94.3600,94.3600,3500
1473866452,94.3500,94.4400,94.3200,94.4400,2100
1473866467,94.3800,94.3800,94.3600,94.3600,1300
1473866572,94.3500,94.3700,94.3300,94.3400,500
1473866632,94.2800,94.3550,94.2600,94.3550,3500
1473866644,94.3520,94.3520,94.2500,94.2500,2100
1473866754,94.2500,94.2500,94.2500,94.2500,1400
1473866809,94.1800,94.2700,94.1800,94.2500,1800
1473866827,94.1700,94.1700,94.1700,94.1700,1800
1473866938,94.2700,94.2700,94.1700,94.1700,1400
1473866985,94.1800,94.2700,94.1700,94.2700,1900
1473867033,94.1750,94.1750,94.1400,94.1400,5400
1473867096,94.1200,94.1300,94.1100,94.1300,2000
1473867141,94.1300,94.1400,94.1300,94.1300,1800
1473867286,94.0900,94.2300,94.0900,94.2300,1800
1473867336,94.1100,94.1100,94.0600,94.0600,1500
1473867376,94.0500,94.1100,94.0400,94.1100,1900
1473867440,94.1000,94.1000,94.0700,94.0700,500
1473867534,94.1300,94.1500,94.1000,94.1200,2200
1473867546,94.1300,94.1400,94.1200,94.1300,1700
1473867610,94.0900,94.1200,94.0800,94.1200,1700
1473867675,94.1400,94.1400,94.0900,94.0900,900
1473867763,94.1700,94.1700,94.1100,94.1100,900
1473867818,94.0100,94.1400,94.0100,94.1400,2800
1473867845,93.9600,93.9800,93.8600,93.9600,7500
1473867928,93.9000,93.9300,93.9000,93.9300,600
1473868013,93.9800,94.0200,93.9700,93.9700,800
1473868025,93.7600,93.9500,93.7600,93.9500,2500
1473868082,93.8800,93.9100,93.8100,93.8100,2800
1473868199,93.8600,93.8600,93.8500,93.8600,1400
1473868245,93.8800,93.8900,93.8600,93.8600,2200
1473868263,93.8900,93.9200,93.8900,93.9200,600
1473868369,93.9300,93.9650,93.9000,93.9200,2700
1473868388,93.8500,93.9300,93.8500,93.8600,6400
1473868496,93.8200,93.8400,93.7700,93.8200,4000
1473868557,93.7700,93.8500,93.7700,93.8200,4900
1473868612,93.7400,93.7700,93.7200,93.7700,2900
1473868670,93.6700,93.7100,93.6200,93.7100,4800
1473868726,93.6600,93.7451,93.6100,93.6800,6400
1473868770,93.5700,93.6200,93.5300,93.6200,2300
1473868858,93.7000,93.7100,93.6100,93.6100,3100
1473868865,93.6400,93.8099,93.6400,93.7000,2300
1473868970,93.6200,93.7200,93.6200,93.6700,1700
1473868981,93.6400,93.6500,93.6100,93.6200,2900
1473869063,93.7050,93.7050,93.7050,93.7050,200
1473869104,93.6900,93.7300,93.6900,93.6900,900
1473869172,93.7500,93.7600,93.7200,93.7200,900
1473869279,93.7700,93.7700,93.7100,93.7200,9300
1473869325,93.7800,93.8000,93.7500,93.7500,1900
1473869358,93.7700,93.8200,93.7600,93.7900,3500
1473869466,93.7700,93.7700,93.7700,93.7700,100
1473869527,93.7500,93.7800,93.7300,93.7700,3500
1473869695,93.7900,93.8100,93.7200,93.7600,5600
1473869733,93.8000,93.8200,93.7800,93.7800,1300
1473869809,93.8900,93.9000,93.8000,93.8300,4800
1473869828,93.9000,93.9500,93.9000,93.9100,2000
1473869924,93.9400,93.9400,93.9400,93.9400,400
1473869982,93.9700,93.9700,93.9700,93.9700,600
1473870004,93.9700,94.0000,93.9700,94.0000,3000
1473870108,93.9000,93.9000,93.9000,93.9000,600
1473870120,93.8700,93.9250,93.8500,93.9250,3900
1473870189,93.9000,93.9100,93.8800,93.8800,1300
1473870282,93.8800,93.9100,93.8800,93.9100,1100
1473870348,93.9100,93.9200,93.9100,93.9100,300
1473870370,93.9200,93.9500,93.9200,93.9300,1300
1473870426,93.8800,93.9100,93.8800,93.9100,1200
1473870524,93.8999,93.8999,93.8700,93.8700,500
1473870605,93.9100,93.9100,93.8800,93.8800,2800
1473870673,93.8900,93.8900,93.8575,93.8850,2100
1473870742,93.8800,93.8900,93.8800,93.8900,1100
1473870785,93.8200,93.8800,93.8200,93.8800,3800
1473870860,93.7800,93.8100,93.7800,93.7900,800
1473870937,93.7400,93.7400,93.7000,93.7300,2000
1473871019,93.7000,93.7400,93.7000,93.7400,700
1473871078,93.7400,93.7800,93.7100,93.7300,11600
1473871137,93.7400,93.7700,93.7200,93.7200,15500
1473871197,93.6800,93.7500,93.6800,93.7500,11300
1473871217,93.6500,93.6500,93.6500,93.6500,300
1473871261,93.6500,93.6500,93.6200,93.6300,2500
1473871326,93.6500,93.6600,93.6300,93.6500,1400
1473871430,93.6100,93.6100,93.6100,93.6100,700
1473871441,93.6500,93.7000,93.6100,93.6100,4500
1473871543,93.6500,93.6500,93.6500,93.6500,300
1473871607,93.6000,93.6500,93.6000,93.6500,1700
1473871624,93.5600,93.5600,93.5500,93.5500,1900
1473871685,93.5650,93.5900,93.5500,93.5500,700
1473871750,93.6100,93.6100,93.5700,93.5700,1600
1473871825,93.6050,93.6500,93.6050,93.6500,200
1473871878,93.5850,93.6200,93.5700,93.6200,1500
1473871959,93.5700,93.5900,93.5300,93.5900,1800
1473872039,93.5600,93.5800,93.5500,93.5700,1400
1473872040,93.5040,93.5775,93.4900,93.5775,1700
1473872113,93.5000,93.5000,93.4960,93.4960,1400
1473872218,93.4800,93.4901,93.4800,93.4900,1700
1473872250,93.5200,93.5500,93.5200,93.5200,800
1473872284,93.5600,93.5600,93.5200,93.5300,1400
1473872366,93.5300,93.5300,93.5300,93.5300,1100
1473872593,93.6100,93.6100,93.6100,93.6100,100
1473872672,93.5299,93.6000,93.5200,93.6000,2500
1473872719,93.5300,93.5300,93.5300,93.5300,1600
1473872802,93.4500,93.4800,93.4300,93.4800,2200
1473872830,93.4300,93.4300,93.4300,93.4300,700
1473872887,93.4100,93.4400,93.4100,93.4400,800
1473872956,93.4700,93.4700,93.4300,93.4300,4200
1473873024,93.4400,93.4500,93.4400,93.4500,2500
1473873113,93.4300,93.4700,93.4300,93.4500,1300
1473873141,93.4400,93.4400,93.4300,93.4300,1100
1473873215,93.3800,93.4000,93.3800,93.4000,2600
1473873240,93.3400,93.3600,93.3400,93.3600,500
1473873357,93.4050,93.4300,93.3700,93.3800,1500
1473873411,93.4600,93.4600,93.4600,93.4600,500
1473873473,93.5600,93.5600,93.4900,93.4900,400
1473873513,93.5550,93.5550,93.5550,93.5550,200
1473873599,93.5400,93.5400,93.5400,93.5400,900
1473873655,93.4600,93.5200,93.4600,93.5200,1400
1473873718,93.4900,93.4900,93.4712,93.4712,400
1473873759,93.4100,93.4700,93.4100,93.4700,1200
1473873799,93.4700,93.4700,93.4500,93.4500,500
1473873876,93.4900,93.4900,93.4899,93.4900,600
1473873900,93.5100,93.5500,93.5100,93.5400,2800
1473873975,93.5100,93.5100,93.5100,93.5100,900
1473874033,93.5000,93.5000,93.5000,93.5000,600
1473874111,93.5100,93.5100,93.4400,93.4400,300
1473874147,93.4700,93.5100,93.4700,93.5100,1300
1473874203,93.4200,93.4709,93.4200,93.4709,1000
1473874315,93.5100,93.5100,93.4600,93.4600,1400
1473874328,93.5000,93.5000,93.4650,93.4800,1100
1473874389,93.4400,93.4400,93.4400,93.4400,100
1473874490,93.5200,93.5200,93.4700,93.4700,1000
1473874509,93.3900,93.5100,93.3900,93.4800,2400
1473874617,93.4300,93.4600,93.3800,93.3800,6100
1473874646,93.4300,93.4300,93.4300,93.4300,200
1473874685,93.4800,93.4800,93.4300,93.4300,1300
1473874763,93.4700,93.5200,93.4700,93.5100,2600
1473874807,93.4300,93.4500,93.4300,93.4500,1500
1473874874,93.4600,93.4600,93.3800,93.4300,1100
1473874969,93.4900,93.4900,93.4500,93.4500,200
1473874982,93.4300,93.4600,93.4300,93.4600,1900
1473875081,93.4400,93.4400,93.3802,93.3802,200
1473875137,93.4700,93.4700,93.4200,93.4200,700
1473875184,93.4300,93.4500,93.4100,93.4500,1900
1473875239,93.4000,93.4000,93.4000,93.4000,400
1473875335,93.4100,93.4100,93.3700,93.3700,1800
1473875398,93.3100,93.3750,93.2900,93.3750,1600
1473875401,93.3100,93.3200,93.2900,93.2900,800
1473875466,93.3500,93.3700,93.3150,93.3300,1700
1473875566,93.3250,93.3250,93.3250,93.3250,700
1473875677,93.3600,93.3704,93.3200,93.3600,4100
1473875735,93.2800,93.3500,93.2800,93.3500,1500
1473875763,93.2600,93.3200,93.2600,93.3200,1300
1473875855,93.2800,93.3000,93.2800,93.2800,600
1473875911,93.2800,93.2800,93.2600,93.2800,2200
1473875960,93.2400,93.2450,93.2300,93.2450,1100
1473876011,93.2600,93.2600,93.2200,93.2200,3000
1473876099,93.2700,93.2700,93.2700,93.2700,1400
1473876173,93.2300,93.2300,93.2300,93.2300,1400
1473876209,93.1800,93.1900,93.1800,93.1900,400
1473876243,93.0600,93.1400,93.0600,93.1400,2300
1473876305,93.1000,93.1238,93.0400,93.0600,1600
1473876412,93.0500,93.1100,93.0500,93.1100,2400
1473876430,93.0500,93.1200,93.0500,93.0700,1800
1473876510,93.0500,93.0800,93.0500,93.0800,900
1473876583,93.0300,93.0500,93.0000,93.0500,3000
1473876607,92.9700,93.0200,92.9700,93.0200,2600
1473876729,92.9450,92.9819,92.9450,92.9819,900
1473876810,92.9550,92.9550,92.9550,92.9550,500
1473876840,92.9000,92.9600,92.9000,92.9600,2500
1473876907,93.0100,93.0100,92.9200,92.9200,1300
1473877014,93.1100,93.1100,93.0400,93.0500,3300
1473877020,93.1400,93.1400,93.0800,93.1100,4500
1473877135,93.1900,93.2000,93.1100,93.1400,5200
1473877156,93.1700,93.2100,93.1700,93.2100,1600
1473877203,93.2000,93.2100,93.1800,93.2000,4100
1473877299,93.2300,93.2300,93.1800,93.1800,1200
1473877329,93.2400,93.2500,93.1600,93.2200,1600
1473877405,93.2400,93.2500,93.2400,93.2500,800
1473877442,93.3500,93.3500,93.3000,93.3200,1900
1473877548,93.2600,93.2700,93.2400,93.2700,600
1473877560,93.1500,93.2600,93.1500,93.2600,4600
1473877646,93.1300,93.1300,93.1300,93.1300,200
1473877734,93.1500,93.1700,93.0700,93.0700,2000
1473877798,93.2100,93.2100,93.1800,93.1800,1100
1473877800,93.1100,93.2100,93.1000,93.2100,2200
1473877877,93.1400,93.1400,93.1100,93.1100,1200
1473877956,93.2100,93.2300,93.2000,93.2000,1300
1473877980,93.1800,93.1800,93.1700,93.1800,500
1473878095,93.0900,93.1500,93.0900,93.1200,3900
1473878100,93.0950,93.1100,93.0900,93.0900,2800
1473878171,93.0900,93.1300,93.0600,93.0800,3600
1473878223,93.0700,93.0900,93.0400,93.0800,2000
1473878337,93.0800,93.0800,93.0600,93.0800,1500
1473878356,93.0500,93.0500,93.0500,93.0500,1100
1473878496,93.1100,93.1100,93.0861,93.0900,1500
1473878522,93.1900,93.2200,93.1200,93.1200,3800
1473878638,93.1990,93.2000,93.1700,93.2000,1800
1473878659,93.1400,93.1700,93.1400,93.1700,1100
1473878740,93.1344,93.1400,93.1200,93.1200,400
1473878770,93.1500,93.1500,93.1100,93.1200,1400
1473878870,93.0600,93.1300,93.0550,93.1300,2500
1473878938,93.1300,93.1400,93.0600,93.0600,8600
1473878994,93.0500,93.1000,93.0500,93.1000,7100
1473879028,93.1000,93.1000,93.0600,93.0600,700
1473879080,93.2000,93.2000,93.1200,93.1200,4900
1473879124,93.1000,93.1900,93.1000,93.1900,2700
1473879211,93.1200,93.1200,93.1000,93.1000,600
1473879283,93.0700,93.1000,93.0500,93.1000,1500
1473879311,93.1200,93.1300,93.0750,93.0750,2500
1473879375,93.1200,93.1300,93.1100,93.1300,1400
1473879478,93.1100,93.1400,93.0900,93.1400,3000
1473879481,93.1400,93.1400,93.0900,93.1100,2900
1473879541,93.1000,93.1800,93.1000,93.1800,2400
1473879634,93.1400,93.1500,93.0950,93.1000,2100
1473879715,93.0750,93.1500,93.0700,93.1500,1000
1473879734,93.0700,93.0800,93.0600,93.0700,1000
1473879801,93.0200,93.0600,93.0000,93.0400,3200
1473879840,93.0200,93.0490,93.0000,93.0399,3400
1473879917,93.0100,93.0600,93.0100,93.0500,2100
1473879961,92.9700,92.9700,92.9700,92.9700,100
1473880071,92.9600,92.9800,92.9600,92.9800,300
1473880139,92.9725,92.9900,92.9500,92.9700,5700
1473880177,92.9800,92.9899,92.9600,92.9700,1200
1473880205,92.9200,92.9700,92.9200,92.9700,1900
1473880267,92.9450,92.9600,92.9400,92.9600,900
1473880348,92.8600,92.8600,92.8600,92.8600,3600
1473880383,92.8900,92.9000,92.8700,92.9000,1400
1473880497,92.9300,92.9400,92.8750,92.8750,3300
1473880508,92.8800,92.9200,92.8600,92.9200,2900
1473880619,92.8300,92.8500,92.8250,92.8400,1300
1473880650,92.8200,92.8200,92.8200,92.8200,3800
1473880735,92.8300,92.8500,92.8300,92.8500,800
1473880762,92.8400,92.8700,92.8400,92.8500,900
1473880854,92.8900,92.9300,92.8500,92.8500,3900
1473880871,92.8900,92.8900,92.8900,92.8900,1000
1473880920,92.8100,92.9000,92.8000,92.8900,5100
1473881000,92.8200,92.8200,92.8200,92.8200,100
1473881042,92.7700,92.7700,92.7300,92.7300,3300
1473881159,92.6900,92.7800,92.6600,92.7700,2900
1473881160,92.7100,92.7100,92.7100,92.7100,200
1473881234,92.7300,92.7400,92.6900,92.7100,5000
1473881314,92.7100,92.7600,92.7100,92.7600,1100
1473881392,92.7000,92.7100,92.6700,92.6700,2500
1473881402,92.7400,92.7700,92.7300,92.7300,2700
1473881462,92.7700,92.8000,92.7600,92.7700,6000
1473881565,92.8400,92.8400,92.7800,92.7800,6000
1473881634,92.7700,92.8300,92.7700,92.8300,4100
1473881642,92.8600,92.8600,92.7800,92.7900,2900
1473881714,92.8900,92.9150,92.8900,92.8900,2200
1473881807,92.8600,92.8900,92.8600,92.8900,3400
1473881873,92.8200,92.8200,92.7700,92.7800,21200
1473881891,92.8700,92.8700,92.8200,92.8200,4700
1473881953,92.7900,92.8400,92.7900,92.8400,1300
1473882010,92.8700,92.8700,92.8200,92.8200,2800
1473882070,92.8300,92.8900,92.8300,92.8900,2500
1473882122,92.8600,92.9000,92.8500,92.8800,4100
1473882200,92.8900,92.8900,92.8700,92.8900,1500
1473882288,92.9400,92.9700,92.9400,92.9500,3600
1473882300,92.9300,92.9800,92.9200,92.9400,6000
1473882392,92.9755,92.9755,92.9755,92.9755,1100
1473882422,92.9100,92.9400,92.9100,92.9300,7000
1473882535,92.9600,92.9900,92.9275,92.9275,8000
1473882544,93.0300,93.0300,92.9900,92.9900,2100
1473882659,92.9600,93.0200,92.9300,93.0000,5100
1473882668,92.9500,92.9900,92.9400,92.9600,6100
1473882735,92.9500,92.9600,92.8800,92.8900,6800
1473882796,92.9800,93.0300,92.9550,92.9550,7300
1473882862,93.0300,93.0300,92.9600,92.9800,8300
1473882902,92.9600,93.0100,92.9500,93.0100,7800
1473882961,92.9450,92.9900,92.9400,92.9400,4700
1473883030,92.9500,92.9800,92.9400,92.9800,10100
1473883084,92.9300,92.9500,92.9000,92.9200,11200
1473883144,92.9600,93.0000,92.8800,92.9200,22300
1473883200,92.9700,92.9700,92.9700,92.9700,1000
