uri:/instrument/1.0/DIS/chartdata;type=quote;range=1d/csv
ticker:dis
Company-Name:Walt Disney Company (The) Commo
Exchange-Name:NYQ
unit:MIN
timezone:EDT
currency:USD
gmtoffset:-14400
previous_close:92.4200
Timestamp:1473687000,1473710400
labels:1473688800,1473692400,1473696000,1473699600,1473703200,1473706800,1473710400
values:Timestamp,close,high,low,open,volume
close:92.0000,93.8500
high:92.1100,93.8600
low:91.9600,93.8200
open:91.9600,93.8600
volume:3100,1253800
1473687000,92.0000,92.1100,91.9600,91.9600,236700
1473687082,92.2400,92.2400,92.1600,92.1700,60100
1473687135,92.3900,92.4300,92.2400,92.2400,20500
1473687183,92.5300,92.5300,92.3000,92.4000,28000
1473687244,92.4000,92.5416,92.3410,92.5416,10300
1473687355,92.3700,92.4100,92.3200,92.4100,19200
1473687370,92.3600,92.3800,92.3100,92.3200,26000
1473687479,92.2899,92.4100,92.2899,92.4100,19300
1473687481,92.2649,92.2900,92.2200,92.2800,17000
1473687592,92.3670,92.3670,92.2600,92.2600,21500
1473687657,92.4500,92.4500,92.3100,92.3600,27600
1473687660,92.4800,92.4800,92.3800,92.4683,23500
1473687779,92.5200,92.5200,92.4400,92.4600,21000
1473687781,92.5581,92.6250,92.5150,92.5200,36100
1473687892,92.6700,92.6700,92.5210,92.5500,26000
1473687902,92.6100,92.6500,92.5850,92.6400,38900
1473688015,92.7100,92.7200,92.6100,92.6100,26200
1473688022,92.8700,92.8800,92.7400,92.7500,43000
1473688137,92.8300,92.8800,92.7900,92.8700,34600
1473688197,92.8800,92.8900,92.8200,92.8300,98100
1473688254,92.8800,92.8900,92.8200,92.8700,65100
1473688260,92.9900,93.0000,92.8500,92.8800,62400
1473688375,93.0400,93.0400,92.9600,93.0200,36200
1473688380,92.9800,93.0200,92.9600,93.0200,26300
1473688498,93.1500,93.1600,92.9510,92.9700,29300
1473688557,93.1100,93.1600,93.0900,93.1300,60600
1473688573,93.1327,93.1600,93.0800,93.0900,37100
1473688630,93.1600,93.1600,93.1200,93.1324,20800
1473688694,93.1750,93.2052,93.1600,93.1600,27100
1473688744,93.0000,93.1700,93.0000,93.1700,45800
1473688800,93.0300,93.0700,93.0000,93.0500,40900
1473688860,93.0700,93.0850,93.0200,93.0250,42300
1473688928,93.0600,93.0700,93.0500,93.0646,26800
1473688983,93.0400,93.0700,93.0100,93.0400,24500
1473689046,93.1000,93.1250,93.0900,93.1000,35900
1473689113,93.0400,93.0750,93.0200,93.0690,13300
1473689160,93.0600,93.0600,93.0200,93.0400,27500
1473689222,93.1000,93.1250,93.0500,93.0500,72300
1473689337,93.0590,93.1000,93.0500,93.0800,26400
1473689340,93.0000,93.0600,92.9900,93.0600,62900
1473689415,92.8800,92.9100,92.8700,92.9000,17400
1473689519,93.0000,93.0000,92.8900,92.8900,24500
1473689520,92.9900,93.0099,92.9900,93.0000,34400
1473689594,92.9400,92.9900,92.9110,92.9900,32100
1473689640,92.9800,93.0000,92.9200,92.9400,17700
1473689706,93.0540,93.0600,92.9900,92.9900,26100
1473689819,93.1144,93.1300,93.0500,93.0600,16200
1473689820,93.0700,93.1300,93.0700,93.1100,29200
1473689938,93.2000,93.2000,93.0600,93.0800,29400
1473689999,93.2600,93.2800,93.1700,93.2000,34900
1473690014,93.2200,93.2400,93.1900,93.2375,38900
1473690119,93.3300,93.3800,93.2400,93.2400,27500
1473690120,93.3400,93.3700,93.3018,93.3300,19900
1473690193,93.2536,93.3400,93.2500,93.3400,27000
1473690244,93.2300,93.2833,93.2300,93.2600,11900
1473690300,93.3000,93.3000,93.2200,93.2400,21500
1473690363,93.3300,93.3500,93.2700,93.2900,20800
1473690479,93.3800,93.3800,93.3200,93.3200,18700
1473690538,93.3652,93.3900,93.3532,93.3800,24900
1473690595,93.3400,93.3900,93.3301,93.3601,22900
1473690600,93.2000,93.3600,93.2000,93.3500,38400
1473690718,93.1000,93.2150,93.1000,93.2100,24700
1473690778,93.0900,93.1100,93.0800,93.1000,21800
1473690781,93.1000,93.1120,93.0900,93.1000,18700
1473690849,93.0700,93.1000,93.0700,93.0767,5600
1473690902,93.0800,93.0900,93.0700,93.0800,9200
1473690961,93.1600,93.1700,93.0800,93.0800,17600
1473691023,93.0600,93.1550,93.0600,93.1500,22400
1473691081,93.0466,93.0600,93.0400,93.0600,11900
1473691140,93.0000,93.0440,93.0000,93.0400,14200
1473691200,92.9984,93.0100,92.9900,93.0000,13500
1473691272,92.9850,93.0400,92.9850,93.0200,10100
1473691320,93.0000,93.0000,92.9700,92.9800,8900
1473691380,93.0600,93.0800,93.0050,93.0050,25200
1473691450,93.0466,93.0700,93.0466,93.0700,8700
1473691508,93.0100,93.0500,93.0100,93.0500,9200
1473691560,92.9200,93.0000,92.9100,93.0000,23200
1473691679,92.8300,92.9500,92.8300,92.9100,21200
1473691680,92.8500,92.8510,92.8100,92.8200,15300
1473691743,92.9100,92.9200,92.8566,92.8600,8400
1473691800,92.9500,92.9900,92.9200,92.9200,8400
1473691863,92.9721,92.9900,92.9500,92.9500,11600
1473691920,92.9068,92.9700,92.8904,92.9700,9800
1473692036,92.9000,92.9500,92.8800,92.9136,10800
1473692097,92.9100,92.9400,92.8780,92.9000,13000
1473692159,92.9750,92.9800,92.9000,92.9000,26300
1473692160,93.0108,93.0400,92.9800,92.9800,34900
1473692221,92.9600,93.0300,92.9400,93.0200,13600
1473692338,92.9799,93.0100,92.9300,92.9600,16800
1473692399,92.9600,92.9866,92.9500,92.9800,11300
1473692400,93.0300,93.0300,92.9600,92.9650,8200
1473692461,93.0400,93.0590,93.0050,93.0300,20400
1473692521,93.0635,93.0635,93.0100,93.0300,51600
1473692583,93.0400,93.0800,93.0200,93.0700,12900
1473692699,93.1000,93.1200,93.0150,93.0400,13700
1473692700,93.0300,93.1100,93.0150,93.0900,15700
1473692762,93.0250,93.0400,92.9950,93.0100,11600
1473692879,92.9750,93.0800,92.9750,93.0300,14500
1473692880,92.9700,93.0100,92.9600,92.9850,8300
1473692940,92.9720,93.0000,92.9522,92.9700,12100
1473693059,92.9900,93.0200,92.9800,92.9800,31300
1473693060,92.9200,93.0000,92.9200,92.9900,14100
1473693177,92.9200,92.9400,92.9100,92.9200,10900
1473693180,92.9700,92.9700,92.8881,92.9200,8400
1473693297,93.0100,93.0100,92.9694,93.0000,11500
1473693300,92.9800,93.0100,92.9600,93.0100,7100
1473693363,92.9550,93.0050,92.9550,92.9900,6700
1473693478,92.9500,93.0100,92.9500,92.9550,13300
1473693480,92.9400,92.9650,92.9280,92.9500,9500
1473693596,92.9905,93.0150,92.9500,92.9500,18700
1473693657,92.9900,93.0000,92.9400,92.9900,21200
1473693660,93.0100,93.0300,92.9800,92.9850,14300
1473693721,93.0000,93.0200,92.9850,93.0100,9700
1473693783,92.9900,93.0300,92.9780,93.0100,26700
1473693899,92.9650,92.9900,92.9400,92.9900,16800
1473693958,92.9200,92.9700,92.9200,92.9700,20500
1473694018,92.9750,92.9750,92.9200,92.9200,7300
1473694078,92.9160,92.9830,92.9160,92.9800,7300
1473694080,92.9400,92.9454,92.9100,92.9152,6700
1473694140,92.9248,92.9500,92.9200,92.9300,9000
1473694201,92.9100,92.9500,92.9099,92.9266,12100
1473694262,92.8900,92.9350,92.8900,92.9200,7700
1473694377,92.8350,92.8800,92.8200,92.8800,11300
1473694380,92.8800,92.8800,92.8300,92.8300,18200
1473694441,92.9500,92.9500,92.8800,92.8800,10500
1473694500,92.9500,92.9700,92.9400,92.9551,7600
1473694619,93.0200,93.0200,92.9500,92.9550,17100
1473694679,93.0500,93.0500,92.9900,93.0100,11900
1473694680,93.0400,93.0700,93.0380,93.0500,99000
1473694741,93.0300,93.0570,93.0250,93.0400,12800
1473694802,92.9700,93.0300,92.9600,93.0300,16700
1473694861,92.9800,92.9900,92.9700,92.9750,7500
1473694920,92.9799,92.9800,92.9600,92.9700,14800
1473694980,92.9700,92.9900,92.9600,92.9800,14100
1473695049,92.9300,92.9800,92.9300,92.9601,8100
1473695102,92.9600,92.9600,92.9400,92.9400,20100
1473695166,92.9400,92.9500,92.9332,92.9500,5100
1473695224,92.9450,92.9500,92.9300,92.9300,8500
1473695281,92.9750,92.9850,92.9300,92.9400,13900
1473695343,92.9800,92.9800,92.9700,92.9700,5300
1473695401,93.0200,93.0200,92.9850,92.9900,5200
1473695460,93.0640,93.0640,93.0200,93.0200,5800
1473695579,93.0400,93.0650,93.0248,93.0600,10700
1473695581,93.0700,93.0864,93.0400,93.0400,9500
1473695641,93.0400,93.1000,93.0370,93.0850,11400
1473695702,93.0700,93.0750,93.0448,93.0500,19100
1473695764,93.0500,93.0800,93.0500,93.0800,6700
1473695822,93.0254,93.0699,93.0200,93.0500,7100
1473695884,93.0199,93.0300,93.0150,93.0200,6600
1473695940,92.9900,93.0200,92.9300,93.0100,14200
1473696001,93.0100,93.0151,92.9700,93.0000,14000
1473696119,93.0100,93.0300,93.0000,93.0100,6900
1473696178,93.0300,93.0300,92.9900,93.0100,8500
1473696182,93.0100,93.0550,93.0100,93.0400,8700
1473696240,93.0000,93.0210,92.9900,93.0100,5400
1473696300,93.0100,93.0450,93.0000,93.0000,11700
1473696364,93.0250,93.0250,92.9900,93.0000,6800
1473696476,93.0200,93.0200,93.0000,93.0200,5200
1473696537,93.0300,93.0350,93.0200,93.0300,5700
1473696542,93.0570,93.0600,93.0400,93.0400,7900
1473696602,93.0600,93.0950,93.0600,93.0600,8000
1473696664,93.0400,93.0800,93.0400,93.0700,5500
1473696779,92.9900,93.0550,92.9900,93.0400,5600
1473696838,93.0400,93.0400,93.0000,93.0000,4000
1473696843,93.0400,93.0400,93.0101,93.0400,7400
1473696957,93.0450,93.0600,93.0400,93.0500,6200
1473696961,93.0700,93.0700,93.0300,93.0499,7900
1473697020,93.0450,93.0750,93.0450,93.0600,6300
1473697082,93.0140,93.0450,93.0000,93.0435,7300
1473697143,92.9711,93.0150,92.9700,93.0150,11000
1473697201,92.9800,93.0000,92.9800,92.9800,8700
1473697260,93.0400,93.0554,92.9950,92.9950,9100
1473697375,93.0300,93.0550,93.0200,93.0450,6100
1473697382,93.0250,93.0368,93.0162,93.0368,4500
1473697441,93.0430,93.0554,93.0275,93.0300,5800
1473697502,93.0400,93.0550,93.0400,93.0500,6400
1473697561,93.0400,93.0450,93.0200,93.0400,5300
1473697620,93.0500,93.0600,93.0300,93.0350,15000
1473697684,93.0200,93.0600,93.0200,93.0550,4900
1473697799,93.0701,93.0701,93.0200,93.0200,7200
1473697801,93.0750,93.0900,93.0600,93.0700,8800
1473697865,93.1000,93.1100,93.0800,93.0900,9600
1473697920,93.1300,93.1309,93.0900,93.0900,11700
1473698039,93.1200,93.1500,93.1100,93.1350,8300
1473698090,93.0750,93.1254,93.0500,93.1100,10100
1473698101,93.0700,93.0900,93.0700,93.0700,6300
1473698218,93.0500,93.0700,93.0400,93.0700,8600
1473698279,93.0500,93.0500,93.0400,93.0500,3800
1473698281,93.0750,93.0900,93.0500,93.0500,5100
1473698396,93.0550,93.0900,93.0510,93.0800,6900
1473698458,93.0700,93.0765,93.0600,93.0600,4700
1473698460,93.0301,93.0700,93.0301,93.0700,10800
1473698525,93.0200,93.0747,93.0200,93.0400,7100
1473698580,93.0400,93.0400,93.0100,93.0200,3800
1473698694,93.0500,93.0550,93.0400,93.0550,5300
1473698702,93.0800,93.0950,93.0575,93.0575,8200
1473698763,93.1300,93.1500,93.0700,93.0722,8600
1473698879,93.1000,93.1241,93.0800,93.1241,8700
1473698936,93.0600,93.1000,93.0600,93.1000,3100
1473698996,93.1040,93.1040,93.0700,93.0700,11100
1473699002,93.0733,93.1200,93.0700,93.1100,7500
1473699064,93.0700,93.0754,93.0700,93.0753,3100
1473699124,93.1600,93.1800,93.0750,93.0800,16400
1473699180,93.1900,93.2000,93.1400,93.1500,10400
1473699241,93.1800,93.1900,93.1600,93.1800,7200
1473699357,93.1900,93.2100,93.1800,93.1800,5900
1473699360,93.1986,93.2200,93.1950,93.2000,4300
1473699479,93.1700,93.2100,93.1700,93.2000,7100
1473699481,93.2000,93.2000,93.1600,93.1700,3300
1473699540,93.1700,93.2000,93.1700,93.1900,6700
1473699659,93.1700,93.2200,93.1650,93.1650,9500
1473699669,93.1550,93.1799,93.1400,93.1600,13600
1473699721,93.1150,93.1600,93.1150,93.1600,9600
1473699781,93.0735,93.1200,93.0735,93.1200,23400
1473699843,93.0850,93.0900,93.0650,93.0700,5200
1473699902,93.0901,93.1000,93.0850,93.0900,13500
1473699965,93.0550,93.0950,93.0550,93.0950,14900
1473700078,93.0500,93.0900,93.0500,93.0700,11600
1473700080,93.0710,93.0800,93.0500,93.0501,14600
1473700141,93.0800,93.0850,93.0600,93.0700,5000
1473700258,93.1000,93.1100,93.0800,93.0800,6500
1473700318,93.0999,93.1200,93.0999,93.1001,12400
1473700325,93.1100,93.1200,93.1000,93.1000,4100
1473700380,93.1000,93.1000,93.0800,93.1000,9400
1473700499,93.1100,93.1300,93.0910,93.0966,9200
1473700501,93.2900,93.3600,93.1099,93.1099,97200
1473700618,93.2000,93.3300,93.1886,93.2900,21400
1473700679,93.2900,93.3000,93.2100,93.2100,18400
1473700681,93.1700,93.3000,93.1700,93.3000,16700
1473700799,93.1650,93.2200,93.1600,93.1700,25800
1473700800,93.2300,93.2500,93.1600,93.1600,13800
1473700860,93.1700,93.2300,93.1700,93.2300,13800
1473700978,93.1568,93.2100,93.1500,93.1700,10100
1473700980,93.0700,93.1500,93.0400,93.1500,22100
1473701040,93.0300,93.1200,93.0100,93.0800,17900
1473701159,93.0500,93.1200,93.0300,93.0400,12100
1473701218,93.0300,93.1230,93.0300,93.0300,13500
1473701277,93.0900,93.1000,93.0100,93.0300,13900
1473701339,93.0200,93.1100,93.0000,93.0900,20200
1473701340,92.9300,93.0100,92.9200,93.0100,13900
1473701457,92.9100,93.0200,92.8800,92.9500,15500
1473701464,92.9300,92.9600,92.9050,92.9100,9200
1473701527,92.9800,92.9994,92.9500,92.9500,8700
1473701583,92.9965,93.0200,92.9500,92.9700,10400
1473701641,93.0200,93.0300,92.9450,92.9900,15500
1473701701,92.9900,93.0500,92.9800,93.0200,13500
1473701768,92.9969,93.0100,92.9800,93.0000,8200
1473701820,93.1000,93.1299,92.9900,93.0000,32000
1473701880,93.1300,93.1601,93.0700,93.1190,12200
1473701941,93.1300,93.1400,93.0700,93.1300,12300
1473702000,93.0300,93.1500,93.0250,93.1250,22700
1473702063,93.0300,93.0700,93.0200,93.0400,7700
1473702179,92.9800,93.0500,92.9800,93.0300,10100
1473702234,93.0300,93.0700,92.9800,92.9800,20800
1473702297,93.0800,93.0850,93.0400,93.0400,6900
1473702300,93.1500,93.1700,93.0900,93.0900,24800
1473702360,93.1700,93.2000,93.1260,93.1260,9400
1473702477,93.2000,93.2600,93.1800,93.1800,19800
1473702480,93.2280,93.2280,93.1800,93.2050,6900
1473702541,93.3000,93.3000,93.2300,93.2300,6200
1473702600,93.3600,93.3600,93.2800,93.3100,25600
1473702660,93.3100,93.3900,93.3075,93.3658,10700
1473702723,93.3350,93.3600,93.3100,93.3100,7000
1473702839,93.3700,93.4000,93.3300,93.3399,12100
1473702843,93.3600,93.3700,93.3400,93.3600,11000
1473702958,93.3400,93.3635,93.3200,93.3600,7800
1473702964,93.3800,93.3900,93.3450,93.3450,8700
1473703027,93.3700,93.4000,93.3600,93.3952,11300
1473703139,93.3600,93.3850,93.3550,93.3600,9400
1473703198,93.4800,93.4900,93.3600,93.3600,28900
1473703200,93.4400,93.4900,93.4300,93.4900,16800
1473703319,93.5068,93.5600,93.4600,93.4600,20900
1473703379,93.5600,93.5650,93.5100,93.5130,18700
1473703380,93.6100,93.6400,93.5600,93.5700,16500
1473703497,93.6150,93.6600,93.5900,93.6100,24400
1473703500,93.6000,93.6266,93.5850,93.6050,12600
1473703612,93.6602,93.6800,93.6000,93.6000,19500
1473703620,93.6200,93.6600,93.6200,93.6500,48100
1473703681,93.6210,93.6900,93.6001,93.6300,16200
1473703799,93.6600,93.6600,93.6050,93.6350,12300
1473703803,93.6300,93.6700,93.6100,93.6600,13000
1473703863,93.6200,93.6300,93.5900,93.6300,6600
1473703920,93.6100,93.6150,93.5846,93.6150,11100
1473704039,93.6200,93.6400,93.5800,93.6100,13900
1473704099,93.6700,93.6700,93.6101,93.6260,9100
1473704100,93.6535,93.6650,93.6400,93.6600,13400
1473704161,93.6700,93.6900,93.6521,93.6521,11700
1473704221,93.6300,93.6600,93.6100,93.6600,11000
1473704280,93.6100,93.6400,93.6100,93.6200,10800
1473704392,93.6399,93.6660,93.6100,93.6100,17500
1473704459,93.6450,93.6500,93.6200,93.6400,9500
1473704519,93.6250,93.6714,93.6200,93.6400,18800
1473704520,93.6200,93.6400,93.6100,93.6300,12900
1473704580,93.5800,93.6200,93.5800,93.6200,26900
1473704640,93.6100,93.6400,93.5800,93.5800,34900
1473704757,93.6230,93.6600,93.6100,93.6100,21400
1473704760,93.6568,93.6570,93.6300,93.6300,6500
1473704820,93.6300,93.6700,93.6300,93.6566,22900
1473704880,93.5654,93.6400,93.5650,93.6349,18300
1473704993,93.5550,93.5654,93.5400,93.5654,10000
1473705000,93.6400,93.6400,93.5700,93.5700,17500
1473705060,93.6400,93.6550,93.6300,93.6400,9800
1473705175,93.6650,93.6699,93.6300,93.6300,8500
1473705238,93.6350,93.6750,93.6300,93.6650,19500
1473705240,93.6050,93.6350,93.5800,93.6301,11800
1473705302,93.6400,93.6450,93.5900,93.6050,14900
1473705360,93.6700,93.6750,93.6432,93.6500,7700
1473705420,93.6400,93.6750,93.6400,93.6700,11500
1473705480,93.6900,93.6950,93.6400,93.6400,13600
1473705540,93.7500,93.7700,93.6800,93.6900,39700
1473705656,93.7500,93.7800,93.7300,93.7500,15000
1473705712,93.7640,93.7700,93.7500,93.7500,12100
1473705779,93.7700,93.7850,93.7600,93.7650,17800
1473705787,93.8100,93.8100,93.7500,93.7600,17100
1473705844,93.8200,93.8400,93.8050,93.8050,24200
1473705959,93.8500,93.8600,93.8200,93.8200,19500
1473705960,93.8099,93.8550,93.8000,93.8550,11800
1473706020,93.7300,93.8000,93.7250,93.8000,22000
1473706081,93.7150,93.7650,93.7150,93.7300,9100
1473706143,93.7300,93.7300,93.7200,93.7200,7700
1473706253,93.7300,93.7500,93.7250,93.7250,8000
1473706260,93.6600,93.7300,93.6600,93.7300,12000
1473706321,93.6700,93.7000,93.6600,93.6600,12500
1473706381,93.7100,93.7246,93.6800,93.6800,9200
1473706440,93.6700,93.7100,93.6500,93.7100,13400
1473706500,93.6500,93.6950,93.6500,93.6800,19800
1473706563,93.6950,93.7050,93.6550,93.6600,8500
1473706626,93.7300,93.7400,93.7000,93.7000,9400
1473706684,93.7400,93.7600,93.7200,93.7300,19500
1473706743,93.7265,93.7600,93.7200,93.7450,10100
1473706853,93.7400,93.7800,93.7300,93.7300,18500
1473706919,93.8000,93.8128,93.7400,93.7400,17100
1473706977,93.7950,93.8000,93.7700,93.8000,11800
1473706984,93.8046,93.8200,93.7950,93.7950,7100
1473707099,93.7800,93.8200,93.7600,93.8100,12400
1473707101,93.8499,93.8500,93.7803,93.7803,27000
1473707161,93.8200,93.8600,93.8200,93.8600,20500
1473707279,93.8000,93.8150,93.7850,93.8100,9500
1473707280,93.8299,93.8550,93.8000,93.8000,16200
1473707349,93.8200,93.8400,93.8100,93.8250,12700
1473707402,93.8350,93.8470,93.8200,93.8250,15900
1473707517,93.7801,93.8300,93.7801,93.8300,8400
1473707577,93.7650,93.8000,93.7600,93.7850,16600
1473707581,93.7800,93.8050,93.7500,93.7600,17300
1473707642,93.7600,93.7801,93.7600,93.7800,10400
1473707702,93.7135,93.7800,93.7062,93.7700,15500
1473707819,93.7000,93.7350,93.7000,93.7250,14900
1473707820,93.6750,93.7050,93.6710,93.7050,14300
1473707884,93.7200,93.7300,93.6700,93.6800,13200
1473707998,93.6650,93.7250,93.6600,93.7200,9600
1473708059,93.6850,93.7000,93.6500,93.6650,18500
1473708060,93.7100,93.7152,93.6800,93.6850,15000
1473708120,93.7250,93.7300,93.6500,93.7100,20700
1473708181,93.7300,93.7600,93.7200,93.7300,16700
1473708241,93.7350,93.7510,93.7199,93.7300,22900
1473708300,93.7090,93.7500,93.7090,93.7400,17900
1473708418,93.6900,93.7050,93.6700,93.7010,15000
1473708422,93.7099,93.7200,93.6850,93.6850,11900
1473708484,93.7050,93.7150,93.7000,93.7100,10300
1473708544,93.7425,93.7550,93.7050,93.7100,28400
1473708600,93.7501,93.7700,93.7438,93.7450,35100
1473708660,93.7650,93.7750,93.7350,93.7500,28900
1473708779,93.7425,93.7900,93.7300,93.7650,54000
1473708780,93.7300,93.7700,93.7300,93.7400,27800
1473708840,93.7100,93.7300,93.6810,93.7200,29100
1473708900,93.6900,93.7200,93.6700,93.7100,27700
1473708961,93.7200,93.7250,93.6839,93.6900,32400
1473709020,93.7150,93.7300,93.7100,93.7200,29000
1473709081,93.6900,93.7300,93.6800,93.7200,21800
1473709141,93.7300,93.7300,93.6700,93.6950,18500
1473709201,93.7550,93.7600,93.7150,93.7300,25300
1473709316,93.7700,93.8200,93.7500,93.7550,48300
1473709320,93.7850,93.8110,93.7600,93.7850,33900
1473709382,93.7800,93.7900,93.7300,93.7501,21100
1473709442,93.7600,93.8000,93.7500,93.7800,25200
1473709503,93.7000,93.7650,93.7000,93.7500,50100
1473709560,93.6500,93.7100,93.6500,93.7000,35000
1473709676,93.6200,93.6600,93.5900,93.6500,38300
1473709683,93.6000,93.6500,93.6000,93.6300,33800
1473709799,93.6050,93.6300,93.5900,93.6050,42900
1473709859,93.6100,93.6500,93.6000,93.6000,58400
1473709860,93.6000,93.6500,93.6000,93.6100,33400
1473709976,93.6000,93.6050,93.5600,93.6050,34100
1473710039,93.5700,93.6000,93.5500,93.5900,37600
1473710099,93.5700,93.6000,93.5600,93.5800,46900
1473710100,93.6400,93.6500,93.5800,93.5800,69800
1473710160,93.5800,93.6450,93.5700,93.6400,46200
1473710220,93.6500,93.6500,93.5800,93.5800,41900
1473710280,93.6200,93.6400,93.6000,93.6400,46500
1473710343,93.6200,93.6700,93.5800,93.6000,129100
1473710400,93.6400,93.6400,93.6400,93.6400,1253800
