uri:/instrument/1.0/VEA/chartdata;type=quote;range=1d/csv
ticker:vea
Company-Name:Vanguard FTSE Developed Markets
Exchange-Name:PCX
unit:MIN
timezone:EDT
currency:USD
gmtoffset:-14400
previous_close:36.7800
Timestamp:1474032600,1474056000
labels:1474034400,1474038000,1474041600,1474045200,1474048800,1474052400,1474056000
values:Timestamp,close,high,low,open,volume
close:36.2645,36.4200
high:36.2700,36.4250
low:36.2600,36.4050
open:36.2650,36.4200
volume:500,765100
1474032657,36.4100,36.4100,36.4000,36.4000,86900
1474032719,36.3900,36.4200,36.3900,36.4200,15300
1474032779,36.3900,36.3900,36.3800,36.3800,7200
1474032834,36.3900,36.4000,36.3800,36.3900,2000
1474032847,36.3900,36.4000,36.3800,36.3900,4000
1474032959,36.3725,36.3999,36.3650,36.3999,48700
1474032960,36.3800,36.3800,36.3699,36.3699,12100
1474033024,36.3650,36.3800,36.3560,36.3800,4800
1474033134,36.3800,36.3800,36.3600,36.3600,87400
1474033198,36.3790,36.3950,36.3700,36.3800,93000
1474033200,36.3700,36.3800,36.3600,36.3800,20500
1474033260,36.3690,36.3710,36.3690,36.3700,4200
1474033323,36.3600,36.3701,36.3500,36.3701,18900
1474033438,36.3600,36.3649,36.3500,36.3500,4300
1474033440,36.3900,36.4000,36.3600,36.3600,8100
1474033552,36.3800,36.3950,36.3762,36.3900,5100
1474033566,36.3900,36.3900,36.3600,36.3700,12200
1474033677,36.3950,36.3950,36.3731,36.3800,3800
1474033685,36.3864,36.3950,36.3800,36.3800,11900
1474033799,36.4000,36.4075,36.3900,36.3900,7900
1474033802,36.3801,36.3900,36.3800,36.3900,2400
1474033919,36.3900,36.4000,36.3800,36.3800,1700
1474033978,36.3800,36.3950,36.3800,36.3900,8300
1474033982,36.3500,36.3900,36.3500,36.3731,3400
1474034099,36.3700,36.3700,36.3550,36.3600,6600
1474034102,36.3600,36.3650,36.3600,36.3600,2900
1474034219,36.3850,36.3890,36.3700,36.3700,3700
1474034274,36.4000,36.4000,36.3860,36.3890,3700
1474034335,36.3900,36.4050,36.3900,36.4000,3600
1474034398,36.4000,36.4000,36.3900,36.3900,2800
1474034459,36.4000,36.4200,36.4000,36.4000,9900
1474034519,36.3700,36.4050,36.3700,36.4000,102100
1474034579,36.3750,36.3799,36.3501,36.3799,9400
1474034638,36.3600,36.3700,36.3589,36.3700,14900
1474034698,36.3750,36.3750,36.3600,36.3600,18700
1474034759,36.3450,36.3750,36.3400,36.3700,6100
1474034816,36.3300,36.3400,36.3200,36.3400,15200
1474034829,36.3050,36.3250,36.3000,36.3250,20000
1474034890,36.3093,36.3200,36.3000,36.3050,12300
1474034943,36.3300,36.3300,36.3000,36.3050,37500
1474035004,36.3210,36.3400,36.3210,36.3300,9400
1474035063,36.3300,36.3385,36.3101,36.3300,7600
1474035120,36.3293,36.3300,36.3200,36.3201,8800
1474035180,36.3199,36.3289,36.3101,36.3200,16500
1474035242,36.3300,36.3499,36.3100,36.3120,13600
1474035301,36.3250,36.3389,36.3100,36.3389,24000
1474035361,36.3250,36.3300,36.3101,36.3200,6500
1474035421,36.3511,36.3511,36.3200,36.3201,21300
1474035484,36.3499,36.3599,36.3411,36.3500,7300
1474035597,36.3400,36.3500,36.3301,36.3500,28600
1474035600,36.3350,36.3499,36.3300,36.3400,6000
1474035660,36.3311,36.3400,36.3234,36.3300,9600
1474035722,36.3200,36.3311,36.3200,36.3300,9600
1474035780,36.3301,36.3411,36.3201,36.3295,13900
1474035899,36.3311,36.3389,36.3200,36.3335,18100
1474035902,36.3000,36.3389,36.3000,36.3300,12400
1474035969,36.2950,36.3100,36.2901,36.2901,13500
1474036022,36.3250,36.3250,36.2901,36.2901,18000
1474036080,36.3000,36.3300,36.3000,36.3200,9900
1474036141,36.3111,36.3150,36.2900,36.2999,25100
1474036201,36.3200,36.3200,36.3100,36.3100,7700
1474036269,36.3300,36.3395,36.3001,36.3100,10000
1474036379,36.3350,36.3350,36.3200,36.3300,8600
1474036380,36.3150,36.3350,36.3100,36.3300,8400
1474036441,36.3200,36.3289,36.3100,36.3100,16500
1474036508,36.3211,36.3311,36.3101,36.3200,14400
1474036566,36.3200,36.3299,36.3200,36.3299,16400
1474036621,36.3192,36.3266,36.3100,36.3200,7000
1474036683,36.3200,36.3200,36.3036,36.3100,13700
1474036741,36.3500,36.3600,36.3112,36.3200,33500
1474036801,36.3400,36.3500,36.3300,36.3500,15500
1474036860,36.3700,36.3700,36.3312,36.3400,22500
1474036921,36.3700,36.3900,36.3700,36.3800,17300
1474036986,36.3900,36.3900,36.3700,36.3750,24600
1474037043,36.3801,36.3900,36.3800,36.3800,22900
1474037159,36.4100,36.4200,36.3801,36.3900,23800
1474037160,36.4050,36.4100,36.4000,36.4050,14200
1474037228,36.4200,36.4200,36.4005,36.4050,17300
1474037281,36.4063,36.4250,36.4050,36.4180,39400
1474037349,36.4089,36.4099,36.4000,36.4034,4500
1474037404,36.3900,36.4085,36.3900,36.4050,34800
1474037461,36.3900,36.3982,36.3801,36.3950,48100
1474037523,36.4000,36.4000,36.3807,36.3820,22900
1474037581,36.3911,36.4050,36.3900,36.4000,22900
1474037642,36.3900,36.3999,36.3801,36.3950,23000
1474037701,36.3850,36.3900,36.3800,36.3900,14100
1474037818,36.3900,36.3900,36.3800,36.3811,15300
1474037820,36.3650,36.3889,36.3600,36.3811,42000
1474037937,36.3652,36.3700,36.3600,36.3600,13500
1474037999,36.3600,36.3650,36.3500,36.3600,30500
1474038010,36.3434,36.3500,36.3400,36.3450,7600
1474038118,36.3450,36.3500,36.3400,36.3500,7700
1474038179,36.3466,36.3466,36.3300,36.3400,21000
1474038238,36.3300,36.3450,36.3250,36.3450,31900
1474038299,36.3300,36.3350,36.3250,36.3250,13500
1474038300,36.3399,36.3399,36.3200,36.3300,25100
1474038385,36.3301,36.3400,36.3300,36.3400,4700
1474038426,36.3400,36.3400,36.3300,36.3400,18800
1474038539,36.3400,36.3477,36.3300,36.3400,28800
1474038549,36.3385,36.3464,36.3385,36.3450,16400
1474038659,36.3470,36.3500,36.3300,36.3400,2100
1474038718,36.3500,36.3500,36.3400,36.3450,4800
1474038774,36.3650,36.3700,36.3500,36.3500,55500
1474038838,36.3700,36.3700,36.3600,36.3700,32000
1474038899,36.3600,36.3699,36.3600,36.3600,24800
1474038941,36.3600,36.3700,36.3500,36.3500,23600
1474038974,36.3600,36.3675,36.3500,36.3675,12300
1474039022,36.3400,36.3550,36.3400,36.3550,29800
1474039137,36.3250,36.3365,36.3210,36.3350,17700
1474039199,36.3350,36.3400,36.3200,36.3250,19500
1474039259,36.3500,36.3500,36.3400,36.3400,22100
1474039318,36.3550,36.3600,36.3400,36.3500,33600
1474039374,36.3650,36.3650,36.3541,36.3590,42200
1474039437,36.3550,36.3662,36.3500,36.3600,24400
1474039499,36.3500,36.3600,36.3500,36.3550,39400
1474039558,36.3350,36.3550,36.3200,36.3500,62300
1474039619,36.3350,36.3399,36.3146,36.3350,18500
1474039668,36.3262,36.3350,36.3200,36.3350,14000
1474039734,36.3400,36.3400,36.3200,36.3200,18300
1474039799,36.3138,36.3350,36.3000,36.3300,40100
1474039859,36.3300,36.3350,36.3150,36.3150,47100
1474039918,36.3400,36.3450,36.3250,36.3350,49900
1474039977,36.3100,36.3450,36.3100,36.3300,40600
1474040023,36.3050,36.3150,36.3050,36.3100,5900
1474040099,36.3300,36.3400,36.3100,36.3100,25100
1474040157,36.3550,36.3599,36.3300,36.3400,25400
1474040218,36.3700,36.3800,36.3550,36.3550,62800
1474040273,36.3762,36.3800,36.3600,36.3601,26400
1474040286,36.3800,36.3900,36.3700,36.3700,18700
1474040387,36.3765,36.3800,36.3632,36.3750,9100
1474040459,36.3700,36.3750,36.3605,36.3750,36700
1474040519,36.3745,36.3861,36.3700,36.3750,26200
1474040575,36.3700,36.3800,36.3600,36.3720,22800
1474040633,36.3850,36.3850,36.3700,36.3750,25800
1474040697,36.3850,36.3900,36.3800,36.3875,18700
1474040710,36.3800,36.3850,36.3700,36.3850,20500
1474040819,36.3900,36.3985,36.3800,36.3800,52000
1474040820,36.3850,36.3950,36.3800,36.3950,20000
1474040938,36.3900,36.3900,36.3700,36.3800,48800
1474040992,36.3800,36.3885,36.3800,36.3800,11000
1474041005,36.3700,36.3850,36.3600,36.3850,16600
1474041116,36.3700,36.3785,36.3601,36.3785,10600
1474041167,36.3650,36.3775,36.3600,36.3700,14800
1474041235,36.3700,36.3700,36.3600,36.3650,1900
1474041299,36.3700,36.3700,36.3650,36.3700,14900
1474041300,36.3550,36.3700,36.3500,36.3600,22000
1474041418,36.3600,36.3700,36.3535,36.3600,16600
1474041430,36.3600,36.3600,36.3500,36.3540,64200
1474041539,36.3700,36.3800,36.3600,36.3700,13700
1474041541,36.3677,36.3800,36.3623,36.3750,14500
1474041658,36.3700,36.3777,36.3635,36.3700,12900
1474041668,36.3600,36.3700,36.3600,36.3685,4800
1474041779,36.3700,36.3700,36.3600,36.3600,31700
1474041837,36.3600,36.3658,36.3600,36.3658,6200
1474041899,36.3650,36.3665,36.3600,36.3600,5100
1474041955,36.3700,36.3700,36.3600,36.3660,9200
1474042013,36.3850,36.3900,36.3700,36.3700,9400
1474042022,36.3850,36.3891,36.3800,36.3891,8300
1474042134,36.3900,36.3900,36.3800,36.3900,8100
1474042184,36.3900,36.3900,36.3850,36.3850,1200
1474042216,36.3900,36.3950,36.3900,36.3900,11100
1474042260,36.3787,36.3900,36.3700,36.3900,7500
1474042378,36.3800,36.3800,36.3700,36.3750,16700
1474042380,36.3700,36.3890,36.3700,36.3800,31300
1474042443,36.3700,36.3763,36.3644,36.3700,5200
1474042509,36.3768,36.3785,36.3700,36.3700,765100
1474042612,36.3700,36.3700,36.3650,36.3700,2700
1474042647,36.3776,36.3776,36.3700,36.3700,1400
1474042737,36.3800,36.3800,36.3700,36.3750,24600
1474042787,36.3800,36.3890,36.3800,36.3800,16000
1474042854,36.3800,36.3800,36.3735,36.3750,5600
1474042865,36.3800,36.3800,36.3800,36.3800,2300
1474042979,36.3800,36.3800,36.3700,36.3800,6300
1474043038,36.3900,36.3900,36.3800,36.3800,18400
1474043099,36.3910,36.3999,36.3832,36.3832,24900
1474043159,36.3900,36.3950,36.3900,36.3900,1200
1474043164,36.3880,36.3950,36.3880,36.3900,27000
1474043272,36.3899,36.3900,36.3800,36.3900,4500
1474043338,36.3650,36.3850,36.3650,36.3850,26400
1474043345,36.3630,36.3700,36.3600,36.3700,32500
1474043453,36.3750,36.3750,36.3700,36.3700,8600
1474043467,36.3600,36.3750,36.3600,36.3700,3400
1474043520,36.3500,36.3600,36.3500,36.3600,1100
1474043586,36.3500,36.3570,36.3500,36.3570,11100
1474043685,36.3410,36.3500,36.3400,36.3500,12100
1474043758,36.3500,36.3597,36.3500,36.3500,12500
1474043817,36.3600,36.3600,36.3500,36.3500,14400
1474043879,36.3550,36.3660,36.3520,36.3660,5900
1474043923,36.3450,36.3500,36.3400,36.3500,5000
1474043944,36.3600,36.3600,36.3499,36.3499,13800
1474044059,36.3300,36.3599,36.3300,36.3599,7000
1474044117,36.3400,36.3400,36.3300,36.3300,2900
1474044176,36.3400,36.3500,36.3350,36.3500,5900
1474044187,36.3400,36.3499,36.3400,36.3400,1500
1474044299,36.3500,36.3550,36.3450,36.3500,9800
1474044301,36.3450,36.3600,36.3450,36.3550,4000
1474044364,36.3500,36.3500,36.3500,36.3500,3300
1474044424,36.3500,36.3585,36.3450,36.3500,4900
1474044532,36.3600,36.3700,36.3500,36.3500,21600
1474044596,36.3549,36.3699,36.3549,36.3699,800
1474044600,36.3400,36.3565,36.3400,36.3500,4400
1474044713,36.3550,36.3550,36.3348,36.3400,8300
1474044777,36.3550,36.3600,36.3550,36.3550,9200
1474044780,36.3600,36.3600,36.3500,36.3500,4000
1474044889,36.3650,36.3700,36.3600,36.3600,10200
1474044955,36.3644,36.3685,36.3600,36.3650,3100
1474045019,36.3500,36.3699,36.3500,36.3699,15800
1474045079,36.3550,36.3600,36.3550,36.3550,2000
1474045134,36.3550,36.3600,36.3545,36.3600,9700
1474045199,36.3475,36.3565,36.3475,36.3565,4100
1474045257,36.3450,36.3500,36.3400,36.3400,9100
1474045301,36.3450,36.3480,36.3400,36.3450,7600
1474045326,36.3500,36.3500,36.3450,36.3470,500
1474045422,36.3550,36.3563,36.3500,36.3500,4300
1474045453,36.3500,36.3600,36.3500,36.3600,6500
1474045558,36.3400,36.3450,36.3362,36.3400,8700
1474045566,36.3300,36.3400,36.3300,36.3400,5200
1474045677,36.3375,36.3375,36.3235,36.3300,4000
1474045685,36.3200,36.3300,36.3200,36.3300,13300
1474045799,36.3350,36.3350,36.3250,36.3300,7000
1474045803,36.3201,36.3300,36.3201,36.3300,4600
1474045916,36.3385,36.3385,36.3257,36.3300,11000
1474045922,36.3358,36.3450,36.3300,36.3300,14200
1474046031,36.3300,36.3350,36.3300,36.3338,2200
1474046098,36.3200,36.3300,36.3200,36.3300,9500
1474046155,36.3350,36.3350,36.3200,36.3200,3600
1474046163,36.3250,36.3360,36.3250,36.3300,3200
1474046277,36.3250,36.3300,36.3200,36.3300,5500
1474046283,36.3250,36.3265,36.3250,36.3250,900
1474046393,36.3193,36.3200,36.3126,36.3200,2900
1474046400,36.3200,36.3300,36.3100,36.3200,13800
1474046465,36.3100,36.3250,36.3100,36.3200,9700
1474046578,36.3200,36.3250,36.3150,36.3150,2300
1474046585,36.3240,36.3299,36.3240,36.3250,1900
1474046699,36.3285,36.3285,36.3200,36.3250,5300
1474046758,36.3250,36.3250,36.3125,36.3250,6800
1474046814,36.3200,36.3250,36.3200,36.3200,7400
1474046876,36.3235,36.3250,36.3200,36.3200,3300
1474046939,36.3150,36.3200,36.3100,36.3200,12300
1474046997,36.3165,36.3166,36.3100,36.3100,1600
1474047003,36.3200,36.3200,36.3150,36.3199,3300
1474047069,36.3200,36.3299,36.3199,36.3200,6600
1474047177,36.3150,36.3299,36.3101,36.3200,18000
1474047207,36.3191,36.3200,36.3150,36.3200,20500
1474047297,36.3000,36.3150,36.3000,36.3150,4400
1474047305,36.3010,36.3099,36.3000,36.3099,2200
1474047415,36.3100,36.3150,36.3000,36.3100,12700
1474047426,36.3200,36.3200,36.3050,36.3099,25100
1474047536,36.3185,36.3200,36.3100,36.3200,5300
1474047540,36.3050,36.3155,36.3010,36.3100,4400
1474047626,36.3150,36.3150,36.3026,36.3093,4300
1474047719,36.3100,36.3152,36.3000,36.3152,7700
1474047730,36.3050,36.3100,36.3000,36.3100,2500
1474047836,36.3000,36.3000,36.2900,36.3000,8800
1474047841,36.2900,36.2900,36.2900,36.2900,2100
1474047959,36.2750,36.2850,36.2700,36.2850,3000
1474048018,36.2665,36.2755,36.2635,36.2738,7500
1474048075,36.2693,36.2700,36.2650,36.2650,800
1474048137,36.2800,36.2800,36.2606,36.2700,9100
1474048198,36.2875,36.2875,36.2766,36.2800,4700
1474048259,36.2731,36.2850,36.2710,36.2800,6100
1474048308,36.2800,36.2800,36.2700,36.2737,17000
1474048368,36.2700,36.2700,36.2650,36.2700,900
1474048387,36.2754,36.2850,36.2662,36.2700,17500
1474048496,36.2866,36.2900,36.2800,36.2800,4700
1474048500,36.2800,36.2886,36.2752,36.2886,6900
1474048617,36.2850,36.2863,36.2800,36.2800,1700
1474048673,36.2870,36.2870,36.2800,36.2800,2900
1474048698,36.2750,36.2890,36.2701,36.2890,9800
1474048797,36.2950,36.2950,36.2750,36.2800,14700
1474048800,36.2700,36.2900,36.2700,36.2900,3700
1474048871,36.2685,36.2793,36.2622,36.2793,10000
1474048925,36.2645,36.2700,36.2645,36.2700,3800
1474049036,36.2650,36.2700,36.2600,36.2650,15700
1474049049,36.2700,36.2700,36.2650,36.2650,3100
1474049104,36.2750,36.2750,36.2600,36.2700,8300
1474049161,36.2900,36.2900,36.2700,36.2700,18100
1474049229,36.2950,36.3000,36.2900,36.2900,14500
1474049291,36.2900,36.3000,36.2801,36.2900,15000
1474049344,36.2950,36.3000,36.2900,36.2900,17100
1474049404,36.2950,36.2999,36.2948,36.2950,2800
1474049515,36.2900,36.2950,36.2900,36.2900,8300
1474049577,36.3100,36.3100,36.2800,36.2900,26800
1474049639,36.2950,36.3100,36.2950,36.3100,2200
1474049697,36.2900,36.2985,36.2800,36.2900,14700
1474049700,36.2850,36.2900,36.2850,36.2862,4400
1474049819,36.2900,36.2900,36.2800,36.2800,6300
1474049822,36.2810,36.2875,36.2800,36.2850,5500
1474049938,36.2850,36.2900,36.2836,36.2837,4200
1474049999,36.2885,36.2900,36.2800,36.2800,48400
1474050056,36.2900,36.2950,36.2816,36.2850,14600
1474050070,36.2800,36.2850,36.2800,36.2850,3100
1474050178,36.2885,36.2885,36.2800,36.2850,1600
1474050236,36.2900,36.3000,36.2820,36.2850,9500
1474050240,36.2885,36.2900,36.2801,36.2900,12200
1474050301,36.2850,36.2850,36.2800,36.2800,2100
1474050414,36.2900,36.2900,36.2800,36.2850,19200
1474050478,36.2799,36.2850,36.2700,36.2850,42700
1474050490,36.2879,36.2885,36.2800,36.2800,5800
1474050581,36.2900,36.2900,36.2800,36.2850,36800
1474050601,36.2900,36.3050,36.2890,36.2900,15800
1474050674,36.2900,36.2900,36.2850,36.2850,900
1474050774,36.2950,36.2990,36.2845,36.2900,16900
1474050781,36.3000,36.3100,36.2914,36.3000,14400
1474050850,36.2962,36.3050,36.2950,36.3050,7300
1474050959,36.3100,36.3100,36.3000,36.3000,4400
1474050960,36.3050,36.3200,36.3000,36.3100,50200
1474051075,36.3001,36.3099,36.3000,36.3094,14600
1474051094,36.3050,36.3099,36.2966,36.3050,13000
1474051198,36.3075,36.3099,36.3000,36.3050,1700
1474051259,36.2999,36.3100,36.2910,36.3000,8900
1474051273,36.3085,36.3090,36.2999,36.3000,5600
1474051379,36.3250,36.3285,36.3030,36.3085,21700
1474051439,36.3250,36.3250,36.3200,36.3200,8400
1474051447,36.3250,36.3250,36.3200,36.3250,4100
1474051559,36.3200,36.3250,36.3200,36.3250,5800
1474051617,36.3200,36.3200,36.3124,36.3200,3000
1474051679,36.3250,36.3290,36.3151,36.3200,7300
1474051680,36.3250,36.3258,36.3200,36.3200,9300
1474051749,36.3200,36.3250,36.3200,36.3250,1900
1474051805,36.3140,36.3300,36.3140,36.3200,8300
1474051914,36.3199,36.3200,36.3100,36.3150,22000
1474051978,36.3115,36.3199,36.3100,36.3199,11900
1474052038,36.3050,36.3199,36.3050,36.3137,13100
1474052041,36.3100,36.3150,36.3100,36.3100,7700
1474052159,36.2900,36.3099,36.2900,36.3050,12000
1474052218,36.3000,36.3000,36.2900,36.3000,8400
1474052279,36.3000,36.3050,36.2962,36.2962,4900
1474052333,36.2850,36.3000,36.2850,36.3000,33900
1474052399,36.2800,36.2885,36.2800,36.2850,3200
1474052400,36.2900,36.2930,36.2750,36.2800,16000
1474052463,36.2900,36.2900,36.2810,36.2820,22800
1474052529,36.3010,36.3050,36.2822,36.2900,24100
1474052635,36.3000,36.3000,36.2900,36.3000,7700
1474052697,36.3050,36.3100,36.3000,36.3000,6000
1474052705,36.3050,36.3100,36.3000,36.3050,21000
1474052809,36.3050,36.3090,36.3000,36.3085,3400
1474052878,36.3000,36.3099,36.2952,36.3000,9900
1474052937,36.3063,36.3100,36.2949,36.3000,5500
1474052948,36.2950,36.3100,36.2905,36.3093,13900
1474053028,36.2860,36.2900,36.2860,36.2900,2600
1474053078,36.2865,36.2865,36.2813,36.2813,1800
1474053178,36.2850,36.2900,36.2850,36.2899,1300
1474053234,36.2900,36.2900,36.2820,36.2900,4000
1474053299,36.3001,36.3100,36.2865,36.2865,7300
1474053311,36.3020,36.3100,36.3020,36.3035,4700
1474053361,36.3100,36.3200,36.3001,36.3050,16700
1474053476,36.3199,36.3250,36.3015,36.3050,23300
1474053523,36.3115,36.3200,36.3115,36.3150,10400
1474053541,36.3100,36.3199,36.3100,36.3150,8000
1474053643,36.3200,36.3200,36.3100,36.3200,12700
1474053717,36.3300,36.3350,36.3200,36.3200,12300
1474053771,36.3201,36.3300,36.3201,36.3300,10900
1474053834,36.3200,36.3300,36.3200,36.3290,10400
1474053845,36.3200,36.3300,36.3107,36.3250,10300
1474053957,36.3241,36.3300,36.3200,36.3200,3900
1474053967,36.3200,36.3200,36.3200,36.3200,14200
1474054070,36.3230,36.3300,36.3200,36.3200,6100
1474054139,36.3280,36.3280,36.3200,36.3200,5300
1474054140,36.3200,36.3250,36.3150,36.3250,22900
1474054253,36.3400,36.3400,36.3250,36.3250,15300
1474054260,36.3500,36.3500,36.3300,36.3350,14100
1474054333,36.3550,36.3600,36.3450,36.3500,27700
1474054382,36.3600,36.3700,36.3510,36.3597,26900
1474054491,36.3510,36.3700,36.3500,36.3600,21000
1474054557,36.3500,36.3600,36.3500,36.3566,3700
1474054564,36.3500,36.3500,36.3401,36.3500,5500
1474054633,36.3500,36.3500,36.3460,36.3500,9300
1474054682,36.3450,36.3500,36.3400,36.3500,2500
1474054799,36.3500,36.3550,36.3450,36.3490,9000
1474054800,36.3500,36.3558,36.3450,36.3500,8100
1474054860,36.3500,36.3500,36.3400,36.3500,36100
1474054977,36.3459,36.3472,36.3400,36.3472,4600
1474055035,36.3550,36.3600,36.3446,36.3446,17800
1474055098,36.3450,36.3560,36.3450,36.3500,3700
1474055102,36.3563,36.3668,36.3450,36.3450,22800
1474055165,36.3550,36.3600,36.3500,36.3566,4400
1474055220,36.3650,36.3661,36.3534,36.3550,25900
1474055285,36.3650,36.3700,36.3550,36.3650,18600
1474055344,36.3700,36.3700,36.3600,36.3650,15400
1474055456,36.3700,36.3700,36.3601,36.3650,12000
1474055463,36.3700,36.3800,36.3650,36.3700,12700
1474055526,36.3550,36.3700,36.3550,36.3700,17100
1474055636,36.3450,36.3560,36.3450,36.3560,3700
1474055696,36.3499,36.3499,36.3300,36.3400,26800
1474055759,36.3400,36.3485,36.3400,36.3400,16800
1474055815,36.3500,36.3566,36.3450,36.3450,31100
1474055875,36.3350,36.3548,36.3350,36.3548,55700
1474055935,36.3250,36.3363,36.3200,36.3350,66400
1474055940,36.3400,36.3400,36.3200,36.3200,163300
1474056000,36.3300,36.3300,36.3300,36.3300,22300
