uri:/instrument/1.0/SPGI/chartdata;type=quote;range=1d/csv
ticker:spgi
Company-Name:S&P Global Inc. Common Stock
Exchange-Name:NYQ
unit:MIN
timezone:EDT
currency:USD
gmtoffset:-14400
previous_close:122.2200
Timestamp:1473687000,1473710400
labels:1473688800,1473692400,1473696000,1473699600,1473703200,1473706800,1473710400
values:Timestamp,close,high,low,open,volume
close:121.0600,122.2600
high:121.1500,122.2700
low:120.9500,122.2600
open:121.1100,122.2600
volume:100,19400
1473687079,121.2900,121.4600,120.9500,121.1100,19400
1473687154,121.4100,121.4700,121.3950,121.3950,3800
1473687234,121.4000,121.4450,121.4000,121.4450,2200
1473687294,121.6850,121.7700,121.6850,121.7700,300
1473687307,121.8700,121.8700,121.6700,121.7100,1500
1473687384,121.8700,121.9000,121.8600,121.8600,1200
1473687422,121.7800,121.8700,121.7800,121.8700,800
1473687485,121.6500,121.6500,121.6100,121.6400,1500
1473687586,121.7700,121.7900,121.7150,121.7150,4600
1473687609,121.6400,121.8000,121.6150,121.7700,3400
1473687678,121.7800,121.8200,121.7800,121.8200,900
1473687740,121.7500,121.7500,121.6800,121.6800,1200
1473687782,121.7000,121.7700,121.7000,121.7200,4300
1473687950,121.6400,121.6500,121.6400,121.6500,600
1473687982,121.6200,121.6200,121.6200,121.6200,1000
1473688082,121.4400,121.5300,121.4200,121.5300,3300
1473688161,121.3200,121.3800,121.2600,121.3800,3200
1473688205,121.3200,121.4300,121.3200,121.4300,5600
1473688317,121.3000,121.3000,121.3000,121.3000,100
1473688320,121.3300,121.3600,121.2700,121.2700,3800
1473688450,121.3000,121.3300,121.3000,121.3300,800
1473688538,121.3000,121.3700,121.3000,121.3700,1500
1473688602,121.4200,121.4200,121.4200,121.4200,600
1473688639,121.4700,121.4900,121.4100,121.4100,800
1473688692,121.4400,121.5300,121.4400,121.5300,2300
1473688741,121.3000,121.3900,121.3000,121.3900,2700
1473688857,121.2100,121.2100,121.2100,121.2100,1000
1473688906,121.2200,121.2200,121.1600,121.2100,3000
1473688939,121.0900,121.1500,121.0900,121.1500,1200
1473689007,121.0600,121.1700,121.0600,121.1400,1600
1473689046,121.1900,121.1900,121.1400,121.1400,3700
1473689218,121.2400,121.2400,121.2200,121.2200,900
1473689269,121.5750,121.5750,121.2900,121.2900,1800
1473689314,121.5600,121.5800,121.5300,121.5600,1600
1473689386,121.4900,121.4900,121.4900,121.4900,1400
1473689450,121.3500,121.3900,121.3500,121.3600,800
1473689505,121.3600,121.3600,121.3100,121.3100,1100
1473689547,121.4200,121.4200,121.4200,121.4200,700
1473689586,121.5100,121.5100,121.5100,121.5100,200
1473689665,121.5900,121.5900,121.5900,121.5900,100
1473689694,121.7600,121.7600,121.5900,121.5900,2900
1473689738,121.7200,121.7602,121.7100,121.7602,1700
1473689805,121.6900,121.6900,121.6900,121.6900,600
1473689861,121.7200,121.7200,121.6500,121.6500,2000
1473689939,121.8000,121.8000,121.6200,121.6500,2200
1473689992,121.9500,121.9500,121.8000,121.8000,3100
1473690028,121.8800,121.9700,121.6503,121.9700,1600
1473690107,122.0218,122.0218,121.9800,121.9800,800
1473690179,122.0800,122.1600,122.0800,122.1600,900
1473690237,122.1000,122.1350,122.1000,122.1300,2500
1473690275,122.1200,122.1400,122.1000,122.1100,1500
1473690359,122.1000,122.1100,122.1000,122.1100,800
1473690405,122.1100,122.1400,122.1000,122.1200,1800
1473690475,122.1500,122.1500,122.1400,122.1400,1200
1473690527,122.1701,122.2700,122.1701,122.1900,1300
1473690556,122.2600,122.2600,122.2600,122.2600,300
