uri:/instrument/1.0/NDAQ/chartdata;type=quote;range=1d/csv
ticker:ndaq
Company-Name:Nasdaq, Inc.
Exchange-Name:NMS
unit:MIN
timezone:EDT
currency:USD
gmtoffset:-14400
previous_close:68.9800
Timestamp:1473687000,1473710400
labels:1473688800,1473692400,1473696000,1473699600,1473703200,1473706800,1473710400
values:Timestamp,close,high,low,open,volume
close:68.2700,69.7000
high:68.3400,69.7100
low:68.2700,69.6800
open:68.3301,69.6900
volume:0,149000
1473687108,68.7100,68.7100,68.6800,68.6800,23700
1473687170,68.6800,68.8400,68.6800,68.8400,5900
1473687195,68.6500,68.6500,68.5900,68.6400,6200
1473687302,68.2700,68.5500,68.2700,68.5500,13100
1473687453,68.3400,68.3400,68.3150,68.3301,3400
1473687557,68.4000,68.4000,68.3900,68.3900,3300
1473687688,68.4600,68.4900,68.4300,68.4400,3300
1473687766,68.4700,68.4700,68.4700,68.4700,100
1473687795,68.5500,68.5500,68.4500,68.4500,2300
1473687903,68.5700,68.6100,68.4600,68.4600,4100
1473687964,68.6500,68.6500,68.5700,68.5700,7200
1473688034,68.6400,68.6800,68.6000,68.6400,3500
1473688127,68.6300,68.6300,68.6300,68.6300,1200
1473688218,68.6950,68.6950,68.6600,68.6600,3300
1473688306,68.6900,68.6900,68.6900,68.6900,1100
1473688374,68.7200,68.7500,68.7200,68.7200,700
1473688390,68.7200,68.7200,68.7200,68.7200,400
1473688464,68.7700,68.7700,68.6950,68.6950,700
1473688553,68.8100,68.8100,68.7000,68.7000,4200
1473688560,68.8100,68.8100,68.8000,68.8000,3200
1473688638,68.8600,68.8600,68.7899,68.7899,4400
1473688697,68.7500,68.8400,68.7500,68.8200,1300
1473688799,68.6400,68.7399,68.6400,68.7000,3400
1473688820,68.5200,68.5920,68.5200,68.5920,1400
1473688872,68.5100,68.5500,68.5100,68.5100,2200
1473688973,68.4200,68.4700,68.4000,68.4700,2900
1473688980,68.4750,68.4800,68.4200,68.4200,2600
1473689094,68.4600,68.4800,68.4500,68.4800,1500
1473689104,68.4700,68.5150,68.4200,68.4400,2000
1473689175,68.5200,68.5200,68.4700,68.4700,3400
1473689324,68.5100,68.5200,68.5100,68.5200,400
1473689386,68.4400,68.4700,68.4200,68.4700,2100
1473689458,68.5100,68.5100,68.4200,68.4200,1900
1473689461,68.4700,68.4900,68.4400,68.4900,900
1473689570,68.5200,68.5200,68.4600,68.4600,1300
1473689639,68.5500,68.5500,68.5000,68.5200,1500
1473689655,68.5800,68.5800,68.5400,68.5500,1900
1473689705,68.5600,68.6200,68.5600,68.6050,1000
1473689790,68.5400,68.5400,68.5300,68.5400,1500
1473689873,68.5374,68.5900,68.5100,68.5300,2000
1473689888,68.5700,68.5700,68.5100,68.5200,1800
1473689960,68.6200,68.6200,68.5500,68.5500,1800
1473690020,68.5700,68.5700,68.5700,68.5700,800
1473690109,68.6000,68.6300,68.6000,68.6300,1000
1473690140,68.6600,68.6600,68.6200,68.6200,800
1473690201,68.6300,68.6600,68.6300,68.6400,800
1473690245,68.6900,68.6900,68.6500,68.6600,1100
1473690342,68.6800,68.6800,68.6800,68.6800,500
1473690405,68.6600,68.6600,68.6600,68.6600,300
1473690432,68.6300,68.6500,68.6300,68.6500,800
1473690533,68.6596,68.6600,68.6400,68.6400,1000
1473690554,68.6600,68.6600,68.6200,68.6300,1000
1473690655,68.6500,68.6800,68.6500,68.6800,1600
1473690662,68.6600,68.6900,68.6600,68.6800,900
1473690736,68.6500,68.6600,68.6400,68.6500,1900
1473690835,68.6400,68.6600,68.6300,68.6500,1200
1473690840,68.6400,68.6400,68.6400,68.6400,600
1473690909,68.6300,68.6400,68.6200,68.6200,1700
1473690964,68.6600,68.6600,68.6400,68.6400,1400
1473691021,68.6500,68.6500,68.6400,68.6500,2500
1473691118,68.6300,68.6300,68.6300,68.6300,200
1473691199,68.6500,68.6600,68.6300,68.6300,2000
1473691200,68.6899,68.6899,68.6600,68.6600,1500
1473691302,68.7200,68.7200,68.7000,68.7000,900
1473691333,68.7400,68.7400,68.7400,68.7400,100
1473691403,68.7500,68.7700,68.7400,68.7400,1800
1473691458,68.6600,68.7500,68.6600,68.7500,1500
1473691506,68.6100,68.6700,68.6100,68.6600,1900
1473691614,68.5700,68.5700,68.5600,68.5600,300
1473691682,68.5700,68.5700,68.5700,68.5700,800
1473691753,68.5600,68.5600,68.5600,68.5600,400
1473691826,68.5300,68.5300,68.5200,68.5200,800
1473691861,68.5300,68.5400,68.5300,68.5300,800
1473691924,68.5500,68.5500,68.4900,68.5100,2600
1473692056,68.5500,68.5500,68.5200,68.5200,1800
1473692121,68.5400,68.5400,68.5300,68.5300,600
1473692173,68.5700,68.5700,68.5600,68.5600,3400
1473692279,68.5100,68.5800,68.4900,68.5700,2400
1473692280,68.5200,68.5300,68.4900,68.5000,4500
1473692394,68.5000,68.5000,68.4800,68.4800,700
1473692400,68.5500,68.5500,68.4800,68.4800,3300
1473692510,68.5200,68.5400,68.5100,68.5100,3600
1473692579,68.5900,68.5900,68.5200,68.5200,4200
1473692628,68.5600,68.6000,68.5600,68.5900,1300
1473692642,68.6000,68.6000,68.5800,68.5800,600
1473692720,68.5800,68.5900,68.5800,68.5900,600
1473692803,68.5700,68.5700,68.5600,68.5700,800
1473692875,68.5400,68.6000,68.5400,68.6000,1800
1473692908,68.5500,68.5500,68.5500,68.5500,100
1473692959,68.5200,68.5300,68.5200,68.5300,200
1473693002,68.5300,68.5500,68.5200,68.5500,2500
1473693080,68.4800,68.4900,68.4800,68.4900,300
1473693125,68.5200,68.5200,68.5100,68.5100,800
1473693206,68.4800,68.4800,68.4500,68.4500,700
1473693251,68.4900,68.5000,68.4900,68.5000,500
1473693302,68.4900,68.5100,68.4800,68.5000,1500
1473693364,68.5300,68.5300,68.4800,68.4900,3500
1473693426,68.5500,68.5500,68.5400,68.5400,1400
1473693480,68.5400,68.5500,68.5000,68.5200,3100
1473693573,68.5900,68.5900,68.5801,68.5801,700
1473693617,68.5900,68.5900,68.5500,68.5600,1100
1473693660,68.5800,68.6000,68.5600,68.5900,1700
1473693728,68.5800,68.5800,68.5700,68.5800,1900
1473693838,68.5700,68.5900,68.5700,68.5900,700
1473693895,68.6100,68.6100,68.5400,68.5400,2700
1473693900,68.5600,68.6000,68.5500,68.6000,3300
1473693999,68.5800,68.5900,68.5700,68.5700,2000
1473694073,68.5300,68.5700,68.5200,68.5700,14900
1473694084,68.5300,68.5300,68.5200,68.5300,2200
1473694140,68.5500,68.5700,68.5200,68.5200,2700
1473694203,68.5500,68.5700,68.5500,68.5700,600
1473694319,68.5400,68.5800,68.5300,68.5500,2500
1473694348,68.5200,68.5200,68.5200,68.5200,800
1473694401,68.5200,68.5200,68.5200,68.5200,400
1473694454,68.5900,68.5900,68.5600,68.5600,1000
1473694521,68.6000,68.6000,68.5900,68.5900,400
1473694596,68.6600,68.6600,68.6300,68.6300,700
1473694695,68.6800,68.6800,68.6500,68.6600,1200
1473694857,68.6600,68.6700,68.6600,68.6700,400
1473694875,68.6900,68.6900,68.6800,68.6800,500
1473694952,68.7200,68.7200,68.7000,68.7000,900
1473694983,68.7400,68.7500,68.7400,68.7400,1100
1473695073,68.7500,68.7700,68.7500,68.7600,800
1473695104,68.7600,68.7600,68.7600,68.7600,1200
1473695230,68.7500,68.7600,68.7500,68.7500,900
1473695285,68.7500,68.7600,68.7400,68.7500,1900
1473695347,68.7500,68.7700,68.7400,68.7500,1200
1473695404,68.7800,68.8000,68.7700,68.7700,700
1473695515,68.8000,68.8400,68.8000,68.8000,1900
1473695568,68.7700,68.7800,68.7700,68.7700,1600
1473695587,68.7900,68.8000,68.7600,68.7600,1700
1473695758,68.7900,68.7900,68.7750,68.7750,1300
1473695776,68.7900,68.8050,68.7900,68.8000,1700
1473695858,68.7700,68.8000,68.7650,68.7900,1400
1473695909,68.7800,68.7800,68.7700,68.7700,800
1473695988,68.7800,68.7800,68.7800,68.7800,300
1473696016,68.7900,68.7900,68.7600,68.7800,1500
1473696100,68.7800,68.7800,68.7800,68.7800,100
1473696122,68.7700,68.7800,68.7700,68.7700,1200
1473696208,68.7900,68.7900,68.7800,68.7900,1200
1473696251,68.8200,68.8200,68.8000,68.8000,1400
1473696302,68.8100,68.8300,68.8035,68.8300,1600
1473696387,68.8100,68.8200,68.8100,68.8200,400
1473696455,68.8300,68.8300,68.8100,68.8100,1000
1473696537,68.8600,68.8600,68.8400,68.8400,1500
1473696540,68.8700,68.8800,68.8500,68.8500,1100
1473696605,68.8900,68.8900,68.8800,68.8800,900
1473696661,68.8900,68.8900,68.8800,68.8800,400
1473696779,68.8200,68.8200,68.8200,68.8200,1000
1473696780,68.8400,68.8400,68.8200,68.8200,1300
1473696893,68.8400,68.8400,68.8400,68.8400,100
1473696902,68.8498,68.8500,68.8300,68.8400,2400
1473697002,68.8700,68.8700,68.8500,68.8500,900
1473697061,68.9000,68.9000,68.9000,68.9000,400
1473697124,68.8800,68.8900,68.8800,68.8900,600
1473697146,68.8800,68.8800,68.8800,68.8800,100
1473697253,68.8900,68.8900,68.8900,68.8900,300
1473697286,68.8800,68.8800,68.8600,68.8600,1000
1473697331,68.8600,68.8800,68.8600,68.8800,400
1473697435,68.8600,68.8600,68.8300,68.8600,1600
1473697440,68.8500,68.8500,68.8500,68.8500,200
1473697505,68.8700,68.8700,68.8600,68.8700,800
1473697619,68.8900,68.8900,68.8700,68.8700,300
1473697625,68.9000,68.9000,68.8705,68.8705,1100
1473697680,68.9000,68.9100,68.8700,68.8700,1400
1473697743,68.9300,68.9400,68.9100,68.9100,700
1473697831,68.9500,68.9500,68.9400,68.9400,600
1473697911,68.9700,68.9700,68.9700,68.9700,400
1473697978,69.0000,69.0000,68.9700,68.9700,600
1473697982,69.0000,69.0000,68.9900,68.9900,1200
1473698063,68.9800,68.9800,68.9700,68.9800,800
1473698123,68.9600,68.9800,68.9500,68.9800,1700
1473698165,68.9700,68.9700,68.9700,68.9700,300
1473698273,68.9800,68.9900,68.9800,68.9800,700
1473698329,68.9800,68.9800,68.9700,68.9800,1400
1473698392,69.0000,69.0000,68.9800,68.9800,1100
1473698443,68.9800,68.9800,68.9800,68.9800,800
1473698516,68.9500,68.9700,68.9400,68.9600,1400
1473698525,68.9500,68.9900,68.9350,68.9400,2000
1473698601,68.9300,68.9600,68.9100,68.9400,5000
1473698684,68.9500,68.9500,68.9400,68.9400,1000
1473698753,68.9300,68.9300,68.9300,68.9300,1000
1473698814,68.9800,68.9800,68.9499,68.9499,700
1473698876,69.0000,69.0000,68.9500,68.9700,1900
1473698920,68.9700,68.9800,68.9700,68.9700,700
1473698993,69.0100,69.0100,68.9800,68.9800,700
1473699038,69.0100,69.0100,68.9789,69.0000,1000
1473699061,68.9800,69.0100,68.9800,69.0100,900
1473699128,69.0800,69.0800,69.0100,69.0100,2100
1473699182,69.0800,69.0800,69.0800,69.0800,500
1473699274,69.0900,69.0900,69.0800,69.0800,500
1473699319,69.1300,69.1300,69.1100,69.1100,600
1473699478,69.0900,69.1300,69.0900,69.1300,1100
1473699501,69.1300,69.1300,69.1000,69.1000,300
1473699592,69.1200,69.1500,69.1100,69.1100,700
1473699609,69.1700,69.1700,69.1700,69.1700,300
1473699733,69.1700,69.1700,69.1700,69.1700,200
1473699810,69.1400,69.1600,69.1400,69.1600,1200
1473699863,69.1500,69.1700,69.1400,69.1700,1800
1473699902,69.1700,69.1800,69.1600,69.1600,1100
1473700078,69.1500,69.1600,69.1300,69.1600,1100
1473700134,69.1500,69.1500,69.1400,69.1500,1500
1473700178,69.1600,69.1600,69.1200,69.1400,1400
1473700218,69.1700,69.1700,69.1700,69.1700,300
1473700315,69.1900,69.2200,69.1900,69.1900,1200
1473700359,69.2200,69.2300,69.2100,69.2100,1700
1473700393,69.1900,69.1900,69.1750,69.1750,500
1473700441,69.2100,69.2100,69.1900,69.1900,900
1473700509,69.3200,69.3400,69.2300,69.2300,5500
1473700619,69.3100,69.3400,69.3000,69.3100,2100
1473700622,69.3500,69.3700,69.3100,69.3200,1600
1473700686,69.2605,69.3500,69.2605,69.3500,900
1473700740,69.2400,69.2700,69.2400,69.2500,1600
1473700928,69.1400,69.1950,69.1400,69.1950,2000
1473701004,69.0700,69.1200,69.0700,69.1200,1300
1473701051,69.1000,69.1000,69.0900,69.1000,2000
1473701151,69.0800,69.0900,69.0800,69.0800,400
1473701182,69.0900,69.0900,69.0900,69.0900,500
1473701283,69.0600,69.1000,69.0600,69.0600,1400
1473701351,68.9900,69.0100,68.9900,69.0000,1100
1473701503,68.9200,68.9600,68.9200,68.9600,600
1473701578,68.9200,68.9200,68.9200,68.9200,300
1473701637,68.9200,68.9600,68.9100,68.9353,900
1473701687,68.9300,68.9300,68.9300,68.9300,200
1473701719,68.9100,68.9600,68.9100,68.9600,2700
1473701765,68.8800,68.9300,68.8800,68.9200,500
1473701839,68.9800,68.9800,68.9100,68.9100,2500
1473701929,68.9900,69.0100,68.9900,69.0000,1700
1473701946,68.9700,68.9900,68.9700,68.9700,500
1473702002,68.9341,69.0000,68.9341,69.0000,600
1473702065,68.9200,68.9400,68.9200,68.9400,1200
1473702123,68.9000,68.9000,68.8900,68.8900,700
1473702239,68.9200,68.9200,68.8800,68.9000,300
1473702252,68.9400,68.9400,68.9200,68.9200,800
1473702319,68.9800,69.0000,68.9800,69.0000,900
1473702363,69.0500,69.0500,69.0200,69.0200,400
1473702420,69.0800,69.0800,69.0500,69.0500,800
1473702523,69.0700,69.0700,69.0600,69.0700,1300
1473702586,69.1300,69.1300,69.1000,69.1000,300
1473702604,69.1500,69.1500,69.1300,69.1300,700
1473702664,69.1000,69.1400,69.1000,69.1400,1400
1473702805,69.1200,69.1300,69.1200,69.1300,1400
1473702862,69.1100,69.1200,69.1000,69.1200,900
1473702900,69.1100,69.1200,69.0800,69.1100,1500
1473702965,69.0900,69.1000,69.0800,69.1000,800
1473703031,69.1300,69.1300,69.1100,69.1100,400
1473703105,69.0998,69.1200,69.0900,69.1200,1800
1473703152,69.1600,69.1600,69.1000,69.1000,1900
1473703209,69.1700,69.1700,69.1500,69.1600,1300
1473703316,69.1800,69.1800,69.1800,69.1800,800
1473703320,69.2100,69.2100,69.2000,69.2000,700
1473703433,69.2500,69.2600,69.2500,69.2600,900
1473703440,69.2700,69.2900,69.2500,69.2500,1500
1473703537,69.2200,69.2800,69.2200,69.2600,1100
1473703574,69.2500,69.2500,69.2300,69.2300,1900
1473703639,69.2600,69.2600,69.2300,69.2500,2600
1473703726,69.2700,69.2900,69.2600,69.2600,1500
1473703740,69.2700,69.2800,69.2700,69.2800,400
1473703802,69.2600,69.3000,69.2500,69.3000,1500
1473703942,69.2200,69.2500,69.2000,69.2500,1900
1473703991,69.2900,69.2900,69.2200,69.2200,1200
1473704068,69.2800,69.2800,69.2800,69.2800,200
1473704116,69.2800,69.2900,69.2800,69.2900,800
1473704187,69.2800,69.2900,69.2800,69.2900,500
1473704228,69.2900,69.2900,69.2800,69.2800,700
1473704299,69.3000,69.3200,69.2700,69.2800,2300
1473704354,69.3500,69.3500,69.3300,69.3300,400
1473704405,69.3400,69.3400,69.3100,69.3300,1500
1473704462,69.3360,69.3600,69.3360,69.3600,900
1473704524,69.3600,69.3600,69.3600,69.3600,300
1473704581,69.3400,69.3700,69.3300,69.3500,900
1473704641,69.3700,69.3700,69.3400,69.3400,1100
1473704731,69.3500,69.3500,69.3500,69.3500,300
1473704800,69.3300,69.3600,69.3300,69.3600,1400
1473704824,69.3300,69.3500,69.3300,69.3500,900
1473704928,69.2900,69.3100,69.2800,69.3100,2600
1473704992,69.2600,69.2900,69.2600,69.2900,900
1473705000,69.2900,69.2900,69.2700,69.2700,1600
1473705118,69.2800,69.2800,69.2800,69.2800,600
1473705158,69.2800,69.2800,69.2800,69.2800,400
1473705181,69.3000,69.3000,69.2800,69.2900,1500
1473705240,69.2700,69.3000,69.2700,69.3000,1900
1473705355,69.2700,69.2900,69.2700,69.2700,3300
1473705367,69.2900,69.3000,69.2700,69.2800,2000
1473705420,69.3000,69.3000,69.2800,69.2800,2100
1473705487,69.3400,69.3400,69.2900,69.2900,2800
1473705553,69.4000,69.4000,69.3500,69.3500,3100
1473705658,69.3600,69.4100,69.3600,69.3900,4800
1473705718,69.3750,69.3750,69.3700,69.3700,1000
1473705776,69.3600,69.3700,69.3500,69.3700,2400
1473705783,69.4100,69.4100,69.3600,69.3600,3000
1473705840,69.4200,69.4300,69.4000,69.4300,2300
1473705958,69.4700,69.4800,69.4300,69.4300,4300
1473706012,69.4200,69.4700,69.4200,69.4700,4400
1473706072,69.3800,69.4100,69.3800,69.4100,1200
1473706085,69.3800,69.4400,69.3700,69.3800,5400
1473706187,69.3700,69.3700,69.3600,69.3600,800
1473706258,69.3900,69.4000,69.3700,69.3700,4700
1473706261,69.3900,69.4000,69.3800,69.3800,2900
1473706379,69.3900,69.3900,69.3700,69.3900,2300
1473706438,69.3900,69.4100,69.3900,69.3900,2100
1473706490,69.3700,69.3900,69.3400,69.3850,2900
1473706502,69.3850,69.3900,69.3600,69.3800,5200
1473706617,69.3800,69.3900,69.3600,69.3700,2200
1473706621,69.4000,69.4100,69.3900,69.3900,1900
1473706700,69.3800,69.4100,69.3800,69.3950,2500
1473706741,69.3850,69.4100,69.3800,69.3900,1700
1473706849,69.4100,69.4400,69.3900,69.3900,2600
1473706865,69.4450,69.4450,69.4050,69.4100,1400
1473706921,69.4500,69.4500,69.4200,69.4400,3800
1473707034,69.4490,69.4600,69.4400,69.4600,1000
1473707091,69.4500,69.4700,69.4500,69.4600,1800
1473707102,69.4800,69.4900,69.4500,69.4500,2300
1473707215,69.4600,69.4900,69.4500,69.4900,2800
1473707278,69.4700,69.4800,69.4500,69.4600,2000
1473707334,69.4800,69.5000,69.4650,69.4700,3000
1473707398,69.4700,69.4900,69.4600,69.4800,2200
1473707402,69.4700,69.4800,69.4600,69.4800,2700
1473707466,69.4400,69.4700,69.4400,69.4700,800
1473707523,69.4100,69.4400,69.4100,69.4400,2700
1473707638,69.4200,69.4300,69.4100,69.4100,3800
1473707695,69.4000,69.4300,69.4000,69.4150,1500
1473707700,69.3800,69.4200,69.3800,69.4000,4200
1473707765,69.3600,69.3900,69.3600,69.3900,3700
1473707840,69.3600,69.3600,69.3600,69.3600,300
1473707894,69.3700,69.3700,69.3520,69.3520,3000
1473707972,69.3200,69.3500,69.3150,69.3500,1700
1473708003,69.3000,69.3200,69.2800,69.3200,3900
1473708115,69.3100,69.3300,69.2900,69.3000,6200
1473708127,69.3100,69.3200,69.2700,69.2900,3300
1473708238,69.3650,69.3650,69.3100,69.3100,3100
1473708295,69.3900,69.4000,69.3650,69.3650,6200
1473708354,69.4050,69.4200,69.3900,69.3950,2700
1473708415,69.3850,69.4100,69.3700,69.4100,7100
1473708423,69.4000,69.4200,69.3750,69.3750,5600
1473708538,69.4100,69.4200,69.3900,69.4000,3700
1473708540,69.4400,69.4500,69.4150,69.4150,2800
1473708658,69.4400,69.4600,69.4400,69.4500,5100
1473708698,69.4500,69.4500,69.4200,69.4400,2700
1473708724,69.4300,69.4500,69.4200,69.4500,4500
1473708834,69.4500,69.4500,69.4300,69.4400,3100
1473708842,69.4400,69.4500,69.4400,69.4400,6000
1473708959,69.4700,69.4700,69.4400,69.4400,8300
1473708960,69.5100,69.5200,69.4700,69.4700,7800
1473709024,69.5100,69.5200,69.5000,69.5100,4300
1473709136,69.5000,69.5200,69.4900,69.5100,3700
1473709197,69.5100,69.5100,69.4900,69.4900,4400
1473709203,69.5850,69.5900,69.5400,69.5400,9100
1473709299,69.6100,69.6100,69.5900,69.6100,900
1473709379,69.6400,69.6400,69.6100,69.6200,5800
1473709392,69.6800,69.6800,69.6300,69.6300,5000
1473709441,69.7000,69.7100,69.6800,69.6900,4100
1473709508,69.6100,69.6700,69.6100,69.6700,6600
1473709560,69.5300,69.6000,69.5300,69.6000,6500
1473709625,69.5300,69.5450,69.5100,69.5200,8600
1473709688,69.5000,69.5400,69.5000,69.5400,5200
1473709747,69.5100,69.5200,69.5000,69.5100,7000
1473709859,69.5400,69.5500,69.5100,69.5100,6900
1473709862,69.5200,69.5400,69.5200,69.5300,7300
1473709922,69.5000,69.5300,69.4800,69.5100,10500
1473709980,69.4800,69.5000,69.4700,69.4800,5400
1473710043,69.5000,69.5100,69.4600,69.4700,10400
1473710109,69.5100,69.5100,69.4900,69.4900,3400
1473710162,69.4800,69.5100,69.4800,69.5000,14500
1473710239,69.5000,69.5000,69.4500,69.4700,8000
1473710334,69.5200,69.5200,69.4900,69.5000,19700
1473710345,69.4600,69.5200,69.4600,69.5150,149000
1473710400,69.4800,69.4800,69.4800,69.4800,0
