uri:/instrument/1.0/GOOGL/chartdata;type=quote;range=1d/csv
ticker:googl
Company-Name:Alphabet Inc.
Exchange-Name:NMS
unit:MIN
timezone:EDT
currency:USD
gmtoffset:-14400
previous_close:801.2300
Timestamp:1474032600,1474056000
labels:1474034400,1474038000,1474041600,1474045200,1474048800,1474052400,1474056000
values:Timestamp,close,high,low,open,volume
close:793.9200,798.5500
high:794.3700,798.7800
low:793.6200,798.4000
open:793.8200,798.4000
volume:100,418000
1474032623,797.9850,798.7800,797.5500,797.5800,418000
1474032669,797.0000,798.5200,797.0000,797.7700,12200
1474032723,796.2400,796.9199,795.8800,795.9500,15000
1474032839,797.2800,798.1900,796.0200,796.1100,19800
1474032840,796.5800,797.2900,796.5800,797.2800,4100
1474032905,795.5800,797.1500,795.2100,796.8795,11700
1474032960,795.8500,796.5800,795.0100,796.1000,20900
1474033022,795.0050,795.9600,794.5100,795.9600,21600
1474033084,795.4500,795.7900,794.5900,795.0200,3700
1474033145,796.3800,796.7000,795.6000,795.6000,6800
1474033204,797.4790,797.4900,796.2980,796.3300,17800
1474033268,796.5600,797.1500,796.1300,797.1500,12300
1474033331,795.7600,796.6590,795.7600,796.4000,4600
1474033438,796.5000,796.5000,795.7500,795.7600,8600
1474033445,796.8800,797.2500,796.2100,796.2100,11300
1474033506,796.2500,796.7400,796.0500,796.6700,6100
1474033562,796.6650,796.9100,795.7400,795.7500,9400
1474033625,796.3800,796.7200,795.9200,796.5000,5300
1474033681,796.0200,796.4200,795.9200,796.0685,3500
1474033749,795.5000,796.6940,795.3500,796.4400,6000
1474033802,794.8100,795.3700,794.6100,795.1500,10100
1474033860,795.4125,795.4700,794.5600,795.0437,7800
1474033921,794.9200,795.3100,794.8600,794.9700,4300
1474034009,794.9600,795.0700,794.5100,794.8100,3500
1474034045,795.0100,795.0100,794.6400,794.7500,2800
1474034159,794.8800,795.0000,794.5200,794.9825,4800
1474034160,794.9700,795.3700,794.6100,794.8800,7300
1474034231,795.5000,795.8000,794.9900,795.1800,7000
1474034281,795.0000,795.4800,795.0000,795.4800,5100
1474034347,795.0950,795.6700,794.7600,794.7600,4200
1474034416,795.0000,795.3500,795.0000,795.3500,4300
1474034470,794.8800,795.0700,794.6400,794.7700,12300
1474034530,794.6300,794.6300,794.0600,794.2900,5100
1474034580,794.4195,794.6005,794.0800,794.3400,6100
1474034642,794.5200,794.5900,794.1700,794.1700,4400
1474034701,794.4025,794.5800,794.1700,794.2700,2300
1474034763,793.9200,794.3700,793.6200,794.3700,13100
1474034821,794.5600,794.6700,793.8200,793.8200,4800
1474034880,794.5600,794.8500,794.2700,794.5500,4300
1474034995,794.4000,794.7700,794.2500,794.2700,2800
1474035000,794.9000,795.3250,794.3200,794.3200,11800
1474035066,794.9200,795.1900,794.5600,794.7500,3000
1474035123,795.3600,795.4500,795.1000,795.2700,3100
1474035180,795.6400,795.8900,795.3600,795.3900,4800
1474035244,796.4800,796.4900,795.6550,795.7600,7600
1474035311,795.8800,796.3500,795.8800,796.2800,2800
1474035364,796.9600,796.9600,795.7150,795.9300,3500
1474035474,797.6500,797.8050,796.9200,797.0000,9200
1474035536,797.2101,798.4846,797.2101,797.8300,12000
1474035540,796.3100,797.4800,796.3100,797.3517,4900
1474035609,796.4000,796.5000,795.8000,796.3100,4300
1474035701,796.3900,796.3900,796.2100,796.3533,1200
1474035728,795.7300,796.1700,795.4600,796.1700,5200
1474035790,796.4000,796.4000,795.8400,795.8400,2200
1474035846,796.3000,796.6700,796.0300,796.4400,2700
1474035902,795.8000,796.4000,795.3250,796.1800,5600
1474035969,796.0700,796.0700,795.5200,795.5200,1300
1474036024,796.5300,796.5400,796.1600,796.3100,2900
1474036080,795.8400,796.7500,795.8400,796.7500,8300
1474036141,796.7600,796.7600,795.6650,795.8000,2700
1474036200,797.0000,797.0000,796.5800,796.6700,1400
1474036269,797.3100,797.4000,796.6000,797.1300,4400
1474036322,797.5700,797.5700,796.8800,797.1750,2300
1474036381,797.2300,797.5700,797.1100,797.3900,7800
1474036440,797.2200,797.3700,796.9500,797.0400,2500
1474036502,796.8700,797.1950,796.5200,796.9500,6500
1474036561,796.9200,797.1700,796.6990,796.8700,3000
1474036639,796.7300,796.7800,796.5200,796.7800,2000
1474036683,797.6400,797.9600,796.4300,796.4300,8900
1474036740,797.8300,798.1900,797.4800,797.4800,5900
1474036819,797.8000,797.9900,797.5100,797.6700,2300
1474036861,798.1500,798.2200,797.5100,797.5800,7400
1474036926,797.9600,798.2800,797.7550,798.2700,4300
1474036984,797.9990,798.1200,797.9300,797.9900,2200
1474037045,798.0150,798.2300,797.5500,798.0000,3000
1474037118,797.6800,797.9200,797.6600,797.7600,2400
1474037168,797.1500,797.6000,797.1500,797.6000,2300
1474037231,797.4750,797.4750,797.0000,797.0800,4200
1474037293,797.3800,797.7200,797.3800,797.5300,3000
1474037373,797.4100,797.4200,797.0300,797.2250,1100
1474037409,797.4000,797.4300,797.2000,797.4300,2400
1474037519,797.1400,797.3900,797.1400,797.3900,2400
1474037527,797.3300,797.6200,797.0000,797.2600,1400
1474037587,797.1300,797.5900,797.1300,797.4500,1800
1474037655,797.0100,797.1400,797.0000,797.1400,2100
1474037704,796.4850,796.7300,796.4850,796.7300,1900
1474037761,796.6200,796.6200,796.4432,796.4432,1500
1474037835,796.2200,796.9000,796.2200,796.8600,2300
1474037896,796.3300,796.4500,796.2900,796.2900,2200
1474037942,796.1700,796.3400,796.1500,796.2200,4000
1474038000,796.5700,796.5700,796.1900,796.1900,2000
1474038066,796.0000,796.4400,795.9900,796.4400,5100
1474038126,796.3100,796.3100,796.1000,796.1600,1700
1474038200,795.9300,796.4100,795.9300,796.4100,1800
1474038242,796.1300,796.1300,795.8300,795.8300,2500
1474038304,795.8200,795.9700,795.6757,795.9100,2400
1474038376,795.5900,796.0350,795.5900,796.0000,2100
1474038498,795.7400,795.8600,795.5600,795.7900,3600
1474038557,795.6000,795.6000,795.4000,795.5900,3000
1474038612,795.8800,795.9800,795.6300,795.6600,1900
1474038686,795.6900,795.9700,795.6900,795.9700,1300
1474038728,796.1268,796.1268,796.0000,796.0900,700
1474038822,795.9200,796.0300,795.9200,796.0300,1000
1474038881,796.0500,796.2500,796.0500,796.0500,1800
1474038903,796.1900,796.3000,795.8400,795.9600,3100
1474038983,795.9300,796.0837,795.8900,796.0450,1200
1474039022,795.7450,795.9700,795.7450,795.8500,4800
1474039141,795.5800,795.5800,795.2900,795.3200,1600
1474039221,796.1100,796.1100,795.7500,795.7500,800
1474039264,796.7000,796.7000,796.2400,796.2400,1600
1474039340,796.7275,796.9500,796.7275,796.9400,1200
1474039409,796.7300,797.1188,796.7300,797.1188,1300
1474039467,796.5100,796.6500,796.4423,796.4423,1900
1474039504,796.3600,796.4000,796.1000,796.2000,2300
1474039567,796.2230,796.3406,796.2230,796.3406,500
1474039643,796.6800,796.6800,796.1700,796.1800,1900
1474039726,796.4450,796.5500,796.4450,796.5500,200
1474039741,795.7000,796.3300,795.6100,796.3300,3700
1474039811,796.0600,796.2500,795.6966,795.6966,3100
1474039876,795.4795,796.0400,795.4795,796.0400,1700
1474039926,795.5200,795.8300,795.5200,795.7200,1300
1474040004,795.5700,795.5700,795.2500,795.4600,500
1474040044,795.7600,795.7600,795.4400,795.5800,1200
1474040104,795.8500,795.8600,795.8300,795.8400,900
1474040177,796.5000,796.8000,796.3200,796.3200,1800
1474040237,796.5300,796.5300,796.3100,796.4203,1200
1474040294,796.6500,796.7200,796.5900,796.6400,800
1474040341,796.3400,796.4500,795.9500,796.4500,1600
1474040403,796.2400,796.2400,795.9500,796.0500,900
1474040472,796.1000,796.4900,796.1000,796.2900,2600
1474040535,796.1100,796.1100,795.9500,795.9500,700
1474040617,796.5700,796.8400,796.1850,796.3000,900
1474040669,795.9800,796.3200,795.5900,796.3200,5100
1474040725,796.1000,796.1300,795.9300,795.9300,1200
1474040791,796.1900,796.5600,796.1900,796.2111,1500
1474040827,796.1650,796.2500,796.1650,796.2500,700
1474040922,796.3100,796.3100,796.3000,796.3000,1000
1474040983,796.1800,796.1800,795.9700,796.1300,1800
1474041033,795.7200,795.9200,795.5900,795.9200,1800
1474041061,795.8800,795.8800,795.8800,795.8800,300
1474041143,795.7600,795.7600,795.4500,795.6568,1900
1474041214,795.8000,795.9400,795.7900,795.9300,3500
1474041242,795.6500,795.6916,795.5400,795.6500,2800
1474041300,795.5350,795.6000,795.4100,795.5200,3100
1474041408,795.5200,795.5200,795.5200,795.5200,100
1474041479,795.7050,795.8000,795.4612,795.5200,2900
1474041480,795.8550,796.1400,795.6850,795.7000,2200
1474041553,795.3900,795.7355,795.3900,795.7355,2100
1474041645,795.5900,795.5900,795.4000,795.4300,2000
1474041661,795.5500,795.5500,795.5500,795.5500,500
1474041729,796.1500,796.2200,795.5410,795.5500,2000
1474041784,795.6100,795.9300,795.6100,795.9300,500
1474041867,795.7389,795.7389,795.7389,795.7389,100
1474041907,795.8100,795.9300,795.7800,795.7800,1400
1474041960,796.2800,796.2800,795.8700,795.8700,2700
1474042032,796.2900,796.2900,796.2500,796.2800,1700
1474042142,796.6600,796.6600,796.3600,796.5300,3100
1474042283,796.6600,796.6800,796.6600,796.6700,1200
1474042330,796.4696,796.6100,796.4100,796.6100,1400
1474042436,796.2600,796.3400,796.2100,796.3400,1100
1474042516,796.3900,796.3900,796.2200,796.2200,700
1474042599,796.3700,796.3700,796.3700,796.3700,200
1474042646,796.7420,796.7420,796.4100,796.4100,700
1474042708,796.7900,796.8500,796.7900,796.8500,1000
1474042752,796.7736,796.9100,796.7700,796.9100,1700
1474042822,796.8600,796.8800,796.5246,796.5246,1100
1474042865,797.2200,797.2505,796.9800,796.9800,4900
1474042922,797.1478,797.1478,796.9700,796.9700,500
1474042982,797.4700,797.4700,797.0979,797.1900,5700
1474043064,797.7600,797.7600,797.5700,797.6000,1100
1474043100,797.9300,797.9300,797.6800,797.7800,2200
1474043167,798.0800,798.2000,797.9400,798.0100,4300
1474043231,798.2900,798.4000,798.1900,798.1900,1000
1474043307,797.5511,798.1200,797.5511,798.1200,2500
1474043346,797.8300,798.1200,797.6800,797.6800,1900
1474043412,798.3600,798.3800,798.1700,798.1700,1100
1474043467,797.9300,798.1700,797.8700,798.1700,1400
1474043532,797.6700,797.9700,797.5274,797.9700,2800
1474043592,797.9600,797.9700,797.7000,797.8100,2100
1474043697,797.7800,797.8400,797.4200,797.8400,1900
1474043703,797.7200,798.0000,797.7200,797.7800,1300
1474043777,797.9700,797.9700,797.6650,797.6650,1600
1474043860,797.8900,798.2200,797.8900,798.2200,1000
1474043884,797.9400,797.9400,797.7300,797.8000,1500
1474043942,798.3600,798.3700,797.8050,797.8050,2800
1474044058,798.0300,798.3700,797.6700,798.2776,6700
1474044115,798.0300,798.0850,797.9500,798.0000,2200
1474044120,797.9300,798.0400,797.9000,798.0400,3300
1474044181,798.1200,798.1200,797.9700,797.9800,1900
1474044254,798.1000,798.2500,798.0900,798.2300,2900
1474044307,798.2200,798.3500,798.1650,798.2500,1700
1474044361,798.0900,798.2650,797.7100,798.2200,5800
1474044444,798.2500,798.2500,798.2100,798.2100,400
1474044485,798.4300,798.6000,798.2080,798.2080,5300
1474044546,798.0000,798.1900,798.0000,798.1900,300
1474044606,797.6200,798.0100,797.2600,798.0100,1900
1474044719,798.1700,798.1700,797.9900,797.9900,200
1474044725,798.2500,798.6300,798.1100,798.1100,3500
1474044780,798.2300,798.3300,797.9600,798.2400,2300
1474044890,798.4500,798.4500,798.3700,798.3700,700
1474044920,798.3500,798.5500,798.2900,798.3900,600
1474044977,797.9250,798.4700,797.9250,798.3700,1200
1474045080,798.0600,798.1550,797.9100,798.0100,3700
1474045146,797.6500,798.2488,797.6500,798.1662,1600
1474045204,797.9917,797.9917,797.6000,797.6000,1600
1474045291,798.3000,798.3000,797.9800,798.0500,800
1474045320,798.0600,798.1000,797.9000,798.1000,800
1474045407,798.3000,798.3400,798.0600,798.0600,1100
1474045442,798.5500,798.5500,798.4000,798.4000,800
1474045507,798.0800,798.3300,798.0800,798.3300,2600
1474045573,797.7300,798.0300,797.7300,798.0300,1700
1474045628,797.6600,797.8600,797.3300,797.7600,2200
1474045711,797.3800,797.7100,797.3800,797.7100,900
1474045790,797.6100,797.6100,797.6100,797.6100,500
1474045875,797.5250,797.5250,797.5250,797.5250,500
1474045923,797.8900,798.2100,797.7900,797.9400,3600
1474045991,797.6800,797.8100,797.6800,797.7600,400
1474046051,797.6300,797.9600,797.6300,797.9600,900
1474046135,797.6850,797.8400,797.6850,797.8400,200
1474046161,797.1900,797.7800,797.1900,797.7800,900
1474046248,797.2200,797.5800,797.2200,797.5800,200
1474046293,797.5650,797.5700,797.4100,797.4100,900
1474046403,797.7000,797.7000,797.3300,797.4700,2600
1474046527,797.0400,797.3300,796.7900,797.3300,1600
1474046601,797.2400,797.2400,796.8100,797.0250,1000
1474046660,797.3200,797.3200,797.2168,797.2168,500
1474046719,797.0200,797.3000,797.0200,797.3000,1300
1474046772,797.7000,797.7000,797.4000,797.4000,900
1474046843,797.8750,797.8750,797.8300,797.8300,300
1474046881,797.1950,797.7850,797.0901,797.7100,3600
1474046943,797.1830,797.1830,797.1830,797.1830,900
1474047040,797.3300,797.3300,797.3300,797.3300,400
1474047104,797.4000,797.4000,797.3100,797.3100,400
1474047152,797.3600,797.4825,797.2900,797.3900,2400
1474047181,796.6400,797.2000,796.6400,797.2000,700
1474047277,796.5800,796.8900,796.5800,796.8900,800
1474047301,796.6600,796.6600,796.3900,796.5600,3200
1474047400,796.7100,796.7100,796.7100,796.7100,400
1474047446,796.9300,797.0550,796.8000,796.8500,3400
1474047483,796.5200,797.0400,796.5000,797.0400,3700
1474047557,796.5000,796.5900,796.5000,796.5900,500
1474047604,796.4400,796.5900,796.3150,796.5900,1400
1474047661,796.5700,796.6256,796.4700,796.4700,800
1474047724,796.1800,796.4900,796.1800,796.4900,1700
1474047788,796.1700,796.1800,796.0500,796.1800,1700
1474047841,796.0000,796.2450,796.0000,796.2200,2200
1474047905,795.8200,796.1700,795.8200,796.0800,1600
1474047973,796.0800,796.2000,795.6700,795.6700,1200
1474048024,796.1990,796.1990,796.1990,796.1990,200
1474048081,796.3650,796.3650,796.0000,796.0000,1500
1474048176,796.2699,796.4100,796.0500,796.4100,1600
1474048303,796.4600,796.4600,796.4600,796.4600,300
1474048324,796.0157,796.1850,795.8401,796.1850,1700
1474048395,796.5300,796.5300,796.0200,796.1000,1100
1474048472,796.4300,796.4300,796.0000,796.3430,800
1474048534,796.4500,796.4500,796.4000,796.4000,200
1474048565,796.0200,796.2600,796.0200,796.2600,1000
1474048676,796.2800,796.2900,796.2800,796.2800,400
1474048692,795.8900,796.0800,795.7100,796.0800,3900
1474048780,795.9200,796.0500,795.9200,796.0100,600
1474048802,796.0800,796.1000,795.8400,796.1000,1800
1474048888,795.9500,795.9500,795.9500,795.9500,100
1474048921,796.3550,796.3550,796.0300,796.0300,1400
1474048984,796.2600,796.3900,796.1600,796.2700,1800
1474049054,796.4100,796.7800,796.4100,796.4800,1600
1474049109,796.3800,796.4600,796.3800,796.4600,500
1474049188,796.7100,796.7100,796.6200,796.6200,1300
1474049262,797.0100,797.0200,796.9400,796.9400,1300
1474049310,797.3587,797.3587,797.0300,797.0700,600
1474049387,797.1900,797.1900,797.0650,797.0650,300
1474049428,797.2400,797.4500,797.2400,797.4500,1100
1474049472,796.8850,797.1300,796.8850,797.0800,900
1474049523,797.4200,797.5500,797.1550,797.1550,1000
1474049596,797.1700,797.6600,797.1700,797.6600,2600
1474049646,797.1175,797.1900,797.0100,797.0100,600
1474049713,796.8100,796.9900,796.7100,796.9800,4200
1474049772,797.1800,797.1800,796.8200,796.9200,2000
1474049821,796.7200,797.0000,796.7200,797.0000,700
1474049925,796.7000,796.7200,796.7000,796.7200,1500
1474049971,796.4600,796.6200,796.4600,796.6200,900
1474050003,796.5900,796.7500,796.5900,796.7500,600
1474050099,796.4400,796.4900,796.4400,796.4900,1500
1474050122,796.7100,796.7500,796.5800,796.7000,1400
1474050198,796.8100,796.8400,796.6400,796.6400,800
1474050287,796.8700,796.8800,796.7000,796.7000,600
1474050303,796.5200,796.6950,796.3600,796.6950,1900
1474050360,796.5100,796.5300,796.5100,796.5200,3000
1474050420,796.3900,796.8100,796.3900,796.7100,3300
1474050498,796.4800,796.7000,796.4800,796.7000,1200
1474050550,796.5000,796.6800,796.4800,796.4800,1900
1474050610,796.8500,797.1000,796.7000,796.8900,2500
1474050681,797.1200,797.1200,796.5500,796.5500,1500
1474050736,796.8900,796.9800,796.7600,796.9800,1200
1474050783,797.1900,797.2000,796.9300,796.9600,3200
1474050852,796.8700,796.8700,796.8700,796.8700,400
1474050910,797.0900,797.0900,797.0900,797.0900,500
1474050991,797.2700,797.2700,797.2700,797.2700,100
1474051020,797.2200,797.2800,797.1800,797.2100,900
1474051080,796.7500,797.0500,796.7500,797.0500,4000
1474051157,796.8800,796.9300,796.8800,796.9300,400
1474051200,796.5400,796.7900,796.5400,796.7900,1800
1474051272,796.5800,796.7800,796.5000,796.7800,2900
1474051322,796.6700,796.8400,796.6400,796.6400,1200
1474051383,797.1300,797.1300,796.9400,796.9700,3900
1474051496,797.1800,797.3600,797.1800,797.3500,900
1474051528,797.2600,797.2600,796.9100,796.9100,1200
1474051597,797.2800,797.2800,797.2700,797.2700,400
1474051621,797.5550,797.6800,797.2800,797.2800,3300
1474051732,797.6400,797.6400,797.4500,797.5000,900
1474051758,797.2000,797.3700,797.2000,797.3700,1000
1474051821,797.4000,797.5900,797.2918,797.2918,2700
1474051873,797.1600,797.4400,797.1600,797.4400,1000
1474051973,797.2600,797.2600,797.2600,797.2600,400
1474052034,797.1400,797.1600,797.0800,797.1600,700
1474052040,797.2300,797.4000,797.0325,797.0325,2100
1474052100,796.5800,797.2000,796.5800,797.2000,1900
1474052164,796.6200,796.6200,796.3700,796.5800,1700
1474052232,796.7100,796.7200,796.7100,796.7100,800
1474052280,796.3800,796.7000,796.2900,796.7000,2500
1474052382,796.2100,796.7401,796.2100,796.7401,500
1474052407,796.6100,796.6100,796.1300,796.1300,900
1474052489,796.4100,796.4600,796.4100,796.4600,700
1474052520,796.7900,796.7900,795.9300,795.9300,1000
1474052645,796.7500,796.9700,796.5550,796.6600,2000
1474052704,797.0400,797.1288,796.8700,796.8784,1800
1474052761,796.7300,796.9800,796.7300,796.8900,2600
1474052855,797.2800,797.2800,796.7800,796.8500,1100
1474052893,797.1800,797.2400,797.1800,797.2400,400
1474052947,797.0500,797.2700,797.0500,797.2000,2400
1474053010,797.1700,797.1700,797.1700,797.1700,1000
1474053071,796.7600,796.8800,796.5400,796.8300,2900
1474053176,796.9100,796.9100,796.9100,796.9100,200
1474053186,796.9200,796.9200,796.6300,796.9200,1300
1474053254,796.9500,797.0900,796.9000,796.9000,2400
1474053308,796.5100,796.9900,796.5100,796.9000,3100
1474053394,796.5100,796.6500,796.5000,796.6500,1500
1474053456,796.6000,796.7300,796.5000,796.5900,1500
1474053491,796.2700,796.4900,796.2000,796.4900,1100
1474053540,796.0600,796.2650,796.0600,796.2100,2200
1474053653,796.2699,796.2699,796.1850,796.1850,2400
1474053665,796.6550,796.6550,796.2700,796.2700,3200
1474053731,796.4600,796.4950,796.3300,796.3900,1700
1474053829,796.2000,796.3000,796.2000,796.3000,1000
1474053867,796.1000,796.1100,795.9300,796.1000,3000
1474053926,796.2400,796.3800,796.2100,796.2300,2600
1474053983,796.3600,796.3600,796.0500,796.0500,1600
1474054034,796.2000,796.4600,796.2000,796.3300,2300
1474054125,796.2000,796.2000,796.1000,796.2000,1000
1474054155,796.1800,796.2000,796.0601,796.1100,3400
1474054200,796.3600,796.3600,796.0000,796.0900,4500
1474054296,796.4200,796.6100,796.4200,796.5400,1900
1474054338,797.0600,797.1800,796.6600,796.6600,2100
1474054380,797.1700,797.3100,797.1600,797.1600,2100
1474054445,797.0800,797.3300,797.0800,797.1600,1400
1474054502,797.1250,797.2500,797.1250,797.1600,2600
1474054566,796.9100,797.2600,796.9100,797.0800,4400
1474054640,796.9900,797.0500,796.7750,796.7850,3400
1474054690,796.7100,796.8600,796.6200,796.7600,2400
1474054741,796.9000,797.2600,796.8000,796.8300,5300
1474054800,796.9500,797.1400,796.8150,796.9900,4100
1474054860,796.4250,796.9100,796.4250,796.9100,4000
1474054943,796.4500,796.7300,796.3450,796.4000,4000
1474054989,796.8800,796.8800,796.6100,796.6100,1900
1474055042,796.7950,796.7950,796.6100,796.7450,2700
1474055100,797.1000,797.1700,796.7766,796.7900,4600
1474055163,797.0200,797.1000,796.8294,797.1000,4200
1474055234,796.9900,797.2400,796.9800,797.1500,3600
1474055288,797.0300,797.0700,796.9500,797.0700,3300
1474055366,797.1350,797.4300,796.8700,797.0100,6600
1474055411,797.1000,797.5800,797.1000,797.4200,13800
1474055465,796.9000,797.3600,796.8500,797.3300,11200
1474055522,797.3600,797.4400,797.0400,797.0800,6300
1474055583,797.4099,797.4099,797.0100,797.1200,9400
1474055641,797.8200,797.8600,797.4200,797.4200,14800
1474055708,797.7900,797.8250,797.4400,797.4400,8200
1474055761,797.6800,797.8100,797.5200,797.6600,10500
1474055836,797.5000,797.5000,797.2200,797.3300,9600
1474055884,797.3900,797.6600,797.2000,797.3599,18200
1474055999,797.9700,797.9800,797.2600,797.2600,58800
1474056000,797.6100,797.6100,797.6100,797.6100,332600
