uri:/instrument/1.0/KO/chartdata;type=quote;range=1d/csv
ticker:ko
Company-Name:Coca-Cola Company (The) Common 
Exchange-Name:NYQ
unit:MIN
timezone:EDT
currency:USD
gmtoffset:-14400
previous_close:42.2700
Timestamp:1473687000,1473710400
labels:1473688800,1473692400,1473696000,1473699600,1473703200,1473706800,1473710400
values:Timestamp,close,high,low,open,volume
close:42.3700,42.6850
high:42.3900,42.6947
low:42.3400,42.6600
open:42.3650,42.6800
volume:100,425400
1473687048,42.4700,42.4900,42.4300,42.4600,425400
1473687112,42.4050,42.4750,42.3900,42.4700,88600
1473687173,42.3800,42.4200,42.3600,42.4200,60700
1473687181,42.3700,42.3900,42.3400,42.3800,43500
1473687293,42.3900,42.4100,42.3600,42.3850,39700
1473687303,42.4201,42.4201,42.3500,42.3650,76900
1473687392,42.3837,42.4300,42.3837,42.4200,27400
1473687479,42.3800,42.4000,42.3800,42.3800,41800
1473687480,42.4100,42.4200,42.3800,42.3900,27300
1473687540,42.4600,42.4700,42.4000,42.4000,61900
1473687606,42.4800,42.4800,42.4400,42.4600,43100
1473687664,42.5039,42.5200,42.4860,42.4860,41500
1473687731,42.5000,42.5100,42.4800,42.5000,60700
1473687832,42.5150,42.5250,42.4900,42.4900,60500
1473687891,42.4862,42.5100,42.4700,42.5065,51400
1473687959,42.4950,42.5000,42.4800,42.4900,27200
1473687965,42.5200,42.5300,42.5035,42.5100,42900
1473688024,42.4799,42.5000,42.4600,42.5000,35700
1473688136,42.4500,42.4700,42.4450,42.4700,20600
1473688191,42.4350,42.4550,42.4250,42.4500,44400
1473688203,42.4400,42.4600,42.4300,42.4300,35500
1473688318,42.4700,42.4900,42.4450,42.4450,45800
1473688375,42.5290,42.5300,42.4750,42.4800,29700
1473688432,42.5100,42.5350,42.5100,42.5300,39500
1473688442,42.5250,42.5300,42.5100,42.5200,86000
1473688557,42.5400,42.5400,42.5200,42.5300,46500
1473688561,42.5700,42.5700,42.5400,42.5500,37800
1473688676,42.5700,42.5800,42.5600,42.5750,8300
1473688733,42.5750,42.5850,42.5600,42.5600,22300
1473688797,42.5500,42.5850,42.5500,42.5750,43600
1473688800,42.5600,42.5800,42.5550,42.5600,42200
1473688919,42.5700,42.5900,42.5500,42.5500,43700
1473688936,42.5400,42.5650,42.5400,42.5650,29300
1473689035,42.4977,42.5350,42.4900,42.5350,41000
1473689092,42.5200,42.5400,42.5000,42.5150,27400
1473689157,42.5200,42.5200,42.5100,42.5100,24900
1473689174,42.5650,42.5700,42.5435,42.5500,36800
1473689273,42.5900,42.6000,42.5650,42.5667,49700
1473689337,42.5800,42.6000,42.5750,42.5817,30500
1473689398,42.5650,42.5800,42.5650,42.5700,34500
1473689401,42.5600,42.5600,42.5400,42.5600,35900
1473689519,42.5900,42.5900,42.5600,42.5600,105600
1473689520,42.6200,42.6200,42.5600,42.5703,37400
1473689580,42.5940,42.6200,42.5900,42.6200,13800
1473689640,42.5900,42.5900,42.5900,42.5900,100
1473689699,42.5800,42.6000,42.5750,42.5900,58800
1473689759,42.5800,42.5876,42.5701,42.5750,25400
1473689819,42.6150,42.6150,42.5700,42.5700,41300
1473689878,42.6000,42.6200,42.6000,42.6150,30700
1473689939,42.6000,42.6000,42.5800,42.5950,23000
1473689999,42.6350,42.6400,42.5947,42.5947,31100
1473690055,42.6500,42.6500,42.5966,42.6350,57600
1473690118,42.6650,42.6699,42.6500,42.6500,30200
1473690178,42.6850,42.6947,42.6600,42.6699,37600
1473690237,42.6656,42.6800,42.6500,42.6800,50400
1473690289,42.6600,42.6799,42.6600,42.6700,18100
1473690355,42.6600,42.6690,42.6600,42.6600,17300
1473690419,42.6400,42.6800,42.6400,42.6700,59900
1473690466,42.6550,42.6550,42.6400,42.6400,16400
1473690538,42.6450,42.6600,42.6401,42.6500,13400
1473690598,42.6450,42.6500,42.6300,42.6400,25700
1473690600,42.6400,42.6400,42.6400,42.6400,300
