uri:/instrument/1.0/GDX/chartdata;type=quote;range=1d/csv
ticker:gdx
Company-Name:VanEck Vectors Gold Miners ETF
Exchange-Name:PCX
unit:MIN
timezone:EDT
currency:USD
gmtoffset:-14400
previous_close:26.4100
Timestamp:1473687000,1473710400
labels:1473688800,1473692400,1473696000,1473699600,1473703200,1473706800,1473710400
values:Timestamp,close,high,low,open,volume
close:25.9200,27.2775
high:25.9900,27.2800
low:25.8801,27.2500
open:25.8801,27.2775
volume:100,25794000
1473687000,25.9500,26.0400,25.9200,25.9500,715300
1473687080,26.0173,26.0200,25.8801,25.8801,1001000
1473687133,25.9900,26.1300,25.9900,26.1200,214200
1473687233,25.9200,25.9900,25.9100,25.9900,120000
1473687298,25.9900,26.0400,25.9200,25.9200,420700
1473687359,26.2200,26.2200,25.9600,26.0000,286500
1473687419,26.3000,26.3200,26.1500,26.2200,228000
1473687478,26.3900,26.4500,26.2950,26.3000,226000
1473687539,26.3100,26.4300,26.3000,26.3860,206100
1473687593,26.3900,26.4100,26.2900,26.3000,175100
1473687658,26.3950,26.4000,26.3400,26.3900,205700
1473687717,26.3300,26.3911,26.3300,26.3900,96500
1473687778,26.2700,26.3600,26.2700,26.3400,107700
1473687835,26.2800,26.3100,26.2300,26.2500,175400
1473687893,26.2400,26.3100,26.2300,26.2900,95200
1473687959,26.1940,26.2800,26.1900,26.2400,128400
1473688016,26.1400,26.1908,26.1200,26.1900,141200
1473688079,26.0600,26.1000,26.0350,26.1000,219200
1473688081,26.1500,26.1700,26.0500,26.0600,131900
1473688192,26.1250,26.1300,26.0700,26.1150,105400
1473688255,26.2500,26.2500,26.1300,26.1300,155700
1473688316,26.1700,26.2500,26.1700,26.2400,119100
1473688379,26.2200,26.2227,26.1800,26.2100,74700
1473688380,26.2700,26.3000,26.2000,26.2200,131700
1473688496,26.2800,26.3150,26.2600,26.2800,163100
1473688505,26.3650,26.3700,26.2550,26.2550,193800
1473688619,26.3600,26.4000,26.3450,26.3950,172400
1473688677,26.4200,26.4200,26.3500,26.3500,124300
1473688735,26.4600,26.4600,26.4000,26.4100,171900
1473688795,26.4500,26.5050,26.4400,26.4700,165400
1473688859,26.5000,26.5100,26.4650,26.4800,148100
1473688918,26.6400,26.6600,26.5067,26.5100,192700
1473688979,26.6450,26.6900,26.5900,26.6550,232900
1473689036,26.6500,26.6600,26.5900,26.6500,237000
1473689098,26.6400,26.7100,26.6400,26.6800,183200
1473689159,26.6850,26.6900,26.6350,26.6400,95200
1473689219,26.6795,26.6950,26.6700,26.6900,102400
1473689275,26.6900,26.7000,26.6300,26.6450,169500
1473689339,26.6600,26.6950,26.6300,26.6950,101800
1473689399,26.6400,26.6600,26.6400,26.6600,379900
1473689459,26.5500,26.6200,26.5500,26.6200,338400
1473689516,26.5700,26.5700,26.5100,26.5500,121300
1473689579,26.6400,26.6600,26.5700,26.5700,113500
1473689639,26.6000,26.6600,26.5900,26.6500,99600
1473689640,26.6300,26.6300,26.5950,26.6000,66000
1473689759,26.5960,26.6400,26.5850,26.6200,95200
1473689819,26.6300,26.6500,26.5850,26.6050,101100
1473689878,26.5943,26.6300,26.5900,26.6300,74600
1473689939,26.6100,26.6200,26.5750,26.6000,107200
1473689999,26.6100,26.6400,26.6040,26.6100,74300
1473690059,26.6150,26.6390,26.6100,26.6200,45200
1473690116,26.6650,26.6700,26.6050,26.6100,90400
1473690178,26.7659,26.7800,26.6600,26.6650,163900
1473690239,26.7095,26.7800,26.7000,26.7700,106300
1473690299,26.6900,26.7000,26.6600,26.7000,91100
1473690358,26.7362,26.7400,26.6900,26.6950,78200
1473690360,26.7300,26.7600,26.7200,26.7400,62200
1473690479,26.7250,26.7600,26.7000,26.7300,108400
1473690539,26.7300,26.7300,26.7000,26.7200,53900
1473690599,26.7100,26.7330,26.6950,26.7250,95300
1473690657,26.6650,26.7200,26.6500,26.7150,124000
1473690718,26.6950,26.7200,26.6650,26.6700,143500
1473690778,26.6800,26.7200,26.6600,26.7000,92300
1473690837,26.6700,26.7050,26.6550,26.7000,74200
1473690899,26.6600,26.6800,26.6500,26.6600,65300
1473690956,26.6400,26.6700,26.6400,26.6650,63400
1473691019,26.6100,26.6650,26.6100,26.6500,42800
1473691020,26.6000,26.6300,26.6000,26.6100,35400
1473691138,26.6250,26.6500,26.5900,26.5900,95400
1473691198,26.6200,26.6300,26.6150,26.6300,38300
1473691258,26.6150,26.6500,26.6150,26.6200,57000
1473691318,26.6200,26.6400,26.6200,26.6300,39700
1473691379,26.6399,26.6500,26.6200,26.6200,60300
1473691439,26.6350,26.6492,26.6200,26.6300,41600
1473691498,26.6600,26.6700,26.6400,26.6400,63800
1473691559,26.6700,26.7000,26.6700,26.6700,60900
1473691619,26.6600,26.6800,26.6500,26.6700,65800
1473691679,26.6350,26.6600,26.6350,26.6600,93500
1473691738,26.6400,26.6500,26.6350,26.6350,95500
1473691799,26.6350,26.6700,26.6350,26.6400,66900
1473691858,26.6700,26.6800,26.6350,26.6400,68800
1473691918,26.6600,26.6800,26.6500,26.6700,41000
1473691977,26.6550,26.6600,26.6300,26.6600,68200
1473692039,26.6750,26.6800,26.6400,26.6500,94200
1473692095,26.6300,26.6700,26.6300,26.6700,27100
1473692102,26.6434,26.6500,26.6300,26.6300,36100
1473692163,26.6600,26.6600,26.6450,26.6500,46000
1473692279,26.6450,26.6500,26.6250,26.6500,55200
1473692338,26.6100,26.6700,26.6050,26.6450,144100
1473692399,26.5700,26.6150,26.5600,26.6100,68600
1473692458,26.5900,26.5900,26.5600,26.5600,65200
1473692519,26.5800,26.6000,26.5800,26.5800,91500
1473692579,26.5711,26.6000,26.5700,26.5800,122100
1473692580,26.5400,26.5800,26.5250,26.5700,149800
1473692699,26.5300,26.5400,26.5100,26.5400,135500
1473692758,26.5300,26.5350,26.5100,26.5250,89700
1473692819,26.5400,26.5700,26.5200,26.5370,65500
1473692879,26.5100,26.5500,26.5050,26.5400,52700
1473692939,26.4770,26.5200,26.4700,26.5100,181000
1473692997,26.4600,26.4800,26.4537,26.4742,147100
1473693059,26.4800,26.5000,26.4500,26.4550,52600
1473693119,26.5200,26.5300,26.4850,26.4900,65700
1473693178,26.4700,26.5400,26.4700,26.5300,76200
1473693180,26.4950,26.5000,26.4500,26.4700,44800
1473693299,26.5600,26.5600,26.5000,26.5000,53300
1473693359,26.5200,26.5550,26.5100,26.5500,67900
1473693419,26.5100,26.5250,26.4900,26.5250,108400
1473693479,26.4850,26.5000,26.4700,26.5000,36900
1473693538,26.4750,26.5090,26.4700,26.4900,48500
1473693599,26.5300,26.5300,26.4700,26.4750,55600
1473693658,26.5300,26.5700,26.5200,26.5300,81300
1473693718,26.5100,26.5400,26.5000,26.5300,40600
1473693777,26.5400,26.5400,26.5050,26.5050,33000
1473693838,26.5800,26.5800,26.5300,26.5400,39600
1473693898,26.5750,26.6000,26.5600,26.5800,51800
1473693959,26.5550,26.5900,26.5350,26.5800,88000
1473693960,26.5750,26.5950,26.5600,26.5600,57400
1473694078,26.6100,26.6250,26.5700,26.5800,47900
1473694080,26.6200,26.6400,26.5850,26.6100,67300
1473694199,26.6000,26.6200,26.5750,26.6200,63100
1473694259,26.5900,26.6100,26.5800,26.6000,39200
1473694261,26.6150,26.6400,26.5949,26.5950,42800
1473694378,26.5800,26.6100,26.5700,26.6100,50900
1473694438,26.5800,26.6000,26.5650,26.5800,62800
1473694495,26.6000,26.6100,26.5700,26.5769,37900
1473694559,26.6000,26.6100,26.5800,26.6100,34400
1473694619,26.5950,26.6100,26.5800,26.6000,32300
1473694623,26.6200,26.6200,26.5900,26.5900,30600
1473694734,26.6100,26.6250,26.6100,26.6200,34000
1473694740,26.6200,26.6300,26.6000,26.6150,23600
1473694856,26.6250,26.6450,26.6100,26.6250,50800
1473694915,26.6265,26.6350,26.5950,26.6200,40000
1473694975,26.6350,26.6400,26.6200,26.6250,15000
1473694981,26.6500,26.6600,26.6350,26.6400,27700
1473695098,26.6100,26.6550,26.6000,26.6500,47200
1473695101,26.6150,26.6200,26.6000,26.6100,27500
1473695160,26.5900,26.6300,26.5900,26.6150,25800
1473695279,26.5800,26.5900,26.5700,26.5900,39300
1473695339,26.6050,26.6050,26.5750,26.5800,38000
1473695340,26.5599,26.6100,26.5599,26.6050,25700
1473695459,26.4950,26.5600,26.4900,26.5600,56300
1473695519,26.5200,26.5300,26.4900,26.4900,50000
1473695579,26.5200,26.5400,26.5050,26.5200,48100
1473695580,26.5300,26.5400,26.5200,26.5200,24300
1473695698,26.5250,26.5300,26.5200,26.5200,18300
1473695758,26.4400,26.5250,26.4344,26.5250,68700
1473695819,26.4800,26.4800,26.4400,26.4400,43700
1473695879,26.4850,26.4960,26.4700,26.4800,25300
1473695881,26.4750,26.4900,26.4600,26.4900,32000
1473695940,26.4200,26.4700,26.4100,26.4700,78600
1473696000,26.4200,26.4400,26.4100,26.4200,112000
1473696117,26.4100,26.4300,26.3901,26.4238,46300
1473696178,26.3700,26.4100,26.3500,26.4100,80200
1473696239,26.3635,26.3800,26.3450,26.3650,59600
1473696240,26.3800,26.3850,26.3600,26.3650,50100
1473696359,26.3910,26.4100,26.3800,26.3800,53900
1473696360,26.3850,26.3900,26.3700,26.3900,22900
1473696476,26.3600,26.3800,26.3400,26.3800,35200
1473696537,26.3300,26.3600,26.3300,26.3600,48600
1473696540,26.3200,26.3300,26.2900,26.3300,62100
1473696657,26.3100,26.3400,26.3000,26.3150,38700
1473696661,26.3300,26.3400,26.3050,26.3100,35800
1473696721,26.3000,26.3300,26.3000,26.3300,34200
1473696839,26.2500,26.3035,26.2300,26.3000,83500
1473696899,26.2300,26.2600,26.2300,26.2600,51200
1473696957,26.2200,26.2350,26.2100,26.2300,83800
1473697018,26.2600,26.2700,26.2250,26.2300,41000
1473697079,26.2400,26.2600,26.2100,26.2600,65700
1473697139,26.2601,26.2763,26.2300,26.2400,50200
1473697199,26.2540,26.2800,26.2450,26.2600,51500
1473697202,26.2500,26.2600,26.2500,26.2550,23600
1473697260,26.2600,26.2700,26.2500,26.2500,31000
1473697379,26.2500,26.2700,26.2400,26.2500,36700
1473697439,26.2500,26.2600,26.2400,26.2500,28000
1473697441,26.2500,26.2600,26.2437,26.2500,33200
1473697557,26.2501,26.2600,26.2400,26.2500,41000
1473697560,26.2642,26.2700,26.2450,26.2600,38800
1473697677,26.2800,26.3000,26.2600,26.2700,45000
1473697739,26.2800,26.2800,26.2600,26.2700,36200
1473697799,26.3150,26.3300,26.2700,26.2800,38000
1473697800,26.2900,26.3200,26.2900,26.3200,52500
1473697860,26.3000,26.3200,26.2900,26.2900,31900
1473697920,26.3100,26.3300,26.3000,26.3000,35300
1473698039,26.2800,26.3200,26.2800,26.3150,25600
1473698043,26.2800,26.2965,26.2700,26.2850,26900
1473698101,26.2651,26.3050,26.2650,26.2900,27300
1473698163,26.2700,26.2900,26.2500,26.2650,23900
1473698279,26.2650,26.2700,26.2500,26.2700,13500
1473698281,26.2401,26.2650,26.2200,26.2600,64600
1473698399,26.1800,26.2350,26.1800,26.2300,65500
1473698458,26.2157,26.2200,26.1750,26.1850,34300
1473698519,26.1800,26.2150,26.1800,26.2150,46400
1473698520,26.1750,26.1950,26.1700,26.1800,58500
1473698633,26.1900,26.1900,26.1700,26.1800,33500
1473698699,26.1700,26.1900,26.1600,26.1900,28400
1473698702,26.1900,26.2000,26.1601,26.1700,32200
1473698818,26.1450,26.1750,26.1300,26.1700,88400
1473698877,26.1459,26.1600,26.1300,26.1400,56700
1473698880,26.1200,26.1536,26.1200,26.1400,42300
1473698993,26.1250,26.1400,26.1200,26.1250,88600
1473699001,26.1500,26.1600,26.1300,26.1300,24200
1473699119,26.1700,26.1700,26.1500,26.1500,58700
1473699179,26.2600,26.2600,26.1600,26.1700,77500
1473699239,26.2735,26.3000,26.2500,26.2600,71800
1473699240,26.2600,26.2800,26.2300,26.2715,79400
1473699303,26.2300,26.2600,26.2270,26.2600,60300
1473699411,26.2350,26.2500,26.2200,26.2292,25100
1473699479,26.1800,26.2400,26.1800,26.2350,33700
1473699539,26.1800,26.2000,26.1700,26.1800,19000
1473699540,26.1800,26.2200,26.1800,26.1850,44100
1473699659,26.1750,26.2150,26.1750,26.1801,36900
1473699660,26.1500,26.1899,26.1450,26.1750,63400
1473699779,26.1350,26.1500,26.1200,26.1500,74300
1473699839,26.1700,26.1700,26.1300,26.1350,42200
1473699899,26.2500,26.2550,26.1700,26.1700,44100
1473699957,26.2350,26.2800,26.2300,26.2550,69900
1473699960,26.2500,26.3100,26.2337,26.2350,78800
1473700079,26.2500,26.2600,26.2150,26.2550,47900
1473700134,26.2500,26.2550,26.2350,26.2400,16000
1473700199,26.2000,26.2450,26.2000,26.2450,34100
1473700257,26.2150,26.2200,26.1850,26.2000,41900
1473700319,26.2200,26.2500,26.2150,26.2200,51800
1473700379,26.2300,26.2500,26.2250,26.2300,39200
1473700439,26.2850,26.2900,26.2300,26.2300,63800
1473700499,26.3200,26.3700,26.2850,26.2900,101800
1473700501,26.6600,26.6700,26.3300,26.3300,664000
1473700619,26.5700,26.7200,26.5700,26.6600,287100
1473700679,26.6850,26.7000,26.5400,26.5600,195400
1473700739,26.5600,26.7100,26.5400,26.6800,262900
1473700799,26.6100,26.6700,26.5550,26.5600,207000
1473700859,26.7000,26.7500,26.6100,26.6100,169300
1473700919,26.7400,26.7700,26.7000,26.7027,144200
1473700979,26.6350,26.7350,26.6200,26.7300,123900
1473701039,26.5600,26.6350,26.5100,26.6350,192500
1473701099,26.5500,26.6100,26.5100,26.5600,178800
1473701100,26.5600,26.6000,26.5400,26.5400,88400
1473701160,26.6200,26.6600,26.5600,26.5600,90200
1473701220,26.5600,26.6200,26.5400,26.6200,279300
1473701339,26.5300,26.6100,26.5300,26.5700,99700
1473701399,26.4700,26.5400,26.4500,26.5250,191600
1473701400,26.3700,26.4800,26.3100,26.4800,352800
1473701518,26.3499,26.3700,26.3100,26.3600,209000
1473701579,26.3400,26.4100,26.3350,26.3400,194100
1473701580,26.3600,26.4300,26.3280,26.3400,139300
1473701698,26.3700,26.4000,26.3350,26.3600,82600
1473701758,26.3550,26.4000,26.3450,26.3700,63900
1473701817,26.4300,26.4300,26.3565,26.3565,107000
1473701879,26.5200,26.5300,26.4001,26.4300,121300
1473701880,26.5500,26.5600,26.4900,26.5200,105900
1473701940,26.5500,26.5900,26.5450,26.5500,120900
1473702059,26.5163,26.5700,26.5068,26.5500,89800
1473702118,26.4700,26.5200,26.4700,26.5100,72600
1473702179,26.4720,26.5200,26.4650,26.4700,46300
1473702180,26.5500,26.5500,26.4750,26.4800,62300
1473702298,26.5400,26.5600,26.5300,26.5600,56200
1473702354,26.6100,26.6200,26.5400,26.5500,86600
1473702360,26.6200,26.6300,26.5900,26.6100,68500
1473702478,26.6600,26.6700,26.6250,26.6300,77300
1473702539,26.6900,26.7000,26.6600,26.6600,69900
1473702599,26.7280,26.7300,26.6950,26.6950,87100
1473702659,26.7050,26.7300,26.6800,26.7200,108400
1473702719,26.7250,26.7300,26.6800,26.7000,61400
1473702779,26.7200,26.7492,26.7100,26.7300,97900
1473702837,26.7700,26.7800,26.7100,26.7200,82000
1473702840,26.7800,26.7850,26.7500,26.7700,54900
1473702959,26.7700,26.7900,26.7500,26.7850,65700
1473703017,26.7200,26.7750,26.7100,26.7750,82000
1473703021,26.7400,26.7599,26.7200,26.7252,69700
1473703139,26.7400,26.7499,26.7300,26.7499,70500
1473703140,26.7900,26.8000,26.7300,26.7450,107300
1473703259,26.8200,26.8400,26.7892,26.7892,133400
1473703318,26.8350,26.8500,26.8150,26.8200,90900
1473703379,26.8500,26.8600,26.8300,26.8400,144400
1473703439,26.9200,26.9200,26.8500,26.8500,244600
1473703499,27.0300,27.0400,26.9200,26.9200,299900
1473703559,26.9200,27.0400,26.9111,27.0300,185100
1473703612,27.0099,27.0100,26.9150,26.9200,159200
1473703679,27.0250,27.0500,27.0200,27.0250,168400
1473703738,27.0800,27.0900,27.0200,27.0200,182000
1473703799,27.1000,27.1050,27.0700,27.0800,97100
1473703857,27.0600,27.1400,27.0450,27.1100,137200
1473703919,27.0400,27.0608,27.0150,27.0608,117800
1473703979,27.0050,27.0450,27.0000,27.0400,89200
1473704037,27.0301,27.0400,26.9950,27.0100,88500
1473704040,27.0250,27.0600,26.9800,27.0300,86400
1473704157,27.0900,27.1000,27.0100,27.0300,68500
1473704218,27.0540,27.0950,27.0500,27.0900,58100
1473704279,27.0300,27.0549,27.0050,27.0510,54100
1473704333,26.9350,27.0300,26.9300,27.0300,137000
1473704399,26.9700,26.9800,26.9250,26.9500,114800
1473704402,27.0200,27.0200,26.9600,26.9700,89500
1473704519,27.0800,27.0800,27.0250,27.0300,51800
1473704522,27.0600,27.0950,27.0600,27.0800,74000
1473704637,27.0600,27.0850,27.0400,27.0650,61200
1473704699,27.0500,27.0700,27.0400,27.0500,54200
1473704700,27.0550,27.0700,27.0350,27.0500,47400
1473704819,26.9950,27.0600,26.9800,27.0500,60700
1473704870,27.0100,27.0350,26.9966,27.0000,50200
1473704939,27.0200,27.0350,26.9900,27.0050,72900
1473704994,26.9900,27.0280,26.9700,27.0280,132900
1473705059,27.0350,27.0350,27.0000,27.0000,83900
1473705118,27.1100,27.1200,27.0289,27.0300,184500
1473705179,27.0900,27.1150,27.0700,27.1100,72100
1473705238,27.0900,27.1150,27.0900,27.0950,47700
1473705299,27.0850,27.1000,27.0700,27.0900,42600
1473705358,27.0650,27.0900,27.0450,27.0900,67400
1473705418,27.0900,27.0950,27.0500,27.0650,67400
1473705423,27.0600,27.0900,27.0500,27.0900,66300
1473705539,27.0900,27.1000,27.0400,27.0600,82700
1473705599,27.1200,27.1250,27.0800,27.0850,63000
1473705658,27.1100,27.1250,27.0850,27.1200,52700
1473705717,27.1369,27.1400,27.0900,27.1150,123900
1473705721,27.1300,27.1400,27.1000,27.1300,60300
1473705833,27.1500,27.1650,27.1300,27.1300,97400
1473705899,27.2050,27.2100,27.1550,27.1600,161200
1473705958,27.2300,27.2300,27.2000,27.2050,154600
1473706019,27.2350,27.2400,27.2100,27.2300,260100
1473706078,27.1750,27.2450,27.1500,27.2400,129200
1473706139,27.2250,27.2350,27.1799,27.1800,115500
1473706194,27.1900,27.2300,27.1700,27.2300,98400
1473706259,27.1550,27.1900,27.1500,27.1900,111000
1473706319,27.1850,27.2100,27.1500,27.1550,118800
1473706377,27.1800,27.2200,27.1750,27.1900,97700
1473706439,27.2100,27.2100,27.1750,27.1800,80700
1473706499,27.2100,27.2300,27.2000,27.2100,100600
1473706559,27.2050,27.2150,27.1900,27.2100,80000
1473706618,27.2150,27.2250,27.1700,27.2050,141300
1473706678,27.2250,27.2250,27.1900,27.2110,82100
1473706737,27.2550,27.2600,27.2300,27.2300,116800
1473706799,27.2700,27.2800,27.2450,27.2700,96100
1473706857,27.2700,27.2800,27.2500,27.2650,104300
1473706918,27.2650,27.2800,27.2500,27.2700,137000
1473706979,27.2350,27.2700,27.2000,27.2700,96900
1473707038,27.2300,27.2500,27.2150,27.2300,76700
1473707097,27.2100,27.2450,27.2000,27.2300,122000
1473707159,27.2200,27.2300,27.2000,27.2100,115300
1473707218,27.2400,27.2700,27.2150,27.2200,146500
1473707279,27.2250,27.2463,27.2000,27.2400,98600
1473707338,27.2500,27.2600,27.2250,27.2300,126600
1473707398,27.2000,27.2600,27.1800,27.2500,101600
1473707459,27.2350,27.2500,27.2000,27.2000,133200
1473707519,27.2450,27.2450,27.2200,27.2300,92500
1473707579,27.2300,27.2450,27.2200,27.2450,118600
1473707638,27.2300,27.2490,27.2250,27.2300,127200
1473707698,27.2450,27.2600,27.2200,27.2400,122000
1473707759,27.2050,27.2600,27.2000,27.2500,146700
1473707817,27.2250,27.2300,27.1850,27.2014,117600
1473707879,27.2200,27.2400,27.2000,27.2300,73200
1473707937,27.2149,27.2450,27.2100,27.2150,158300
1473707997,27.2000,27.2400,27.2000,27.2101,62500
1473708057,27.2000,27.2200,27.2000,27.2000,91500
1473708119,27.1650,27.2100,27.1500,27.2050,124600
1473708179,27.1200,27.1650,27.1000,27.1600,121300
1473708239,27.1750,27.1800,27.1100,27.1100,148600
1473708293,27.2050,27.2100,27.1700,27.1750,93000
1473708356,27.2200,27.2300,27.1900,27.2050,117900
1473708415,27.2200,27.2290,27.2100,27.2200,73700
1473708479,27.1800,27.2400,27.1800,27.2175,124600
1473708480,27.2050,27.2300,27.1750,27.1800,113900
1473708598,27.2000,27.2150,27.2000,27.2050,43100
1473708659,27.2250,27.2250,27.2000,27.2000,332500
1473708715,27.2100,27.2300,27.1900,27.2200,114200
1473708776,27.1950,27.2300,27.1900,27.2100,134300
1473708838,27.1551,27.2100,27.1500,27.1950,123300
1473708899,27.1750,27.1800,27.1442,27.1500,282700
1473708958,27.1700,27.1800,27.1500,27.1750,179800
1473709019,27.2150,27.2200,27.1600,27.1600,130900
1473709079,27.1950,27.2150,27.1900,27.2150,102500
1473709139,27.2100,27.2100,27.1900,27.1950,69300
1473709199,27.2250,27.2400,27.2100,27.2100,267000
1473709259,27.2150,27.2200,27.1649,27.2200,199200
1473709317,27.2000,27.2350,27.2000,27.2100,130200
1473709378,27.1950,27.2400,27.1800,27.2350,137900
1473709439,27.2320,27.2400,27.2000,27.2100,113900
1473709440,27.2350,27.2400,27.2100,27.2300,118800
1473709559,27.2775,27.2800,27.2200,27.2350,229300
1473709619,27.1800,27.2800,27.1700,27.2775,322200
1473709677,27.2000,27.2550,27.1550,27.1800,241300
1473709739,27.2150,27.2200,27.1800,27.1900,176200
1473709740,27.2100,27.2200,27.2000,27.2150,99200
1473709800,27.2000,27.2000,27.2000,27.2000,100
1473709859,27.1211,27.2100,27.1150,27.2000,25794000
1473709918,27.1600,27.1800,27.1200,27.1200,407300
1473709979,27.1450,27.1650,27.1300,27.1600,402300
1473710039,27.1100,27.1500,27.1000,27.1450,307300
1473710099,27.1100,27.1500,27.1100,27.1100,406600
1473710159,27.1500,27.1500,27.1050,27.1200,361100
1473710219,27.1350,27.1450,27.1200,27.1400,446600
1473710278,27.1100,27.1400,27.1100,27.1400,544700
1473710339,27.0900,27.1400,27.0850,27.1150,1171600
1473710399,27.0400,27.0800,27.0100,27.0800,2040700
1473710400,27.0400,27.0400,27.0400,27.0400,21509800
