uri:/instrument/1.0/VIA/chartdata;type=quote;range=1d/csv
ticker:via
Company-Name:Viacom Inc.
Exchange-Name:NMS
unit:MIN
timezone:EDT
currency:USD
gmtoffset:-14400
previous_close:41.6700
Timestamp:1473687000,1473710400
labels:1473688800,1473692400,1473696000,1473699600,1473703200,1473706800,1473710400
values:Timestamp,close,high,low,open,volume
close:41.5000,42.7700
high:41.5000,42.7900
low:41.5000,42.7700
open:41.5000,42.7900
volume:0,4800
1473687000,41.5000,41.5000,41.5000,41.5000,700
1473687346,41.5800,41.5800,41.5000,41.5000,300
1473687554,41.5900,41.5900,41.5900,41.5900,100
1473687728,41.5500,41.5500,41.5500,41.5500,1100
1473688064,41.5600,41.5600,41.5600,41.5600,200
1473688170,41.5900,41.5900,41.5500,41.5500,200
1473688205,41.5700,41.6250,41.5700,41.6250,300
1473688402,41.6400,41.6400,41.6400,41.6400,200
1473688645,41.7200,41.7200,41.7200,41.7200,400
1473688891,41.7500,41.8356,41.7500,41.8356,600
1473689019,41.8300,41.8300,41.8300,41.8300,400
1473689058,41.9000,41.9000,41.9000,41.9000,100
1473689481,41.8982,41.8982,41.8982,41.8982,200
1473689939,41.9500,41.9500,41.9500,41.9500,100
1473690071,42.0000,42.0000,42.0000,42.0000,200
1473690566,41.9800,42.1000,41.9800,42.1000,400
1473691342,42.0500,42.0500,42.0500,42.0500,300
1473691615,41.9100,41.9600,41.9100,41.9400,500
1473692325,41.8510,41.8510,41.8067,41.8067,200
1473692461,41.9100,41.9100,41.9100,41.9100,300
1473693165,41.9080,41.9490,41.9080,41.9430,1000
1473693367,41.9800,41.9800,41.9800,41.9800,500
1473693694,42.0600,42.0600,41.9900,41.9900,1600
1473693803,41.8900,41.9600,41.8900,41.9600,300
1473694576,42.1900,42.1900,42.1400,42.1400,800
1473694795,42.2500,42.2800,42.2500,42.2800,1300
1473695615,42.4400,42.4400,42.4400,42.4400,100
1473695871,42.3600,42.4200,42.3600,42.4200,1100
1473695958,42.3100,42.3100,42.3100,42.3100,100
1473696390,42.2700,42.2700,42.2700,42.2700,4800
1473697286,42.3200,42.3200,42.2780,42.2780,500
1473697560,42.2300,42.2300,42.2300,42.2300,200
1473698211,42.2500,42.2500,42.2500,42.2500,200
1473698517,42.2500,42.2500,42.2500,42.2500,400
1473699510,42.3700,42.3700,42.3700,42.3700,400
1473700051,42.3100,42.3466,42.3100,42.3466,400
1473700502,42.5000,42.5000,42.5000,42.5000,900
1473700833,42.4200,42.4200,42.4200,42.4200,200
1473700873,42.4800,42.4800,42.4500,42.4500,400
1473701011,42.3200,42.3200,42.3200,42.3200,100
1473701252,42.2500,42.2500,42.2200,42.2200,400
1473701352,42.2200,42.2200,42.2200,42.2200,300
1473701401,42.2200,42.2200,42.2200,42.2200,400
1473701867,42.2300,42.2300,42.2300,42.2300,200
1473701888,42.2800,42.2800,42.2800,42.2800,200
1473701944,42.2700,42.2700,42.2700,42.2700,100
1473702010,42.2100,42.3000,42.2100,42.3000,1000
1473702251,42.2600,42.2600,42.2600,42.2600,200
1473702652,42.4580,42.4580,42.4580,42.4580,100
1473703001,42.4799,42.4799,42.4799,42.4799,200
1473703479,42.6000,42.6780,42.6000,42.6780,600
1473703500,42.6000,42.6000,42.6000,42.6000,100
1473703643,42.6200,42.6200,42.6200,42.6200,200
1473704016,42.7200,42.7200,42.7200,42.7200,200
1473704366,42.7700,42.7900,42.7700,42.7900,1500
1473705475,42.6200,42.6200,42.6200,42.6200,200
1473705483,42.6000,42.6000,42.6000,42.6000,100
1473705557,42.6400,42.6400,42.6400,42.6400,200
1473705759,42.6587,42.6587,42.6587,42.6587,200
1473706135,42.5853,42.5853,42.5853,42.5853,100
1473706500,42.5300,42.5700,42.5300,42.5700,300
1473706574,42.5700,42.5700,42.5700,42.5700,400
1473706697,42.6100,42.6500,42.6100,42.6500,1100
1473707224,42.6600,42.6600,42.6500,42.6500,700
1473708032,42.6500,42.6500,42.6500,42.6500,400
1473708121,42.6600,42.6600,42.6600,42.6600,500
1473708712,42.6400,42.6500,42.6400,42.6500,600
1473708848,42.6400,42.6500,42.6400,42.6400,600
1473708955,42.6300,42.6300,42.6300,42.6300,400
1473709013,42.6200,42.6300,42.6200,42.6300,400
1473709181,42.6400,42.6400,42.6400,42.6400,200
1473709225,42.6400,42.6400,42.6400,42.6400,500
1473709281,42.6700,42.6700,42.6700,42.6700,200
1473709343,42.6600,42.6700,42.6600,42.6700,900
1473709633,42.5900,42.6300,42.5700,42.5900,1300
1473709756,42.5800,42.5800,42.5440,42.5460,2500
1473709815,42.5800,42.5900,42.5600,42.5600,600
1473709894,42.6100,42.6100,42.6000,42.6000,700
1473709958,42.6132,42.6132,42.6086,42.6086,500
1473710038,42.6400,42.6400,42.6400,42.6400,200
1473710045,42.6400,42.6400,42.6400,42.6400,300
1473710168,42.6600,42.6600,42.6500,42.6500,1200
1473710228,42.6000,42.6300,42.6000,42.6300,900
1473710282,42.6300,42.6300,42.6000,42.6000,1900
1473710395,42.6700,42.6700,42.6700,42.6700,3400
1473710400,42.6600,42.6600,42.6600,42.6600,0
