uri:/instrument/1.0/AAPL/chartdata;type=quote;range=1d/csv
ticker:aapl
Company-Name:Apple Inc.
Exchange-Name:NMS
unit:MIN
timezone:EDT
currency:USD
gmtoffset:-14400
previous_close:111.7700
Timestamp:1473946200,1473969600
labels:1473948000,1473951600,1473955200,1473958800,1473962400,1473966000,1473969600
values:Timestamp,close,high,low,open,volume
close:113.7500,115.6950
high:114.0100,115.7300
low:113.7400,115.6200
open:113.7600,115.6700
volume:0,5646900
1473946259,114.0600,114.1800,113.7700,113.7700,3610300
1473946319,114.1459,114.3500,114.0000,114.0600,1444000
1473946379,113.7500,114.2800,113.7400,114.1441,959100
1473946380,113.9200,114.0100,113.7400,113.7600,675800
1473946440,114.1652,114.2000,113.8400,113.9200,615700
1473946500,114.2400,114.4000,114.1600,114.1600,892300
1473946560,114.4300,114.4700,114.2100,114.2500,764200
1473946679,114.5600,114.6500,114.4267,114.4300,982600
1473946680,114.6370,114.7300,114.5100,114.5408,797600
1473946740,114.3800,114.6341,114.3000,114.6300,545800
1473946800,114.3500,114.5100,114.3400,114.3700,470700
1473946919,114.3500,114.4000,114.1799,114.3600,697100
1473946979,114.3500,114.4300,114.3400,114.3550,372100
1473947039,114.3300,114.3500,114.1900,114.3400,428900
1473947099,114.2600,114.3600,114.1300,114.3210,460500
1473947100,114.0100,114.2600,114.0000,114.2500,548900
1473947219,114.0350,114.1100,114.0000,114.0200,485100
1473947279,114.0400,114.1100,113.9000,114.0300,539100
1473947339,114.2000,114.2200,114.0200,114.0400,418900
1473947399,114.3100,114.3600,114.1000,114.2127,463300
1473947459,114.4600,114.4900,114.2500,114.3200,535800
1473947460,114.5074,114.6100,114.4299,114.4501,672900
1473947520,114.5600,114.5750,114.4200,114.5000,396200
1473947639,114.7597,114.7699,114.5600,114.5600,621500
1473947699,114.6450,114.7700,114.4600,114.7700,565700
1473947759,114.6499,114.7700,114.6100,114.6400,488400
1473947760,114.7950,114.8400,114.6200,114.6500,522000
1473947879,114.8760,114.9100,114.7700,114.8100,609700
1473947939,114.8599,114.9000,114.7700,114.8701,613000
1473947999,114.9401,114.9500,114.8500,114.8700,382700
1473948000,114.7100,114.9400,114.7000,114.9300,535300
1473948119,114.7100,114.7200,114.5800,114.7100,364400
1473948179,114.6878,114.7200,114.5900,114.7150,233500
1473948180,114.6500,114.6900,114.5964,114.6900,319800
1473948299,114.8575,114.8800,114.6500,114.6500,380500
1473948359,114.8361,114.9300,114.8200,114.8532,474600
1473948419,114.6464,114.8350,114.6200,114.8350,304300
1473948420,114.7900,114.7900,114.6300,114.6411,212700
1473948539,114.7300,114.8400,114.7100,114.8050,309800
1473948599,114.7000,114.7600,114.6600,114.7248,287500
1473948600,114.7700,114.7800,114.6700,114.6900,207700
1473948660,114.9900,115.0600,114.7700,114.7700,1686800
1473948720,114.8250,115.0600,114.8144,114.9900,551200
1473948780,114.8900,114.9652,114.8100,114.8237,369300
1473948899,114.9500,114.9900,114.8900,114.8932,220800
1473948900,114.9700,115.0900,114.9100,114.9436,397000
1473948960,114.9100,114.9790,114.7600,114.9789,358300
1473949079,114.8950,114.9900,114.8400,114.9100,279200
1473949139,114.9300,114.9800,114.8600,114.8900,210300
1473949140,114.8800,114.9200,114.8200,114.9200,287500
1473949201,114.7958,114.9100,114.7900,114.9000,252800
1473949319,114.8500,114.8550,114.7600,114.7900,154500
1473949379,115.0100,115.1100,114.8510,114.8510,635900
1473949380,114.9700,115.0700,114.9400,115.0100,289300
1473949499,114.9100,114.9700,114.8600,114.9600,262700
1473949500,114.9900,115.0500,114.8900,114.9100,253000
1473949561,115.0052,115.0600,114.9600,114.9810,238900
1473949620,115.2364,115.2500,114.9500,115.0000,653800
1473949739,115.0750,115.2356,115.0400,115.2356,375300
1473949740,115.1600,115.1700,115.0600,115.0750,210500
1473949800,115.1850,115.2500,115.1200,115.1700,327200
1473949919,115.0400,115.1895,115.0000,115.1895,370100
1473949979,115.0400,115.1300,114.9800,115.0300,262600
1473949980,115.0600,115.0800,114.9750,115.0459,178600
1473950040,115.0074,115.0900,114.9400,115.0600,195900
1473950101,115.0700,115.1100,114.9700,115.0060,233400
1473950219,115.2860,115.2900,115.0749,115.0749,532700
1473950220,115.3301,115.4000,115.2650,115.2850,488300
1473950280,115.2700,115.3500,115.1900,115.3300,293500
1473950340,115.4793,115.5000,115.2550,115.2600,478300
1473950459,115.3400,115.5100,115.3000,115.4700,573600
1473950460,115.3100,115.3800,115.2200,115.3400,389200
1473950579,115.2700,115.3300,115.2300,115.3000,255700
1473950639,115.2100,115.3100,115.1700,115.2600,233500
1473950699,115.2008,115.2600,115.1900,115.2100,144200
1473950759,115.2450,115.3200,115.2100,115.2200,195700
1473950819,115.2900,115.2900,115.1900,115.2400,223600
1473950879,115.2950,115.3100,115.2400,115.2900,237300
1473950939,115.3650,115.4400,115.2836,115.2966,250200
1473950999,115.4700,115.4700,115.3500,115.3600,193000
1473951000,115.3236,115.4900,115.2800,115.4700,307600
1473951060,115.3600,115.3700,115.2900,115.3200,166300
1473951179,115.2600,115.4050,115.2300,115.3544,334800
1473951180,115.2950,115.3100,115.2300,115.2695,233900
1473951299,115.1800,115.3000,115.1800,115.2950,1201300
1473951300,115.1736,115.2600,115.1700,115.1850,257400
1473951360,115.1190,115.2000,115.0600,115.1800,235900
1473951479,115.0800,115.1500,115.0800,115.1172,129300
1473951480,115.1550,115.1600,115.0700,115.0900,166700
1473951541,115.2400,115.2400,115.1100,115.1600,192000
1473951659,115.3712,115.3800,115.2300,115.2300,286800
1473951719,115.3056,115.3700,115.2800,115.3700,264000
1473951720,115.2250,115.3300,115.2200,115.3043,253900
1473951780,115.2497,115.2500,115.1900,115.2250,191800
1473951899,115.2425,115.2900,115.2250,115.2397,169100
1473951900,115.3241,115.3400,115.2300,115.2400,142700
1473952019,115.3033,115.3500,115.3000,115.3200,264700
1473952020,115.3600,115.4000,115.3000,115.3100,244800
1473952080,115.2975,115.4000,115.2900,115.3600,222900
1473952199,115.2601,115.3400,115.2200,115.2900,205000
1473952200,115.2400,115.2700,115.2000,115.2700,132900
1473952261,115.1510,115.2800,115.1100,115.2456,304200
1473952379,115.0900,115.1800,115.0900,115.1500,195200
1473952439,115.1500,115.1600,115.0900,115.1000,238500
1473952440,115.1750,115.2000,115.1400,115.1500,121000
1473952500,115.2100,115.2250,115.1400,115.1700,149500
1473952560,115.1741,115.2400,115.1700,115.2150,170900
1473952620,115.0950,115.1800,115.0900,115.1700,205800
1473952739,115.0550,115.1100,115.0500,115.0950,122000
1473952799,114.9950,115.0700,114.9500,115.0500,377800
1473952859,114.9900,115.0100,114.9400,115.0000,240100
1473952860,114.9500,115.0200,114.9300,114.9792,212700
1473952920,114.9300,114.9541,114.9100,114.9541,197500
1473953039,114.9107,114.9800,114.9100,114.9246,166900
1473953041,114.8900,114.9400,114.8900,114.9301,159100
1473953100,114.9185,114.9300,114.8400,114.8900,231600
1473953219,114.9500,114.9600,114.9000,114.9101,175700
1473953220,114.9036,114.9680,114.9000,114.9489,164500
1473953339,114.9700,114.9800,114.9000,114.9048,203600
1473953340,114.9902,115.0300,114.9600,114.9699,194900
1473953400,115.1800,115.1900,114.9901,115.0000,218900
1473953462,115.1300,115.2000,115.1200,115.1850,163900
1473953579,115.1000,115.1300,115.0600,115.1300,99400
1473953639,115.0700,115.1100,115.0550,115.1000,115500
1473953699,115.0590,115.0900,115.0300,115.0700,132400
1473953700,115.0800,115.1000,115.0500,115.0501,92600
1473953760,115.1100,115.1200,115.0700,115.0800,74700
1473953820,115.0600,115.1158,115.0400,115.1100,100200
1473953939,115.0800,115.1100,115.0500,115.0590,58000
1473953940,115.1300,115.1800,115.0750,115.0800,168000
1473954059,115.0900,115.1900,115.0800,115.1250,112100
1473954060,115.0400,115.1000,115.0300,115.0800,142100
1473954120,114.9700,115.0600,114.9600,115.0441,133700
1473954180,114.8750,114.9900,114.8600,114.9754,221900
1473954240,114.8700,114.9100,114.8300,114.8800,179700
1473954300,114.8000,114.9000,114.8000,114.8700,102400
1473954419,114.7950,114.8100,114.7500,114.8000,202500
1473954479,114.7800,114.8500,114.7800,114.7900,153800
1473954482,114.7750,114.8100,114.7200,114.7800,139800
1473954541,114.8259,114.8400,114.7400,114.7764,143700
1473954659,114.9500,114.9600,114.8220,114.8308,142500
1473954719,115.0300,115.0500,114.9450,114.9450,184400
1473954720,115.1357,115.1500,115.0100,115.0200,246400
1473954780,115.0900,115.1654,115.0401,115.1200,203200
1473954841,115.0350,115.1350,115.0200,115.1059,73100
1473954959,115.0544,115.0643,114.9900,115.0390,102700
1473954960,115.0600,115.1300,115.0500,115.0554,122700
1473955020,115.0007,115.0800,115.0000,115.0700,75700
1473955080,114.9600,115.0300,114.9500,115.0099,71200
1473955199,114.9850,114.9900,114.9500,114.9600,75300
1473955259,114.9450,115.0000,114.9261,114.9850,119800
1473955260,114.9550,114.9750,114.9400,114.9500,53100
1473955379,114.9550,114.9700,114.9400,114.9600,54300
1473955380,115.0800,115.0800,114.9500,114.9500,169000
1473955440,115.0800,115.1400,115.0700,115.0790,122100
1473955500,115.0999,115.1190,115.0800,115.0801,50300
1473955619,115.2293,115.2400,115.0900,115.1000,231400
1473955679,115.1500,115.2300,115.1100,115.2200,93800
1473955739,115.1900,115.1900,115.1205,115.1404,115400
1473955799,115.3500,115.3800,115.1800,115.1900,401500
1473955800,115.2000,115.3700,115.1800,115.3500,132300
1473955860,115.1901,115.2490,115.1800,115.1900,60400
1473955920,115.2008,115.2350,115.1900,115.2050,41300
1473956038,115.1650,115.2100,115.1600,115.2060,85900
1473956040,115.2000,115.2000,115.1500,115.1652,82900
1473956158,115.1900,115.2300,115.1600,115.1900,93700
1473956219,115.2800,115.2800,115.1550,115.1850,131600
1473956279,115.4700,115.5000,115.2700,115.2740,566900
1473956280,115.3900,115.4700,115.3500,115.4600,184400
1473956340,115.4200,115.4700,115.3750,115.4000,132600
1473956402,115.3600,115.4200,115.3516,115.4200,87900
1473956460,115.3160,115.3500,115.2700,115.3500,121900
1473956579,115.2950,115.3600,115.2800,115.3200,78700
1473956639,115.2650,115.3100,115.2500,115.2950,108800
1473956640,115.3300,115.4000,115.2500,115.2800,159200
1473956700,115.3000,115.3700,115.3000,115.3234,72700
1473956760,115.2200,115.3100,115.2050,115.3005,164900
1473956879,115.1550,115.2200,115.1100,115.2150,309600
1473956880,115.1259,115.1650,115.1200,115.1400,77600
1473956940,115.1250,115.1400,115.0800,115.1250,120700
1473957059,115.0799,115.1500,115.0710,115.1200,100200
1473957060,115.0300,115.0900,115.0100,115.0800,168100
1473957120,115.0492,115.0650,114.9900,115.0300,163100
1473957239,115.0033,115.0700,114.9900,115.0452,109600
1473957240,114.9600,115.0300,114.9586,115.0000,156400
1473957359,114.9500,115.0700,114.9500,114.9668,180200
1473957360,114.9900,115.0000,114.9100,114.9500,100100
1473957420,115.0050,115.0600,114.9800,114.9850,174900
1473957482,115.0040,115.0300,114.9950,115.0017,83500
1473957540,115.0100,115.0500,114.9950,115.0023,117700
1473957600,114.9244,115.0399,114.9200,115.0037,104000
1473957719,114.8817,114.9287,114.8400,114.9287,160800
1473957779,114.8550,114.8900,114.8000,114.8835,98100
1473957839,114.8350,114.8700,114.8200,114.8600,71800
1473957899,114.8637,114.9000,114.8200,114.8350,100500
1473957959,114.8507,114.9100,114.8400,114.8686,129000
1473958019,114.8450,114.8700,114.8200,114.8600,88700
1473958020,114.8150,114.8800,114.7900,114.8500,112400
1473958139,114.9001,114.9250,114.8100,114.8100,112800
1473958140,114.8410,114.9500,114.8250,114.9100,116200
1473958200,114.8200,114.8600,114.8000,114.8400,138100
1473958319,114.8200,114.8400,114.7700,114.8300,121500
1473958320,114.9800,114.9800,114.8200,114.8300,162900
1473958438,115.0200,115.0800,114.9400,114.9750,203300
1473958440,115.1000,115.1201,115.0000,115.0100,210400
1473958500,115.0296,115.1000,115.0200,115.1000,72800
1473958619,115.0750,115.0800,115.0200,115.0250,56800
1473958678,115.0635,115.0993,115.0559,115.0750,92700
1473958680,115.0456,115.0700,115.0400,115.0600,41900
1473958799,115.0444,115.0700,115.0200,115.0500,71100
1473958800,115.1100,115.1100,115.0500,115.0500,80100
1473958861,115.1600,115.2311,115.1200,115.1300,209100
1473958920,115.1700,115.1900,115.1400,115.1600,75600
1473958980,115.1600,115.2100,115.1400,115.1641,92800
1473959040,115.1000,115.1700,115.0600,115.1600,137900
1473959100,115.0693,115.1200,115.0600,115.1000,68800
1473959219,115.0700,115.1050,115.0400,115.0644,101100
1473959220,114.9800,115.0750,114.9750,115.0500,142300
1473959280,114.9100,114.9800,114.9100,114.9800,133300
1473959340,114.9150,114.9600,114.8900,114.9000,114100
1473959400,114.8811,114.9400,114.8700,114.9100,69500
1473959460,114.8700,114.8900,114.8400,114.8800,95900
1473959520,114.8500,114.8800,114.8400,114.8600,73200
1473959580,114.8200,114.9300,114.8200,114.8500,167600
1473959640,114.7200,114.8200,114.6850,114.8100,314200
1473959700,114.7500,114.7900,114.6900,114.7259,243700
1473959760,114.8300,114.8300,114.7200,114.7335,90600
1473959820,114.8800,114.8800,114.7700,114.8298,108700
1473959939,114.9840,115.0000,114.8400,114.8800,192100
1473959998,114.9275,115.0000,114.9200,114.9841,70600
1473960000,114.9200,114.9500,114.9000,114.9200,54500
1473960060,114.8900,114.9650,114.8900,114.9250,67700
1473960120,114.9036,114.9300,114.8637,114.8950,92600
1473960181,114.9256,114.9500,114.9000,114.9000,53200
1473960299,114.9200,114.9390,114.9000,114.9200,83200
1473960302,114.8800,114.9600,114.8700,114.9248,48300
1473960360,114.9000,114.9100,114.8400,114.8700,72400
1473960479,114.9137,114.9500,114.8950,114.9000,88400
1473960480,114.8700,114.9200,114.8200,114.9200,89400
1473960540,114.8300,114.8900,114.8122,114.8800,62400
1473960600,114.8100,114.8700,114.8100,114.8400,68800
1473960662,114.9150,114.9350,114.8200,114.8200,76000
1473960721,114.9952,115.0200,114.9101,114.9200,191400
1473960780,115.0000,115.0500,114.9650,114.9900,94300
1473960840,115.0200,115.0300,114.9410,115.0000,92100
1473960900,115.0300,115.0400,114.9900,115.0200,89700
1473960960,115.0200,115.1500,115.0100,115.0311,284400
1473961020,115.0100,115.0400,115.0000,115.0100,67300
1473961139,114.9701,115.0200,114.9200,115.0200,85500
1473961199,114.8401,114.9787,114.8400,114.9700,127700
1473961200,114.8800,114.9034,114.8200,114.8400,136200
1473961260,114.8600,114.8899,114.8200,114.8899,142900
1473961320,114.9300,114.9500,114.8300,114.8500,102400
1473961380,114.9120,114.9500,114.8650,114.9200,93600
1473961499,114.9200,114.9300,114.8970,114.9100,83800
1473961500,114.9700,114.9900,114.9000,114.9101,124500
1473961560,114.9065,114.9700,114.8900,114.9600,73000
1473961620,115.0200,115.0200,114.8950,114.9000,156300
1473961739,114.9600,115.0300,114.9600,115.0300,94500
1473961799,115.0000,115.0000,114.9400,114.9600,320600
1473961859,114.9449,115.0000,114.9400,115.0000,73000
1473961919,114.9000,115.0000,114.9000,114.9400,105000
1473961979,114.9344,114.9500,114.9000,114.9000,107400
1473961980,114.9701,114.9800,114.9300,114.9400,42400
1473962042,115.1100,115.1200,114.9732,114.9790,289500
1473962100,115.1049,115.1500,115.0900,115.1034,121400
1473962161,115.0500,115.1100,115.0400,115.1054,71600
1473962220,115.0200,115.0400,114.9700,115.0400,88500
1473962280,115.1300,115.1300,115.0110,115.0110,74300
1473962399,115.1300,115.1600,115.1000,115.1200,96200
1473962400,115.1640,115.2000,115.1300,115.1300,171300
1473962460,115.1990,115.2000,115.1500,115.1700,146500
1473962521,115.1505,115.2000,115.1300,115.1900,68200
1473962580,115.1540,115.1800,115.1400,115.1500,63300
1473962641,115.2159,115.2200,115.1500,115.1590,109600
1473962700,115.1550,115.2200,115.1300,115.2150,129100
1473962761,115.0600,115.1700,115.0600,115.1650,94700
1473962821,115.0550,115.1200,115.0500,115.0699,67600
1473962939,115.0400,115.0600,115.0300,115.0500,37900
1473962998,115.0600,115.0800,115.0320,115.0360,81000
1473963000,115.0900,115.1000,115.0500,115.0700,51300
1473963061,115.1300,115.1400,115.0900,115.1000,60800
1473963179,115.0900,115.1400,115.0800,115.1300,53300
1473963180,115.1400,115.1500,115.0800,115.0800,54900
1473963241,115.1737,115.1900,115.1300,115.1305,66900
1473963300,115.1720,115.2300,115.1700,115.1700,112000
1473963360,115.1700,115.2200,115.1600,115.1700,76700
1473963421,115.1600,115.1800,115.1400,115.1740,56500
1473963480,115.1170,115.1700,115.1050,115.1600,93800
1473963541,115.1950,115.2200,115.1200,115.1200,77600
1473963600,115.1868,115.2000,115.1700,115.2000,70500
1473963661,115.2280,115.2900,115.1900,115.1900,291700
1473963721,115.1400,115.2300,115.1284,115.2241,83300
1473963839,115.0944,115.1400,115.0900,115.1395,90400
1473963840,115.1100,115.1300,115.0900,115.0980,63900
1473963900,115.0900,115.1687,115.0700,115.1200,90100
1473964019,115.0400,115.1000,115.0100,115.0963,103700
1473964020,115.0200,115.0700,115.0100,115.0350,99000
1473964139,115.0140,115.0500,115.0100,115.0200,63100
1473964140,115.0401,115.0700,115.0199,115.0199,65500
1473964200,115.0800,115.1150,115.0500,115.0500,78000
1473964262,115.0600,115.0863,115.0500,115.0800,39000
1473964321,115.0610,115.0800,115.0500,115.0600,38000
1473964380,115.0500,115.0900,115.0400,115.0600,87300
1473964499,115.0600,115.1200,115.0500,115.0500,57200
1473964500,115.1200,115.1350,115.0500,115.0500,73600
1473964619,115.0432,115.1300,115.0210,115.1300,69400
1473964620,115.0444,115.0900,115.0400,115.0463,64400
1473964680,115.0450,115.0600,115.0100,115.0500,83800
1473964740,115.0650,115.1060,115.0435,115.0500,54300
1473964858,115.0446,115.0700,115.0100,115.0700,81700
1473964860,115.1037,115.1200,115.0400,115.0400,64300
1473964921,115.1100,115.1350,115.0800,115.1090,63800
1473964980,115.1317,115.1500,115.1000,115.1100,67800
1473965040,115.1450,115.1500,115.0900,115.1400,96800
1473965159,115.1700,115.1900,115.1100,115.1500,86500
1473965160,115.1432,115.1700,115.1359,115.1600,36900
1473965220,115.1300,115.1770,115.1000,115.1400,110300
1473965281,115.2011,115.2200,115.1400,115.1400,168100
1473965341,115.2420,115.3000,115.1902,115.2100,288100
1473965459,115.2500,115.2700,115.2000,115.2452,141900
1473965519,115.1790,115.2700,115.1700,115.2500,169900
1473965520,115.1533,115.2000,115.1300,115.1760,120600
1473965582,115.1808,115.1900,115.1300,115.1501,126100
1473965698,115.2300,115.2300,115.1700,115.1814,62000
1473965759,115.2800,115.3000,115.2227,115.2227,131000
1473965819,115.3610,115.3800,115.2600,115.2800,187500
1473965820,115.2901,115.4000,115.2900,115.3600,256700
1473965939,115.3650,115.3900,115.2600,115.3000,239000
1473965999,115.3690,115.3700,115.3200,115.3650,102400
1473966000,115.3751,115.3850,115.3600,115.3700,101300
1473966062,115.4100,115.4300,115.3800,115.3800,241500
1473966120,115.4150,115.4400,115.4000,115.4100,118000
1473966239,115.4800,115.4900,115.4144,115.4150,336800
1473966299,115.4600,115.4800,115.4400,115.4800,161300
1473966300,115.4730,115.4850,115.4600,115.4700,112900
1473966360,115.4700,115.4810,115.4300,115.4735,160000
1473966479,115.3850,115.4700,115.3800,115.4699,156800
1473966480,115.3500,115.4200,115.3300,115.3800,125100
1473966540,115.3800,115.3800,115.3000,115.3435,156500
1473966659,115.2700,115.3800,115.2670,115.3800,112400
1473966660,115.2437,115.3200,115.2300,115.2667,165700
1473966720,115.2100,115.2900,115.1700,115.2500,183500
1473966781,115.2100,115.2300,115.2000,115.2132,45400
1473966899,115.2810,115.3000,115.2005,115.2100,222500
1473966900,115.2341,115.3000,115.2000,115.2850,131200
1473967019,115.1700,115.2498,115.1300,115.2337,163900
1473967020,115.0600,115.1844,115.0555,115.1700,166600
1473967139,115.0800,115.1100,115.0300,115.0600,152900
1473967199,115.1662,115.1800,115.0700,115.0790,170700
1473967200,115.2000,115.2000,115.1500,115.1637,101200
1473967260,115.2400,115.2700,115.2000,115.2057,171800
1473967379,115.2670,115.2900,115.2200,115.2500,111700
1473967380,115.2910,115.3000,115.2100,115.2700,80100
1473967440,115.2500,115.3000,115.2200,115.3000,110200
1473967501,115.3300,115.3500,115.2301,115.2600,202400
1473967619,115.3300,115.3800,115.3200,115.3400,123900
1473967621,115.3200,115.3348,115.2700,115.3250,116500
1473967681,115.3402,115.3500,115.2900,115.3200,78500
1473967740,115.3310,115.3800,115.3000,115.3500,93000
1473967800,115.3700,115.3700,115.3100,115.3300,96900
1473967919,115.3800,115.3900,115.3100,115.3600,179900
1473967920,115.3910,115.4300,115.3708,115.3800,220800
1473967980,115.4304,115.4400,115.3950,115.3950,113500
1473968099,115.3500,115.4487,115.3300,115.4350,177500
1473968159,115.3850,115.4000,115.3465,115.3465,123800
1473968219,115.4100,115.4100,115.3800,115.3900,125200
1473968220,115.4390,115.4700,115.4000,115.4100,214000
1473968339,115.4700,115.4700,115.4399,115.4400,175400
1473968340,115.5000,115.5000,115.4600,115.4648,367100
1473968400,115.4400,115.5000,115.4100,115.5000,284800
1473968519,115.4400,115.4900,115.3910,115.4479,159500
1473968579,115.4540,115.4663,115.4200,115.4300,114800
1473968639,115.4700,115.4800,115.4400,115.4563,125800
1473968640,115.4400,115.4900,115.4400,115.4800,176800
1473968700,115.6000,115.6000,115.4400,115.4435,611500
1473968760,115.4950,115.6200,115.4700,115.6000,409500
1473968820,115.5800,115.5800,115.4950,115.4950,210300
1473968880,115.5800,115.5900,115.5500,115.5700,254300
1473968940,115.6100,115.6300,115.5600,115.5800,333800
1473969059,115.5400,115.5800,115.5300,115.5800,320300
1473969119,115.5233,115.5700,115.5100,115.5400,215200
1473969120,115.5250,115.5600,115.5000,115.5200,259700
1473969239,115.5600,115.5700,115.5200,115.5250,199100
1473969299,115.5600,115.5700,115.5100,115.5600,217900
1473969359,115.5400,115.5600,115.5100,115.5500,256200
1473969360,115.6200,115.6200,115.5250,115.5400,394800
1473969479,115.6950,115.7300,115.6000,115.6200,626100
1473969482,115.6700,115.6800,115.6200,115.6700,345800
1473969540,115.5700,115.6700,115.5700,115.6600,5646900
1473969600,115.5700,115.5700,115.5700,115.5700,0
