uri:/instrument/1.0/SNE/chartdata;type=quote;range=1d/csv
ticker:sne
Company-Name:Sony Corporation Common Stock
Exchange-Name:NYQ
unit:MIN
timezone:EDT
currency:USD
gmtoffset:-14400
previous_close:32.2200
Timestamp:1473946200,1473969600
labels:1473948000,1473951600,1473955200,1473958800,1473962400,1473966000,1473969600
values:Timestamp,close,high,low,open,volume
close:31.9000,32.5500
high:31.9200,32.5700
low:31.9000,32.5500
open:31.9000,32.5500
volume:100,18300
1473946213,32.0400,32.0500,31.9900,32.0500,13800
1473946269,32.0700,32.0900,32.0700,32.0700,2500
1473946435,32.0900,32.1000,32.0900,32.0900,300
1473946471,32.0800,32.0800,32.0800,32.0800,100
1473946541,32.0800,32.0800,32.0800,32.0800,200
1473946605,32.0700,32.0800,32.0700,32.0701,1000
1473946652,32.0000,32.0600,32.0000,32.0600,2200
1473946690,32.0000,32.0000,32.0000,32.0000,500
1473946787,31.9301,31.9700,31.9301,31.9700,1200
1473946803,31.9800,32.0000,31.9300,31.9400,1900
1473946919,32.0000,32.0000,31.9400,31.9700,2100
1473946979,32.0000,32.0300,32.0000,32.0000,2700
1473947018,31.9700,31.9800,31.9700,31.9800,1600
1473947041,31.9500,31.9700,31.9500,31.9600,3500
1473947157,31.9000,31.9500,31.9000,31.9500,6300
1473947207,31.9100,31.9200,31.9000,31.9000,1700
1473947228,31.9200,31.9200,31.9000,31.9163,1200
1473947305,31.9500,31.9500,31.9100,31.9100,2000
1473947391,31.9800,31.9800,31.9300,31.9400,3500
1473947401,31.9800,31.9800,31.9500,31.9800,2500
1473947476,32.0100,32.0100,31.9900,31.9900,2700
1473947528,32.0200,32.0200,32.0099,32.0100,2300
1473947638,32.0300,32.0400,32.0300,32.0300,500
1473947684,32.0300,32.0400,32.0200,32.0200,3200
1473947748,32.0400,32.0400,32.0400,32.0400,3000
1473947807,32.0500,32.0500,32.0264,32.0264,4200
1473947821,32.0400,32.0500,32.0400,32.0500,800
1473947935,32.0000,32.0200,32.0000,32.0200,2000
1473947944,32.0250,32.0250,32.0100,32.0100,900
1473948053,32.0100,32.0200,32.0100,32.0200,1700
1473948065,31.9900,32.0100,31.9900,32.0100,2600
1473948130,31.9900,31.9900,31.9800,31.9900,2100
1473948192,32.0600,32.0600,32.0000,32.0000,3800
1473948253,32.0800,32.0800,32.0500,32.0600,3000
1473948314,32.1100,32.1100,32.1100,32.1100,2000
1473948382,32.0800,32.1000,32.0800,32.1000,700
1473948475,32.1000,32.1000,32.0800,32.0800,700
1473948536,32.1100,32.1200,32.1000,32.1100,2500
1473948589,32.1000,32.1100,32.0900,32.1100,2100
1473948646,32.0900,32.0900,32.0900,32.0900,100
1473948704,32.1200,32.1200,32.1000,32.1000,400
1473948731,32.1200,32.1200,32.1100,32.1100,500
1473948800,32.1100,32.1102,32.1100,32.1102,300
1473948844,32.1300,32.1300,32.1100,32.1100,300
1473948900,32.1400,32.1500,32.1300,32.1300,1000
1473949000,32.1500,32.1500,32.1500,32.1500,300
1473949028,32.1500,32.1500,32.1500,32.1500,100
1473949134,32.1500,32.1500,32.1500,32.1500,400
1473949144,32.1500,32.1500,32.1500,32.1500,100
1473949231,32.1400,32.1500,32.1400,32.1500,700
1473949309,32.1200,32.1300,32.1200,32.1300,1300
1473949370,32.1600,32.1600,32.1300,32.1300,3700
1473949383,32.1600,32.1600,32.1600,32.1600,300
1473949444,32.1301,32.1600,32.1300,32.1400,5300
1473949554,32.1400,32.1500,32.1400,32.1400,500
1473949615,32.1600,32.1600,32.1500,32.1500,700
1473949628,32.1500,32.1500,32.1500,32.1500,1400
1473949769,32.1300,32.1400,32.1300,32.1400,900
1473949848,32.1600,32.1600,32.1400,32.1400,700
1473949914,32.1300,32.1500,32.1300,32.1500,800
1473949974,32.1450,32.1450,32.1300,32.1300,1600
1473949993,32.1302,32.1302,32.1302,32.1302,500
1473950071,32.1300,32.1400,32.1300,32.1400,500
1473950104,32.1400,32.1400,32.1200,32.1235,600
1473950228,32.1400,32.1500,32.1400,32.1500,400
1473950307,32.1450,32.1450,32.1400,32.1400,700
1473950394,32.1600,32.1600,32.1400,32.1400,500
1473950426,32.1600,32.1600,32.1600,32.1600,400
1473950485,32.1200,32.1300,32.1200,32.1300,800
1473950578,32.1100,32.1200,32.1100,32.1100,1600
1473950620,32.1200,32.1200,32.1100,32.1100,400
1473950654,32.1259,32.1259,32.1200,32.1200,500
1473950736,32.1500,32.1500,32.1300,32.1300,1100
1473950771,32.1450,32.1500,32.1400,32.1400,1200
1473950841,32.1400,32.1400,32.1400,32.1400,300
1473950912,32.1399,32.1399,32.1300,32.1300,300
1473950989,32.1650,32.1700,32.1400,32.1400,2100
1473951055,32.1736,32.1750,32.1600,32.1700,2300
1473951083,32.1700,32.1700,32.1700,32.1700,600
1473951171,32.1900,32.1900,32.1900,32.1900,200
1473951233,32.1875,32.2000,32.1875,32.1900,4800
1473951349,32.2100,32.2100,32.2000,32.2000,600
1473951393,32.2300,32.2300,32.2100,32.2100,1900
1473951479,32.2500,32.2500,32.2390,32.2390,900
1473951480,32.2800,32.2800,32.2500,32.2599,9000
1473951651,32.3500,32.3500,32.3300,32.3400,2500
1473951676,32.3600,32.3600,32.3600,32.3600,200
1473951721,32.3500,32.3600,32.3500,32.3600,1300
1473951805,32.3500,32.3500,32.3500,32.3500,1300
1473951887,32.3500,32.3700,32.3500,32.3700,1200
1473951920,32.3700,32.3700,32.3600,32.3600,500
1473952016,32.3600,32.3800,32.3600,32.3600,6100
1473952024,32.3900,32.3900,32.3600,32.3600,800
1473952116,32.3800,32.3964,32.3800,32.3900,3800
1473952157,32.3600,32.3800,32.3600,32.3800,1900
1473952238,32.3664,32.3664,32.3664,32.3664,100
1473952308,32.3400,32.3600,32.3400,32.3600,1100
1473952322,32.3300,32.3400,32.3300,32.3400,500
1473952388,32.3300,32.3300,32.3300,32.3300,500
1473952473,32.3300,32.3300,32.3300,32.3300,400
1473952501,32.3400,32.3400,32.3300,32.3300,900
1473952606,32.3650,32.3664,32.3650,32.3664,800
1473952695,32.3500,32.3500,32.3500,32.3500,100
1473952764,32.3500,32.3500,32.3500,32.3500,1200
1473952842,32.3300,32.3300,32.3300,32.3300,300
1473952888,32.3200,32.3300,32.3200,32.3300,1700
1473952949,32.3100,32.3100,32.3100,32.3100,800
1473953034,32.3038,32.3300,32.3038,32.3100,5100
1473953055,32.3000,32.3042,32.3000,32.3011,1500
1473953128,32.2900,32.3000,32.2900,32.3000,600
1473953211,32.2900,32.2900,32.2900,32.2900,200
1473953280,32.3200,32.3200,32.3000,32.3000,1300
1473953375,32.3300,32.3350,32.3300,32.3350,500
1473953402,32.3400,32.3400,32.3300,32.3300,900
1473953461,32.3300,32.3450,32.3300,32.3450,1000
1473953579,32.3100,32.3300,32.3100,32.3300,800
1473953639,32.3400,32.3400,32.3000,32.3100,5000
1473953677,32.3300,32.3300,32.3300,32.3300,1200
1473953748,32.3300,32.3300,32.3300,32.3300,300
1473953784,32.3284,32.3284,32.3284,32.3284,100
1473953836,32.3200,32.3300,32.3200,32.3300,1600
1473953939,32.3200,32.3200,32.3200,32.3200,100
1473954111,32.3100,32.3150,32.3100,32.3148,1400
1473954177,32.3164,32.3164,32.3164,32.3164,100
1473954215,32.3000,32.3100,32.3000,32.3100,1200
1473954395,32.2900,32.2900,32.2900,32.2900,200
1473954436,32.2700,32.2800,32.2700,32.2800,1400
1473954488,32.2700,32.2710,32.2700,32.2710,300
1473954575,32.2400,32.2600,32.2400,32.2600,4700
1473954656,32.2648,32.2700,32.2500,32.2500,2600
1473954674,32.2700,32.2700,32.2700,32.2700,300
1473954777,32.2800,32.2800,32.2800,32.2800,200
1473954792,32.2900,32.2900,32.2900,32.2900,100
1473954855,32.3000,32.3100,32.3000,32.3100,1100
1473954942,32.3100,32.3100,32.2900,32.2900,3400
1473954966,32.3100,32.3100,32.3100,32.3100,100
1473955032,32.3000,32.3100,32.3000,32.3100,1000
1473955127,32.2900,32.2900,32.2900,32.2900,100
1473955255,32.2900,32.2900,32.2900,32.2900,900
1473955309,32.2963,32.2963,32.2963,32.2963,1000
1473955379,32.3000,32.3000,32.2900,32.2900,600
1473955419,32.2970,32.3000,32.2970,32.3000,1800
1473955471,32.2900,32.2900,32.2900,32.2900,200
1473955529,32.2900,32.2900,32.2900,32.2900,100
1473955583,32.3100,32.3100,32.3100,32.3100,500
1473955665,32.3100,32.3200,32.3100,32.3163,2900
1473955714,32.3200,32.3200,32.3100,32.3100,800
1473955767,32.3200,32.3244,32.3200,32.3244,1000
1473955817,32.3000,32.3100,32.3000,32.3100,500
1473955914,32.3100,32.3100,32.3100,32.3100,300
1473955978,32.3050,32.3050,32.3000,32.3000,200
1473956009,32.3000,32.3000,32.3000,32.3000,700
1473956075,32.3000,32.3000,32.3000,32.3000,1100
1473956125,32.2837,32.3000,32.2837,32.3000,300
1473956162,32.2800,32.2800,32.2800,32.2800,100
1473956250,32.3150,32.3150,32.3000,32.3000,1300
1473956291,32.3100,32.3100,32.3100,32.3100,200
1473956343,32.3000,32.3000,32.3000,32.3000,1200
1473956416,32.3000,32.3000,32.3000,32.3000,100
1473956528,32.3150,32.3150,32.3100,32.3100,400
1473956615,32.3099,32.3099,32.3099,32.3099,100
1473956676,32.3150,32.3150,32.3100,32.3100,300
1473956755,32.3100,32.3100,32.3100,32.3100,1700
1473956813,32.3099,32.3100,32.3000,32.3100,400
1473956876,32.3060,32.3060,32.2900,32.3000,3500
1473956935,32.2900,32.3000,32.2900,32.3000,900
1473956955,32.2850,32.2850,32.2850,32.2850,100
1473957059,32.3100,32.3100,32.2900,32.2900,400
1473957076,32.3100,32.3100,32.3100,32.3100,200
1473957137,32.3050,32.3050,32.3050,32.3050,200
1473957298,32.2800,32.2800,32.2800,32.2800,400
1473957356,32.2500,32.2700,32.2500,32.2700,2100
1473957389,32.2500,32.2500,32.2500,32.2500,800
1473957435,32.2300,32.2400,32.2200,32.2400,900
1473957488,32.2400,32.2400,32.2300,32.2300,1000
1473957541,32.2500,32.2500,32.2400,32.2400,1400
1473957669,32.2599,32.2599,32.2500,32.2500,2200
1473957772,32.2500,32.2550,32.2500,32.2500,700
1473957837,32.2500,32.2590,32.2500,32.2500,400
1473957955,32.2600,32.2600,32.2500,32.2500,1900
1473957962,32.2550,32.2550,32.2550,32.2550,100
1473958137,32.2600,32.2600,32.2600,32.2600,200
1473958239,32.2600,32.2600,32.2600,32.2600,100
1473958265,32.2640,32.2650,32.2600,32.2650,2000
1473958325,32.2700,32.2700,32.2650,32.2650,400
1473958427,32.2750,32.2750,32.2650,32.2750,2900
1473958493,32.2720,32.2800,32.2720,32.2800,600
1473958512,32.2800,32.2800,32.2800,32.2800,300
1473958657,32.2850,32.2900,32.2800,32.2900,1100
1473958788,32.2850,32.2950,32.2800,32.2900,3800
1473958859,32.3100,32.3100,32.2900,32.2900,1800
1473958901,32.3201,32.3350,32.3200,32.3200,2100
1473958920,32.3200,32.3200,32.3200,32.3200,200
1473959000,32.3400,32.3400,32.3300,32.3300,1300
1473959057,32.3350,32.3400,32.3300,32.3400,2600
1473959155,32.3350,32.3350,32.3300,32.3300,500
1473959255,32.3250,32.3250,32.3250,32.3250,800
1473959394,32.3250,32.3250,32.3200,32.3250,900
1473959457,32.3100,32.3200,32.3100,32.3200,900
1473959480,32.3000,32.3050,32.2950,32.3050,700
1473959550,32.3000,32.3000,32.3000,32.3000,300
1473959603,32.3200,32.3200,32.3100,32.3100,300
1473959688,32.3000,32.3250,32.2950,32.3200,1500
1473959728,32.3100,32.3100,32.3100,32.3100,400
1473959795,32.3100,32.3100,32.3100,32.3100,100
1473959860,32.3000,32.3100,32.3000,32.3100,1300
1473959935,32.3450,32.3450,32.3200,32.3200,1900
1473959997,32.3750,32.3750,32.3450,32.3450,9700
1473960047,32.3400,32.3700,32.3400,32.3700,5600
1473960065,32.3400,32.3400,32.3400,32.3400,100
1473960156,32.3400,32.3400,32.3400,32.3400,800
1473960194,32.3500,32.3500,32.3500,32.3500,600
1473960260,32.3400,32.3400,32.3400,32.3400,100
1473960368,32.3400,32.3450,32.3400,32.3400,400
1473960466,32.3700,32.3700,32.3500,32.3500,700
1473960523,32.3300,32.3700,32.3250,32.3650,4500
1473960541,32.3400,32.3400,32.3300,32.3400,900
1473960630,32.3500,32.3650,32.3500,32.3500,3500
1473960670,32.3500,32.3500,32.3500,32.3500,500
1473960774,32.3600,32.3600,32.3600,32.3600,200
1473960803,32.3700,32.3750,32.3700,32.3700,4700
1473960860,32.3700,32.3700,32.3700,32.3700,100
1473960943,32.3700,32.3800,32.3700,32.3700,300
1473961005,32.3700,32.3700,32.3700,32.3700,100
1473961040,32.3700,32.3700,32.3700,32.3700,400
1473961119,32.3800,32.3800,32.3800,32.3800,100
1473961309,32.4000,32.4000,32.3900,32.3900,3700
1473961371,32.4200,32.4200,32.4000,32.4000,2400
1473961404,32.4300,32.4400,32.4250,32.4250,1800
1473961447,32.4400,32.4400,32.4300,32.4300,5300
1473961522,32.4463,32.4463,32.4400,32.4463,1100
1473961605,32.4499,32.4499,32.4499,32.4499,1000
1473961624,32.4500,32.4500,32.4463,32.4463,800
1473961707,32.4700,32.4700,32.4600,32.4600,2800
1473961769,32.4700,32.4700,32.4700,32.4700,200
1473961941,32.4550,32.4650,32.4550,32.4600,4900
1473961996,32.4600,32.4600,32.4600,32.4600,2500
1473962150,32.4549,32.4549,32.4500,32.4500,600
1473962212,32.4400,32.4500,32.4400,32.4500,1000
1473962308,32.4450,32.4500,32.4410,32.4500,600
1473962394,32.4700,32.4700,32.4401,32.4401,3200
1473962450,32.4500,32.4600,32.4500,32.4600,2500
1473962540,32.4500,32.4600,32.4500,32.4600,200
1473962584,32.4600,32.4600,32.4600,32.4600,1500
1473962717,32.4850,32.4850,32.4666,32.4700,2400
1473962785,32.4750,32.4850,32.4750,32.4800,1200
1473962975,32.4800,32.4800,32.4800,32.4800,700
1473963005,32.4834,32.4834,32.4834,32.4834,100
1473963143,32.4890,32.4890,32.4880,32.4880,500
1473963325,32.4900,32.4900,32.4800,32.4800,1000
1473963469,32.5100,32.5100,32.5000,32.5000,2700
1473963480,32.5110,32.5110,32.5100,32.5100,1100
1473963580,32.5200,32.5200,32.5200,32.5200,1300
1473963636,32.5300,32.5300,32.5200,32.5200,1700
1473963672,32.5300,32.5300,32.5300,32.5300,300
1473963809,32.5250,32.5250,32.5250,32.5250,100
1473963874,32.5250,32.5300,32.5201,32.5201,900
1473963933,32.5300,32.5300,32.5250,32.5250,300
1473964013,32.5100,32.5250,32.5100,32.5200,4000
1473964056,32.5101,32.5150,32.5100,32.5100,400
1473964109,32.5100,32.5150,32.5100,32.5100,1000
1473964315,32.5050,32.5050,32.5050,32.5050,100
1473964386,32.5099,32.5099,32.5099,32.5099,200
1473964482,32.5042,32.5042,32.5042,32.5042,100
1473964513,32.5000,32.5050,32.5000,32.5000,3700
1473964619,32.4900,32.5050,32.4900,32.5000,2700
1473964642,32.4950,32.4950,32.4950,32.4950,100
1473964725,32.4950,32.4950,32.4900,32.4900,2100
1473964749,32.5000,32.5000,32.4800,32.4800,3400
1473964985,32.5100,32.5150,32.5100,32.5100,5000
1473965065,32.5150,32.5150,32.5100,32.5100,700
1473965132,32.5150,32.5150,32.5100,32.5150,600
1473965189,32.5100,32.5100,32.5100,32.5100,1400
1473965252,32.5000,32.5050,32.5000,32.5000,1500
1473965328,32.4950,32.4950,32.4950,32.4950,900
1473965374,32.5150,32.5150,32.5000,32.5000,3400
1473965566,32.5100,32.5100,32.5000,32.5000,2100
1473965582,32.5000,32.5000,32.5000,32.5000,200
1473965658,32.5000,32.5000,32.5000,32.5000,300
1473965724,32.5100,32.5100,32.5099,32.5099,900
1473965819,32.5150,32.5200,32.5100,32.5100,400
1473965851,32.5500,32.5500,32.5150,32.5200,11600
1473965895,32.5500,32.5500,32.5401,32.5401,3100
1473965977,32.5500,32.5500,32.5400,32.5400,1500
1473966065,32.5500,32.5500,32.5500,32.5500,1600
1473966124,32.5450,32.5700,32.5400,32.5500,18300
1473966245,32.5400,32.5400,32.5400,32.5400,100
1473966413,32.5427,32.5450,32.5400,32.5400,1600
1473966461,32.5400,32.5450,32.5400,32.5400,700
1473966522,32.5350,32.5450,32.5300,32.5400,2200
1473966584,32.5350,32.5350,32.5300,32.5350,400
1473966601,32.5200,32.5350,32.5200,32.5350,3000
1473966804,32.5100,32.5100,32.5100,32.5100,100
1473966840,32.5200,32.5250,32.5200,32.5200,4200
1473966928,32.5150,32.5150,32.5050,32.5100,2400
1473966980,32.5000,32.5000,32.5000,32.5000,100
1473967039,32.4950,32.5000,32.4900,32.5000,2500
1473967136,32.4850,32.4950,32.4800,32.4950,3900
1473967146,32.4900,32.4900,32.4800,32.4800,400
1473967247,32.4800,32.4800,32.4800,32.4800,100
1473967283,32.4900,32.4900,32.4900,32.4900,2300
1473967352,32.4800,32.4925,32.4800,32.4900,1300
1473967433,32.4700,32.4850,32.4700,32.4850,2200
1473967490,32.4650,32.4750,32.4600,32.4700,9400
1473967546,32.4600,32.4650,32.4500,32.4600,8900
1473967567,32.4500,32.4600,32.4500,32.4600,3100
1473967667,32.4350,32.4500,32.4300,32.4500,5900
1473967725,32.4450,32.4500,32.4350,32.4350,1700
1473967758,32.4400,32.4400,32.4400,32.4400,100
1473967801,32.4500,32.4550,32.4400,32.4400,4500
1473967908,32.4500,32.4500,32.4400,32.4500,2200
1473967979,32.4600,32.4600,32.4500,32.4500,2900
1473968034,32.4500,32.4600,32.4500,32.4600,700
1473968091,32.4550,32.4550,32.4500,32.4550,900
1473968150,32.4500,32.4500,32.4500,32.4500,800
1473968219,32.4550,32.4550,32.4500,32.4500,1600
1473968274,32.4500,32.4500,32.4500,32.4500,700
1473968286,32.4500,32.4500,32.4500,32.4500,500
1473968394,32.4600,32.4700,32.4500,32.4500,2900
1473968405,32.4700,32.4750,32.4700,32.4700,3000
1473968483,32.4700,32.4800,32.4700,32.4800,900
1473968545,32.4800,32.4800,32.4800,32.4800,1100
1473968628,32.4835,32.4900,32.4800,32.4900,1200
1473968659,32.4850,32.4850,32.4800,32.4800,1100
1473968703,32.5000,32.5000,32.4900,32.4900,2800
1473968818,32.4700,32.4950,32.4700,32.4950,3800
1473968863,32.4850,32.4899,32.4800,32.4800,1200
1473968880,32.4800,32.4900,32.4800,32.4850,2100
1473968999,32.4750,32.4799,32.4700,32.4700,4400
1473969049,32.4600,32.4750,32.4600,32.4700,3800
1473969064,32.4500,32.4600,32.4500,32.4600,2700
1473969125,32.4400,32.4650,32.4400,32.4600,7800
1473969181,32.4400,32.4450,32.4400,32.4400,1000
1473969288,32.4400,32.4400,32.4400,32.4400,2400
1473969353,32.4500,32.4500,32.4400,32.4400,5600
1473969360,32.4550,32.4600,32.4550,32.4550,1000
1473969472,32.4700,32.4750,32.4600,32.4600,2900
1473969482,32.4600,32.4650,32.4600,32.4650,6500
1473969579,32.4610,32.4700,32.4600,32.4600,4100
1473969600,32.4610,32.4610,32.4610,32.4610,400
