uri:/instrument/1.0/KO/chartdata;type=quote;range=1d/csv
ticker:ko
Company-Name:Coca-Cola Company (The) Common 
Exchange-Name:NYQ
unit:MIN
timezone:EDT
currency:USD
gmtoffset:-14400
previous_close:42.2800
Timestamp:1473859800,1473883200
labels:1473861600,1473865200,1473868800,1473872400,1473876000,1473879600,1473883200
values:Timestamp,close,high,low,open,volume
close:42.0000,42.4050
high:42.0100,42.4100
low:41.9900,42.3900
open:42.0000,42.4100
volume:1000,883300
1473859852,42.2900,42.2900,42.2900,42.2900,190200
1473859876,42.2900,42.3300,42.2900,42.3300,14600
1473859977,42.2400,42.2799,42.2300,42.2750,35400
1473859981,42.2900,42.2900,42.2050,42.2100,86900
1473860098,42.2900,42.3200,42.2500,42.2800,38700
1473860155,42.2400,42.3100,42.2300,42.3000,27100
1473860219,42.2700,42.3000,42.2490,42.2490,20900
1473860279,42.2600,42.2655,42.2400,42.2600,19700
1473860339,42.2700,42.2800,42.2400,42.2550,30200
1473860344,42.2700,42.2800,42.2350,42.2700,43200
1473860459,42.2300,42.2600,42.2250,42.2600,16700
1473860464,42.2150,42.2300,42.2100,42.2250,27000
1473860579,42.2224,42.2224,42.2000,42.2100,21400
1473860585,42.2540,42.2700,42.2250,42.2300,29900
1473860698,42.2100,42.2600,42.2100,42.2500,25100
1473860703,42.2500,42.2500,42.2050,42.2050,39100
1473860819,42.2700,42.2700,42.2300,42.2500,33800
1473860821,42.2400,42.2800,42.2400,42.2650,39600
1473860931,42.2510,42.2600,42.2400,42.2400,34200
1473860999,42.2400,42.2600,42.2400,42.2500,7600
1473861001,42.2600,42.2750,42.2400,42.2450,62300
1473861114,42.2300,42.2600,42.2300,42.2500,12900
1473861179,42.2700,42.2800,42.2350,42.2400,29200
1473861237,42.2500,42.2798,42.2500,42.2600,14100
1473861298,42.2800,42.2850,42.2500,42.2500,56700
1473861300,42.2790,42.2800,42.2600,42.2800,29500
1473861365,42.2750,42.2900,42.2700,42.2750,21600
1473861439,42.2700,42.2850,42.2700,42.2800,10900
1473861485,42.2900,42.2900,42.2600,42.2700,18000
1473861551,42.2750,42.3061,42.2750,42.2950,13200
1473861601,42.2950,42.3000,42.2700,42.2750,12400
1473861719,42.2900,42.3000,42.2800,42.2950,10000
1473861721,42.3200,42.3300,42.3000,42.3000,16100
1473861789,42.3000,42.3200,42.2950,42.3150,24600
1473861845,42.3200,42.3300,42.3100,42.3100,18200
1473861953,42.3400,42.3500,42.3250,42.3250,19500
1473861960,42.3350,42.3600,42.3350,42.3450,26800
1473862076,42.3310,42.3365,42.3250,42.3350,8900
1473862080,42.3500,42.3570,42.3330,42.3374,17900
1473862142,42.3300,42.3500,42.3300,42.3499,11200
1473862203,42.3250,42.3400,42.3200,42.3400,9400
1473862319,42.3250,42.3250,42.3100,42.3190,11900
1473862320,42.3450,42.3450,42.3200,42.3200,17900
1473862390,42.3450,42.3550,42.3450,42.3450,28100
1473862499,42.3800,42.3900,42.3600,42.3600,28700
1473862552,42.3700,42.3800,42.3600,42.3800,6000
1473862617,42.3700,42.3700,42.3600,42.3601,5400
1473862677,42.3900,42.4000,42.3650,42.3650,13500
1473862681,42.3800,42.3900,42.3600,42.3900,18900
1473862799,42.3700,42.3800,42.3700,42.3700,9500
1473862805,42.3700,42.3700,42.3600,42.3600,18300
1473862860,42.3850,42.3900,42.3750,42.3800,10400
1473862938,42.3865,42.3944,42.3850,42.3900,7200
1473862980,42.3700,42.3950,42.3700,42.3869,50800
1473863048,42.3550,42.3750,42.3500,42.3750,11400
1473863101,42.3400,42.3600,42.3400,42.3550,15700
1473863219,42.3590,42.3600,42.3400,42.3450,13800
1473863226,42.3500,42.3600,42.3500,42.3510,19100
1473863339,42.3499,42.3510,42.3400,42.3501,29800
1473863342,42.3450,42.3600,42.3450,42.3500,26600
1473863459,42.3800,42.3869,42.3500,42.3500,38200
1473863465,42.3699,42.3700,42.3500,42.3600,43600
1473863520,42.3650,42.3700,42.3600,42.3650,5800
1473863584,42.3850,42.3900,42.3600,42.3639,14600
1473863643,42.4000,42.4100,42.3700,42.3801,21300
1473863759,42.3858,42.4000,42.3800,42.3950,8500
1473863760,42.4050,42.4100,42.3850,42.3850,11700
1473863826,42.4000,42.4100,42.3900,42.4050,9000
1473863880,42.3850,42.4100,42.3850,42.4100,10900
1473863940,42.3650,42.3900,42.3600,42.3900,12000
1473864012,42.3550,42.3800,42.3550,42.3700,8900
1473864060,42.3400,42.3550,42.3200,42.3550,32800
1473864179,42.3364,42.3400,42.3300,42.3300,10900
1473864238,42.3300,42.3300,42.3100,42.3300,22400
1473864241,42.3100,42.3300,42.3000,42.3300,11500
1473864310,42.3300,42.3300,42.3100,42.3165,19600
1473864419,42.3050,42.3300,42.3000,42.3250,12700
1473864428,42.3175,42.3300,42.3001,42.3100,23600
1473864489,42.3250,42.3300,42.3200,42.3250,6100
1473864595,42.2850,42.3265,42.2750,42.3265,15700
1473864601,42.3100,42.3100,42.2850,42.2900,28400
1473864667,42.2800,42.3000,42.2800,42.3000,5900
1473864728,42.2900,42.2900,42.2700,42.2850,8800
1473864780,42.2800,42.2965,42.2700,42.2900,9800
1473864841,42.2600,42.2800,42.2500,42.2750,18100
1473864959,42.2500,42.2800,42.2500,42.2650,14900
1473865017,42.2565,42.2600,42.2400,42.2500,43500
1473865020,42.2600,42.2700,42.2225,42.2500,51700
1473865085,42.2861,42.2900,42.2700,42.2700,24500
1473865142,42.2666,42.2850,42.2650,42.2800,8600
1473865255,42.2764,42.2800,42.2600,42.2600,7900
1473865262,42.2750,42.2900,42.2700,42.2750,16200
1473865328,42.2900,42.3000,42.2700,42.2700,16100
1473865439,42.2725,42.2850,42.2725,42.2750,13500
1473865495,42.2950,42.2950,42.2750,42.2750,5400
1473865554,42.2900,42.3100,42.2850,42.3050,20600
1473865567,42.2800,42.2850,42.2700,42.2800,5200
1473865622,42.2500,42.2900,42.2500,42.2752,57400
1473865683,42.2750,42.2800,42.2500,42.2500,15700
1473865746,42.2450,42.2785,42.2400,42.2785,20800
1473865802,42.2499,42.2600,42.2400,42.2450,17900
1473865860,42.2100,42.2500,42.2000,42.2500,16400
1473865977,42.2100,42.2300,42.2050,42.2123,11800
1473866038,42.2200,42.2250,42.1900,42.2050,25000
1473866041,42.2134,42.2300,42.2100,42.2200,15500
1473866103,42.2200,42.2500,42.2150,42.2200,16800
1473866167,42.2200,42.2300,42.2100,42.2252,20000
1473866222,42.2300,42.2465,42.2299,42.2300,13900
1473866282,42.2050,42.2300,42.2000,42.2300,21600
1473866342,42.2200,42.2300,42.2050,42.2100,16700
1473866454,42.2400,42.2500,42.2200,42.2270,31900
1473866461,42.2390,42.2500,42.2301,42.2350,9500
1473866578,42.2300,42.2400,42.2300,42.2300,16600
1473866583,42.2500,42.2500,42.2300,42.2300,9800
1473866645,42.2450,42.2600,42.2450,42.2462,29600
1473866701,42.2700,42.2800,42.2450,42.2450,25800
1473866819,42.2650,42.2900,42.2650,42.2700,19900
1473866822,42.2750,42.2800,42.2650,42.2700,6800
1473866881,42.2500,42.2800,42.2457,42.2750,42200
1473866998,42.2300,42.2400,42.2300,42.2400,15700
1473867058,42.2100,42.2300,42.2000,42.2300,29400
1473867061,42.2000,42.2100,42.2000,42.2100,73200
1473867179,42.2100,42.2299,42.2100,42.2100,17700
1473867180,42.2050,42.2200,42.2000,42.2199,9300
1473867297,42.1800,42.2100,42.1750,42.2000,21700
1473867359,42.1750,42.1866,42.1700,42.1800,13700
1473867368,42.1850,42.2000,42.1750,42.1800,43800
1473867421,42.2050,42.2100,42.1900,42.1900,18700
1473867539,42.2200,42.2300,42.2050,42.2050,12100
1473867543,42.2300,42.2350,42.2249,42.2252,12000
1473867652,42.2300,42.2350,42.2200,42.2350,9400
1473867719,42.2250,42.2300,42.2100,42.2247,6000
1473867721,42.2300,42.2300,42.2150,42.2300,10000
1473867839,42.2100,42.2300,42.2100,42.2250,14400
1473867840,42.2150,42.2200,42.2050,42.2150,10700
1473867959,42.2300,42.2300,42.2100,42.2100,8900
1473867960,42.2150,42.2300,42.2150,42.2300,11300
1473868029,42.1900,42.2100,42.1900,42.2100,8100
1473868139,42.2000,42.2100,42.1900,42.1950,11200
1473868197,42.1950,42.2000,42.1800,42.1900,24100
1473868259,42.2000,42.2050,42.1850,42.1950,58100
1473868317,42.2200,42.2200,42.1900,42.1950,28400
1473868320,42.2300,42.2300,42.2200,42.2238,4700
1473868438,42.2300,42.2400,42.2300,42.2300,19300
1473868447,42.2350,42.2400,42.2200,42.2200,10900
1473868559,42.2400,42.2500,42.2350,42.2400,10700
1473868566,42.2535,42.2566,42.2350,42.2350,9600
1473868678,42.2550,42.2565,42.2450,42.2550,8400
1473868680,42.2600,42.2600,42.2500,42.2550,8400
1473868799,42.2700,42.2700,42.2400,42.2500,13100
1473868801,42.2600,42.2778,42.2531,42.2700,28900
1473868863,42.2500,42.2650,42.2500,42.2500,10200
1473868979,42.2700,42.2700,42.2547,42.2550,21600
1473869036,42.2450,42.2800,42.2400,42.2700,28900
1473869099,42.2500,42.2500,42.2350,42.2400,25300
1473869100,42.2350,42.2590,42.2350,42.2450,6500
1473869217,42.2425,42.2450,42.2325,42.2400,7200
1473869274,42.2100,42.2449,42.1950,42.2449,32200
1473869280,42.2300,42.2300,42.2000,42.2150,12800
1473869398,42.2200,42.2250,42.2050,42.2250,19800
1473869400,42.2250,42.2300,42.2200,42.2200,5800
1473869462,42.2300,42.2400,42.2250,42.2300,10000
1473869527,42.2200,42.2400,42.2200,42.2350,2300
1473869633,42.2298,42.2298,42.2050,42.2240,12100
1473869698,42.2250,42.2400,42.2220,42.2300,7500
1473869706,42.2400,42.2400,42.2250,42.2300,9200
1473869813,42.2400,42.2500,42.2398,42.2398,2700
1473869820,42.2600,42.2600,42.2350,42.2400,10500
1473869893,42.2500,42.2600,42.2400,42.2600,19900
1473869994,42.2500,42.2600,42.2450,42.2500,8800
1473870000,42.2600,42.2700,42.2501,42.2550,12400
1473870064,42.2600,42.2650,42.2500,42.2647,7000
1473870120,42.2500,42.2610,42.2500,42.2550,5800
1473870217,42.2547,42.2547,42.2500,42.2500,1000
1473870244,42.2500,42.2700,42.2500,42.2600,12400
1473870301,42.2550,42.2600,42.2500,42.2500,2700
1473870360,42.2500,42.2600,42.2500,42.2566,4300
1473870475,42.2400,42.2500,42.2400,42.2500,4300
1473870484,42.2447,42.2500,42.2400,42.2450,10900
1473870541,42.2400,42.2500,42.2400,42.2400,3200
1473870609,42.2430,42.2500,42.2400,42.2450,11600
1473870669,42.2410,42.2500,42.2400,42.2500,2900
1473870732,42.2350,42.2600,42.2300,42.2550,12400
1473870792,42.2600,42.2600,42.2400,42.2400,5400
1473870840,42.2547,42.2700,42.2500,42.2600,14700
1473870956,42.2650,42.2700,42.2550,42.2565,9400
1473870960,42.2700,42.2700,42.2600,42.2650,1700
1473871077,42.2550,42.2700,42.2500,42.2700,7600
1473871138,42.2636,42.2700,42.2500,42.2500,5600
1473871142,42.2300,42.2650,42.2300,42.2650,18600
1473871204,42.2100,42.2250,42.2100,42.2150,16900
1473871264,42.2200,42.2300,42.2150,42.2150,6000
1473871321,42.2200,42.2250,42.2150,42.2246,7000
1473871394,42.2110,42.2200,42.2050,42.2100,9500
1473871499,42.2300,42.2400,42.2100,42.2100,13600
1473871559,42.2463,42.2463,42.2250,42.2300,9100
1473871619,42.2234,42.2400,42.2200,42.2400,9300
1473871679,42.1800,42.2200,42.1748,42.2200,88300
1473871734,42.1900,42.2100,42.1800,42.1800,43300
1473871740,42.1950,42.1999,42.1850,42.1850,6900
1473871852,42.1950,42.2050,42.1900,42.1901,52300
1473871918,42.1850,42.1952,42.1800,42.1935,14500
1473871975,42.2000,42.2050,42.1835,42.1850,24100
1473872038,42.1935,42.2000,42.1850,42.2000,17700
1473872042,42.1850,42.2000,42.1825,42.2000,13500
1473872105,42.1750,42.1900,42.1750,42.1900,9700
1473872216,42.1709,42.1900,42.1709,42.1800,11500
1473872277,42.1850,42.1900,42.1700,42.1700,4300
1473872337,42.1843,42.1900,42.1800,42.1800,2900
1473872340,42.1939,42.2000,42.1750,42.1800,14600
1473872409,42.1899,42.1950,42.1800,42.1900,9700
1473872463,42.1800,42.1900,42.1800,42.1850,15600
1473872520,42.1800,42.1900,42.1800,42.1800,3600
1473872639,42.1750,42.2000,42.1650,42.1850,99000
1473872643,42.1800,42.1800,42.1700,42.1750,5100
1473872703,42.1650,42.1750,42.1600,42.1750,36500
1473872818,42.1600,42.1750,42.1600,42.1700,24900
1473872825,42.1500,42.1650,42.1400,42.1601,99500
1473872939,42.1700,42.1700,42.1500,42.1500,25300
1473872940,42.1600,42.1800,42.1600,42.1700,48500
1473873006,42.1699,42.1700,42.1600,42.1650,7400
1473873062,42.1950,42.1950,42.1600,42.1650,52700
1473873169,42.2000,42.2000,42.1950,42.1950,3400
1473873180,42.1985,42.2050,42.1901,42.2000,38500
1473873244,42.2150,42.2200,42.1950,42.1950,5300
1473873300,42.2200,42.2200,42.2000,42.2100,18100
1473873364,42.2260,42.2300,42.2101,42.2195,3600
1473873477,42.2250,42.2300,42.2150,42.2200,15700
1473873480,42.2100,42.2125,42.2063,42.2125,22500
1473873551,42.2152,42.2200,42.2100,42.2100,1500
1473873604,42.1964,42.2100,42.1900,42.2100,15100
1473873719,42.2050,42.2100,42.1900,42.1950,13900
1473873778,42.2050,42.2100,42.2000,42.2032,4700
1473873780,42.2150,42.2200,42.2050,42.2050,11800
1473873850,42.2200,42.2200,42.2100,42.2200,6500
1473873955,42.2250,42.2400,42.2200,42.2200,17100
1473874009,42.2250,42.2267,42.2100,42.2200,9200
1473874020,42.2200,42.2300,42.2200,42.2250,5000
1473874082,42.2250,42.2300,42.2200,42.2200,1600
1473874140,42.2100,42.2250,42.2000,42.2250,9500
1473874259,42.1950,42.2050,42.1900,42.2000,23900
1473874310,42.1950,42.2000,42.1900,42.1900,9700
1473874360,42.2000,42.2000,42.1935,42.1950,1500
1473874385,42.1925,42.2100,42.1925,42.2000,40200
1473874495,42.2050,42.2050,42.1900,42.1990,5800
1473874501,42.1798,42.2100,42.1700,42.2059,51600
1473874619,42.1900,42.2000,42.1800,42.1800,15400
1473874622,42.2000,42.2100,42.1900,42.1900,10500
1473874682,42.2100,42.2100,42.2000,42.2050,5500
1473874797,42.2035,42.2111,42.2000,42.2100,12400
1473874801,42.2100,42.2100,42.1900,42.2050,50100
1473874919,42.2100,42.2100,42.2000,42.2100,2300
1473874920,42.2100,42.2200,42.2000,42.2050,23400
1473875032,42.2199,42.2200,42.2040,42.2040,13500
1473875099,42.2050,42.2150,42.2000,42.2100,7800
1473875158,42.2050,42.2100,42.2000,42.2050,5400
1473875219,42.1964,42.2050,42.1800,42.2050,17200
1473875226,42.1900,42.2000,42.1825,42.1900,9900
1473875283,42.1999,42.2000,42.1900,42.1950,3200
1473875340,42.1600,42.1950,42.1600,42.1950,40000
1473875400,42.1725,42.1800,42.1400,42.1600,22200
1473875509,42.1625,42.1800,42.1625,42.1800,4500
1473875577,42.1450,42.1800,42.1400,42.1650,116300
1473875581,42.1500,42.1600,42.1500,42.1600,11000
1473875699,42.1650,42.1650,42.1300,42.1473,30700
1473875700,42.1450,42.1567,42.1400,42.1567,5700
1473875764,42.1450,42.1550,42.1450,42.1450,4800
1473875823,42.1610,42.1650,42.1411,42.1461,7800
1473875938,42.1400,42.1700,42.1400,42.1600,11900
1473875997,42.1500,42.1500,42.1300,42.1450,21800
1473876058,42.1400,42.1500,42.1400,42.1500,16400
1473876116,42.1400,42.1500,42.1300,42.1329,12800
1473876120,42.1500,42.1600,42.1350,42.1400,17800
1473876181,42.1000,42.1400,42.1000,42.1400,21300
1473876251,42.1000,42.1150,42.0950,42.1100,25200
1473876301,42.0961,42.1025,42.0900,42.1000,15100
1473876365,42.0700,42.1000,42.0700,42.1000,19600
1473876422,42.0700,42.0701,42.0550,42.0701,22300
1473876493,42.0800,42.0800,42.0630,42.0630,8300
1473876544,42.0400,42.0750,42.0400,42.0750,15200
1473876659,42.0400,42.0500,42.0300,42.0450,17800
1473876713,42.0400,42.0500,42.0300,42.0400,13700
1473876720,42.0354,42.0450,42.0300,42.0350,18600
1473876836,42.0390,42.0400,42.0350,42.0400,6700
1473876897,42.0400,42.0400,42.0100,42.0340,54900
1473876909,42.0400,42.0400,42.0300,42.0390,12500
1473877018,42.0700,42.0700,42.0501,42.0552,15300
1473877023,42.0739,42.0750,42.0500,42.0690,20900
1473877135,42.0700,42.0800,42.0600,42.0800,21500
1473877197,42.0750,42.0750,42.0500,42.0600,12500
1473877256,42.0500,42.0700,42.0500,42.0700,13500
1473877262,42.0500,42.0600,42.0450,42.0500,12800
1473877375,42.0700,42.0700,42.0500,42.0600,28400
1473877380,42.1000,42.1000,42.0600,42.0650,24900
1473877443,42.0900,42.1000,42.0800,42.0950,29000
1473877558,42.0800,42.0900,42.0650,42.0900,16500
1473877617,42.0650,42.0800,42.0618,42.0800,12500
1473877679,42.0600,42.0700,42.0500,42.0700,19300
1473877739,42.0700,42.0700,42.0500,42.0601,16200
1473877796,42.0664,42.0700,42.0500,42.0650,37000
1473877802,42.0400,42.0600,42.0400,42.0500,12200
1473877916,42.0700,42.0700,42.0400,42.0400,27600
1473877977,42.0900,42.0900,42.0665,42.0700,10600
1473877986,42.0750,42.0850,42.0700,42.0800,9600
1473878099,42.0700,42.0750,42.0500,42.0700,18800
1473878100,42.0562,42.0700,42.0500,42.0700,15400
1473878218,42.0550,42.0600,42.0400,42.0550,22000
1473878277,42.0601,42.0601,42.0400,42.0450,22200
1473878293,42.0440,42.0600,42.0400,42.0600,7400
1473878399,42.0410,42.0500,42.0300,42.0450,14500
1473878404,42.0450,42.0500,42.0450,42.0500,2100
1473878508,42.0500,42.0500,42.0400,42.0450,8400
1473878521,42.0600,42.0700,42.0400,42.0425,18200
1473878583,42.0800,42.0900,42.0650,42.0700,42700
1473878656,42.0800,42.0850,42.0700,42.0800,8200
1473878759,42.0800,42.1000,42.0750,42.0800,15300
1473878819,42.0700,42.0900,42.0700,42.0800,13900
1473878820,42.0500,42.0800,42.0410,42.0800,17000
1473878881,42.0400,42.0500,42.0300,42.0500,10900
1473878942,42.0400,42.0500,42.0400,42.0400,12900
1473879059,42.0350,42.0400,42.0250,42.0400,11600
1473879119,42.0600,42.0799,42.0301,42.0322,14800
1473879173,42.0500,42.0700,42.0500,42.0600,23400
1473879238,42.0510,42.0700,42.0500,42.0530,18600
1473879296,42.0400,42.0599,42.0400,42.0550,9500
1473879300,42.0765,42.0800,42.0466,42.0466,12400
1473879362,42.0800,42.0900,42.0610,42.0800,18000
1473879478,42.0799,42.0900,42.0735,42.0900,23500
1473879481,42.0900,42.0950,42.0650,42.0800,22100
1473879544,42.0600,42.0973,42.0600,42.0973,13900
1473879659,42.0600,42.0750,42.0536,42.0700,14500
1473879664,42.0500,42.0800,42.0400,42.0700,18100
1473879778,42.0525,42.0636,42.0500,42.0500,15900
1473879837,42.0500,42.0600,42.0400,42.0600,13000
1473879897,42.0600,42.0600,42.0400,42.0500,14400
1473879958,42.0101,42.0600,42.0101,42.0500,40000
1473880005,42.0100,42.0200,42.0000,42.0200,38100
1473880020,42.0250,42.0250,42.0000,42.0100,21400
1473880133,42.0350,42.0400,42.0200,42.0298,18800
1473880199,42.0400,42.0400,42.0300,42.0350,15600
1473880201,42.0480,42.0500,42.0350,42.0350,46300
1473880268,42.0400,42.0600,42.0350,42.0435,47200
1473880375,42.0450,42.0490,42.0300,42.0350,13700
1473880434,42.0400,42.0500,42.0264,42.0310,32400
1473880459,42.0500,42.0600,42.0400,42.0500,19900
1473880506,42.0550,42.0600,42.0400,42.0500,10000
1473880563,42.0600,42.0600,42.0425,42.0500,25800
1473880624,42.0400,42.0550,42.0350,42.0500,25000
1473880739,42.0335,42.0400,42.0300,42.0350,7000
1473880799,42.0365,42.0500,42.0300,42.0350,20000
1473880800,42.0400,42.0500,42.0300,42.0300,17600
1473880864,42.0450,42.0500,42.0400,42.0499,9700
1473880922,42.0299,42.0500,42.0250,42.0400,34700
1473881032,42.0066,42.0300,42.0000,42.0300,35000
1473881040,42.0100,42.0200,42.0000,42.0000,14500
1473881159,42.0000,42.0200,42.0000,42.0100,16600
1473881219,42.0000,42.0100,42.0000,42.0000,44800
1473881277,42.0150,42.0150,41.9900,42.0000,49100
1473881338,42.0000,42.0400,41.9900,42.0100,55200
1473881398,42.0000,42.0100,41.9900,42.0000,18100
1473881458,42.0100,42.0150,42.0000,42.0000,13000
1473881518,42.0265,42.0300,42.0000,42.0100,16400
1473881523,42.0400,42.0400,42.0300,42.0300,23400
1473881636,42.0264,42.0450,42.0200,42.0400,20800
1473881695,42.0300,42.0450,42.0200,42.0300,135700
1473881759,42.0386,42.0475,42.0300,42.0400,19300
1473881761,42.0200,42.0400,42.0100,42.0400,45800
1473881838,42.0250,42.0300,42.0199,42.0200,6600
1473881937,42.0200,42.0300,42.0150,42.0200,18500
1473881996,42.0200,42.0300,42.0200,42.0300,26700
1473882058,42.0300,42.0500,42.0300,42.0400,21400
1473882118,42.0400,42.0600,42.0300,42.0300,31000
1473882179,42.0550,42.0600,42.0400,42.0500,15900
1473882180,42.0550,42.0600,42.0500,42.0550,48300
1473882249,42.0600,42.0775,42.0539,42.0539,44200
1473882355,42.0638,42.0690,42.0550,42.0600,61200
1473882363,42.0750,42.0900,42.0700,42.0850,59400
1473882476,42.0600,42.0799,42.0600,42.0700,45700
1473882539,42.0650,42.0700,42.0600,42.0600,34900
1473882599,42.0900,42.0900,42.0600,42.0700,70500
1473882659,42.0700,42.0900,42.0600,42.0900,62800
1473882665,42.0600,42.0800,42.0600,42.0750,46400
1473882778,42.0700,42.0700,42.0450,42.0500,33200
1473882781,42.0850,42.0900,42.0500,42.0600,62400
1473882844,42.1100,42.1200,42.0800,42.0850,51400
1473882959,42.0950,42.1100,42.0800,42.1100,106600
1473882962,42.1050,42.1100,42.0900,42.0900,53100
1473883023,42.0800,42.1100,42.0800,42.1100,59600
1473883082,42.0500,42.0850,42.0500,42.0800,109700
1473883140,42.1000,42.1100,42.0500,42.0500,177600
1473883200,42.1100,42.1100,42.1100,42.1100,883300
