uri:/instrument/1.0/PGP/chartdata;type=quote;range=1d/csv
ticker:pgp
Company-Name:Pimco Global Stocksplus & Incom
Exchange-Name:NYQ
unit:MIN
timezone:EDT
currency:USD
gmtoffset:-14400
previous_close:20.2100
Timestamp:1474032600,1474056000
labels:1474034400,1474038000,1474041600,1474045200,1474048800,1474052400,1474056000
values:Timestamp,close,high,low,open,volume
close:20.0730,20.2699
high:20.0734,20.2699
low:20.0700,20.2699
open:20.0734,20.2699
volume:100,4000
1474035169,20.1001,20.1001,20.1001,20.1001,2300
1474035515,20.1100,20.1200,20.1100,20.1200,300
1474035719,20.1400,20.1400,20.1400,20.1400,100
1474035735,20.1000,20.1000,20.1000,20.1000,1200
1474035784,20.1000,20.1000,20.1000,20.1000,2000
1474036296,20.1000,20.1000,20.1000,20.1000,1500
1474036497,20.1100,20.1100,20.1000,20.1011,600
1474037786,20.1400,20.1400,20.1300,20.1300,300
1474039179,20.2000,20.2000,20.2000,20.2000,300
1474039486,20.1700,20.2000,20.1690,20.2000,1000
1474039517,20.2000,20.2000,20.2000,20.2000,100
1474039598,20.2300,20.2401,20.2300,20.2401,600
1474039646,20.2200,20.2201,20.1890,20.1890,900
1474039826,20.2100,20.2100,20.2100,20.2100,100
1474041142,20.1862,20.1862,20.1862,20.1862,200
1474041580,20.2400,20.2400,20.2400,20.2400,300
1474042313,20.2699,20.2699,20.2699,20.2699,200
1474043756,20.1100,20.1100,20.1100,20.1100,100
1474043908,20.1380,20.1380,20.1380,20.1380,100
1474046779,20.1793,20.1793,20.1793,20.1793,300
1474047086,20.2400,20.2400,20.2400,20.2400,1800
1474047413,20.1544,20.1544,20.1544,20.1544,100
1474048856,20.1800,20.1800,20.1800,20.1800,500
1474049406,20.1725,20.1725,20.1200,20.1200,300
1474050739,20.1950,20.1950,20.1950,20.1950,100
1474051047,20.1564,20.1612,20.1564,20.1612,4000
1474051976,20.1101,20.1101,20.1101,20.1101,200
1474052291,20.1100,20.1200,20.1100,20.1200,2700
1474052827,20.1100,20.1100,20.1100,20.1100,3700
1474053520,20.0730,20.1010,20.0700,20.1000,2100
1474054557,20.0790,20.0790,20.0790,20.0790,100
1474054614,20.0800,20.0800,20.0790,20.0800,400
1474054686,20.0734,20.0734,20.0734,20.0734,200
1474055023,20.0799,20.0799,20.0799,20.0799,100
1474055041,20.1701,20.1701,20.0800,20.0800,1100
1474055254,20.2499,20.2499,20.2400,20.2400,200
1474055332,20.1400,20.1599,20.1299,20.1599,1100
1474055346,20.1490,20.1490,20.1390,20.1400,2100
1474055456,20.2101,20.2101,20.2101,20.2101,1100
1474055464,20.2101,20.2101,20.2101,20.2101,200
1474055998,20.1500,20.1500,20.1500,20.1500,600
1474056000,20.1500,20.1500,20.1500,20.1500,100
