uri:/instrument/1.0/GOOGL/chartdata;type=quote;range=1d/csv
ticker:googl
Company-Name:Alphabet Inc.
Exchange-Name:NMS
unit:MIN
timezone:EDT
currency:USD
gmtoffset:-14400
previous_close:790.4600
Timestamp:1473946200,1473969600
labels:1473948000,1473951600,1473955200,1473958800,1473962400,1473966000,1473969600
values:Timestamp,close,high,low,open,volume
close:789.3000,803.5250
high:789.8100,803.6450
low:788.9050,803.4100
open:789.4400,803.5300
volume:100,117300
1473946261,789.5600,790.6400,789.1900,789.4400,33200
1473946330,789.6700,789.8100,788.9050,789.7500,11100
1473946439,791.5500,791.9800,790.2100,791.1000,3000
1473946441,791.9200,792.8800,791.4900,791.9600,13500
1473946500,792.2900,792.3700,791.9599,791.9599,9900
1473946569,792.3000,792.9000,791.9200,792.5033,7600
1473946674,792.2700,792.7000,792.0000,792.7000,7100
1473946685,792.3150,793.2100,791.2600,791.9000,15400
1473946750,791.5600,792.3300,790.0700,791.8900,6900
1473946800,792.0100,793.0000,791.4000,791.7450,11400
1473946863,792.2900,792.3100,791.0442,791.9000,8300
1473946922,791.9000,792.3500,791.6700,792.2900,5900
1473946990,791.8100,792.0400,791.1974,791.5700,4500
1473947040,790.6900,792.1500,790.6900,792.1500,2800
1473947113,789.3000,790.0400,789.3000,790.0400,5600
1473947163,791.1300,791.1300,789.6200,789.8300,4500
1473947236,790.7700,790.7800,790.6400,790.7600,2300
1473947280,791.7800,791.7800,790.4500,791.2700,3000
1473947340,792.3500,792.3500,791.0300,791.8500,7700
1473947401,791.4200,791.8200,791.0500,791.6100,3500
1473947474,791.3900,792.1900,791.3900,791.8100,4000
1473947522,791.2000,791.4600,790.6300,791.0200,14800
1473947598,792.4000,792.4000,791.4700,791.4700,3100
1473947642,792.3100,792.3400,791.8500,792.2613,5200
1473947700,792.9800,792.9800,792.2400,792.4000,6600
1473947771,793.4200,793.7870,792.9500,793.0600,2400
1473947821,792.2700,793.5000,792.2300,793.5000,4200
1473947885,792.0000,792.0700,791.7300,792.0700,1700
1473947949,791.6900,792.3900,791.6550,791.6550,2200
1473948027,791.6100,791.7900,791.5600,791.7900,700
1473948066,791.2900,791.3100,790.8100,791.3100,2600
1473948140,791.0600,791.4000,790.9100,790.9600,900
1473948199,791.6850,791.8100,791.3300,791.4600,1300
1473948247,791.3000,792.3800,791.0700,792.3800,1500
1473948305,791.5500,792.2300,791.5500,791.5500,1600
1473948365,791.0700,791.8900,791.0102,791.8900,1300
1473948433,791.0500,791.0600,791.0500,791.0600,2000
1473948487,791.4900,791.6700,791.2650,791.2650,3900
1473948543,790.9950,791.2000,790.9400,791.1600,4000
1473948610,791.2350,791.4400,791.2350,791.4100,900
1473948660,792.7600,793.0000,791.2450,791.2450,7600
1473948728,792.5200,792.7000,792.5200,792.7000,800
1473948785,792.0900,792.1300,792.0900,792.0901,700
1473948841,792.2300,792.5100,792.2300,792.3725,1400
1473948901,792.2100,792.9400,792.0400,792.0500,6600
1473948970,792.5900,792.9600,792.4101,792.7900,1900
1473949025,792.8300,793.3350,792.6996,792.8600,3700
1473949084,793.5600,793.6100,792.9866,793.1700,3100
1473949162,793.9100,793.9100,793.5150,793.5150,1800
1473949200,793.8050,794.2000,793.5600,794.0000,6600
1473949260,793.7800,794.0800,793.5600,793.5600,2900
1473949321,794.2400,794.2400,793.9000,794.0500,3700
1473949399,792.9600,793.9500,792.9600,793.9500,2500
1473949445,794.1138,794.2500,792.9900,793.1000,6500
1473949503,794.1300,794.4000,793.9900,794.2500,2900
1473949560,794.2000,794.4000,793.9600,794.3300,4000
1473949623,794.3300,794.5400,794.0000,794.1600,2200
1473949690,794.6900,794.6900,794.2700,794.3200,1200
1473949742,794.4500,794.5359,794.2700,794.4000,2800
1473949809,794.5600,794.7000,794.4250,794.5000,1900
1473949861,794.7188,795.1299,794.5100,794.9000,6500
1473949923,794.8300,794.9800,794.8300,794.9800,800
1473949996,794.7200,794.8057,794.6100,794.6200,1500
1473950073,794.3200,794.5100,794.2800,794.5100,1400
1473950117,794.1550,794.2400,794.1550,794.2400,700
1473950219,794.3600,794.5200,794.2600,794.2600,400
1473950220,794.2050,794.5350,794.2050,794.3600,3100
1473950290,794.2700,794.2700,794.1400,794.2000,1100
1473950371,794.5025,794.7000,794.1546,794.2566,3100
1473950403,794.2100,794.6938,794.2100,794.6938,2800
1473950507,793.8500,793.8500,793.7420,793.8000,1000
1473950533,793.5200,794.1200,793.4400,793.7823,4600
1473950582,794.1700,794.1700,793.9000,793.9000,1000
1473950645,794.2000,794.2200,794.1275,794.1275,600
1473950702,794.4200,794.5100,794.1000,794.1000,3700
1473950792,794.5000,794.5000,794.5000,794.5000,600
1473950823,794.4900,794.5000,794.4850,794.5000,2000
1473950880,794.9000,794.9000,794.3088,794.3088,3200
1473950946,794.6701,795.0000,794.5400,794.5400,2500
1473951002,795.4500,795.4500,794.8233,794.8350,7500
1473951079,795.5900,795.9900,795.4300,795.5201,4800
1473951120,795.9100,796.0000,795.5900,795.6850,3000
1473951200,795.8400,795.9000,795.5900,795.5900,1200
1473951241,795.6700,795.9100,795.6550,795.8400,2700
1473951307,795.6500,795.9900,795.4900,795.7800,2900
1473951367,795.7400,795.8500,795.5400,795.6000,1300
1473951426,796.2100,796.2100,795.7778,795.7778,2700
1473951497,796.2100,796.2100,796.1090,796.1500,3000
1473951547,796.4880,796.5000,796.0501,796.2850,2100
1473951606,796.6300,796.7900,796.5000,796.5000,1000
1473951663,796.4100,796.7000,796.4100,796.5300,5700
1473951725,796.2100,796.4945,796.2100,796.4945,1600
1473951784,796.4000,796.6934,796.2600,796.2600,3200
1473951846,796.4100,796.7000,796.1800,796.5400,3800
1473951914,796.5200,796.7000,796.2403,796.4100,5500
1473951964,796.4100,796.7000,796.4100,796.6500,2000
1473952079,796.5500,796.7000,796.3300,796.4300,4200
1473952085,796.5345,796.7000,796.4201,796.5300,1500
1473952152,796.4300,796.4600,796.3500,796.4003,2900
1473952214,796.3700,796.7400,796.3300,796.3900,1200
1473952271,796.8400,796.8400,796.2203,796.2203,4000
1473952326,796.7700,796.8500,796.7100,796.7900,4100
1473952384,796.8900,796.9000,796.6000,796.7100,4000
1473952451,796.8300,796.8700,796.5101,796.5101,2100
1473952508,796.9990,797.0000,796.8000,796.8000,4700
1473952567,797.1700,797.1700,796.9500,796.9900,3300
1473952661,796.8100,797.2100,796.8100,797.0300,1300
1473952685,797.5000,797.5000,796.7600,796.7800,5700
1473952796,797.0000,797.4090,796.8300,797.4090,2100
1473952800,797.0900,797.0900,796.8200,796.8700,4000
1473952868,796.5600,797.2700,796.5600,796.9701,2600
1473952960,796.6842,796.7000,796.6000,796.6600,1500
1473952989,796.4600,796.7250,796.4600,796.7150,2200
1473953041,796.3900,796.7400,796.3900,796.7400,1100
1473953156,796.3800,796.6700,796.3200,796.3750,2100
1473953167,796.2200,796.3400,796.2200,796.3400,2500
1473953236,796.9200,796.9200,796.4600,796.6200,800
1473953286,797.3700,797.3700,796.7850,796.8900,6000
1473953345,797.3099,797.4000,797.0850,797.4000,1400
1473953402,797.4400,797.7400,797.1900,797.3800,2900
1473953460,797.6278,798.0000,797.4100,797.7800,3200
1473953529,797.4700,797.6800,797.2700,797.5500,5100
1473953586,797.5800,797.7300,797.5200,797.5200,900
1473953643,797.9900,798.0000,797.3701,797.8100,5000
1473953700,797.9900,797.9900,797.6550,797.8200,1100
1473953764,797.2601,797.9600,797.2600,797.9600,3200
1473953879,797.4800,797.4800,797.3300,797.4076,600
1473953894,797.3100,797.5633,797.0900,797.5633,1000
1473953953,797.8000,797.8000,797.5400,797.5600,600
1473954014,797.2600,797.9600,797.2600,797.9600,4100
1473954121,797.0800,797.5600,796.8800,797.3400,7000
1473954201,796.5300,796.6800,796.5300,796.6400,2200
1473954242,796.8740,796.9000,796.5700,796.7700,2200
1473954309,796.9500,796.9500,796.9500,796.9500,8300
1473954371,796.6300,796.8165,796.5500,796.8165,1600
1473954434,796.2800,796.4800,796.1800,796.4500,2200
1473954484,796.5100,796.5100,796.2500,796.2500,500
1473954589,796.4600,796.4600,796.2600,796.3900,1000
1473954648,796.6200,796.6200,796.2800,796.2800,400
1473954662,796.8900,796.8900,796.6600,796.7900,700
1473954747,796.6900,796.6900,796.3000,796.6700,1800
1473954783,796.6400,796.9300,796.4053,796.4053,800
1473954853,796.8400,796.8400,796.6700,796.6700,200
1473954911,796.6200,796.6599,796.5600,796.5600,800
1473955045,796.4500,796.5700,796.2150,796.3100,1200
1473955082,796.3700,796.5800,796.3600,796.5700,1100
1473955154,796.5400,796.7400,796.5400,796.7100,1100
1473955201,796.8900,797.0700,796.6700,796.6700,2400
1473955273,796.9600,796.9600,796.9600,796.9600,300
1473955324,796.6000,796.8799,796.6000,796.8799,2100
1473955391,796.9200,797.1300,796.8850,797.1300,600
1473955480,796.9800,796.9800,796.9800,796.9800,200
1473955550,797.2800,797.2800,797.2700,797.2700,300
1473955576,797.7500,797.7500,797.1142,797.2800,3200
1473955637,797.5400,797.9100,797.4192,797.9100,2600
1473955692,797.7500,797.9000,797.5600,797.6000,2000
1473955764,798.0000,798.0000,797.8100,797.8400,800
1473955803,797.3900,797.8800,797.3900,797.8800,3300
1473955861,797.6800,797.6800,797.4000,797.4000,1100
1473955933,797.6800,797.7000,797.4200,797.5300,2300
1473955985,797.3100,797.5225,797.3100,797.4200,2400
1473956057,797.5550,797.5550,797.5200,797.5200,500
1473956118,797.4400,797.5300,797.3000,797.5300,900
1473956172,797.7000,797.7300,797.3300,797.3300,1700
1473956228,798.1600,798.1600,797.6700,797.6800,5000
1473956310,798.1200,798.1200,798.1200,798.1200,800
1473956342,798.4000,798.4000,798.0300,798.2000,5400
1473956459,798.5000,798.5000,798.1700,798.4400,5600
1473956460,798.7500,798.7500,798.0100,798.5900,13900
1473956520,798.8800,799.1500,798.5900,798.8600,10100
1473956639,799.0500,799.1300,798.7308,798.9000,1800
1473956640,799.3622,799.3622,798.9000,799.0200,3800
1473956757,799.5500,799.7200,799.2400,799.2400,3700
1473956763,799.6100,799.6100,799.2900,799.5100,2400
1473956834,799.5500,799.5500,799.2400,799.2900,2100
1473956894,799.0850,799.3700,799.0850,799.1900,2200
1473956948,798.9100,799.1700,798.7700,799.0200,2900
1473957005,799.2700,799.2700,798.9400,799.0700,1000
1473957066,799.5100,799.5200,799.0000,799.1700,3700
1473957123,799.3000,799.6200,799.1600,799.5400,5200
1473957182,799.2300,799.6350,799.2000,799.4100,7100
1473957243,799.4550,799.5350,799.1300,799.4400,3200
1473957306,798.7000,799.3000,798.7000,798.8800,3200
1473957360,798.5400,798.9200,798.3400,798.6100,4900
1473957436,798.4610,798.5100,798.0700,798.3735,4000
1473957486,798.5500,798.5500,797.7500,798.2100,5100
1473957544,798.3800,798.5000,798.1500,798.2000,1300
1473957666,798.0900,798.2850,797.7800,798.2850,3000
1473957736,797.9900,798.1900,797.9500,798.1400,2000
1473957783,797.7500,797.9900,797.7500,797.9900,600
1473957853,798.1200,798.1200,797.8100,797.8100,2300
1473957901,797.9100,798.1100,797.8200,798.1100,2100
1473957975,797.7700,797.7700,797.7700,797.7700,100
1473958021,797.3400,797.7500,797.2600,797.7441,2800
1473958108,797.5504,797.5997,797.3400,797.5997,1700
1473958185,797.8800,797.8800,797.6400,797.6400,1200
1473958205,797.5700,797.5700,797.3500,797.5200,1500
1473958272,797.9396,797.9396,797.7400,797.7400,500
1473958378,797.4700,797.7100,797.3100,797.6300,5900
1473958439,797.7400,797.7400,797.3810,797.5100,3600
1473958440,797.9600,797.9600,797.7600,797.8100,1000
1473958525,798.0000,798.0000,797.9600,797.9600,400
1473958574,798.0300,798.0300,797.6800,797.7600,2800
1473958624,798.0600,798.1000,797.9200,797.9200,800
1473958749,797.7400,798.1900,797.7400,798.1900,1200
1473958800,798.2500,798.2500,797.6000,797.8600,3700
1473958860,798.5100,798.7800,798.2200,798.2200,3700
1473958927,798.5300,798.5300,798.3800,798.3800,1200
1473958981,798.9400,798.9400,798.4352,798.4500,2800
1473959045,798.7200,798.8500,798.7200,798.8450,1300
1473959111,798.7900,798.7900,798.7900,798.7900,300
1473959162,798.7500,798.9700,798.6900,798.6900,3100
1473959232,798.6800,798.7298,798.4000,798.6600,2300
1473959314,798.4200,798.5850,798.4200,798.5000,800
1473959348,798.5800,798.6500,798.5500,798.5500,2700
1473959457,797.8500,797.8900,797.8500,797.8900,500
1473959475,797.8200,797.8900,797.7925,797.8900,1100
1473959544,797.9200,797.9300,797.6500,797.7820,2400
1473959591,797.8800,798.0500,797.6700,797.6700,2000
1473959642,797.4900,797.8300,797.2600,797.8300,2700
1473959719,797.3501,797.6200,797.3501,797.6200,700
1473959763,797.6100,797.6400,797.4600,797.4600,1400
1473959830,797.3580,797.5397,797.2000,797.4100,1800
1473959901,797.8500,797.8500,797.8500,797.8500,900
1473959960,798.1500,798.1500,797.8900,798.1175,1600
1473960004,798.7200,798.8200,798.1200,798.1200,9000
1473960102,798.6050,798.6700,798.5000,798.5000,500
1473960123,798.8000,798.8000,798.4200,798.4200,1900
1473960212,798.8300,798.8400,798.5500,798.5500,1900
1473960279,798.7300,798.7675,798.7300,798.7675,500
1473960305,799.0500,799.0500,798.6901,798.7150,1700
1473960367,799.0300,799.0300,798.4500,798.9400,3700
1473960421,799.3450,799.3450,798.8900,798.8900,800
1473960483,799.0899,799.3800,798.8400,799.2000,2500
1473960547,798.5500,799.1450,798.5500,799.0500,1000
1473960628,798.8100,798.9300,798.7600,798.7600,600
1473960673,799.1400,799.6000,798.9705,799.0600,2500
1473960721,799.5700,799.5700,799.3500,799.3500,1100
1473960780,799.5900,799.9400,799.5900,799.6364,4300
1473960851,800.1600,800.1900,799.7000,799.8350,8200
1473960900,799.9000,800.3500,799.9000,800.2600,4400
1473961017,800.5700,800.6200,800.2750,800.3900,3400
1473961021,800.4900,800.7500,800.2500,800.7500,4900
1473961110,800.7200,800.7200,800.4000,800.6100,2300
1473961199,800.5400,800.8000,800.4000,800.7800,4400
1473961205,800.4400,800.4400,800.0600,800.1700,5800
1473961260,800.6400,800.8700,800.3800,800.5400,4300
1473961345,801.1400,801.1400,800.4150,800.4150,7100
1473961380,801.5100,801.5200,801.0100,801.1300,4300
1473961452,801.8900,801.8900,801.3600,801.4600,5900
1473961504,801.5400,801.7596,801.3050,801.6504,5000
1473961571,801.3000,801.4900,801.1800,801.4900,2800
1473961621,801.7100,801.7100,801.2900,801.2900,5100
1473961681,801.8700,801.9500,801.4900,801.7200,9800
1473961793,801.7200,801.8000,801.4410,801.6000,2900
1473961800,801.7700,801.9100,801.6800,801.7200,1100
1473961861,801.3250,801.7900,801.2500,801.7900,2000
1473961938,801.2600,801.2600,800.9200,801.2300,2800
1473961987,801.1500,801.3600,801.1500,801.3500,700
1473962076,801.3875,801.5050,801.2600,801.4000,4200
1473962108,801.2864,801.4874,800.9200,801.4874,3400
1473962167,801.4100,801.4100,801.2303,801.2700,1400
1473962224,801.3359,801.3359,801.1900,801.2300,1800
1473962283,801.5100,801.5900,801.3000,801.4400,3900
1473962345,801.7700,801.7700,801.4200,801.5900,4500
1473962415,801.4100,801.5850,801.4100,801.5200,2100
1473962467,801.2800,801.6000,801.2800,801.3900,3200
1473962557,801.4300,801.4300,801.2200,801.2400,2800
1473962585,801.4148,801.5500,801.2200,801.3600,3300
1473962676,801.4400,801.4400,801.2800,801.2900,900
1473962723,801.6400,801.6400,801.3400,801.5200,2500
1473962762,801.1200,801.5900,801.1200,801.5900,1900
1473962840,801.2300,801.3000,801.0900,801.2800,1900
1473962881,800.7000,801.2150,800.7000,801.1600,3200
1473962959,800.7800,800.8000,790.0100,800.7100,3800
1473963031,800.5900,800.9800,800.5900,800.9800,1600
1473963115,800.8000,800.8400,800.5000,800.5000,2300
1473963123,800.7600,800.8400,800.6893,800.8400,800
1473963237,800.8300,800.8800,800.7000,800.8800,1000
1473963245,800.8950,800.9900,800.8000,800.8500,3200
1473963306,800.9225,801.0650,800.7600,801.0000,3300
1473963366,801.1100,801.1200,800.8500,800.8900,2700
1473963441,801.3700,801.3700,801.0250,801.1500,3000
1473963527,801.2900,801.2900,801.2900,801.2900,100
1473963547,801.7400,801.7400,801.1100,801.1863,4200
1473963613,801.3600,801.6300,801.3600,801.5800,3500
1473963664,801.5499,801.5787,801.5000,801.5000,1600
1473963756,801.6900,801.6900,801.5600,801.5600,600
1473963788,801.6600,801.7500,801.5100,801.6800,3400
1473963899,802.0400,802.1000,801.7200,801.7600,5200
1473963900,801.7100,801.9875,801.7100,801.9500,3200
1473963987,801.8200,801.8200,801.6500,801.6900,1100
1473964029,801.4200,801.8700,801.4200,801.8399,4300
1473964088,801.2000,801.4500,801.2000,801.4500,1600
1473964146,801.3200,801.3600,801.0600,801.3400,4900
1473964201,801.1702,801.4700,800.9300,801.2500,2400
1473964260,801.2700,801.2700,801.0700,801.0700,2900
1473964328,801.4700,801.4900,801.2800,801.2800,4400
1473964419,801.5800,801.5800,801.5800,801.5800,1000
1473964455,801.5300,801.6850,801.5100,801.5500,1600
1473964508,801.5900,801.6000,801.3100,801.3700,1500
1473964579,801.3500,801.3500,801.3500,801.3500,300
1473964623,801.2200,801.3600,801.2200,801.3600,500
1473964683,801.0850,801.0850,800.8500,800.8500,2100
1473964740,801.1000,801.2100,801.1000,801.1600,1800
1473964830,801.3800,801.3850,801.2600,801.3850,600
1473964894,801.5800,801.5800,801.3600,801.3800,1900
1473964952,801.9700,801.9700,801.5300,801.5300,2000
1473964987,801.7700,802.0750,801.6500,802.0700,3100
1473965042,801.9800,802.2000,801.4616,801.6600,6200
1473965104,802.2900,802.2900,801.9500,802.0300,2600
1473965168,802.2800,802.3300,802.1275,802.1700,3500
1473965222,802.1400,802.1400,801.9300,802.1200,3500
1473965311,802.2400,802.2500,802.2400,802.2500,800
1473965365,802.1000,802.4100,802.1000,802.3500,5900
1473965400,801.9200,802.1500,801.8800,802.1500,4300
1473965473,801.8500,802.0100,801.8400,802.0100,1200
1473965522,802.0000,802.0500,801.8100,801.9200,4500
1473965623,802.2001,802.2800,802.1400,802.1400,1000
1473965645,802.3600,802.4300,802.2300,802.3300,2100
1473965712,802.6700,802.7700,802.5400,802.5500,2800
1473965782,802.7550,802.9100,802.6000,802.6000,2200
1473965830,803.0000,803.0400,802.8440,802.9300,3200
1473965894,802.7100,802.8600,802.7100,802.8600,1300
1473965974,802.4500,802.5300,802.3200,802.5300,1300
1473966019,802.7900,802.7900,802.5900,802.5900,900
1473966075,803.1250,803.1850,802.7400,802.7400,6200
1473966121,802.9200,803.1000,802.9200,803.1000,2000
1473966186,803.3600,803.3700,803.0500,803.0900,8000
1473966242,803.2450,803.3150,803.2000,803.2687,2100
1473966302,803.2000,803.2900,803.1700,803.2200,2800
1473966367,803.5250,803.5550,802.9900,803.0000,10000
1473966422,803.3600,803.3800,803.3000,803.3800,1800
1473966485,803.2000,803.4600,803.1500,803.4000,5000
1473966541,803.1400,803.1400,803.0000,803.1400,2200
1473966654,803.1600,803.2700,802.8400,803.0450,14100
1473966660,803.4500,803.4500,803.0600,803.0600,2300
1473966733,803.1200,803.4500,802.8700,803.4500,7800
1473966780,803.5100,803.5100,803.0500,803.0502,2700
1473966899,803.5200,803.6450,803.4100,803.4500,5600
1473966902,803.2200,803.5300,803.2000,803.5300,3200
1473966973,803.0100,803.1300,802.8700,803.0200,2300
1473967025,802.8200,802.9800,802.7400,802.9000,3500
1473967082,802.7800,802.8800,802.6000,802.6000,6000
1473967140,802.9500,802.9800,802.7700,802.7700,5100
1473967207,802.7600,802.8750,802.5000,802.7900,6900
1473967270,802.8300,802.9800,802.6500,802.9700,3400
1473967328,802.7300,802.8300,802.5100,802.8300,3200
1473967393,802.3100,802.7100,802.1600,802.7100,2400
1473967450,802.2700,802.6300,802.2400,802.2400,3300
1473967510,802.6300,802.8000,802.4150,802.5000,4600
1473967580,802.5750,802.7600,802.5750,802.7500,1600
1473967630,802.8900,802.9300,802.3600,802.3600,4700
1473967739,802.6400,802.9000,802.6100,802.7500,1500
1473967740,802.7900,802.8300,802.2900,802.6100,6100
1473967800,802.8600,802.9400,802.5500,802.6950,4300
1473967863,802.6225,802.8750,802.0850,802.7809,8300
1473967931,802.4650,802.9800,802.4400,802.5400,9500
1473967980,802.5400,802.6500,802.5010,802.5500,2100
1473968040,802.5800,802.7750,802.1600,802.6000,7500
1473968107,802.2300,802.4800,802.2300,802.4800,4400
1473968162,802.4850,802.6400,802.0200,802.3400,5500
1473968226,802.4200,802.7000,802.3048,802.5700,2900
1473968285,802.2000,802.4200,802.1900,802.4200,4200
1473968341,802.5750,802.5900,802.2800,802.3700,5900
1473968408,802.5500,802.5800,802.3600,802.4600,1700
1473968465,802.5000,802.9300,802.3500,802.3500,3800
1473968521,802.5650,802.7120,802.1700,802.5400,9200
1473968584,802.6200,802.6700,802.4700,802.4950,3300
1473968645,802.2600,802.5500,802.1810,802.5500,6800
1473968701,802.1600,802.3900,802.0100,802.3500,5700
1473968815,802.0100,802.3400,802.0100,802.3100,4300
1473968822,802.0650,802.1900,801.9000,801.9300,8600
1473968880,801.9600,802.0900,801.7700,802.0600,5200
1473968945,801.6000,802.1100,801.6000,801.8600,14800
1473969001,801.5100,801.9300,801.3800,801.5600,21300
1473969072,801.2900,801.6600,801.2800,801.4200,10900
1473969120,801.2900,801.6000,801.1800,801.4900,11000
1473969187,801.5500,801.6599,801.4100,801.4100,12000
1473969244,801.5900,801.5900,801.2500,801.5850,6600
1473969303,801.4000,801.6100,801.2700,801.5700,12600
1473969362,801.4500,801.5100,801.1400,801.4350,10200
1473969478,801.3800,801.6600,801.3200,801.4500,17100
1473969481,801.0500,801.3600,801.0500,801.3300,9900
1473969599,801.2300,801.8000,800.9000,801.0600,40000
1473969600,801.2300,801.2300,801.2300,801.2300,117300
