uri:/instrument/1.0/GDX/chartdata;type=quote;range=1d/csv
ticker:gdx
Company-Name:VanEck Vectors Gold Miners ETF
Exchange-Name:PCX
unit:MIN
timezone:EDT
currency:USD
gmtoffset:-14400
previous_close:26.2800
Timestamp:1475069400,1475092800
labels:1475071200,1475074800,1475078400,1475082000,1475085600,1475089200,1475092800
values:Timestamp,close,high,low,open,volume
close:25.8950,27.0850
high:25.9300,27.1100
low:25.8600,27.0700
open:25.9000,27.0900
volume:800,11726000
1475069404,26.3100,26.3200,26.2600,26.2600,366700
1475069463,26.3800,26.3800,26.2800,26.2900,150500
1475069576,26.4200,26.4400,26.3600,26.3800,153100
1475069638,26.3800,26.4400,26.3600,26.4137,92800
1475069698,26.4000,26.4500,26.3800,26.3900,79900
1475069759,26.4535,26.4601,26.4000,26.4000,75400
1475069819,26.4300,26.4600,26.4200,26.4537,45500
1475069878,26.5000,26.5000,26.4300,26.4300,77300
1475069881,26.4699,26.5015,26.4300,26.5015,62000
1475069996,26.4600,26.4800,26.4400,26.4700,39400
1475070059,26.3700,26.4500,26.3500,26.4500,83400
1475070115,26.3800,26.4150,26.3600,26.3700,56400
1475070176,26.3800,26.3900,26.3600,26.3800,41200
1475070239,26.4300,26.4300,26.3600,26.3800,27000
1475070299,26.4100,26.4300,26.3900,26.4300,44300
1475070358,26.4100,26.4400,26.3800,26.4000,94600
1475070418,26.4200,26.4411,26.4100,26.4100,51700
1475070478,26.4400,26.4500,26.4200,26.4200,36000
1475070538,26.4811,26.5000,26.4400,26.4400,94200
1475070597,26.4900,26.4900,26.4500,26.4800,62900
1475070658,26.4700,26.5000,26.4500,26.4900,54300
1475070662,26.4800,26.5000,26.4600,26.4700,73200
1475070779,26.4850,26.5000,26.4600,26.4900,27200
1475070839,26.4800,26.4900,26.4714,26.4800,35400
1475070897,26.4550,26.4800,26.4500,26.4700,42700
1475070948,26.4700,26.4700,26.4500,26.4666,15500
1475070960,26.4700,26.4800,26.4600,26.4700,30000
1475071079,26.4700,26.4747,26.4650,26.4700,19400
1475071138,26.4200,26.4790,26.4200,26.4790,27700
1475071199,26.3800,26.4400,26.3600,26.4200,68900
1475071201,26.3500,26.4100,26.3500,26.3900,96700
1475071260,26.3600,26.3900,26.3400,26.3600,80300
1475071379,26.3500,26.3799,26.3400,26.3600,69200
1475071380,26.3099,26.3500,26.2900,26.3500,70200
1475071498,26.3100,26.3500,26.3000,26.3000,124800
1475071559,26.3400,26.3600,26.3000,26.3150,86100
1475071617,26.3500,26.3500,26.3100,26.3400,76000
1475071679,26.3400,26.3600,26.3200,26.3500,36100
1475071739,26.3500,26.3600,26.3200,26.3400,27000
1475071798,26.3300,26.3400,26.3200,26.3400,26100
1475071858,26.3200,26.3290,26.3000,26.3200,83400
1475071919,26.3100,26.3200,26.2900,26.3200,50000
1475071979,26.2492,26.3000,26.2400,26.3000,69800
1475071980,26.2500,26.2500,26.1999,26.2400,165600
1475072099,26.2300,26.2600,26.2200,26.2400,63200
1475072159,26.2600,26.2700,26.2300,26.2300,53000
1475072218,26.2500,26.2700,26.2400,26.2600,30700
1475072277,26.2601,26.2700,26.2399,26.2500,20000
1475072339,26.2600,26.2850,26.2600,26.2700,29300
1475072398,26.2500,26.2750,26.2500,26.2600,22100
1475072458,26.2650,26.2700,26.2470,26.2500,43600
1475072512,26.2400,26.2650,26.2300,26.2650,35700
1475072574,26.2662,26.2800,26.2400,26.2500,18300
1475072634,26.2600,26.2700,26.2400,26.2700,32400
1475072699,26.2700,26.2700,26.2500,26.2500,15800
1475072755,26.2700,26.2800,26.2600,26.2645,18900
1475072811,26.2700,26.2800,26.2600,26.2782,5300
1475072876,26.2700,26.2800,26.2600,26.2700,17200
1475072933,26.2700,26.2700,26.2650,26.2650,800
1475072997,26.2850,26.2850,26.2600,26.2700,12200
1475073000,26.3100,26.3400,26.2900,26.2900,79200
1475073110,26.3100,26.3300,26.3000,26.3200,21000
1475073176,26.2299,26.3100,26.2100,26.3000,76700
1475073239,26.2544,26.2700,26.2250,26.2250,50500
1475073297,26.2500,26.2600,26.2100,26.2500,71700
1475073359,26.2300,26.2700,26.2300,26.2600,31400
1475073417,26.2600,26.2600,26.2300,26.2400,23600
1475073479,26.2500,26.2650,26.2400,26.2600,44100
1475073539,26.2450,26.2500,26.2100,26.2500,44800
1475073540,26.2300,26.2500,26.2300,26.2500,25200
1475073653,26.2300,26.2600,26.2200,26.2300,58900
1475073719,26.2300,26.2400,26.2200,26.2300,14300
1475073722,26.2600,26.2650,26.2300,26.2300,33500
1475073834,26.2700,26.2700,26.2600,26.2600,27200
1475073894,26.2300,26.2650,26.2300,26.2650,34100
1475073959,26.2300,26.2400,26.2200,26.2290,64800
1475074019,26.1680,26.2300,26.1400,26.2200,135500
1475074079,26.1500,26.1650,26.1400,26.1650,24600
1475074137,26.1300,26.1500,26.1100,26.1500,57800
1475074199,26.1000,26.1400,26.0900,26.1300,96000
1475074259,26.1700,26.1700,26.0908,26.1000,70900
1475074318,26.1400,26.1700,26.1400,26.1620,28800
1475074375,26.1500,26.1550,26.1250,26.1499,28200
1475074382,26.1300,26.1600,26.1200,26.1500,20900
1475074499,26.1400,26.1600,26.1300,26.1335,49500
1475074559,26.1600,26.1600,26.1300,26.1400,20400
1475074616,26.1950,26.2000,26.1700,26.1700,30900
1475074677,26.1800,26.2200,26.1500,26.1910,58200
1475074739,26.1175,26.1750,26.1100,26.1700,51500
1475074799,26.1000,26.1135,26.0850,26.1100,55400
1475074859,26.0400,26.1000,26.0200,26.0900,237800
1475074919,26.0500,26.0700,26.0100,26.0300,49200
1475074972,26.0392,26.0400,26.0100,26.0400,55500
1475075039,26.0100,26.0400,26.0100,26.0200,106600
1475075099,25.9700,26.0200,25.9600,26.0100,148900
1475075156,25.9390,25.9700,25.9150,25.9700,142900
1475075161,25.9200,25.9650,25.9200,25.9350,160100
1475075279,25.8950,25.9300,25.8600,25.9250,150100
1475075280,25.9400,25.9400,25.8900,25.9000,63900
1475075398,25.9400,25.9500,25.9200,25.9400,55200
1475075458,25.9550,25.9600,25.8900,25.9300,94000
1475075519,25.9650,25.9800,25.9400,25.9500,76700
1475075579,25.9900,26.0000,25.9600,25.9700,99500
1475075638,25.9800,26.0000,25.9700,25.9800,77600
1475075699,25.9700,25.9900,25.9601,25.9900,51800
1475075700,25.9900,26.0100,25.9600,25.9700,65600
1475075818,25.9600,26.0000,25.9450,25.9950,175500
1475075871,25.9600,25.9700,25.9500,25.9600,56300
1475075938,25.9800,25.9900,25.9500,25.9600,50200
1475075996,26.0050,26.0100,25.9700,25.9700,38700
1475076055,26.0200,26.0200,25.9800,26.0000,118400
1475076119,26.0400,26.0490,26.0000,26.0200,67200
1475076179,26.0400,26.0600,26.0250,26.0400,51900
1475076238,26.0200,26.0400,26.0150,26.0400,50100
1475076296,26.0100,26.0400,26.0000,26.0200,58000
1475076303,25.9800,26.0200,25.9800,26.0175,25500
1475076360,25.9500,25.9800,25.9500,25.9800,32300
1475076477,25.9800,25.9900,25.9500,25.9500,39000
1475076539,25.9900,25.9900,25.9600,25.9600,43300
1475076599,26.0100,26.0100,25.9700,25.9900,28900
1475076657,26.0100,26.0200,26.0000,26.0200,35000
1475076660,26.0200,26.0300,26.0100,26.0100,39900
1475076778,26.0000,26.0100,25.9700,26.0100,59300
1475076839,25.9893,26.0011,25.9800,25.9970,41300
1475076842,25.9800,26.0000,25.9800,25.9900,21400
1475076959,25.9650,25.9900,25.9550,25.9800,62200
1475077018,25.9800,25.9900,25.9600,25.9600,26500
1475077024,26.0200,26.0200,25.9700,25.9800,34200
1475077139,26.0050,26.0200,25.9900,26.0100,49800
1475077140,26.0200,26.0300,26.0050,26.0050,55700
1475077258,26.0450,26.0500,26.0100,26.0200,51900
1475077317,26.0650,26.0800,26.0400,26.0500,48300
1475077378,26.0900,26.0950,26.0700,26.0700,68600
1475077436,26.0450,26.0800,26.0450,26.0800,39200
1475077498,26.0700,26.0700,26.0400,26.0400,23200
1475077559,26.1000,26.1100,26.0610,26.0610,34700
1475077615,26.1200,26.1400,26.1050,26.1100,61000
1475077678,26.1200,26.1400,26.1150,26.1150,48100
1475077739,26.1500,26.1600,26.1150,26.1150,49200
1475077740,26.1700,26.1700,26.1400,26.1600,32000
1475077859,26.1600,26.1700,26.1500,26.1700,38900
1475077919,26.2050,26.2189,26.1700,26.1700,42700
1475077975,26.2293,26.2300,26.1900,26.2000,76500
1475077984,26.2500,26.2500,26.2200,26.2200,31000
1475078042,26.2700,26.2700,26.2350,26.2500,59100
1475078151,26.2700,26.3000,26.2600,26.2700,90600
1475078219,26.2500,26.2850,26.2300,26.2700,83700
1475078220,26.2300,26.2600,26.2300,26.2550,32400
1475078336,26.2100,26.2211,26.2000,26.2200,29900
1475078399,26.2000,26.2200,26.1800,26.2200,58200
1475078401,26.1850,26.2100,26.1800,26.1900,34700
1475078518,26.1350,26.1900,26.1250,26.1850,58300
1475078579,26.1100,26.1500,26.1100,26.1400,56800
1475078639,26.1300,26.1400,26.1050,26.1100,41100
1475078699,26.1500,26.1600,26.1250,26.1300,32200
1475078759,26.1050,26.1500,26.1050,26.1500,78500
1475078819,26.1100,26.1200,26.0800,26.1050,53900
1475078875,26.1100,26.1160,26.0841,26.1000,116900
1475078937,26.0900,26.1100,26.0750,26.1100,36100
1475078999,26.0900,26.1000,26.0650,26.0900,32200
1475079053,26.1100,26.1200,26.0850,26.0900,26300
1475079117,26.1350,26.1400,26.1050,26.1150,39300
1475079178,26.1900,26.1993,26.1200,26.1300,75200
1475079237,26.2100,26.2100,26.1800,26.1800,68300
1475079299,26.1900,26.2100,26.1800,26.2000,68000
1475079358,26.1550,26.2100,26.1550,26.1900,39300
1475079419,26.1600,26.1800,26.1600,26.1600,12800
1475079475,26.1500,26.1600,26.1400,26.1550,42400
1475079492,26.1500,26.1700,26.1500,26.1600,13400
1475079597,26.1200,26.1600,26.1200,26.1500,21300
1475079659,26.1300,26.1400,26.1000,26.1300,55500
1475079719,26.1350,26.1400,26.1200,26.1250,25000
1475079720,26.1350,26.1550,26.1300,26.1400,15700
1475079836,26.1050,26.1500,26.1050,26.1300,39700
1475079840,26.1250,26.1300,26.1050,26.1099,50500
1475079957,26.1300,26.1400,26.1200,26.1300,13800
1475080014,26.1250,26.1400,26.1200,26.1300,11000
1475080076,26.1400,26.1600,26.1300,26.1300,34500
1475080134,26.1400,26.1400,26.1250,26.1400,8300
1475080195,26.1100,26.1300,26.1000,26.1300,25300
1475080255,26.0900,26.1198,26.0800,26.1100,31400
1475080263,26.0950,26.1000,26.0790,26.0900,22600
1475080377,26.1000,26.1100,26.0801,26.0900,21800
1475080385,26.1000,26.1150,26.0900,26.1100,16200
1475080489,26.0600,26.0900,26.0600,26.0900,21600
1475080559,26.0800,26.0800,26.0600,26.0700,32100
1475080619,26.0600,26.0700,26.0457,26.0700,25100
1475080666,26.0600,26.0700,26.0400,26.0700,27900
1475080733,26.0800,26.0800,26.0600,26.0650,26600
1475080740,26.0800,26.0900,26.0700,26.0700,19200
1475080858,26.0700,26.0800,26.0700,26.0800,16300
1475080913,26.0800,26.0900,26.0600,26.0600,34500
1475080977,26.0850,26.1100,26.0850,26.0900,14000
1475081038,26.1100,26.1200,26.0800,26.0899,19200
1475081093,26.1100,26.1300,26.1100,26.1100,18500
1475081151,26.1350,26.1400,26.1150,26.1150,20600
1475081217,26.1400,26.1700,26.1300,26.1350,53000
1475081277,26.1100,26.1400,26.1100,26.1350,18900
1475081280,26.2038,26.2500,26.0950,26.1100,4070800
1475081396,26.2394,26.2394,26.1900,26.2000,64500
1475081459,26.2050,26.2400,26.2000,26.2300,69400
1475081511,26.2700,26.2700,26.2000,26.2050,134700
1475081576,26.2550,26.2600,26.2450,26.2600,17200
1475081632,26.2600,26.2700,26.2500,26.2500,33500
1475081698,26.2500,26.2700,26.2300,26.2530,175600
1475081759,26.2700,26.2850,26.2300,26.2500,592600
1475081809,26.2551,26.2700,26.2400,26.2700,60800
1475081820,26.2550,26.2700,26.2500,26.2550,18400
1475081939,26.2600,26.2600,26.2500,26.2593,25800
1475081999,26.2800,26.2950,26.2550,26.2550,103000
1475082057,26.2800,26.2900,26.2600,26.2800,74100
1475082119,26.2500,26.2800,26.2500,26.2800,80800
1475082173,26.2550,26.2600,26.2400,26.2550,68300
1475082238,26.2500,26.2550,26.2400,26.2550,35000
1475082299,26.2450,26.2500,26.2400,26.2500,11300
1475082359,26.2650,26.2700,26.2400,26.2500,29500
1475082409,26.2600,26.2700,26.2600,26.2700,18500
1475082478,26.2600,26.2700,26.2500,26.2700,19000
1475082539,26.2600,26.2650,26.2500,26.2600,31300
1475082596,26.2500,26.2700,26.2500,26.2600,19600
1475082659,26.2300,26.2550,26.2100,26.2500,90800
1475082717,26.2500,26.2650,26.2350,26.2400,70400
1475082723,26.2400,26.2690,26.2300,26.2600,51700
1475082836,26.2600,26.2600,26.2399,26.2399,15600
1475082899,26.2400,26.2600,26.2300,26.2500,23000
1475082957,26.2500,26.2557,26.2350,26.2400,13700
1475083016,26.2675,26.2681,26.2400,26.2550,31800
1475083078,26.2850,26.3000,26.2650,26.2650,43600
1475083139,26.2900,26.3000,26.2700,26.2850,512300
1475083186,26.2750,26.2900,26.2700,26.2893,18600
1475083259,26.2800,26.2950,26.2800,26.2800,25700
1475083318,26.3100,26.3200,26.2800,26.2850,65500
1475083379,26.2900,26.3190,26.2900,26.3000,72600
1475083439,26.3100,26.3200,26.2900,26.2900,33500
1475083499,26.3550,26.3600,26.3100,26.3100,87600
1475083559,26.3500,26.3600,26.3400,26.3550,84200
1475083619,26.3400,26.3500,26.3300,26.3500,38800
1475083675,26.3600,26.3700,26.3301,26.3400,46600
1475083684,26.3425,26.3650,26.3400,26.3500,25400
1475083799,26.3700,26.3750,26.3300,26.3400,63300
1475083859,26.3750,26.3850,26.3600,26.3700,53000
1475083860,26.3900,26.3900,26.3700,26.3700,29200
1475083921,26.3950,26.4000,26.3800,26.3890,25100
1475084037,26.4300,26.4400,26.3900,26.4000,109800
1475084099,26.4500,26.4600,26.4100,26.4300,54700
1475084158,26.4500,26.4600,26.4200,26.4500,74400
1475084219,26.4400,26.4600,26.4400,26.4430,42200
1475084278,26.4450,26.4450,26.4300,26.4400,16400
1475084336,26.4300,26.4500,26.4200,26.4500,113300
1475084396,26.4700,26.4750,26.4200,26.4400,56800
1475084457,26.4800,26.5000,26.4700,26.4700,81200
1475084519,26.4900,26.5050,26.4800,26.4900,139800
1475084520,26.4900,26.4900,26.4700,26.4900,28000
1475084582,26.4800,26.5050,26.4800,26.4901,26700
1475084694,26.4400,26.4900,26.4300,26.4811,52200
1475084758,26.4341,26.4500,26.4200,26.4500,35400
1475084761,26.4500,26.4600,26.4350,26.4400,40100
1475084879,26.4600,26.4700,26.4400,26.4400,63500
1475084939,26.5000,26.5000,26.4599,26.4600,38200
1475084941,26.4820,26.5100,26.4700,26.5000,95000
1475085058,26.4900,26.5050,26.4800,26.4900,55000
1475085063,26.5000,26.5000,26.4850,26.4885,46400
1475085178,26.5200,26.5300,26.5100,26.5100,46800
1475085239,26.5150,26.5300,26.5000,26.5250,43200
1475085299,26.5300,26.5400,26.5100,26.5150,92900
1475085356,26.5500,26.5600,26.5250,26.5299,87300
1475085416,26.5600,26.5800,26.5400,26.5500,141700
1475085472,26.5359,26.5700,26.5300,26.5650,22700
1475085539,26.5400,26.5400,26.5300,26.5350,42700
1475085541,26.5200,26.5450,26.5200,26.5400,71800
1475085658,26.5500,26.5550,26.5110,26.5110,91500
1475085719,26.5350,26.5600,26.5200,26.5500,52700
1475085779,26.5300,26.5400,26.5200,26.5300,48800
1475085839,26.5300,26.5450,26.5200,26.5300,36300
1475085898,26.5400,26.5500,26.5300,26.5300,26400
1475085900,26.5400,26.5400,26.5300,26.5350,20700
1475086019,26.5550,26.5550,26.5400,26.5400,38500
1475086078,26.6250,26.6450,26.5400,26.5566,175300
1475086136,26.6500,26.6500,26.6109,26.6200,88400
1475086196,26.7200,26.7200,26.6300,26.6450,274800
1475086259,26.7550,26.7600,26.7000,26.7100,126600
1475086260,26.7500,26.8000,26.7340,26.7550,147700
1475086379,26.8300,26.8300,26.7500,26.7550,129600
1475086439,26.9050,26.9200,26.8165,26.8300,218400
1475086498,26.8550,26.9300,26.8500,26.9100,274000
1475086557,26.9000,26.9050,26.8600,26.8600,152200
1475086562,26.8650,26.9250,26.8500,26.9000,145400
1475086679,26.8100,26.8600,26.7900,26.8600,144200
1475086738,26.8500,26.8550,26.8000,26.8050,143500
1475086798,26.8900,26.9000,26.8400,26.8400,114900
1475086859,26.9450,26.9500,26.8900,26.8900,88200
1475086860,26.9500,26.9500,26.9000,26.9450,88600
1475086920,26.9700,26.9900,26.9300,26.9500,143400
1475086984,26.9650,26.9750,26.9400,26.9700,133800
1475087096,26.9500,26.9750,26.9500,26.9650,108000
1475087159,26.9750,26.9800,26.9400,26.9500,123600
1475087219,27.0850,27.1000,26.9700,26.9700,420500
1475087220,27.0810,27.1000,27.0700,27.0800,128900
1475087339,26.9700,27.1100,26.9700,27.0900,200200
1475087399,26.9400,27.0000,26.9200,26.9600,253400
1475087459,26.9500,26.9900,26.9300,26.9400,135900
1475087519,26.9899,27.0100,26.9550,26.9550,127300
1475087579,26.9700,27.0100,26.9600,26.9800,130900
1475087580,26.9400,26.9800,26.9200,26.9700,99100
1475087699,26.8400,26.9500,26.8300,26.9308,209800
1475087759,26.8200,26.8700,26.8100,26.8500,167900
1475087819,26.7600,26.8400,26.7400,26.8200,185700
1475087879,26.8150,26.8200,26.7550,26.7700,211700
1475087939,26.8650,26.8800,26.8100,26.8190,86300
1475087999,26.8450,26.8700,26.8200,26.8650,137300
1475088057,26.8550,26.8800,26.8400,26.8500,116000
1475088118,26.8350,26.8600,26.8000,26.8600,131100
1475088179,26.8300,26.8400,26.8100,26.8350,97700
1475088181,26.8679,26.8850,26.8300,26.8300,78400
1475088297,26.8750,26.8900,26.8500,26.8700,119100
1475088359,26.9500,26.9600,26.8750,26.8750,125600
1475088419,26.9050,26.9550,26.8900,26.9500,116200
1475088476,26.9200,26.9250,26.8800,26.9000,107800
1475088539,26.9200,26.9600,26.9200,26.9300,119500
1475088598,26.9600,26.9700,26.9200,26.9250,71600
1475088659,26.9699,26.9700,26.9500,26.9650,62400
1475088719,26.9700,26.9750,26.9100,26.9700,113300
1475088778,26.9670,26.9900,26.9400,26.9700,66800
1475088838,26.9550,26.9850,26.9500,26.9700,59700
1475088899,26.9400,26.9690,26.9400,26.9500,83900
1475088958,26.9600,26.9750,26.9500,26.9500,86100
1475089016,26.8750,26.9600,26.8500,26.9550,151200
1475089079,26.8850,26.8850,26.8650,26.8750,111500
1475089080,26.8900,26.8900,26.8700,26.8800,71800
1475089193,26.9150,26.9250,26.8850,26.8900,259600
1475089200,26.9100,26.9300,26.8800,26.9100,86900
1475089260,26.9100,26.9100,26.8850,26.9100,57700
1475089377,26.9200,26.9300,26.9100,26.9100,60500
1475089438,26.8800,26.9300,26.8800,26.9200,66400
1475089499,26.9000,26.9300,26.8850,26.8850,67700
1475089500,26.8950,26.9100,26.8900,26.9000,62400
1475089618,26.9050,26.9050,26.8900,26.9000,61800
1475089676,26.8400,26.9050,26.8400,26.9000,131200
1475089738,26.8800,26.8850,26.8400,26.8500,52600
1475089799,26.8650,26.8800,26.8500,26.8800,70900
1475089858,26.9000,26.9000,26.8550,26.8650,62700
1475089919,26.9157,26.9200,26.8850,26.9000,56600
1475089979,26.8910,26.9350,26.8850,26.9200,91300
1475090035,26.8650,26.9000,26.8500,26.8960,80800
1475090099,26.8600,26.8900,26.8550,26.8600,57000
1475090152,26.8600,26.8700,26.8400,26.8550,39400
1475090219,26.8600,26.8650,26.8300,26.8550,46000
1475090279,26.8450,26.8650,26.8300,26.8600,62800
1475090339,26.7870,26.8450,26.7700,26.8450,119400
1475090340,26.8000,26.8200,26.7867,26.7900,64600
1475090459,26.8150,26.8300,26.7800,26.8000,79300
1475090518,26.8343,26.8450,26.8050,26.8160,74700
1475090578,26.8500,26.8600,26.8300,26.8400,82100
1475090639,26.8400,26.8450,26.8300,26.8400,66000
1475090699,26.8600,26.8700,26.8300,26.8300,61000
1475090759,26.8650,26.8800,26.8500,26.8700,57200
1475090811,26.8100,26.8750,26.8050,26.8700,99700
1475090820,26.8600,26.8600,26.8100,26.8150,61600
1475090934,26.8400,26.8700,26.8300,26.8600,76600
1475090999,26.8400,26.8400,26.8100,26.8400,83500
1475091058,26.8150,26.8500,26.8100,26.8400,51900
1475091119,26.8000,26.8300,26.7800,26.8200,101600
1475091179,26.7700,26.8100,26.7700,26.8000,76700
1475091237,26.7850,26.7900,26.7300,26.7700,156100
1475091249,26.7900,26.7950,26.7700,26.7850,60800
1475091302,26.7900,26.8050,26.7700,26.7900,69700
1475091419,26.8400,26.8500,26.7900,26.8000,90800
1475091476,26.8275,26.8600,26.8250,26.8400,91200
1475091539,26.8500,26.8600,26.8200,26.8250,131900
1475091599,26.8400,26.8600,26.8339,26.8450,81100
1475091659,26.8000,26.8400,26.8000,26.8400,121100
1475091718,26.8175,26.8300,26.7900,26.8000,111100
1475091775,26.8210,26.8300,26.8100,26.8150,68100
1475091839,26.8250,26.8300,26.8000,26.8200,156900
1475091898,26.8350,26.8400,26.8200,26.8200,71500
1475091959,26.8250,26.8500,26.8100,26.8350,146800
1475092019,26.8350,26.8400,26.8200,26.8250,72000
1475092079,26.8550,26.8600,26.8250,26.8350,115900
1475092139,26.8650,26.8900,26.8550,26.8550,88400
1475092197,26.8850,26.9000,26.8600,26.8650,107700
1475092259,26.8750,26.8900,26.8700,26.8900,79900
1475092261,26.8790,26.8800,26.8600,26.8750,128300
1475092378,26.8750,26.8800,26.8700,26.8800,79100
1475092439,26.8750,26.8800,26.8600,26.8750,97900
1475092440,26.8750,26.8800,26.8600,26.8790,123300
1475092559,26.8850,26.9000,26.8600,26.8800,218400
1475092619,26.8800,26.8900,26.8700,26.8850,123900
1475092679,26.8750,26.8875,26.8500,26.8800,254500
1475092739,26.9000,26.9100,26.8700,26.8750,334500
1475092799,26.9100,26.9600,26.8600,26.8900,1247800
1475092800,26.9100,26.9100,26.9100,26.9100,11726000
