uri:/instrument/1.0/PRGO/chartdata;type=quote;range=1d/csv
ticker:prgo
Company-Name:Perrigo Company plc Ordinary Sh
Exchange-Name:NYQ
unit:MIN
timezone:EDT
currency:USD
gmtoffset:-14400
previous_close:95.7300
Timestamp:1474983000,1475006400
labels:1474984800,1474988400,1474992000,1474995600,1474999200,1475002800,1475006400
values:Timestamp,close,high,low,open,volume
close:94.8500,97.1700
high:94.8850,97.2000
low:94.8500,97.0900
open:94.8500,97.1700
volume:100,80800
1474983000,95.2300,95.3400,95.0400,95.3400,11900
1474983081,95.1850,95.2000,95.0600,95.1850,11400
1474983171,95.0600,95.1900,95.0600,95.1900,1500
1474983299,95.2700,95.3000,95.1800,95.2200,2600
1474983310,95.4800,95.5350,95.4800,95.5350,2300
1474983416,95.4700,95.5000,95.4700,95.4950,1100
1474983438,95.4800,95.5400,95.4800,95.5400,700
1474983528,95.7900,95.7900,95.5450,95.5450,3800
1474983595,95.8050,95.8600,95.6900,95.7800,6200
1474983616,95.8500,95.8500,95.7700,95.8200,5300
1474983719,95.9300,95.9400,95.8200,95.8500,8000
1474983739,96.0400,96.1100,95.9600,95.9850,10300
1474983839,96.0900,96.2500,96.0700,96.1700,4900
1474983886,95.8700,95.9600,95.8400,95.9200,3200
1474983910,95.8300,95.9400,95.8300,95.8700,3200
1474984025,96.2000,96.2000,95.9700,95.9700,3900
1474984091,96.1100,96.1600,96.1100,96.1600,1800
1474984146,96.2800,96.3100,96.1250,96.1800,6800
1474984208,96.0700,96.1700,95.9500,96.1700,3300
1474984319,96.1300,96.1300,96.0100,96.0500,4400
1474984336,96.1750,96.2000,96.1100,96.1200,1900
1474984404,96.3000,96.3000,96.2000,96.2200,1900
1474984446,96.2400,96.3050,96.1700,96.3050,3000
1474984533,96.3400,96.3400,96.2850,96.2900,2700
1474984581,96.3300,96.4100,96.3000,96.4100,3000
1474984635,96.0900,96.2500,96.0900,96.2500,3500
1474984691,96.0100,96.0300,96.0100,96.0300,1500
1474984798,96.1500,96.1600,96.0300,96.0800,3700
1474984856,96.5500,96.5700,96.1800,96.3550,11000
1474984876,96.6500,96.7100,96.5400,96.5500,6000
1474984979,96.6500,96.6500,96.6100,96.6100,400
1474985029,96.7100,96.7100,96.5150,96.6000,7300
1474985048,96.6200,96.7600,96.6200,96.7100,4100
1474985129,96.5500,96.6100,96.5500,96.6100,1400
1474985171,96.6300,96.6500,96.5400,96.5800,3300
1474985243,96.6000,96.6000,96.5100,96.5200,2500
1474985326,96.6400,96.6700,96.6300,96.6300,500
1474985393,96.6900,96.6900,96.5200,96.6400,8800
1474985459,96.5600,96.7000,96.5600,96.6300,22100
1474985460,96.3200,96.6000,96.3200,96.5900,13600
1474985521,96.0500,96.3100,96.0500,96.2800,2200
1474985593,96.1200,96.1800,96.0800,96.0800,2000
1474985684,95.9700,96.1400,95.9700,96.1300,2500
1474985741,95.9600,96.0800,95.9600,96.0800,4100
1474985805,95.9200,95.9700,95.9200,95.9700,800
1474985825,95.8400,95.8400,95.8400,95.8400,100
1474985932,95.8300,95.9800,95.8100,95.8100,18000
1474985953,95.7600,95.8100,95.7600,95.8100,1700
1474986042,95.4300,95.5900,95.3700,95.5500,3600
1474986084,95.5100,95.5300,95.4700,95.4700,2900
1474986140,95.4700,95.5100,95.4700,95.5100,1100
1474986183,95.4950,95.5000,95.4850,95.5000,2400
1474986293,95.5400,95.5700,95.4000,95.4800,5000
1474986336,95.5000,95.5000,95.4900,95.4900,1600
1474986418,95.6300,95.6300,95.5200,95.5200,3000
1474986432,95.6300,95.7180,95.5800,95.5800,2000
1474986595,95.4300,95.6100,95.4300,95.6100,1700
1474986611,95.4000,95.4000,95.4000,95.4000,200
1474986684,95.4100,95.4879,95.4000,95.4000,5800
1474986813,95.3300,95.4900,95.3300,95.4200,2300
1474986899,95.2800,95.3800,95.2200,95.2900,11600
1474986908,95.2500,95.2500,95.2300,95.2300,6000
1474987018,95.0900,95.0900,95.0800,95.0900,300
1474987027,95.1600,95.1600,95.0900,95.0900,2500
1474987085,95.1300,95.1700,95.1300,95.1700,900
1474987143,95.1000,95.2400,95.1000,95.1900,4600
1474987231,94.8800,95.0300,94.8800,95.0300,2000
1474987319,94.9400,94.9800,94.8700,94.8700,3500
1474987326,95.0600,95.0600,94.9200,94.9600,1600
1474987429,94.9700,95.0200,94.9700,95.0200,1300
1474987454,95.1100,95.1100,94.9700,94.9700,1500
1474987521,95.1100,95.1100,95.1100,95.1100,200
1474987617,95.2800,95.2800,95.0700,95.0700,2800
1474987626,95.2200,95.2300,95.1800,95.2100,1400
1474987683,95.2900,95.2900,95.2000,95.2000,2300
1474987776,95.1600,95.2100,95.1600,95.1700,1000
1474987826,95.1900,95.2000,95.1900,95.2000,1000
1474987895,95.1900,95.1900,95.1900,95.1900,200
1474987933,95.2700,95.2700,95.2700,95.2700,700
1474988037,95.3300,95.3900,95.1900,95.3400,7500
1474988096,95.3700,95.4500,95.3300,95.3300,10800
1474988159,95.3700,95.4500,95.3300,95.3900,13400
1474988166,95.3700,95.4100,95.3700,95.4000,1900
1474988277,95.2600,95.2600,95.2000,95.2000,600
1474988332,95.1800,95.2400,95.1700,95.1900,1900
1474988343,95.1200,95.1900,95.1000,95.1000,1700
1474988429,95.2550,95.2600,95.1900,95.1900,1000
1474988574,95.4000,95.4800,95.3175,95.3400,11100
1474988607,95.3910,95.4300,95.3910,95.4300,400
1474988663,95.4700,95.4700,95.4100,95.4200,600
1474988758,95.4600,95.4600,95.4400,95.4400,300
1474988797,95.4700,95.4900,95.4700,95.4700,500
1474988935,95.6300,95.6300,95.5500,95.5500,1000
1474988942,95.7250,95.7600,95.6250,95.6250,4400
1474989040,95.7700,95.7700,95.7350,95.7350,300
1474989064,95.7300,95.7400,95.7200,95.7400,1100
1474989127,95.6950,95.6950,95.6000,95.6800,1500
1474989217,95.6100,95.6500,95.6100,95.6200,8200
1474989245,95.4650,95.5300,95.4650,95.5300,800
1474989307,95.7300,95.7400,95.4900,95.5200,11400
1474989379,95.6300,95.6650,95.6300,95.6500,2200
1474989476,95.6200,95.6200,95.6200,95.6200,100
1474989492,95.5600,95.6450,95.5600,95.6450,700
1474989599,95.6500,95.6700,95.5600,95.5600,1800
1474989658,95.6525,95.7000,95.6300,95.6300,2100
1474989662,95.8100,95.8100,95.6200,95.6550,11700
1474989720,95.7800,95.8200,95.7100,95.8000,9200
1474989834,95.8000,95.8200,95.8000,95.8200,2900
1474989896,95.9400,95.9400,95.8400,95.8400,1600
1474989908,95.8800,95.9600,95.8800,95.9200,2600
1474989980,95.8200,95.8700,95.8100,95.8300,1800
1474990132,95.9800,95.9900,95.8500,95.8500,2400
1474990190,96.0700,96.0700,95.9900,96.0100,2300
1474990249,96.0900,96.0900,96.0100,96.0200,1700
1474990274,96.0900,96.1700,96.0900,96.1200,2500
1474990334,96.1200,96.2100,96.1100,96.1100,1600
1474990438,96.1900,96.1900,96.1300,96.1300,1400
1474990452,96.0800,96.1600,96.0800,96.1300,4100
1474990551,96.0600,96.0600,96.0150,96.0150,200
1474990561,96.0500,96.0600,95.9800,96.0150,4700
1474990668,96.0200,96.0200,96.0100,96.0100,400
1474990682,95.9900,96.0300,95.9600,96.0100,16500
1474990799,95.9450,95.9700,95.9200,95.9600,4100
1474990856,95.8100,95.9450,95.8100,95.9450,1900
1474990872,95.6700,95.8000,95.6700,95.7700,1300
1474990963,95.6600,95.6600,95.6600,95.6600,100
1474991039,95.6750,95.7100,95.5950,95.6600,5000
1474991041,95.5000,95.7200,95.5000,95.7100,19600
1474991101,95.4500,95.5500,95.4400,95.5500,2200
1474991178,95.4000,95.4000,95.4000,95.4000,900
1474991271,95.4000,95.4300,95.3600,95.3600,1800
1474991304,95.3500,95.4000,95.3500,95.4000,1200
1474991386,95.3800,95.3800,95.3700,95.3700,400
1474991437,95.2500,95.3200,95.2500,95.3200,2100
1474991466,95.3050,95.3050,95.2100,95.2500,1700
1474991548,95.2800,95.2800,95.2700,95.2800,500
1474991599,95.3500,95.3500,95.3000,95.3000,1200
1474991677,95.2800,95.3200,95.2800,95.3200,2000
1474991704,95.2400,95.2500,95.2400,95.2500,500
1474991773,95.2500,95.2600,95.1700,95.2155,2200
1474991821,95.2900,95.2900,95.2700,95.2700,1100
1474991934,95.2500,95.3000,95.1900,95.2800,11900
1474991999,95.1704,95.2600,95.1704,95.2600,3700
1474992057,95.2100,95.2300,95.1200,95.1400,4600
1474992067,95.1500,95.2250,95.0900,95.1900,8900
1474992176,95.1100,95.1600,95.0500,95.1600,8200
1474992239,94.9700,95.1200,94.9700,95.0500,16300
1474992256,94.9450,94.9550,94.9300,94.9300,600
1474992324,94.8500,94.8850,94.8500,94.8700,2100
1474992419,94.8950,94.9200,94.8500,94.8500,3200
1474992467,94.9200,94.9400,94.8500,94.8700,4700
1474992484,94.9500,94.9600,94.9100,94.9100,1400
1474992550,94.9500,94.9500,94.9300,94.9400,1500
1474992653,95.0000,95.0000,94.9300,94.9600,1600
1474992703,95.0400,95.0400,95.0100,95.0400,1600
1474992774,95.1200,95.1200,95.0100,95.0100,1200
1474992830,95.0200,95.0800,95.0200,95.0800,700
1474992893,95.0300,95.0300,95.0000,95.0200,1900
1474992919,95.0700,95.0850,95.0300,95.0300,1200
1474993050,95.1600,95.2200,95.1500,95.2000,2400
1474993132,95.1200,95.1400,95.1200,95.1400,300
1474993177,95.0900,95.1400,95.0900,95.1400,500
1474993200,95.1500,95.1500,95.1000,95.1250,1000
1474993276,95.2400,95.2700,95.2400,95.2400,2200
1474993336,95.3100,95.3400,95.3100,95.3200,2500
1474993450,95.2800,95.3450,95.2800,95.3200,2200
1474993541,95.3100,95.3100,95.3000,95.3000,700
1474993617,95.3600,95.3600,95.3300,95.3600,400
1474993669,95.3700,95.3700,95.2700,95.2900,1300
1474993739,95.3700,95.3700,95.3380,95.3380,300
1474993755,95.3700,95.3700,95.3000,95.3400,1800
1474993833,95.3800,95.3800,95.3800,95.3800,800
1474993867,95.4300,95.4600,95.3100,95.3800,9300
1474993923,95.4900,95.5600,95.4400,95.4700,4000
1474994031,95.5000,95.5400,95.5000,95.5300,1800
1474994092,95.4600,95.5600,95.4100,95.5400,10400
1474994155,95.4500,95.4800,95.4000,95.4700,11700
1474994200,95.3300,95.4400,95.2600,95.4400,15000
1474994221,95.2900,95.3500,95.2900,95.3200,2800
1474994288,95.2200,95.2800,95.2100,95.2800,1200
1474994355,95.1500,95.2700,95.1500,95.2500,2800
1474994449,95.2450,95.2450,95.1300,95.1800,16900
1474994484,95.2500,95.3300,95.2500,95.2700,5600
1474994575,95.2500,95.2700,95.2000,95.2000,2800
1474994597,95.0900,95.2100,95.0900,95.1900,1800
1474994649,95.0500,95.0700,95.0100,95.0700,2500
1474994718,95.0400,95.0600,95.0400,95.0600,400
1474994815,95.0200,95.0400,94.9900,95.0200,8100
1474994833,95.0200,95.0400,95.0000,95.0150,9200
1474994888,95.0100,95.0200,95.0100,95.0100,2900
1474994992,95.0100,95.0800,95.0100,95.0400,4900
1474995059,95.0200,95.0500,95.0100,95.0250,80800
1474995115,95.0700,95.0700,95.0100,95.0100,12100
1474995179,95.0200,95.0800,95.0100,95.0400,25800
1474995181,95.0700,95.1300,95.0100,95.0400,12800
1474995240,95.1000,95.1200,95.0300,95.0700,3300
1474995355,95.0900,95.1000,95.0900,95.1000,1200
1474995368,95.0300,95.0800,95.0200,95.0800,3500
1474995473,95.0450,95.0700,95.0450,95.0500,800
1474995538,95.0000,95.1000,94.9900,95.0700,4500
1474995547,95.0300,95.0300,94.9950,95.0000,1600
1474995606,94.9800,95.0000,94.9600,95.0000,2000
1474995672,95.0200,95.0200,95.0000,95.0000,1400
1474995770,95.0200,95.0200,95.0100,95.0100,700
1474995795,95.0250,95.0500,95.0100,95.0200,2200
1474995897,94.9700,95.0000,94.9600,95.0000,6000
1474995944,94.9800,94.9900,94.9600,94.9800,2500
1474996013,94.9800,95.0000,94.9600,94.9700,6700
1474996076,94.9750,95.0000,94.9500,94.9600,16400
1474996099,94.9800,95.0100,94.9750,94.9750,3700
1474996156,94.9900,95.0000,94.9700,95.0000,4500
1474996241,94.9700,95.0100,94.9700,95.0000,3200
1474996313,94.9600,95.0000,94.9600,94.9900,6900
1474996335,94.9900,94.9900,94.9750,94.9750,400
1474996386,95.0000,95.0200,94.9800,95.0000,4000
1474996443,94.9600,95.0100,94.9600,95.0000,3200
1474996513,94.9850,95.0100,94.9600,94.9750,4700
1474996618,95.0000,95.0000,95.0000,95.0000,200
1474996678,95.0000,95.0000,94.9700,94.9950,1300
1474996695,94.9700,95.0000,94.9700,94.9900,2200
1474996759,94.9800,95.0000,94.9700,94.9850,5700
1474996849,94.9847,95.0100,94.9700,95.0000,1500
1474996908,94.9900,94.9900,94.9900,94.9900,300
1474996933,94.9700,95.0000,94.9700,94.9850,9800
1474996981,95.0000,95.0200,94.9900,94.9900,4100
1474997051,95.0396,95.0396,95.0100,95.0200,1100
1474997130,94.9900,95.0400,94.9900,95.0200,4800
1474997214,94.9800,94.9950,94.9600,94.9900,6000
1474997221,94.9800,95.0200,94.9700,94.9700,4700
1474997312,95.0100,95.0100,94.9890,95.0000,2500
1474997403,95.0200,95.0500,94.9800,95.0100,12000
1474997506,95.0200,95.0200,95.0000,95.0000,500
1474997544,95.0300,95.0300,95.0000,95.0150,7900
1474997630,95.0500,95.0550,95.0250,95.0250,2200
1474997645,95.0200,95.0550,95.0100,95.0500,2900
1474997701,95.0200,95.0400,95.0200,95.0400,600
1474997775,95.0350,95.0400,95.0200,95.0400,500
1474997878,95.0050,95.0300,95.0000,95.0200,8300
1474997882,95.0400,95.0400,94.9900,94.9900,11300
1474997945,95.0500,95.0700,95.0400,95.0500,9100
1474998014,95.0700,95.0700,95.0700,95.0700,200
1474998109,95.0500,95.0800,95.0300,95.0600,6400
1474998140,95.0700,95.0700,95.0700,95.0700,900
1474998238,95.1500,95.1500,95.0800,95.0800,2100
1474998247,95.2000,95.2300,95.1600,95.1700,3400
1474998305,95.1300,95.2200,95.1300,95.1700,2800
1474998369,95.2900,95.2900,95.1300,95.1700,3500
1474998484,95.3100,95.3400,95.3100,95.3100,1100
1474998566,95.3200,95.3200,95.3200,95.3200,100
1474998620,95.4100,95.4100,95.3100,95.3100,2100
1474998676,95.4200,95.4200,95.4200,95.4200,300
1474998733,95.3800,95.4400,95.3800,95.4400,2800
1474998839,95.4000,95.4000,95.3600,95.3700,1400
1474998847,95.4700,95.4700,95.3900,95.3900,2000
1474998951,95.4700,95.4700,95.4700,95.4700,100
1474999007,95.4200,95.4600,95.3800,95.4600,3200
1474999073,95.5200,95.5400,95.4200,95.4200,2800
1474999137,95.5300,95.5300,95.4900,95.5100,1300
1474999148,95.4800,95.5000,95.4700,95.4900,1800
1474999225,95.4900,95.5200,95.4900,95.4900,1400
1474999265,95.4600,95.5300,95.4600,95.5100,3000
1474999364,95.5558,95.5600,95.4100,95.4400,10900
1474999438,95.6300,95.6300,95.5700,95.5700,3500
1474999497,95.5600,95.6800,95.5600,95.6300,23800
1474999505,95.4700,95.5500,95.4200,95.5500,12200
1474999567,95.5800,95.5800,95.4700,95.4800,3700
1474999677,95.6400,95.6400,95.5900,95.5900,6700
1474999685,95.6400,95.6400,95.5900,95.6100,10600
1474999788,95.7200,95.7700,95.6200,95.6400,24400
1474999800,95.6800,95.7700,95.6800,95.7500,8400
1474999916,95.7600,95.8100,95.7300,95.7300,3900
1474999940,95.7700,95.7700,95.7700,95.7700,500
1474999994,95.6100,95.7800,95.5800,95.7500,9500
1475000097,95.7100,95.7300,95.5900,95.6200,7400
1475000158,95.7100,95.7300,95.6600,95.7100,12300
1475000212,95.7999,95.8000,95.7100,95.7100,4100
1475000221,95.8400,95.8600,95.8000,95.8000,6900
1475000293,95.6500,95.8800,95.6500,95.8600,18700
1475000398,95.7800,95.7800,95.6800,95.6900,9200
1475000458,95.7500,95.7900,95.7400,95.7700,10200
1475000460,95.8400,95.8400,95.7800,95.7800,8900
1475000577,95.8200,95.8600,95.8000,95.8400,10400
1475000639,95.8900,95.8900,95.8200,95.8400,6800
1475000640,95.8800,95.9300,95.8200,95.8900,8400
1475000756,95.9100,95.9400,95.8800,95.8800,3500
1475000817,95.9300,95.9300,95.9000,95.9000,1500
1475000865,95.9700,95.9700,95.9300,95.9300,7000
1475000883,95.9700,96.0200,95.9600,95.9700,16600
1475000985,95.9900,96.0000,95.9200,95.9800,12700
1475001003,95.9700,95.9700,95.9200,95.9600,2400
1475001062,96.0900,96.0900,95.9900,95.9900,3500
1475001162,96.0900,96.1100,96.0900,96.1000,3200
1475001239,96.1900,96.1900,96.0900,96.0900,2200
1475001299,96.2100,96.2100,96.1700,96.1800,1600
1475001300,96.1200,96.2350,96.0900,96.2200,7600
1475001413,96.0600,96.1100,96.0600,96.1100,1700
1475001431,96.0000,96.0600,96.0000,96.0600,1200
1475001539,96.0500,96.1100,95.9700,96.0400,14500
1475001541,96.1200,96.1200,96.0500,96.0600,3600
1475001602,96.1300,96.1400,96.0800,96.1200,7700
1475001719,96.0800,96.1300,96.0800,96.1300,3300
1475001720,96.1000,96.1000,96.0600,96.0900,6400
1475001837,96.0700,96.1100,96.0000,96.1100,10700
1475001840,96.1100,96.1100,96.0200,96.0400,7700
1475001954,96.0500,96.1100,96.0000,96.0800,23200
1475002013,96.0900,96.1200,96.0800,96.0900,1600
1475002029,96.0900,96.0900,96.0600,96.0600,600
1475002124,96.1100,96.1400,96.1100,96.1400,300
1475002184,96.1050,96.1200,96.0900,96.1100,1200
1475002200,96.0600,96.0900,96.0400,96.0800,2500
1475002270,96.0700,96.0700,96.0500,96.0500,200
1475002368,96.1200,96.1200,96.0900,96.0900,1200
1475002386,96.0700,96.1200,96.0700,96.1000,3500
1475002470,96.1200,96.1200,96.0600,96.0600,700
1475002554,96.2300,96.2300,96.1800,96.1800,2000
1475002619,96.2900,96.2900,96.2100,96.2144,4300
1475002620,96.3200,96.3500,96.2500,96.2700,12200
1475002702,96.3450,96.3500,96.3200,96.3200,4000
1475002797,96.3700,96.3700,96.3100,96.3200,8900
1475002857,96.4500,96.4500,96.3700,96.3800,7700
1475002863,96.4900,96.4900,96.4500,96.4500,12800
1475002979,96.5600,96.5900,96.5000,96.5000,15000
1475003035,96.4700,96.5900,96.4200,96.5800,15600
1475003044,96.5400,96.5400,96.4700,96.4950,7400
1475003102,96.4700,96.5400,96.4600,96.5400,5400
1475003219,96.5000,96.5000,96.4700,96.4700,2100
1475003278,96.4700,96.5000,96.4550,96.5000,7800
1475003334,96.5000,96.5400,96.4050,96.4550,7500
1475003394,96.5450,96.5700,96.4850,96.4950,2600
1475003402,96.6000,96.6000,96.5400,96.5500,3200
1475003513,96.5600,96.6100,96.5500,96.6000,9100
1475003574,96.6000,96.6100,96.5600,96.6000,7900
1475003591,96.5600,96.5900,96.5600,96.5900,6800
1475003642,96.5000,96.5400,96.4300,96.5400,5600
1475003703,96.4800,96.4900,96.4600,96.4900,7900
1475003769,96.5300,96.5400,96.4900,96.4900,3300
1475003874,96.6000,96.6000,96.5100,96.5100,2300
1475003938,96.5200,96.6200,96.5200,96.6000,2300
1475003990,96.6000,96.6000,96.4700,96.5000,2600
1475004054,96.6200,96.6500,96.5900,96.6000,5000
1475004060,96.6000,96.6700,96.6000,96.6400,7900
1475004124,96.7000,96.7000,96.6150,96.6150,5000
1475004196,96.8100,96.8100,96.7200,96.7300,3700
1475004292,96.8500,96.8800,96.8000,96.8100,9400
1475004300,96.9200,96.9300,96.8800,96.8900,9600
1475004407,96.9300,96.9300,96.9000,96.9200,5900
1475004476,97.0200,97.0200,96.9200,96.9200,23000
1475004539,97.1000,97.1100,97.0050,97.0050,4100
1475004540,97.1700,97.2000,97.0900,97.1200,13800
1475004600,96.9000,97.1800,96.8800,97.1700,25100
1475004665,96.9600,96.9600,96.8700,96.8700,4200
1475004743,96.9600,96.9600,96.9100,96.9100,2300
1475004783,96.8400,96.9300,96.8400,96.9300,2200
1475004884,96.8600,96.9000,96.8600,96.8800,2200
1475004958,96.7700,96.8700,96.7650,96.8600,4400
1475005019,96.7800,96.8100,96.7700,96.8000,5400
1475005032,96.7600,96.7600,96.7200,96.7500,3000
1475005087,96.7400,96.7900,96.7300,96.7900,1600
1475005140,96.7500,96.8300,96.7500,96.7500,7200
1475005248,96.7800,96.8100,96.7050,96.7200,3400
1475005265,96.6900,96.7700,96.6800,96.7700,2900
1475005379,96.8200,96.8200,96.6400,96.6500,5100
1475005381,96.7800,96.8550,96.7800,96.8300,4100
1475005441,96.8200,96.8200,96.7600,96.7700,1500
1475005502,96.7600,96.8100,96.7600,96.8100,2700
1475005619,96.7300,96.7350,96.7000,96.7350,3100
1475005623,96.7100,96.7300,96.6800,96.7000,4000
1475005682,96.7100,96.7500,96.7100,96.7100,1900
1475005741,96.6700,96.7600,96.6600,96.7400,4500
1475005800,96.8100,96.9100,96.6700,96.6700,15300
1475005883,96.7800,96.8100,96.7600,96.8100,1500
1475005922,96.7100,96.8500,96.7000,96.7800,8800
1475005982,96.6899,96.7700,96.6899,96.7400,5100
1475006040,96.6800,96.7000,96.6600,96.6800,5200
1475006100,96.6600,96.7000,96.6300,96.6800,11000
1475006218,96.6800,96.7000,96.6400,96.6700,8200
1475006223,96.6600,96.6700,96.6200,96.6700,9000
1475006339,96.7700,96.7800,96.6400,96.6500,16500
1475006399,96.7700,96.8600,96.7200,96.7400,30000
1475006400,96.7700,96.7700,96.7700,96.7700,100
