uri:/instrument/1.0/VRX/chartdata;type=quote;range=1d/csv
ticker:vrx
Company-Name:Valeant Pharmaceuticals Interna
Exchange-Name:NYQ
unit:MIN
timezone:EDT
currency:USD
gmtoffset:-14400
previous_close:27.1000
Timestamp:1474378200,1474401600
labels:1474380000,1474383600,1474387200,1474390800,1474394400,1474398000,1474401600
values:Timestamp,close,high,low,open,volume
close:26.2900,27.1680
high:26.3201,27.2100
low:26.2800,27.1400
open:26.2990,27.2100
volume:400,339300
1474378205,27.1680,27.2090,27.1400,27.1400,147700
1474378260,27.1448,27.2100,27.1300,27.2100,23700
1474378379,26.9500,27.1260,26.9470,27.1200,131400
1474378438,26.9260,26.9800,26.8300,26.9492,68000
1474378498,26.9100,26.9400,26.8900,26.9148,34400
1474378502,26.8104,26.9300,26.8000,26.9200,69700
1474378617,26.7700,26.8100,26.7000,26.8000,122700
1474378679,26.7600,26.8200,26.7500,26.7850,73900
1474378738,26.6650,26.7600,26.6197,26.7600,136800
1474378799,26.6750,26.7050,26.6100,26.6724,75900
1474378857,26.7200,26.7700,26.6900,26.6900,92300
1474378919,26.7499,26.7700,26.7100,26.7200,83800
1474378978,26.8300,26.8300,26.7100,26.7400,65100
1474379039,26.8600,26.8900,26.7940,26.8300,74400
1474379040,26.8200,26.9200,26.8200,26.8700,57500
1474379102,26.8300,26.8400,26.7900,26.8101,24900
1474379218,26.7000,26.8200,26.6800,26.8200,33900
1474379276,26.7600,26.7800,26.7000,26.7010,32900
1474379338,26.8201,26.8300,26.7700,26.7800,32600
1474379399,26.7601,26.8800,26.7600,26.8262,59100
1474379459,26.8300,26.8450,26.7700,26.7700,34700
1474379517,26.7900,26.8500,26.7800,26.8400,45200
1474379578,26.8500,26.8600,26.7900,26.8000,41100
1474379639,26.8110,26.8980,26.8100,26.8700,40100
1474379698,26.8310,26.8400,26.8100,26.8100,16000
1474379759,26.8600,26.8600,26.8100,26.8300,53700
1474379762,26.8400,26.8600,26.8400,26.8500,50700
1474379820,26.7601,26.8500,26.7600,26.8400,49900
1474379939,26.7800,26.7800,26.7300,26.7700,47200
1474379997,26.7800,26.8100,26.7500,26.7700,78300
1474380059,26.8500,26.8690,26.7800,26.7800,37000
1474380117,26.8500,26.8800,26.8300,26.8600,63400
1474380121,26.8600,26.8800,26.8500,26.8600,36200
1474380239,26.8400,26.8600,26.8100,26.8600,36300
1474380298,26.8400,26.8500,26.8200,26.8400,27100
1474380359,26.9000,26.9000,26.8331,26.8400,54500
1474380419,26.9633,26.9700,26.8700,26.8930,171300
1474380478,26.9300,27.0900,26.9101,26.9600,315500
1474380480,26.9500,27.0400,26.9350,26.9499,150500
1474380599,26.9700,26.9900,26.9000,26.9474,51700
1474380659,26.9700,27.0100,26.9500,26.9800,89300
1474380719,26.9200,26.9700,26.9200,26.9600,45900
1474380779,26.7700,26.9100,26.7600,26.9100,122800
1474380838,26.6600,26.7800,26.6200,26.7700,128200
1474380899,26.7300,26.7411,26.6410,26.6680,66800
1474380959,26.6900,26.7300,26.6500,26.7300,56400
1474380960,26.6600,26.7165,26.6500,26.7165,29800
1474381078,26.7500,26.7700,26.6600,26.6700,57800
1474381136,26.7600,26.7800,26.7200,26.7600,25800
1474381199,26.7300,26.8000,26.6833,26.7700,96400
1474381257,26.7090,26.7899,26.7000,26.7300,46400
1474381319,26.7100,26.7200,26.6650,26.7000,52000
1474381379,26.6800,26.7100,26.6500,26.7100,57900
1474381438,26.7000,26.7000,26.6500,26.6900,44400
1474381440,26.6900,26.7300,26.6900,26.7000,31000
1474381559,26.6600,26.7000,26.6600,26.6900,27700
1474381619,26.6300,26.6665,26.6100,26.6600,99900
1474381679,26.6265,26.6900,26.6100,26.6300,69400
1474381739,26.6100,26.6550,26.6000,26.6300,166900
1474381796,26.6200,26.6700,26.5400,26.6100,339300
1474381859,26.6900,26.7400,26.6400,26.6400,103700
1474381919,26.6450,26.7000,26.6400,26.6900,74800
1474381976,26.6200,26.6500,26.6100,26.6500,27700
1474382039,26.5750,26.6300,26.5700,26.6300,59900
1474382099,26.5892,26.6500,26.5600,26.5800,45400
1474382159,26.5800,26.5910,26.5600,26.5900,84200
1474382217,26.5400,26.5900,26.5400,26.5900,62500
1474382220,26.5500,26.5601,26.5300,26.5400,124400
1474382339,26.5700,26.5900,26.5300,26.5500,78100
1474382399,26.5600,26.5900,26.5600,26.5699,39900
1474382459,26.5200,26.5650,26.5100,26.5600,105600
1474382519,26.5516,26.5600,26.5100,26.5100,52300
1474382579,26.5500,26.5766,26.5200,26.5600,38200
1474382580,26.4600,26.5466,26.4500,26.5466,117100
1474382698,26.5008,26.5100,26.4600,26.4690,39100
1474382759,26.5199,26.5200,26.4700,26.4899,35600
1474382762,26.5163,26.5200,26.4968,26.5200,21100
1474382877,26.4700,26.5199,26.4600,26.5101,27900
1474382882,26.4100,26.4699,26.4000,26.4600,132300
1474382998,26.4199,26.4200,26.3501,26.4050,127700
1474383059,26.4550,26.4700,26.4000,26.4199,35500
1474383118,26.4900,26.5200,26.4463,26.4600,57700
1474383179,26.5250,26.5300,26.4900,26.4900,63300
1474383236,26.5050,26.5300,26.4900,26.5200,83500
1474383296,26.4600,26.4900,26.4600,26.4900,38500
1474383355,26.4500,26.4650,26.4100,26.4600,47900
1474383417,26.5700,26.5700,26.4401,26.4448,49900
1474383422,26.5500,26.5700,26.5400,26.5700,37100
1474383539,26.6059,26.6400,26.5600,26.5600,76900
1474383599,26.5700,26.6200,26.5700,26.6000,16800
1474383658,26.6100,26.6241,26.5700,26.5800,28900
1474383717,26.6500,26.6600,26.5950,26.6100,58100
1474383778,26.6658,26.6700,26.6300,26.6500,29300
1474383780,26.6535,26.6700,26.6500,26.6699,19100
1474383840,26.7000,26.7200,26.6500,26.6500,60200
1474383902,26.6800,26.7150,26.6800,26.7100,24900
1474384016,26.7000,26.7000,26.6500,26.6701,18100
1474384020,26.7000,26.7100,26.6800,26.7000,22300
1474384139,26.6700,26.6900,26.6700,26.6900,9300
1474384144,26.6800,26.6800,26.6500,26.6710,15100
1474384250,26.6750,26.6900,26.6700,26.6900,8900
1474384312,26.6640,26.7000,26.6600,26.6790,12000
1474384378,26.6300,26.6700,26.6300,26.6656,17600
1474384380,26.6600,26.6700,26.6365,26.6365,11300
1474384497,26.6450,26.6700,26.6300,26.6601,23100
1474384557,26.6217,26.6600,26.6100,26.6500,30100
1474384562,26.6200,26.6400,26.6200,26.6263,13400
1474384679,26.6301,26.6301,26.6100,26.6290,23400
1474384737,26.5800,26.6300,26.5800,26.6300,25900
1474384797,26.5700,26.5900,26.5600,26.5790,23200
1474384859,26.5701,26.5800,26.5701,26.5749,3600
1474384861,26.5700,26.5748,26.5500,26.5748,13100
1474384977,26.5600,26.5700,26.5400,26.5700,39400
1474385036,26.5650,26.5750,26.5400,26.5700,24100
1474385045,26.5600,26.5699,26.5500,26.5699,9100
1474385159,26.5600,26.5800,26.5500,26.5500,40600
1474385217,26.5800,26.6000,26.5700,26.5700,24400
1474385278,26.5900,26.5900,26.5600,26.5810,15500
1474385337,26.6099,26.6099,26.5700,26.5900,32500
1474385393,26.6168,26.6200,26.5900,26.6063,40300
1474385459,26.6363,26.6600,26.6200,26.6200,22200
1474385518,26.6300,26.6400,26.6200,26.6300,16400
1474385577,26.6599,26.6600,26.6152,26.6300,26500
1474385586,26.6600,26.6700,26.6500,26.6570,25600
1474385698,26.6960,26.7000,26.6500,26.6500,36800
1474385758,26.6900,26.7100,26.6900,26.7000,17200
1474385760,26.6800,26.6900,26.6600,26.6900,25900
1474385878,26.6500,26.6800,26.6500,26.6800,14000
1474385937,26.6500,26.6652,26.6500,26.6600,9600
1474385986,26.6600,26.6700,26.6500,26.6590,12800
1474386032,26.6500,26.6600,26.6500,26.6600,4300
1474386115,26.7000,26.7100,26.6566,26.6566,15100
1474386176,26.6900,26.7168,26.6900,26.7100,30400
1474386238,26.7064,26.7064,26.6850,26.6900,16500
1474386296,26.7250,26.7400,26.7100,26.7100,39000
1474386317,26.7632,26.7700,26.7300,26.7300,24600
1474386362,26.7400,26.7700,26.7200,26.7600,25200
1474386472,26.7435,26.7500,26.7300,26.7500,28800
1474386530,26.7399,26.7500,26.7300,26.7440,13500
1474386592,26.7300,26.7400,26.7200,26.7300,25500
1474386648,26.7337,26.7500,26.7300,26.7300,18000
1474386718,26.7269,26.7300,26.7200,26.7300,11800
1474386734,26.7137,26.7290,26.7100,26.7200,14900
1474386839,26.6600,26.7100,26.6500,26.7100,36900
1474386843,26.6400,26.6600,26.6300,26.6600,34800
1474386955,26.6500,26.6600,26.6462,26.6462,24700
1474387013,26.6500,26.6599,26.6300,26.6565,14600
1474387023,26.6600,26.6600,26.6500,26.6600,10800
1474387130,26.6200,26.6590,26.6200,26.6590,8000
1474387197,26.5900,26.6290,26.5600,26.6290,21500
1474387259,26.6000,26.6090,26.5800,26.6000,23000
1474387260,26.5963,26.6065,26.5900,26.6000,6300
1474387372,26.5700,26.6000,26.5600,26.6000,23600
1474387433,26.5700,26.5700,26.5500,26.5627,16500
1474387499,26.5900,26.5900,26.5700,26.5700,40100
1474387558,26.5900,26.6000,26.5900,26.5990,15000
1474387615,26.5500,26.5899,26.5500,26.5899,56400
1474387675,26.5400,26.5600,26.5100,26.5600,34000
1474387736,26.5400,26.5400,26.5200,26.5400,16900
1474387742,26.5563,26.5563,26.5335,26.5400,4800
1474387809,26.5700,26.5700,26.5500,26.5500,8600
1474387904,26.5900,26.5900,26.5700,26.5700,18500
1474387971,26.5410,26.5800,26.5300,26.5800,28700
1474388037,26.5400,26.5599,26.5300,26.5500,14500
1474388041,26.5199,26.5499,26.5173,26.5499,12400
1474388159,26.5200,26.5400,26.5100,26.5100,14000
1474388219,26.5400,26.5400,26.5100,26.5148,8200
1474388223,26.5400,26.5433,26.5400,26.5413,7000
1474388334,26.5450,26.5565,26.5400,26.5400,10100
1474388350,26.5610,26.5610,26.5500,26.5500,4300
1474388458,26.5460,26.5748,26.5448,26.5699,22100
1474388466,26.5863,26.5900,26.5400,26.5400,7400
1474388579,26.5900,26.6200,26.5800,26.5850,24200
1474388588,26.5800,26.6100,26.5800,26.5934,4700
1474388683,26.5800,26.5900,26.5800,26.5900,400
1474388758,26.5500,26.5900,26.5450,26.5900,13900
1474388819,26.5500,26.5611,26.5300,26.5400,3700
1474388831,26.5552,26.5652,26.5552,26.5600,5600
1474388939,26.5750,26.5800,26.5550,26.5565,6100
1474388998,26.5800,26.5900,26.5700,26.5710,10000
1474389058,26.5900,26.5900,26.5700,26.5782,20200
1474389112,26.5950,26.6000,26.5900,26.5900,9600
1474389179,26.5790,26.6000,26.5750,26.6000,8600
1474389184,26.5760,26.5800,26.5700,26.5700,1800
1474389298,26.5600,26.6000,26.5600,26.5750,17300
1474389352,26.5700,26.5900,26.5500,26.5600,22100
1474389419,26.5300,26.5700,26.5300,26.5600,18800
1474389474,26.5430,26.5500,26.5300,26.5399,44200
1474389539,26.5600,26.5600,26.5400,26.5460,6700
1474389540,26.6000,26.6000,26.5563,26.5563,8700
1474389601,26.6200,26.6300,26.6000,26.6100,35200
1474389661,26.6000,26.6100,26.6000,26.6100,6000
1474389778,26.6100,26.6200,26.6000,26.6001,15600
1474389831,26.6200,26.6280,26.6000,26.6100,11300
1474389897,26.6399,26.6400,26.6201,26.6235,4600
1474389900,26.6000,26.6410,26.6000,26.6400,26900
1474389960,26.5950,26.6250,26.5900,26.6100,41800
1474390030,26.5890,26.6100,26.5800,26.5900,38700
1474390082,26.5993,26.6000,26.5800,26.5900,31000
1474390197,26.5800,26.6000,26.5700,26.5900,10400
1474390259,26.5537,26.6000,26.5400,26.5799,13300
1474390314,26.5600,26.5700,26.5520,26.5520,6700
1474390379,26.5600,26.5700,26.5600,26.5666,1900
1474390436,26.5600,26.5700,26.5600,26.5650,13900
1474390499,26.5827,26.5900,26.5600,26.5700,20300
1474390558,26.5700,26.5900,26.5600,26.5800,14600
1474390616,26.5600,26.5699,26.5500,26.5633,18700
1474390623,26.5535,26.5600,26.5350,26.5600,25800
1474390680,26.5500,26.5500,26.5300,26.5500,28800
1474390741,26.5099,26.5500,26.5000,26.5500,78800
1474390859,26.4950,26.5100,26.4800,26.5000,58800
1474390919,26.4800,26.4950,26.4700,26.4900,50500
1474390977,26.4790,26.4800,26.4600,26.4700,25000
1474391035,26.4800,26.4900,26.4700,26.4700,13200
1474391042,26.5000,26.5100,26.4800,26.4800,45000
1474391159,26.5150,26.5200,26.5000,26.5000,16500
1474391219,26.5250,26.5250,26.5100,26.5200,10000
1474391279,26.5300,26.5300,26.5200,26.5300,9000
1474391339,26.5100,26.5315,26.5050,26.5315,18500
1474391340,26.5100,26.5100,26.4900,26.5100,39600
1474391458,26.5000,26.5100,26.5000,26.5100,14700
1474391519,26.4890,26.5000,26.4800,26.5000,48700
1474391520,26.4900,26.5000,26.4800,26.4900,28600
1474391637,26.4801,26.5000,26.4800,26.4900,20100
1474391698,26.4900,26.4900,26.4700,26.4801,22100
1474391700,26.4900,26.4900,26.4700,26.4900,24600
1474391816,26.5212,26.5300,26.4800,26.4800,11900
1474391879,26.5500,26.5500,26.5250,26.5250,20000
1474391939,26.5350,26.5700,26.5300,26.5500,89000
1474391999,26.5150,26.5400,26.5100,26.5337,31700
1474392058,26.5200,26.5400,26.5100,26.5197,30100
1474392119,26.5300,26.5300,26.5150,26.5300,8800
1474392178,26.5300,26.5300,26.5200,26.5300,5000
1474392238,26.5200,26.5500,26.5100,26.5300,25700
1474392299,26.5200,26.5250,26.5100,26.5200,25500
1474392358,26.5400,26.5400,26.5000,26.5200,31300
1474392419,26.5401,26.5501,26.5300,26.5300,23100
1474392479,26.5600,26.5600,26.5400,26.5500,23700
1474392539,26.5300,26.5600,26.5200,26.5500,35200
1474392541,26.5250,26.5300,26.5200,26.5300,12900
1474392658,26.5000,26.5300,26.4800,26.5200,31700
1474392662,26.5050,26.5100,26.5000,26.5000,8200
1474392734,26.5000,26.5100,26.5000,26.5000,4100
1474392838,26.5200,26.5300,26.5000,26.5000,19300
1474392899,26.5200,26.5300,26.5200,26.5290,16600
1474392957,26.5250,26.5300,26.5150,26.5300,15300
1474393019,26.4100,26.5300,26.4100,26.5200,166000
1474393020,26.4200,26.4300,26.3300,26.4300,189600
1474393139,26.4500,26.4700,26.4110,26.4200,30200
1474393198,26.4300,26.4600,26.4100,26.4550,48400
1474393258,26.4700,26.4700,26.4293,26.4300,16000
1474393261,26.4800,26.4865,26.4600,26.4700,20900
1474393377,26.4800,26.4900,26.4650,26.4700,8900
1474393438,26.4900,26.4900,26.4700,26.4735,19900
1474393440,26.5000,26.5000,26.4800,26.4900,31300
1474393501,26.4900,26.4950,26.4700,26.4900,26200
1474393615,26.4900,26.4900,26.4850,26.4900,2800
1474393677,26.4400,26.4800,26.4300,26.4800,55600
1474393739,26.4300,26.4400,26.4300,26.4300,34800
1474393799,26.4539,26.4600,26.4352,26.4400,64000
1474393859,26.4200,26.4600,26.4100,26.4501,108000
1474393919,26.4100,26.4200,26.4100,26.4157,32200
1474393979,26.4100,26.4200,26.4000,26.4100,25900
1474393981,26.4037,26.4100,26.3800,26.4100,69000
1474394040,26.3900,26.4100,26.3900,26.4000,35100
1474394158,26.4550,26.4550,26.3900,26.3900,69600
1474394218,26.4800,26.4800,26.4500,26.4550,30800
1474394279,26.5350,26.5400,26.4732,26.4750,84100
1474394339,26.5100,26.5500,26.4800,26.5300,40000
1474394399,26.4600,26.5200,26.4600,26.5100,22100
1474394400,26.4800,26.4800,26.4401,26.4600,99400
1474394464,26.4937,26.4937,26.4800,26.4800,12100
1474394575,26.5000,26.5200,26.5000,26.5000,4800
1474394633,26.5000,26.5100,26.4700,26.4900,12200
1474394685,26.5010,26.5010,26.4900,26.4943,12800
1474394757,26.5150,26.5300,26.4933,26.4933,18900
1474394768,26.5150,26.5200,26.5100,26.5157,8900
1474394877,26.5000,26.5200,26.5000,26.5200,8500
1474394939,26.4700,26.5000,26.4700,26.4900,6300
1474394978,26.4900,26.5000,26.4750,26.4800,5200
1474395002,26.5000,26.5000,26.4800,26.4900,11900
1474395119,26.4600,26.4900,26.4600,26.4900,11400
1474395162,26.4501,26.4600,26.4300,26.4600,19100
1474395237,26.4400,26.4597,26.4300,26.4590,19400
1474395299,26.4300,26.4700,26.4300,26.4500,42000
1474395345,26.4600,26.4600,26.4375,26.4400,11000
1474395418,26.4600,26.4750,26.4500,26.4700,12600
1474395472,26.4700,26.4800,26.4600,26.4625,8900
1474395538,26.4700,26.4800,26.4700,26.4700,9000
1474395546,26.4700,26.4766,26.4600,26.4760,9400
1474395657,26.4760,26.4800,26.4600,26.4700,6900
1474395708,26.4600,26.4799,26.4600,26.4799,5100
1474395726,26.4044,26.4700,26.4000,26.4639,27700
1474395837,26.3965,26.4070,26.3800,26.4070,43400
1474395840,26.3700,26.3900,26.3600,26.3900,38900
1474395958,26.3650,26.4000,26.3600,26.3800,50600
1474396018,26.3700,26.3800,26.3650,26.3652,19200
1474396020,26.3700,26.3800,26.3600,26.3750,29400
1474396137,26.3600,26.3950,26.3600,26.3800,29500
1474396193,26.3600,26.4000,26.3600,26.3600,65800
1474396257,26.3400,26.3650,26.3100,26.3600,78900
1474396319,26.2900,26.3600,26.2900,26.3421,64000
1474396320,26.3100,26.3201,26.2950,26.2990,48700
1474396381,26.3200,26.3300,26.3100,26.3180,22000
1474396494,26.3663,26.3700,26.3261,26.3280,22400
1474396548,26.3597,26.3700,26.3400,26.3700,17100
1474396615,26.3493,26.3500,26.3400,26.3500,4400
1474396627,26.3200,26.3400,26.2800,26.3400,57400
1474396695,26.3300,26.3312,26.3100,26.3200,7700
1474396796,26.3550,26.3699,26.3300,26.3300,16000
1474396802,26.3500,26.3700,26.3400,26.3600,10400
1474396919,26.3601,26.3800,26.3550,26.3550,42400
1474396977,26.3450,26.3700,26.3400,26.3700,29300
1474397035,26.3499,26.3500,26.3200,26.3400,17800
1474397099,26.3300,26.3500,26.3300,26.3499,23100
1474397157,26.3650,26.3700,26.3400,26.3400,19600
1474397217,26.3700,26.3700,26.3500,26.3601,11200
1474397221,26.3601,26.3700,26.3500,26.3650,10400
1474397334,26.3700,26.3700,26.3600,26.3665,16500
1474397399,26.3400,26.3700,26.3300,26.3700,18400
1474397455,26.3300,26.3450,26.3200,26.3400,7700
1474397519,26.3500,26.3565,26.3250,26.3300,13700
1474397572,26.3500,26.3500,26.3200,26.3400,18100
1474397632,26.3500,26.3600,26.3400,26.3500,8800
1474397640,26.3400,26.3633,26.3400,26.3535,44500
1474397759,26.3750,26.3750,26.3500,26.3500,21600
1474397817,26.3800,26.3800,26.3600,26.3700,20300
1474397821,26.4000,26.4200,26.3800,26.3800,32300
1474397934,26.4000,26.4099,26.3700,26.4099,14400
1474397941,26.4000,26.4000,26.3850,26.3999,8800
1474398056,26.4000,26.4100,26.3950,26.4100,12100
1474398118,26.4399,26.4400,26.4000,26.4000,17100
1474398177,26.4650,26.4800,26.4300,26.4300,41900
1474398182,26.4800,26.4900,26.4640,26.4640,22600
1474398299,26.4899,26.4900,26.4800,26.4850,26300
1474398358,26.5050,26.5200,26.4800,26.4899,43800
1474398419,26.4900,26.5099,26.4900,26.5099,39100
1474398421,26.4700,26.4999,26.4500,26.4910,27500
1474398484,26.5020,26.5020,26.4700,26.4700,14800
1474398599,26.5000,26.5096,26.5000,26.5000,4400
1474398659,26.4900,26.5154,26.4800,26.5100,36100
1474398717,26.4730,26.4900,26.4600,26.4899,18300
1474398774,26.4748,26.4800,26.4700,26.4750,24900
1474398780,26.4800,26.4800,26.4600,26.4800,14000
1474398893,26.4800,26.4800,26.4700,26.4700,4800
1474398904,26.4716,26.4800,26.4700,26.4800,6800
1474398968,26.4800,26.4800,26.4700,26.4750,10600
1474399028,26.4501,26.4800,26.4425,26.4800,20100
1474399132,26.4501,26.4600,26.4501,26.4550,700
1474399199,26.4550,26.4600,26.4500,26.4500,10000
1474399259,26.4600,26.4800,26.4600,26.4600,19200
1474399314,26.4600,26.4700,26.4600,26.4663,4000
1474399376,26.4699,26.4700,26.4600,26.4699,3700
1474399435,26.4800,26.4800,26.4600,26.4650,6100
1474399498,26.4700,26.4800,26.4680,26.4780,8900
1474399500,26.4480,26.4850,26.4480,26.4700,31000
1474399614,26.4780,26.4795,26.4450,26.4463,10200
1474399670,26.4500,26.4750,26.4500,26.4750,16700
1474399735,26.4550,26.4600,26.4500,26.4550,5500
1474399798,26.4401,26.4540,26.4400,26.4500,9800
1474399802,26.4600,26.4800,26.4450,26.4500,17300
1474399914,26.4599,26.4800,26.4400,26.4500,46000
1474399931,26.4400,26.4650,26.4300,26.4600,27300
1474399985,26.4700,26.4790,26.4400,26.4500,17000
1474400093,26.4700,26.4800,26.4700,26.4710,3400
1474400109,26.4765,26.4800,26.4650,26.4780,18100
1474400209,26.4999,26.5000,26.4700,26.4710,19400
1474400278,26.4730,26.5000,26.4700,26.4900,26800
1474400323,26.4565,26.4711,26.4500,26.4700,13200
1474400393,26.4600,26.4650,26.4500,26.4550,34800
1474400400,26.4400,26.4600,26.4200,26.4600,47600
1474400515,26.4204,26.4400,26.4204,26.4400,16600
1474400579,26.4400,26.4400,26.4000,26.4200,34100
1474400583,26.4350,26.4500,26.4310,26.4400,17300
1474400695,26.4469,26.4500,26.4300,26.4352,15800
1474400756,26.4300,26.4450,26.4300,26.4450,19700
1474400819,26.4000,26.4375,26.3807,26.4350,75400
1474400879,26.3900,26.4000,26.3900,26.4000,19900
1474400881,26.4000,26.4090,26.3900,26.3950,41700
1474400999,26.3900,26.4100,26.3900,26.4000,45400
1474401057,26.4100,26.4200,26.3901,26.4000,33900
1474401119,26.4200,26.4250,26.4100,26.4146,13900
1474401177,26.3900,26.4300,26.3900,26.4250,57800
1474401239,26.4200,26.4200,26.3900,26.3900,25600
1474401298,26.3840,26.4200,26.3800,26.4143,104700
1474401359,26.3990,26.4200,26.3800,26.3850,48100
1474401419,26.3750,26.4000,26.3700,26.3950,55000
1474401421,26.3650,26.3850,26.3600,26.3750,80800
1474401480,26.3497,26.3750,26.3400,26.3700,97500
1474401599,26.3400,26.3700,26.3300,26.3500,206200
1474401600,26.3300,26.3300,26.3300,26.3300,74100
