uri:/instrument/1.0/AVY/chartdata;type=quote;range=1d/csv
ticker:avy
Company-Name:Avery Dennison Corporation Comm
Exchange-Name:NYQ
unit:MIN
timezone:EDT
currency:USD
gmtoffset:-14400
previous_close:77.6200
Timestamp:1474464600,1474488000
labels:1474466400,1474470000,1474473600,1474477200,1474480800,1474484400,1474488000
values:Timestamp,close,high,low,open,volume
close:77.2900,78.1600
high:77.2900,78.1800
low:77.2800,78.1600
open:77.2808,78.1600
volume:100,11700
1474464601,77.6600,77.6600,77.6600,77.6600,4400
1474464826,77.7956,77.7956,77.7956,77.7956,200
1474464868,78.0000,78.0000,78.0000,78.0000,200
1474464910,77.9800,77.9800,77.8400,77.9100,1200
1474465012,78.1500,78.1500,78.0700,78.0700,600
1474465061,78.1000,78.1000,78.1000,78.1000,400
1474465091,77.9250,78.0900,77.9250,78.0900,600
1474465175,78.0800,78.0800,78.0800,78.0800,100
1474465210,78.0100,78.0700,77.9500,77.9500,400
1474465316,78.0100,78.0200,77.9900,78.0100,600
1474465320,77.9900,77.9900,77.9900,77.9900,200
1474465456,77.9000,77.9000,77.9000,77.9000,200
1474465510,77.9300,77.9300,77.8900,77.8900,800
1474465649,77.9800,77.9800,77.9800,77.9800,100
1474465681,78.0500,78.0500,78.0200,78.0200,700
1474465741,78.0400,78.1100,78.0400,78.0500,1000
1474465828,78.0100,78.0400,78.0100,78.0300,3000
1474465926,78.0200,78.0400,77.9800,77.9800,1900
1474465990,78.0000,78.0000,77.9700,77.9800,600
1474466055,77.9700,77.9700,77.9700,77.9700,100
1474466210,78.0300,78.0300,77.9750,77.9750,1300
1474466220,77.9900,78.0100,77.9500,77.9700,2100
1474466350,78.0400,78.0400,78.0000,78.0000,1100
1474466481,77.9600,78.0250,77.9500,77.9700,1500
1474466539,77.9400,77.9400,77.9400,77.9400,200
1474466606,77.9800,77.9800,77.9602,77.9602,300
1474466692,77.9200,77.9500,77.9100,77.9500,1100
1474466743,78.0000,78.0000,77.9700,77.9800,400
1474466823,77.8800,77.9700,77.8800,77.9700,3100
1474466882,77.8500,77.8800,77.8500,77.8800,500
1474467019,77.8800,77.8800,77.8200,77.8700,1100
1474467080,77.8900,77.8900,77.8696,77.8696,300
1474467152,77.9900,77.9900,77.8800,77.8900,1800
1474467217,77.9700,77.9700,77.9500,77.9500,200
1474467296,77.9700,77.9700,77.9700,77.9700,100
1474467316,77.9900,77.9900,77.9400,77.9500,2100
1474467420,77.9650,77.9650,77.9400,77.9650,1100
1474467486,78.0100,78.0100,77.9600,77.9600,1700
1474467596,78.0200,78.0200,78.0200,78.0200,500
1474467708,78.0600,78.0600,78.0600,78.0600,100
1474467735,78.0600,78.0600,78.0500,78.0500,200
1474467844,78.1000,78.1000,78.0500,78.0500,1200
1474467951,78.1100,78.1100,78.1100,78.1100,100
1474467966,78.0850,78.1100,78.0850,78.1100,200
1474468049,78.0700,78.1000,78.0700,78.1000,1500
1474468133,78.0000,78.0480,78.0000,78.0400,1300
1474468199,77.9700,78.0000,77.9600,78.0000,2000
1474468258,77.9850,78.0100,77.9600,78.0100,1100
1474468282,77.9800,77.9800,77.9750,77.9800,700
1474468337,77.9700,77.9700,77.9600,77.9600,600
1474468434,77.9000,77.9500,77.9000,77.9500,800
1474468489,77.8900,77.9000,77.8900,77.9000,300
1474468521,77.9200,77.9200,77.9200,77.9200,100
1474468609,77.8200,77.8900,77.8200,77.8900,1800
1474468640,77.8400,77.8400,77.8200,77.8200,800
1474468721,77.8150,77.8150,77.8150,77.8150,100
1474468789,77.7900,77.7900,77.7900,77.7900,200
1474468833,77.8000,77.8000,77.7900,77.7900,700
1474468889,77.8100,77.8100,77.8000,77.8100,800
1474468922,77.8200,77.8200,77.8000,77.8000,600
1474469026,77.8600,77.8600,77.8300,77.8300,600
1474469094,77.8900,77.8900,77.8800,77.8800,500
1474469144,77.9000,77.9000,77.8800,77.8800,200
1474469166,77.8000,77.8800,77.8000,77.8800,1600
1474469262,77.8450,77.8450,77.8300,77.8300,1000
1474469292,77.8400,77.8400,77.8400,77.8400,700
1474469434,77.8400,77.8400,77.8400,77.8400,100
1474469477,77.8550,77.8550,77.8550,77.8550,400
1474469571,77.8800,77.8800,77.8400,77.8400,1800
1474469687,77.8400,77.8600,77.8400,77.8600,500
1474469715,77.8200,77.8600,77.8200,77.8600,1000
1474469859,77.8200,77.8200,77.8200,77.8200,300
1474469907,77.7900,77.8100,77.7900,77.8100,400
1474470091,77.7900,77.8000,77.7900,77.7900,900
1474470177,77.7651,77.7800,77.7600,77.7800,1000
1474470218,77.7900,77.7900,77.7800,77.7800,200
1474470273,77.7700,77.7800,77.7700,77.7800,500
1474470404,77.7600,77.7800,77.7600,77.7800,1000
1474470469,77.7300,77.7600,77.7300,77.7600,1000
1474470529,77.7300,77.7300,77.7100,77.7100,200
1474470548,77.6900,77.6900,77.6900,77.6900,300
1474470653,77.6200,77.6600,77.6200,77.6600,400
1474470700,77.6400,77.6400,77.6400,77.6400,100
1474470755,77.6000,77.6400,77.6000,77.6400,400
1474470917,77.6000,77.6000,77.6000,77.6000,100
1474470979,77.5800,77.5800,77.5800,77.5800,300
1474471027,77.5500,77.5500,77.5500,77.5500,400
1474471095,77.5500,77.5500,77.5500,77.5500,700
1474471154,77.5550,77.5600,77.5300,77.5400,2900
1474471241,77.5700,77.5700,77.5500,77.5600,600
1474471291,77.5900,77.5900,77.5900,77.5900,100
1474471362,77.5900,77.5900,77.5900,77.5900,100
1474471412,77.5700,77.6000,77.5700,77.6000,900
1474471452,77.6000,77.6000,77.6000,77.6000,100
1474471538,77.6300,77.6300,77.6300,77.6300,200
1474471673,77.6300,77.6300,77.6300,77.6300,100
1474471693,77.6400,77.6400,77.6200,77.6200,500
1474471777,77.6900,77.6900,77.6500,77.6500,900
1474471871,77.7100,77.7100,77.6800,77.7100,600
1474471951,77.6500,77.7000,77.6500,77.7000,1400
1474471990,77.6400,77.6500,77.6200,77.6400,600
1474472054,77.6100,77.6100,77.5900,77.5900,500
1474472380,77.6401,77.6500,77.6400,77.6400,1100
1474472443,77.6500,77.6600,77.6500,77.6500,700
1474472492,77.6600,77.6600,77.6600,77.6600,100
1474472520,77.6700,77.6700,77.6700,77.6700,500
1474472580,77.6600,77.6700,77.6500,77.6700,1200
1474472678,77.6000,77.6400,77.5800,77.5800,300
1474472713,77.5801,77.5801,77.5801,77.5801,300
1474472859,77.6000,77.6300,77.6000,77.6300,300
1474472919,77.6200,77.6200,77.6200,77.6200,200
1474473013,77.6200,77.6200,77.6000,77.6000,400
1474473116,77.6400,77.6400,77.6100,77.6100,1200
1474473147,77.6400,77.6400,77.6400,77.6400,200
1474473226,77.6200,77.6200,77.6200,77.6200,600
1474473253,77.6000,77.6000,77.6000,77.6000,200
1474473419,77.6700,77.6700,77.6100,77.6100,500
1474473423,77.6900,77.6900,77.6700,77.6700,900
1474473480,77.7100,77.7100,77.6800,77.6800,300
1474473586,77.7000,77.7251,77.7000,77.7251,200
1474473616,77.7200,77.7200,77.7100,77.7100,400
1474473695,77.7200,77.7200,77.7200,77.7200,300
1474473746,77.6900,77.7000,77.6900,77.7000,300
1474473821,77.6800,77.6800,77.6800,77.6800,400
1474473862,77.6800,77.6800,77.6800,77.6800,400
1474473907,77.6900,77.7000,77.6900,77.7000,800
1474473976,77.6900,77.6900,77.6700,77.6700,300
1474474024,77.7300,77.7300,77.6900,77.6900,900
1474474117,77.7500,77.7500,77.7500,77.7500,100
1474474193,77.7000,77.7200,77.7000,77.7200,800
1474474206,77.6800,77.6800,77.6800,77.6800,100
1474474328,77.6600,77.6700,77.6400,77.6400,1400
1474474387,77.6600,77.6600,77.6500,77.6600,1000
1474474503,77.6000,77.6450,77.5900,77.6450,2800
1474474619,77.5900,77.6000,77.5900,77.6000,700
1474474620,77.5900,77.6000,77.5800,77.6000,500
1474474766,77.5600,77.5600,77.5300,77.5300,1100
1474474890,77.5500,77.5600,77.5500,77.5600,400
1474474969,77.5500,77.5500,77.5500,77.5500,100
1474475051,77.5600,77.5600,77.5600,77.5600,400
1474475124,77.5300,77.5300,77.5300,77.5300,200
1474475164,77.5200,77.5200,77.4900,77.5000,1300
1474475237,77.5100,77.5200,77.5100,77.5200,300
1474475317,77.5000,77.5100,77.5000,77.5100,400
1474475389,77.4700,77.4800,77.4700,77.4800,200
1474475572,77.4700,77.4700,77.4700,77.4700,500
1474475662,77.4000,77.4200,77.4000,77.4200,400
1474475712,77.4000,77.4000,77.4000,77.4000,300
1474475803,77.4200,77.4200,77.4200,77.4200,300
1474475948,77.3900,77.4100,77.3900,77.4100,600
1474476008,77.3800,77.3800,77.3800,77.3800,200
1474476161,77.3500,77.3500,77.3500,77.3500,400
1474476292,77.3800,77.3800,77.3700,77.3700,500
1474476364,77.3700,77.3700,77.3500,77.3700,900
1474476422,77.3600,77.3800,77.3600,77.3800,800
1474476569,77.3200,77.3400,77.3200,77.3400,700
1474476606,77.2900,77.2900,77.2800,77.2808,1000
1474476697,77.3000,77.3000,77.3000,77.3000,200
1474476721,77.3200,77.3200,77.3200,77.3200,400
1474476794,77.4200,77.4200,77.3700,77.3700,1800
1474476850,77.4500,77.4650,77.4500,77.4650,500
1474477143,77.5400,77.5600,77.5400,77.5600,1200
1474477393,77.5800,77.5800,77.5600,77.5600,800
1474477453,77.6300,77.6300,77.5900,77.6000,500
1474477521,77.5900,77.6000,77.5900,77.5900,700
1474477564,77.6000,77.6000,77.6000,77.6000,200
1474477623,77.5800,77.6000,77.5500,77.5900,2400
1474477713,77.5700,77.5700,77.5700,77.5700,400
1474477837,77.6000,77.6000,77.5900,77.5900,200
1474477904,77.6000,77.6000,77.5900,77.5900,11700
1474477974,77.5900,77.5900,77.5900,77.5900,300
1474477986,77.5900,77.6000,77.5900,77.5900,1100
1474478043,77.5800,77.5850,77.5800,77.5800,600
1474478126,77.5600,77.5900,77.5600,77.5900,800
1474478301,77.5600,77.5600,77.5600,77.5600,100
1474478349,77.5415,77.5600,77.5415,77.5600,800
1474478420,77.5600,77.5600,77.5600,77.5600,200
1474478557,77.6000,77.6000,77.5800,77.5800,400
1474478612,77.5500,77.5900,77.5500,77.5900,1000
1474478731,77.5600,77.5700,77.5600,77.5700,500
1474478801,77.5400,77.5500,77.5400,77.5500,400
1474478847,77.5900,77.5900,77.5700,77.5700,400
1474478921,77.5907,77.5907,77.5907,77.5907,200
1474479117,77.5800,77.5800,77.5800,77.5800,100
1474479147,77.6074,77.6200,77.6000,77.6000,2300
1474479210,77.6000,77.6200,77.6000,77.6200,1400
1474479240,77.6100,77.6100,77.6100,77.6100,300
1474479342,77.6400,77.6400,77.6400,77.6400,200
1474479373,77.5800,77.6150,77.5800,77.6150,1500
1474479426,77.6200,77.6200,77.6100,77.6100,700
1474479485,77.6200,77.6200,77.6200,77.6200,100
1474479562,77.5900,77.6150,77.5900,77.6150,1200
1474479745,77.5500,77.5500,77.5500,77.5500,100
1474479781,77.5201,77.5201,77.5201,77.5201,100
1474479852,77.5600,77.5600,77.5400,77.5400,700
1474479903,77.5400,77.5400,77.5400,77.5400,800
1474480087,77.6000,77.6000,77.5900,77.5900,1000
1474480183,77.6000,77.6100,77.6000,77.6100,1000
1474480204,77.5700,77.5800,77.5700,77.5800,200
1474480291,77.5600,77.5600,77.5500,77.5600,900
1474480364,77.5600,77.5600,77.5600,77.5600,100
1474480419,77.5200,77.5500,77.5200,77.5500,800
1474480596,77.5800,77.6150,77.5800,77.6150,1200
1474480661,77.6650,77.6650,77.6100,77.6100,1200
1474480687,77.6300,77.6400,77.6000,77.6400,800
1474480746,77.6000,77.6400,77.6000,77.6300,900
1474480855,77.6900,77.7600,77.5200,77.5200,5000
1474480915,77.7300,77.7500,77.7100,77.7300,1500
1474480920,77.7000,77.7300,77.7000,77.7300,300
1474481025,77.6600,77.6600,77.6600,77.6600,1000
1474481069,77.7000,77.7600,77.6900,77.6900,600
1474481107,77.7400,77.7400,77.7200,77.7200,300
1474481160,77.7800,77.8200,77.7400,77.7400,1000
1474481277,77.7900,77.8100,77.7600,77.7720,1900
1474481286,77.8100,77.8100,77.8100,77.8100,100
1474481413,77.9600,77.9600,77.8500,77.8600,900
1474481462,77.9850,77.9900,77.9600,77.9900,1400
1474481562,77.9800,77.9800,77.9800,77.9800,300
1474481584,77.9800,77.9950,77.9800,77.9950,300
1474481654,77.8800,77.9800,77.8800,77.9800,1100
1474481716,77.9300,77.9300,77.9300,77.9300,100
1474481767,77.9300,77.9300,77.9300,77.9300,100
1474481857,77.8900,77.9000,77.8900,77.9000,200
1474481881,77.8300,77.8300,77.8300,77.8300,100
1474481962,77.8800,77.8800,77.8261,77.8261,500
1474482025,77.8300,77.8300,77.8200,77.8200,200
1474482104,77.7800,77.7800,77.7800,77.7800,300
1474482126,77.7900,77.8000,77.7750,77.7800,1200
1474482199,77.8400,77.8400,77.8300,77.8300,700
1474482289,77.7200,77.8600,77.7200,77.8600,1200
1474482300,77.7000,77.7300,77.6700,77.6700,1100
1474482387,77.6200,77.6200,77.5800,77.6200,700
1474482460,77.5800,77.5900,77.5800,77.5900,300
1474482483,77.5600,77.5600,77.5600,77.5600,400
1474482594,77.5800,77.5800,77.5800,77.5800,100
1474482632,77.6000,77.6200,77.6000,77.6200,200
1474482667,77.5700,77.6000,77.5700,77.5900,1300
1474482750,77.5500,77.5500,77.5400,77.5400,1000
1474482787,77.5000,77.5600,77.5000,77.5600,400
1474482885,77.5800,77.5800,77.5800,77.5800,400
1474482929,77.6200,77.6200,77.6000,77.6000,500
1474483012,77.6500,77.6500,77.6300,77.6500,400
1474483034,77.6500,77.6500,77.6500,77.6500,100
1474483105,77.6400,77.6600,77.6400,77.6500,700
1474483144,77.6875,77.6900,77.6700,77.6700,400
1474483231,77.6434,77.6900,77.6400,77.6900,1000
1474483297,77.6700,77.6700,77.6600,77.6600,400
1474483347,77.7300,77.7300,77.6800,77.6800,400
1474483455,77.7500,77.7500,77.7500,77.7500,500
1474483563,77.7700,77.7700,77.7700,77.7700,500
1474483644,77.7200,77.7500,77.7200,77.7500,600
1474483684,77.7350,77.7350,77.7350,77.7350,100
1474483760,77.7050,77.7100,77.6900,77.7000,600
1474483941,77.7300,77.7300,77.7200,77.7200,700
1474483981,77.7200,77.7300,77.6960,77.7300,1300
1474484174,77.7600,77.7600,77.7200,77.7200,1300
1474484239,77.8100,77.8100,77.8100,77.8100,300
1474484331,77.8800,77.8800,77.8600,77.8600,400
1474484341,77.8677,77.8900,77.8500,77.8900,2800
1474484413,77.8400,77.8800,77.8300,77.8800,2100
1474484462,77.8800,77.8800,77.8200,77.8200,2300
1474484521,77.9000,77.9020,77.8950,77.9000,1800
1474484634,77.9200,77.9200,77.9050,77.9050,300
1474484655,77.9300,77.9600,77.9300,77.9600,900
1474484717,78.0400,78.0400,78.0000,78.0000,1500
1474484784,78.0200,78.0400,78.0200,78.0400,200
1474484852,77.9700,77.9800,77.9700,77.9800,400
1474484914,77.9400,77.9400,77.9400,77.9400,600
1474484967,77.9600,77.9600,77.9400,77.9400,1200
1474485025,78.0200,78.0200,78.0200,78.0200,300
1474485092,78.0400,78.0700,78.0400,78.0700,300
1474485175,78.0194,78.0400,78.0194,78.0400,200
1474485180,78.0300,78.0800,78.0200,78.0375,2000
1474485240,78.0300,78.0400,78.0200,78.0400,2200
1474485358,77.9900,78.0300,77.9900,78.0300,1700
1474485417,78.0200,78.0300,77.9900,78.0000,2000
1474485478,78.0100,78.0600,78.0100,78.0200,2100
1474485537,77.9700,78.0100,77.9700,77.9900,1800
1474485541,77.9300,77.9600,77.9200,77.9600,2600
1474485657,77.9300,77.9700,77.9200,77.9300,2800
1474485718,77.9100,77.9450,77.9000,77.9200,2300
1474485722,77.9100,77.9300,77.8800,77.9000,3000
1474485838,77.9400,77.9500,77.9000,77.9000,3300
1474485843,77.9200,77.9400,77.9200,77.9400,2700
1474485955,77.8800,77.9000,77.8700,77.8800,1700
1474485960,77.8300,77.8950,77.8300,77.8800,3900
1474486078,77.8700,77.8900,77.8300,77.8300,3300
1474486139,77.8500,77.8900,77.8500,77.8500,3100
1474486143,77.8600,77.8800,77.8400,77.8500,2500
1474486252,77.9100,77.9100,77.8700,77.8700,4900
1474486261,77.9300,77.9450,77.9100,77.9100,5000
1474486379,77.9800,77.9800,77.9200,77.9300,3600
1474486439,78.0100,78.0100,77.9600,77.9700,2600
1474486452,78.0300,78.0400,77.9900,77.9900,4700
1474486558,78.0800,78.0800,78.0300,78.0300,4700
1474486617,78.0050,78.0900,78.0050,78.0900,3100
1474486674,78.0200,78.0250,77.9900,78.0200,2900
1474486737,77.9800,78.0100,77.9800,78.0100,2000
1474486741,77.9900,78.0200,77.9700,77.9900,1500
1474486800,78.0700,78.0750,78.0100,78.0100,5100
1474486862,78.0500,78.0900,78.0500,78.0700,2100
1474486926,78.0350,78.0700,78.0300,78.0500,2500
1474486980,78.0600,78.0800,78.0150,78.0400,3600
1474487097,78.0600,78.0800,78.0500,78.0500,3000
1474487158,78.1100,78.1100,78.0800,78.0800,4700
1474487216,78.1000,78.1100,78.0700,78.1100,3700
1474487221,78.1400,78.1400,78.0950,78.1000,3700
1474487336,78.1100,78.1400,78.1100,78.1300,2500
1474487340,78.0800,78.1100,78.0800,78.1100,3100
1474487400,78.0900,78.1400,78.0800,78.1000,5700
1474487463,78.0800,78.1000,78.0750,78.0800,2600
1474487578,78.0900,78.1000,78.0700,78.0800,3500
1474487638,78.0700,78.0700,78.0400,78.0700,5200
1474487640,78.0500,78.0850,78.0500,78.0800,2800
1474487758,78.1000,78.1300,78.0500,78.0575,6800
1474487761,78.1100,78.1100,78.0900,78.1100,6400
1474487820,78.1500,78.1700,78.1050,78.1100,7100
1474487882,78.1500,78.1800,78.1400,78.1400,6400
1474487943,78.1600,78.1700,78.1000,78.1500,9000
1474488000,78.1600,78.1600,78.1600,78.1600,2100
