uri:/instrument/1.0/ACWI/chartdata;type=quote;range=1d/csv
ticker:acwi
Company-Name:iShares MSCI ACWI Index Fund
Exchange-Name:NGM
unit:MIN
timezone:EDT
currency:USD
gmtoffset:-14400
previous_close:59.5400
Timestamp:1474637400,1474660800
labels:1474639200,1474642800,1474646400,1474650000,1474653600,1474657200,1474660800
values:Timestamp,close,high,low,open,volume
close:59.0800,59.3300
high:59.0900,59.3400
low:59.0800,59.3300
open:59.0900,59.3300
volume:100,36100
1474637426,59.2500,59.3000,59.2400,59.3000,7200
1474637508,59.2450,59.2600,59.2400,59.2600,5300
1474637558,59.2500,59.2700,59.2500,59.2500,7200
1474637631,59.2600,59.2700,59.2600,59.2600,1200
1474637685,59.2800,59.2800,59.2600,59.2600,900
1474637759,59.2900,59.2900,59.2800,59.2800,1800
1474637765,59.2900,59.3100,59.2900,59.3100,700
1474637833,59.2800,59.2800,59.2700,59.2800,10800
1474637936,59.2700,59.2800,59.2600,59.2600,6800
1474637993,59.2900,59.2900,59.2800,59.2800,700
1474638027,59.2900,59.3000,59.2900,59.2900,1300
1474638089,59.2650,59.2800,59.2650,59.2800,3000
1474638153,59.2600,59.2700,59.2600,59.2700,900
1474638217,59.2700,59.2800,59.2700,59.2700,3300
1474638294,59.2600,59.2700,59.2600,59.2700,31900
1474638354,59.2400,59.2500,59.2300,59.2500,6400
1474638412,59.2500,59.2500,59.2400,59.2400,6200
1474638430,59.2500,59.2599,59.2500,59.2500,800
1474638525,59.2500,59.2500,59.2500,59.2500,2200
1474638595,59.2500,59.2500,59.2500,59.2500,2200
1474638616,59.2500,59.2600,59.2500,59.2500,1000
1474638708,59.2500,59.2600,59.2500,59.2600,7500
1474638728,59.2400,59.2500,59.2400,59.2500,1300
1474638822,59.2300,59.2350,59.2300,59.2300,10900
1474638852,59.2400,59.2400,59.2400,59.2400,300
1474638901,59.2600,59.2600,59.2500,59.2500,3900
1474639051,59.2600,59.2700,59.2600,59.2700,800
1474639094,59.2600,59.2600,59.2500,59.2500,400
1474639198,59.2400,59.2600,59.2400,59.2600,1000
1474639243,59.2500,59.2500,59.2300,59.2400,4300
1474639286,59.2600,59.2600,59.2600,59.2600,400
1474639379,59.2700,59.2700,59.2500,59.2500,5200
1474639384,59.2600,59.2600,59.2600,59.2600,4100
1474639497,59.2800,59.2800,59.2700,59.2700,800
1474639526,59.2700,59.2800,59.2700,59.2800,600
1474639607,59.2500,59.2600,59.2500,59.2600,36100
1474639669,59.2300,59.2400,59.2300,59.2400,800
1474639719,59.2500,59.2500,59.2300,59.2300,600
1474639788,59.2500,59.2500,59.2500,59.2500,500
1474639852,59.2300,59.2500,59.2300,59.2400,1700
1474639919,59.2300,59.2300,59.2300,59.2300,1200
1474639979,59.2300,59.2300,59.2200,59.2200,800
1474640032,59.2300,59.2300,59.2200,59.2200,1200
1474640084,59.2400,59.2400,59.2300,59.2400,1700
1474640153,59.2700,59.2800,59.2600,59.2600,2000
1474640218,59.2400,59.2600,59.2400,59.2600,400
1474640262,59.2400,59.2400,59.2300,59.2300,1200
1474640294,59.2400,59.2400,59.2400,59.2400,800
1474640349,59.2400,59.2400,59.2400,59.2400,300
1474640427,59.2400,59.2400,59.2400,59.2400,200
1474640463,59.2400,59.2400,59.2300,59.2400,700
1474640540,59.2500,59.2500,59.2500,59.2500,200
1474640635,59.2550,59.2550,59.2550,59.2550,100
1474640642,59.2800,59.2800,59.2600,59.2600,700
1474640721,59.2700,59.2800,59.2700,59.2800,600
1474640779,59.2700,59.2800,59.2700,59.2800,400
1474640878,59.2800,59.2800,59.2800,59.2800,600
1474640894,59.2800,59.2800,59.2800,59.2800,200
1474640985,59.2700,59.2700,59.2700,59.2700,400
1474641059,59.3000,59.3000,59.2800,59.2800,3000
1474641109,59.2800,59.3000,59.2800,59.2999,2900
1474641156,59.2800,59.2800,59.2800,59.2800,300
1474641211,59.2700,59.2700,59.2700,59.2700,500
1474641281,59.2500,59.2600,59.2500,59.2600,900
1474641306,59.2500,59.2500,59.2500,59.2500,100
1474641401,59.2700,59.2700,59.2700,59.2700,100
1474641428,59.2500,59.2600,59.2500,59.2600,800
1474641496,59.2400,59.2400,59.2400,59.2400,200
1474641637,59.2500,59.2500,59.2500,59.2500,600
1474641664,59.2600,59.2700,59.2600,59.2600,18100
1474641811,59.2800,59.2800,59.2800,59.2800,500
1474641897,59.3100,59.3100,59.3000,59.3000,1600
1474641900,59.3000,59.3000,59.3000,59.3000,300
1474641996,59.3000,59.3000,59.3000,59.3000,200
1474642026,59.2700,59.2900,59.2700,59.2900,1000
1474642133,59.2800,59.2800,59.2800,59.2800,800
1474642189,59.2800,59.2800,59.2750,59.2750,2300
1474642224,59.2700,59.2700,59.2700,59.2700,2800
1474642294,59.2700,59.2700,59.2650,59.2700,12700
1474642370,59.2700,59.2700,59.2700,59.2700,1000
1474642491,59.2800,59.2900,59.2800,59.2800,2900
1474642555,59.2700,59.2800,59.2700,59.2800,500
1474642608,59.2700,59.2800,59.2600,59.2700,1100
1474642678,59.2900,59.2900,59.2640,59.2640,5700
1474642717,59.3000,59.3000,59.2900,59.3000,4900
1474642791,59.2800,59.2900,59.2800,59.2900,800
1474642855,59.2800,59.2800,59.2700,59.2800,500
1474642917,59.2800,59.2900,59.2800,59.2900,700
1474642934,59.2700,59.2700,59.2700,59.2700,200
1474643039,59.2800,59.2800,59.2700,59.2700,500
1474643090,59.3100,59.3100,59.2900,59.2900,900
1474643123,59.3000,59.3000,59.3000,59.3000,400
1474643278,59.3000,59.3200,59.3000,59.3100,700
1474643310,59.3000,59.3000,59.3000,59.3000,300
1474643341,59.2800,59.3000,59.2800,59.3000,700
1474643446,59.2850,59.2900,59.2850,59.2900,1400
1474643554,59.2900,59.2900,59.2900,59.2900,8000
1474643646,59.3000,59.3000,59.2800,59.2900,1000
1474643742,59.2800,59.2900,59.2800,59.2900,800
1474643762,59.2900,59.2900,59.2900,59.2900,800
1474643847,59.2700,59.2800,59.2700,59.2800,300
1474643916,59.2600,59.2600,59.2600,59.2600,400
1474643944,59.2700,59.2700,59.2700,59.2700,100
1474644029,59.2800,59.2800,59.2700,59.2700,200
1474644083,59.2700,59.2700,59.2700,59.2700,100
1474644121,59.2800,59.2800,59.2800,59.2800,200
1474644235,59.2550,59.2700,59.2550,59.2700,1200
1474644253,59.2600,59.2600,59.2500,59.2500,1200
1474644341,59.2700,59.2700,59.2700,59.2700,100
1474644402,59.2700,59.2800,59.2700,59.2800,400
1474644475,59.2800,59.2800,59.2700,59.2700,1000
1474644488,59.2800,59.2800,59.2800,59.2800,800
1474644592,59.2900,59.2900,59.2900,59.2900,2900
1474644658,59.3100,59.3150,59.2900,59.2900,2500
1474644705,59.3100,59.3100,59.3100,59.3100,300
1474644721,59.2900,59.3100,59.2900,59.3100,2100
1474644799,59.2850,59.2900,59.2800,59.2900,1000
1474644878,59.2900,59.2935,59.2900,59.2900,500
1474644925,59.2900,59.2900,59.2900,59.2900,6900
1474645010,59.3099,59.3100,59.3050,59.3100,1200
1474645040,59.3300,59.3300,59.3100,59.3100,800
1474645103,59.3300,59.3300,59.3300,59.3300,100
1474645195,59.3300,59.3300,59.3200,59.3200,3300
1474645200,59.3300,59.3400,59.3300,59.3300,6300
1474645266,59.3300,59.3300,59.3300,59.3300,300
1474645366,59.3300,59.3300,59.3300,59.3300,100
1474645461,59.3300,59.3300,59.3300,59.3300,100
1474645605,59.3100,59.3300,59.3100,59.3300,1100
1474645665,59.3000,59.3100,59.3000,59.3100,300
1474645728,59.3000,59.3000,59.3000,59.3000,700
1474645799,59.2800,59.2900,59.2700,59.2900,900
1474645853,59.2800,59.2800,59.2800,59.2800,1800
1474645901,59.2700,59.2800,59.2700,59.2800,600
1474645944,59.2600,59.2600,59.2600,59.2600,200
1474646037,59.2500,59.2600,59.2500,59.2535,2900
1474646076,59.2700,59.2700,59.2600,59.2600,9900
1474646105,59.2600,59.2600,59.2600,59.2600,600
1474646174,59.2300,59.2500,59.2200,59.2500,600
1474646250,59.2300,59.2300,59.2100,59.2200,2400
1474646334,59.2200,59.2200,59.2200,59.2200,600
1474646374,59.2300,59.2300,59.2300,59.2300,200
1474646442,59.2300,59.2300,59.2300,59.2300,1300
1474646462,59.2300,59.2300,59.2300,59.2300,200
1474646572,59.2201,59.2350,59.2200,59.2300,2100
1474646693,59.2364,59.2364,59.2300,59.2300,500
1474646707,59.2400,59.2400,59.2400,59.2400,200
1474646810,59.2300,59.2400,59.2300,59.2400,600
1474646868,59.2300,59.2300,59.2200,59.2200,1200
1474646932,59.2200,59.2200,59.2200,59.2200,500
1474646996,59.2200,59.2200,59.2160,59.2160,800
1474647056,59.2500,59.2500,59.2300,59.2300,800
1474647067,59.2400,59.2400,59.2400,59.2400,200
1474647169,59.2500,59.2500,59.2500,59.2500,400
1474647234,59.2400,59.2500,59.2400,59.2500,300
1474647299,59.2300,59.2400,59.2300,59.2400,11900
1474647342,59.2300,59.2400,59.2300,59.2300,24000
1474647360,59.2300,59.2300,59.2300,59.2300,600
1474647453,59.2500,59.2500,59.2400,59.2400,400
1474647516,59.2500,59.2500,59.2500,59.2500,300
1474647613,59.2450,59.2450,59.2450,59.2450,100
1474647715,59.2450,59.2450,59.2450,59.2450,200
1474647769,59.2400,59.2400,59.2400,59.2400,900
1474647830,59.2600,59.2600,59.2600,59.2600,200
1474647872,59.2600,59.2600,59.2600,59.2600,100
1474647966,59.2600,59.2600,59.2600,59.2600,100
1474648055,59.2600,59.2600,59.2600,59.2600,200
1474648144,59.2600,59.2600,59.2599,59.2599,200
1474648238,59.2700,59.2700,59.2600,59.2600,800
1474648360,59.2700,59.2700,59.2700,59.2700,200
1474648473,59.2634,59.2650,59.2634,59.2650,300
1474648539,59.2650,59.2650,59.2650,59.2650,200
1474648565,59.2600,59.2625,59.2600,59.2600,800
1474648676,59.2400,59.2500,59.2400,59.2500,400
1474648732,59.2300,59.2400,59.2300,59.2400,800
1474648780,59.2500,59.2500,59.2400,59.2400,900
1474648810,59.2500,59.2500,59.2500,59.2500,100
1474648896,59.2600,59.2600,59.2600,59.2600,200
1474648965,59.2600,59.2600,59.2600,59.2600,200
1474649020,59.2500,59.2500,59.2500,59.2500,200
1474649122,59.2400,59.2450,59.2400,59.2450,1700
1474649176,59.2400,59.2400,59.2400,59.2400,300
1474649259,59.2400,59.2400,59.2300,59.2350,600
1474649291,59.2400,59.2400,59.2300,59.2300,200
1474649387,59.2200,59.2400,59.2200,59.2400,1300
1474649451,59.2300,59.2300,59.2200,59.2200,1800
1474649466,59.2450,59.2450,59.2300,59.2300,1600
1474649641,59.2400,59.2400,59.2400,59.2400,100
1474649729,59.2400,59.2400,59.2400,59.2400,200
1474649782,59.2300,59.2300,59.2300,59.2300,100
1474649825,59.2399,59.2399,59.2399,59.2399,100
1474649916,59.2400,59.2400,59.2300,59.2300,300
1474649955,59.2300,59.2300,59.2300,59.2300,100
1474650058,59.2353,59.2400,59.2300,59.2400,1300
1474650114,59.2100,59.2300,59.2100,59.2300,3600
1474650123,59.2200,59.2200,59.2200,59.2200,600
1474650190,59.2300,59.2300,59.2300,59.2300,400
1474650293,59.2300,59.2350,59.2300,59.2300,700
1474650358,59.2110,59.2200,59.2110,59.2200,600
1474650362,59.2100,59.2200,59.2100,59.2200,600
1474650511,59.2000,59.2200,59.2000,59.2200,500
1474650647,59.2000,59.2100,59.2000,59.2100,1600
1474650715,59.1700,59.1900,59.1700,59.1900,7300
1474650759,59.1800,59.1900,59.1800,59.1900,1400
1474650832,59.1900,59.1900,59.1800,59.1800,1100
1474650867,59.1800,59.1800,59.1800,59.1800,400
1474650957,59.1999,59.2000,59.1800,59.1800,700
1474650994,59.1900,59.1900,59.1900,59.1900,400
1474651078,59.1800,59.1850,59.1800,59.1850,7900
1474651117,59.1800,59.1800,59.1800,59.1800,200
1474651193,59.1900,59.1900,59.1800,59.1800,200
1474651248,59.2000,59.2000,59.1900,59.1900,1900
1474651293,59.2100,59.2100,59.2000,59.2000,200
1474651323,59.1900,59.2000,59.1900,59.2000,900
1474651435,59.2000,59.2000,59.1900,59.1950,400
1474651449,59.1900,59.2000,59.1900,59.2000,300
1474651513,59.1900,59.1900,59.1900,59.1900,200
1474651600,59.2000,59.2000,59.1900,59.1900,600
1474651663,59.2100,59.2100,59.2100,59.2100,500
1474651702,59.2100,59.2200,59.2100,59.2200,400
1474651793,59.2000,59.2100,59.2000,59.2100,500
1474651849,59.2000,59.2068,59.2000,59.2068,800
1474651907,59.2050,59.2050,59.2000,59.2000,2400
1474651962,59.2000,59.2000,59.2000,59.2000,300
1474652010,59.1999,59.2000,59.1999,59.2000,1000
1474652099,59.2099,59.2100,59.2000,59.2000,900
1474652149,59.1900,59.2000,59.1900,59.2000,700
1474652250,59.2000,59.2000,59.2000,59.2000,100
1474652301,59.1900,59.1900,59.1900,59.1900,100
1474652351,59.1800,59.1900,59.1800,59.1900,400
1474652450,59.1850,59.1850,59.1850,59.1850,200
1474652519,59.1700,59.1800,59.1700,59.1800,1100
1474652545,59.1700,59.1700,59.1600,59.1700,800
1474652616,59.1700,59.1700,59.1700,59.1700,700
1474652698,59.1800,59.1850,59.1800,59.1800,500
1474652734,59.1700,59.1700,59.1700,59.1700,200
1474652760,59.1635,59.1635,59.1635,59.1635,100
1474652866,59.1500,59.1600,59.1500,59.1600,3600
1474652880,59.1500,59.1550,59.1500,59.1500,1000
1474652976,59.1400,59.1400,59.1400,59.1400,300
1474653055,59.1200,59.1300,59.1200,59.1300,1100
1474653066,59.1100,59.1200,59.1000,59.1100,1800
1474653157,59.1200,59.1200,59.1100,59.1100,400
1474653237,59.1200,59.1200,59.1200,59.1200,400
1474653243,59.1200,59.1200,59.1200,59.1200,100
1474653351,59.1100,59.1100,59.1100,59.1100,600
1474653403,59.1200,59.1200,59.1200,59.1200,1800
1474653467,59.1200,59.1200,59.1200,59.1200,100
1474653531,59.1100,59.1200,59.1100,59.1200,2900
1474653583,59.0800,59.1100,59.0800,59.1100,6900
1474653649,59.0900,59.0901,59.0900,59.0900,3100
1474653708,59.0900,59.0900,59.0900,59.0900,1800
1474653767,59.1000,59.1025,59.0900,59.0900,900
1474653830,59.1100,59.1100,59.1000,59.1000,1700
1474653868,59.1100,59.1100,59.1100,59.1100,500
1474653906,59.1100,59.1100,59.1100,59.1100,100
1474654007,59.1200,59.1200,59.1100,59.1100,1100
1474654022,59.1200,59.1250,59.1200,59.1250,1200
1474654128,59.1400,59.1400,59.1200,59.1200,1800
1474654193,59.1300,59.1300,59.1300,59.1300,500
1474654218,59.1200,59.1200,59.1200,59.1200,300
1474654288,59.1200,59.1200,59.1200,59.1200,1200
1474654371,59.1300,59.1300,59.1200,59.1200,1500
1474654439,59.1300,59.1300,59.1300,59.1300,300
1474654449,59.1300,59.1300,59.1300,59.1300,600
1474654544,59.1300,59.1300,59.1300,59.1300,400
1474654611,59.1400,59.1500,59.1400,59.1400,700
1474654649,59.1400,59.1400,59.1400,59.1400,400
1474654734,59.1400,59.1400,59.1400,59.1400,700
1474654783,59.1500,59.1500,59.1400,59.1400,600
1474654821,59.1400,59.1400,59.1400,59.1400,200
1474654913,59.1300,59.1400,59.1300,59.1400,400
1474655012,59.1300,59.1300,59.1300,59.1300,100
1474655053,59.1300,59.1300,59.1300,59.1300,100
1474655142,59.1300,59.1300,59.1300,59.1300,1200
1474655208,59.1300,59.1300,59.1267,59.1300,2000
1474655237,59.1500,59.1500,59.1400,59.1400,800
1474655284,59.1545,59.1700,59.1545,59.1600,1600
1474655401,59.1334,59.1500,59.1334,59.1500,4400
1474655500,59.1400,59.1400,59.1400,59.1400,900
1474655528,59.1400,59.1400,59.1400,59.1400,100
1474655621,59.1700,59.1700,59.1500,59.1500,400
1474655678,59.1600,59.1600,59.1600,59.1600,200
1474655759,59.1600,59.1650,59.1600,59.1600,2200
1474655794,59.1600,59.1600,59.1600,59.1600,900
1474655828,59.1600,59.1600,59.1600,59.1600,600
1474655932,59.1500,59.1500,59.1500,59.1500,600
1474655967,59.1500,59.1599,59.1500,59.1599,400
1474656100,59.1400,59.1450,59.1400,59.1450,200
1474656226,59.1300,59.1400,59.1300,59.1300,400
1474656240,59.1300,59.1300,59.1300,59.1300,900
1474656305,59.1500,59.1550,59.1400,59.1400,1400
1474656415,59.1500,59.1500,59.1500,59.1500,300
1474656476,59.1500,59.1600,59.1500,59.1500,1500
1474656497,59.1450,59.1450,59.1400,59.1400,400
1474656565,59.1600,59.1600,59.1500,59.1500,700
1474656648,59.1500,59.1500,59.1450,59.1500,4700
1474656712,59.1500,59.1500,59.1500,59.1500,500
1474656765,59.1599,59.1599,59.1599,59.1599,100
1474656792,59.1600,59.1600,59.1600,59.1600,600
1474656859,59.1600,59.1650,59.1600,59.1650,400
1474656996,59.1700,59.1700,59.1700,59.1700,100
1474657098,59.1650,59.1650,59.1600,59.1600,1000
1474657186,59.1799,59.1799,59.1700,59.1700,900
1474657200,59.1700,59.1700,59.1700,59.1700,2000
1474657313,59.1700,59.1700,59.1700,59.1700,900
1474657366,59.1700,59.1700,59.1700,59.1700,400
1474657421,59.1700,59.1700,59.1700,59.1700,3900
1474657497,59.1700,59.1700,59.1650,59.1700,5600
1474657555,59.1850,59.1850,59.1700,59.1700,22700
1474657609,59.1900,59.1900,59.1900,59.1900,2600
1474657670,59.2100,59.2100,59.1800,59.1900,7800
1474657707,59.2100,59.2100,59.2100,59.2100,100
1474657745,59.1900,59.2100,59.1900,59.2000,3200
1474657857,59.1800,59.1900,59.1800,59.1900,800
1474657912,59.1800,59.1900,59.1800,59.1800,500
1474657944,59.1850,59.1900,59.1850,59.1900,200
1474657981,59.1800,59.1900,59.1800,59.1800,2900
1474658158,59.1800,59.1800,59.1800,59.1800,500
1474658162,59.1699,59.1700,59.1600,59.1700,12300
1474658278,59.1750,59.1900,59.1600,59.1600,19000
1474658334,59.1600,59.1900,59.1600,59.1800,20900
1474658351,59.1700,59.1700,59.1600,59.1600,6700
1474658455,59.1533,59.1600,59.1501,59.1600,600
1474658511,59.1400,59.1500,59.1400,59.1500,700
1474658555,59.1500,59.1500,59.1500,59.1500,300
1474658626,59.1600,59.1600,59.1500,59.1600,1500
1474658657,59.1600,59.1600,59.1600,59.1600,800
1474658737,59.1700,59.1700,59.1600,59.1600,800
1474658776,59.1700,59.1700,59.1700,59.1700,600
1474658878,59.1800,59.1800,59.1700,59.1750,1600
1474658933,59.1900,59.1900,59.1800,59.1800,1900
1474658977,59.2000,59.2000,59.1900,59.1900,900
1474659029,59.2200,59.2200,59.2100,59.2100,600
1474659086,59.2400,59.2450,59.2200,59.2200,4800
1474659123,59.2500,59.2500,59.2500,59.2500,1100
1474659233,59.2300,59.2400,59.2300,59.2400,2200
1474659287,59.2400,59.2400,59.2300,59.2300,500
1474659356,59.2100,59.2311,59.2100,59.2300,2200
1474659360,59.2008,59.2200,59.2000,59.2100,3500
1474659475,59.1700,59.2035,59.1700,59.2000,2900
1474659508,59.1710,59.1710,59.1700,59.1700,4500
1474659593,59.1700,59.1700,59.1700,59.1700,1700
1474659657,59.1500,59.1600,59.1400,59.1600,4700
1474659716,59.1600,59.1600,59.1500,59.1600,2800
1474659774,59.1600,59.1600,59.1600,59.1600,200
1474659816,59.1700,59.1700,59.1600,59.1600,1400
1474659897,59.1600,59.1711,59.1500,59.1711,4000
1474659959,59.1600,59.1600,59.1550,59.1550,800
1474659972,59.1600,59.1600,59.1500,59.1600,1700
1474660075,59.1400,59.1600,59.1400,59.1600,1800
1474660099,59.1500,59.1500,59.1350,59.1400,1800
1474660140,59.1450,59.1500,59.1350,59.1500,2700
1474660256,59.1400,59.1500,59.1400,59.1500,2600
1474660275,59.1500,59.1500,59.1500,59.1500,1200
1474660320,59.1700,59.1800,59.1550,59.1600,4900
1474660434,59.1900,59.1900,59.1600,59.1700,4700
1474660497,59.1800,59.1900,59.1800,59.1850,2900
1474660556,59.1800,59.1800,59.1700,59.1800,7200
1474660619,59.1600,59.1800,59.1600,59.1700,6100
1474660674,59.1600,59.1700,59.1600,59.1700,18100
1474660739,59.1500,59.1650,59.1350,59.1600,8700
1474660741,59.1250,59.1550,59.1200,59.1400,26700
1474660800,59.1300,59.1300,59.1300,59.1300,4500
