uri:/instrument/1.0/VIA/chartdata;type=quote;range=1d/csv
ticker:via
Company-Name:Viacom Inc.
Exchange-Name:NMS
unit:MIN
timezone:EDT
currency:USD
gmtoffset:-14400
previous_close:39.1000
Timestamp:1474983000,1475006400
labels:1474984800,1474988400,1474992000,1474995600,1474999200,1475002800,1475006400
values:Timestamp,close,high,low,open,volume
close:38.7200,39.8600
high:38.7200,39.8600
low:38.7100,39.8600
open:38.7100,39.8600
volume:0,3300
1474983000,39.0200,39.0200,39.0200,39.0200,600
1474983317,38.7800,38.7800,38.7100,38.7100,3300
1474983533,38.7400,38.7500,38.7300,38.7400,600
1474983631,38.7200,38.7200,38.7200,38.7200,500
1474983911,38.9900,38.9900,38.9900,38.9900,100
1474984081,38.9250,38.9250,38.9250,38.9250,500
1474984179,39.0200,39.0200,38.9900,38.9900,500
1474984409,39.0100,39.0100,39.0100,39.0100,100
1474984620,39.0600,39.0600,39.0500,39.0500,200
1474984869,39.1950,39.1950,39.1950,39.1950,1200
1474984967,39.2000,39.2000,39.2000,39.2000,200
1474985161,39.1300,39.1300,39.0700,39.0700,200
1474985463,39.1455,39.1455,39.1455,39.1455,100
1474985587,39.1899,39.1899,39.1899,39.1899,500
1474985671,39.1000,39.1000,39.1000,39.1000,200
1474986196,39.0300,39.0300,39.0300,39.0300,3200
1474986512,38.9600,38.9600,38.9300,38.9600,1100
1474986613,38.9850,38.9850,38.9850,38.9850,200
1474986689,39.0500,39.0500,39.0300,39.0400,300
1474986956,39.0300,39.0900,39.0300,39.0800,3200
1474987016,38.9700,38.9700,38.9700,38.9700,500
1474987890,38.9800,38.9800,38.9800,38.9800,100
1474988350,38.9700,38.9700,38.9700,38.9700,200
1474988487,39.0300,39.0300,39.0300,39.0300,1100
1474989387,39.0100,39.0100,39.0000,39.0000,400
1474989711,39.0900,39.0900,39.0900,39.0900,100
1474989852,39.0596,39.0596,39.0596,39.0596,200
1474990332,39.2299,39.2299,39.2299,39.2299,1000
1474990576,39.2400,39.2400,39.2400,39.2400,100
1474991600,39.4100,39.4100,39.4100,39.4100,300
1474991705,39.3700,39.3700,39.3700,39.3700,100
1474992302,39.3700,39.3700,39.3700,39.3700,100
1474992450,39.3500,39.4300,39.3500,39.4290,1300
1474992661,39.3816,39.4200,39.3816,39.3816,1400
1474993348,39.5276,39.5276,39.5276,39.5276,400
1474994397,39.7700,39.7900,39.7041,39.7300,2800
1474994912,39.7450,39.7450,39.7100,39.7100,300
1474994981,39.7100,39.7100,39.7100,39.7100,1000
1474995559,39.7800,39.8000,39.7700,39.7700,2100
1474995825,39.7800,39.7800,39.7800,39.7800,400
1474996232,39.8000,39.8000,39.8000,39.8000,1700
1474997118,39.7800,39.7800,39.7800,39.7800,100
1474998500,39.7400,39.7400,39.7400,39.7400,100
1474998808,39.7500,39.7500,39.7500,39.7500,200
1474998949,39.7000,39.7200,39.6600,39.7200,2100
1474999169,39.6996,39.6996,39.6996,39.6996,100
1474999440,39.6600,39.6600,39.6600,39.6600,100
1474999543,39.6400,39.6400,39.6400,39.6400,100
1474999965,39.6200,39.6200,39.6200,39.6200,100
1475000185,39.6100,39.6100,39.6100,39.6100,100
1475000551,39.6000,39.6000,39.6000,39.6000,200
1475000616,39.6100,39.6100,39.6100,39.6100,100
1475001244,39.5800,39.5900,39.5800,39.5900,1600
1475001328,39.6100,39.6300,39.6100,39.6300,600
1475001445,39.6000,39.6000,39.6000,39.6000,400
1475001559,39.5500,39.6000,39.5500,39.6000,500
1475002256,39.5700,39.5700,39.5400,39.5400,200
1475002413,39.5700,39.5800,39.5700,39.5800,500
1475002646,39.6300,39.6300,39.5700,39.5700,800
1475003155,39.5572,39.5572,39.5572,39.5572,400
1475003795,39.6600,39.6600,39.6500,39.6500,900
1475003990,39.7200,39.7200,39.6600,39.6600,900
1475004170,39.6762,39.6762,39.6762,39.6762,200
1475004453,39.7100,39.7100,39.7100,39.7100,400
1475004510,39.7300,39.7300,39.7300,39.7300,100
1475004593,39.7340,39.7340,39.7340,39.7340,300
1475004604,39.7300,39.7500,39.7300,39.7500,400
1475004826,39.7350,39.7350,39.7300,39.7300,400
1475005272,39.7600,39.7600,39.7600,39.7600,200
1475005366,39.7700,39.7700,39.7600,39.7600,400
1475005635,39.7500,39.7500,39.7500,39.7500,500
1475005706,39.7500,39.7500,39.7500,39.7500,600
1475005921,39.7600,39.7600,39.7600,39.7600,300
1475005980,39.7500,39.7500,39.7500,39.7500,100
1475006070,39.7800,39.7800,39.7800,39.7800,600
1475006190,39.7600,39.7600,39.7600,39.7600,300
1475006267,39.8000,39.8000,39.8000,39.8000,600
1475006310,39.8000,39.8000,39.8000,39.8000,500
1475006388,39.8600,39.8600,39.8300,39.8400,1500
1475006400,39.8600,39.8600,39.8600,39.8600,0
