uri:/instrument/1.0/MDLZ/chartdata;type=quote;range=1d/csv
ticker:mdlz
Company-Name:Mondelez International, Inc.
Exchange-Name:NMS
unit:MIN
timezone:EDT
currency:USD
gmtoffset:-14400
previous_close:43.3700
Timestamp:1474637400,1474660800
labels:1474639200,1474642800,1474646400,1474650000,1474653600,1474657200,1474660800
values:Timestamp,close,high,low,open,volume
close:43.0900,43.4200
high:43.1100,43.4277
low:43.0850,43.3600
open:43.0900,43.4000
volume:500,441200
1474637448,43.4200,43.4200,43.3450,43.3800,163200
1474637500,43.2500,43.4100,43.2500,43.4000,21700
1474637568,43.3100,43.3500,43.2500,43.3100,23600
1474637581,43.3450,43.3700,43.2600,43.2900,15200
1474637697,43.3900,43.4277,43.3600,43.3600,13800
1474637705,43.2800,43.4100,43.2600,43.3800,32500
1474637762,43.2200,43.2900,43.2000,43.2700,32900
1474637822,43.2462,43.2500,43.2300,43.2300,13700
1474637936,43.2800,43.2900,43.2500,43.2500,18500
1474637999,43.2400,43.2800,43.2300,43.2800,14000
1474638052,43.1700,43.2450,43.1600,43.2400,21000
1474638119,43.1800,43.2100,43.1700,43.1800,40100
1474638120,43.1850,43.1900,43.1700,43.1800,8400
1474638182,43.2100,43.2300,43.1800,43.1900,29300
1474638245,43.2000,43.2200,43.1950,43.2000,14800
1474638358,43.1850,43.2000,43.1650,43.2000,14200
1474638417,43.2100,43.2100,43.1800,43.1800,7900
1474638422,43.1900,43.2100,43.1800,43.2000,18900
1474638481,43.1750,43.1900,43.1700,43.1850,22500
1474638597,43.1450,43.1900,43.1400,43.1800,17000
1474638602,43.1850,43.1900,43.1300,43.1400,19500
1474638715,43.2100,43.2290,43.1800,43.1900,15100
1474638779,43.1800,43.2200,43.1600,43.2200,20500
1474638837,43.1450,43.1800,43.1450,43.1750,15900
1474638899,43.0900,43.1500,43.0850,43.1500,17000
1474638958,43.1800,43.1900,43.0900,43.0900,18900
1474638962,43.1900,43.1900,43.1600,43.1700,7900
1474639023,43.1950,43.2100,43.1900,43.1900,7500
1474639083,43.1950,43.2000,43.1800,43.1950,14200
1474639144,43.2300,43.2300,43.1900,43.1900,16300
1474639258,43.2300,43.2550,43.1900,43.2400,29900
1474639261,43.2250,43.2300,43.2200,43.2300,5500
1474639379,43.2000,43.2200,43.1800,43.2200,20600
1474639381,43.2400,43.2400,43.1950,43.2000,15200
1474639497,43.2400,43.2600,43.2100,43.2500,14100
1474639554,43.2235,43.2400,43.2200,43.2350,10600
1474639560,43.2400,43.2400,43.2200,43.2300,15000
1474639620,43.2150,43.2350,43.2000,43.2300,24700
1474639684,43.2400,43.2400,43.2100,43.2200,7100
1474639740,43.2200,43.2400,43.2000,43.2350,29900
1474639805,43.2250,43.2450,43.2250,43.2300,10300
1474639867,43.2100,43.2300,43.2000,43.2200,7900
1474639936,43.2300,43.2300,43.2000,43.2200,9300
1474639980,43.2200,43.2300,43.2100,43.2300,10500
1474640099,43.2450,43.2450,43.2200,43.2200,6000
1474640101,43.2700,43.2700,43.2500,43.2500,7000
1474640165,43.2100,43.2700,43.2100,43.2650,26800
1474640279,43.2000,43.2200,43.1800,43.2200,36800
1474640325,43.2200,43.2200,43.1900,43.2000,5900
1474640342,43.2450,43.2500,43.2300,43.2300,10300
1474640456,43.2600,43.2600,43.2450,43.2500,10200
1474640460,43.2850,43.2850,43.2400,43.2500,16500
1474640577,43.2600,43.2900,43.2600,43.2900,12900
1474640580,43.2800,43.2800,43.2600,43.2650,7100
1474640642,43.3000,43.3200,43.2900,43.2900,15200
1474640753,43.2560,43.2900,43.2560,43.2900,5700
1474640815,43.2350,43.2600,43.2200,43.2600,23000
1474640879,43.2300,43.2500,43.2300,43.2400,5000
1474640881,43.2400,43.2400,43.2250,43.2300,6000
1474640999,43.2500,43.2600,43.2400,43.2400,12300
1474641055,43.2900,43.2900,43.2500,43.2500,6100
1474641119,43.2300,43.2829,43.2300,43.2829,11900
1474641179,43.2400,43.2500,43.2350,43.2400,8900
1474641181,43.2150,43.2450,43.2150,43.2400,3800
1474641241,43.2100,43.2300,43.2100,43.2200,4500
1474641357,43.2300,43.2400,43.1900,43.2100,10300
1474641360,43.2300,43.2400,43.2250,43.2300,4700
1474641479,43.2200,43.2350,43.2100,43.2300,19900
1474641483,43.2400,43.2400,43.1900,43.2100,27400
1474641599,43.2300,43.2300,43.2100,43.2300,7400
1474641600,43.2300,43.2400,43.2300,43.2300,5600
1474641665,43.2500,43.2500,43.2301,43.2400,9600
1474641723,43.2800,43.2900,43.2600,43.2600,8600
1474641794,43.2850,43.3100,43.2800,43.2900,7900
1474641841,43.2900,43.2900,43.2800,43.2800,6100
1474641903,43.3300,43.3300,43.3100,43.3100,7800
1474641963,43.3200,43.3200,43.3100,43.3200,7600
1474642070,43.3000,43.3200,43.2900,43.3200,7500
1474642083,43.2914,43.3150,43.2914,43.2934,10400
1474642199,43.2600,43.3000,43.2600,43.2900,27300
1474642259,43.3500,43.3500,43.2600,43.2600,50100
1474642260,43.3300,43.3500,43.3300,43.3500,9300
1474642378,43.3400,43.3400,43.3300,43.3300,8400
1474642433,43.3428,43.3550,43.3393,43.3400,12900
1474642495,43.3300,43.3500,43.3100,43.3500,14400
1474642558,43.3100,43.3400,43.3100,43.3363,13500
1474642560,43.3200,43.3300,43.3100,43.3100,4300
1474642675,43.3250,43.3300,43.3200,43.3293,1200
1474642735,43.3500,43.3600,43.3250,43.3250,12600
1474642746,43.2900,43.3400,43.2850,43.3400,12000
1474642857,43.2900,43.2950,43.2800,43.2900,8800
1474642908,43.2800,43.3000,43.2800,43.2850,4500
1474642977,43.2600,43.2800,43.2500,43.2750,12300
1474643035,43.2850,43.2900,43.2650,43.2650,4700
1474643097,43.3000,43.3100,43.2800,43.2850,10100
1474643153,43.2650,43.2952,43.2650,43.2900,4900
1474643218,43.2850,43.3000,43.2650,43.2700,12200
1474643228,43.2850,43.3000,43.2800,43.2900,5600
1474643338,43.2500,43.2850,43.2400,43.2800,8900
1474643342,43.2700,43.2700,43.2400,43.2450,9500
1474643405,43.2600,43.2850,43.2600,43.2700,7200
1474643519,43.2340,43.2600,43.2250,43.2600,8700
1474643567,43.2400,43.2400,43.2250,43.2400,4500
1474643637,43.2400,43.2400,43.2250,43.2400,6800
1474643642,43.2500,43.2600,43.2400,43.2450,2800
1474643710,43.2400,43.2500,43.2150,43.2500,10300
1474643814,43.2200,43.2400,43.2150,43.2400,7200
1474643822,43.2100,43.2200,43.2000,43.2200,13600
1474643882,43.2200,43.2200,43.2100,43.2100,8900
1474643995,43.2200,43.2269,43.2200,43.2200,3300
1474644059,43.2200,43.2300,43.2150,43.2200,8900
1474644117,43.2350,43.2450,43.2150,43.2150,7000
1474644120,43.2500,43.2500,43.2350,43.2400,7300
1474644238,43.2500,43.2500,43.2400,43.2500,3400
1474644240,43.2600,43.2600,43.2425,43.2500,11500
1474644355,43.2450,43.2600,43.2350,43.2501,6900
1474644419,43.2401,43.2500,43.2332,43.2500,7400
1474644420,43.2300,43.2450,43.2300,43.2400,2800
1474644528,43.2400,43.2500,43.2350,43.2400,9400
1474644596,43.2460,43.2600,43.2400,43.2400,5600
1474644602,43.2500,43.2600,43.2300,43.2400,14500
1474644678,43.2591,43.2591,43.2400,43.2434,1700
1474644776,43.2500,43.2500,43.2300,43.2500,8100
1474644839,43.2500,43.2500,43.2450,43.2500,7900
1474644898,43.2450,43.2591,43.2400,43.2591,4900
1474644956,43.2450,43.2500,43.2300,43.2450,10000
1474644960,43.2350,43.2450,43.2350,43.2400,15900
1474645075,43.2353,43.2400,43.2250,43.2400,12500
1474645092,43.2250,43.2400,43.2200,43.2400,15100
1474645141,43.2300,43.2300,43.2250,43.2250,4100
1474645205,43.2000,43.2300,43.2000,43.2250,9600
1474645317,43.1700,43.2039,43.1700,43.2039,8900
1474645322,43.1600,43.1650,43.1500,43.1600,30500
1474645384,43.1500,43.1650,43.1400,43.1650,15000
1474645496,43.1500,43.1664,43.1500,43.1500,10100
1474645549,43.1700,43.1700,43.1500,43.1500,4600
1474645610,43.1400,43.1700,43.1400,43.1700,5700
1474645672,43.1300,43.1400,43.1200,43.1400,6600
1474645686,43.0900,43.1300,43.0900,43.1300,6700
1474645740,43.1100,43.1100,43.0900,43.0900,11400
1474645828,43.1100,43.1167,43.1100,43.1100,3400
1474645918,43.1270,43.1270,43.1100,43.1100,5900
1474645920,43.1391,43.1500,43.1300,43.1300,6300
1474646030,43.1400,43.1400,43.1400,43.1400,5800
1474646041,43.1400,43.1400,43.1300,43.1400,8100
1474646103,43.1500,43.1500,43.1400,43.1500,8200
1474646163,43.1200,43.1500,43.1100,43.1500,9300
1474646223,43.1300,43.1500,43.1200,43.1200,8400
1474646282,43.1250,43.1350,43.1200,43.1350,3500
1474646395,43.1400,43.1486,43.1250,43.1250,6500
1474646457,43.1600,43.1600,43.1400,43.1400,2900
1474646514,43.1550,43.1600,43.1500,43.1600,7900
1474646528,43.1600,43.1600,43.1500,43.1500,6900
1474646581,43.1600,43.1700,43.1600,43.1600,6900
1474646697,43.1700,43.1700,43.1600,43.1600,4300
1474646756,43.1800,43.1800,43.1700,43.1700,6200
1474646819,43.1850,43.1900,43.1700,43.1750,20600
1474646876,43.1850,43.1900,43.1800,43.1900,10400
1474646884,43.1950,43.2000,43.1850,43.1900,3700
1474646995,43.2100,43.2100,43.1950,43.2000,15300
1474647000,43.2055,43.2200,43.2050,43.2100,5700
1474647062,43.2025,43.2100,43.2000,43.2000,2700
1474647129,43.1901,43.2050,43.1800,43.2050,9800
1474647236,43.1799,43.2000,43.1799,43.2000,5200
1474647241,43.1900,43.1900,43.1800,43.1800,3300
1474647358,43.2050,43.2100,43.1900,43.1900,5300
1474647401,43.2200,43.2200,43.2100,43.2100,2100
1474647476,43.2350,43.2400,43.2200,43.2200,3900
1474647538,43.2101,43.2400,43.2100,43.2350,11400
1474647541,43.2300,43.2300,43.2100,43.2100,3600
1474647656,43.2250,43.2300,43.2100,43.2200,5200
1474647661,43.2200,43.2400,43.2162,43.2300,9100
1474647778,43.2400,43.2400,43.2200,43.2200,4600
1474647838,43.2600,43.2600,43.2400,43.2400,6800
1474647846,43.2450,43.2500,43.2450,43.2500,1300
1474647925,43.2400,43.2450,43.2400,43.2450,2100
1474647985,43.2301,43.2400,43.2300,43.2400,2200
1474648079,43.2400,43.2500,43.2308,43.2350,6900
1474648081,43.2500,43.2500,43.2400,43.2400,2900
1474648193,43.2600,43.2600,43.2456,43.2500,2400
1474648251,43.2350,43.2550,43.2300,43.2500,16600
1474648260,43.2400,43.2469,43.2200,43.2200,6300
1474648332,43.2400,43.2400,43.2230,43.2400,2000
1474648383,43.2300,43.2400,43.2300,43.2301,2700
1474648442,43.2401,43.2500,43.2270,43.2300,7000
1474648510,43.2500,43.2500,43.2450,43.2500,1300
1474648576,43.2300,43.2450,43.2300,43.2450,2500
1474648631,43.2200,43.2300,43.2200,43.2250,10200
1474648694,43.2500,43.2500,43.2300,43.2300,13400
1474648750,43.2500,43.2500,43.2450,43.2500,500
1474648857,43.2500,43.2500,43.2450,43.2500,1300
1474648867,43.2600,43.2600,43.2500,43.2500,3000
1474648924,43.2400,43.2600,43.2370,43.2600,6300
1474649001,43.2399,43.2399,43.2399,43.2399,2100
1474649093,43.2350,43.2400,43.2350,43.2400,1100
1474649106,43.2200,43.2350,43.2200,43.2300,6300
1474649165,43.2100,43.2200,43.2100,43.2200,6600
1474649245,43.2200,43.2200,43.2152,43.2200,2300
1474649330,43.2200,43.2200,43.2100,43.2200,1300
1474649398,43.2050,43.2200,43.1950,43.2200,10700
1474649450,43.2300,43.2300,43.2000,43.2000,7900
1474649465,43.2300,43.2300,43.2300,43.2300,2100
1474649527,43.2300,43.2400,43.2201,43.2400,3200
1474649626,43.2400,43.2400,43.2300,43.2300,6100
1474649697,43.2400,43.2400,43.2350,43.2400,3600
1474649759,43.2300,43.2300,43.2299,43.2300,5100
1474649819,43.2400,43.2400,43.2210,43.2300,6000
1474649820,43.2400,43.2400,43.2314,43.2400,2100
1474649939,43.2400,43.2400,43.2400,43.2400,2100
1474649996,43.2400,43.2400,43.2329,43.2400,3000
1474650052,43.2350,43.2400,43.2300,43.2400,9800
1474650067,43.2300,43.2300,43.2200,43.2300,24000
1474650178,43.2350,43.2500,43.2300,43.2300,19400
1474650238,43.2350,43.2400,43.2350,43.2400,1300
1474650247,43.2350,43.2400,43.2300,43.2350,2600
1474650356,43.2300,43.2300,43.2100,43.2300,10700
1474650364,43.2250,43.2400,43.2250,43.2300,8500
1474650437,43.2300,43.2400,43.2300,43.2300,3500
1474650484,43.2300,43.2400,43.2201,43.2300,9600
1474650542,43.2400,43.2500,43.2300,43.2300,6300
1474650653,43.2300,43.2510,43.2300,43.2400,6400
1474650664,43.2300,43.2400,43.2300,43.2300,4200
1474650778,43.2300,43.2330,43.2200,43.2300,3000
1474650786,43.2350,43.2500,43.2339,43.2400,5400
1474650891,43.2400,43.2400,43.2252,43.2300,3500
1474650902,43.2450,43.2500,43.2400,43.2400,2500
1474650961,43.2350,43.2500,43.2350,43.2500,4800
1474651068,43.2400,43.2400,43.2200,43.2300,4800
1474651139,43.2400,43.2400,43.2300,43.2350,3000
1474651198,43.2450,43.2450,43.2348,43.2400,2200
1474651202,43.2500,43.2500,43.2300,43.2300,11000
1474651266,43.2339,43.2500,43.2300,43.2500,3600
1474651321,43.2400,43.2400,43.2300,43.2400,5300
1474651439,43.2500,43.2500,43.2400,43.2400,9400
1474651444,43.2400,43.2500,43.2200,43.2500,11300
1474651502,43.2400,43.2450,43.2300,43.2300,11200
1474651562,43.2500,43.2500,43.2400,43.2400,9600
1474651678,43.2850,43.2853,43.2430,43.2430,48200
1474651682,43.2800,43.3000,43.2800,43.2800,9000
1474651798,43.2890,43.2890,43.2700,43.2800,46300
1474651859,43.2800,43.2950,43.2800,43.2800,64800
1474651862,43.2750,43.2850,43.2700,43.2850,28800
1474651978,43.2900,43.2900,43.2700,43.2800,14700
1474652039,43.2900,43.2900,43.2800,43.2900,6600
1474652085,43.2900,43.2900,43.2700,43.2800,7300
1474652132,43.2699,43.2850,43.2600,43.2800,9200
1474652166,43.2700,43.2800,43.2699,43.2700,7300
1474652229,43.2700,43.2750,43.2600,43.2650,13300
1474652334,43.2500,43.2650,43.2500,43.2600,1700
1474652392,43.2500,43.2599,43.2450,43.2500,4300
1474652402,43.2400,43.2500,43.2400,43.2500,4200
1474652515,43.2300,43.2400,43.2250,43.2400,5500
1474652578,43.2150,43.2300,43.2150,43.2300,2500
1474652628,43.2400,43.2400,43.2150,43.2150,5200
1474652642,43.2352,43.2400,43.2300,43.2300,5100
1474652730,43.2300,43.2350,43.2200,43.2350,4200
1474652818,43.2300,43.2400,43.2300,43.2400,5500
1474652879,43.2300,43.2350,43.2200,43.2200,6600
1474652933,43.2200,43.2300,43.2100,43.2300,17200
1474652999,43.2300,43.2300,43.2150,43.2200,6100
1474653055,43.2200,43.2250,43.2100,43.2250,6200
1474653119,43.2200,43.2300,43.2100,43.2100,10200
1474653179,43.2400,43.2400,43.2200,43.2200,9100
1474653236,43.2550,43.2550,43.2500,43.2500,3800
1474653242,43.2500,43.2500,43.2500,43.2500,10500
1474653351,43.2400,43.2500,43.2300,43.2500,10000
1474653369,43.2600,43.2700,43.2500,43.2500,19300
1474653478,43.2652,43.2700,43.2600,43.2600,7400
1474653482,43.2800,43.2800,43.2600,43.2600,8800
1474653597,43.2500,43.2700,43.2500,43.2700,16100
1474653656,43.2360,43.2400,43.2300,43.2400,6400
1474653718,43.2200,43.2400,43.2200,43.2360,4600
1474653723,43.2400,43.2400,43.2200,43.2200,4800
1474653785,43.2500,43.2500,43.2400,43.2400,5300
1474653899,43.2500,43.2500,43.2400,43.2500,4400
1474653903,43.2500,43.2600,43.2450,43.2450,10200
1474653961,43.2500,43.2500,43.2500,43.2500,6900
1474654076,43.2650,43.2700,43.2500,43.2600,8700
1474654081,43.2600,43.2750,43.2400,43.2700,19300
1474654140,43.2350,43.2600,43.2150,43.2600,36200
1474654259,43.2200,43.2400,43.2200,43.2400,16800
1474654260,43.2150,43.2200,43.2150,43.2200,5100
1474654320,43.2550,43.2550,43.2100,43.2100,11600
1474654393,43.2400,43.2650,43.2400,43.2600,8600
1474654449,43.2500,43.2500,43.2400,43.2500,7500
1474654555,43.2650,43.2700,43.2400,43.2500,4300
1474654615,43.2650,43.2800,43.2600,43.2700,3800
1474654622,43.2260,43.2686,43.2200,43.2661,18800
1474654721,43.2273,43.2273,43.2250,43.2250,600
1474654741,43.2500,43.2500,43.2270,43.2270,4500
1474654801,43.2300,43.2500,43.2200,43.2500,9200
1474654862,43.2200,43.2300,43.2200,43.2300,1700
1474654977,43.2500,43.2600,43.2300,43.2300,18100
1474654981,43.2500,43.2500,43.2400,43.2500,4700
1474655043,43.2450,43.2500,43.2450,43.2450,3900
1474655107,43.2400,43.2500,43.2400,43.2483,4500
1474655219,43.2400,43.2500,43.2281,43.2466,14000
1474655279,43.2450,43.2500,43.2400,43.2450,6900
1474655326,43.2400,43.2500,43.2400,43.2500,5800
1474655387,43.2400,43.2400,43.2350,43.2400,900
1474655453,43.2400,43.2400,43.2300,43.2300,4100
1474655508,43.2500,43.2500,43.2339,43.2339,3100
1474655579,43.2400,43.2600,43.2400,43.2500,6800
1474655581,43.2536,43.2569,43.2400,43.2400,11100
1474655643,43.2400,43.2500,43.2400,43.2500,5700
1474655707,43.2400,43.2450,43.2400,43.2400,3100
1474655815,43.2400,43.2500,43.2300,43.2400,5900
1474655820,43.2500,43.2500,43.2400,43.2428,6900
1474655933,43.2600,43.2600,43.2550,43.2600,3800
1474655995,43.2499,43.2600,43.2400,43.2600,9500
1474656058,43.2400,43.2500,43.2300,43.2400,7900
1474656064,43.2450,43.2490,43.2400,43.2400,4200
1474656154,43.2400,43.2400,43.2350,43.2400,4400
1474656222,43.2200,43.2350,43.2200,43.2350,4900
1474656241,43.2400,43.2471,43.2200,43.2300,8900
1474656305,43.2452,43.2650,43.2400,43.2400,16100
1474656419,43.2500,43.2500,43.2400,43.2400,7200
1474656476,43.2500,43.2600,43.2500,43.2500,7000
1474656536,43.2600,43.2600,43.2500,43.2500,3500
1474656597,43.2699,43.2699,43.2600,43.2600,3000
1474656657,43.2700,43.2700,43.2600,43.2650,8500
1474656660,43.2750,43.2750,43.2669,43.2669,2200
1474656724,43.2900,43.2900,43.2800,43.2800,5700
1474656834,43.2550,43.2900,43.2500,43.2900,13700
1474656893,43.2600,43.2669,43.2600,43.2600,2200
1474656957,43.2800,43.2800,43.2652,43.2700,7000
1474657001,43.2752,43.2800,43.2700,43.2800,7600
1474657033,43.2500,43.2700,43.2500,43.2700,9100
1474657133,43.2600,43.2600,43.2400,43.2400,8300
1474657197,43.2600,43.2700,43.2580,43.2600,11000
1474657200,43.2400,43.2600,43.2400,43.2600,13100
1474657269,43.2544,43.2600,43.2500,43.2500,2100
1474657326,43.2400,43.2600,43.2400,43.2534,10200
1474657438,43.2450,43.2500,43.2350,43.2350,4400
1474657496,43.2400,43.2400,43.2200,43.2400,12900
1474657557,43.2600,43.2600,43.2400,43.2400,7000
1474657560,43.2600,43.2650,43.2500,43.2600,8600
1474657635,43.2800,43.2800,43.2600,43.2600,7400
1474657680,43.2600,43.2900,43.2600,43.2800,22200
1474657745,43.2500,43.2600,43.2300,43.2600,16800
1474657801,43.2300,43.2500,43.2300,43.2500,6400
1474657871,43.2300,43.2350,43.2200,43.2200,9100
1474657979,43.2350,43.2400,43.2300,43.2300,1000
1474657992,43.2200,43.2300,43.2150,43.2300,9800
1474658069,43.2238,43.2300,43.2238,43.2300,600
1474658115,43.2400,43.2400,43.2200,43.2200,9300
1474658167,43.2300,43.2300,43.2100,43.2200,8000
1474658278,43.2300,43.2300,43.2300,43.2300,3000
1474658283,43.2200,43.2400,43.2200,43.2300,9300
1474658348,43.2300,43.2300,43.2175,43.2200,5600
1474658400,43.2150,43.2300,43.2150,43.2300,9200
1474658516,43.2200,43.2200,43.2100,43.2200,12000
1474658578,43.2200,43.2200,43.2150,43.2200,8700
1474658580,43.2200,43.2200,43.2100,43.2100,5700
1474658694,43.2350,43.2400,43.2161,43.2250,40200
1474658749,43.2410,43.2550,43.2350,43.2400,14500
1474658818,43.2450,43.2500,43.2450,43.2500,4700
1474658878,43.2450,43.2500,43.2400,43.2400,13300
1474658884,43.2500,43.2500,43.2400,43.2450,5600
1474658999,43.2700,43.2700,43.2450,43.2500,11900
1474659000,43.2700,43.2700,43.2600,43.2700,14300
1474659069,43.2900,43.2900,43.2650,43.2652,18500
1474659126,43.2900,43.3000,43.2800,43.2900,20300
1474659184,43.2600,43.2900,43.2600,43.2900,19000
1474659294,43.2500,43.2650,43.2500,43.2600,8000
1474659311,43.2500,43.2700,43.2500,43.2550,30200
1474659418,43.2500,43.2600,43.2401,43.2500,7200
1474659479,43.2200,43.2500,43.2100,43.2500,11900
1474659538,43.2200,43.2300,43.2150,43.2150,7300
1474659596,43.2250,43.2399,43.2200,43.2250,11100
1474659601,43.2150,43.2350,43.2100,43.2200,14900
1474659664,43.2250,43.2300,43.2100,43.2150,8600
1474659762,43.2250,43.2300,43.2201,43.2300,11500
1474659787,43.2400,43.2400,43.2250,43.2300,9700
1474659898,43.2250,43.2400,43.2250,43.2350,9700
1474659900,43.2250,43.2300,43.2100,43.2200,13400
1474660019,43.2250,43.2400,43.2250,43.2300,16000
1474660079,43.1900,43.2300,43.1900,43.2300,13900
1474660084,43.1950,43.2000,43.1900,43.1929,12300
1474660198,43.2000,43.2000,43.1900,43.1950,7100
1474660259,43.1700,43.1900,43.1600,43.1800,41600
1474660319,43.1750,43.1800,43.1650,43.1650,24100
1474660322,43.1700,43.2000,43.1650,43.1732,55000
1474660385,43.1850,43.1900,43.1650,43.1700,21900
1474660498,43.1950,43.2000,43.1850,43.1850,20000
1474660500,43.1950,43.2000,43.1800,43.1950,31100
1474660619,43.1750,43.2000,43.1650,43.1900,22600
1474660679,43.1700,43.1900,43.1700,43.1800,25900
1474660686,43.1850,43.1900,43.1550,43.1600,57600
1474660798,43.1700,43.2100,43.1700,43.1850,203000
1474660800,43.1600,43.1600,43.1600,43.1600,441200
