uri:/instrument/1.0/SPB/chartdata;type=quote;range=1d/csv
ticker:spb
Company-Name:Spectrum Brands Holdings, Inc. 
Exchange-Name:NYQ
unit:MIN
timezone:EDT
currency:USD
gmtoffset:-14400
previous_close:135.5200
Timestamp:1475069400,1475092800
labels:1475071200,1475074800,1475078400,1475082000,1475085600,1475089200,1475092800
values:Timestamp,close,high,low,open,volume
close:134.6300,136.7500
high:134.6700,136.8100
low:134.5700,136.7500
open:134.6700,136.7500
volume:100,25200
1475069400,135.2400,135.2400,135.2400,135.2400,1800
1475069493,135.4000,135.4250,135.3400,135.4100,3600
1475069548,135.4300,135.5600,135.4300,135.5600,1400
1475069615,135.7400,135.9400,135.6800,135.9400,1700
1475069650,135.9300,136.1500,135.8500,135.9600,2300
1475069704,136.1100,136.1300,135.7900,135.8900,4600
1475069768,136.1600,136.1600,135.8900,136.1400,5600
1475069842,136.1100,136.2700,136.0900,136.2700,1300
1475069882,136.1300,136.1400,135.9400,135.9500,3100
1475070015,135.7500,136.0800,135.7500,135.8400,1000
1475070075,135.8600,135.9100,135.8600,135.9100,900
1475070289,135.6500,135.6900,135.5800,135.6900,500
1475070321,135.7000,135.7700,135.7000,135.7000,1100
1475070368,135.7500,135.7700,135.7500,135.7500,700
1475070425,135.4700,135.6500,135.4700,135.6500,300
1475070540,135.7600,135.7600,135.5200,135.5200,1300
1475070708,135.9300,135.9300,135.9300,135.9300,100
1475070730,135.8100,135.8100,135.7500,135.7500,25200
1475070985,135.6900,135.8400,135.6900,135.8400,1500
1475071101,135.8100,135.8100,135.5900,135.6300,12400
1475071201,135.7000,135.7900,135.6500,135.7900,1400
1475071379,135.3300,135.5900,135.3300,135.3300,300
1475071422,135.4800,135.4800,135.4700,135.4800,900
1475071485,135.4500,135.4500,135.4500,135.4500,100
1475071503,135.4700,135.5100,135.4500,135.5100,1700
1475071573,135.4800,135.5200,135.4800,135.5200,300
1475071628,135.3450,135.4100,135.3450,135.4100,400
1475071718,135.2600,135.2600,135.0900,135.1400,300
1475071770,135.1300,135.1300,135.1300,135.1300,100
1475071931,135.0900,135.1750,135.0900,135.1750,300
1475072009,134.9900,135.0750,134.9900,135.0750,300
1475072045,135.0550,135.1200,134.8700,134.9100,1600
1475072110,135.2600,135.2600,135.1600,135.2100,400
1475072315,135.2500,135.2500,135.2500,135.2500,100
1475072344,135.1500,135.2500,135.1500,135.2000,900
1475072445,135.3000,135.3000,135.2000,135.2000,700
1475072476,135.2600,135.2600,135.2600,135.2600,300
1475072676,135.2500,135.2500,135.2400,135.2500,500
1475072702,135.3600,135.3600,135.1900,135.2500,900
1475072763,135.3300,135.3300,135.3300,135.3300,100
1475072892,135.4100,135.4100,135.4000,135.4000,600
1475072980,135.2700,135.2700,135.2700,135.2700,400
1475073012,135.4000,135.4000,135.3500,135.3500,400
1475073147,135.2300,135.3200,135.2300,135.3200,800
1475073194,135.1100,135.2600,135.1100,135.2600,300
1475073270,135.1700,135.1700,135.1700,135.1700,100
1475073374,135.1950,135.1950,135.1950,135.1950,100
1475073445,135.1900,135.1900,135.1300,135.1900,2400
1475073514,134.9300,135.0800,134.9300,135.0800,600
1475073548,135.1700,135.1700,135.1200,135.1200,600
1475073621,135.1300,135.1300,135.1200,135.1200,200
1475073665,135.1700,135.2800,135.1700,135.2800,300
1475073755,135.1900,135.1900,135.1900,135.1900,200
1475073840,135.2550,135.2550,135.2550,135.2550,500
1475073933,135.2000,135.2100,135.1900,135.1900,600
1475073970,135.1600,135.1700,135.1600,135.1600,500
1475074154,134.9900,134.9900,134.9900,134.9900,100
1475074240,135.0800,135.1300,135.0000,135.0000,900
1475074271,135.0950,135.2450,135.0950,135.1700,2200
1475074588,134.9400,134.9400,134.9400,134.9400,100
1475074659,134.9500,134.9500,134.8200,134.8300,300
1475074715,134.8700,134.9900,134.8700,134.9900,1300
1475074741,134.9400,134.9400,134.8200,134.9200,900
1475074802,134.7500,134.9400,134.7500,134.8900,2100
1475074887,134.7200,134.7200,134.7200,134.7200,200
1475074923,134.8100,134.8400,134.7400,134.8400,1400
1475074984,134.8300,134.8300,134.7900,134.8100,700
1475075099,134.6800,134.7000,134.5700,134.6900,1700
1475075130,134.6300,134.6700,134.6300,134.6700,200
1475075249,134.7800,134.7800,134.7300,134.7300,800
1475075280,134.8300,134.8300,134.7600,134.7600,500
1475075390,134.8250,134.8500,134.7600,134.8500,2000
1475075417,134.8900,134.9500,134.8600,134.9000,900
1475075539,135.0000,135.0000,134.9500,134.9500,600
1475075635,135.1700,135.2300,135.0900,135.0900,1800
1475075676,135.1800,135.2700,135.1800,135.2700,200
1475075716,135.3200,135.3800,135.2700,135.2700,1300
1475075772,135.4000,135.4000,135.3300,135.3300,200
1475075833,135.3400,135.3400,135.3300,135.3300,500
1475076018,135.2750,135.2750,135.2750,135.2750,100
1475076060,135.4450,135.4450,135.3500,135.3500,1200
1475076248,135.3200,135.3300,135.3200,135.3300,200
1475076461,135.1300,135.1700,135.1300,135.1700,700
1475076539,135.1900,135.2300,135.0800,135.0800,1100
1475076570,135.2800,135.2800,135.2800,135.2800,100
1475076620,135.2550,135.2550,135.2550,135.2550,200
1475076704,135.0200,135.2400,135.0200,135.1800,1400
1475076813,134.9600,134.9600,134.9600,134.9600,100
1475076902,134.9650,134.9650,134.8700,134.8700,400
1475077234,134.9800,134.9800,134.9800,134.9800,300
1475077452,135.0500,135.0500,135.0300,135.0300,600
1475077523,135.1300,135.1300,135.0600,135.0600,1000
1475077904,135.1482,135.1482,135.1482,135.1482,100
1475077941,135.1300,135.1300,135.0800,135.1075,1000
1475077985,135.3200,135.4200,135.1800,135.1800,1800
1475078064,135.2750,135.3700,135.2300,135.3700,2200
1475078104,135.3700,135.3700,135.2900,135.2900,500
1475078160,135.4000,135.4000,135.4000,135.4000,100
1475078226,135.3200,135.3200,135.3200,135.3200,100
1475078351,135.3950,135.3950,135.3950,135.3950,400
1475078450,135.3300,135.4300,135.3200,135.3900,2200
1475078486,135.3400,135.3700,135.3150,135.3150,300
1475078553,135.2600,135.2700,135.1200,135.2600,1000
1475078698,135.1400,135.1400,135.1000,135.1000,300
1475078701,135.2200,135.2200,135.1900,135.1900,600
1475078858,135.2900,135.2900,135.2600,135.2600,200
1475078991,135.3000,135.3100,135.3000,135.3100,200
1475079001,135.3300,135.3300,135.3300,135.3300,300
1475079165,135.5200,135.5200,135.5200,135.5200,200
1475079291,135.5600,135.6900,135.5200,135.5200,2800
1475079302,135.7300,135.7300,135.5800,135.5800,600
1475079361,135.6850,135.6850,135.5600,135.5600,1300
1475079515,135.6400,135.6450,135.6300,135.6300,1400
1475079591,135.6000,135.6300,135.6000,135.6300,300
1475079608,135.6000,135.6200,135.5900,135.6200,1200
1475079679,135.5100,135.5400,135.5100,135.5100,400
1475079952,135.2800,135.2900,135.2100,135.2900,700
1475079999,135.2950,135.2950,135.2950,135.2950,100
1475080049,135.3000,135.3000,135.3000,135.3000,200
1475080183,135.4000,135.4000,135.3500,135.3700,900
1475080238,135.6100,135.6100,135.5200,135.5200,200
1475080280,135.4600,135.4600,135.4600,135.4600,100
1475080431,135.4900,135.4900,135.4800,135.4800,800
1475080443,135.5800,135.5800,135.5800,135.5800,100
1475080539,135.3000,135.4700,135.3000,135.4700,1000
1475080596,135.3700,135.4150,135.3600,135.4150,1200
1475080626,135.4700,135.4700,135.4700,135.4700,200
1475080718,135.5900,135.5900,135.5400,135.5400,300
1475080750,135.5900,135.5900,135.5900,135.5900,600
1475081075,135.7000,135.7300,135.7000,135.7100,600
1475081101,135.8800,135.8800,135.7500,135.7500,1000
1475081265,135.8800,135.8800,135.8800,135.8800,100
1475081323,135.8050,135.8050,135.7500,135.7500,3800
1475081344,135.7500,135.8500,135.7500,135.7500,6300
1475081432,135.8150,135.8150,135.8150,135.8150,200
1475081481,135.6300,135.7500,135.6300,135.7500,2000
1475081551,135.5900,135.6900,135.5900,135.6900,200
1475081696,135.5650,135.5650,135.5650,135.5650,200
1475081769,135.4800,135.4800,135.4800,135.4800,100
1475081838,135.5900,135.5900,135.5900,135.5900,100
1475081998,135.6250,135.6250,135.6250,135.6250,100
1475082027,135.5800,135.6400,135.5800,135.6400,400
1475082087,135.4900,135.5800,135.4900,135.5800,1300
1475082251,135.6200,135.6850,135.5200,135.5200,2300
1475082571,135.6500,135.6500,135.6500,135.6500,100
1475082729,135.5800,135.5800,135.5800,135.5800,200
1475082911,135.7200,135.7200,135.6500,135.6600,2000
1475083018,135.8100,135.8150,135.7800,135.7800,700
1475083107,135.9000,135.9000,135.9000,135.9000,100
1475083194,135.8800,135.9700,135.8150,135.9700,4400
1475083209,135.8750,135.9200,135.8750,135.8900,800
1475083297,135.8100,135.9600,135.8100,135.9600,1100
1475083330,135.8500,135.9000,135.8500,135.9000,300
1475083402,135.7900,135.7900,135.7900,135.7900,100
1475083474,135.7700,135.7700,135.7700,135.7700,300
1475083538,135.7500,135.7500,135.7500,135.7500,100
1475083602,135.7200,135.7200,135.7200,135.7200,100
1475083646,135.7200,135.7200,135.7200,135.7200,200
1475083733,135.8100,135.8100,135.8100,135.8100,100
1475083770,135.7500,135.7500,135.7500,135.7500,700
1475083896,135.7400,135.7700,135.7400,135.7700,200
1475083970,135.7600,135.7600,135.7600,135.7600,100
1475084038,136.2500,136.2500,135.7900,135.8300,1200
1475084050,136.1700,136.1700,136.1700,136.1700,100
1475084144,136.1450,136.1850,136.0800,136.1850,500
1475084188,136.1000,136.1000,136.0500,136.0500,300
1475084290,136.0100,136.0100,136.0100,136.0100,100
1475084474,136.1100,136.1100,136.0300,136.0300,200
1475084556,136.0300,136.0400,136.0300,136.0400,900
1475084626,136.0300,136.0300,136.0250,136.0250,200
1475084677,135.9900,136.0000,135.9800,136.0000,300
1475084750,136.0300,136.0900,136.0100,136.0100,2100
1475084803,136.1400,136.1400,136.1400,136.1400,100
1475084868,136.0700,136.1200,136.0700,136.1200,800
1475084936,135.9700,136.0200,135.9700,136.0200,300
1475084999,135.8800,135.9600,135.8800,135.9600,400
1475085052,135.9700,135.9800,135.8800,135.8800,1600
1475085060,135.9700,135.9700,135.9350,135.9350,700
1475085180,136.0700,136.0700,136.0700,136.0700,100
1475085297,135.9600,136.0100,135.9600,136.0100,1000
1475085315,135.9550,135.9600,135.9500,135.9600,500
1475085389,135.9600,135.9600,135.9600,135.9600,600
1475085459,135.8700,135.9200,135.8600,135.9100,500
1475085527,135.8700,135.8900,135.8600,135.8600,400
1475085571,135.8400,135.8400,135.8400,135.8400,300
1475085629,135.8300,135.8300,135.8300,135.8300,100
1475085713,135.8799,135.8799,135.8000,135.8000,400
1475085735,135.7900,135.8200,135.7800,135.7950,600
1475085868,136.0200,136.0200,135.8000,135.8000,2400
1475086079,135.9700,136.0200,135.9700,135.9900,1900
1475086080,136.0200,136.0200,135.9700,135.9700,1300
1475086152,136.1200,136.1200,136.0700,136.0700,600
1475086254,136.4000,136.4000,136.3325,136.3325,200
1475086275,136.3800,136.3800,136.2765,136.3200,900
1475086372,136.2500,136.3700,136.2500,136.3700,200
1475086386,136.3000,136.3000,136.2700,136.2700,700
1475086478,136.3100,136.4500,136.2600,136.4500,1700
1475086559,136.3100,136.3100,136.2900,136.2900,200
1475086594,136.3100,136.3400,136.3100,136.3400,900
1475086660,136.2100,136.2100,136.2100,136.2100,100
1475086733,136.2400,136.2400,136.2400,136.2400,100
1475086768,136.2300,136.2400,136.2300,136.2400,300
1475086857,136.2200,136.2200,136.2100,136.2200,700
1475086915,136.1600,136.2500,136.1600,136.2500,600
1475086920,136.3500,136.3500,136.1600,136.1600,2000
1475087036,136.3800,136.3800,136.3800,136.3800,100
1475087094,136.2800,136.2800,136.2800,136.2800,200
1475087103,136.2100,136.2800,136.2100,136.2500,1200
1475087215,136.5400,136.5400,136.2900,136.2900,1500
1475087222,136.6400,136.7400,136.6300,136.7400,900
1475087316,136.4950,136.5500,136.4950,136.5300,1400
1475087340,136.3500,136.4900,136.3500,136.4900,1100
1475087403,136.1800,136.2400,136.1800,136.2300,900
1475087473,136.1400,136.2150,136.1400,136.2150,200
1475087523,136.3800,136.3800,136.2050,136.2050,1800
1475087593,136.2950,136.2950,136.2600,136.2800,900
1475087675,136.2800,136.2800,136.2800,136.2800,300
1475087716,136.1850,136.2200,136.1550,136.2100,500
1475087797,136.1400,136.1400,136.1400,136.1400,500
1475087834,136.2200,136.2200,136.0200,136.0200,2400
1475087886,136.1900,136.2600,136.1900,136.2600,200
1475087950,136.1350,136.2300,136.1350,136.1900,1700
1475088000,136.3100,136.3100,136.1100,136.1500,1300
1475088068,136.2900,136.3300,136.2500,136.3300,1200
1475088130,136.2700,136.2700,136.2700,136.2700,100
1475088181,136.3600,136.3600,136.2600,136.2700,1400
1475088246,136.3500,136.4100,136.3100,136.3400,1700
1475088413,136.4400,136.4400,136.3100,136.3100,800
1475088452,136.4000,136.4000,136.4000,136.4000,400
1475088595,136.4300,136.4600,136.4300,136.4550,1500
1475088603,136.4800,136.4800,136.4100,136.4300,1300
1475088660,136.6200,136.6200,136.4300,136.4300,1800
1475088729,136.5000,136.5500,136.5000,136.5500,600
1475088833,136.6800,136.6800,136.5000,136.5000,800
1475088846,136.6200,136.6200,136.6000,136.6000,500
1475088903,136.4800,136.5000,136.4800,136.5000,1500
1475089002,136.3800,136.4700,136.3300,136.4700,400
1475089038,136.3500,136.3500,136.3300,136.3300,1200
1475089122,136.5100,136.5100,136.3900,136.3900,900
1475089157,136.6200,136.6200,136.6000,136.6000,200
1475089251,136.4700,136.5200,136.4250,136.5200,2300
1475089286,136.4100,136.5150,136.4100,136.4600,900
1475089372,136.4100,136.4150,136.4100,136.4100,6700
1475089438,136.6400,136.6400,136.4100,136.4400,2200
1475089499,136.6400,136.6600,136.6200,136.6200,1100
1475089502,136.5600,136.6300,136.5300,136.5800,2600
1475089612,136.4300,136.5650,136.4100,136.5650,2100
1475089658,136.4000,136.4450,136.4000,136.4450,200
1475089736,136.2400,136.3800,136.2400,136.3800,1700
1475089749,136.1600,136.1800,136.1600,136.1800,200
1475089800,136.1800,136.1800,136.0900,136.1200,2900
1475089870,136.2400,136.3100,136.0900,136.1400,11800
1475089934,136.2500,136.2600,136.2400,136.2400,1800
1475089987,136.3600,136.3600,136.2400,136.2400,1000
1475090059,136.2800,136.2800,136.2300,136.2300,500
1475090115,136.2200,136.2200,136.1350,136.1350,800
1475090202,136.3000,136.3100,136.2250,136.2250,1200
1475090269,136.3500,136.3500,136.3150,136.3150,200
1475090307,136.2700,136.2700,136.2700,136.2700,200
1475090379,136.2300,136.2800,136.2300,136.2500,1500
1475090455,136.2000,136.2000,136.1500,136.2000,1700
1475090516,136.2400,136.2500,136.2300,136.2400,1500
1475090532,136.2300,136.2300,136.1900,136.1900,400
1475090635,136.1250,136.1700,136.1250,136.1600,700
1475090640,136.1550,136.1550,136.1550,136.1550,300
1475090745,136.1200,136.1200,136.1200,136.1200,500
1475090766,136.0450,136.1400,136.0450,136.1200,4600
1475090834,136.0800,136.0800,136.0600,136.0800,900
1475090938,136.0200,136.0400,136.0200,136.0400,700
1475090946,136.0900,136.0900,136.0100,136.0800,1800
1475091000,136.2300,136.2400,136.1300,136.1300,800
1475091061,136.2750,136.2750,136.2750,136.2750,100
1475091141,136.2300,136.2700,136.2000,136.2550,1200
1475091223,136.4000,136.4000,136.2600,136.2600,900
1475091298,136.3600,136.4200,136.3600,136.4200,600
1475091303,136.3200,136.3600,136.3200,136.3400,2700
1475091369,136.3000,136.3400,136.2750,136.2750,2000
1475091422,136.3500,136.3700,136.2800,136.3000,2200
1475091493,136.3100,136.3300,136.3100,136.3300,200
1475091567,136.3800,136.3800,136.2850,136.2850,1300
1475091645,136.3400,136.4000,136.3400,136.3800,900
1475091673,136.4000,136.4000,136.3750,136.3750,1300
1475091727,136.4500,136.5300,136.4200,136.4200,3700
1475091780,136.5500,136.5500,136.4700,136.4700,2100
1475091853,136.5000,136.5700,136.5000,136.5450,2900
1475091905,136.5400,136.5400,136.5000,136.5300,1300
1475092019,136.6300,136.6800,136.5050,136.5300,2200
1475092033,136.5400,136.6700,136.5400,136.6700,1600
1475092137,136.5900,136.6100,136.5650,136.5700,800
1475092191,136.6300,136.6300,136.5500,136.5700,4300
1475092259,136.5950,136.6100,136.5500,136.5900,1400
1475092264,136.5000,136.6100,136.5000,136.5950,2600
1475092325,136.6800,136.6800,136.5100,136.5250,2700
1475092391,136.6800,136.7200,136.6500,136.7000,2400
1475092442,136.7300,136.7300,136.6000,136.7000,4400
1475092503,136.6700,136.7300,136.6500,136.7300,7800
1475092560,136.6600,136.7300,136.6400,136.6800,5100
1475092625,136.6200,136.6500,136.5700,136.6500,3600
1475092681,136.7200,136.7400,136.5600,136.5950,5200
1475092798,136.7150,136.8100,136.6800,136.7000,10500
1475092800,136.7500,136.7500,136.7500,136.7500,200
