uri:/instrument/1.0/Y/chartdata;type=quote;range=1d/csv
ticker:y
Company-Name:Alleghany Corporation Common St
Exchange-Name:NYQ
unit:MIN
timezone:EDT
currency:USD
gmtoffset:-14400
previous_close:527.8100
Timestamp:1474551000,1474574400
labels:1474552800,1474556400,1474560000,1474563600,1474567200,1474570800,1474574400
values:Timestamp,close,high,low,open,volume
close:528.0300,535.3000
high:528.0300,535.6000
low:527.8000,535.0000
open:527.8000,535.1300
volume:100,2100
1474551000,529.0800,529.0800,529.0800,529.0800,400
1474551783,530.0007,530.0150,530.0007,530.0150,200
1474551939,530.2000,530.2000,530.1700,530.1700,500
1474552264,529.3000,530.1200,529.1500,530.1200,1900
1474552438,531.0400,531.0400,531.0400,531.0400,100
1474552839,530.6746,530.6746,529.1100,529.3000,1600
1474553160,529.1300,529.1300,529.1300,529.1300,300
1474553241,528.8000,528.8000,528.6000,528.6000,800
1474554219,528.1100,528.1100,528.1100,528.1100,100
1474554252,528.5000,528.5000,528.4000,528.4000,200
1474554319,528.3000,528.5500,527.9205,527.9300,900
1474555119,528.0300,528.0300,528.0300,528.0300,400
1474556416,530.1000,530.1000,527.8000,527.8000,2100
1474556480,529.6400,529.6400,529.6400,529.6400,300
1474557076,529.2200,529.2200,529.2200,529.2200,400
1474557669,529.1000,529.1000,529.1000,529.1000,200
1474558520,529.3000,529.3000,529.2500,529.2500,400
1474559068,528.3901,528.5600,528.3901,528.3901,1200
1474561495,529.8700,529.8700,529.8700,529.8700,100
1474561699,529.8000,529.8000,529.8000,529.8000,100
1474562071,530.0700,530.0700,530.0200,530.0200,400
1474563296,530.8800,530.8800,530.8800,530.8800,100
1474563540,531.9700,532.3700,530.7800,530.7800,1300
1474565429,532.4500,532.4500,532.4500,532.4500,100
1474565995,532.7100,532.7100,532.7100,532.7100,200
1474566636,531.9955,532.5700,531.7750,531.7750,500
1474567420,532.8300,532.8300,532.8300,532.8300,200
1474567926,532.3400,532.3400,532.3400,532.3400,100
1474568037,531.2000,531.2000,531.2000,531.2000,500
1474568171,530.9800,531.2900,530.9800,531.2900,700
1474569155,531.2700,531.2700,531.2700,531.2700,100
1474569520,530.7050,530.7050,530.7050,530.7050,300
1474569750,531.3300,531.3300,531.2800,531.2800,700
1474569811,533.2000,533.2000,533.2000,533.2000,100
1474570331,531.5100,531.5100,531.5100,531.5100,100
1474570421,532.5400,532.5400,532.5400,532.5400,100
1474570713,532.7000,532.7300,532.6800,532.6800,600
1474570857,533.3300,533.3300,532.9900,532.9900,200
1474571093,533.3200,533.3200,533.3200,533.3200,100
1474571181,531.4101,531.4101,531.4101,531.4101,1000
1474571319,532.6897,532.6897,532.6897,532.6897,200
1474571699,533.2200,533.2200,533.2200,533.2200,500
1474572238,532.9600,532.9600,532.9600,532.9600,200
1474572407,532.8100,532.8100,532.8100,532.8100,200
1474572464,532.7900,532.7900,532.7900,532.7900,100
1474572490,532.8100,532.8100,532.8100,532.8100,500
1474572758,533.0600,533.0600,533.0600,533.0600,100
1474572881,532.3400,532.5000,532.3400,532.5000,400
1474572900,532.7500,533.4400,532.7400,532.7400,800
1474572995,533.8300,534.2000,533.2600,533.7900,1400
1474573061,533.5500,533.5500,533.5500,533.5500,100
1474573088,535.3000,535.3000,534.1400,534.1400,1100
1474573256,534.7300,534.8500,534.4600,534.4600,300
1474573262,534.7900,534.8500,534.7900,534.8500,1100
1474573351,535.0000,535.0000,535.0000,535.0000,100
1474573420,535.2900,535.3000,534.5950,535.1300,700
1474573441,534.4500,535.6000,534.4500,534.7400,1600
1474573500,533.6800,534.4400,533.6800,534.4400,600
1474573636,533.9700,534.0000,533.7000,534.0000,1300
1474573699,533.8000,533.9100,533.8000,533.9100,800
1474573899,533.2900,533.5900,533.2900,533.5800,700
1474574130,533.2400,533.2400,533.2400,533.2400,600
1474574174,533.9800,533.9800,532.8600,532.8600,700
1474574288,533.5350,533.5350,533.5350,533.5350,400
1474574343,533.7300,533.7300,533.1100,533.1100,1200
1474574400,533.7300,533.7300,533.7300,533.7300,100
