uri:/instrument/1.0/SPY/chartdata;type=quote;range=1d/csv
ticker:spy
Company-Name:SPDR S&P 500
Exchange-Name:PCX
unit:MIN
timezone:EDT
currency:USD
gmtoffset:-14400
previous_close:214.2400
Timestamp:1474983000,1475006400
labels:1474984800,1474988400,1474992000,1474995600,1474999200,1475002800,1475006400
values:Timestamp,close,high,low,open,volume
close:213.7500,215.6500
high:213.8248,215.6800
low:213.6200,215.5700
open:213.7500,215.6500
volume:300,16872800
1474983006,213.7562,213.9308,213.6200,213.9100,1756600
1474983060,213.8080,213.8600,213.7500,213.7500,411200
1474983179,213.7500,213.8400,213.7200,213.8050,276000
1474983239,213.7800,213.8248,213.6500,213.7500,208900
1474983299,213.9100,213.9100,213.7400,213.7800,182500
1474983359,214.1900,214.2000,213.8892,213.9200,358600
1474983360,214.1400,214.2100,214.1100,214.1900,157300
1474983420,214.1000,214.2000,214.0500,214.1460,169000
1474983539,214.2400,214.2700,214.1000,214.1000,359200
1474983599,214.2450,214.2750,214.2000,214.2400,259900
1474983600,214.4302,214.4711,214.2300,214.2400,280100
1474983660,214.5000,214.5000,214.3800,214.4350,350300
1474983720,214.3865,214.5100,214.3700,214.5000,207600
1474983780,214.3400,214.4400,214.3300,214.3900,102300
1474983841,214.2200,214.3400,214.2200,214.3400,105200
1474983959,214.1800,214.2800,214.1600,214.2210,103400
1474983960,214.2800,214.3100,214.1500,214.1800,119500
1474984022,214.3000,214.3800,214.2800,214.2800,109500
1474984081,214.3600,214.3800,214.2300,214.3000,112300
1474984199,214.4300,214.4500,214.3300,214.3589,105900
1474984200,214.3300,214.4300,214.2600,214.4300,141600
1474984261,214.2400,214.3600,214.2050,214.3300,90100
1474984379,214.4200,214.4400,214.2500,214.2500,108400
1474984380,214.5150,214.6000,214.3900,214.4150,239700
1474984499,214.4750,214.5300,214.4300,214.5150,236200
1474984500,214.5900,214.6300,214.4400,214.4750,354400
1474984560,214.6000,214.6400,214.5350,214.5800,179500
1474984679,214.5700,214.6300,214.5700,214.5983,139300
1474984739,214.5900,214.6000,214.5600,214.5700,82600
1474984799,214.6900,214.7100,214.5800,214.5900,254200
1474984800,214.8300,214.9000,214.6800,214.6900,334000
1474984860,214.9350,214.9911,214.8200,214.8400,205100
1474984979,215.0500,215.0800,214.9250,214.9300,268800
1474984980,215.0993,215.1000,214.9738,215.0550,232600
1474985099,215.0100,215.1300,214.9800,215.0900,329000
1474985159,214.9600,215.0499,214.9600,215.0050,243700
1474985219,215.0200,215.0750,214.9400,214.9650,275600
1474985220,214.9500,215.0200,214.9200,215.0100,163100
1474985339,214.9700,215.0100,214.9300,214.9450,96400
1474985395,214.9400,214.9850,214.9000,214.9700,82600
1474985459,214.9200,214.9350,214.8900,214.9200,64800
1474985519,214.8300,214.9400,214.8300,214.9200,133500
1474985579,214.7900,214.8600,214.7700,214.8350,135300
1474985639,214.8300,214.8400,214.7700,214.8000,92000
1474985699,214.7920,214.8200,214.7600,214.8125,79000
1474985759,214.8725,214.8750,214.7900,214.7900,578800
1474985760,214.8700,214.8900,214.8400,214.8800,80300
1474985820,214.8700,214.9000,214.8600,214.8700,90400
1474985938,214.9300,214.9400,214.8600,214.8700,57000
1474985999,214.8300,214.9400,214.8300,214.9400,97900
1474986000,214.7250,214.8600,214.7100,214.8300,147100
1474986119,214.8010,214.8100,214.7300,214.7300,85900
1474986177,214.8200,214.8200,214.7700,214.8000,57800
1474986239,214.8200,214.8400,214.7700,214.8200,115300
1474986240,214.8800,214.9200,214.8200,214.8200,81300
1474986300,214.8500,214.8800,214.7825,214.8800,67400
1474986419,214.9400,214.9700,214.8400,214.8500,95200
1474986423,214.8800,214.9400,214.8800,214.9400,83600
1474986480,214.8500,214.8900,214.8350,214.8900,98300
1474986599,214.8300,214.8600,214.7850,214.8401,112100
1474986659,214.7592,214.8500,214.7350,214.8200,136100
1474986719,214.7700,214.7900,214.7200,214.7300,100700
1474986779,214.7900,214.8500,214.7500,214.7800,101600
1474986780,214.6900,214.7900,214.6600,214.7850,104400
1474986840,214.5800,214.6900,214.5800,214.6900,141600
1474986900,214.5800,214.6000,214.5500,214.5800,319400
1474986963,214.5200,214.5800,214.5100,214.5800,140500
1474987079,214.5100,214.5400,214.4500,214.5113,220800
1474987080,214.5358,214.5600,214.4900,214.5100,162400
1474987198,214.5400,214.5700,214.5300,214.5400,221600
1474987259,214.5000,214.5400,214.4400,214.5400,116400
1474987319,214.4900,214.5200,214.4600,214.5000,73000
1474987377,214.5400,214.5700,214.4800,214.4800,64600
1474987380,214.5100,214.5500,214.4800,214.5350,69300
1474987499,214.5544,214.5700,214.5000,214.5200,84700
1474987559,214.5500,214.5600,214.5200,214.5500,42900
1474987561,214.5500,214.5900,214.5300,214.5600,65300
1474987677,214.5300,214.5500,214.5000,214.5500,78100
1474987739,214.6200,214.6200,214.5400,214.5400,87700
1474987740,214.5400,214.6200,214.5300,214.6100,52500
1474987859,214.5000,214.5600,214.4800,214.5400,75900
1474987913,214.5500,214.5700,214.5000,214.5000,29400
1474987977,214.5800,214.6000,214.5500,214.5500,31800
1474988038,214.5550,214.6100,214.5300,214.5800,49400
1474988099,214.5000,214.5570,214.4850,214.5570,64500
1474988100,214.5200,214.5400,214.4900,214.4900,101900
1474988160,214.4900,214.5700,214.4900,214.5100,104500
1474988222,214.3300,214.5003,214.2700,214.5003,320600
1474988280,214.2649,214.3300,214.2200,214.3300,161200
1474988399,214.2650,214.2790,214.1600,214.2600,166900
1474988458,214.3000,214.3300,214.2600,214.2600,97600
1474988519,214.3800,214.3900,214.2900,214.3000,90400
1474988520,214.4300,214.4300,214.3400,214.3700,57700
1474988639,214.3600,214.4300,214.3600,214.4200,89000
1474988698,214.3500,214.3800,214.3000,214.3600,72800
1474988759,214.3500,214.4000,214.3320,214.3600,59700
1474988819,214.3301,214.3600,214.3200,214.3400,65200
1474988879,214.3200,214.3600,214.3100,214.3400,42900
1474988880,214.4300,214.4350,214.2800,214.3300,111300
1474988940,214.4300,214.4500,214.4000,214.4300,83300
1474989059,214.5075,214.5100,214.4050,214.4300,149500
1474989119,214.5050,214.5300,214.4700,214.5100,79200
1474989179,214.4700,214.5100,214.4600,214.5000,78100
1474989238,214.4400,214.4900,214.4200,214.4800,41100
1474989299,214.4900,214.4900,214.4400,214.4400,49000
1474989300,214.5300,214.5600,214.4700,214.4900,78300
1474989418,214.4710,214.5300,214.4700,214.5300,61900
1474989420,214.4465,214.4900,214.4400,214.4700,58500
1474989480,214.4700,214.4800,214.4400,214.4400,25700
1474989599,214.5100,214.5200,214.4610,214.4610,50000
1474989658,214.6100,214.6700,214.5100,214.5150,121300
1474989660,214.6300,214.6600,214.6100,214.6100,99900
1474989779,214.6200,214.6500,214.5900,214.6300,74200
1474989839,214.6000,214.6500,214.5800,214.6200,81500
1474989899,214.7200,214.7350,214.6000,214.6100,58700
1474989900,214.6800,214.7300,214.6700,214.7250,47200
1474990019,214.6700,214.6900,214.6350,214.6800,104800
1474990079,214.6600,214.6900,214.6400,214.6700,57500
1474990139,214.7711,214.7900,214.6500,214.6550,90300
1474990199,214.8900,214.9400,214.7600,214.7700,271200
1474990259,214.9400,214.9800,214.8650,214.8900,143600
1474990319,214.9800,215.0300,214.9400,214.9400,172800
1474990379,214.9900,215.0300,214.9300,214.9800,133000
1474990380,215.0000,215.0100,214.9800,215.0000,83400
1474990440,215.0300,215.0500,214.9900,215.0000,97900
1474990500,214.9600,215.0300,214.9600,215.0300,85200
1474990619,215.0108,215.0200,214.9400,214.9700,69900
1474990678,214.9700,215.0300,214.9700,215.0187,77800
1474990680,215.0100,215.0200,214.9600,214.9700,74700
1474990740,215.1100,215.1100,215.0000,215.0000,155400
1474990800,215.0100,215.1100,215.0100,215.1000,124100
1474990918,214.9800,215.0200,214.9700,215.0100,77900
1474990920,214.9800,215.0200,214.9800,214.9900,75100
1474990980,214.9900,215.0200,214.9400,214.9789,86700
1474991040,214.9800,215.0200,214.9800,214.9950,48000
1474991100,214.9300,214.9900,214.9300,214.9800,60900
1474991161,214.8870,214.9355,214.8700,214.9300,115600
1474991279,214.9192,214.9200,214.8600,214.8892,83600
1474991339,214.9600,214.9600,214.9000,214.9100,128500
1474991396,214.9200,214.9700,214.9000,214.9600,136100
1474991457,214.8800,214.9200,214.8500,214.9200,168600
1474991460,214.9100,214.9200,214.8600,214.8800,53300
1474991522,214.9050,214.9100,214.8700,214.9100,40100
1474991639,214.9300,214.9600,214.9050,214.9100,61600
1474991640,214.8900,214.9499,214.8800,214.9400,45000
1474991759,214.9300,214.9300,214.8800,214.8900,71400
1474991819,215.0150,215.0263,214.9200,214.9200,114300
1474991820,214.9950,215.0200,214.9650,215.0174,42800
1474991880,214.9900,215.0100,214.9600,214.9950,592700
1474991998,215.0000,215.0500,214.9950,215.0000,71800
1474992000,215.0100,215.0100,214.9600,214.9900,64300
1474992118,214.9900,215.0150,214.9701,215.0100,55800
1474992179,215.0250,215.0400,214.9700,215.0000,30200
1474992239,215.0300,215.0500,215.0100,215.0300,42700
1474992298,215.0100,215.0300,214.9900,215.0250,20000
1474992300,215.0000,215.0100,214.9700,215.0100,45100
1474992360,215.0000,215.0203,214.9900,214.9900,79600
1474992479,214.9800,215.0000,214.9700,214.9900,72200
1474992482,215.0100,215.0500,214.9900,214.9900,46800
1474992599,214.9700,215.0300,214.9700,215.0100,29500
1474992659,214.9600,214.9758,214.9300,214.9613,91300
1474992660,214.9800,214.9800,214.9500,214.9600,26100
1474992779,214.9400,215.0100,214.9400,214.9900,27800
1474992839,214.9300,214.9600,214.9250,214.9400,1178100
1474992899,214.8600,214.9300,214.8500,214.9300,115100
1474992900,214.9000,214.9300,214.8500,214.8550,56300
1474992967,214.9250,214.9500,214.9000,214.9100,43200
1474993020,214.9750,214.9800,214.9300,214.9300,23700
1474993080,214.9700,214.9800,214.9550,214.9740,22800
1474993144,215.0200,215.0300,214.9600,214.9650,45200
1474993259,215.0800,215.0800,215.0100,215.0100,113100
1474993319,215.2600,215.2600,215.0700,215.0780,353900
1474993320,215.3300,215.3400,215.2400,215.2600,310000
1474993439,215.4700,215.5100,215.3270,215.3300,387300
1474993499,215.4600,215.5100,215.4495,215.4670,207100
1474993500,215.5500,215.5500,215.4600,215.4600,193600
1474993618,215.5000,215.5700,215.4700,215.5500,166700
1474993620,215.5500,215.5700,215.4703,215.5000,78500
1474993680,215.4800,215.5707,215.4500,215.5500,91400
1474993740,215.4300,215.4850,215.4100,215.4800,99200
1474993858,215.4300,215.4799,215.4200,215.4400,93300
1474993919,215.4350,215.4800,215.4200,215.4200,67100
1474993978,215.4000,215.4500,215.4000,215.4300,46400
1474993980,215.4300,215.4400,215.3850,215.4000,136400
1474994097,215.4200,215.4300,215.3900,215.4200,62300
1474994159,215.3900,215.4300,215.3900,215.4200,25200
1474994160,215.4000,215.4000,215.3700,215.3900,58400
1474994279,215.4300,215.4300,215.3900,215.4000,37900
1474994283,215.3000,215.4200,215.3000,215.4200,146300
1474994341,215.3900,215.3900,215.3042,215.3100,74400
1474994459,215.3900,215.3900,215.3462,215.3900,126400
1474994461,215.4000,215.4300,215.3700,215.3800,103400
1474994520,215.4100,215.4200,215.3600,215.4052,57600
1474994637,215.4100,215.4300,215.4000,215.4100,42400
1474994699,215.4100,215.4200,215.3700,215.4000,41200
1474994759,215.3850,215.4200,215.3700,215.4100,45300
1474994760,215.3550,215.3850,215.3400,215.3800,58100
1474994826,215.3200,215.3544,215.2800,215.3500,89900
1474994880,215.3300,215.3500,215.3200,215.3200,19900
1474994943,215.3200,215.3600,215.3200,215.3400,33100
1474995058,215.3400,215.3499,215.2800,215.3000,47600
1474995061,215.3450,215.3700,215.3400,215.3500,23100
1474995126,215.3400,215.3400,215.3000,215.3400,31800
1474995238,215.4000,215.4000,215.3300,215.3400,50900
1474995240,215.4200,215.4400,215.3900,215.4026,57500
1474995300,215.4800,215.4900,215.4100,215.4100,101700
1474995360,215.4450,215.4701,215.4400,215.4701,58900
1474995479,215.4600,215.4800,215.4400,215.4500,48500
1474995480,215.4900,215.4900,215.4500,215.4550,62500
1474995597,215.4900,215.5100,215.4900,215.4900,103000
1474995600,215.4800,215.5100,215.4650,215.4900,118900
1474995719,215.5000,215.5100,215.4700,215.4800,17300
1474995720,215.5150,215.5200,215.4900,215.5000,43200
1474995782,215.5700,215.6000,215.5155,215.5155,133700
1474995840,215.5000,215.5700,215.5000,215.5700,61700
1474995900,215.5300,215.5400,215.4900,215.5000,51300
1474996018,215.5400,215.5600,215.5200,215.5300,61300
1474996078,215.4510,215.5501,215.4500,215.5500,88800
1474996139,215.4300,215.4900,215.4200,215.4500,68400
1474996141,215.4500,215.4599,215.4100,215.4300,44800
1474996257,215.4800,215.5000,215.4400,215.4600,62100
1474996260,215.4300,215.4900,215.3901,215.4850,70400
1474996320,215.4000,215.4300,215.3800,215.4300,44100
1474996380,215.4200,215.4400,215.3900,215.4000,46100
1474996499,215.3501,215.4200,215.3500,215.4200,61700
1474996500,215.3900,215.4000,215.3400,215.3550,32700
1474996560,215.4400,215.4500,215.3900,215.3943,277200
1474996620,215.4000,215.4400,215.3900,215.4300,39900
1474996681,215.4000,215.4150,215.3700,215.4050,34800
1474996799,215.4600,215.4650,215.4000,215.4000,46400
1474996800,215.4600,215.4900,215.4500,215.4600,43500
1474996919,215.4650,215.4700,215.4400,215.4600,36300
1474996921,215.4200,215.4900,215.4200,215.4600,653300
1474996990,215.4700,215.4800,215.4100,215.4200,18900
1474997040,215.5300,215.5399,215.4700,215.4700,61700
1474997102,215.5400,215.5400,215.5000,215.5200,45500
1474997160,215.5050,215.5400,215.4800,215.5330,83100
1474997221,215.5300,215.5400,215.5100,215.5100,53900
1474997282,215.5600,215.5662,215.5200,215.5300,45600
1474997340,215.5400,215.5600,215.5250,215.5600,48600
1474997459,215.6500,215.6800,215.5500,215.5500,152900
1474997519,215.5800,215.6600,215.5600,215.6500,79500
1474997520,215.5700,215.6000,215.5700,215.5800,66600
1474997580,215.6000,215.6100,215.5600,215.5700,146800
1474997641,215.5650,215.6000,215.5400,215.5937,117000
1474997700,215.5839,215.5900,215.5700,215.5700,535200
1474997764,215.5800,215.5900,215.5400,215.5850,42600
1474997820,215.4908,215.5750,215.4900,215.5750,39000
1474997939,215.5100,215.5200,215.4900,215.5000,31700
1474997999,215.5300,215.5700,215.5150,215.5200,50400
1474998000,215.5300,215.5600,215.5300,215.5300,32000
1474998119,215.5230,215.5342,215.5050,215.5300,38100
1474998179,215.4850,215.5300,215.4750,215.5208,60600
1474998238,215.5200,215.5200,215.4710,215.4800,75200
1474998242,215.5850,215.5900,215.5139,215.5150,106600
1474998300,215.5600,215.5903,215.5500,215.5863,78200
1474998361,215.5900,215.6000,215.5600,215.5600,58600
1474998420,215.5750,215.5955,215.5550,215.5955,55000
1474998482,215.5550,215.6000,215.5500,215.5800,60400
1474998542,215.4900,215.5600,215.4900,215.5568,52700
1474998654,215.5640,215.5700,215.4900,215.4900,36200
1474998662,215.5600,215.5900,215.5500,215.5600,52000
1474998779,215.5550,215.5700,215.5400,215.5510,11300
1474998780,215.5600,215.5900,215.5500,215.5500,22400
1474998840,215.5500,215.5700,215.5200,215.5600,22500
1474998903,215.5200,215.5600,215.5200,215.5500,31600
1474998960,215.4300,215.5265,215.3900,215.5200,152900
1474999078,215.5050,215.5100,215.4300,215.4400,52900
1474999080,215.4850,215.5300,215.4800,215.5000,29000
1474999140,215.4700,215.5000,215.4500,215.4900,27200
1474999201,215.4800,215.5100,215.4500,215.4700,30500
1474999319,215.5200,215.5400,215.4700,215.4800,26800
1474999320,215.5500,215.5600,215.5200,215.5200,604600
1474999439,215.4908,215.5500,215.4900,215.5465,58000
1474999443,215.5000,215.5200,215.4700,215.4900,16000
1474999500,215.4300,215.5100,215.4200,215.4950,536000
1474999561,215.4400,215.4600,215.4200,215.4300,531900
1474999620,215.4100,215.4500,215.4000,215.4500,47700
1474999682,215.3825,215.4300,215.3800,215.4100,128600
1474999798,215.3689,215.4200,215.3599,215.3800,155100
1474999800,215.4000,215.4100,215.3500,215.3600,85500
1474999919,215.5000,215.5000,215.4000,215.4000,86800
1474999979,215.4800,215.5100,215.4550,215.4900,66700
1475000039,215.5150,215.5400,215.4800,215.4900,62400
1475000040,215.4950,215.5150,215.4750,215.5100,40200
1475000159,215.4850,215.5100,215.4700,215.4950,39000
1475000160,215.5100,215.5100,215.4745,215.4900,46900
1475000220,215.4500,215.5300,215.4500,215.5050,100800
1475000281,215.4850,215.5100,215.4550,215.4600,75800
1475000399,215.5300,215.5400,215.4800,215.4900,85600
1475000457,215.5350,215.5400,215.5200,215.5300,20500
1475000519,215.4800,215.5400,215.4800,215.5350,40300
1475000521,215.5202,215.5350,215.4800,215.4800,135800
1475000581,215.5500,215.5800,215.5200,215.5200,125200
1475000698,215.5100,215.5600,215.5000,215.5499,61700
1475000700,215.5200,215.5600,215.4900,215.5000,37000
1475000760,215.5300,215.5600,215.5200,215.5200,36800
1475000876,215.5058,215.5350,215.5000,215.5200,41000
1475000939,215.5600,215.5800,215.5099,215.5099,16872800
1475000940,215.5200,215.5600,215.5200,215.5600,54600
1475001058,215.4800,215.5300,215.4600,215.5100,574500
1475001060,215.4700,215.5200,215.4310,215.4900,59900
1475001179,215.5200,215.5500,215.4700,215.4700,57400
1475001181,215.5200,215.5300,215.4900,215.5200,24700
1475001242,215.5100,215.5300,215.5000,215.5300,10800
1475001300,215.5699,215.5750,215.5100,215.5100,37100
1475001360,215.5200,215.5700,215.5050,215.5700,39500
1475001478,215.5000,215.5300,215.4900,215.5299,30100
1475001539,215.5200,215.5300,215.5000,215.5000,28300
1475001599,215.4950,215.5300,215.4900,215.5200,109200
1475001659,215.5200,215.5400,215.4900,215.5000,52300
1475001660,215.4900,215.5300,215.4900,215.5100,15900
1475001778,215.4500,215.4900,215.4408,215.4900,68100
1475001781,215.4040,215.4535,215.4000,215.4500,98900
1475001841,215.4150,215.4300,215.4050,215.4100,22300
1475001957,215.4600,215.4700,215.4100,215.4100,55300
1475002017,215.4550,215.4900,215.4500,215.4700,40800
1475002021,215.4200,215.4500,215.4200,215.4500,22800
1475002139,215.3599,215.4300,215.3450,215.4300,101100
1475002140,215.3550,215.3700,215.3400,215.3500,67800
1475002200,215.3200,215.3500,215.3200,215.3500,39600
1475002319,215.3000,215.3300,215.2900,215.3300,33800
1475002378,215.3050,215.3300,215.2900,215.2900,59200
1475002380,215.3500,215.3650,215.3000,215.3000,80300
1475002499,215.4000,215.4500,215.3450,215.3500,113900
1475002558,215.3700,215.4100,215.3650,215.3900,59000
1475002617,215.3650,215.3800,215.3350,215.3700,32700
1475002621,215.3792,215.3900,215.3450,215.3700,55000
1475002680,215.3500,215.4000,215.3500,215.3900,32500
1475002799,215.3700,215.3900,215.3400,215.3500,66300
1475002857,215.4200,215.4200,215.3600,215.3800,66300
1475002918,215.3900,215.4300,215.3900,215.4100,22900
1475002977,215.4297,215.4300,215.3900,215.3900,57700
1475003031,215.3901,215.4300,215.3900,215.4275,85300
1475003099,215.4600,215.4700,215.4000,215.4000,66000
1475003100,215.4350,215.4600,215.4300,215.4600,53000
1475003219,215.4700,215.4700,215.4250,215.4400,25400
1475003220,215.4550,215.4700,215.4400,215.4600,42500
1475003339,215.5000,215.5200,215.4500,215.4500,114800
1475003341,215.4750,215.5100,215.4700,215.5000,75800
1475003400,215.4600,215.4900,215.4600,215.4800,47000
1475003519,215.4015,215.4600,215.3900,215.4600,67800
1475003577,215.4000,215.4200,215.3700,215.4000,74200
1475003639,215.3700,215.4300,215.3700,215.4100,61600
1475003697,215.3400,215.3700,215.3300,215.3700,104100
1475003700,215.3750,215.3750,215.3300,215.3400,38100
1475003819,215.3600,215.3900,215.3500,215.3700,49000
1475003820,215.4100,215.4190,215.3500,215.3637,41000
1475003886,215.4300,215.4400,215.4000,215.4200,572400
1475003941,215.4200,215.4300,215.4000,215.4300,29100
1475004057,215.3700,215.4233,215.3700,215.4100,43500
1475004060,215.3208,215.3800,215.3200,215.3700,83200
1475004120,215.3000,215.3500,215.3000,215.3260,59200
1475004180,215.2600,215.3000,215.2500,215.3000,91200
1475004298,215.2700,215.2900,215.2300,215.2600,129900
1475004359,215.3250,215.3350,215.2400,215.2700,124900
1475004360,215.2900,215.3400,215.2900,215.3250,69300
1475004479,215.3100,215.3200,215.2900,215.2950,58900
1475004539,215.3000,215.3300,215.2600,215.3050,89500
1475004599,215.3400,215.3500,215.3000,215.3000,98100
1475004658,215.1911,215.3450,215.1900,215.3450,164200
1475004660,215.2700,215.2700,215.1700,215.1908,154600
1475004720,215.2800,215.3200,215.2400,215.2600,119600
1475004839,215.2400,215.3000,215.2400,215.2900,73700
1475004897,215.3000,215.3000,215.2300,215.2420,85100
1475004900,215.3500,215.3800,215.2900,215.3000,182100
1475005019,215.3200,215.3450,215.3000,215.3401,79200
1475005079,215.3199,215.3300,215.2500,215.3300,68800
1475005136,215.3100,215.3300,215.2900,215.3150,75800
1475005199,215.4200,215.4300,215.3150,215.3200,227900
1475005259,215.4450,215.4600,215.3900,215.4300,180300
1475005319,215.4300,215.4600,215.4100,215.4500,109100
1475005379,215.4500,215.4700,215.4100,215.4250,112500
1475005439,215.4200,215.4900,215.4200,215.4600,188400
1475005440,215.5400,215.5500,215.4200,215.4300,528600
1475005559,215.4500,215.5500,215.4400,215.5400,177900
1475005560,215.4450,215.4700,215.4400,215.4500,85200
1475005620,215.3700,215.4500,215.3500,215.4450,184400
1475005680,215.3800,215.4000,215.3600,215.3685,134200
1475005799,215.3611,215.4050,215.3600,215.3885,141300
1475005800,215.3600,215.4000,215.3500,215.3600,114800
1475005860,215.3900,215.3900,215.3600,215.3700,87700
1475005920,215.3850,215.4400,215.3800,215.3900,163400
1475005980,215.3800,215.4100,215.3800,215.3850,117500
1475006040,215.4400,215.4400,215.3800,215.3800,190900
1475006159,215.4800,215.4900,215.4200,215.4300,208600
1475006160,215.4900,215.5000,215.4700,215.4750,160400
1475006220,215.4900,215.5000,215.4600,215.4900,149100
1475006280,215.5300,215.5400,215.4600,215.4800,322600
1475006399,215.5500,215.5500,215.4700,215.5300,772500
1475006400,215.5500,215.5500,215.5500,215.5500,300
