uri:/instrument/1.0/VEA/chartdata;type=quote;range=1d/csv
ticker:vea
Company-Name:Vanguard FTSE Developed Markets
Exchange-Name:PCX
unit:MIN
timezone:EDT
currency:USD
gmtoffset:-14400
previous_close:36.7300
Timestamp:1474464600,1474488000
labels:1474466400,1474470000,1474473600,1474477200,1474480800,1474484400,1474488000
values:Timestamp,close,high,low,open,volume
close:37.0101,37.4850
high:37.0200,37.4900
low:37.0101,37.4750
open:37.0150,37.4850
volume:300,349900
1474464613,37.1450,37.1450,37.1400,37.1400,108600
1474464719,37.1310,37.1600,37.1310,37.1500,26500
1474464777,37.1400,37.1500,37.1400,37.1400,3600
1474464782,37.1400,37.1401,37.1300,37.1401,14600
1474464843,37.1300,37.1450,37.1250,37.1300,25400
1474464909,37.1400,37.1400,37.1300,37.1300,600
1474464962,37.1500,37.1600,37.1400,37.1400,14000
1474465077,37.1400,37.1450,37.1400,37.1400,2100
1474465132,37.1400,37.1550,37.1400,37.1400,8900
1474465199,37.1400,37.1400,37.1300,37.1300,5400
1474465200,37.1450,37.1500,37.1300,37.1415,14900
1474465277,37.1499,37.1499,37.1400,37.1437,3400
1474465378,37.1450,37.1450,37.1300,37.1400,17500
1474465437,37.1301,37.1450,37.1301,37.1400,25700
1474465495,37.1250,37.1350,37.1250,37.1338,2300
1474465536,37.1220,37.1400,37.1220,37.1300,3300
1474465562,37.1250,37.1250,37.1200,37.1250,900
1474465678,37.1350,37.1350,37.1240,37.1250,5000
1474465736,37.1200,37.1300,37.1200,37.1300,4100
1474465799,37.1315,37.1350,37.1250,37.1300,3200
1474465859,37.1400,37.1400,37.1350,37.1350,69700
1474465867,37.1400,37.1461,37.1301,37.1301,4700
1474465922,37.1400,37.1450,37.1399,37.1450,24300
1474466034,37.1550,37.1550,37.1400,37.1400,22300
1474466097,37.1448,37.1550,37.1448,37.1550,2900
1474466116,37.1600,37.1600,37.1500,37.1500,1400
1474466213,37.1550,37.1650,37.1500,37.1600,7000
1474466278,37.1550,37.1550,37.1500,37.1550,3100
1474466333,37.1510,37.1650,37.1510,37.1550,10900
1474466399,37.1700,37.1700,37.1550,37.1550,14600
1474466450,37.1600,37.1655,37.1600,37.1650,1500
1474466515,37.1700,37.1700,37.1501,37.1650,23900
1474466570,37.1765,37.1800,37.1600,37.1700,36300
1474466637,37.1750,37.1800,37.1700,37.1756,20500
1474466641,37.1700,37.1700,37.1600,37.1700,8500
1474466750,37.1900,37.1900,37.1650,37.1700,31300
1474466761,37.1765,37.1900,37.1765,37.1850,7500
1474466869,37.1690,37.1790,37.1649,37.1790,19100
1474466888,37.1600,37.1699,37.1600,37.1600,8800
1474466956,37.1563,37.1639,37.1550,37.1600,8500
1474467024,37.1548,37.1600,37.1501,37.1600,6300
1474467063,37.1563,37.1600,37.1522,37.1522,20600
1474467148,37.1600,37.1600,37.1550,37.1590,4200
1474467234,37.1500,37.1566,37.1500,37.1566,300
1474467250,37.1692,37.1700,37.1550,37.1599,40600
1474467300,37.1799,37.1800,37.1650,37.1650,30700
1474467372,37.1700,37.1800,37.1700,37.1800,24900
1474467422,37.1600,37.1700,37.1600,37.1700,7300
1474467481,37.1663,37.1750,37.1630,37.1700,17100
1474467594,37.1690,37.1700,37.1656,37.1700,7700
1474467604,37.1700,37.1700,37.1700,37.1700,8200
1474467664,37.1700,37.1799,37.1650,37.1700,11100
1474467720,37.1700,37.1800,37.1600,37.1700,27200
1474467793,37.1700,37.1800,37.1601,37.1601,40900
1474467899,37.1800,37.1800,37.1750,37.1750,25500
1474467917,37.1750,37.1800,37.1750,37.1750,21500
1474468012,37.1650,37.1750,37.1650,37.1744,11700
1474468028,37.1548,37.1700,37.1507,37.1656,15500
1474468137,37.1500,37.1600,37.1450,37.1600,13200
1474468197,37.1600,37.1600,37.1400,37.1500,31400
1474468258,37.1550,37.1800,37.1550,37.1550,58600
1474468262,37.1400,37.1700,37.1400,37.1600,83900
1474468321,37.1500,37.1500,37.1333,37.1400,10600
1474468383,37.1600,37.1600,37.1500,37.1500,22600
1474468441,37.1600,37.1700,37.1550,37.1600,73400
1474468559,37.1665,37.1799,37.1600,37.1600,16800
1474468568,37.1700,37.1700,37.1610,37.1700,22400
1474468620,37.1543,37.1700,37.1543,37.1663,43400
1474468683,37.1600,37.1650,37.1550,37.1550,53400
1474468799,37.1700,37.1800,37.1600,37.1600,99300
1474468800,37.1690,37.1800,37.1650,37.1700,37700
1474468868,37.1700,37.1800,37.1610,37.1610,15200
1474468930,37.1600,37.1800,37.1600,37.1720,7600
1474468987,37.1700,37.1700,37.1550,37.1650,30400
1474469042,37.1800,37.1800,37.1700,37.1750,85500
1474469115,37.1554,37.1800,37.1550,37.1750,25600
1474469165,37.1200,37.1500,37.1100,37.1500,13300
1474469220,37.1200,37.1290,37.1190,37.1200,39600
1474469283,37.1200,37.1399,37.1200,37.1200,40400
1474469341,37.1300,37.1350,37.1250,37.1290,30700
1474469403,37.1300,37.1300,37.1250,37.1300,29700
1474469460,37.1300,37.1358,37.1300,37.1350,3000
1474469540,37.1300,37.1350,37.1236,37.1300,11200
1474469588,37.1300,37.1400,37.1300,37.1300,68700
1474469660,37.1250,37.1400,37.1200,37.1350,36200
1474469706,37.1050,37.1300,37.1050,37.1300,55800
1474469817,37.1100,37.1100,37.1000,37.1050,23600
1474469825,37.1043,37.1100,37.1000,37.1100,6600
1474469898,37.1000,37.1090,37.1000,37.1090,4000
1474469954,37.0900,37.1057,37.0900,37.1050,8100
1474470001,37.1100,37.1100,37.0900,37.1000,43000
1474470114,37.1000,37.1100,37.0900,37.1050,65900
1474470178,37.1050,37.1100,37.1000,37.1000,20900
1474470239,37.1065,37.1100,37.1001,37.1050,47500
1474470242,37.1101,37.1200,37.1100,37.1100,3900
1474470355,37.1199,37.1200,37.1110,37.1200,9700
1474470416,37.1230,37.1375,37.1200,37.1200,10800
1474470467,37.1200,37.1264,37.1110,37.1200,12800
1474470528,37.1300,37.1300,37.1200,37.1200,25900
1474470548,37.1200,37.1300,37.1150,37.1200,28700
1474470609,37.1050,37.1199,37.1050,37.1146,11900
1474470665,37.0900,37.1000,37.0900,37.1000,9500
1474470771,37.0850,37.0950,37.0850,37.0900,9000
1474470837,37.0900,37.0950,37.0801,37.0888,50500
1474470886,37.1000,37.1000,37.0900,37.0900,10800
1474470903,37.0950,37.1000,37.0950,37.1000,10400
1474471019,37.1000,37.1058,37.0950,37.0950,13600
1474471059,37.1062,37.1100,37.1000,37.1000,9600
1474471138,37.1000,37.1000,37.1000,37.1000,8100
1474471141,37.1100,37.1100,37.0950,37.1000,34900
1474471252,37.1000,37.1050,37.0900,37.1000,10000
1474471319,37.1100,37.1100,37.0950,37.1000,17500
1474471370,37.1100,37.1100,37.1030,37.1100,13400
1474471439,37.1100,37.1100,37.1000,37.1100,12700
1474471445,37.1000,37.1100,37.0950,37.1100,9000
1474471547,37.1000,37.1050,37.0910,37.0950,13100
1474471605,37.1095,37.1100,37.1005,37.1075,5800
1474471620,37.1050,37.1100,37.1042,37.1100,10900
1474471734,37.1200,37.1283,37.1100,37.1100,26000
1474471741,37.1300,37.1350,37.1200,37.1200,27700
1474471834,37.1452,37.1452,37.1300,37.1400,6300
1474471918,37.1350,37.1400,37.1300,37.1300,7800
1474471924,37.1100,37.1350,37.1050,37.1350,20500
1474472039,37.1000,37.1100,37.1000,37.1100,27600
1474472099,37.0900,37.1100,37.0900,37.1000,22900
1474472150,37.1000,37.1000,37.0900,37.0900,6900
1474472217,37.1044,37.1100,37.1000,37.1100,17400
1474472278,37.0950,37.1000,37.0950,37.1000,3400
1474472322,37.1000,37.1037,37.1000,37.1000,2500
1474472340,37.1100,37.1150,37.1000,37.1050,23200
1474472455,37.1200,37.1200,37.1127,37.1150,14100
1474472489,37.1200,37.1300,37.1100,37.1250,14600
1474472572,37.1068,37.1100,37.1000,37.1100,7600
1474472587,37.1050,37.1100,37.1000,37.1100,1200
1474472655,37.1000,37.1066,37.0950,37.1000,3600
1474472702,37.1091,37.1091,37.1000,37.1000,6200
1474472810,37.1100,37.1175,37.1050,37.1100,17000
1474472832,37.1100,37.1100,37.1000,37.1100,29800
1474472894,37.1150,37.1200,37.1000,37.1000,39700
1474472998,37.1150,37.1150,37.1100,37.1101,7900
1474473029,37.1200,37.1200,37.1100,37.1183,4500
1474473068,37.1150,37.1250,37.1100,37.1200,24700
1474473132,37.1150,37.1200,37.1039,37.1200,12800
1474473188,37.1050,37.1100,37.1000,37.1100,7400
1474473240,37.1100,37.1150,37.1050,37.1050,44500
1474473308,37.1100,37.1142,37.1090,37.1100,4700
1474473365,37.1148,37.1148,37.1100,37.1100,2200
1474473470,37.1100,37.1200,37.1100,37.1200,8900
1474473480,37.1250,37.1250,37.1044,37.1044,8600
1474473543,37.1200,37.1250,37.1100,37.1200,15000
1474473659,37.1200,37.1250,37.1115,37.1150,12400
1474473660,37.1144,37.1200,37.1110,37.1200,15600
1474473722,37.1192,37.1192,37.1100,37.1100,9400
1474473791,37.1150,37.1200,37.1100,37.1199,8000
1474473887,37.1150,37.1150,37.1101,37.1101,6800
1474473901,37.1200,37.1200,37.1150,37.1150,10700
1474473970,37.1300,37.1300,37.1200,37.1200,8900
1474474078,37.1300,37.1300,37.1150,37.1250,26900
1474474117,37.1200,37.1250,37.1200,37.1250,14900
1474474167,37.1200,37.1230,37.1100,37.1230,9700
1474474202,37.1185,37.1200,37.1115,37.1150,8300
1474474318,37.1134,37.1200,37.1134,37.1150,3800
1474474323,37.1129,37.1299,37.1120,37.1200,26000
1474474434,37.1100,37.1175,37.1050,37.1175,7500
1474474447,37.1050,37.1100,37.1000,37.1100,9200
1474474546,37.0750,37.1000,37.0737,37.1000,8000
1474474560,37.0800,37.0801,37.0800,37.0800,3600
1474474679,37.0800,37.0850,37.0800,37.0850,4900
1474474737,37.0700,37.0800,37.0650,37.0786,6700
1474474749,37.0600,37.0700,37.0535,37.0700,14100
1474474854,37.0600,37.0650,37.0600,37.0600,19700
1474474866,37.0600,37.0700,37.0550,37.0600,13400
1474474977,37.0700,37.0700,37.0600,37.0600,5400
1474475034,37.0700,37.0751,37.0700,37.0700,5500
1474475044,37.0450,37.0750,37.0450,37.0651,16900
1474475156,37.0400,37.0500,37.0400,37.0500,12500
1474475200,37.0450,37.0450,37.0300,37.0300,4700
1474475221,37.0300,37.0475,37.0300,37.0475,4700
1474475295,37.0465,37.0500,37.0350,37.0400,17900
1474475359,37.0500,37.0500,37.0473,37.0473,3400
1474475407,37.0400,37.0490,37.0400,37.0490,8200
1474475464,37.0499,37.0499,37.0300,37.0400,7500
1474475579,37.0400,37.0500,37.0400,37.0450,34100
1474475583,37.0350,37.0400,37.0300,37.0350,4200
1474475675,37.0250,37.0350,37.0250,37.0300,7100
1474475756,37.0101,37.0250,37.0101,37.0250,41400
1474475819,37.0300,37.0300,37.0150,37.0150,12300
1474475871,37.0350,37.0350,37.0225,37.0225,18300
1474475929,37.0250,37.0400,37.0250,37.0350,8700
1474475995,37.0134,37.0200,37.0123,37.0200,13500
1474476006,37.0150,37.0200,37.0150,37.0200,20800
1474476062,37.0238,37.0250,37.0200,37.0200,3500
1474476169,37.0360,37.0360,37.0218,37.0218,5500
1474476235,37.0300,37.0400,37.0300,37.0350,26000
1474476299,37.0400,37.0499,37.0215,37.0300,12000
1474476301,37.0495,37.0500,37.0400,37.0400,8000
1474476365,37.0500,37.0500,37.0450,37.0475,13800
1474476420,37.0500,37.0537,37.0410,37.0500,16400
1474476493,37.0420,37.0557,37.0401,37.0500,4200
1474476599,37.0500,37.0500,37.0404,37.0500,8000
1474476600,37.0552,37.0552,37.0499,37.0500,11600
1474476715,37.0569,37.0600,37.0569,37.0600,1300
1474476774,37.0600,37.0650,37.0500,37.0600,23700
1474476834,37.0800,37.0800,37.0500,37.0550,31900
1474476841,37.0700,37.0710,37.0700,37.0710,1100
1474476955,37.0700,37.0700,37.0600,37.0700,10200
1474477009,37.0638,37.0700,37.0638,37.0700,8100
1474477068,37.0700,37.0800,37.0601,37.0700,9500
1474477134,37.0750,37.0800,37.0650,37.0700,27600
1474477140,37.0663,37.0800,37.0663,37.0800,15000
1474477259,37.0900,37.0900,37.0600,37.0600,12000
1474477304,37.0740,37.0865,37.0716,37.0865,3300
1474477371,37.0800,37.0900,37.0800,37.0800,6000
1474477381,37.0800,37.0800,37.0743,37.0800,17100
1474477446,37.0800,37.0900,37.0800,37.0800,19800
1474477500,37.0846,37.0850,37.0700,37.0800,9800
1474477619,37.0799,37.0850,37.0799,37.0800,6200
1474477620,37.0750,37.0800,37.0720,37.0720,3800
1474477738,37.0701,37.0800,37.0700,37.0799,6000
1474477792,37.0760,37.0799,37.0732,37.0799,8000
1474477859,37.0700,37.0750,37.0650,37.0700,13800
1474477869,37.0700,37.0800,37.0700,37.0750,30900
1474477932,37.0758,37.0790,37.0700,37.0750,16100
1474478016,37.0700,37.0700,37.0650,37.0700,37200
1474478086,37.0643,37.0700,37.0621,37.0650,7500
1474478101,37.0400,37.0668,37.0400,37.0620,18700
1474478215,37.0500,37.0500,37.0400,37.0400,4900
1474478274,37.0600,37.0600,37.0500,37.0500,11800
1474478338,37.0600,37.0600,37.0401,37.0500,10000
1474478398,37.0650,37.0671,37.0550,37.0600,40400
1474478400,37.0665,37.0690,37.0600,37.0650,8900
1474478514,37.0550,37.0699,37.0500,37.0608,10300
1474478521,37.0600,37.0700,37.0550,37.0565,8900
1474478638,37.0450,37.0600,37.0450,37.0550,39100
1474478698,37.0450,37.0500,37.0438,37.0500,19100
1474478746,37.0448,37.0465,37.0348,37.0465,12100
1474478778,37.0443,37.0500,37.0443,37.0500,3900
1474478871,37.0550,37.0590,37.0400,37.0450,24900
1474478938,37.0450,37.0600,37.0450,37.0600,14000
1474478999,37.0500,37.0575,37.0438,37.0500,12000
1474479002,37.0599,37.0599,37.0450,37.0500,23800
1474479061,37.0550,37.0600,37.0500,37.0550,12700
1474479173,37.0650,37.0696,37.0590,37.0600,21800
1474479186,37.0650,37.0700,37.0600,37.0600,5000
1474479257,37.0700,37.0700,37.0600,37.0600,36200
1474479308,37.0757,37.0800,37.0630,37.0700,14600
1474479412,37.0700,37.0800,37.0650,37.0750,17800
1474479427,37.0750,37.0800,37.0700,37.0700,6400
1474479538,37.0700,37.0800,37.0600,37.0800,31300
1474479591,37.0600,37.0650,37.0500,37.0650,16000
1474479654,37.0500,37.0650,37.0500,37.0600,16000
1474479719,37.0550,37.0550,37.0400,37.0450,10600
1474479760,37.0490,37.0575,37.0450,37.0566,11400
1474479837,37.0600,37.0600,37.0410,37.0480,65800
1474479840,37.0600,37.0700,37.0557,37.0557,16300
1474479900,37.0600,37.0650,37.0599,37.0600,19100
1474479961,37.0700,37.0750,37.0600,37.0600,11300
1474480077,37.0800,37.0850,37.0700,37.0750,9300
1474480138,37.1000,37.1000,37.0800,37.0800,15900
1474480186,37.0900,37.0900,37.0850,37.0900,10700
1474480252,37.0806,37.0900,37.0739,37.0800,21300
1474480302,37.0900,37.0950,37.0815,37.0900,11600
1474480379,37.0852,37.0900,37.0850,37.0850,12700
1474480400,37.0820,37.0850,37.0799,37.0850,4100
1474480493,37.0750,37.0800,37.0710,37.0800,9500
1474480559,37.0834,37.0950,37.0800,37.0800,32500
1474480562,37.1050,37.1050,37.0861,37.0861,16200
1474480678,37.1200,37.1300,37.1000,37.1050,33300
1474480683,37.0979,37.1200,37.0700,37.1200,52100
1474480797,37.0695,37.0900,37.0600,37.0800,11800
1474480802,37.0500,37.0565,37.0360,37.0565,19500
1474480918,37.1100,37.1656,37.1070,37.1200,37300
1474480975,37.1700,37.1808,37.1000,37.1000,29900
1474481037,37.1620,37.1825,37.1300,37.1700,31000
1474481040,37.1400,37.1900,37.1400,37.1600,30900
1474481158,37.1900,37.1900,37.1501,37.1600,39800
1474481161,37.2001,37.2400,37.2000,37.2000,62100
1474481277,37.2100,37.2200,37.2100,37.2100,10600
1474481280,37.2500,37.2500,37.2050,37.2050,36000
1474481397,37.2200,37.2600,37.2200,37.2485,42900
1474481459,37.2900,37.2900,37.2200,37.2200,41600
1474481519,37.2800,37.3100,37.2700,37.3000,37900
1474481573,37.2800,37.2950,37.2586,37.2800,34400
1474481637,37.2643,37.2800,37.2500,37.2800,25500
1474481699,37.2100,37.2700,37.2100,37.2700,86600
1474481750,37.2300,37.2500,37.2200,37.2200,49800
1474481810,37.2300,37.2500,37.2300,37.2400,15400
1474481876,37.2000,37.2350,37.2000,37.2350,59000
1474481932,37.1900,37.2000,37.1800,37.2000,22200
1474481945,37.1900,37.2000,37.1800,37.2000,16400
1474482004,37.1800,37.1899,37.1550,37.1899,18000
1474482117,37.1799,37.1799,37.1500,37.1700,19800
1474482124,37.1600,37.1800,37.1500,37.1700,15100
1474482239,37.1800,37.1900,37.1585,37.1585,17600
1474482299,37.1200,37.1800,37.1200,37.1800,30300
1474482302,37.1300,37.1450,37.1200,37.1200,21100
1474482417,37.0950,37.1200,37.0900,37.1200,14300
1474482421,37.1065,37.1150,37.1000,37.1000,21300
1474482539,37.1164,37.1200,37.1000,37.1000,9100
1474482593,37.1200,37.1400,37.1200,37.1200,28800
1474482659,37.1100,37.1250,37.1000,37.1135,35100
1474482717,37.1000,37.1300,37.1000,37.1100,36700
1474482720,37.0800,37.0900,37.0600,37.0900,33200
1474482836,37.1000,37.1300,37.0700,37.0700,29400
1474482897,37.1250,37.1400,37.1100,37.1100,11900
1474482900,37.1700,37.1700,37.1200,37.1200,13600
1474483019,37.1700,37.1700,37.1400,37.1600,62600
1474483021,37.1890,37.2000,37.1732,37.1800,16100
1474483093,37.1900,37.2000,37.1700,37.1900,12400
1474483199,37.2200,37.2400,37.2000,37.2000,148400
1474483259,37.2200,37.2300,37.2000,37.2200,46000
1474483312,37.2300,37.2300,37.2173,37.2200,21800
1474483379,37.2400,37.2400,37.2152,37.2200,58600
1474483439,37.2495,37.2500,37.2400,37.2400,35900
1474483494,37.2400,37.2700,37.2300,37.2500,19600
1474483559,37.2500,37.2500,37.2300,37.2400,30800
1474483618,37.2500,37.2600,37.2450,37.2450,17400
1474483676,37.2223,37.2550,37.2223,37.2540,34600
1474483684,37.1900,37.2300,37.1850,37.2300,41300
1474483795,37.2100,37.2300,37.1850,37.1900,40700
1474483858,37.2000,37.2200,37.2000,37.2100,47500
1474483861,37.2090,37.2100,37.1900,37.2000,14600
1474483932,37.2065,37.2200,37.2065,37.2100,9400
1474484037,37.2100,37.2200,37.2000,37.2100,25000
1474484040,37.2100,37.2200,37.2000,37.2100,33600
1474484105,37.2200,37.2285,37.2165,37.2165,19700
1474484219,37.2465,37.2465,37.2134,37.2200,36600
1474484224,37.2800,37.2899,37.2467,37.2500,21500
1474484281,37.2850,37.2850,37.2650,37.2700,23200
1474484340,37.2900,37.2950,37.2837,37.2900,36500
1474484400,37.2600,37.2950,37.2600,37.2900,29600
1474484519,37.2800,37.2850,37.2500,37.2650,65700
1474484579,37.2850,37.2850,37.2601,37.2730,34500
1474484635,37.2965,37.3000,37.2900,37.2900,17500
1474484642,37.3000,37.3171,37.2970,37.2970,27100
1474484759,37.3400,37.3450,37.3000,37.3000,19600
1474484818,37.3300,37.3400,37.3200,37.3400,11800
1474484822,37.3100,37.3250,37.3099,37.3215,14300
1474484907,37.3100,37.3100,37.3000,37.3065,17200
1474484950,37.3200,37.3250,37.3064,37.3064,5700
1474485011,37.3433,37.3433,37.3150,37.3150,5900
1474485068,37.3500,37.3650,37.3410,37.3410,15000
1474485174,37.3600,37.3700,37.3500,37.3500,12900
1474485236,37.3700,37.3700,37.3600,37.3600,36100
1474485245,37.3767,37.3900,37.3700,37.3700,13300
1474485359,37.3900,37.3950,37.3750,37.3750,35000
1474485414,37.4060,37.4064,37.3900,37.3900,36000
1474485476,37.4000,37.4200,37.4000,37.4100,25900
1474485486,37.3900,37.4000,37.3900,37.4000,9900
1474485598,37.3900,37.3900,37.3830,37.3900,4000
1474485608,37.3900,37.4000,37.3850,37.3850,28600
1474485663,37.3900,37.3950,37.3848,37.3900,10500
1474485773,37.3900,37.3950,37.3800,37.3800,79500
1474485780,37.4044,37.4060,37.3810,37.3900,12400
1474485848,37.3850,37.4100,37.3800,37.4100,34100
1474485900,37.4000,37.4000,37.3801,37.3801,24500
1474485977,37.3860,37.4000,37.3860,37.4000,16100
1474486078,37.4000,37.4000,37.3850,37.3900,10800
1474486082,37.4050,37.4100,37.3990,37.3990,11400
1474486194,37.3950,37.4100,37.3900,37.4050,13200
1474486202,37.3950,37.4100,37.3950,37.3950,33400
1474486310,37.4000,37.4100,37.3900,37.3932,49600
1474486323,37.4021,37.4100,37.3950,37.3960,6800
1474486437,37.4300,37.4300,37.4100,37.4100,13000
1474486497,37.4390,37.4500,37.4329,37.4400,17100
1474486501,37.4475,37.4500,37.4399,37.4400,21500
1474486619,37.4300,37.4599,37.4290,37.4500,21600
1474486678,37.4348,37.4400,37.4300,37.4300,27700
1474486739,37.4214,37.4399,37.4200,37.4346,14700
1474486798,37.4300,37.4350,37.4201,37.4250,19900
1474486853,37.4364,37.4400,37.4300,37.4350,31800
1474486862,37.4350,37.4500,37.4301,37.4400,42200
1474486979,37.4400,37.4499,37.4350,37.4350,15100
1474486980,37.4500,37.4599,37.4400,37.4450,36700
1474487095,37.4600,37.4650,37.4400,37.4500,18000
1474487156,37.4700,37.4750,37.4600,37.4650,35600
1474487162,37.4800,37.4800,37.4610,37.4700,118700
1474487274,37.4850,37.4850,37.4700,37.4750,18800
1474487335,37.4800,37.4900,37.4750,37.4850,32700
1474487394,37.4637,37.4800,37.4637,37.4750,45300
1474487459,37.4740,37.4850,37.4700,37.4700,69600
1474487460,37.4700,37.4800,37.4700,37.4700,24200
1474487573,37.4800,37.4858,37.4750,37.4750,11600
1474487637,37.4650,37.4700,37.4600,37.4700,21000
1474487699,37.4500,37.4650,37.4500,37.4650,31000
1474487758,37.4450,37.4560,37.4400,37.4500,33300
1474487760,37.4300,37.4500,37.4300,37.4450,78900
1474487820,37.4350,37.4600,37.4250,37.4250,144500
1474487935,37.4500,37.4575,37.4300,37.4350,166400
1474487941,37.4300,37.4600,37.4300,37.4500,141300
1474488000,37.4300,37.4300,37.4300,37.4300,349900
