uri:/instrument/1.0/ACWI/chartdata;type=quote;range=1d/csv
ticker:acwi
Company-Name:iShares MSCI ACWI Index Fund
Exchange-Name:NGM
unit:MIN
timezone:EDT
currency:USD
gmtoffset:-14400
previous_close:58.6000
Timestamp:1474983000,1475006400
labels:1474984800,1474988400,1474992000,1474995600,1474999200,1475002800,1475006400
values:Timestamp,close,high,low,open,volume
close:58.4400,58.9500
high:58.4493,58.9500
low:58.4100,58.9400
open:58.4300,58.9493
volume:100,27200
1474983055,58.4400,58.4900,58.4100,58.4800,14000
1474983115,58.4600,58.4700,58.4500,58.4500,4600
1474983172,58.4500,58.4500,58.4350,58.4500,4800
1474983234,58.4400,58.4493,58.4200,58.4400,7900
1474983299,58.4800,58.4800,58.4300,58.4300,3800
1474983359,58.5500,58.5500,58.4850,58.4900,11600
1474983414,58.5400,58.5500,58.5300,58.5400,11200
1474983476,58.5100,58.5500,58.5100,58.5450,7500
1474983538,58.5700,58.5700,58.5150,58.5200,5600
1474983592,58.5700,58.5700,58.5610,58.5693,2100
1474983658,58.6200,58.6300,58.5700,58.5700,12400
1474983718,58.6393,58.6393,58.6050,58.6100,5300
1474983776,58.6000,58.6300,58.6000,58.6300,10300
1474983828,58.6000,58.6200,58.5950,58.6100,5100
1474983896,58.5600,58.5885,58.5600,58.5800,6600
1474983957,58.5500,58.5785,58.5500,58.5600,5300
1474984018,58.5850,58.5850,58.5550,58.5550,3600
1474984032,58.5885,58.6000,58.5885,58.5900,3100
1474984135,58.6100,58.6100,58.5650,58.5800,3000
1474984193,58.6300,58.6300,58.6000,58.6100,2400
1474984259,58.5993,58.6200,58.5850,58.6200,11900
1474984316,58.5800,58.6000,58.5800,58.6000,5400
1474984379,58.6250,58.6250,58.5800,58.5800,4700
1474984430,58.6550,58.6793,58.6200,58.6200,7100
1474984498,58.6450,58.6500,58.6350,58.6500,3100
1474984500,58.6800,58.6900,58.6301,58.6400,6800
1474984617,58.6800,58.6900,58.6700,58.6700,2800
1474984678,58.6700,58.6800,58.6700,58.6700,1400
1474984739,58.6800,58.6800,58.6693,58.6693,3700
1474984793,58.7000,58.7000,58.6800,58.6800,6300
1474984855,58.7393,58.7400,58.6993,58.7000,3500
1474984915,58.7600,58.7650,58.7300,58.7300,2500
1474984977,58.7800,58.7800,58.7593,58.7600,4300
1474985039,58.8000,58.8000,58.7700,58.7800,2700
1474985097,58.7750,58.8100,58.7750,58.8100,4400
1474985152,58.7700,58.7800,58.7650,58.7800,5400
1474985216,58.7800,58.7900,58.7693,58.7700,5100
1474985277,58.7600,58.7700,58.7500,58.7700,1000
1474985339,58.7600,58.7650,58.7593,58.7593,2400
1474985397,58.7400,58.7650,58.7400,58.7650,7400
1474985452,58.7493,58.7500,58.7350,58.7500,6000
1474985463,58.7200,58.7500,58.7200,58.7500,1500
1474985578,58.7000,58.7200,58.6950,58.7200,2800
1474985637,58.7150,58.7200,58.6950,58.7000,3900
1474985694,58.7185,58.7200,58.7100,58.7150,800
1474985705,58.7250,58.7300,58.7150,58.7200,4600
1474985818,58.7193,58.7200,58.7100,58.7200,4400
1474985874,58.7200,58.7200,58.7200,58.7200,300
1474985938,58.7400,58.7400,58.7200,58.7200,5000
1474985999,58.7200,58.7400,58.7200,58.7400,1000
1474986059,58.6900,58.7200,58.6850,58.7200,4200
1474986115,58.7093,58.7100,58.6993,58.6993,2000
1474986168,58.7100,58.7100,58.7050,58.7050,600
1474986239,58.7001,58.7150,58.6900,58.7150,23700
1474986298,58.7293,58.7293,58.7000,58.7000,8900
1474986355,58.7150,58.7250,58.6950,58.7200,14300
1474986415,58.7350,58.7400,58.7193,58.7193,2200
1474986479,58.7200,58.7300,58.7200,58.7300,6200
1474986536,58.7100,58.7193,58.7100,58.7100,1500
1474986595,58.7000,58.7100,58.7000,58.7000,1600
1474986654,58.6893,58.7100,58.6800,58.7000,19300
1474986717,58.6950,58.7000,58.6800,58.6800,2600
1474986733,58.6900,58.7100,58.6900,58.6993,11700
1474986839,58.6650,58.6900,58.6650,58.6900,2700
1474986894,58.6500,58.6600,58.6450,58.6600,5000
1474986957,58.6393,58.6400,58.6300,58.6400,1600
1474987014,58.6270,58.6393,58.6150,58.6350,5700
1474987078,58.6160,58.6200,58.6050,58.6150,3500
1474987133,58.6200,58.6200,58.6100,58.6100,2000
1474987196,58.6150,58.6250,58.6150,58.6200,2900
1474987205,58.6000,58.6000,58.5907,58.6000,4000
1474987261,58.6000,58.6093,58.6000,58.6000,1600
1474987367,58.6100,58.6100,58.6000,58.6000,900
1474987389,58.5900,58.6093,58.5900,58.6093,900
1474987447,58.6100,58.6100,58.5950,58.6000,3600
1474987556,58.6000,58.6050,58.6000,58.6000,900
1474987569,58.6050,58.6100,58.6000,58.6000,500
1474987679,58.6000,58.6000,58.5950,58.6000,600
1474987737,58.6200,58.6300,58.5900,58.5900,13400
1474987797,58.6093,58.6250,58.6093,58.6250,600
1474987859,58.5950,58.6100,58.5950,58.6100,6300
1474987913,58.6100,58.6100,58.5950,58.5950,1900
1474987973,58.6200,58.6200,58.6100,58.6100,900
1474988033,58.6100,58.6300,58.6100,58.6200,1700
1474988094,58.6093,58.6150,58.6093,58.6150,800
1474988157,58.6200,58.6200,58.6085,58.6100,900
1474988218,58.6100,58.6250,58.6100,58.6250,600
1474988277,58.5500,58.6000,58.5450,58.6000,27200
1474988333,58.5393,58.5500,58.5300,58.5500,2600
1474988399,58.5400,58.5400,58.5200,58.5300,2000
1474988457,58.5450,58.5485,58.5393,58.5400,1600
1474988518,58.5600,58.5600,58.5400,58.5400,1200
1474988573,58.5685,58.5685,58.5550,58.5550,1700
1474988592,58.5593,58.5693,58.5500,58.5693,700
1474988692,58.5550,58.5550,58.5400,58.5500,900
1474988758,58.5500,58.5593,58.5446,58.5593,2700
1474988814,58.5570,58.5570,58.5500,58.5500,1200
1474988871,58.5500,58.5550,58.5493,58.5550,7800
1474988935,58.5600,58.5600,58.5400,58.5500,6600
1474988993,58.5750,58.5800,58.5600,58.5600,4300
1474989006,58.5950,58.5950,58.5700,58.5700,1100
1474989068,58.6000,58.6000,58.5900,58.5900,1000
1474989133,58.5900,58.5900,58.5850,58.5850,400
1474989235,58.5800,58.5900,58.5800,58.5900,1100
1474989299,58.5900,58.6000,58.5900,58.6000,3100
1474989358,58.6000,58.6100,58.5900,58.5900,9100
1474989415,58.5900,58.6000,58.5900,58.6000,2100
1474989475,58.5850,58.5900,58.5800,58.5800,1400
1474989539,58.5900,58.5900,58.5850,58.5893,400
1474989594,58.6000,58.6000,58.5800,58.5900,6100
1474989658,58.6200,58.6300,58.5950,58.5950,5200
1474989705,58.6200,58.6300,58.6200,58.6200,1000
1474989772,58.6100,58.6300,58.6100,58.6200,1600
1474989833,58.6100,58.6200,58.6100,58.6200,1500
1474989899,58.6493,58.6493,58.6150,58.6185,4100
1474989957,58.6385,58.6400,58.6310,58.6400,2100
1474990014,58.6293,58.6300,58.6200,58.6300,2700
1474990041,58.6300,58.6350,58.6300,58.6300,800
1474990136,58.6600,58.6600,58.6500,58.6500,900
1474990194,58.6900,58.7011,58.6685,58.6685,14300
1474990259,58.7100,58.7200,58.6893,58.6900,13300
1474990310,58.7200,58.7350,58.7150,58.7150,4700
1474990322,58.7200,58.7285,58.7100,58.7200,16500
1474990394,58.7300,58.7300,58.7200,58.7300,8900
1474990494,58.7485,58.7485,58.7300,58.7300,700
1474990555,58.7293,58.7393,58.7250,58.7300,2300
1474990618,58.7400,58.7400,58.7200,58.7200,1400
1474990677,58.7370,58.7393,58.7350,58.7393,500
1474990734,58.7400,58.7400,58.7266,58.7300,1900
1474990797,58.7700,58.7700,58.7350,58.7350,2600
1474990859,58.7585,58.7750,58.7500,58.7700,4000
1474990907,58.7500,58.7550,58.7450,58.7550,3100
1474990978,58.7500,58.7550,58.7500,58.7500,900
1474990992,58.7500,58.7593,58.7450,58.7450,1200
1474991097,58.7500,58.7593,58.7500,58.7550,1100
1474991155,58.7350,58.7500,58.7350,58.7500,2000
1474991215,58.7150,58.7300,58.7150,58.7300,2100
1474991277,58.7293,58.7293,58.7193,58.7193,800
1474991293,58.7400,58.7400,58.7250,58.7293,1400
1474991396,58.7293,58.7400,58.7285,58.7400,900
1474991411,58.7250,58.7300,58.7150,58.7293,2900
1474991517,58.7300,58.7385,58.7200,58.7250,1900
1474991575,58.7200,58.7300,58.7200,58.7300,6600
1474991583,58.7400,58.7400,58.7250,58.7300,10600
1474991693,58.7293,58.7400,58.7250,58.7400,2700
1474991710,58.7300,58.7300,58.7250,58.7250,1000
1474991772,58.7600,58.7600,58.7400,58.7400,1300
1474991877,58.7600,58.7600,58.7500,58.7500,2500
1474991934,58.7600,58.7600,58.7550,58.7600,1300
1474991998,58.7600,58.7780,58.7600,58.7700,24000
1474992055,58.7700,58.7700,58.7500,58.7600,4200
1474992117,58.7650,58.7700,58.7650,58.7700,800
1474992173,58.7793,58.7793,58.7650,58.7650,2600
1474992238,58.7700,58.7800,58.7685,58.7750,1600
1474992295,58.7700,58.7785,58.7600,58.7785,1700
1474992356,58.7593,58.7693,58.7540,58.7693,1600
1474992415,58.7693,58.7700,58.7600,58.7600,1000
1474992473,58.7685,58.7700,58.7500,58.7600,9100
1474992539,58.7793,58.7800,58.7650,58.7650,2700
1474992548,58.7700,58.7793,58.7700,58.7750,1700
1474992659,58.7600,58.7600,58.7500,58.7600,3000
1474992716,58.7650,58.7693,58.7600,58.7600,1200
1474992769,58.7600,58.7700,58.7600,58.7700,2500
1474992836,58.7550,58.7593,58.7550,58.7550,1100
1474992897,58.7300,58.7500,58.7300,58.7500,3500
1474992959,58.7493,58.7500,58.7393,58.7393,2200
1474993013,58.7493,58.7493,58.7450,58.7493,800
1474993075,58.7600,58.7600,58.7500,58.7550,3300
1474993139,58.7600,58.7600,58.7550,58.7585,10800
1474993196,58.7700,58.7700,58.7550,58.7550,1500
1474993257,58.7850,58.7850,58.7700,58.7700,2400
1474993314,58.8393,58.8393,58.7900,58.7900,5400
1474993378,58.8500,58.8600,58.8400,58.8400,18700
1474993420,58.8893,58.8985,58.8500,58.8500,6100
1474993494,58.8900,58.8900,58.8850,58.8850,4700
1474993556,58.9000,58.9000,58.8800,58.8850,16800
1474993612,58.8900,58.9100,58.8900,58.9000,10000
1474993674,58.9100,58.9100,58.9000,58.9000,3700
1474993738,58.8900,58.9085,58.8850,58.9085,1100
1474993793,58.8793,58.8900,58.8793,58.8900,1200
1474993848,58.8800,58.8893,58.8800,58.8800,1000
1474993912,58.8850,58.8850,58.8750,58.8750,1200
1474993974,58.8650,58.8800,58.8600,58.8800,4400
1474993981,58.8700,58.8800,58.8600,58.8600,10700
1474994099,58.8700,58.8750,58.8685,58.8750,800
1474994111,58.8785,58.8793,58.8700,58.8700,8300
1474994203,58.8593,58.8665,58.8501,58.8650,8500
1474994273,58.8650,58.8650,58.8600,58.8600,1100
1474994338,58.8450,58.8600,58.8385,58.8600,10300
1474994394,58.8550,58.8593,58.8400,58.8400,900
1474994458,58.8593,58.8600,58.8493,58.8600,3100
1474994510,58.8600,58.8693,58.8600,58.8600,1600
1474994579,58.8593,58.8593,58.8500,58.8593,700
1474994634,58.8585,58.8593,58.8585,58.8593,400
1474994699,58.8593,58.8593,58.8500,58.8500,1600
1474994758,58.8593,58.8685,58.8500,58.8600,2700
1474994804,58.8593,58.8593,58.8500,58.8500,1000
1474994879,58.8493,58.8500,58.8350,58.8500,1200
1474994939,58.8485,58.8485,58.8400,58.8485,600
1474994998,58.8400,58.8493,58.8400,58.8493,500
1474995058,58.8493,58.8493,58.8393,58.8400,1300
1474995107,58.8500,58.8570,58.8493,58.8493,600
1474995172,58.8493,58.8493,58.8400,58.8493,1400
1474995220,58.8593,58.8593,58.8500,58.8500,300
1474995299,58.8700,58.8800,58.8700,58.8700,8100
1474995358,58.8845,58.8893,58.8700,58.8700,800
1474995365,58.8793,58.8800,58.8793,58.8800,500
1474995474,58.8750,58.8800,58.8750,58.8800,500
1474995538,58.8800,58.8900,58.8800,58.8900,900
1474995554,58.9000,58.9000,58.8967,58.8993,1100
1474995658,58.8985,58.8993,58.8985,58.8993,300
1474995717,58.9000,58.9050,58.8900,58.8985,3600
1474995733,58.9100,58.9100,58.9000,58.9000,1000
1474995836,58.9300,58.9350,58.9100,58.9100,1900
1474995893,58.9200,58.9293,58.9200,58.9200,2300
1474995958,58.9285,58.9285,58.9200,58.9200,1100
1474996017,58.9293,58.9293,58.9250,58.9270,700
1474996029,58.9100,58.9285,58.9100,58.9285,1200
1474996132,58.9000,58.9185,58.9000,58.9000,1200
1474996194,58.9000,58.9085,58.8993,58.9000,6700
1474996253,58.9085,58.9100,58.9000,58.9000,8700
1474996315,58.8985,58.9093,58.8900,58.9093,15700
1474996322,58.8800,58.8950,58.8785,58.8900,2300
1474996437,58.8900,58.8985,58.8800,58.8800,1800
1474996495,58.8793,58.8893,58.8793,58.8893,1900
1474996554,58.8800,58.8800,58.8693,58.8700,1000
1474996613,58.8893,58.8900,58.8800,58.8800,1200
1474996676,58.8850,58.8900,58.8800,58.8900,1200
1474996729,58.8800,58.8850,58.8785,58.8800,5800
1474996796,58.8950,58.8985,58.8800,58.8885,1600
1474996856,58.9000,58.9085,58.8950,58.8950,3500
1474996913,58.9000,58.9000,58.8901,58.9000,1100
1474996976,58.8985,58.9050,58.8900,58.8993,2200
1474997037,58.9000,58.9000,58.8900,58.8900,1300
1474997093,58.9200,58.9200,58.9000,58.9000,900
1474997157,58.9285,58.9285,58.9100,58.9185,800
1474997218,58.9185,58.9200,58.9100,58.9200,1300
1474997274,58.9185,58.9185,58.9100,58.9100,600
1474997339,58.9300,58.9300,58.9200,58.9200,2500
1474997350,58.9293,58.9293,58.9200,58.9293,800
1474997456,58.9500,58.9500,58.9300,58.9300,3100
1474997516,58.9385,58.9493,58.9385,58.9493,700
1474997574,58.9385,58.9400,58.9350,58.9385,700
1474997635,58.9400,58.9400,58.9300,58.9300,2500
1474997653,58.9300,58.9385,58.9300,58.9385,2600
1474997759,58.9385,58.9400,58.9350,58.9385,700
1474997814,58.9300,58.9393,58.9285,58.9393,2800
1474997872,58.9100,58.9285,58.9000,58.9285,3200
1474997935,58.9100,58.9200,58.9100,58.9100,1500
1474997996,58.9285,58.9300,58.9200,58.9200,1600
1474998056,58.9285,58.9285,58.9200,58.9200,3000
1474998074,58.9193,58.9200,58.9185,58.9193,1500
1474998175,58.9093,58.9185,58.9093,58.9185,400
1474998233,58.9193,58.9193,58.9093,58.9093,1900
1474998295,58.9385,58.9385,58.9200,58.9200,2200
1474998356,58.9285,58.9385,58.9285,58.9385,1600
1474998412,58.9400,58.9400,58.9300,58.9300,1700
1474998431,58.9300,58.9350,58.9250,58.9350,600
1474998534,58.9293,58.9400,58.9293,58.9385,500
1474998599,58.9100,58.9285,58.9100,58.9285,1000
1474998606,58.9300,58.9300,58.9063,58.9100,1800
1474998714,58.9300,58.9385,58.9300,58.9385,1500
1474998777,58.9300,58.9300,58.9300,58.9300,1000
1474998834,58.9350,58.9385,58.9300,58.9300,1000
1474998893,58.9293,58.9293,58.9200,58.9285,2300
1474998958,58.9250,58.9285,58.9200,58.9200,1300
1474999017,58.8900,58.9200,58.8870,58.9200,1200
1474999073,58.9100,58.9100,58.8900,58.8900,800
1474999089,58.9085,58.9100,58.9085,58.9093,1600
1474999195,58.9000,58.9000,58.8985,58.8985,1000
1474999259,58.9000,58.9085,58.8900,58.8985,3300
1474999313,58.9100,58.9185,58.9000,58.9000,1100
1474999378,58.9193,58.9193,58.9100,58.9100,2100
1474999437,58.9085,58.9100,58.9000,58.9100,3000
1474999490,58.9000,58.9085,58.8985,58.9000,6100
1474999557,58.8885,58.9000,58.8800,58.9000,4600
1474999617,58.8900,58.8900,58.8800,58.8885,1100
1474999679,58.8750,58.8900,58.8700,58.8900,1800
1474999738,58.8685,58.8800,58.8685,58.8800,2500
1474999799,58.8650,58.8785,58.8600,58.8693,5800
1474999853,58.8800,58.8800,58.8693,58.8693,1400
1474999918,58.8985,58.8985,58.8800,58.8800,4200
1474999933,58.9000,58.9000,58.8900,58.9000,2200
1475000035,58.9100,58.9185,58.9100,58.9100,1500
1475000098,58.9000,58.9085,58.9000,58.9000,5400
1475000153,58.9000,58.9085,58.9000,58.9085,1600
1475000218,58.9100,58.9100,58.9000,58.9000,3200
1475000279,58.8993,58.9185,58.8993,58.9100,4500
1475000337,58.9050,58.9085,58.9000,58.9000,3600
1475000396,58.9075,58.9100,58.9000,58.9000,11000
1475000457,58.9185,58.9185,58.9100,58.9100,1700
1475000518,58.9100,58.9185,58.9100,58.9185,1700
1475000575,58.9200,58.9200,58.9093,58.9093,10300
1475000639,58.9200,58.9300,58.9100,58.9100,13000
1475000694,58.9085,58.9200,58.9085,58.9200,3600
1475000752,58.9150,58.9200,58.9034,58.9034,6000
1475000815,58.9193,58.9200,58.9100,58.9185,1100
1475000870,58.9100,58.9200,58.9100,58.9100,1500
1475000880,58.9270,58.9285,58.9100,58.9150,4100
1475000948,58.9100,58.9200,58.9100,58.9200,4900
1475001058,58.9000,58.9150,58.9000,58.9100,7100
1475001119,58.9050,58.9100,58.9000,58.9000,13700
1475001179,58.9193,58.9200,58.9000,58.9000,2400
1475001237,58.9185,58.9185,58.9030,58.9100,5700
1475001294,58.9150,58.9193,58.9100,58.9170,1100
1475001314,58.9200,58.9285,58.9100,58.9185,5600
1475001417,58.9100,58.9200,58.9100,58.9200,2400
1475001479,58.9093,58.9185,58.9093,58.9107,1300
1475001537,58.9185,58.9185,58.9093,58.9093,1500
1475001597,58.9185,58.9200,58.9100,58.9200,1500
1475001658,58.9193,58.9200,58.9100,58.9185,1200
1475001717,58.9185,58.9200,58.9100,58.9200,1600
1475001778,58.9000,58.9100,58.9000,58.9100,2000
1475001828,58.8900,58.8993,58.8900,58.8985,3100
1475001896,58.8993,58.9000,58.8900,58.8900,4600
1475001954,58.9100,58.9100,58.8900,58.8900,4000
1475002007,58.9100,58.9193,58.9085,58.9100,10200
1475002028,58.9000,58.9100,58.9000,58.9100,2200
1475002135,58.8893,58.9000,58.8800,58.9000,3300
1475002196,58.8885,58.8900,58.8885,58.8885,1000
1475002256,58.8785,58.8885,58.8785,58.8800,8900
1475002318,58.8700,58.8800,58.8700,58.8800,4200
1475002375,58.8770,58.8785,58.8700,58.8700,2300
1475002436,58.8893,58.8900,58.8793,58.8800,10700
1475002451,58.9050,58.9085,58.8900,58.8900,2000
1475002559,58.8985,58.9000,58.8900,58.8900,3700
1475002613,58.8985,58.8993,58.8885,58.8900,4400
1475002678,58.9000,58.9000,58.8900,58.8950,3800
1475002736,58.8885,58.9000,58.8885,58.9000,3100
1475002795,58.8950,58.8985,58.8893,58.8893,4400
1475002846,58.8961,58.9000,58.8961,58.9000,4000
1475002889,58.8900,58.8900,58.8900,58.8900,100
1475002970,58.9000,58.9000,58.9000,58.9000,1100
1475003035,58.9000,58.9000,58.9000,58.9000,100
1475003071,58.9000,58.9000,58.8950,58.8950,300
1475003173,58.9050,58.9050,58.9050,58.9050,100
1475003228,58.9050,58.9050,58.9050,58.9050,600
1475003337,58.9200,58.9200,58.9100,58.9100,5500
1475003432,58.9100,58.9100,58.9100,58.9100,1900
1475003491,58.8900,58.8900,58.8900,58.8900,100
1475003574,58.8900,58.8900,58.8900,58.8900,500
1475003631,58.8900,58.8950,58.8900,58.8900,1800
1475003694,58.8800,58.8850,58.8800,58.8850,1000
1475003714,58.8800,58.8800,58.8800,58.8800,300
1475003867,58.8900,58.8900,58.8900,58.8900,200
1475004036,58.8800,58.8900,58.8800,58.8900,300
1475004063,58.8700,58.8720,58.8700,58.8700,2500
1475004157,58.8700,58.8700,58.8700,58.8700,300
1475004194,58.8600,58.8600,58.8600,58.8600,900
1475004259,58.8500,58.8500,58.8450,58.8450,600
1475004349,58.8693,58.8699,58.8500,58.8500,900
1475004372,58.8700,58.8700,58.8700,58.8700,100
1475004532,58.8600,58.8650,58.8600,58.8650,7900
1475004569,58.8600,58.8600,58.8600,58.8600,100
1475004649,58.8400,58.8700,58.8400,58.8700,1100
1475004717,58.8500,58.8500,58.8400,58.8400,1800
1475004757,58.8600,58.8600,58.8600,58.8600,3000
1475004827,58.8500,58.8600,58.8500,58.8600,2800
1475004868,58.8550,58.8550,58.8500,58.8500,5200
1475004923,58.8700,58.8700,58.8600,58.8600,700
1475004968,58.8600,58.8700,58.8600,58.8700,1300
1475005074,58.8600,58.8600,58.8500,58.8600,500
1475005146,58.8800,58.8800,58.8700,58.8700,1200
1475005255,58.9000,58.9000,58.8900,58.8900,3500
1475005311,58.8900,58.9000,58.8900,58.9000,200
1475005366,58.8900,58.8900,58.8900,58.8900,100
1475005434,58.8900,58.9000,58.8900,58.9000,1200
1475005478,58.9100,58.9100,58.8900,58.8900,2200
1475005507,58.9000,58.9100,58.9000,58.9100,500
1475005616,58.8900,58.8900,58.8900,58.8900,100
1475005676,58.8750,58.8900,58.8750,58.8900,1000
1475005714,58.8709,58.8714,58.8709,58.8714,2600
1475005752,58.8737,58.8800,58.8700,58.8800,2100
1475005814,58.8800,58.8800,58.8700,58.8700,2600
1475005971,58.8800,58.8850,58.8800,58.8850,400
1475006041,58.8900,58.8900,58.8850,58.8900,1300
1475006154,58.9100,58.9100,58.9000,58.9000,1300
1475006208,58.9100,58.9100,58.9000,58.9000,500
1475006225,58.9100,58.9100,58.9100,58.9100,500
1475006339,58.9300,58.9300,58.9100,58.9200,7700
1475006399,58.9300,58.9300,58.9200,58.9300,16000
1475006400,58.9400,58.9400,58.9400,58.9400,4700
