uri:/instrument/1.0/VEA/chartdata;type=quote;range=1d/csv
ticker:vea
Company-Name:Vanguard FTSE Developed Markets
Exchange-Name:PCX
unit:MIN
timezone:EDT
currency:USD
gmtoffset:-14400
previous_close:37.2900
Timestamp:1475069400,1475092800
labels:1475071200,1475074800,1475078400,1475082000,1475085600,1475089200,1475092800
values:Timestamp,close,high,low,open,volume
close:37.2000,37.6200
high:37.2000,37.6200
low:37.1900,37.6200
open:37.2000,37.6200
volume:100,590200
1475069457,37.4200,37.4300,37.3800,37.3800,95100
1475069519,37.4301,37.4301,37.4301,37.4301,900
1475069521,37.4300,37.4300,37.4000,37.4300,15400
1475069630,37.4260,37.4260,37.4150,37.4200,8200
1475069648,37.4200,37.4257,37.4100,37.4200,8300
1475069711,37.4250,37.4400,37.4200,37.4300,15700
1475069761,37.4200,37.4200,37.4142,37.4200,2500
1475069825,37.4200,37.4200,37.4200,37.4200,600
1475069880,37.4300,37.4450,37.4230,37.4235,36500
1475069942,37.4200,37.4300,37.4200,37.4299,4500
1475070054,37.4064,37.4210,37.4000,37.4200,9000
1475070117,37.4200,37.4300,37.4010,37.4010,17300
1475070136,37.4199,37.4200,37.4199,37.4200,4400
1475070210,37.4200,37.4200,37.4200,37.4200,1500
1475070244,37.4300,37.4300,37.4200,37.4200,15300
1475070357,37.4450,37.4495,37.4200,37.4300,32600
1475070362,37.4500,37.4500,37.4462,37.4462,13100
1475070432,37.4500,37.4500,37.4411,37.4464,3800
1475070485,37.4499,37.4599,37.4499,37.4550,800
1475070548,37.4452,37.4470,37.4370,37.4400,15500
1475070657,37.4400,37.4500,37.4300,37.4500,20000
1475070704,37.4421,37.4500,37.4400,37.4400,7100
1475070776,37.4400,37.4499,37.4400,37.4450,14300
1475070788,37.4350,37.4399,37.4300,37.4300,4400
1475070897,37.4400,37.4400,37.4300,37.4330,2300
1475070900,37.4300,37.4500,37.4300,37.4450,5100
1475071004,37.4300,37.4350,37.4225,37.4300,7300
1475071078,37.4200,37.4263,37.4100,37.4263,9200
1475071135,37.4200,37.4200,37.4150,37.4152,2600
1475071199,37.4200,37.4250,37.4100,37.4100,5600
1475071248,37.4300,37.4300,37.4300,37.4300,2400
1475071262,37.4400,37.4538,37.4300,37.4300,33300
1475071325,37.4400,37.4450,37.4400,37.4400,3000
1475071436,37.4262,37.4328,37.4262,37.4310,3400
1475071445,37.4400,37.4400,37.4273,37.4273,4800
1475071506,37.4400,37.4500,37.4400,37.4400,7200
1475071573,37.4256,37.4300,37.4256,37.4300,1400
1475071643,37.4200,37.4200,37.4200,37.4200,100
1475071685,37.4150,37.4200,37.4100,37.4100,1000
1475071766,37.4199,37.4199,37.4100,37.4100,200
1475071806,37.4200,37.4200,37.4100,37.4100,3400
1475071902,37.4067,37.4190,37.4067,37.4190,1200
1475071920,37.3900,37.4100,37.3900,37.4100,6900
1475071992,37.3707,37.3815,37.3706,37.3815,22700
1475072040,37.3900,37.3900,37.3800,37.3800,8200
1475072107,37.3900,37.3999,37.3900,37.3900,4100
1475072168,37.3952,37.3989,37.3831,37.3900,3100
1475072239,37.3999,37.3999,37.3900,37.3986,2100
1475072287,37.4000,37.4000,37.3914,37.4000,31000
1475072398,37.3900,37.4000,37.3700,37.3900,590200
1475072400,37.3900,37.4000,37.3900,37.3900,1700
1475072460,37.3700,37.3968,37.3700,37.3900,23100
1475072528,37.3900,37.3900,37.3800,37.3800,3200
1475072590,37.3750,37.3900,37.3750,37.3900,8400
1475072660,37.3790,37.3800,37.3700,37.3750,1200
1475072703,37.3690,37.3700,37.3600,37.3700,3500
1475072768,37.3700,37.3800,37.3700,37.3700,21500
1475072834,37.3600,37.3764,37.3600,37.3690,6800
1475072886,37.3700,37.3700,37.3699,37.3700,2900
1475072954,37.3880,37.3880,37.3623,37.3721,43200
1475073007,37.3900,37.4100,37.3799,37.3900,25700
1475073112,37.3900,37.4000,37.3838,37.3900,7300
1475073123,37.3499,37.3920,37.3499,37.3900,15400
1475073182,37.3700,37.3700,37.3500,37.3500,8300
1475073248,37.3500,37.3650,37.3500,37.3637,4400
1475073304,37.3500,37.3590,37.3499,37.3590,4300
1475073367,37.3500,37.3500,37.3500,37.3500,6800
1475073429,37.3400,37.3599,37.3300,37.3500,47200
1475073483,37.3300,37.3400,37.3200,37.3400,116600
1475073544,37.3300,37.3400,37.3300,37.3300,14600
1475073604,37.3500,37.3500,37.3300,37.3300,5100
1475073671,37.3450,37.3484,37.3400,37.3400,2400
1475073734,37.3600,37.3600,37.3405,37.3405,5100
1475073843,37.3454,37.3500,37.3450,37.3500,4200
1475073958,37.3250,37.3400,37.3210,37.3400,12900
1475074018,37.3100,37.3290,37.3080,37.3290,27600
1475074021,37.3050,37.3100,37.3010,37.3100,7100
1475074088,37.2957,37.3100,37.2900,37.3100,14000
1475074194,37.2900,37.2950,37.2810,37.2950,14700
1475074202,37.3000,37.3000,37.2800,37.2936,4600
1475074266,37.2900,37.2950,37.2899,37.2950,22400
1475074371,37.2700,37.2850,37.2635,37.2850,6000
1475074430,37.2700,37.2790,37.2600,37.2790,11800
1475074461,37.2800,37.2800,37.2700,37.2700,9700
1475074502,37.2950,37.2950,37.2725,37.2725,3100
1475074567,37.3050,37.3050,37.2932,37.2943,2700
1475074628,37.2900,37.3160,37.2900,37.3100,25100
1475074737,37.2600,37.2800,37.2568,37.2800,6600
1475074757,37.2600,37.2600,37.2600,37.2600,4100
1475074850,37.2410,37.2634,37.2400,37.2634,16000
1475074872,37.2500,37.2500,37.2400,37.2465,8700
1475074924,37.2452,37.2497,37.2340,37.2497,25500
1475075037,37.2400,37.2500,37.2400,37.2462,3000
1475075098,37.2100,37.2337,37.2100,37.2325,12700
1475075106,37.2199,37.2199,37.2000,37.2100,8000
1475075188,37.2100,37.2200,37.2100,37.2150,2400
1475075279,37.2000,37.2000,37.1900,37.2000,6400
1475075280,37.2100,37.2100,37.1941,37.2000,20800
1475075340,37.2135,37.2135,37.2070,37.2100,9700
1475075404,37.2100,37.2200,37.2050,37.2200,14600
1475075469,37.2150,37.2150,37.2090,37.2100,1600
1475075577,37.2350,37.2400,37.2100,37.2200,33600
1475075581,37.2300,37.2350,37.2300,37.2350,7300
1475075657,37.2225,37.2300,37.2225,37.2300,3000
1475075747,37.2200,37.2300,37.2155,37.2238,4800
1475075766,37.2334,37.2334,37.2200,37.2200,1900
1475075834,37.2320,37.2320,37.2300,37.2300,1000
1475075889,37.2335,37.2390,37.2332,37.2344,3600
1475075951,37.2600,37.2600,37.2332,37.2332,19700
1475076010,37.2650,37.2658,37.2550,37.2600,13700
1475076112,37.2600,37.2600,37.2535,37.2600,8300
1475076120,37.2700,37.2700,37.2628,37.2650,11400
1475076188,37.2650,37.2699,37.2600,37.2655,15700
1475076298,37.2500,37.2699,37.2469,37.2699,28500
1475076359,37.2400,37.2500,37.2310,37.2500,2900
1475076418,37.2369,37.2466,37.2340,37.2466,8900
1475076421,37.2500,37.2500,37.2400,37.2400,6700
1475076495,37.2600,37.2600,37.2500,37.2500,1600
1475076540,37.2600,37.2600,37.2600,37.2600,21000
1475076616,37.2758,37.2758,37.2650,37.2650,1500
1475076710,37.2646,37.2800,37.2646,37.2800,7900
1475076721,37.2500,37.2666,37.2500,37.2666,18400
1475076830,37.2550,37.2550,37.2450,37.2500,7600
1475076854,37.2650,37.2700,37.2550,37.2550,1400
1475076907,37.2800,37.2800,37.2542,37.2600,14800
1475076967,37.2750,37.2890,37.2704,37.2800,11400
1475077036,37.2800,37.2800,37.2800,37.2800,4100
1475077080,37.2850,37.2890,37.2850,37.2890,2300
1475077197,37.2850,37.2900,37.2800,37.2801,6600
1475077211,37.3100,37.3100,37.2810,37.2810,16500
1475077317,37.3000,37.3035,37.2900,37.3000,11300
1475077323,37.3052,37.3066,37.3000,37.3000,1300
1475077426,37.3000,37.3000,37.3000,37.3000,2100
1475077440,37.3000,37.3000,37.2900,37.2950,4900
1475077559,37.3000,37.3000,37.2941,37.2941,5100
1475077564,37.3100,37.3100,37.3000,37.3052,160800
1475077627,37.3050,37.3050,37.3050,37.3050,900
1475077739,37.3100,37.3200,37.3100,37.3100,14100
1475077748,37.3100,37.3150,37.3100,37.3100,6400
1475077813,37.3065,37.3100,37.3045,37.3100,500
1475077868,37.3200,37.3200,37.3001,37.3001,19200
1475077959,37.3230,37.3299,37.3162,37.3162,4100
1475078019,37.3250,37.3300,37.3250,37.3300,2400
1475078053,37.3350,37.3350,37.3300,37.3300,2600
1475078105,37.3400,37.3400,37.3400,37.3400,700
1475078186,37.3300,37.3307,37.3250,37.3300,8100
1475078220,37.3250,37.3300,37.3200,37.3300,1400
1475078335,37.3245,37.3400,37.3245,37.3300,9200
1475078392,37.3400,37.3400,37.3266,37.3266,2700
1475078400,37.3258,37.3350,37.3200,37.3350,1500
1475078466,37.3054,37.3296,37.3054,37.3250,20600
1475078573,37.3050,37.3100,37.3000,37.3100,900
1475078639,37.3000,37.3100,37.3000,37.3100,500
1475078699,37.3199,37.3199,37.3000,37.3050,6300
1475078741,37.3150,37.3150,37.3100,37.3150,4800
1475078816,37.3000,37.3190,37.2990,37.3190,7000
1475078828,37.3000,37.3000,37.3000,37.3000,100
1475078886,37.3034,37.3090,37.3034,37.3067,1500
1475078941,37.3090,37.3099,37.2970,37.3099,5100
1475079002,37.3100,37.3100,37.3000,37.3000,14300
1475079085,37.3290,37.3290,37.3100,37.3100,1700
1475079141,37.3500,37.3550,37.3250,37.3250,10800
1475079183,37.3600,37.3600,37.3500,37.3500,12000
1475079256,37.3657,37.3700,37.3600,37.3600,5400
1475079352,37.3600,37.3750,37.3600,37.3700,15700
1475079373,37.3600,37.3650,37.3547,37.3547,5000
1475079474,37.3401,37.3533,37.3401,37.3500,1400
1475079500,37.3410,37.3500,37.3410,37.3500,300
1475079579,37.3300,37.3490,37.3300,37.3490,1800
1475079623,37.3300,37.3350,37.3200,37.3350,2400
1475079663,37.3400,37.3400,37.3200,37.3200,7200
1475079769,37.3400,37.3456,37.3400,37.3456,2400
1475079835,37.3350,37.3489,37.3350,37.3400,3700
1475079868,37.3400,37.3420,37.3365,37.3400,4100
1475079901,37.3500,37.3500,37.3430,37.3450,12600
1475079994,37.3450,37.3450,37.3400,37.3450,4600
1475080072,37.3450,37.3500,37.3430,37.3470,10500
1475080110,37.3400,37.3479,37.3400,37.3458,7000
1475080192,37.3346,37.3400,37.3300,37.3400,11300
1475080203,37.3350,37.3400,37.3327,37.3400,7100
1475080288,37.3340,37.3340,37.3300,37.3300,200
1475080376,37.3350,37.3400,37.3328,37.3356,7100
1475080408,37.3350,37.3400,37.3350,37.3400,1600
1475080443,37.3125,37.3300,37.3100,37.3300,17400
1475080500,37.3200,37.3200,37.3100,37.3100,14400
1475080563,37.3110,37.3200,37.3110,37.3200,5400
1475080652,37.3200,37.3200,37.3131,37.3200,1300
1475080736,37.3300,37.3300,37.3200,37.3200,6600
1475080784,37.3300,37.3300,37.3300,37.3300,2500
1475080855,37.3300,37.3350,37.3300,37.3350,4500
1475080876,37.3300,37.3300,37.3238,37.3300,1900
1475080945,37.3335,37.3390,37.3335,37.3390,1100
1475081038,37.3570,37.3599,37.3356,37.3367,14200
1475081047,37.3500,37.3555,37.3500,37.3500,4600
1475081112,37.3699,37.3699,37.3560,37.3560,7000
1475081189,37.3600,37.3700,37.3600,37.3700,1100
1475081233,37.3550,37.3699,37.3550,37.3658,9100
1475081334,37.3600,37.3600,37.3500,37.3600,11200
1475081365,37.3580,37.3580,37.3580,37.3580,800
1475081429,37.3562,37.3600,37.3562,37.3600,1400
1475081462,37.3600,37.3600,37.3535,37.3555,5600
1475081571,37.3688,37.3688,37.3650,37.3650,700
1475081584,37.3656,37.3700,37.3600,37.3650,2300
1475081641,37.3766,37.3766,37.3700,37.3700,3200
1475081753,37.3767,37.3768,37.3700,37.3750,6400
1475081804,37.3600,37.3752,37.3525,37.3752,8400
1475081879,37.3550,37.3666,37.3515,37.3666,4900
1475081880,37.3600,37.3600,37.3500,37.3595,1900
1475081948,37.3550,37.3600,37.3550,37.3600,400
1475082000,37.3400,37.3500,37.3400,37.3500,9400
1475082070,37.3350,37.3500,37.3350,37.3400,3000
1475082129,37.3300,37.3300,37.3300,37.3300,3800
1475082187,37.3400,37.3400,37.3300,37.3300,1400
1475082242,37.3400,37.3400,37.3357,37.3400,7200
1475082312,37.3463,37.3463,37.3450,37.3457,900
1475082403,37.3450,37.3450,37.3450,37.3450,300
1475082479,37.3415,37.3465,37.3400,37.3450,4500
1475082482,37.3400,37.3485,37.3400,37.3450,19100
1475082543,37.3365,37.3400,37.3301,37.3301,5500
1475082657,37.3373,37.3373,37.3338,37.3350,7000
1475082671,37.3438,37.3500,37.3400,37.3400,2600
1475082750,37.3350,37.3456,37.3350,37.3410,3800
1475082827,37.3350,37.3350,37.3350,37.3350,500
1475082849,37.3300,37.3350,37.3250,37.3350,9100
1475082900,37.3300,37.3399,37.3300,37.3350,700
1475082998,37.3400,37.3400,37.3400,37.3400,3000
1475083039,37.3400,37.3500,37.3400,37.3450,2300
1475083106,37.3400,37.3400,37.3350,37.3365,12900
1475083195,37.3337,37.3368,37.3300,37.3350,4700
1475083200,37.3599,37.3599,37.3400,37.3400,4400
1475083310,37.3690,37.3690,37.3600,37.3600,3000
1475083324,37.3600,37.3690,37.3600,37.3600,9500
1475083384,37.3600,37.3680,37.3599,37.3600,24900
1475083464,37.3514,37.3590,37.3509,37.3590,1300
1475083555,37.3563,37.3563,37.3500,37.3500,900
1475083567,37.3600,37.3600,37.3500,37.3500,1400
1475083620,37.3665,37.3700,37.3600,37.3664,8100
1475083733,37.3650,37.3650,37.3600,37.3600,600
1475083741,37.3700,37.3700,37.3634,37.3700,34000
1475083800,37.3642,37.3730,37.3642,37.3700,1800
1475083868,37.3742,37.3742,37.3700,37.3700,1700
1475083936,37.3900,37.3900,37.3743,37.3750,15200
1475084037,37.3925,37.4000,37.3900,37.3900,11900
1475084044,37.3900,37.3950,37.3890,37.3890,3200
1475084154,37.3948,37.3965,37.3900,37.3900,1400
1475084163,37.3900,37.3991,37.3900,37.3931,4000
1475084225,37.3984,37.3984,37.3870,37.3870,1800
1475084331,37.3950,37.3962,37.3943,37.3962,1500
1475084389,37.3950,37.3950,37.3910,37.3910,2000
1475084406,37.3966,37.4000,37.3901,37.3950,3400
1475084477,37.4000,37.4000,37.3937,37.4000,4200
1475084572,37.3900,37.4000,37.3900,37.3900,16700
1475084638,37.4000,37.4050,37.4000,37.4000,29100
1475084647,37.4000,37.4000,37.3935,37.3955,2100
1475084708,37.4045,37.4050,37.3950,37.3950,2600
1475084762,37.4050,37.4076,37.4000,37.4001,6500
1475084878,37.4000,37.4177,37.4000,37.4025,42200
1475084897,37.4048,37.4100,37.4001,37.4100,5600
1475084977,37.3963,37.4100,37.3963,37.4000,4500
1475085038,37.4050,37.4099,37.4000,37.4000,1900
1475085061,37.4100,37.4100,37.4001,37.4001,6300
1475085175,37.4189,37.4189,37.4100,37.4100,7600
1475085239,37.4052,37.4100,37.4000,37.4100,14500
1475085242,37.4010,37.4041,37.4000,37.4000,7000
1475085315,37.4000,37.4069,37.3935,37.4000,7900
1475085385,37.3900,37.4010,37.3900,37.4010,2400
1475085432,37.3950,37.3950,37.3933,37.3933,1700
1475085484,37.3999,37.3999,37.3900,37.3950,25100
1475085541,37.4000,37.4000,37.3910,37.4000,3900
1475085658,37.4065,37.4065,37.3921,37.4000,14100
1475085660,37.3950,37.4099,37.3950,37.4065,10300
1475085727,37.3900,37.3999,37.3840,37.3965,10600
1475085837,37.4000,37.4059,37.3950,37.4000,3700
1475085840,37.3945,37.4062,37.3920,37.4034,9900
1475085953,37.3900,37.4000,37.3825,37.3950,17100
1475086014,37.3900,37.3900,37.3810,37.3834,3400
1475086024,37.3901,37.4000,37.3900,37.3900,2300
1475086131,37.3990,37.3990,37.3901,37.3961,2500
1475086190,37.4100,37.4170,37.3900,37.3900,15500
1475086255,37.4500,37.4500,37.4100,37.4150,37000
1475086315,37.4499,37.4566,37.4420,37.4500,13200
1475086324,37.4550,37.4600,37.4430,37.4500,13300
1475086437,37.5000,37.5100,37.4600,37.4600,32000
1475086442,37.5000,37.5050,37.4950,37.5000,19500
1475086508,37.5000,37.5000,37.4900,37.4900,6900
1475086612,37.4852,37.5090,37.4852,37.5090,14400
1475086625,37.4999,37.5000,37.4900,37.4900,2300
1475086680,37.5106,37.5106,37.4935,37.4935,9500
1475086765,37.5200,37.5300,37.5142,37.5142,5800
1475086843,37.5229,37.5300,37.5200,37.5229,4100
1475086861,37.5000,37.5200,37.5000,37.5200,10500
1475086976,37.5200,37.5300,37.5000,37.5050,65800
1475087021,37.5300,37.5400,37.5300,37.5350,15000
1475087099,37.5334,37.5400,37.5300,37.5400,19100
1475087100,37.5400,37.5400,37.5225,37.5300,88600
1475087168,37.5700,37.5720,37.5400,37.5450,26900
1475087220,37.5800,37.5900,37.5700,37.5700,39200
1475087337,37.5600,37.5855,37.5600,37.5800,36800
1475087392,37.5600,37.5600,37.5550,37.5550,3700
1475087400,37.5700,37.5700,37.5500,37.5500,9100
1475087484,37.5800,37.5800,37.5600,37.5600,8000
1475087570,37.5700,37.5900,37.5700,37.5900,10800
1475087586,37.5700,37.5759,37.5700,37.5734,7800
1475087699,37.5663,37.5700,37.5600,37.5700,20400
1475087757,37.5648,37.5756,37.5648,37.5700,17300
1475087812,37.5400,37.5700,37.5400,37.5700,28300
1475087824,37.5401,37.5401,37.5300,37.5300,6200
1475087930,37.5450,37.5500,37.5435,37.5500,36000
1475087999,37.5400,37.5400,37.5334,37.5400,7400
1475088004,37.5500,37.5556,37.5400,37.5500,36800
1475088112,37.5400,37.5541,37.5300,37.5541,8000
1475088121,37.5350,37.5400,37.5347,37.5400,2500
1475088196,37.5420,37.5500,37.5400,37.5400,7900
1475088258,37.5500,37.5500,37.5300,37.5410,26000
1475088300,37.5550,37.5600,37.5400,37.5414,16900
1475088411,37.5600,37.5700,37.5550,37.5550,43300
1475088424,37.5600,37.5700,37.5600,37.5658,61100
1475088483,37.5769,37.5799,37.5600,37.5600,62700
1475088558,37.5701,37.5800,37.5700,37.5765,17900
1475088653,37.5752,37.5780,37.5752,37.5780,400
1475088662,37.5780,37.5880,37.5700,37.5741,16900
1475088774,37.5725,37.5899,37.5725,37.5800,8300
1475088823,37.5965,37.6000,37.5840,37.5840,4300
1475088844,37.5950,37.6000,37.5857,37.5900,5300
1475088926,37.5950,37.6000,37.5950,37.6000,3700
1475088980,37.5730,37.5939,37.5730,37.5939,12600
1475089021,37.5699,37.5800,37.5601,37.5800,5300
1475089083,37.5800,37.5850,37.5662,37.5700,7600
1475089140,37.5725,37.5800,37.5700,37.5700,900
1475089219,37.5701,37.5800,37.5701,37.5765,6100
1475089273,37.5799,37.5800,37.5750,37.5765,3100
1475089365,37.5734,37.5800,37.5700,37.5799,10300
1475089386,37.5790,37.5800,37.5735,37.5736,6400
1475089486,37.5850,37.5850,37.5700,37.5734,6700
1475089559,37.5760,37.5800,37.5700,37.5800,6900
1475089610,37.5700,37.5800,37.5700,37.5800,2800
1475089679,37.5638,37.5700,37.5600,37.5700,7200
1475089739,37.5548,37.5666,37.5527,37.5666,3700
1475089742,37.5590,37.5600,37.5450,37.5500,11200
1475089810,37.5521,37.5600,37.5521,37.5550,9700
1475089867,37.5570,37.5600,37.5500,37.5550,4900
1475089973,37.5548,37.5699,37.5501,37.5555,7700
1475089987,37.5500,37.5600,37.5500,37.5600,3200
1475090052,37.5450,37.5500,37.5401,37.5401,3600
1475090112,37.5550,37.5600,37.5425,37.5500,30500
1475090163,37.5550,37.5600,37.5510,37.5550,3000
1475090232,37.5500,37.5570,37.5500,37.5570,2000
1475090286,37.5550,37.5550,37.5450,37.5500,42600
1475090363,37.5500,37.5600,37.5500,37.5501,1400
1475090459,37.5600,37.5600,37.5501,37.5576,6400
1475090516,37.5600,37.5690,37.5500,37.5527,10300
1475090532,37.5700,37.5700,37.5550,37.5600,20100
1475090635,37.5650,37.5750,37.5600,37.5667,18100
1475090699,37.5650,37.5700,37.5600,37.5650,37900
1475090700,37.5690,37.5700,37.5645,37.5645,6700
1475090768,37.5350,37.5650,37.5350,37.5600,14900
1475090877,37.5400,37.5400,37.5350,37.5400,5600
1475090938,37.5360,37.5500,37.5350,37.5445,12200
1475090942,37.5350,37.5399,37.5321,37.5390,7000
1475091052,37.5370,37.5400,37.5300,37.5400,9100
1475091077,37.5360,37.5360,37.5214,37.5300,7800
1475091135,37.5300,37.5399,37.5250,37.5300,25600
1475091184,37.5301,37.5380,37.5224,37.5300,19800
1475091240,37.5375,37.5400,37.5350,37.5350,7000
1475091312,37.5300,37.5400,37.5300,37.5350,600
1475091367,37.5500,37.5500,37.5310,37.5350,36400
1475091424,37.5590,37.5600,37.5501,37.5579,4100
1475091538,37.5550,37.5600,37.5500,37.5550,12500
1475091541,37.5585,37.5600,37.5500,37.5550,13800
1475091608,37.5600,37.5600,37.5550,37.5550,10500
1475091719,37.5650,37.5650,37.5533,37.5600,30700
1475091731,37.5650,37.5665,37.5550,37.5650,25700
1475091783,37.5800,37.5800,37.5700,37.5700,9300
1475091848,37.5700,37.5775,37.5700,37.5775,3000
1475091900,37.5833,37.5900,37.5750,37.5750,17100
1475091961,37.5801,37.5900,37.5801,37.5850,4100
1475092021,37.5800,37.5850,37.5750,37.5820,20600
1475092081,37.5850,37.5892,37.5800,37.5800,13200
1475092154,37.5860,37.5900,37.5800,37.5888,5100
1475092207,37.5815,37.5900,37.5800,37.5800,4500
1475092261,37.5750,37.5900,37.5700,37.5899,26300
1475092379,37.5850,37.5900,37.5800,37.5800,9100
1475092435,37.5900,37.5900,37.5801,37.5900,44300
1475092499,37.5900,37.5900,37.5855,37.5900,15300
1475092500,37.5975,37.6000,37.5850,37.5900,29700
1475092563,37.5970,37.6000,37.5900,37.5900,32100
1475092679,37.5950,37.6000,37.5900,37.6000,14400
1475092737,37.6200,37.6200,37.5900,37.6000,49400
1475092742,37.6150,37.6200,37.6100,37.6150,83200
1475092800,37.6200,37.6200,37.6200,37.6200,17400
