uri:/instrument/1.0/SPB/chartdata;type=quote;range=1d/csv
ticker:spb
Company-Name:Spectrum Brands Holdings, Inc. 
Exchange-Name:NYQ
unit:MIN
timezone:EDT
currency:USD
gmtoffset:-14400
previous_close:130.2500
Timestamp:1474291800,1474315200
labels:1474293600,1474297200,1474300800,1474304400,1474308000,1474311600,1474315200
values:Timestamp,close,high,low,open,volume
close:130.5100,132.1700
high:130.6300,132.1700
low:130.4900,132.1200
open:130.4900,132.1500
volume:100,11500
1474292007,130.5100,130.7300,130.4900,130.4900,3200
1474292095,130.6900,130.7000,130.5000,130.5000,1700
1474292107,131.0500,131.0500,130.6700,130.6700,700
1474292219,131.3400,131.3400,131.2000,131.2000,900
1474292275,130.8700,131.2200,130.8700,131.2200,1600
1474292337,131.0800,131.0800,130.8900,130.8900,600
1474292346,131.2900,131.3300,131.0800,131.0900,1400
1474292406,130.9900,131.1700,130.9900,131.1700,400
1474292529,131.0300,131.0300,130.9300,130.9300,200
1474292618,131.0300,131.0500,131.0300,131.0500,300
1474292648,130.9900,131.1500,130.9900,131.1500,400
1474292827,131.2600,131.2700,131.1100,131.1100,800
1474292902,131.3500,131.3500,131.3500,131.3500,100
1474292992,131.4400,131.4400,131.4400,131.4400,100
1474293082,131.4300,131.4300,131.4300,131.4300,100
1474293178,131.3600,131.3700,131.3600,131.3700,500
1474293203,131.5800,131.5800,131.3600,131.3600,600
1474293268,131.5800,131.5800,131.5700,131.5700,500
1474293348,131.5600,131.5700,131.4500,131.4500,900
1474293406,131.6100,131.6100,131.6000,131.6000,200
1474293484,131.6100,131.6100,131.6100,131.6100,200
1474293565,131.7300,131.7300,131.7300,131.7300,100
1474293605,131.6050,131.6050,131.6050,131.6050,200
1474293749,131.7300,131.7300,131.7200,131.7200,200
1474293816,131.6900,131.7000,131.6900,131.6900,400
1474293900,131.6600,131.6700,131.6600,131.6600,400
1474293981,131.6600,131.6600,131.6600,131.6600,300
1474294063,131.6800,131.6800,131.6800,131.6800,200
1474294225,131.6900,131.6900,131.6900,131.6900,100
1474294305,131.7100,131.7100,131.7100,131.7100,100
1474294365,131.6895,131.6895,131.6895,131.6895,100
1474294383,131.7200,131.7200,131.7200,131.7200,100
1474294463,131.7600,131.7600,131.7600,131.7600,100
1474294504,131.7600,131.7600,131.7600,131.7600,200
1474294617,131.8400,131.8400,131.7600,131.7600,500
1474294686,131.8800,131.9000,131.8700,131.8700,300
1474294787,131.8700,131.8800,131.8700,131.8800,200
1474294838,131.9800,131.9800,131.9800,131.9800,100
1474294913,131.9300,131.9300,131.9300,131.9300,100
1474294949,131.9100,131.9100,131.9100,131.9100,100
1474294987,131.9000,131.9000,131.9000,131.9000,100
1474295071,131.8300,131.8400,131.6800,131.8400,4400
1474295154,131.8750,131.8750,131.8750,131.8750,100
1474295207,131.7600,131.7600,131.7600,131.7600,100
1474295232,131.8500,131.8500,131.7600,131.8000,400
1474295393,131.9350,131.9350,131.8000,131.8000,1100
1474295419,131.9100,131.9100,131.8600,131.8600,200
1474295477,131.8100,131.9000,131.8100,131.9000,700
1474295749,131.8650,131.9500,131.8000,131.8000,500
1474295827,131.7200,131.7200,131.7200,131.7200,100
1474295937,131.8900,131.8900,131.7550,131.7550,500
1474295962,131.9900,132.0000,131.9900,132.0000,300
1474296043,132.0200,132.0200,131.9800,131.9800,300
1474296082,132.0100,132.0100,132.0100,132.0100,200
1474296130,132.0100,132.0400,132.0100,132.0400,200
1474296189,131.8000,131.9900,131.8000,131.9900,1600
1474296249,131.8300,131.8500,131.8300,131.8500,300
1474296517,131.8300,131.8300,131.8300,131.8300,200
1474296557,131.9100,132.0600,131.8300,131.8300,1000
1474296636,131.9900,131.9900,131.9900,131.9900,100
1474296711,132.0700,132.0700,132.0700,132.0700,100
1474296786,132.0500,132.0500,132.0500,132.0500,100
1474296896,132.1100,132.1100,132.0100,132.0500,600
1474296954,132.1000,132.1000,132.1000,132.1000,100
1474296991,132.1200,132.1200,132.1000,132.1000,400
1474297064,132.1700,132.1700,132.1100,132.1500,600
1474297121,132.0500,132.0500,131.8500,132.0200,1500
1474297178,131.9700,131.9700,131.8400,131.8400,700
1474297223,131.9900,131.9900,131.9800,131.9800,200
1474297427,131.9700,131.9700,131.9700,131.9700,200
1474297491,131.9600,131.9600,131.9100,131.9100,200
1474297581,131.9500,131.9500,131.9500,131.9500,100
1474297659,132.0400,132.0400,131.9500,131.9500,1800
1474297731,132.0800,132.0800,132.0600,132.0600,200
1474297752,132.0700,132.0800,132.0700,132.0800,500
1474297809,132.1200,132.1300,132.1200,132.1300,300
1474297893,131.9600,132.0000,131.9600,132.0000,1100
1474297988,131.8200,131.9900,131.8200,131.9900,700
1474298141,131.8500,131.8500,131.7400,131.7400,400
1474298300,131.8300,131.8300,131.8300,131.8300,100
1474298344,131.8500,131.8500,131.8500,131.8500,300
1474298451,131.9700,131.9700,131.8400,131.8400,1300
1474298466,131.9800,131.9800,131.8900,131.9100,600
1474298521,131.8600,131.9600,131.8100,131.9600,1600
1474298607,131.7100,131.7900,131.7100,131.7900,500
1474298704,131.7400,131.7400,131.7400,131.7400,100
1474298780,131.7500,131.7500,131.7400,131.7400,600
1474298859,131.8500,131.8500,131.8300,131.8300,200
1474298915,131.7700,131.8800,131.7700,131.8800,800
1474299189,131.8900,131.8900,131.6900,131.7600,500
1474299263,131.9000,131.9000,131.9000,131.9000,200
1474299307,131.9500,131.9500,131.9400,131.9400,200
1474299417,131.9950,132.0000,131.9400,131.9400,600
1474299456,131.8900,131.9800,131.8900,131.9800,500
1474299480,131.8300,131.9500,131.8300,131.8800,800
1474299577,131.8200,131.8200,131.8200,131.8200,100
1474299667,131.9900,131.9900,131.9900,131.9900,100
1474299748,131.9300,131.9300,131.9300,131.9300,100
1474299824,131.9500,131.9500,131.9500,131.9500,100
1474299924,131.8900,131.9750,131.8900,131.9750,800
1474299974,132.0000,132.0000,131.9500,131.9500,1600
1474300079,131.8700,132.0000,131.8700,132.0000,900
1474300170,131.8000,131.8000,131.8000,131.8000,100
1474300200,131.7700,131.7700,131.7150,131.7150,200
1474300356,131.7750,131.8400,131.7750,131.8400,300
1474300430,131.8375,131.9400,131.7800,131.9400,500
1474300466,131.7500,131.7600,131.7500,131.7600,600
1474300637,131.7400,131.7400,131.7400,131.7400,100
1474300701,131.9600,131.9600,131.7400,131.7400,700
1474300789,131.7450,131.7450,131.7450,131.7450,100
1474300859,131.8500,131.8500,131.8500,131.8500,100
1474300939,131.8400,131.8400,131.8400,131.8400,100
1474301012,131.9300,131.9300,131.8200,131.8300,400
1474301088,131.8350,131.8350,131.8350,131.8350,100
1474301111,131.8500,131.8500,131.8500,131.8500,100
1474301212,131.7800,131.8475,131.7800,131.8475,300
1474301273,131.8800,131.8800,131.8400,131.8400,300
1474301282,131.8400,131.8400,131.8400,131.8400,100
1474301383,131.7500,131.8250,131.7500,131.8250,800
1474301433,131.6700,131.7000,131.6700,131.7000,600
1474301476,131.7000,131.7000,131.7000,131.7000,100
1474301566,131.5800,131.6000,131.5800,131.6000,500
1474301587,131.5100,131.5200,131.4650,131.4650,300
1474301671,131.4000,131.4600,131.3000,131.4600,1700
1474301703,131.4400,131.4400,131.4400,131.4400,300
1474301804,131.3100,131.3100,131.3100,131.3100,100
1474301921,131.3700,131.3700,131.3700,131.3700,100
1474301996,131.3500,131.5100,131.3500,131.3600,1600
1474302055,131.4200,131.4300,131.4200,131.4200,500
1474302062,131.4100,131.4100,131.3400,131.3700,300
1474302145,131.3800,131.3800,131.3800,131.3800,300
1474302262,131.2300,131.4000,131.2000,131.4000,400
1474302367,131.1400,131.1400,131.1400,131.1400,100
1474302462,131.4200,131.4200,131.2300,131.2300,1000
1474302537,131.4100,131.4100,131.4100,131.4100,100
1474302613,131.3800,131.4100,131.3200,131.4100,300
1474302684,131.3900,131.3900,131.3700,131.3700,200
1474302775,131.5400,131.6300,131.3900,131.3900,2000
1474302788,131.4600,131.4800,131.4600,131.4700,500
1474302894,131.3700,131.4169,131.3700,131.3900,500
1474302936,131.2401,131.2401,131.2401,131.2401,500
1474302978,131.1500,131.2400,131.1500,131.2400,900
1474303070,131.2500,131.2500,131.1300,131.1350,1100
1474303087,131.3500,131.3500,131.2400,131.2500,700
1474303147,131.2800,131.3500,131.2200,131.3500,500
1474303247,131.3300,131.3300,131.3300,131.3300,100
1474303350,131.3300,131.4800,131.3300,131.3600,600
1474303388,131.3500,131.4000,131.3500,131.3900,1000
1474303679,131.3300,131.3400,131.3300,131.3400,300
1474303738,131.2600,131.2950,131.2600,131.2950,400
1474303745,131.2500,131.2600,131.2500,131.2600,1200
1474303850,131.4200,131.4200,131.2000,131.2000,1100
1474303999,131.4000,131.4000,131.4000,131.4000,200
1474304073,131.3500,131.3500,131.3500,131.3500,100
1474304149,131.3600,131.3600,131.3600,131.3600,200
1474304213,131.4100,131.5000,131.4100,131.5000,400
1474304272,131.3900,131.4000,131.3700,131.4000,900
1474304339,131.2150,131.3400,131.2150,131.3300,700
1474304356,131.2300,131.2500,131.2300,131.2300,900
1474304405,131.2300,131.2300,131.2300,131.2300,600
1474304532,131.2800,131.2800,131.2800,131.2800,200
1474304587,131.2900,131.3100,131.2600,131.2600,400
1474304745,131.2300,131.3000,131.2200,131.2200,600
1474304770,131.3500,131.3500,131.2400,131.2400,200
1474304828,131.3600,131.3600,131.3600,131.3600,100
1474304895,131.3600,131.3600,131.3600,131.3600,200
1474304969,131.3500,131.3500,131.3500,131.3500,100
1474305045,131.3600,131.3600,131.3600,131.3600,100
1474305075,131.3500,131.3500,131.3500,131.3500,100
1474305121,131.3600,131.3600,131.3600,131.3600,100
1474305206,131.2600,131.3400,131.2400,131.3400,300
1474305271,131.3300,131.3300,131.2500,131.2500,300
1474305345,131.4000,131.4000,131.3300,131.3300,1100
1474305410,131.3600,131.4300,131.3300,131.4000,1400
1474305511,131.4200,131.4200,131.4200,131.4200,100
1474305576,131.4400,131.4400,131.4400,131.4400,100
1474305654,131.3900,131.4400,131.3900,131.4000,700
1474305669,131.3500,131.3500,131.3500,131.3500,200
1474305743,131.3900,131.3900,131.3900,131.3900,100
1474305818,131.3800,131.3800,131.3800,131.3800,100
1474305892,131.4600,131.4600,131.3150,131.3150,1300
1474305947,131.4500,131.4700,131.4500,131.4700,200
1474306018,131.4600,131.4600,131.4600,131.4600,100
1474306042,131.3600,131.4700,131.3600,131.4700,1500
1474306116,131.3200,131.3300,131.3200,131.3300,200
1474306191,131.3900,131.3900,131.3450,131.3450,300
1474306239,131.3500,131.3500,131.3500,131.3500,200
1474306276,131.3000,131.3000,131.3000,131.3000,300
1474306334,131.1300,131.1300,131.1300,131.1300,100
1474306384,131.2600,131.2600,131.2600,131.2600,100
1474306460,131.1000,131.2400,131.1000,131.2400,900
1474306752,130.9500,130.9500,130.9400,130.9400,200
1474306842,131.0200,131.1000,130.9500,130.9500,2000
1474306861,130.9050,131.0200,130.7800,131.0200,2000
1474306939,130.8900,130.8900,130.8900,130.8900,100
1474306980,130.8900,130.8900,130.8900,130.8900,100
1474307056,130.7900,130.8300,130.7900,130.8300,200
1474307140,130.7000,130.8300,130.7000,130.7700,1000
1474307185,130.6300,130.6300,130.6000,130.6200,400
1474307326,130.9300,130.9300,130.7600,130.7600,600
1474307363,131.0600,131.0600,131.0600,131.0600,100
1474307408,130.9600,130.9900,130.8700,130.9700,1300
1474307539,130.9400,130.9400,130.9300,130.9300,200
1474307593,130.9100,130.9100,130.9100,130.9100,100
1474307661,131.0400,131.0400,131.0400,131.0400,100
1474307707,131.2200,131.2200,130.9800,131.0400,1400
1474307811,131.1200,131.1500,131.1200,131.1400,900
1474307861,131.1100,131.1200,131.1100,131.1100,1000
1474307931,131.2000,131.2000,131.2000,131.2000,100
1474307985,131.1600,131.2600,131.1600,131.2600,200
1474308037,131.3300,131.3300,131.3300,131.3300,200
1474308112,131.3400,131.3400,131.3300,131.3300,200
1474308154,131.2400,131.2800,131.2400,131.2800,200
1474308206,131.2750,131.3300,131.2750,131.3300,600
1474308242,131.3700,131.3900,131.3400,131.3400,1400
1474308329,131.3500,131.3500,131.2800,131.2800,200
1474308589,131.4100,131.4100,131.3300,131.3300,700
1474308659,131.4000,131.4200,131.4000,131.4200,300
1474308683,131.2900,131.3000,131.2900,131.3000,400
1474308749,131.3347,131.3700,131.2300,131.3700,2000
1474308875,131.3100,131.3300,131.2800,131.3200,1200
1474309062,131.2900,131.2900,131.2900,131.2900,100
1474309087,131.2900,131.2900,131.2000,131.2000,300
1474309150,131.2000,131.2900,131.2000,131.2900,800
1474309363,131.2200,131.2200,131.2200,131.2200,300
1474309392,131.2700,131.2700,131.2100,131.2100,1300
1474309549,131.2600,131.2700,131.2250,131.2700,300
1474309566,131.3000,131.3000,131.2700,131.2700,600
1474309654,131.2400,131.2500,131.1800,131.2200,1700
1474309720,131.1700,131.1700,131.1700,131.1700,300
1474309805,131.2900,131.2900,131.1750,131.1750,1300
1474309865,131.3550,131.3550,131.3550,131.3550,200
1474309971,131.3700,131.3700,131.3100,131.3500,1700
1474310005,131.2700,131.2700,131.2600,131.2600,300
1474310131,131.2200,131.2300,131.2200,131.2300,200
1474310202,131.2900,131.3000,131.2900,131.2900,1000
1474310315,131.2500,131.3200,131.2400,131.2400,300
1474310346,131.1900,131.2700,131.1900,131.2500,1600
1474310429,131.1700,131.1750,131.1300,131.1300,700
1474310495,131.2400,131.2400,131.2400,131.2400,400
1474310577,131.2800,131.2800,131.2600,131.2600,200
1474310622,131.2550,131.2550,131.2550,131.2550,100
1474310677,131.2900,131.2900,131.2200,131.2600,300
1474310701,131.2000,131.2600,131.2000,131.2600,900
1474310812,131.2800,131.2800,131.2300,131.2300,500
1474310823,131.3800,131.3800,131.3000,131.3000,600
1474310912,131.5000,131.5000,131.3500,131.3500,300
1474310967,131.3400,131.3600,131.3300,131.3500,1500
1474311112,131.2900,131.2900,131.2900,131.2900,200
1474311139,131.3350,131.3400,131.3300,131.3300,600
1474311275,131.4200,131.4200,131.4100,131.4100,300
1474311354,131.4200,131.4200,131.4200,131.4200,100
1474311386,131.4300,131.4600,131.4100,131.4300,600
1474311538,131.4900,131.4900,131.4900,131.4900,200
1474311604,131.5050,131.6100,131.4700,131.6100,1200
1474311697,131.4900,131.5500,131.4900,131.5500,600
1474311774,131.5000,131.5300,131.5000,131.5300,200
1474311822,131.4900,131.4900,131.4600,131.4600,200
1474311855,131.4600,131.4600,131.4000,131.4600,1400
1474311951,131.5000,131.5000,131.4400,131.4400,300
1474311987,131.4900,131.5099,131.4900,131.5099,500
1474312061,131.4600,131.5200,131.4400,131.4400,300
1474312098,131.3000,131.4300,131.3000,131.4300,1200
1474312159,131.2200,131.2200,131.2200,131.2200,100
1474312255,131.3400,131.3600,131.3100,131.3100,1100
1474312319,131.3300,131.3300,131.2800,131.2900,600
1474312360,131.3000,131.3200,131.3000,131.3200,300
1474312401,131.3400,131.3400,131.3400,131.3400,200
1474312483,131.3200,131.3200,131.3200,131.3200,100
1474312565,131.2000,131.3200,131.2000,131.3200,2100
1474312669,131.1100,131.1200,131.0600,131.0600,300
1474312697,131.0700,131.0700,131.0700,131.0700,100
1474312755,131.1300,131.1300,131.0500,131.0500,1700
1474312801,131.1000,131.1300,131.1000,131.1300,500
1474312942,131.2200,131.2200,131.2200,131.2200,100
1474312985,131.1300,131.1700,131.0600,131.1200,1400
1474313138,131.1200,131.1200,131.1200,131.1200,100
1474313212,131.0750,131.0750,131.0750,131.0750,100
1474313224,131.2100,131.3000,131.1200,131.1200,1900
1474313339,131.1900,131.2400,131.1900,131.2400,1700
1474313352,131.0800,131.2000,131.0800,131.2000,700
1474313524,130.8200,130.9800,130.8200,130.9800,900
1474313667,130.8400,130.9100,130.7700,130.8000,1400
1474313785,130.8800,130.9550,130.8600,130.9550,900
1474313820,130.8800,130.9100,130.8800,130.8800,1200
1474313892,130.9500,131.0000,130.9500,130.9800,400
1474313941,130.9800,130.9800,130.8500,130.9400,2200
1474314117,131.0100,131.0100,131.0000,131.0000,1100
1474314139,131.0000,131.0150,130.9800,131.0100,1600
1474314206,131.0500,131.0500,131.0500,131.0500,200
1474314252,131.0600,131.0600,131.0500,131.0600,1200
1474314358,131.0200,131.0600,131.0200,131.0600,800
1474314366,131.0500,131.0500,131.0100,131.0100,1400
1474314528,131.0200,131.0200,131.0200,131.0200,200
1474314545,130.9900,131.0500,130.9900,131.0400,1600
1474314614,131.0100,131.0100,130.9500,130.9600,900
1474314698,131.0000,131.0200,130.9900,130.9900,1800
1474314772,130.9700,130.9700,130.9700,130.9700,600
1474314835,130.9000,130.9800,130.9000,130.9800,3400
1474314861,130.9300,130.9500,130.9300,130.9300,1200
1474314925,130.9100,130.9300,130.8600,130.9300,4200
1474314995,130.8200,130.8700,130.8200,130.8700,1200
1474315031,130.8700,130.9550,130.8700,130.9000,4100
1474315097,130.8900,130.9000,130.8400,130.9000,3300
1474315154,130.8000,130.8800,130.8000,130.8700,7000
1474315200,130.8000,130.8000,130.8000,130.8000,11500
