uri:/instrument/1.0/MCD/chartdata;type=quote;range=1d/csv
ticker:mcd
Company-Name:McDonald's Corporation Common S
Exchange-Name:NYQ
unit:MIN
timezone:EDT
currency:USD
gmtoffset:-14400
previous_close:115.2800
Timestamp:1474291800,1474315200
labels:1474293600,1474297200,1474300800,1474304400,1474308000,1474311600,1474315200
values:Timestamp,close,high,low,open,volume
close:114.9600,116.3700
high:115.0100,116.4100
low:114.9573,116.1800
open:114.9573,116.3400
volume:900,95700
1474291878,115.9080,115.9250,115.7300,115.8800,95700
1474291934,116.2400,116.2500,115.9200,115.9200,24700
1474292038,116.2700,116.4100,116.1800,116.2800,32000
1474292041,116.3700,116.3900,116.1300,116.2700,20600
1474292156,116.1850,116.3400,116.1700,116.3400,19300
1474292160,116.2300,116.2550,116.1300,116.1850,15700
1474292224,116.0300,116.2700,116.0100,116.2300,14000
1474292339,116.1800,116.2000,116.0300,116.0300,6900
1474292340,116.1700,116.2000,116.1400,116.1900,15700
1474292402,116.0900,116.1500,116.0750,116.1500,8100
1474292461,115.9700,116.0900,115.9700,116.0900,12600
1474292579,115.8800,116.0400,115.7900,115.9522,20300
1474292639,115.8901,115.9400,115.8900,115.9000,9100
1474292699,115.8300,115.9100,115.7901,115.8900,19900
1474292758,115.8200,115.8500,115.8100,115.8300,13800
1474292760,115.8400,115.8400,115.8000,115.8300,6200
1474292820,115.8000,115.8500,115.8000,115.8400,20200
1474292894,115.8350,115.8500,115.8000,115.8000,4300
1474292999,115.8586,115.8600,115.8100,115.8200,9500
1474293057,115.8667,115.8800,115.8133,115.8310,15700
1474293119,115.7999,115.8700,115.7999,115.8700,6600
1474293179,115.7700,115.8000,115.7700,115.7950,6700
1474293182,115.8100,115.8300,115.7700,115.7700,7400
1474293299,115.7904,115.8000,115.7767,115.8000,8000
1474293301,115.8400,115.8400,115.7900,115.7950,7700
1474293419,115.8200,115.8400,115.7800,115.8400,7600
1474293425,115.8400,115.8400,115.8000,115.8000,5300
1474293484,115.8500,115.8700,115.8200,115.8400,6200
1474293541,115.8600,115.8600,115.8200,115.8300,5700
1474293600,115.9200,116.0000,115.8400,115.8400,73500
1474293712,115.9600,115.9950,115.9500,115.9500,12800
1474293721,115.9600,115.9700,115.9500,115.9600,7500
1474293839,115.9700,115.9900,115.9400,115.9600,11600
1474293845,115.9450,115.9850,115.9400,115.9850,5000
1474293903,115.9600,115.9600,115.9400,115.9400,8300
1474293962,115.9350,115.9700,115.9300,115.9700,9400
1474294021,115.8500,115.9550,115.8200,115.9350,17000
1474294082,115.8300,115.8900,115.7800,115.8500,10100
1474294148,115.8150,115.8550,115.8000,115.8400,7300
1474294259,115.8900,115.8900,115.8100,115.8100,6300
1474294261,115.8815,115.9000,115.8500,115.9000,8400
1474294322,115.8200,115.8700,115.8200,115.8700,7500
1474294389,115.8300,115.8300,115.8100,115.8200,8700
1474294488,115.8200,115.8300,115.8200,115.8300,2500
1474294504,115.8350,115.8350,115.8100,115.8100,7500
1474294562,115.8250,115.8500,115.8200,115.8300,10400
1474294620,115.8300,115.8300,115.8000,115.8200,5200
1474294682,115.7500,115.8200,115.7300,115.8200,14000
1474294749,115.7600,115.7600,115.7300,115.7500,8300
1474294805,115.7500,115.7600,115.7100,115.7500,15300
1474294871,115.6900,115.7570,115.6900,115.7500,4400
1474294920,115.6300,115.6750,115.6300,115.6700,9000
1474294984,115.5900,115.6300,115.5800,115.6300,6900
1474295097,115.5800,115.5800,115.5200,115.5800,9600
1474295101,115.5900,115.6000,115.5800,115.5800,8800
1474295219,115.6050,115.6300,115.5700,115.5800,8100
1474295279,115.6100,115.6400,115.5900,115.6000,6800
1474295335,115.6200,115.6200,115.5900,115.6100,5600
1474295340,115.6300,115.6400,115.5900,115.6200,8600
1474295404,115.6300,115.6600,115.6300,115.6400,7900
1474295461,115.6300,115.6500,115.6300,115.6420,7800
1474295521,115.6000,115.6300,115.6000,115.6300,8200
1474295639,115.6400,115.6500,115.6100,115.6100,6100
1474295640,115.5200,115.6200,115.5100,115.6200,5700
1474295700,115.5198,115.5599,115.5100,115.5200,10300
1474295819,115.5000,115.5900,115.5000,115.5100,10000
1474295821,115.4900,115.5000,115.4700,115.5000,5600
1474295884,115.5300,115.5300,115.4801,115.5000,4900
1474295941,115.5400,115.5400,115.5200,115.5200,17500
1474296004,115.5300,115.5500,115.5300,115.5400,10600
1474296119,115.5800,115.5800,115.5299,115.5299,5500
1474296120,115.5600,115.6100,115.5400,115.5800,18700
1474296189,115.5500,115.5800,115.5400,115.5600,7100
1474296240,115.4950,115.5500,115.4900,115.5500,6900
1474296322,115.5400,115.5400,115.4965,115.5000,2100
1474296418,115.4500,115.5350,115.4500,115.5350,6900
1474296422,115.5099,115.5099,115.4400,115.4500,6000
1474296481,115.5200,115.5300,115.5000,115.5000,6300
1474296596,115.5000,115.5200,115.4900,115.5200,7200
1474296600,115.4800,115.5100,115.4750,115.5100,6000
1474296716,115.4900,115.4900,115.4700,115.4900,5700
1474296777,115.4800,115.5000,115.4800,115.4900,5500
1474296784,115.4800,115.5000,115.4750,115.4800,4400
1474296846,115.4300,115.4800,115.4300,115.4750,10000
1474296901,115.4200,115.4410,115.4200,115.4400,7400
1474296961,115.4350,115.4500,115.4100,115.4200,5700
1474297025,115.4400,115.4500,115.4200,115.4300,10800
1474297082,115.4250,115.4600,115.4200,115.4450,6100
1474297194,115.4750,115.4750,115.4200,115.4400,7400
1474297200,115.4850,115.4900,115.4500,115.4800,10400
1474297315,115.4400,115.4800,115.4400,115.4800,10800
1474297320,115.4800,115.4800,115.4275,115.4340,6200
1474297390,115.4700,115.4900,115.4700,115.4900,5300
1474297445,115.4700,115.4900,115.4700,115.4800,6400
1474297506,115.4800,115.5000,115.4600,115.4700,5400
1474297562,115.4400,115.4800,115.4400,115.4700,6600
1474297626,115.4100,115.4400,115.4100,115.4300,4300
1474297737,115.4100,115.4100,115.4000,115.4050,4600
1474297742,115.3800,115.4100,115.3700,115.4000,7800
1474297859,115.4300,115.4400,115.3800,115.3850,8200
1474297919,115.4400,115.4550,115.4300,115.4350,10100
1474297977,115.4050,115.4500,115.4000,115.4301,5800
1474297987,115.4000,115.4100,115.4000,115.4050,7200
1474298056,115.4101,115.4300,115.4000,115.4000,4200
1474298101,115.4000,115.4200,115.3900,115.4100,5000
1474298162,115.4500,115.4700,115.4100,115.4100,2800
1474298226,115.5000,115.5000,115.4550,115.4600,6200
1474298282,115.4650,115.5000,115.4600,115.5000,6700
1474298344,115.4900,115.5100,115.4600,115.4600,5800
1474298458,115.5100,115.5100,115.4800,115.4800,1900
1474298518,115.4500,115.5100,115.4500,115.5050,7800
1474298532,115.4800,115.4850,115.4550,115.4600,4300
1474298586,115.4750,115.5200,115.4750,115.4900,7800
1474298695,115.4800,115.4800,115.4500,115.4700,6800
1474298756,115.4800,115.5100,115.4600,115.4800,6900
1474298817,115.5125,115.5200,115.4900,115.5000,1900
1474298821,115.4666,115.5250,115.4666,115.5200,9100
1474298887,115.4400,115.4700,115.4300,115.4700,4400
1474298943,115.5000,115.5300,115.4375,115.4375,8300
1474299058,115.5300,115.5300,115.4850,115.5000,8300
1474299119,115.4700,115.5300,115.4600,115.5200,7400
1474299123,115.4900,115.4900,115.4583,115.4700,8100
1474299183,115.4850,115.4900,115.4700,115.4700,2400
1474299295,115.5300,115.5300,115.4900,115.4900,9700
1474299300,115.5100,115.5700,115.5100,115.5300,17100
1474299417,115.5450,115.5500,115.5100,115.5100,7700
1474299424,115.5014,115.5500,115.5000,115.5400,5300
1474299487,115.5600,115.5600,115.5150,115.5150,6900
1474299542,115.5500,115.5800,115.5500,115.5700,7400
1474299600,115.5600,115.5800,115.5600,115.5600,4100
1474299665,115.5900,115.6200,115.5689,115.5700,4200
1474299737,115.5867,115.5900,115.5700,115.5900,6000
1474299839,115.6000,115.6150,115.5900,115.5950,4100
1474299840,115.6200,115.6200,115.6000,115.6000,4400
1474299901,115.6300,115.6300,115.6000,115.6300,11300
1474299960,115.6000,115.6700,115.5900,115.6300,13900
1474300026,115.6000,115.6268,115.6000,115.6000,3000
1474300082,115.5900,115.5900,115.5600,115.5900,4900
1474300148,115.6100,115.6300,115.6000,115.6100,3200
1474300201,115.6300,115.6500,115.6100,115.6300,4900
1474300266,115.6400,115.6400,115.6200,115.6200,2100
1474300320,115.6300,115.6500,115.6200,115.6300,4400
1474300386,115.6280,115.6400,115.6200,115.6400,3200
1474300442,115.6300,115.6300,115.6200,115.6200,5600
1474300506,115.6500,115.6600,115.6250,115.6250,2400
1474300619,115.6700,115.6800,115.6300,115.6600,8100
1474300620,115.6999,115.6999,115.6500,115.6649,6600
1474300732,115.6950,115.7100,115.6800,115.6900,6200
1474300742,115.6900,115.7000,115.6900,115.6900,3500
1474300856,115.7200,115.7200,115.6900,115.6900,2400
1474300860,115.6900,115.7200,115.6900,115.7200,6100
1474300922,115.7000,115.7000,115.6800,115.6800,3200
1474300994,115.7000,115.7080,115.6900,115.7080,2600
1474301041,115.7000,115.7100,115.6900,115.7100,10300
1474301100,115.7000,115.7050,115.6900,115.7000,2700
1474301215,115.6899,115.7000,115.6800,115.6900,6200
1474301222,115.6600,115.6900,115.6600,115.6850,3400
1474301336,115.6150,115.6500,115.6100,115.6500,4100
1474301391,115.5900,115.6100,115.5700,115.6050,9100
1474301400,115.5500,115.5800,115.5200,115.5800,6700
1474301460,115.5000,115.5500,115.5000,115.5500,3400
1474301577,115.4200,115.5000,115.4100,115.4900,7700
1474301590,115.4100,115.4200,115.4000,115.4100,1700
1474301642,115.3400,115.4100,115.3000,115.4100,9800
1474301700,115.2800,115.3300,115.2800,115.3300,5300
1474301761,115.2400,115.2900,115.2400,115.2900,9200
1474301879,115.2500,115.3000,115.2400,115.2400,6600
1474301936,115.2900,115.2900,115.1900,115.2500,5300
1474301997,115.3200,115.3200,115.2400,115.2800,5800
1474302000,115.3100,115.3100,115.2700,115.3100,2600
1474302067,115.3100,115.3400,115.3100,115.3300,2700
1474302127,115.3200,115.3400,115.3000,115.3000,9500
1474302182,115.3100,115.3200,115.3100,115.3100,4200
1474302241,115.3100,115.3200,115.2850,115.3200,4600
1474302303,115.3300,115.3300,115.2900,115.3001,5200
1474302369,115.3400,115.3500,115.3400,115.3400,2500
1474302420,115.3300,115.3590,115.3100,115.3538,4200
1474302505,115.2800,115.3100,115.2800,115.3100,1800
1474302549,115.2500,115.3100,115.2500,115.3000,5100
1474302606,115.2400,115.2600,115.2200,115.2500,3100
1474302719,115.2800,115.2800,115.2500,115.2500,4400
1474302721,115.3200,115.3200,115.2700,115.2700,4300
1474302797,115.3100,115.3100,115.3100,115.3100,900
1474302856,115.3400,115.3400,115.3100,115.3200,8300
1474302913,115.3300,115.3500,115.3200,115.3500,3100
1474302960,115.3600,115.3600,115.3200,115.3200,2400
1474303020,115.3450,115.3700,115.3400,115.3500,5100
1474303082,115.3200,115.3500,115.3100,115.3500,4800
1474303144,115.3300,115.3600,115.3290,115.3300,4600
1474303202,115.3100,115.3300,115.2950,115.3200,4200
1474303272,115.3150,115.3200,115.3000,115.3100,3200
1474303371,115.3500,115.3500,115.3150,115.3200,2900
1474303381,115.3700,115.3700,115.3400,115.3450,2300
1474303497,115.3300,115.3800,115.3300,115.3700,7600
1474303501,115.3300,115.3500,115.3300,115.3350,2100
1474303577,115.3400,115.3424,115.3200,115.3300,9500
1474303624,115.3200,115.3400,115.3200,115.3300,2700
1474303686,115.3150,115.3450,115.3150,115.3250,6100
1474303751,115.3000,115.3200,115.2900,115.3100,3400
1474303803,115.3400,115.3400,115.3000,115.3000,2800
1474303864,115.3700,115.3700,115.3500,115.3500,900
1474303930,115.3600,115.3664,115.3400,115.3650,5400
1474303986,115.3900,115.3900,115.3600,115.3700,3900
1474304098,115.3900,115.4000,115.3900,115.3900,1600
1474304101,115.3900,115.4100,115.3800,115.3900,6600
1474304217,115.3900,115.3900,115.3600,115.3900,3700
1474304221,115.3700,115.4100,115.3700,115.3900,5700
1474304338,115.3000,115.3800,115.3000,115.3600,10900
1474304340,115.3300,115.3500,115.3000,115.3100,7400
1474304400,115.2800,115.3300,115.2800,115.3300,7100
1474304515,115.2926,115.3100,115.2900,115.3100,4600
1474304576,115.3100,115.3200,115.3000,115.3000,4900
1474304639,115.2900,115.3300,115.2900,115.3100,3500
1474304699,115.2500,115.2966,115.2500,115.2966,3600
1474304702,115.2700,115.2800,115.2400,115.2500,8400
1474304819,115.3000,115.3050,115.2794,115.2800,10700
1474304821,115.2600,115.3000,115.2600,115.3000,6300
1474304880,115.2600,115.2700,115.2400,115.2600,20300
1474304948,115.2765,115.2900,115.2599,115.2650,3800
1474305007,115.2700,115.2700,115.2400,115.2700,7400
1474305119,115.2800,115.2800,115.2600,115.2800,4000
1474305124,115.2600,115.2900,115.2600,115.2899,2800
1474305190,115.2700,115.2700,115.2550,115.2600,3600
1474305254,115.2400,115.2800,115.2400,115.2700,2800
1474305308,115.2600,115.2700,115.2450,115.2500,4400
1474305363,115.2500,115.2700,115.2400,115.2500,4400
1474305427,115.2700,115.2900,115.2600,115.2600,4400
1474305536,115.2700,115.2900,115.2600,115.2600,5800
1474305590,115.2700,115.2800,115.2400,115.2700,7600
1474305600,115.2600,115.2700,115.2500,115.2700,5400
1474305664,115.2700,115.2700,115.2400,115.2600,7000
1474305771,115.2600,115.2850,115.2600,115.2800,4000
1474305830,115.2500,115.2700,115.2500,115.2500,6000
1474305899,115.2500,115.2550,115.2400,115.2500,5900
1474305901,115.2100,115.2500,115.2100,115.2400,6600
1474305965,115.2000,115.2100,115.1700,115.2100,7100
1474306022,115.2100,115.2160,115.1900,115.1900,2700
1474306088,115.2200,115.2200,115.2000,115.2100,6200
1474306197,115.2339,115.2339,115.2200,115.2200,2400
1474306200,115.2100,115.2300,115.1900,115.2300,8100
1474306318,115.0939,115.2100,115.0706,115.2100,14700
1474306322,115.1000,115.1300,115.1000,115.1000,3700
1474306382,115.0600,115.0800,115.0400,115.0800,6700
1474306442,115.0200,115.0600,115.0100,115.0600,8700
1474306500,115.0000,115.0400,114.9800,115.0200,13700
1474306615,114.9600,115.0200,114.9600,115.0000,5700
1474306620,115.0100,115.0200,114.9573,114.9573,5100
1474306686,114.9900,115.0150,114.9700,115.0150,4400
1474306744,114.9900,115.0100,114.9779,114.9779,4800
1474306854,115.0200,115.0200,114.9700,114.9800,5500
1474306864,115.0400,115.0400,115.0100,115.0200,5500
1474306921,115.0200,115.0500,115.0099,115.0420,7800
1474306987,115.0400,115.0400,115.0200,115.0200,2900
1474307098,115.0100,115.0400,115.0100,115.0400,4800
1474307100,115.0200,115.0200,115.0000,115.0200,5700
1474307218,115.0200,115.0300,115.0100,115.0100,4000
1474307224,115.0700,115.0700,115.0300,115.0300,4300
1474307284,115.0900,115.0900,115.0500,115.0600,5300
1474307390,115.0600,115.0750,115.0500,115.0750,3400
1474307409,115.0700,115.0900,115.0600,115.0700,4600
1474307462,115.0800,115.0800,115.0500,115.0600,3100
1474307576,115.1200,115.1300,115.0800,115.0800,2900
1474307582,115.1100,115.1450,115.0900,115.1200,6500
1474307640,115.1400,115.1400,115.1100,115.1100,5900
1474307700,115.1400,115.1700,115.1350,115.1350,4600
1474307817,115.1300,115.1600,115.1200,115.1400,8800
1474307821,115.1400,115.1500,115.1300,115.1300,3400
1474307880,115.1900,115.1900,115.1500,115.1500,4500
1474307999,115.2300,115.2300,115.2000,115.2000,6800
1474308057,115.2400,115.2500,115.1900,115.2200,7800
1474308061,115.2300,115.2500,115.2200,115.2300,4500
1474308122,115.2500,115.2500,115.2100,115.2300,6200
1474308181,115.2500,115.2500,115.2200,115.2400,6300
1474308297,115.2400,115.2700,115.2320,115.2500,23400
1474308300,115.2500,115.2500,115.2100,115.2300,5600
1474308418,115.2441,115.2500,115.2310,115.2500,5000
1474308476,115.2400,115.2500,115.2300,115.2400,4900
1474308537,115.2500,115.2500,115.2300,115.2400,3500
1474308547,115.2550,115.2700,115.2450,115.2600,9700
1474308600,115.2300,115.2650,115.2300,115.2600,8500
1474308719,115.2300,115.2500,115.2200,115.2300,4200
1474308720,115.2801,115.3100,115.2300,115.2300,7500
1474308836,115.2800,115.3100,115.2800,115.2850,5600
1474308841,115.3000,115.3000,115.2700,115.2900,3000
1474308900,115.3100,115.3200,115.2900,115.3100,7300
1474308964,115.3300,115.3400,115.3100,115.3100,3000
1474309030,115.3300,115.3300,115.3200,115.3300,900
1474309131,115.3300,115.3600,115.3300,115.3300,3200
1474309140,115.3000,115.3300,115.2900,115.3300,3900
1474309257,115.3100,115.3100,115.2900,115.3000,2000
1474309260,115.2901,115.3200,115.2900,115.3100,3400
1474309328,115.3100,115.3100,115.2800,115.2900,5500
1474309392,115.3200,115.3300,115.3100,115.3200,2400
1474309446,115.3400,115.3500,115.3150,115.3200,8800
1474309511,115.3200,115.3310,115.3200,115.3310,2200
1474309618,115.3100,115.3250,115.3100,115.3221,3500
1474309620,115.3000,115.3300,115.2900,115.3100,6700
1474309739,115.3100,115.3100,115.2900,115.3000,6200
1474309746,115.3240,115.3300,115.3000,115.3100,3400
1474309803,115.3600,115.3600,115.3150,115.3250,7100
1474309865,115.3500,115.3690,115.3400,115.3500,6000
1474309926,115.3599,115.3610,115.3500,115.3500,3400
1474309985,115.3500,115.3550,115.3400,115.3500,4500
1474310060,115.3500,115.3500,115.3400,115.3500,2900
1474310105,115.3500,115.3700,115.3280,115.3300,6800
1474310218,115.3948,115.3948,115.3500,115.3500,2500
1474310220,115.3701,115.3902,115.3700,115.3900,3500
1474310280,115.3500,115.3777,115.3500,115.3700,3100
1474310340,115.3650,115.3700,115.3400,115.3400,5200
1474310444,115.3800,115.3800,115.3500,115.3500,3800
1474310507,115.4300,115.4300,115.3800,115.3834,5100
1474310520,115.4300,115.4300,115.4200,115.4249,2500
1474310584,115.4250,115.4366,115.4200,115.4337,5400
1474310642,115.4200,115.4300,115.3810,115.4200,7100
1474310702,115.4600,115.4650,115.4200,115.4200,8900
1474310760,115.4700,115.4700,115.4600,115.4600,1200
1474310879,115.4700,115.5000,115.4600,115.4600,10400
1474310880,115.4500,115.4700,115.4500,115.4700,3700
1474310997,115.4500,115.4600,115.4400,115.4600,3900
1474311002,115.4600,115.4700,115.4600,115.4600,2800
1474311112,115.4400,115.4550,115.4400,115.4500,3900
1474311178,115.4600,115.4700,115.4400,115.4500,10800
1474311182,115.4700,115.4700,115.4600,115.4600,2600
1474311244,115.4400,115.4650,115.4300,115.4600,4600
1474311309,115.4499,115.4500,115.4400,115.4400,3400
1474311419,115.4300,115.4499,115.4300,115.4400,4000
1474311426,115.4100,115.4400,115.4100,115.4300,18200
1474311534,115.4200,115.4300,115.4000,115.4100,7500
1474311547,115.4300,115.4300,115.4200,115.4300,11000
1474311606,115.4050,115.4200,115.3950,115.4200,3900
1474311662,115.4300,115.4300,115.4000,115.4000,4000
1474311726,115.4300,115.4300,115.4100,115.4300,9400
1474311780,115.4100,115.4300,115.4100,115.4300,5400
1474311849,115.4000,115.4100,115.3900,115.4000,4400
1474311905,115.3900,115.4000,115.3800,115.3950,7600
1474311971,115.3900,115.4000,115.3800,115.3900,2500
1474312023,115.3800,115.3900,115.3750,115.3900,7500
1474312083,115.3600,115.3850,115.3600,115.3825,9000
1474312146,115.3800,115.3900,115.3500,115.3600,5100
1474312255,115.4000,115.4000,115.3500,115.3700,6700
1474312264,115.3600,115.4000,115.3500,115.3900,5700
1474312379,115.3900,115.3900,115.3600,115.3600,5200
1474312382,115.4000,115.4000,115.3800,115.3820,5300
1474312442,115.3690,115.3942,115.3600,115.3942,5700
1474312558,115.3200,115.3600,115.3100,115.3600,23800
1474312566,115.2300,115.3200,115.2300,115.3200,9400
1474312622,115.2200,115.2200,115.1800,115.2200,9000
1474312682,115.2400,115.2580,115.2300,115.2300,4400
1474312757,115.2600,115.2600,115.2320,115.2500,3500
1474312859,115.2610,115.2800,115.2375,115.2500,8800
1474312860,115.2500,115.2780,115.2500,115.2700,6000
1474312940,115.2800,115.2800,115.2500,115.2500,5700
1474313037,115.2700,115.3000,115.2700,115.2900,6200
1474313042,115.3100,115.3300,115.2700,115.2700,13700
1474313105,115.3700,115.3800,115.3300,115.3300,11400
1474313162,115.3600,115.3750,115.3550,115.3700,2400
1474313220,115.3800,115.4000,115.3500,115.3500,10100
1474313281,115.3500,115.3900,115.3500,115.3750,8000
1474313346,115.2800,115.3450,115.2700,115.3450,10200
1474313459,115.2600,115.2896,115.2500,115.2800,3900
1474313519,115.2300,115.2700,115.2300,115.2500,9800
1474313520,115.1200,115.2350,115.1200,115.2350,10900
1474313583,115.1500,115.1700,115.1200,115.1200,7700
1474313699,115.1900,115.1900,115.1600,115.1600,6800
1474313702,115.1850,115.2200,115.1800,115.2000,4800
1474313763,115.1900,115.1999,115.1700,115.1900,13700
1474313877,115.2500,115.2550,115.1900,115.2200,7200
1474313880,115.2900,115.2900,115.2500,115.2500,21800
1474313940,115.2600,115.2950,115.2500,115.2900,10000
1474314001,115.2800,115.2900,115.2200,115.2600,9800
1474314060,115.2800,115.2800,115.2500,115.2700,9300
1474314122,115.3000,115.3100,115.2750,115.2900,9600
1474314180,115.3200,115.3500,115.2900,115.3000,11900
1474314242,115.3250,115.3400,115.3200,115.3300,8500
1474314358,115.3000,115.3400,115.3000,115.3300,15600
1474314417,115.3400,115.3600,115.3000,115.3000,19800
1474314420,115.3200,115.3500,115.3100,115.3300,13800
1474314539,115.3100,115.3200,115.3000,115.3200,5700
1474314540,115.3100,115.3200,115.2850,115.3200,32900
1474314600,115.3100,115.3200,115.2800,115.3000,23000
1474314660,115.2401,115.3200,115.2401,115.3200,14700
1474314720,115.2339,115.2700,115.2300,115.2500,8200
1474314782,115.2500,115.2800,115.2300,115.2300,13400
1474314840,115.3100,115.3100,115.2500,115.2500,15300
1474314900,115.2300,115.3100,115.2200,115.3000,19800
1474315017,115.2700,115.2800,115.2300,115.2300,15700
1474315020,115.2700,115.2800,115.2600,115.2600,6300
1474315080,115.2800,115.2800,115.2600,115.2800,20200
1474315198,115.2000,115.3100,115.1900,115.2700,50600
1474315200,115.2000,115.2000,115.2000,115.2000,3500
