uri:/instrument/1.0/SPB/chartdata;type=quote;range=1d/csv
ticker:spb
Company-Name:Spectrum Brands Holdings, Inc. 
Exchange-Name:NYQ
unit:MIN
timezone:EDT
currency:USD
gmtoffset:-14400
previous_close:133.0700
Timestamp:1474896600,1474920000
labels:1474898400,1474902000,1474905600,1474909200,1474912800,1474916400,1474920000
values:Timestamp,close,high,low,open,volume
close:132.5800,134.1800
high:132.5800,134.1800
low:132.5700,134.1800
open:132.5700,134.1800
volume:100,9400
1474896820,133.1300,133.1300,133.1300,133.1300,3800
1474896848,133.3400,133.4200,133.1500,133.1500,2900
1474897004,133.2800,133.2800,133.2800,133.2800,2800
1474897059,133.3200,133.3200,133.3100,133.3100,2800
1474897131,133.3600,133.3800,133.3600,133.3600,500
1474897151,133.5500,133.6800,133.1400,133.2100,3300
1474897217,133.4000,133.5800,133.4000,133.5800,1200
1474897271,133.4000,133.4300,133.4000,133.4100,2300
1474897485,133.8200,133.8200,133.8200,133.8200,300
1474897805,134.0300,134.0300,133.9300,133.9300,600
1474897919,134.1700,134.1700,134.1700,134.1700,100
1474897969,134.1800,134.1800,134.1800,134.1800,300
1474898170,134.0600,134.0600,134.0600,134.0600,800
1474898225,133.9200,133.9200,133.6400,133.8900,400
1474898330,133.6300,133.6300,133.6300,133.6300,100
1474898368,133.6200,133.6300,133.6200,133.6300,500
1474898401,133.6200,133.6200,133.6100,133.6100,700
1474898468,133.5300,133.5300,133.3500,133.3500,400
1474898583,133.5200,133.6200,133.5200,133.5300,1300
1474898779,133.4400,133.4400,133.4300,133.4300,300
1474898898,133.4300,133.4400,133.3100,133.3100,800
1474898940,133.4400,133.4400,133.4400,133.4400,200
1474899196,133.5000,133.5000,133.5000,133.5000,3900
1474899470,133.5400,133.5400,133.4900,133.4900,600
1474899656,133.5300,133.5300,133.4900,133.4900,600
1474899729,133.4400,133.5100,133.4200,133.4200,900
1474899868,133.4400,133.4400,133.4400,133.4400,600
1474899989,133.4200,133.4200,133.4200,133.4200,200
1474900097,133.4700,133.4700,133.4600,133.4600,200
1474900156,133.3100,133.4700,133.3100,133.4200,2100
1474900433,133.1000,133.2500,133.1000,133.1900,1200
1474900449,133.0700,133.2400,133.0700,133.2400,400
1474900559,133.2700,133.2700,133.0850,133.1000,1800
1474900584,133.2700,133.2900,133.2700,133.2700,600
1474900722,133.3300,133.3300,133.3300,133.3300,100
1474900750,133.3200,133.3200,133.3200,133.3200,100
1474900844,133.2700,133.2700,133.2700,133.2700,100
1474900870,133.0300,133.1700,133.0300,133.1700,1300
1474900936,133.0300,133.0300,133.0300,133.0300,200
1474900989,133.1800,133.2100,133.1500,133.2000,700
1474901081,133.2000,133.2800,133.1200,133.2800,400
1474901117,133.2100,133.2100,133.1500,133.1500,400
1474901190,133.2000,133.2000,133.1400,133.1400,1100
1474901331,133.3400,133.3400,133.3400,133.3400,300
1474901399,133.5200,133.6200,133.4400,133.4400,400
1474901408,133.3850,133.4400,133.3800,133.4400,900
1474901498,133.3450,133.3450,133.3400,133.3400,600
1474901740,133.2900,133.2900,133.2900,133.2900,800
1474901828,133.3200,133.3200,133.3200,133.3200,200
1474901934,133.3350,133.3350,133.3350,133.3350,100
1474901986,133.1800,133.3325,133.1800,133.2600,1000
1474902145,133.2700,133.2700,133.2700,133.2700,1600
1474902418,133.3550,133.3550,133.3550,133.3550,100
1474902467,133.2600,133.3550,133.2600,133.2900,1400
1474902724,133.2450,133.2450,133.1800,133.1800,700
1474902828,133.3500,133.3500,133.3200,133.3200,200
1474902845,133.0900,133.3800,133.0900,133.3800,1000
1474903019,133.1200,133.1850,133.1100,133.1300,400
1474903047,133.2800,133.2800,133.1100,133.1100,300
1474903138,133.2800,133.2800,133.2800,133.2800,200
1474903144,133.3300,133.3300,133.3300,133.3300,100
1474903233,133.4300,133.4300,133.2800,133.3300,900
1474903273,133.3500,133.4000,133.3500,133.4000,700
1474903367,133.2300,133.3200,133.2300,133.3200,700
1474903508,133.0400,133.0400,133.0400,133.0400,100
1474903595,133.0400,133.0400,133.0400,133.0400,500
1474903706,133.1200,133.1200,133.1200,133.1200,300
1474903791,133.1200,133.1200,133.0500,133.0500,200
1474903881,132.8800,132.9900,132.8800,132.9900,900
1474904103,132.9200,132.9400,132.9200,132.9200,700
1474904266,133.0600,133.0600,133.0600,133.0600,400
1474904324,133.1900,133.1900,133.1900,133.1900,300
1474904392,133.1100,133.1100,133.0900,133.1000,500
1474904444,133.0300,133.0300,133.0300,133.0300,100
1474904513,132.9400,132.9400,132.9400,132.9400,300
1474904563,132.8200,132.8200,132.8200,132.8200,100
1474904631,133.0000,133.0000,133.0000,133.0000,100
1474904665,132.7500,132.7900,132.7500,132.7900,400
1474904880,132.9300,132.9400,132.9300,132.9300,400
1474904948,132.8200,133.0600,132.8200,133.0600,2100
1474905049,132.9500,132.9500,132.9500,132.9500,700
1474905119,132.7900,132.9500,132.7900,132.8600,2400
1474905208,132.8600,132.8600,132.8600,132.8600,100
1474905246,132.9000,132.9000,132.9000,132.9000,1500
1474905330,132.8400,132.9400,132.8400,132.9400,800
1474905376,132.8100,132.8100,132.8100,132.8100,900
1474905420,132.7100,132.7100,132.7100,132.7100,100
1474905505,132.6200,132.6950,132.6200,132.6950,200
1474905579,132.6400,132.6400,132.6400,132.6400,100
1474905676,132.6400,132.6600,132.6400,132.6600,400
1474905760,132.6500,132.6500,132.6500,132.6500,100
1474905833,132.6500,132.6500,132.5900,132.6200,300
1474905874,132.6300,132.6450,132.6300,132.6450,200
1474905976,132.5800,132.5800,132.5800,132.5800,100
1474906051,132.6900,132.6900,132.5700,132.5700,900
1474906147,132.8000,132.8000,132.8000,132.8000,300
1474906259,132.8600,132.8600,132.8600,132.8600,100
1474906308,132.8500,132.8500,132.8500,132.8500,100
1474906362,132.9900,132.9900,132.7100,132.7750,2200
1474906420,133.1700,133.1700,133.0000,133.1100,1400
1474906480,133.0500,133.1600,133.0500,133.1600,200
1474906571,133.1200,133.1200,133.0400,133.0400,1000
1474906633,133.1800,133.1800,133.1800,133.1800,100
1474906736,133.0700,133.2000,133.0700,133.2000,300
1474906783,132.9500,132.9700,132.9500,132.9700,600
1474907029,132.9800,132.9800,132.9800,132.9800,300
1474907331,133.0600,133.0600,133.0600,133.0600,400
1474907353,133.1900,133.1900,133.1900,133.1900,300
1474907423,133.1600,133.1600,133.0750,133.1200,300
1474907463,133.0600,133.1300,133.0600,133.0700,400
1474907646,133.2000,133.2400,133.1650,133.1900,1000
1474907710,133.1650,133.2600,133.1500,133.1600,1000
1474907791,133.2500,133.2500,133.2500,133.2500,200
1474907846,133.1700,133.1700,133.1400,133.1400,200
1474907950,133.2700,133.2700,133.2700,133.2700,300
1474908059,133.1200,133.1300,133.1200,133.1300,500
1474908168,133.2300,133.2300,133.1800,133.1800,700
1474908199,133.3000,133.3000,133.2500,133.2500,700
1474908278,133.5300,133.5300,133.4250,133.4250,200
1474908338,133.4600,133.4600,133.4600,133.4600,100
1474908436,133.4000,133.4000,133.4000,133.4000,1000
1474908546,133.4900,133.4900,133.4900,133.4900,700
1474908792,133.5000,133.5000,133.5000,133.5000,400
1474908955,133.5150,133.5150,133.5150,133.5150,100
1474908991,133.6800,133.6800,133.5300,133.5300,600
1474909117,133.6400,133.6400,133.4800,133.5100,2300
1474909191,133.7600,133.8400,133.7250,133.7600,2100
1474909203,133.7000,133.7800,133.7000,133.7700,1900
1474909283,133.6800,133.7800,133.6700,133.6700,1500
1474909375,133.5900,133.7050,133.5800,133.7050,2100
1474909402,133.6900,133.7500,133.6900,133.7500,700
1474909467,133.7400,133.7400,133.7400,133.7400,100
1474909520,133.8000,133.8000,133.7400,133.7500,700
1474909582,133.8100,133.8100,133.8100,133.8100,200
1474909629,133.9900,133.9900,133.8900,133.8900,300
1474909723,133.8400,133.8550,133.8400,133.8550,1800
1474909779,133.7950,133.7950,133.7950,133.7950,100
1474909893,133.7500,133.7500,133.7500,133.7500,100
1474909927,133.7450,133.7450,133.7450,133.7450,100
1474910041,133.7300,133.7300,133.7300,133.7300,500
1474910158,133.7300,133.7300,133.7300,133.7300,100
1474910179,133.8200,133.8200,133.7300,133.7800,800
1474910239,133.8300,133.8300,133.8300,133.8300,500
1474910443,133.8700,133.8700,133.8700,133.8700,200
1474910474,133.8700,133.8700,133.8700,133.8700,2400
1474910644,133.6600,133.7450,133.6600,133.7400,2300
1474910769,133.6900,133.6900,133.6700,133.6700,300
1474910864,133.8700,133.8700,133.7400,133.7400,1500
1474910885,133.6850,133.8600,133.6850,133.8600,1200
1474911058,133.6797,133.6900,133.6700,133.6700,1000
1474911079,133.7100,133.7100,133.6600,133.6600,1100
1474911136,133.6400,133.7450,133.6400,133.7450,600
1474911237,133.7800,133.7800,133.6800,133.6800,200
1474911259,133.7200,133.7200,133.7200,133.7200,200
1474911332,133.7200,133.7200,133.7200,133.7200,100
1474911360,133.5750,133.7200,133.5750,133.6600,1200
1474911551,133.6150,133.6150,133.6150,133.6150,800
1474911648,133.6800,133.6800,133.6600,133.6800,800
1474911688,133.6800,133.6800,133.6800,133.6800,100
1474911740,133.7200,133.7200,133.7200,133.7200,100
1474911800,133.6300,133.6800,133.6300,133.6800,1100
1474911987,133.6550,133.6550,133.6550,133.6550,100
1474912176,133.7050,133.8150,133.6850,133.7200,2800
1474912371,133.8400,133.8400,133.7050,133.7500,1400
1474912438,133.8500,133.8500,133.8500,133.8500,100
1474912499,133.8500,133.8500,133.8100,133.8500,500
1474912522,133.8100,133.8100,133.8050,133.8050,400
1474912582,133.8050,133.8050,133.8050,133.8050,200
1474912653,133.7300,133.8050,133.7300,133.7600,1000
1474912686,133.6550,133.6550,133.6400,133.6400,800
1474912989,133.6300,133.6300,133.6300,133.6300,500
1474913063,133.5900,133.6900,133.5900,133.6350,400
1474913158,133.6800,133.6800,133.6800,133.6800,100
1474913188,133.6800,133.6800,133.6800,133.6800,100
1474913225,133.4800,133.6350,133.4800,133.5800,800
1474913293,133.5000,133.5000,133.5000,133.5000,100
1474913345,133.5700,133.5700,133.5699,133.5699,900
1474913484,133.5800,133.5800,133.5800,133.5800,200
1474913555,133.5800,133.5800,133.5800,133.5800,200
1474913709,133.5400,133.5800,133.5400,133.5800,200
1474913791,133.6200,133.6200,133.5800,133.5800,1100
1474913874,133.5700,133.6200,133.5700,133.6200,400
1474913896,133.6200,133.6200,133.6200,133.6200,700
1474913948,133.6700,133.6700,133.6400,133.6400,2300
1474914126,133.6700,133.6700,133.6100,133.6100,600
1474914195,133.9400,133.9500,133.8300,133.8300,1600
1474914290,133.9400,133.9400,133.9400,133.9400,200
1474914348,133.9500,133.9500,133.9500,133.9500,100
1474914520,133.9500,133.9500,133.9500,133.9500,100
1474914602,133.9500,133.9500,133.8950,133.8950,300
1474914660,133.9500,133.9500,133.9500,133.9500,400
1474914723,133.9300,133.9500,133.9300,133.9500,600
1474914920,133.9500,133.9500,133.9500,133.9500,600
1474915017,133.7700,133.8600,133.7600,133.8600,1300
1474915032,133.8500,133.8500,133.8400,133.8400,200
1474915112,133.6200,133.7850,133.6200,133.7850,2100
1474915234,133.7100,133.7100,133.7100,133.7100,600
1474915266,133.6850,133.6850,133.6850,133.6850,300
1474915382,133.7200,133.7200,133.7100,133.7100,1000
1474915456,133.6850,133.7200,133.6800,133.7200,800
1474915543,133.6900,133.6900,133.6900,133.6900,100
1474915572,133.6900,133.6900,133.6900,133.6900,600
1474915641,133.6850,133.6900,133.6850,133.6900,1500
1474915706,133.6970,133.6970,133.6970,133.6970,700
1474915848,133.5800,133.5800,133.5800,133.5800,200
1474915969,133.5500,133.5950,133.5500,133.5500,600
1474916058,133.6200,133.6200,133.6200,133.6200,1400
1474916112,133.6500,133.6500,133.6500,133.6500,200
1474916160,133.6200,133.6500,133.6200,133.6500,500
1474916257,133.5500,133.6150,133.5500,133.6150,1200
1474916301,133.5700,133.5700,133.5700,133.5700,400
1474916357,133.5800,133.5800,133.5800,133.5800,400
1474916423,133.5000,133.5300,133.5000,133.5200,1000
1474916530,133.5000,133.5000,133.5000,133.5000,600
1474916632,133.5100,133.5100,133.5100,133.5100,100
1474916648,133.4100,133.5050,133.3400,133.4800,1700
1474916755,133.3650,133.3650,133.3600,133.3600,900
1474916778,133.4000,133.4000,133.4000,133.4000,100
1474916835,133.6400,133.6400,133.4500,133.4500,1500
1474916893,133.6050,133.6250,133.5600,133.5900,1400
1474917000,133.5000,133.5000,133.5000,133.5000,300
1474917177,133.5299,133.5299,133.5299,133.5299,100
1474917299,133.5700,133.5700,133.5300,133.5300,1300
1474917301,133.5700,133.5700,133.5600,133.5650,600
1474917469,133.5700,133.5700,133.5600,133.5600,300
1474917482,133.5700,133.5700,133.5700,133.5700,200
1474917541,133.4400,133.5700,133.4250,133.5699,2800
1474917685,133.5750,133.6000,133.4800,133.4800,4200
1474917775,133.4950,133.4950,133.4950,133.4950,100
1474917830,133.4900,133.4900,133.4400,133.4400,900
1474917849,133.5600,133.5600,133.5100,133.5200,1100
1474917949,133.6100,133.6100,133.5600,133.5600,200
1474918022,133.5300,133.5800,133.5300,133.5800,400
1474918083,133.6100,133.6100,133.6100,133.6100,300
1474918183,133.5950,133.6100,133.5308,133.5400,2200
1474918234,133.6100,133.7000,133.6000,133.6300,3100
1474918298,133.6900,133.6900,133.6300,133.6300,700
1474918328,133.6500,133.6500,133.6500,133.6500,200
1474918424,133.6800,133.6800,133.6800,133.6800,800
1474918478,133.6450,133.6625,133.6300,133.6300,1000
1474918575,133.5900,133.6700,133.5900,133.6700,1500
1474918658,133.5400,133.5400,133.5400,133.5400,600
1474918695,133.5500,133.5500,133.5400,133.5400,600
1474918796,133.5800,133.5800,133.5000,133.5000,1700
1474918838,133.6300,133.6300,133.5600,133.5600,1900
1474918861,133.5400,133.6400,133.5100,133.6400,1300
1474918936,133.5200,133.5200,133.5000,133.5100,600
1474919034,133.5700,133.5700,133.5250,133.5250,1300
1474919046,133.5500,133.5700,133.5500,133.5700,2300
1474919158,133.6100,133.6100,133.5000,133.5000,4300
1474919160,133.6700,133.6700,133.6100,133.6100,1300
1474919277,133.7100,133.7100,133.7100,133.7100,100
1474919293,133.6700,133.7650,133.6700,133.7300,4600
1474919340,133.7200,133.7500,133.6800,133.6800,1800
1474919423,133.6500,133.6500,133.5900,133.5900,2700
1474919487,133.6700,133.6900,133.6600,133.6600,800
1474919543,133.6900,133.6900,133.6600,133.6700,2700
1474919584,133.6600,133.6600,133.6600,133.6600,200
1474919668,133.6200,133.6600,133.6200,133.6600,400
1474919747,133.6700,133.6900,133.6200,133.6900,7200
1474919814,133.6500,133.7100,133.5850,133.5850,4600
1474919861,133.6200,133.6200,133.6200,133.6200,1100
1474919894,133.6100,133.6100,133.4900,133.5400,4300
1474919940,133.4600,133.6001,133.3900,133.6001,9400
1474920000,133.5300,133.5300,133.5300,133.5300,6600
