uri:/instrument/1.0/ULTA/chartdata;type=quote;range=1d/csv
ticker:ulta
Company-Name:Ulta Salon, Cosmetics & Fragran
Exchange-Name:NMS
unit:MIN
timezone:EDT
currency:USD
gmtoffset:-14400
previous_close:237.0100
Timestamp:1474896600,1474920000
labels:1474898400,1474902000,1474905600,1474909200,1474912800,1474916400,1474920000
values:Timestamp,close,high,low,open,volume
close:235.4325,238.6800
high:235.5900,238.7100
low:235.4000,238.6400
open:235.4500,238.6610
volume:0,85300
1474896600,236.0000,236.0000,236.0000,236.0000,7300
1474896762,236.3700,236.3700,236.3700,236.3700,300
1474896816,236.8200,236.8200,236.5508,236.6595,2000
1474896898,237.1584,237.1584,237.1584,237.1584,900
1474896910,237.3000,237.3900,237.2700,237.2700,1200
1474896999,237.1960,237.4179,237.1960,237.4179,600
1474897065,237.3600,237.3600,237.3600,237.3600,500
1474897189,236.8600,236.9100,236.3500,236.3500,3500
1474897203,236.8600,236.8600,236.7100,236.7100,1800
1474897297,236.9500,236.9900,236.9500,236.9900,700
1474897326,237.1000,237.1000,237.1000,237.1000,800
1474897395,237.0700,237.3100,237.0700,237.3100,1000
1474897481,236.3501,237.0200,236.3501,237.0200,800
1474897511,236.8500,236.8500,236.3750,236.3750,1300
1474897616,237.1900,237.2000,237.0300,237.2000,800
1474897634,237.3200,237.3300,237.3200,237.3300,800
1474897741,237.3200,237.3200,237.3200,237.3200,200
1474897852,236.8200,237.1750,236.6600,237.1200,2800
1474897862,236.8000,236.9200,236.7000,236.7000,3300
1474897940,236.9000,236.9000,236.6800,236.7000,1700
1474898030,236.4600,236.6200,236.4600,236.6200,1800
1474898082,236.5200,236.5200,236.5200,236.5200,100
1474898103,236.6800,236.6890,236.5200,236.5200,1400
1474898217,236.5200,236.6000,236.4900,236.4900,700
1474898228,236.6200,236.6200,236.5700,236.5700,300
1474898306,236.5800,236.6600,236.5000,236.5000,600
1474898351,236.6400,236.6900,236.6300,236.6500,800
1474898423,236.7700,236.8500,236.5600,236.5600,2000
1474898485,236.5400,236.6800,236.4000,236.6800,1800
1474898604,236.7700,236.7700,236.7700,236.7700,200
1474898641,236.6300,237.0300,236.6300,236.8800,7200
1474898707,236.6900,236.7400,236.6900,236.7400,400
1474898773,236.9200,236.9200,236.7800,236.7800,1600
1474898842,236.9200,236.9292,236.9200,236.9292,600
1474898924,236.6900,236.8050,236.6900,236.8050,1700
1474898944,236.6400,236.7500,236.4500,236.7100,1900
1474899009,236.7100,236.7100,236.6400,236.6400,700
1474899064,236.6900,236.7800,236.6800,236.6900,1300
1474899175,236.7464,236.7464,236.7464,236.7464,200
1474899234,236.6700,236.8400,236.6400,236.6700,1800
1474899242,236.7100,236.7100,236.7100,236.7100,300
1474899309,236.8300,236.8300,236.8300,236.8300,300
1474899376,236.5300,236.7344,236.5300,236.7344,1100
1474899428,236.4100,236.6800,236.4100,236.5000,1300
1474899488,236.4100,236.5050,236.4100,236.5050,400
1474899591,236.4202,236.4202,236.4202,236.4202,100
1474899656,236.5750,236.6800,236.5650,236.5700,1500
1474899670,236.5565,236.5565,236.5565,236.5565,300
1474899831,236.5500,236.6500,236.5500,236.6500,600
1474899847,236.5500,236.5500,236.5000,236.5500,1100
1474899981,236.6200,236.6200,236.6200,236.6200,100
1474900060,236.6500,236.6500,236.6000,236.6300,1000
1474900098,236.5110,236.6400,236.5110,236.6400,400
1474900152,236.4600,236.5100,236.4600,236.5100,1300
1474900227,236.3100,236.4000,236.3100,236.3900,1100
1474900267,236.3994,236.4400,236.2900,236.3800,1200
1474900435,236.4363,236.4900,236.4100,236.4900,700
1474900447,236.5900,236.5900,236.4800,236.4800,800
1474900514,236.7500,236.7500,236.7000,236.7000,200
1474900611,236.9600,236.9700,236.7700,236.7700,1300
1474900667,236.8650,237.0200,236.8000,236.9800,1700
1474900688,236.9400,236.9400,236.9094,236.9094,200
1474900817,236.6853,236.7900,236.6800,236.7900,1500
1474900936,236.5000,236.5000,236.5000,236.5000,100
1474901035,236.6150,236.6150,236.5210,236.5210,400
1474901060,236.6730,236.6730,236.6000,236.6100,2300
1474901125,236.6160,236.6160,236.5950,236.5950,700
1474901183,236.4700,236.5500,236.4700,236.5500,500
1474901255,236.4800,236.4800,236.3500,236.3900,1400
1474901340,236.4300,236.5000,236.4200,236.4200,1800
1474901525,236.4100,236.4300,236.3800,236.4300,900
1474901658,236.3500,236.3500,236.3000,236.3000,400
1474901755,236.4400,236.4400,236.4400,236.4400,600
1474901771,236.3800,236.5400,236.3800,236.5400,600
1474901868,236.3600,236.4300,236.3600,236.3600,600
1474901901,236.3700,236.3700,236.3000,236.3000,400
1474902014,236.2800,236.2900,236.2800,236.2900,400
1474902071,236.1200,236.2900,236.0900,236.2900,1800
1474902123,236.0562,236.0600,236.0200,236.0600,1600
1474902209,235.9500,235.9500,235.9500,235.9500,200
1474902264,235.9600,235.9600,235.8250,235.9387,2100
1474902331,235.7800,235.8300,235.6300,235.8300,2500
1474902360,235.7600,235.7800,235.6900,235.6900,2400
1474902421,235.6600,235.7150,235.6476,235.7000,1800
1474902491,235.7200,235.7200,235.6800,235.6800,600
1474902554,235.5825,235.7000,235.5400,235.7000,2700
1474902613,235.7800,235.8200,235.5900,235.6400,800
1474902669,235.6850,235.6850,235.6850,235.6850,100
1474902727,235.6700,235.9100,235.6400,235.7900,3100
1474902835,235.4325,235.5900,235.4000,235.5900,5600
1474902846,235.5300,235.6300,235.4500,235.4500,3700
1474902906,235.8800,235.9200,235.6300,235.6300,7600
1474902979,235.9100,235.9300,235.6300,235.7900,2300
1474903076,235.7100,235.9000,235.6200,235.9000,5100
1474903127,235.9700,236.0300,235.8500,235.9000,3400
1474903149,236.0500,236.0800,235.9500,236.0200,4700
1474903204,236.1305,236.2150,236.0900,236.1300,4300
1474903270,236.2300,236.2600,236.0500,236.0500,1100
1474903357,236.1650,236.2200,236.1650,236.2100,600
1474903427,236.1200,236.1500,236.1200,236.1500,800
1474903499,236.1200,236.1200,235.9800,235.9800,400
1474903519,236.1000,236.1000,236.1000,236.1000,200
1474903571,236.1700,236.1800,236.1100,236.1100,1000
1474903695,236.4300,236.4300,236.0110,236.0110,1600
1474903852,236.1650,236.2300,236.1300,236.1300,700
1474903901,236.2264,236.2264,236.2000,236.2000,400
1474903924,236.3300,236.3400,236.2300,236.2300,700
1474903997,236.2100,236.2100,236.0100,236.1500,5200
1474904078,236.2900,236.2900,236.2900,236.2900,600
1474904178,236.4750,236.4750,236.3000,236.3000,3000
1474904224,236.4600,236.4800,236.4600,236.4650,500
1474904291,236.5250,236.5400,236.4700,236.5400,300
1474904374,236.4900,236.6200,236.4900,236.5250,800
1474904404,236.6200,236.6200,236.4700,236.4700,1800
1474904578,236.6000,236.6100,236.5000,236.5000,800
1474904585,236.6000,236.6700,236.5990,236.5990,1900
1474904686,236.8650,236.9700,236.6600,236.7300,4300
1474904706,236.6700,236.9000,236.6200,236.8700,5100
1474904780,236.8500,236.9000,236.7800,236.7800,1700
1474904878,236.7600,236.8500,236.6900,236.8500,900
1474904883,236.9001,236.9100,236.6700,236.8200,4000
1474904945,236.7800,236.8500,236.7800,236.8500,800
1474905050,236.8300,236.8300,236.7900,236.8000,600
1474905074,236.8100,236.8100,236.8100,236.8100,100
1474905124,236.7200,236.7950,236.7200,236.7950,300
1474905203,236.7800,236.8300,236.7800,236.8100,900
1474905251,236.8600,236.8600,236.8200,236.8400,500
1474905319,236.8700,236.8700,236.8600,236.8600,500
1474905417,236.8300,236.9800,236.8200,236.9800,1800
1474905422,237.1299,237.1300,236.8900,236.8900,4600
1474905493,237.2300,237.2300,237.0900,237.1300,500
1474905551,237.3400,237.3400,237.2900,237.2900,600
1474905617,237.1400,237.3200,237.1400,237.3200,1400
1474905706,237.2100,237.2100,237.0725,237.1200,800
1474905772,237.0300,237.2700,237.0300,237.2500,1100
1474905802,237.1500,237.1500,237.0300,237.0300,300
1474905976,237.1400,237.1400,237.0400,237.0400,300
1474906059,237.1300,237.1900,237.0400,237.1300,1200
1474906098,237.1700,237.1900,237.1690,237.1900,600
1474906198,237.1300,237.1300,237.1300,237.1300,200
1474906241,237.0600,237.0600,237.0500,237.0500,300
1474906372,237.2200,237.2200,237.1300,237.1300,700
1474906406,237.2400,237.2500,237.2100,237.2100,1300
1474906488,237.3600,237.3600,237.3160,237.3160,1100
1474906517,237.3700,237.3700,237.3700,237.3700,100
1474906568,237.3100,237.3100,237.3100,237.3100,600
1474906635,237.3400,237.3600,237.3300,237.3300,500
1474906724,237.3700,237.3700,237.3700,237.3700,100
1474906760,237.1450,237.3000,237.1450,237.3000,2300
1474906803,237.3000,237.3000,237.1700,237.1700,800
1474906931,237.3000,237.3000,237.2100,237.2100,900
1474907034,237.3100,237.3100,237.3100,237.3100,200
1474907054,237.3600,237.3600,237.3600,237.3600,400
1474907117,237.2500,237.3700,237.2500,237.3700,1500
1474907181,237.2500,237.2600,237.2500,237.2500,700
1474907220,237.1100,237.1700,237.1100,237.1600,600
1474907349,237.1955,237.2000,237.1955,237.2000,600
1474907605,237.2300,237.2300,237.0900,237.0900,700
1474907919,237.2400,237.2400,237.2300,237.2300,300
1474907983,237.2600,237.2600,237.2100,237.2100,300
1474908060,237.1500,237.2000,237.1500,237.1500,1100
1474908161,237.2600,237.2600,237.2100,237.2100,700
1474908190,237.2700,237.2700,237.1450,237.2600,1100
1474908281,237.2900,237.2900,237.2900,237.2900,300
1474908301,237.4600,237.4600,237.2900,237.2900,1300
1474908395,237.4051,237.4051,237.3310,237.3310,200
1474908460,237.4500,237.4500,237.4500,237.4500,100
1474908481,237.4500,237.4500,237.3880,237.3880,200
1474908551,237.6200,237.6200,237.3100,237.3500,3900
1474908617,237.7289,237.7700,237.6100,237.6400,1400
1474908778,237.7100,237.7100,237.7100,237.7100,200
1474908838,237.7000,237.7000,237.5410,237.5410,500
1474908840,237.6800,237.6900,237.6800,237.6900,400
1474908928,237.5700,237.5950,237.5600,237.5700,1600
1474908976,237.6400,237.6400,237.5900,237.6000,800
1474909057,237.5100,237.5100,237.5100,237.5100,100
1474909083,237.5289,237.5900,237.4300,237.5000,1200
1474909154,237.4684,237.4684,237.4684,237.4684,100
1474909204,237.6189,237.6189,237.4801,237.4801,1700
1474909294,237.5150,237.5150,237.5150,237.5150,200
1474909376,237.5000,237.5000,237.5000,237.5000,700
1474909440,237.6900,237.6900,237.5900,237.5900,1600
1474909527,237.7800,237.7800,237.7800,237.7800,300
1474909599,237.6000,237.7100,237.6000,237.7100,900
1474909634,237.5300,237.6100,237.5300,237.6100,400
1474909732,237.5600,237.6200,237.5200,237.6200,1100
1474909793,237.5000,237.6200,237.5000,237.6200,500
1474909859,237.5400,237.5400,237.4700,237.4900,600
1474909889,237.5800,237.5800,237.5300,237.5300,1200
1474909940,237.6250,237.6250,237.5700,237.5700,600
1474910029,237.5900,237.5900,237.5900,237.5900,200
1474910051,237.5720,237.5900,237.5720,237.5900,400
1474910168,237.5600,237.5600,237.5500,237.5555,900
1474910251,237.6600,237.6600,237.6600,237.6600,300
1474910458,237.6353,237.6353,237.6353,237.6353,300
1474910488,237.6600,237.6600,237.6500,237.6500,600
1474910544,237.7900,237.7900,237.7900,237.7900,500
1474910646,237.7337,237.7337,237.7337,237.7337,200
1474910706,237.5900,237.6100,237.5700,237.5900,1400
1474910825,237.6600,237.6600,237.6200,237.6200,500
1474910926,237.6100,237.6100,237.5500,237.5500,700
1474911019,237.6000,237.6000,237.6000,237.6000,400
1474911079,237.7050,237.7050,237.6300,237.6300,900
1474911306,237.6200,237.7400,237.5300,237.6500,2100
1474911362,237.4700,237.5600,237.4500,237.4500,1900
1474911503,237.4400,237.4400,237.4400,237.4400,100
1474911597,237.4400,237.5200,237.4100,237.4100,1000
1474911608,237.6500,237.7600,237.5500,237.5500,6900
1474911665,237.7100,237.7600,237.6000,237.7500,1000
1474911742,237.7400,237.7400,237.7400,237.7400,200
1474911821,237.5950,237.6300,237.5800,237.6300,1000
1474911918,237.5900,237.6500,237.5347,237.6000,1600
1474911963,237.5860,237.6800,237.5700,237.5700,700
1474912129,237.7300,237.7300,237.5800,237.5800,700
1474912142,237.8000,237.8900,237.8000,237.8500,500
1474912202,237.9400,237.9400,237.8000,237.8700,700
1474912274,238.0000,238.0000,238.0000,238.0000,800
1474912362,238.0900,238.0900,238.0500,238.0500,600
1474912396,238.2900,238.2990,238.1990,238.1990,1400
1474912521,238.2600,238.2600,238.1300,238.1300,300
1474912586,238.1210,238.2500,238.1210,238.2500,400
1474912664,238.1100,238.2500,238.0700,238.2500,2800
1474912694,238.2100,238.2100,238.1600,238.1600,800
1474912760,238.0800,238.1200,238.0800,238.0800,1000
1474912822,238.0500,238.0500,238.0200,238.0200,1000
1474912873,238.0300,238.0800,238.0010,238.0800,300
1474912946,238.0700,238.0700,238.0579,238.0579,300
1474913039,238.0121,238.0800,238.0100,238.0800,2900
1474913046,238.0200,238.0200,237.9800,237.9900,1800
1474913116,238.0400,238.0400,238.0400,238.0400,100
1474913190,238.0500,238.0500,238.0300,238.0300,800
1474913270,238.1150,238.1150,238.0900,238.0900,500
1474913280,238.2100,238.2100,238.2100,238.2100,400
1474913351,238.2300,238.2300,238.2300,238.2300,400
1474913440,238.2400,238.2400,238.1650,238.1650,500
1474913477,238.0400,238.0900,238.0400,238.0900,1900
1474913524,238.1005,238.1214,238.0500,238.0500,1900
1474913582,238.1900,238.1900,238.1900,238.1900,400
1474913732,238.0500,238.1050,238.0500,238.1050,1000
1474913824,238.1200,238.1500,238.0800,238.1500,1400
1474913884,238.2100,238.2100,238.1250,238.1400,900
1474913947,238.3700,238.3700,238.1510,238.1510,1000
1474914005,238.1000,238.3100,238.1000,238.3100,3100
1474914087,238.1100,238.1400,238.1100,238.1400,900
1474914126,238.2400,238.2400,238.2300,238.2300,600
1474914255,238.1700,238.1764,238.1700,238.1764,800
1474914337,238.1800,238.1800,238.1800,238.1800,200
1474914372,238.1580,238.1580,238.0500,238.1100,2900
1474914429,238.0900,238.0900,238.0900,238.0900,100
1474914541,238.2000,238.2000,238.0500,238.0500,2000
1474914619,238.2500,238.2500,238.1415,238.2205,1600
1474914774,238.2612,238.3500,238.2612,238.3000,600
1474914790,238.3500,238.3500,238.3500,238.3500,200
1474914972,238.2000,238.4000,238.2000,238.3999,1600
1474915020,238.1300,238.1800,238.1300,238.1800,1000
1474915103,238.1000,238.1000,238.1000,238.1000,100
1474915263,238.0430,238.0950,238.0000,238.0300,1200
1474915339,238.1100,238.1100,238.0600,238.0600,1500
1474915582,238.1500,238.1500,238.1500,238.1500,500
1474915696,238.3700,238.4150,238.2843,238.2843,600
1474915776,238.4194,238.4194,238.4194,238.4194,100
1474915825,238.3028,238.3028,238.2800,238.2800,900
1474915931,238.2600,238.2900,238.2100,238.2400,2800
1474915994,238.3390,238.3390,238.2600,238.2600,1100
1474916062,238.1400,238.2900,238.1400,238.2900,1500
1474916133,238.1300,238.1300,238.0800,238.0800,300
1474916164,238.0900,238.1200,238.0900,238.1200,500
1474916318,238.0100,238.0100,238.0100,238.0100,100
1474916369,238.0900,238.0900,238.0100,238.0100,800
1474916444,238.0400,238.0400,238.0300,238.0300,600
1474916517,237.9810,237.9810,237.9810,237.9810,300
1474916570,237.9030,238.0250,237.9030,237.9900,1400
1474916580,237.8500,237.8700,237.7900,237.8700,1000
1474916674,237.8100,237.8100,237.7900,237.7900,400
1474916721,237.8300,237.8300,237.7600,237.7600,1400
1474916818,238.0300,238.1100,237.9100,237.9100,600
1474916838,238.1700,238.1900,238.1700,238.1800,600
1474916942,238.0200,238.0700,238.0200,238.0700,600
1474917058,237.9600,238.0700,237.9600,238.0650,2000
1474917061,238.0400,238.0400,237.9800,238.0300,1800
1474917164,238.0450,238.0450,238.0450,238.0450,100
1474917215,238.1900,238.1900,238.1000,238.1300,500
1474917413,238.1450,238.1899,238.1200,238.1899,1900
1474917477,238.0950,238.0950,238.0701,238.0800,1600
1474917533,238.1600,238.1600,238.0600,238.0600,1700
1474917563,238.0600,238.1700,238.0400,238.0900,3100
1474917616,238.1600,238.1600,238.1300,238.1300,600
1474917665,238.2600,238.2600,238.1900,238.1900,400
1474917731,238.2600,238.2800,238.2500,238.2600,700
1474917808,238.2000,238.2000,238.2000,238.2000,200
1474917874,238.3400,238.3600,238.2400,238.2400,1800
1474917953,238.4700,238.4700,238.3400,238.3400,1400
1474917962,238.5100,238.5200,238.4200,238.4200,2500
1474918021,238.6100,238.6100,238.5100,238.5100,2300
1474918082,238.5900,238.6200,238.4977,238.6200,3000
1474918190,238.5650,238.5650,238.5200,238.5200,200
1474918202,238.4800,238.5700,238.4800,238.5700,3400
1474918260,238.5887,238.5887,238.4950,238.4950,1500
1474918336,238.5900,238.6000,238.5500,238.5500,1200
1474918401,238.6800,238.7100,238.6400,238.6400,1900
1474918452,238.5170,238.6730,238.4900,238.6610,5200
1474918522,238.3975,238.4900,238.3975,238.4900,1500
1474918567,238.2800,238.4200,238.2600,238.4000,3200
1474918649,238.3600,238.3600,238.2900,238.2900,1100
1474918690,238.2900,238.3700,238.2700,238.3700,1400
1474918799,238.3400,238.3400,238.2300,238.2700,2300
1474918803,238.4600,238.4600,238.2800,238.3700,1100
1474918873,238.3600,238.3600,238.2900,238.2900,2200
1474918939,238.2200,238.2700,238.2000,238.2700,1400
1474918981,238.2900,238.2900,238.1300,238.1600,1200
1474919045,238.2000,238.2800,238.2000,238.2250,3200
1474919108,238.2400,238.2400,238.1700,238.1700,2400
1474919186,238.2500,238.2750,238.2500,238.2750,500
1474919220,238.2300,238.2700,238.1900,238.2550,2500
1474919283,238.2300,238.2800,238.1600,238.2400,6200
1474919346,238.1300,238.2100,238.0700,238.2100,2500
1474919400,238.0500,238.1250,237.9900,238.0800,5100
1474919460,238.0200,238.1100,238.0000,238.0700,2300
1474919520,237.9200,238.0300,237.9200,238.0000,4900
1474919581,237.9400,238.0000,237.8800,237.9200,7400
1474919645,237.9000,237.9500,237.8200,237.9000,5000
1474919759,237.8900,237.8900,237.7600,237.8900,3600
1474919761,237.9200,237.9200,237.7900,237.8400,5400
1474919820,237.8125,237.9200,237.7800,237.9200,4800
1474919883,237.8100,237.8500,237.7400,237.8200,6700
1474919940,237.8200,237.8200,237.5300,237.8200,85300
1474920000,237.8100,237.8100,237.8100,237.8100,0
