uri:/instrument/1.0/VEA/chartdata;type=quote;range=1d/csv
ticker:vea
Company-Name:Vanguard FTSE Developed Markets
Exchange-Name:PCX
unit:MIN
timezone:EDT
currency:USD
gmtoffset:-14400
previous_close:37.8000
Timestamp:1474637400,1474660800
labels:1474639200,1474642800,1474646400,1474650000,1474653600,1474657200,1474660800
values:Timestamp,close,high,low,open,volume
close:37.4400,37.5800
high:37.4400,37.5900
low:37.4350,37.5786
open:37.4400,37.5800
volume:100,143200
1474637408,37.5000,37.5000,37.4750,37.5000,45400
1474637502,37.4900,37.5000,37.4800,37.4950,21200
1474637578,37.5000,37.5200,37.4938,37.5100,97900
1474637639,37.5000,37.5100,37.5000,37.5000,1800
1474637641,37.5100,37.5200,37.5000,37.5065,5700
1474637759,37.5300,37.5300,37.5100,37.5200,56200
1474637764,37.5200,37.5301,37.5200,37.5300,7000
1474637872,37.5100,37.5200,37.5100,37.5200,2300
1474637936,37.5200,37.5200,37.5100,37.5200,34000
1474637944,37.5300,37.5309,37.5200,37.5200,11300
1474638008,37.5294,37.5300,37.5200,37.5201,5000
1474638111,37.5300,37.5300,37.5200,37.5300,7000
1474638122,37.5250,37.5290,37.5150,37.5200,7100
1474638181,37.5200,37.5365,37.5200,37.5300,6600
1474638250,37.5200,37.5200,37.5200,37.5200,13900
1474638318,37.5000,37.5100,37.4910,37.5100,6000
1474638364,37.5200,37.5200,37.5100,37.5100,4500
1474638465,37.5200,37.5200,37.5166,37.5166,1300
1474638480,37.5190,37.5200,37.5190,37.5200,2900
1474638563,37.5100,37.5200,37.5100,37.5200,1500
1474638620,37.5200,37.5200,37.5110,37.5110,4600
1474638676,37.5176,37.5200,37.5100,37.5200,1400
1474638773,37.5069,37.5166,37.5069,37.5166,1300
1474638788,37.5162,37.5200,37.5000,37.5100,2700
1474638896,37.5200,37.5210,37.5200,37.5210,900
1474638947,37.5300,37.5300,37.5200,37.5200,2000
1474638962,37.5286,37.5300,37.5201,37.5266,3600
1474639026,37.5150,37.5300,37.5150,37.5300,500
1474639094,37.5152,37.5190,37.5100,37.5100,2300
1474639142,37.5000,37.5199,37.5000,37.5199,5800
1474639257,37.5200,37.5200,37.4901,37.5000,3900
1474639260,37.5110,37.5200,37.5100,37.5100,30900
1474639326,37.5100,37.5200,37.5100,37.5200,84300
1474639382,37.5101,37.5200,37.5101,37.5200,800
1474639495,37.5300,37.5300,37.5101,37.5200,10300
1474639554,37.5250,37.5300,37.5200,37.5300,2300
1474639606,37.5200,37.5250,37.5200,37.5250,1400
1474639620,37.5035,37.5100,37.5000,37.5100,7400
1474639733,37.5190,37.5190,37.5063,37.5063,2800
1474639740,37.5100,37.5100,37.5050,37.5100,6500
1474639820,37.5048,37.5100,37.5000,37.5100,2300
1474639864,37.4965,37.5000,37.4950,37.5000,4000
1474639921,37.4950,37.5000,37.4850,37.4950,16100
1474639996,37.4976,37.5000,37.4936,37.4950,4600
1474640060,37.5000,37.5000,37.4914,37.4927,6400
1474640112,37.5100,37.5190,37.5100,37.5100,10800
1474640175,37.5100,37.5192,37.5100,37.5192,5800
1474640227,37.5000,37.5050,37.4950,37.5000,5000
1474640283,37.5090,37.5090,37.5000,37.5000,8800
1474640356,37.5000,37.5050,37.5000,37.5001,1400
1474640423,37.5078,37.5100,37.5000,37.5100,1000
1474640464,37.5099,37.5099,37.4999,37.5000,1800
1474640532,37.5185,37.5185,37.5010,37.5165,10400
1474640590,37.5166,37.5166,37.5100,37.5100,3200
1474640641,37.5300,37.5300,37.5200,37.5200,11300
1474640702,37.5300,37.5300,37.5235,37.5300,11600
1474640765,37.5276,37.5392,37.5250,37.5300,3400
1474640821,37.5386,37.5386,37.5250,37.5250,2100
1474640936,37.5248,37.5300,37.5201,37.5300,10100
1474640942,37.5300,37.5300,37.5201,37.5250,15700
1474641000,37.5390,37.5394,37.5265,37.5280,9800
1474641118,37.5250,37.5350,37.5250,37.5350,15200
1474641121,37.5200,37.5299,37.5200,37.5250,5500
1474641180,37.5100,37.5250,37.5100,37.5169,6900
1474641241,37.5050,37.5185,37.5000,37.5185,6900
1474641304,37.5190,37.5190,37.5000,37.5000,9000
1474641370,37.5189,37.5200,37.5101,37.5199,18400
1474641422,37.5000,37.5190,37.5000,37.5190,9400
1474641485,37.5000,37.5000,37.4906,37.5000,9200
1474641557,37.5000,37.5050,37.4985,37.5000,5800
1474641604,37.5075,37.5075,37.5000,37.5000,3300
1474641664,37.5100,37.5169,37.5019,37.5050,21600
1474641720,37.5200,37.5200,37.5001,37.5090,5000
1474641781,37.5200,37.5250,37.5150,37.5150,8200
1474641845,37.5350,37.5350,37.5250,37.5265,10000
1474641902,37.5390,37.5390,37.5300,37.5300,1000
1474641974,37.5300,37.5350,37.5300,37.5350,8700
1474642023,37.5100,37.5250,37.5010,37.5250,8700
1474642107,37.5140,37.5200,37.5140,37.5200,2400
1474642151,37.5200,37.5200,37.5100,37.5110,2000
1474642209,37.5050,37.5163,37.5050,37.5163,3600
1474642261,37.5000,37.5063,37.5000,37.5000,8200
1474642373,37.5040,37.5100,37.5040,37.5066,4100
1474642439,37.5190,37.5190,37.5131,37.5131,500
1474642442,37.5100,37.5150,37.5100,37.5100,2200
1474642546,37.5100,37.5173,37.5050,37.5050,3300
1474642619,37.5000,37.5100,37.5000,37.5090,1800
1474642622,37.5265,37.5265,37.4969,37.5000,11300
1474642725,37.5300,37.5390,37.5300,37.5390,400
1474642744,37.5200,37.5300,37.5200,37.5300,6800
1474642855,37.5250,37.5299,37.5165,37.5200,2600
1474642919,37.5200,37.5400,37.5200,37.5260,10300
1474642978,37.5100,37.5250,37.5100,37.5250,3800
1474642984,37.5200,37.5200,37.5100,37.5100,8300
1474643058,37.5400,37.5499,37.5221,37.5221,19800
1474643157,37.5331,37.5400,37.5331,37.5400,3300
1474643164,37.5400,37.5499,37.5345,37.5400,3300
1474643278,37.5400,37.5500,37.5400,37.5500,7400
1474643282,37.5469,37.5475,37.5301,37.5301,4400
1474643399,37.5301,37.5500,37.5301,37.5500,5100
1474643402,37.5343,37.5400,37.5301,37.5399,10400
1474643533,37.5400,37.5400,37.5315,37.5369,20000
1474643669,37.5450,37.5450,37.5400,37.5400,1800
1474643751,37.5400,37.5499,37.5201,37.5499,6100
1474643760,37.5365,37.5450,37.5350,37.5400,4500
1474643832,37.5250,37.5300,37.5200,37.5300,1700
1474643927,37.5201,37.5250,37.5150,37.5200,6700
1474643997,37.5245,37.5300,37.5230,37.5250,1500
1474644054,37.5300,37.5300,37.5232,37.5232,1500
1474644066,37.5300,37.5300,37.5237,37.5237,800
1474644176,37.5317,37.5317,37.5265,37.5278,4000
1474644191,37.5299,37.5364,37.5250,37.5364,2900
1474644291,37.5300,37.5300,37.5220,37.5299,5100
1474644355,37.5315,37.5350,37.5200,37.5300,8700
1474644419,37.5350,37.5400,37.5210,37.5350,7600
1474644464,37.5464,37.5464,37.5400,37.5400,300
1474644526,37.5499,37.5558,37.5400,37.5461,14000
1474644542,37.5500,37.5583,37.5500,37.5500,11700
1474644659,37.5700,37.5700,37.5400,37.5400,22900
1474644715,37.5600,37.5700,37.5512,37.5685,28800
1474644721,37.5500,37.5600,37.5450,37.5600,37400
1474644787,37.5460,37.5500,37.5400,37.5463,600
1474644851,37.5400,37.5500,37.5400,37.5500,9300
1474644950,37.5500,37.5500,37.5400,37.5400,5500
1474644965,37.5550,37.5600,37.5500,37.5500,4700
1474645067,37.5700,37.5800,37.5551,37.5551,8300
1474645084,37.5700,37.5700,37.5645,37.5700,4100
1474645193,37.5700,37.5706,37.5600,37.5650,3500
1474645217,37.5700,37.5865,37.5700,37.5800,3500
1474645268,37.5700,37.5700,37.5650,37.5700,3500
1474645320,37.5800,37.5800,37.5700,37.5750,1300
1474645381,37.5750,37.5900,37.5750,37.5790,7500
1474645440,37.5786,37.5800,37.5786,37.5800,6300
1474645543,37.5763,37.5800,37.5763,37.5800,1400
1474645571,37.5600,37.5799,37.5600,37.5799,5500
1474645622,37.5700,37.5700,37.5500,37.5600,9100
1474645686,37.5546,37.5600,37.5546,37.5600,3300
1474645767,37.5400,37.5500,37.5300,37.5500,8900
1474645839,37.5400,37.5500,37.5400,37.5500,3200
1474645869,37.5366,37.5400,37.5335,37.5363,10000
1474645930,37.5300,37.5350,37.5300,37.5350,600
1474646020,37.5200,37.5280,37.5200,37.5280,6000
1474646098,37.5300,37.5350,37.5250,37.5250,4800
1474646101,37.5200,37.5300,37.5200,37.5300,4300
1474646218,37.5000,37.5200,37.5000,37.5200,10000
1474646225,37.5090,37.5100,37.5000,37.5000,13100
1474646320,37.5000,37.5050,37.5000,37.5000,3000
1474646342,37.5100,37.5100,37.5000,37.5050,1800
1474646421,37.5100,37.5150,37.5000,37.5100,11300
1474646491,37.5010,37.5100,37.5010,37.5100,1200
1474646572,37.5037,37.5077,37.5000,37.5058,5800
1474646623,37.5058,37.5100,37.5001,37.5050,2000
1474646674,37.5100,37.5190,37.5100,37.5100,4300
1474646709,37.5100,37.5100,37.5100,37.5100,3500
1474646819,37.5050,37.5100,37.5000,37.5057,1700
1474646878,37.5075,37.5100,37.5020,37.5050,20700
1474646886,37.5100,37.5100,37.5000,37.5014,6900
1474646943,37.5050,37.5050,37.5000,37.5035,900
1474647005,37.5200,37.5200,37.5066,37.5100,16700
1474647069,37.5250,37.5250,37.5176,37.5200,3800
1474647127,37.5200,37.5263,37.5200,37.5248,4100
1474647187,37.5100,37.5290,37.5100,37.5200,6600
1474647252,37.5200,37.5200,37.5150,37.5200,3700
1474647340,37.5200,37.5200,37.5175,37.5175,4700
1474647402,37.5110,37.5200,37.5110,37.5150,1700
1474647423,37.5230,37.5230,37.5155,37.5200,2700
1474647485,37.5285,37.5285,37.5285,37.5285,100
1474647540,37.5252,37.5300,37.5200,37.5200,5700
1474647636,37.5300,37.5300,37.5250,37.5250,3500
1474647719,37.5200,37.5250,37.5200,37.5200,2000
1474647750,37.5200,37.5250,37.5150,37.5200,3700
1474647781,37.5300,37.5400,37.5300,37.5300,32600
1474647871,37.5371,37.5384,37.5300,37.5350,3900
1474647920,37.5300,37.5366,37.5300,37.5350,2500
1474648015,37.5300,37.5350,37.5300,37.5300,4600
1474648077,37.5300,37.5300,37.5200,37.5300,16500
1474648137,37.5300,37.5358,37.5300,37.5350,9900
1474648196,37.5300,37.5300,37.5200,37.5266,5200
1474648206,37.5300,37.5394,37.5300,37.5394,7500
1474648277,37.5400,37.5400,37.5250,37.5250,16500
1474648328,37.5331,37.5352,37.5300,37.5350,11900
1474648386,37.5400,37.5400,37.5350,37.5362,2900
1474648499,37.5400,37.5400,37.5363,37.5363,1400
1474648503,37.5350,37.5400,37.5348,37.5400,700
1474648573,37.5300,37.5400,37.5300,37.5300,4000
1474648678,37.5200,37.5300,37.5200,37.5300,6800
1474648735,37.5200,37.5290,37.5200,37.5265,5100
1474648799,37.5252,37.5300,37.5200,37.5200,7600
1474648802,37.5250,37.5350,37.5240,37.5240,21400
1474648865,37.5250,37.5280,37.5200,37.5250,6400
1474648979,37.5250,37.5300,37.5250,37.5300,600
1474648989,37.5254,37.5264,37.5254,37.5264,500
1474649095,37.5300,37.5300,37.5250,37.5290,1900
1474649117,37.5152,37.5200,37.5150,37.5200,11100
1474649218,37.5140,37.5200,37.5140,37.5149,3500
1474649220,37.5160,37.5200,37.5150,37.5150,800
1474649293,37.5152,37.5152,37.5101,37.5138,1900
1474649393,37.5100,37.5180,37.5100,37.5180,6600
1474649400,37.5200,37.5200,37.5100,37.5100,3600
1474649474,37.5300,37.5300,37.5165,37.5165,7500
1474649528,37.5250,37.5300,37.5200,37.5300,4700
1474649585,37.5200,37.5300,37.5200,37.5200,3100
1474649737,37.5250,37.5250,37.5200,37.5200,400
1474649782,37.5200,37.5200,37.5130,37.5180,6300
1474649825,37.5300,37.5300,37.5200,37.5201,800
1474649881,37.5250,37.5258,37.5200,37.5200,2200
1474649953,37.5263,37.5263,37.5263,37.5263,400
1474650003,37.5135,37.5260,37.5135,37.5260,2100
1474650113,37.5100,37.5184,37.5100,37.5184,5900
1474650140,37.5200,37.5250,37.5200,37.5200,4900
1474650180,37.5200,37.5265,37.5167,37.5200,9100
1474650295,37.5200,37.5299,37.5200,37.5200,7200
1474650300,37.5155,37.5200,37.5150,37.5200,4600
1474650362,37.5200,37.5200,37.5100,37.5200,1000
1474650471,37.5110,37.5200,37.5100,37.5100,2500
1474650524,37.5100,37.5200,37.5100,37.5200,4700
1474650593,37.5035,37.5100,37.5010,37.5030,3600
1474650658,37.5000,37.5161,37.5000,37.5100,4100
1474650715,37.4950,37.5065,37.4950,37.5000,12200
1474650723,37.4986,37.5000,37.4900,37.5000,40700
1474650813,37.4956,37.4990,37.4956,37.4990,3700
1474650891,37.4901,37.4950,37.4900,37.4950,10700
1474650936,37.5000,37.5061,37.4950,37.5000,29600
1474650960,37.4950,37.4950,37.4938,37.4950,800
1474651059,37.4999,37.4999,37.4900,37.4900,900
1474651136,37.5000,37.5000,37.4950,37.4950,2800
1474651145,37.4900,37.5000,37.4900,37.5000,3600
1474651212,37.5000,37.5000,37.5000,37.5000,4100
1474651260,37.5100,37.5191,37.5060,37.5100,15100
1474651329,37.5000,37.5000,37.4935,37.5000,10700
1474651395,37.5050,37.5050,37.5000,37.5000,17900
1474651440,37.4916,37.5066,37.4901,37.5050,5800
1474651545,37.4950,37.4950,37.4910,37.4910,3600
1474651562,37.5100,37.5100,37.4950,37.5000,4600
1474651631,37.5000,37.5100,37.5000,37.5100,5900
1474651736,37.5010,37.5100,37.5000,37.5001,1900
1474651782,37.5000,37.5100,37.5000,37.5049,1200
1474651857,37.4935,37.5100,37.4935,37.5054,4300
1474651869,37.5000,37.5100,37.4952,37.4952,13800
1474651928,37.5099,37.5099,37.5000,37.5050,2400
1474651987,37.5070,37.5070,37.5000,37.5000,200
1474652098,37.5059,37.5084,37.5001,37.5001,2200
1474652120,37.5065,37.5069,37.5000,37.5000,2400
1474652216,37.5038,37.5099,37.4930,37.5000,7900
1474652244,37.5085,37.5085,37.5000,37.5000,1000
1474652296,37.5050,37.5050,37.5000,37.5031,1700
1474652344,37.4931,37.5000,37.4900,37.5000,11100
1474652462,37.4900,37.5000,37.4900,37.4965,43100
1474652520,37.4900,37.4990,37.4900,37.4900,3800
1474652582,37.4850,37.4901,37.4850,37.4900,9300
1474652649,37.4810,37.4900,37.4810,37.4900,4600
1474652708,37.4800,37.4900,37.4800,37.4900,6500
1474652815,37.4839,37.4839,37.4835,37.4835,400
1474652867,37.4700,37.4800,37.4700,37.4800,35800
1474652880,37.4700,37.4800,37.4700,37.4800,5300
1474652997,37.4601,37.4700,37.4601,37.4639,6600
1474653022,37.4600,37.4677,37.4600,37.4677,32000
1474653111,37.4600,37.4600,37.4450,37.4550,12900
1474653156,37.4600,37.4600,37.4500,37.4500,6300
1474653234,37.4600,37.4600,37.4500,37.4548,16300
1474653287,37.4500,37.4592,37.4450,37.4592,27700
1474653300,37.4463,37.4587,37.4450,37.4500,3600
1474653373,37.4565,37.4565,37.4436,37.4436,6400
1474653422,37.4565,37.4600,37.4510,37.4586,7600
1474653586,37.4400,37.4500,37.4400,37.4500,89300
1474653600,37.4500,37.4500,37.4390,37.4400,7600
1474653671,37.4400,37.4499,37.4400,37.4499,2900
1474653728,37.4400,37.4500,37.4350,37.4400,15500
1474653789,37.4400,37.4550,37.4400,37.4400,13300
1474653896,37.4450,37.4500,37.4450,37.4465,4200
1474653908,37.4465,37.4500,37.4410,37.4500,1000
1474653962,37.4550,37.4550,37.4450,37.4499,8600
1474654079,37.4540,37.4600,37.4500,37.4500,4900
1474654082,37.4632,37.4673,37.4500,37.4500,22000
1474654196,37.4576,37.4672,37.4550,37.4600,26300
1474654253,37.4550,37.4600,37.4500,37.4550,17700
1474654266,37.4500,37.4599,37.4500,37.4550,2500
1474654372,37.4600,37.4600,37.4500,37.4500,6600
1474654380,37.4600,37.4700,37.4600,37.4699,18000
1474654498,37.4676,37.4700,37.4600,37.4600,3000
1474654558,37.4700,37.4700,37.4600,37.4600,14200
1474654566,37.4800,37.4800,37.4700,37.4700,14100
1474654679,37.4700,37.4799,37.4690,37.4750,4600
1474654684,37.4700,37.4700,37.4624,37.4624,1800
1474654745,37.4625,37.4700,37.4600,37.4700,4200
1474654815,37.4700,37.4700,37.4610,37.4610,7000
1474654863,37.4600,37.4700,37.4550,37.4700,8700
1474654978,37.4545,37.4600,37.4533,37.4533,4500
1474654993,37.4574,37.4600,37.4539,37.4577,12100
1474655097,37.4600,37.4600,37.4500,37.4541,3900
1474655100,37.4600,37.4600,37.4501,37.4550,6100
1474655162,37.4600,37.4668,37.4501,37.4600,51200
1474655254,37.4700,37.4700,37.4650,37.4650,13200
1474655281,37.4750,37.4800,37.4650,37.4700,30000
1474655366,37.4700,37.4790,37.4700,37.4700,1600
1474655401,37.4634,37.4750,37.4600,37.4700,10300
1474655473,37.4663,37.4679,37.4650,37.4679,1300
1474655579,37.4700,37.4700,37.4600,37.4600,4000
1474655627,37.4800,37.4800,37.4700,37.4700,8600
1474655647,37.4739,37.4800,37.4739,37.4799,5000
1474655704,37.4736,37.4777,37.4701,37.4777,2100
1474655817,37.4799,37.4799,37.4707,37.4707,4400
1474655824,37.4800,37.4800,37.4650,37.4764,116100
1474655880,37.4766,37.4766,37.4700,37.4740,1100
1474655989,37.4700,37.4800,37.4700,37.4731,6000
1474656056,37.4636,37.4700,37.4635,37.4636,1600
1474656110,37.4600,37.4699,37.4600,37.4650,1300
1474656122,37.4500,37.4643,37.4500,37.4643,3500
1474656182,37.4550,37.4600,37.4550,37.4600,13300
1474656240,37.4600,37.4611,37.4501,37.4501,3100
1474656351,37.4652,37.4700,37.4600,37.4600,17800
1474656362,37.4700,37.4700,37.4642,37.4650,7100
1474656478,37.4650,37.4700,37.4650,37.4700,22200
1474656539,37.4600,37.4700,37.4600,37.4650,26000
1474656593,37.4700,37.4700,37.4641,37.4641,2800
1474656612,37.4650,37.4700,37.4638,37.4700,21400
1474656719,37.4700,37.4800,37.4600,37.4699,50700
1474656720,37.4700,37.4700,37.4633,37.4700,14000
1474656780,37.4735,37.4765,37.4635,37.4640,16500
1474656896,37.4750,37.4790,37.4700,37.4735,3800
1474656958,37.4800,37.4800,37.4700,37.4750,2900
1474656993,37.4800,37.4800,37.4750,37.4766,36400
1474657034,37.4800,37.4800,37.4800,37.4800,400
1474657139,37.4775,37.4799,37.4700,37.4749,4500
1474657140,37.4748,37.4800,37.4700,37.4700,11900
1474657214,37.4750,37.4750,37.4750,37.4750,100
1474657316,37.4735,37.4800,37.4701,37.4706,6500
1474657327,37.4735,37.4779,37.4700,37.4703,8400
1474657384,37.4700,37.4800,37.4700,37.4701,3500
1474657496,37.4750,37.4800,37.4750,37.4764,2000
1474657559,37.4899,37.4899,37.4700,37.4714,20300
1474657604,37.4850,37.4900,37.4800,37.4850,13700
1474657623,37.4900,37.5000,37.4850,37.4861,28000
1474657685,37.4910,37.4999,37.4910,37.4952,2000
1474657796,37.4882,37.4990,37.4850,37.4936,13800
1474657823,37.4867,37.4900,37.4800,37.4900,9900
1474657865,37.4848,37.4899,37.4800,37.4864,6300
1474657975,37.4750,37.4894,37.4750,37.4800,27900
1474658018,37.4761,37.4800,37.4750,37.4800,1200
1474658045,37.4720,37.4766,37.4720,37.4755,2100
1474658158,37.4750,37.4800,37.4750,37.4750,2100
1474658212,37.4604,37.4700,37.4601,37.4700,15700
1474658276,37.4648,37.4700,37.4648,37.4650,5000
1474658283,37.4700,37.4700,37.4636,37.4700,7600
1474658351,37.4700,37.4700,37.4550,37.4650,37200
1474658452,37.4650,37.4700,37.4620,37.4640,10500
1474658515,37.4535,37.4700,37.4535,37.4658,30300
1474658523,37.4699,37.4699,37.4600,37.4600,14500
1474658589,37.4700,37.4700,37.4634,37.4650,5300
1474658642,37.4635,37.4650,37.4635,37.4650,900
1474658700,37.4700,37.4700,37.4650,37.4650,11100
1474658760,37.4750,37.4750,37.4650,37.4700,8000
1474658823,37.4750,37.4790,37.4650,37.4700,49800
1474658900,37.4800,37.4800,37.4736,37.4736,21200
1474658942,37.4900,37.4999,37.4800,37.4800,28500
1474659057,37.5000,37.5000,37.4950,37.4950,300
1474659119,37.5078,37.5100,37.4900,37.4950,18200
1474659120,37.5024,37.5100,37.5015,37.5050,10900
1474659182,37.5000,37.5100,37.5000,37.5100,31300
1474659257,37.5000,37.5050,37.4910,37.4910,143200
1474659308,37.4950,37.5100,37.4950,37.5100,10800
1474659360,37.4900,37.4950,37.4850,37.4950,7400
1474659469,37.4700,37.4850,37.4600,37.4850,7400
1474659536,37.4700,37.4799,37.4650,37.4700,5100
1474659597,37.4665,37.4782,37.4610,37.4700,8600
1474659600,37.4600,37.4690,37.4600,37.4665,10100
1474659718,37.4700,37.4700,37.4600,37.4650,10600
1474659740,37.4700,37.4700,37.4600,37.4700,2100
1474659836,37.4700,37.4700,37.4676,37.4700,16600
1474659896,37.4655,37.4700,37.4633,37.4650,10000
1474659956,37.4700,37.4700,37.4638,37.4650,11500
1474659960,37.4615,37.4700,37.4615,37.4700,11100
1474660078,37.4550,37.4700,37.4550,37.4650,9600
1474660131,37.4600,37.4700,37.4550,37.4550,12000
1474660199,37.4600,37.4650,37.4500,37.4610,17300
1474660200,37.4550,37.4650,37.4510,37.4600,16400
1474660267,37.4650,37.4699,37.4600,37.4600,900
1474660320,37.4750,37.4800,37.4700,37.4700,13400
1474660387,37.4850,37.4850,37.4800,37.4800,25000
1474660494,37.4750,37.4900,37.4750,37.4800,14200
1474660500,37.4700,37.4775,37.4650,37.4750,22400
1474660619,37.4650,37.4700,37.4610,37.4700,6400
1474660634,37.4600,37.4700,37.4600,37.4650,11800
1474660681,37.4550,37.4700,37.4550,37.4700,38100
1474660799,37.4400,37.4600,37.4400,37.4550,95400
1474660800,37.4400,37.4400,37.4400,37.4400,7700
