uri:/instrument/1.0/ULTA/chartdata;type=quote;range=1d/csv
ticker:ulta
Company-Name:Ulta Salon, Cosmetics & Fragran
Exchange-Name:NMS
unit:MIN
timezone:EDT
currency:USD
gmtoffset:-14400
previous_close:233.2000
Timestamp:1474464600,1474488000
labels:1474466400,1474470000,1474473600,1474477200,1474480800,1474484400,1474488000
values:Timestamp,close,high,low,open,volume
close:234.3000,240.2200
high:234.3258,240.2600
low:234.3000,240.0900
open:234.3258,240.2500
volume:100,43600
1474464634,234.9500,235.0100,234.9500,235.0100,12200
1474464692,234.9500,234.9600,234.7750,234.7750,1200
1474464724,234.6200,235.1149,234.6200,234.8900,2600
1474464780,235.7400,235.7400,234.7900,234.7900,2900
1474464923,235.7200,235.7200,235.6152,235.6152,500
1474464979,235.5400,235.7000,235.3500,235.7000,500
1474465036,235.2000,235.5600,235.2000,235.3100,2500
1474465128,235.5400,235.5400,235.2100,235.2200,500
1474465240,235.3600,235.3800,234.9400,235.0700,2100
1474465260,235.5500,235.6350,235.4400,235.4460,3800
1474465325,235.9699,235.9700,235.5510,235.6200,3400
1474465389,235.4674,235.9086,235.4674,235.9086,1700
1474465497,235.5000,235.5000,235.4100,235.4150,400
1474465500,235.5100,235.8600,235.3950,235.4100,5500
1474465617,235.4900,235.4900,235.4900,235.4900,100
1474465641,235.8800,235.8800,235.3550,235.3550,4300
1474465713,235.4700,235.8400,235.4700,235.8400,200
1474465754,235.7900,235.7900,235.7900,235.7900,100
1474465817,235.7500,235.7500,235.7000,235.7000,300
1474465862,235.9900,236.0700,235.7691,235.7691,3300
1474465933,235.9195,236.0000,235.8600,235.8699,600
1474465980,236.5900,236.5900,235.7700,235.7700,4800
1474466097,236.1600,236.4501,236.1300,236.4501,3300
1474466100,236.3200,236.4200,236.0800,236.3200,6200
1474466219,236.3750,236.8400,236.3750,236.5300,6400
1474466220,236.5100,236.7200,236.4700,236.4700,600
1474466300,236.6400,236.6400,236.5100,236.5100,800
1474466369,236.8200,236.8400,236.5800,236.6300,2000
1474466405,236.8400,236.8400,236.6300,236.8180,2100
1474466460,236.8300,236.8900,236.7000,236.8200,2700
1474466520,236.9000,236.9000,236.6100,236.8200,6100
1474466581,237.0000,237.0000,236.8500,236.9000,1200
1474466651,237.1400,237.1900,236.9800,237.0500,2100
1474466709,237.4426,237.6200,237.1104,237.2200,7200
1474466809,237.1800,237.7500,237.1800,237.4677,4700
1474466820,237.0400,237.3190,237.0400,237.1400,2400
1474466903,236.8500,237.0400,236.8500,237.0400,900
1474466963,236.9000,237.0800,236.8900,236.8900,500
1474467041,237.0700,237.0700,236.9100,237.0000,400
1474467114,237.2100,237.2100,237.0400,237.0400,2000
1474467124,237.3000,237.3000,237.2100,237.2200,700
1474467189,237.3000,237.3000,237.2300,237.2900,1300
1474467251,237.0500,237.4100,237.0500,237.4100,2600
1474467324,237.0240,237.0500,237.0240,237.0500,600
1474467402,236.9700,237.0100,236.9200,236.9800,12600
1474467421,237.1300,237.1300,236.9350,236.9350,1100
1474467480,237.1400,237.2800,237.0800,237.1400,1000
1474467582,237.1900,237.1900,237.0300,237.0300,600
1474467636,237.1700,237.1700,237.1680,237.1680,400
1474467672,237.0600,237.1100,237.0600,237.1100,400
1474467770,237.0050,237.0050,236.8900,236.8900,500
1474467829,236.7100,236.9000,236.7100,236.8827,2300
1474467841,236.8500,236.8500,236.8500,236.8500,100
1474467906,236.8000,236.8000,236.6500,236.7400,2600
1474467972,236.6800,236.6800,236.6800,236.6800,100
1474468083,236.6900,236.7350,236.6300,236.6353,1800
1474468148,236.6500,236.7300,236.6000,236.7300,1100
1474468201,236.5800,236.7448,236.5800,236.7448,2000
1474468280,236.5300,236.6600,236.4500,236.6500,4700
1474468330,236.5500,236.5500,236.4500,236.4500,1200
1474468413,236.4300,236.5000,236.4300,236.5000,500
1474468451,236.5100,236.5400,236.4800,236.4800,1000
1474468515,236.5100,236.6500,236.5100,236.5800,1400
1474468614,236.6500,236.6500,236.4800,236.4800,1100
1474468620,236.4858,236.7000,236.4858,236.6500,1100
1474468688,236.4800,236.4800,236.4800,236.4800,300
1474468763,236.5100,236.5100,236.4700,236.4700,400
1474468868,236.2200,236.5000,236.2200,236.5000,1900
1474468982,236.4200,236.4200,236.2100,236.2600,3000
1474469043,236.4100,236.4100,236.4075,236.4075,1000
1474469124,236.3400,236.4500,236.3400,236.3900,500
1474469169,236.1600,236.3790,236.1600,236.3200,1900
1474469284,236.2757,236.4000,236.2600,236.2600,1800
1474469394,236.2000,236.3200,236.1600,236.3200,1500
1474469407,236.2450,236.2450,236.2450,236.2450,200
1474469523,236.2300,236.2300,236.2300,236.2300,600
1474469657,236.1116,236.2500,236.1116,236.2500,3500
1474469732,236.0300,236.0300,236.0300,236.0300,300
1474469786,235.9100,235.9596,235.9100,235.9596,1000
1474469829,235.9800,235.9800,235.8500,235.9400,2400
1474469887,235.9150,235.9454,235.9000,235.9001,900
1474469993,235.9800,235.9800,235.9800,235.9800,200
1474470005,235.8600,236.0600,235.8600,236.0200,2900
1474470062,235.8300,235.8900,235.7500,235.8500,3700
1474470122,235.8750,236.0700,235.8700,235.9000,3700
1474470233,235.7000,235.8000,235.6400,235.8000,2000
1474470249,235.7000,235.8300,235.7000,235.8000,1800
1474470307,235.9330,235.9330,235.7200,235.7200,3900
1474470416,235.7900,235.9100,235.7000,235.8000,3100
1474470422,235.8500,235.8500,235.7200,235.7200,1100
1474470492,235.8400,235.9000,235.7800,235.7800,300
1474470584,235.6350,235.7800,235.6350,235.7800,1800
1474470601,235.6100,235.6500,235.6100,235.6500,400
1474470697,235.8100,235.8100,235.8100,235.8100,100
1474470774,235.8150,235.8150,235.8150,235.8150,200
1474470811,235.7300,235.7300,235.7300,235.7300,100
1474470880,235.8340,235.8340,235.8340,235.8340,100
1474470937,235.8100,235.8800,235.8100,235.8800,400
1474471061,235.8100,235.8100,235.7500,235.8000,6400
1474471090,235.8400,235.8400,235.7750,235.7750,1000
1474471144,235.8600,235.9300,235.7966,235.7966,2000
1474471201,235.8900,235.8900,235.8500,235.8500,500
1474471275,235.9200,235.9200,235.9200,235.9200,300
1474471434,235.9700,236.0028,235.9700,236.0028,700
1474471474,235.9300,235.9832,235.9300,235.9832,900
1474471544,236.0000,236.0000,235.9000,235.9750,3000
1474471584,236.0500,236.0500,236.0200,236.0200,700
1474471651,236.2500,236.2500,236.1819,236.1819,1100
1474471680,236.0010,236.1000,236.0010,236.1000,2300
1474471833,236.1400,236.1400,236.1400,236.1400,500
1474471860,235.9960,236.1250,235.9960,236.0700,2000
1474471935,235.8500,236.0200,235.8500,235.9900,1400
1474471989,235.8500,235.8600,235.8500,235.8600,600
1474472046,235.7700,235.8363,235.6700,235.8363,2600
1474472174,235.8900,235.8900,235.8900,235.8900,200
1474472225,235.9050,235.9700,235.9050,235.9200,1000
1474472284,236.0580,236.0580,235.9500,235.9500,1200
1474472346,236.1150,236.1150,236.0700,236.0700,800
1474472553,236.0500,236.1400,236.0400,236.0900,900
1474472580,236.0200,236.0600,235.9400,236.0400,1400
1474472697,235.9373,235.9373,235.9373,235.9373,100
1474472756,235.9600,235.9600,235.8800,235.8800,300
1474472814,235.6590,235.9000,235.5000,235.9000,13200
1474472832,235.5500,235.6000,235.5500,235.6000,200
1474472933,235.7400,235.7400,235.6075,235.6075,3600
1474472961,235.7400,235.7400,235.7000,235.7000,500
1474473042,235.6100,235.7434,235.6100,235.7200,2300
1474473067,235.6700,235.7000,235.6050,235.6050,1100
1474473184,235.5850,235.7200,235.5850,235.7100,1600
1474473253,235.3100,235.5000,235.3100,235.5000,2800
1474473309,235.2200,235.2200,235.1900,235.2200,1400
1474473378,235.3000,235.3600,235.2800,235.2800,500
1474473474,235.2700,235.2700,235.2700,235.2700,500
1474473530,235.3300,235.4100,235.3300,235.3900,600
1474473577,235.2972,235.2972,235.2800,235.2800,1500
1474473635,235.2604,235.3000,235.2500,235.2600,1500
1474473722,235.1800,235.3250,235.1800,235.3250,300
1474473806,235.2500,235.2500,235.1800,235.1800,600
1474473897,235.1300,235.2500,235.1300,235.2500,4500
1474473902,235.1000,235.1000,235.0300,235.0300,2500
1474473989,235.0500,235.0500,235.0500,235.0500,400
1474474067,235.0000,235.0400,234.9800,235.0000,4000
1474474080,234.9600,235.0200,234.9200,235.0200,1300
1474474172,234.9500,235.0200,234.9400,234.9400,2300
1474474224,234.8830,234.8830,234.8830,234.8830,100
1474474313,235.0281,235.0700,234.9500,234.9500,3000
1474474376,234.9100,234.9300,234.9000,234.9300,1700
1474474500,234.8600,234.8800,234.8600,234.8800,800
1474474570,234.4800,234.5900,234.4400,234.5400,1400
1474474658,234.6850,234.6850,234.5843,234.5843,1100
1474474685,234.5100,234.7000,234.5100,234.7000,1000
1474474800,234.5462,234.5700,234.4750,234.5100,1000
1474474948,234.5500,234.5500,234.5000,234.5000,300
1474475061,234.5500,234.6100,234.5500,234.5550,900
1474475122,234.5400,234.5500,234.4500,234.4900,400
1474475216,234.4600,234.4600,234.4600,234.4600,1000
1474475222,234.4600,234.4600,234.4100,234.4590,2000
1474475488,234.5500,234.5500,234.4800,234.4800,1800
1474475570,234.5700,234.5700,234.5700,234.5700,200
1474475585,234.5000,234.5000,234.4200,234.5000,1100
1474475689,234.4750,234.4750,234.4200,234.4200,900
1474475733,234.4300,234.4700,234.4300,234.4700,700
1474475763,234.3000,234.3600,234.3000,234.3600,1100
1474475835,234.3700,234.3700,234.3600,234.3700,700
1474475976,234.3500,234.3500,234.3500,234.3500,700
1474476106,234.3258,234.3258,234.3258,234.3258,100
1474476266,234.5000,234.5000,234.4000,234.4000,900
1474476345,234.5000,234.5000,234.5000,234.5000,300
1474476360,234.5800,234.5800,234.5520,234.5520,400
1474476425,234.6200,234.7000,234.6200,234.6700,1000
1474476572,234.7190,234.7190,234.5800,234.5800,700
1474476722,234.8100,234.8100,234.7600,234.7600,700
1474476927,234.9200,234.9200,234.8700,234.8800,900
1474477069,234.9400,235.0600,234.9400,235.0000,800
1474477121,235.0850,235.1100,235.0050,235.0050,1300
1474477140,235.0600,235.0900,235.0400,235.0900,500
1474477225,235.1900,235.2150,235.1900,235.1950,500
1474477346,235.1000,235.1800,235.1000,235.1800,1300
1474477386,235.1200,235.2190,235.1200,235.2190,1100
1474477461,235.2100,235.2100,235.1900,235.1900,900
1474477503,235.1500,235.1700,235.1500,235.1700,700
1474477607,234.9500,235.0900,234.9500,235.0800,2700
1474477632,234.8100,234.8700,234.8100,234.8700,300
1474477691,234.8100,234.8300,234.7654,234.7654,1300
1474477764,234.8720,234.8720,234.8300,234.8300,300
1474477821,234.7800,234.8300,234.7800,234.8200,1300
1474477949,234.8500,234.8600,234.8300,234.8500,1100
1474478133,234.7500,234.8900,234.7500,234.8900,4200
1474478175,234.8600,234.8600,234.8600,234.8600,200
1474478258,234.8600,234.8700,234.8600,234.8700,200
1474478299,234.8900,234.8900,234.8100,234.8100,4500
1474478370,234.8490,234.9000,234.8490,234.9000,500
1474478423,234.7900,234.8700,234.7900,234.8700,900
1474478474,234.7800,234.7800,234.7800,234.7800,200
1474478559,234.8500,234.8500,234.8400,234.8400,700
1474478729,234.9100,234.9100,234.8300,234.8300,1000
1474478765,234.9600,234.9600,234.8400,234.8400,300
1474478840,235.1700,235.1700,235.0500,235.0500,700
1474478880,235.1700,235.1700,235.1700,235.1700,100
1474478991,235.0500,235.2650,234.9050,235.1600,2000
1474479000,235.0600,235.0600,235.0000,235.0500,2700
1474479110,235.1000,235.1000,235.1000,235.1000,200
1474479126,235.1400,235.1400,235.0400,235.1300,900
1474479215,235.1900,235.2400,235.1900,235.1900,300
1474479401,235.2500,235.2500,235.2300,235.2500,600
1474479479,235.2500,235.3100,235.2200,235.2500,2700
1474479480,235.3200,235.3300,235.3200,235.3300,900
1474479565,235.2500,235.2500,235.2400,235.2400,200
1474479625,235.0900,235.1300,235.0900,235.1300,500
1474479717,234.8700,235.1100,234.8700,234.9800,1200
1474479779,234.9900,234.9900,234.8600,234.8600,700
1474479839,234.7900,235.0900,234.7500,235.0100,6600
1474479879,234.8300,234.9600,234.7800,234.8100,1000
1474479903,234.8100,234.8200,234.8100,234.8200,500
1474479990,234.9500,234.9500,234.9400,234.9400,200
1474480021,234.9200,235.0400,234.8800,234.8800,1100
1474480100,235.1600,235.1600,234.9500,234.9500,400
1474480183,235.0400,235.0400,235.0200,235.0400,1300
1474480219,235.1400,235.1400,235.0000,235.0000,1000
1474480313,235.1500,235.1500,235.1400,235.1400,700
1474480322,235.0800,235.1500,235.0800,235.1500,1700
1474480421,235.1200,235.1500,235.0800,235.1500,1400
1474480442,235.1690,235.1690,235.0900,235.0900,300
1474480533,235.0700,235.0700,235.0700,235.0700,100
1474480596,235.3800,235.3800,235.1500,235.1500,2200
1474480641,235.4450,235.4750,235.1800,235.2550,7800
1474480721,235.3800,235.5900,235.3400,235.4500,5700
1474480741,236.4900,236.4900,235.3910,235.5300,8800
1474480806,236.2500,236.2600,236.0700,236.2200,900
1474480864,236.4750,236.6613,236.2600,236.3516,8600
1474480933,236.4200,236.4900,235.9500,236.4054,3000
1474480984,236.0200,236.3600,235.8600,236.2700,4400
1474481081,236.2800,236.2800,236.2800,236.2800,300
1474481159,236.0600,236.3100,236.0600,236.3100,800
1474481170,236.3800,236.4900,236.2800,236.2900,1200
1474481247,236.1300,236.2600,236.0800,236.2400,1800
1474481280,236.2900,236.4900,236.0500,236.0500,2700
1474481370,236.2699,236.3900,236.2100,236.2900,900
1474481400,236.5200,236.5200,236.1400,236.1500,3700
1474481462,236.8000,236.8600,236.5200,236.5200,2500
1474481541,236.8475,236.9500,236.8475,236.9300,700
1474481628,236.9000,236.9700,236.7200,236.8150,5700
1474481640,236.7900,236.9300,236.5600,236.8550,7000
1474481757,236.7900,236.9560,236.6900,236.8000,5300
1474481815,236.8900,236.9000,236.7450,236.8100,2900
1474481820,236.5000,236.8750,236.5000,236.6400,7000
1474481882,236.5700,236.6300,236.4200,236.5600,8200
1474481999,236.7000,236.8400,236.5400,236.5900,5100
1474482010,236.6600,236.6900,236.6600,236.6800,1500
1474482077,236.6300,236.7300,236.5750,236.6040,3200
1474482177,236.8100,236.8600,236.5100,236.6500,6600
1474482237,237.0800,237.0800,236.7500,236.7500,5600
1474482243,236.4500,237.0000,236.4400,237.0000,6900
1474482300,236.4100,236.6493,236.4100,236.4500,1500
1474482373,236.3200,236.4800,236.3200,236.4800,300
1474482462,236.0800,236.0800,236.0800,236.0800,200
1474482484,236.1300,236.1800,235.9500,236.0200,5300
1474482554,236.1000,236.1500,236.0500,236.1500,900
1474482601,235.9500,236.0800,235.9200,235.9500,1500
1474482674,236.0850,236.2500,236.0200,236.0700,2700
1474482730,236.1300,236.1300,235.8500,235.9500,800
1474482802,236.3000,236.3300,236.0900,236.3300,900
1474482943,236.7600,236.7600,236.5500,236.5600,800
1474482962,236.9200,236.9200,236.5600,236.6900,4200
1474483025,236.9400,236.9400,236.7500,236.8800,1200
1474483139,236.9000,236.9100,236.6800,236.7600,3900
1474483143,236.9500,236.9500,236.8900,236.8900,300
1474483215,237.0400,237.2000,236.8600,237.0050,4100
1474483315,237.2700,237.2700,237.1100,237.1200,2300
1474483378,237.4800,237.4800,237.1700,237.2300,10200
1474483435,237.3600,237.5500,237.3100,237.5000,2600
1474483446,237.4600,237.5300,237.3000,237.3500,900
1474483509,237.5000,237.5000,237.3300,237.4400,1100
1474483561,237.5600,237.6599,237.4330,237.4330,2700
1474483667,237.3000,237.4700,237.3000,237.4100,1500
1474483739,237.4200,237.4300,237.1700,237.2800,6300
1474483782,237.5000,237.5200,237.3700,237.4000,8000
1474483802,237.4600,237.5000,237.4300,237.5000,7000
1474483865,237.5400,237.5400,237.4700,237.4700,2800
1474483937,237.6800,237.6800,237.5830,237.5830,1000
1474484038,237.7500,237.7900,237.6400,237.7100,4300
1474484042,237.9400,238.0500,237.7400,237.7400,9500
1474484102,238.0350,238.1200,237.9900,237.9900,3900
1474484170,238.1200,238.1200,237.9700,238.0060,5600
1474484277,238.4300,238.4300,238.2000,238.2000,3700
1474484282,238.6000,238.6700,238.3200,238.3500,10300
1474484345,238.6890,238.7000,238.6100,238.6700,3400
1474484403,238.5000,238.6790,238.4400,238.5600,11700
1474484461,238.5200,238.6700,238.3816,238.5050,5900
1474484528,238.3250,238.5050,238.3250,238.5050,11300
1474484585,238.6185,238.6500,238.3941,238.4300,10700
1474484650,238.7200,238.9900,238.6900,238.6900,7600
1474484700,239.0200,239.1600,238.8590,238.8590,8000
1474484769,239.1100,239.1100,239.0700,239.0700,1100
1474484868,239.0100,239.1400,239.0100,239.1000,3100
1474484883,238.8700,239.0800,238.8300,239.0200,3600
1474484941,238.9200,238.9200,238.4800,238.8700,3800
1474485000,238.7200,238.8700,238.6300,238.8600,1600
1474485114,238.8000,238.8300,238.6700,238.7500,3700
1474485123,238.7550,238.8300,238.7100,238.8000,2100
1474485184,238.9500,238.9800,238.6900,238.6900,7900
1474485244,238.9600,238.9600,238.9000,238.9500,1200
1474485304,239.0600,239.0600,238.9600,238.9600,800
1474485407,239.1700,239.1700,239.0000,239.0000,2300
1474485423,239.1400,239.2800,239.0900,239.1250,5300
1474485482,239.0500,239.1500,239.0000,239.0950,3700
1474485558,239.2400,239.2500,239.0970,239.0970,5900
1474485600,239.4300,239.4300,239.1050,239.1350,5400
1474485711,239.1952,239.4200,239.1952,239.2800,2300
1474485776,239.4500,239.4500,239.0800,239.1200,2200
1474485834,240.1300,240.1300,239.2600,239.2900,43600
1474485843,240.0000,240.0800,239.8000,239.9100,12100
1474485902,239.9500,240.0900,239.9000,240.0400,8200
1474485963,239.8800,240.0800,239.7700,239.9500,8500
1474486066,239.7550,239.8800,239.7000,239.7300,3400
1474486082,239.9000,239.9000,239.6501,239.8100,5100
1474486142,239.8500,239.9200,239.7558,239.8250,7500
1474486201,239.8300,240.0000,239.8000,239.8800,12000
1474486315,239.7500,239.8600,239.6100,239.7600,3900
1474486324,239.7650,239.8700,239.6600,239.7750,6600
1474486381,239.9600,239.9600,239.8300,239.8300,1800
1474486456,239.9100,240.1300,239.8700,239.8700,12800
1474486559,239.9100,240.0200,239.8500,239.8650,4700
1474486617,239.7600,240.0200,239.7300,239.9000,11100
1474486621,239.7900,239.9200,239.6350,239.6700,14100
1474486727,239.6800,239.8000,239.5900,239.7600,4400
1474486799,239.7600,239.8400,239.6500,239.6600,5000
1474486859,239.9900,239.9900,239.7300,239.8000,5900
1474486861,239.8950,239.9900,239.8400,239.9700,6100
1474486928,239.9900,239.9900,239.8455,239.8850,3500
1474486985,240.0700,240.1700,239.9800,239.9937,7500
1474487051,240.2200,240.2200,240.0775,240.0850,5900
1474487101,240.0900,240.2600,240.0900,240.2500,6800
1474487219,240.0200,240.1450,240.0000,240.1200,6200
1474487220,240.1500,240.1850,240.0300,240.0300,6100
1474487288,240.0500,240.1850,240.0300,240.1775,10800
1474487397,239.8500,240.1200,239.8500,240.0600,9600
1474487459,239.9400,240.0000,239.9300,239.9300,5000
1474487460,239.9300,239.9500,239.9100,239.9400,6500
1474487520,239.8600,239.9300,239.8300,239.9200,7300
1474487638,239.7700,239.8200,239.6500,239.8200,11500
1474487697,239.5919,239.7500,239.5800,239.7500,12100
1474487759,239.7042,239.7800,239.5700,239.5800,13600
1474487761,239.7000,239.7600,239.6500,239.6900,12900
1474487823,239.7700,239.8400,239.5700,239.6700,13500
1474487880,239.8700,239.9000,239.7100,239.7900,10400
1474487940,239.7100,239.9200,239.6900,239.8800,19200
1474488000,239.7400,239.7400,239.7400,239.7400,29700
