uri:/instrument/1.0/CMG/chartdata;type=quote;range=1d/csv
ticker:cmg
Company-Name:Chipotle Mexican Grill, Inc. Co
Exchange-Name:NYQ
unit:MIN
timezone:EDT
currency:USD
gmtoffset:-14400
previous_close:409.3200
Timestamp:1474291800,1474315200
labels:1474293600,1474297200,1474300800,1474304400,1474308000,1474311600,1474315200
values:Timestamp,close,high,low,open,volume
close:401.6200,410.0100
high:401.7200,410.6558
low:401.3200,410.0000
open:401.5800,410.2100
volume:100,91400
1474291861,410.0100,410.0100,410.0000,410.0000,12400
1474291978,409.5200,410.6558,409.5200,410.2100,3200
1474291980,409.5650,409.8850,409.5650,409.8850,1400
1474292041,409.8876,410.0000,409.4100,409.8200,4300
1474292150,409.6650,409.9900,409.6600,409.8800,1300
1474292208,409.3250,409.6400,409.1400,409.6150,9200
1474292269,409.0150,409.3150,408.8500,409.3150,5200
1474292287,408.0100,408.5000,408.0100,408.0500,4800
1474292399,407.1600,407.8600,406.9400,407.4850,3200
1474292401,406.1100,407.4300,406.1100,407.2000,8200
1474292460,405.6894,406.4900,405.1400,406.3200,14000
1474292522,405.4000,405.6525,405.0400,405.2950,15800
1474292587,404.7800,405.4500,404.7800,405.4100,11200
1474292691,404.7900,404.7900,404.2800,404.6400,4500
1474292711,405.8300,405.8300,404.2600,404.8000,20900
1474292767,405.0100,405.7500,405.0000,405.6150,5700
1474292833,405.2700,405.2700,404.7933,404.9250,3100
1474292905,405.1500,405.1500,405.1000,405.1000,300
1474292945,405.3339,405.3390,404.7900,405.1600,5400
1474293011,405.0900,405.0900,404.9600,404.9600,1900
1474293119,405.6300,405.6400,405.3344,405.3800,4400
1474293121,405.9900,406.0000,405.5000,405.7100,5200
1474293245,405.7500,406.1800,405.7500,405.8060,1400
1474293302,406.1550,406.2000,405.5100,405.8500,4600
1474293389,405.9100,406.2600,405.8500,405.8500,4200
1474293422,406.1900,406.1900,405.6216,405.9500,10100
1474293488,406.3600,406.7300,406.2400,406.3300,8500
1474293570,405.7200,406.3700,405.7200,406.3700,3900
1474293603,405.8200,406.3500,405.8100,406.0450,3600
1474293661,405.8100,405.8100,405.3500,405.7100,11400
1474293720,405.8400,405.8400,405.4100,405.5295,2800
1474293825,405.3300,405.4600,405.2300,405.4600,1600
1474293844,405.0300,405.3254,404.9000,405.3254,3700
1474293904,405.3250,405.3250,404.8500,404.9900,4300
1474293977,405.3450,405.3450,405.2000,405.2700,900
1474294023,405.6750,405.9600,405.5000,405.5000,4500
1474294094,405.5150,405.6800,405.5150,405.6800,1000
1474294143,405.6025,405.9000,405.5900,405.6000,3200
1474294215,405.6000,405.7350,405.6000,405.7350,2500
1474294281,405.5000,405.6890,405.3200,405.4900,800
1474294325,405.1700,405.3700,405.1700,405.3470,3600
1474294382,405.1600,405.3000,405.1600,405.1600,900
1474294499,405.2200,405.3244,405.0000,405.3200,8400
1474294516,405.5000,405.6100,405.3800,405.3800,6500
1474294579,405.0800,405.3800,404.9100,405.0400,2400
1474294623,405.5400,405.5400,405.2900,405.3000,5300
1474294747,405.5200,405.5200,405.5200,405.5200,100
1474294802,405.8600,406.2000,405.6600,405.7100,5700
1474294891,405.6700,405.6700,405.6700,405.6700,600
1474294986,405.7200,405.8200,405.5700,405.5700,3100
1474295103,405.7000,405.7000,405.5200,405.5200,900
1474295166,405.9484,405.9484,405.6200,405.6500,1700
1474295228,406.0583,406.3100,405.7700,405.8100,3000
1474295310,405.9501,406.0400,405.9501,406.0001,500
1474295373,406.0350,406.0350,405.8700,405.8700,1200
1474295433,406.4467,406.4650,406.2000,406.2000,2200
1474295471,406.5970,406.5970,406.5583,406.5583,12400
1474295522,406.5420,406.6550,406.2700,406.5191,3100
1474295600,406.6800,406.9300,406.4625,406.4625,2200
1474295654,406.3700,406.9400,406.0001,406.9400,16500
1474295715,406.0900,406.5107,406.0900,406.3800,2900
1474295795,406.2076,406.2076,406.2076,406.2076,4600
1474295862,406.2600,406.2600,406.1300,406.1700,1200
1474295880,406.4633,406.4900,406.2900,406.3000,5300
1474295941,406.8083,406.8083,406.0605,406.5200,4000
1474296001,407.0100,407.0100,406.7200,406.8500,3900
1474296078,407.2830,407.3060,407.0310,407.0310,2100
1474296123,407.3200,407.4800,407.2825,407.2825,4200
1474296184,407.0700,407.2000,407.0700,407.2000,1700
1474296241,407.1500,407.2100,407.1100,407.2000,4000
1474296316,406.6200,406.6200,406.6200,406.6200,100
1474296364,406.5800,406.7500,406.1100,406.7500,2400
1474296425,406.5133,406.6800,406.3500,406.3500,2600
1474296484,406.6600,406.6600,406.6500,406.6500,500
1474296548,406.7317,406.7317,406.6080,406.6080,600
1474296628,406.8583,406.8583,406.3900,406.5900,1600
1474296712,406.7900,406.7900,406.2000,406.2000,1800
1474296730,406.5900,406.5901,406.5900,406.5901,800
1474296820,406.5600,406.7000,406.3800,406.3800,2100
1474296841,406.4900,406.5400,406.2900,406.5400,1300
1474296930,406.3100,406.3220,406.2200,406.2200,700
1474296965,405.8500,406.1500,405.8500,406.1500,1300
1474297023,406.2300,406.2300,406.2300,406.2300,1600
1474297148,405.5800,405.6600,405.5800,405.6050,1400
1474297311,405.4510,405.7000,405.4100,405.6900,2400
1474297376,405.6400,405.7200,405.4900,405.4950,5200
1474297437,405.5200,405.7200,405.2200,405.6000,6700
1474297447,405.5200,405.6583,405.4800,405.5210,1900
1474297510,405.5100,405.8000,405.5100,405.6100,1400
1474297568,405.8980,406.1200,405.6999,405.7000,3700
1474297673,406.0600,406.0600,405.8000,405.8000,1500
1474297737,406.1068,406.3700,405.9300,406.2550,3500
1474297741,405.7667,406.1600,405.7500,405.9020,3200
1474297847,405.6300,405.9100,405.6250,405.8100,1800
1474297873,405.5700,405.5700,405.5700,405.5700,500
1474297977,405.7433,405.8100,405.6300,405.7833,3200
1474298027,405.5265,405.6250,405.4900,405.5400,3100
1474298041,405.5400,405.8800,405.4850,405.4850,2400
1474298114,405.9200,405.9200,405.7224,405.7224,600
1474298228,406.1800,406.1817,405.9500,405.9500,1400
1474298339,406.1500,406.3900,406.0300,406.3700,6300
1474298350,405.8750,406.1428,405.8750,406.0000,2000
1474298453,405.8869,405.8869,405.8200,405.8200,800
1474298469,405.7183,405.8000,405.7183,405.7600,1100
1474298558,405.7000,405.7000,405.7000,405.7000,1300
1474298594,405.7017,405.7017,405.5300,405.5300,1300
1474298656,405.6350,405.8500,405.5750,405.5750,2000
1474298750,405.7583,405.8600,405.6200,405.6200,3200
1474298771,406.1200,406.1200,405.8405,405.8900,2900
1474298820,405.7697,406.2550,405.6050,406.2550,3800
1474298930,405.5667,405.6350,405.4900,405.6350,800
1474298990,405.5512,405.7200,405.4150,405.5600,20900
1474299012,405.4900,405.4900,405.3600,405.4900,1300
1474299110,405.6300,405.6300,405.4750,405.6300,1000
1474299137,405.1800,405.4740,405.1800,405.4700,2000
1474299192,405.2200,405.3200,405.1087,405.1200,2000
1474299282,405.9900,405.9900,405.4000,405.4000,2100
1474299313,405.7783,405.9600,405.7750,405.7750,1300
1474299415,405.9000,406.0533,405.9000,406.0533,3200
1474299423,405.8115,405.9955,405.8115,405.9100,800
1474299589,405.8183,405.8183,405.6100,405.6100,1000
1474299604,405.1700,405.7899,405.1700,405.7899,1300
1474299667,405.4600,405.4600,405.2900,405.2900,1100
1474299720,405.3400,405.4200,405.1100,405.3000,2500
1474299897,404.8550,405.2550,404.7500,405.0500,6400
1474299907,404.6700,404.9700,404.6700,404.7300,3200
1474299975,404.9850,405.1000,404.9850,405.1000,1600
1474300125,404.9133,405.0800,404.7500,404.9600,700
1474300142,404.8200,405.2300,404.8200,404.9400,3500
1474300221,404.9883,405.2090,404.8300,404.8950,2900
1474300308,404.8867,405.0363,404.8300,405.0363,1500
1474300328,404.7700,404.8940,404.7200,404.8940,1300
1474300448,404.7500,404.9300,404.5900,404.7700,1900
1474300534,404.7000,404.7613,404.6400,404.6500,800
1474300576,404.6500,404.6500,404.6500,404.6500,1200
1474300665,404.7462,404.7462,404.5600,404.5600,500
1474300687,404.7400,404.8900,404.6000,404.6700,1900
1474300742,404.5500,404.7600,404.5100,404.7600,2700
1474300807,404.4800,404.6100,404.4400,404.6100,3600
1474300892,404.3808,404.4691,404.3808,404.4691,1400
1474300921,404.5300,404.6600,404.3000,404.3200,5200
1474301078,404.5500,404.6900,404.5500,404.6900,900
1474301114,404.7500,404.7900,404.6500,404.6500,1100
1474301225,404.7000,404.8990,404.6500,404.8000,2400
1474301325,404.7300,404.7300,404.7300,404.7300,100
1474301340,404.3200,404.7000,404.2400,404.6089,3800
1474301401,404.3310,404.4300,404.0000,404.0000,2500
1474301495,404.1740,404.1740,404.1740,404.1740,900
1474301529,403.7500,404.1300,403.7500,404.1000,4400
1474301581,403.5400,403.8100,403.5400,403.8100,2400
1474301645,403.3800,403.6400,403.3200,403.5900,3500
1474301707,403.3100,403.4750,403.3100,403.4750,900
1474301776,402.8600,403.3400,402.8500,403.3400,5400
1474301824,402.9200,403.0300,402.7900,403.0100,800
1474301894,403.1738,403.2000,402.8100,402.9000,2500
1474301951,403.0722,403.1500,402.8300,403.0100,1900
1474302044,403.0650,403.1400,402.9100,403.0800,1900
1474302075,402.7000,403.0200,402.5500,402.9804,2300
1474302132,402.8726,402.8800,402.5400,402.8200,1300
1474302182,402.6950,402.8550,402.6250,402.8500,4200
1474302256,402.8500,403.0000,402.7900,403.0000,800
1474302310,403.0100,403.0600,402.8500,402.8500,2100
1474302371,402.8660,403.0200,402.8660,402.9200,800
1474302446,402.8400,402.9200,402.8300,402.8300,400
1474302496,402.8200,403.0000,402.8200,403.0000,300
1474302593,402.6500,402.8752,402.6500,402.8752,1500
1474302613,402.2600,402.5000,402.2600,402.5000,2200
1474302663,402.1000,402.2400,402.1000,402.2400,1700
1474302781,402.3600,402.3600,402.3600,402.3600,1400
1474302847,402.3600,402.6059,402.3600,402.6059,1700
1474302914,402.5900,402.5900,402.3700,402.4200,600
1474302969,402.8699,402.8699,402.6200,402.6200,800
1474303032,402.6967,402.6967,402.6967,402.6967,200
1474303096,402.5100,402.5700,402.2500,402.5000,1100
1474303198,402.3100,402.3300,402.3100,402.3300,300
1474303213,402.3867,402.3867,402.2500,402.3000,2300
1474303263,402.3100,402.3100,402.2500,402.2500,900
1474303328,402.2800,402.4593,402.2500,402.2500,1400
1474303434,402.5100,402.6700,402.3800,402.4300,2400
1474303443,402.5600,402.6300,402.4000,402.5000,1300
1474303511,402.5250,402.5250,402.5200,402.5200,2400
1474303589,402.5200,402.5200,402.5200,402.5200,200
1474303624,402.6100,402.7199,402.5000,402.5650,2300
1474303691,402.7400,402.9300,402.6150,402.6150,5300
1474303784,402.4700,402.5400,402.4700,402.5400,400
1474303876,402.5350,402.6500,402.4000,402.4000,1000
1474303926,402.2300,402.5100,402.2300,402.5100,2600
1474304037,402.4900,402.4900,402.4600,402.4800,600
1474304056,402.4154,402.6290,402.2900,402.6290,1300
1474304100,402.6092,402.7500,402.5900,402.6200,2000
1474304173,402.7000,402.7000,402.3700,402.4100,4800
1474304250,402.4200,402.9000,402.4200,402.9000,2200
1474304281,402.4150,402.6000,402.3600,402.6000,1100
1474304342,402.5750,402.5750,402.3700,402.4350,2700
1474304418,402.3400,402.6300,402.3400,402.6300,600
1474304477,402.6999,402.6999,402.6999,402.6999,100
1474304524,402.6400,402.6400,402.4400,402.4800,1300
1474304589,402.6800,402.8300,402.6800,402.8300,600
1474304641,402.2000,402.6300,402.2000,402.6000,4100
1474304704,402.0000,402.3200,402.0000,402.2600,4800
1474304814,401.8600,402.0500,401.7900,402.0446,7500
1474304872,401.8900,401.8900,401.8900,401.8900,500
1474304925,401.6200,401.7900,401.6200,401.7900,1000
1474304945,401.7000,401.7900,401.6600,401.6600,2200
1474305025,401.8000,401.8400,401.7899,401.7899,700
1474305106,401.8700,401.9400,401.7564,401.9400,800
1474305130,402.0000,402.0000,401.7800,401.7800,1000
1474305221,401.9800,401.9800,401.9633,401.9633,700
1474305246,402.0200,402.1300,401.9999,401.9999,1600
1474305301,402.0400,402.1400,401.9900,402.1000,1400
1474305403,402.1600,402.2300,402.1600,402.2300,300
1474305444,402.1850,402.3300,402.0500,402.2000,1500
1474305482,402.4004,402.4004,402.3600,402.3600,1000
1474305543,402.3450,402.5100,402.2200,402.4400,2200
1474305633,402.1810,402.1810,402.1810,402.1810,400
1474305681,402.4741,402.4790,402.4741,402.4790,400
1474305773,402.4800,402.4800,402.3500,402.3500,400
1474305800,402.5000,402.5000,402.3400,402.3400,1000
1474305847,402.7400,402.7800,402.4700,402.5800,2200
1474305902,402.4000,402.6548,402.2900,402.6548,1600
1474306018,402.7000,402.7000,402.2510,402.2510,2200
1474306023,402.5664,402.8000,402.5000,402.7100,3400
1474306121,402.6299,402.6299,402.6299,402.6299,700
1474306153,402.6200,402.6300,402.6200,402.6300,500
1474306249,402.5450,402.5450,402.5450,402.5450,100
1474306264,402.3100,402.4500,402.3100,402.4500,1500
1474306329,402.0700,402.2150,402.0700,402.2150,400
1474306398,401.9200,401.9700,401.9200,401.9200,1200
1474306461,402.0400,402.0400,401.9200,401.9200,700
1474306520,401.8000,401.8000,401.3200,401.6200,6500
1474306602,401.6795,401.7200,401.5800,401.5800,1500
1474306634,401.8200,401.8400,401.6900,401.6900,2500
1474306751,401.9400,402.3000,401.4500,402.1000,5500
1474306854,401.8550,401.8550,401.6567,401.7000,2100
1474306863,402.0576,402.0619,401.7600,401.7700,1200
1474306977,401.8219,402.0567,401.8219,402.0567,1200
1474306990,401.9600,401.9900,401.8100,401.8200,800
1474307040,401.9129,402.0900,401.6800,401.8800,2700
1474307120,402.0000,402.0000,401.9500,402.0000,1300
1474307164,401.7800,401.9800,401.7500,401.9800,500
1474307246,402.2100,402.2200,401.9183,401.9700,1600
1474307333,402.4137,402.4137,402.3000,402.3000,400
1474307396,402.8300,402.8300,402.3000,402.4333,2700
1474307405,403.0070,403.1900,402.8083,402.9100,5900
1474307467,403.1200,403.1500,402.8800,402.9000,5000
1474307537,402.9900,403.2500,402.9783,402.9783,2000
1474307625,403.1950,403.4100,402.8407,402.8407,2000
1474307699,403.7100,403.7200,403.1900,403.2400,6200
1474307701,403.8700,403.9890,403.6833,403.6833,2100
1474307760,403.7750,403.8800,403.6354,403.7100,2000
1474307827,403.5800,403.7200,403.4000,403.5400,2300
1474307928,403.9377,404.1600,403.5700,403.5700,2800
1474307951,404.2100,404.2200,403.9467,403.9467,1700
1474308012,404.2700,404.3000,404.0000,404.0000,3800
1474308062,404.2100,404.3800,404.1900,404.2667,5300
1474308124,404.0500,404.1300,403.8533,404.0100,1900
1474308237,404.4050,404.5400,404.1533,404.2700,5800
1474308244,404.5400,404.6300,404.2900,404.3800,4600
1474308305,404.6990,404.6990,404.5500,404.6717,1400
1474308414,404.8200,404.8800,404.6000,404.6000,3400
1474308474,404.7250,404.8200,404.7250,404.8167,1000
1474308516,404.8050,404.9600,404.7750,404.9400,3200
1474308540,404.7600,404.9500,404.7600,404.9500,2500
1474308605,404.7867,404.9000,404.6600,404.8500,4500
1474308782,405.0742,405.1500,404.8750,405.0000,3900
1474308848,405.0000,405.0667,404.8400,405.0000,2800
1474308935,404.7200,404.7200,404.6200,404.6300,800
1474308967,404.7600,404.7600,404.5800,404.6000,5600
1474309020,404.8200,404.8200,404.7500,404.8200,1800
1474309133,404.6500,404.6500,404.6500,404.6500,300
1474309145,404.9000,404.9000,404.5401,404.7500,4100
1474309259,404.5400,404.9000,404.5400,404.9000,6300
1474309282,404.5000,404.7000,404.5000,404.7000,3200
1474309375,404.5850,404.6000,404.3500,404.4000,2700
1474309380,404.6000,404.7500,404.5467,404.6000,5200
1474309489,404.3038,404.6000,404.3038,404.6000,2300
1474309508,404.6390,404.6799,404.4500,404.4500,1200
1474309565,404.6300,404.6700,404.5400,404.5400,500
1474309620,404.5668,404.5668,404.5668,404.5668,300
1474309750,404.6700,404.6700,404.5400,404.5400,900
1474309804,405.1700,405.2900,404.4201,404.4201,3700
1474309876,405.2840,405.3000,405.1713,405.1713,800
1474309938,404.8500,405.1810,404.8400,405.1788,2600
1474310032,404.8132,404.9099,404.8000,404.8400,700
1474310048,404.6700,404.8400,404.6700,404.8400,500
1474310104,404.6200,404.6500,404.5900,404.6500,700
1474310194,404.4800,404.4800,404.4800,404.4800,300
1474310333,404.5291,404.5291,404.5291,404.5291,300
1474310477,404.5500,404.5600,404.3300,404.3300,2200
1474310624,404.4300,404.5500,404.4300,404.5500,800
1474310641,404.2600,404.3500,404.2600,404.2900,500
1474310750,404.5100,404.5100,404.3350,404.3350,200
1474310829,404.6800,404.6800,404.6800,404.6800,900
1474310938,404.9100,404.9100,404.5970,404.5970,900
1474310940,404.6100,404.8600,404.6100,404.8600,1600
1474311006,404.6166,404.6166,404.6166,404.6166,300
1474311070,404.3400,404.7350,404.3400,404.7350,800
1474311124,404.8100,404.8100,404.5250,404.6200,900
1474311181,404.8050,404.9900,404.6600,404.7000,3000
1474311297,404.9000,405.1900,404.7300,404.9500,6100
1474311303,404.7200,404.8500,404.6600,404.7100,3700
1474311395,404.5200,404.5400,404.5200,404.5400,200
1474311509,404.6200,404.6200,404.5600,404.5600,200
1474311583,404.4900,404.4900,404.4900,404.4900,200
1474311636,404.4500,404.4800,404.4500,404.4800,1200
1474311669,404.3000,404.5500,404.1700,404.4200,5100
1474311725,404.5500,404.5500,404.1700,404.2500,3100
1474311824,404.5100,404.6012,404.5100,404.6012,400
1474311877,404.2300,404.4900,404.2300,404.4900,1000
1474312004,404.4700,404.5000,404.3700,404.3700,1400
1474312045,404.4500,404.5600,404.4500,404.5600,400
1474312086,403.6000,404.4500,403.6000,404.4500,4100
1474312152,404.0300,404.0300,403.8900,403.8900,900
1474312214,403.6900,404.0479,403.6900,404.0479,1500
1474312299,403.9600,403.9600,403.9600,403.9600,100
1474312371,403.8880,403.8880,403.8880,403.8880,200
1474312381,404.2000,404.2200,403.8600,403.8600,3100
1474312472,403.9700,404.0300,403.9700,404.0300,1300
1474312519,403.8500,403.8500,403.8500,403.8500,100
1474312611,403.4700,403.7700,403.3600,403.7700,1200
1474312629,403.2300,403.3500,403.1000,403.3500,3400
1474312721,403.2400,403.3703,403.2400,403.2792,700
1474312752,403.1600,403.2300,403.1600,403.2300,1400
1474312894,403.2226,403.2226,403.2226,403.2226,1000
1474312936,403.2100,403.2650,403.1600,403.2650,3300
1474313004,403.1200,403.1826,403.0800,403.1300,2000
1474313043,403.1100,403.3700,403.1100,403.1500,7700
1474313155,402.7500,403.1500,402.6400,403.1500,4200
1474313175,402.6800,402.9600,402.6700,402.8800,2000
1474313279,402.9500,403.3700,402.7800,402.7800,8400
1474313284,402.8000,402.9600,402.8000,402.9600,1000
1474313395,402.5900,402.7800,402.5000,402.6900,1900
1474313419,402.6000,402.6000,402.5000,402.5200,1800
1474313485,402.6100,402.6300,402.5000,402.5000,6200
1474313521,402.0510,402.5200,402.0510,402.5200,3100
1474313582,402.1500,402.4500,402.1000,402.1287,6000
1474313698,402.3100,402.5400,402.3100,402.3500,3500
1474313700,402.2000,402.4800,402.1900,402.4700,7100
1474313761,402.7400,402.7400,402.2100,402.3100,6400
1474313824,402.7200,402.8900,402.5500,402.6700,3800
1474313884,402.7200,402.9000,402.7200,402.9000,1300
1474313942,402.7500,402.7500,402.5850,402.7200,1300
1474314022,403.0000,403.0000,402.7100,402.7100,2300
1474314063,402.9200,402.9585,402.8100,402.8600,2900
1474314171,402.7950,403.0100,402.7600,403.0100,2800
1474314186,403.1500,403.1500,402.9625,402.9625,1900
1474314245,403.0900,403.3350,403.0800,403.1850,2200
1474314304,403.0000,403.6400,402.9802,403.4550,8200
1474314362,402.9400,403.2468,402.9200,403.0000,5600
1474314438,403.0450,403.1400,402.8700,402.8960,1900
1474314517,403.0300,403.0300,402.9474,402.9474,1800
1474314550,403.0833,403.1080,402.7900,402.9600,6100
1474314610,402.8400,403.1833,402.7792,403.1200,2900
1474314660,402.9500,402.9600,402.8200,402.8200,4100
1474314779,402.5717,402.8600,402.5343,402.7000,5000
1474314782,402.5300,402.9700,402.4500,402.6500,8100
1474314847,402.7800,402.9000,402.5800,402.6200,4200
1474314905,402.5600,402.9100,402.5450,402.9100,5600
1474315010,402.6100,402.8710,402.5300,402.7008,4300
1474315028,402.7000,402.8500,402.6200,402.6200,6200
1474315088,402.7900,402.8800,402.4750,402.7635,9800
1474315196,402.6800,402.8900,402.5000,402.8400,16600
1474315200,402.7600,402.7600,402.7600,402.7600,91400
