uri:/instrument/1.0/NDAQ/chartdata;type=quote;range=1d/csv
ticker:ndaq
Company-Name:Nasdaq, Inc.
Exchange-Name:NMS
unit:MIN
timezone:EDT
currency:USD
gmtoffset:-14400
previous_close:69.4600
Timestamp:1474896600,1474920000
labels:1474898400,1474902000,1474905600,1474909200,1474912800,1474916400,1474920000
values:Timestamp,close,high,low,open,volume
close:68.7900,69.5200
high:68.8100,69.5200
low:68.7850,69.4900
open:68.7900,69.5200
volume:0,83400
1474896728,69.3900,69.4400,69.3900,69.4400,9600
1474896784,69.2400,69.4400,69.2400,69.4300,3800
1474896889,69.2200,69.2600,69.2100,69.2100,8800
1474896945,69.2000,69.2600,69.2000,69.2400,3700
1474897007,68.9900,69.2200,68.9600,69.2200,9500
1474897069,69.0600,69.0750,68.9900,69.0500,10500
1474897129,68.9000,69.0600,68.8700,69.0500,6100
1474897185,68.8100,68.9400,68.8100,68.8900,5300
1474897205,69.0200,69.0350,68.8350,68.8500,2700
1474897308,69.1200,69.1200,69.0400,69.0500,1700
1474897372,69.1200,69.2500,69.1000,69.2000,4100
1474897434,69.1600,69.1600,69.1400,69.1400,200
1474897490,69.2200,69.2300,69.2200,69.2300,800
1474897506,69.2100,69.2300,69.1700,69.2000,1800
1474897568,69.1900,69.2100,69.1700,69.2100,1000
1474897648,69.1700,69.1700,69.1700,69.1700,500
1474897765,69.2900,69.2900,69.2050,69.2200,1800
1474897808,69.3050,69.3300,69.2800,69.2800,8600
1474897864,69.4100,69.4100,69.3200,69.3200,2300
1474897931,69.4500,69.4800,69.4250,69.4250,2700
1474897990,69.4900,69.4900,69.4600,69.4600,500
1474898064,69.4800,69.5100,69.4800,69.5100,500
1474898106,69.4800,69.4800,69.4800,69.4800,200
1474898210,69.5200,69.5200,69.4900,69.4900,700
1474898231,69.4600,69.5200,69.4600,69.5200,700
1474898281,69.4700,69.4700,69.4600,69.4600,500
1474898342,69.4100,69.4700,69.4100,69.4700,1600
1474898420,69.4200,69.4200,69.4100,69.4100,400
1474898477,69.3911,69.4300,69.3900,69.4200,800
1474898520,69.3850,69.4200,69.3100,69.4200,3400
1474898590,69.4000,69.4300,69.3900,69.3900,3300
1474898689,69.3700,69.4250,69.3700,69.4250,1400
1474898711,69.4100,69.4100,69.3800,69.3800,1800
1474898776,69.4300,69.4300,69.4100,69.4250,1400
1474898825,69.4150,69.4300,69.4100,69.4300,1100
1474898932,69.4000,69.4000,69.4000,69.4000,800
1474898980,69.4200,69.4200,69.4100,69.4100,1300
1474899059,69.4300,69.4300,69.4000,69.4300,4100
1474899060,69.4300,69.4400,69.4200,69.4300,2200
1474899181,69.4400,69.4400,69.3800,69.4200,2300
1474899288,69.4200,69.4200,69.4200,69.4200,200
1474899302,69.4700,69.4700,69.4400,69.4600,700
1474899387,69.4300,69.4400,69.4300,69.4400,1000
1474899474,69.4500,69.4500,69.4500,69.4500,300
1474899521,69.4400,69.4600,69.4300,69.4600,1400
1474899594,69.4400,69.4500,69.4400,69.4400,2000
1474899602,69.4500,69.4600,69.4500,69.4500,900
1474899680,69.4300,69.4500,69.4200,69.4500,1000
1474899733,69.3800,69.4100,69.3800,69.4100,1200
1474899780,69.3700,69.4100,69.3700,69.3900,2700
1474899840,69.3900,69.3900,69.3700,69.3700,3400
1474899937,69.4000,69.4000,69.3900,69.4000,800
1474899993,69.4000,69.4000,69.3900,69.4000,800
1474900035,69.3950,69.4000,69.3950,69.4000,1300
1474900092,69.3850,69.3900,69.3700,69.3800,1800
1474900160,69.3800,69.4000,69.3700,69.3700,1700
1474900205,69.4300,69.4300,69.3900,69.3900,4200
1474900319,69.4300,69.4400,69.4300,69.4400,700
1474900320,69.4100,69.4300,69.4000,69.4300,1900
1474900494,69.4300,69.4600,69.4300,69.4300,1400
1474900515,69.4500,69.4500,69.4500,69.4500,600
1474900633,69.4300,69.4600,69.4300,69.4600,2600
1474900731,69.4200,69.4200,69.4200,69.4200,1500
1474900792,69.3700,69.3700,69.3700,69.3700,400
1474900804,69.3900,69.3900,69.3700,69.3700,1700
1474900887,69.4000,69.4100,69.4000,69.4000,1900
1474900938,69.3900,69.4000,69.3900,69.4000,800
1474900992,69.3800,69.4000,69.3600,69.4000,2800
1474901063,69.3400,69.3700,69.3400,69.3700,500
1474901117,69.3000,69.3400,69.2900,69.3400,1600
1474901174,69.2900,69.3100,69.2900,69.3100,2200
1474901227,69.2900,69.2900,69.2900,69.2900,700
1474901298,69.3100,69.3100,69.3050,69.3050,300
1474901398,69.3400,69.3400,69.3200,69.3200,400
1474901401,69.3800,69.3800,69.3400,69.3400,1700
1474901507,69.3900,69.3900,69.3900,69.3900,300
1474901523,69.4100,69.4100,69.3900,69.3900,900
1474901591,69.4200,69.4200,69.4100,69.4100,600
1474901686,69.4300,69.4300,69.4300,69.4300,900
1474901742,69.3900,69.3900,69.3900,69.3900,100
1474901768,69.3900,69.4100,69.3900,69.4100,900
1474901879,69.3900,69.3900,69.3900,69.3900,1000
1474901880,69.4100,69.4100,69.3900,69.3900,800
1474902024,69.4100,69.4300,69.4100,69.4300,800
1474902105,69.3900,69.4000,69.3900,69.4000,900
1474902124,69.3950,69.3950,69.3850,69.3900,1500
1474902186,69.3700,69.4000,69.3700,69.4000,1600
1474902245,69.3900,69.3900,69.3700,69.3700,1600
1474902326,69.3700,69.3700,69.3700,69.3700,200
1474902411,69.3700,69.3700,69.3668,69.3700,1000
1474902421,69.3500,69.3650,69.3400,69.3560,2400
1474902531,69.3501,69.3550,69.3501,69.3550,400
1474902549,69.3300,69.3500,69.3300,69.3500,2500
1474902651,69.3400,69.3400,69.3300,69.3400,1200
1474902707,69.3100,69.3100,69.3100,69.3100,200
1474902765,69.3200,69.3200,69.3200,69.3200,600
1474902821,69.2800,69.3200,69.2800,69.3200,600
1474902887,69.2600,69.2640,69.2600,69.2600,700
1474903014,69.2000,69.2200,69.2000,69.2200,800
1474903041,69.1700,69.2100,69.1700,69.2100,1200
1474903129,69.2000,69.2000,69.1800,69.1800,1800
1474903142,69.2000,69.2100,69.1950,69.2000,800
1474903211,69.2100,69.2300,69.2100,69.2100,1400
1474903296,69.2300,69.2400,69.2300,69.2300,600
1474903368,69.2800,69.2800,69.2700,69.2700,500
1474903382,69.2900,69.2900,69.2800,69.2800,500
1474903477,69.2400,69.2700,69.2400,69.2700,1500
1474903514,69.2500,69.2600,69.2400,69.2400,1500
1474903695,69.2400,69.2600,69.2400,69.2600,1300
1474903749,69.2300,69.2400,69.2300,69.2400,1200
1474903823,69.2200,69.2300,69.2200,69.2300,600
1474903868,69.2100,69.2150,69.2050,69.2150,1100
1474903975,69.2100,69.2100,69.2100,69.2100,1000
1474903982,69.1900,69.2100,69.1700,69.2100,2900
1474904136,69.1900,69.1900,69.1900,69.1900,1600
1474904176,69.2100,69.2100,69.2100,69.2100,400
1474904263,69.2800,69.2800,69.2400,69.2400,1700
1474904335,69.2900,69.2900,69.2900,69.2900,200
1474904349,69.2800,69.2800,69.2800,69.2800,600
1474904404,69.3000,69.3000,69.3000,69.3000,400
1474904471,69.3000,69.3000,69.3000,69.3000,700
1474904533,69.3000,69.3100,69.3000,69.3100,1400
1474904655,69.2500,69.2800,69.2500,69.2800,400
1474904750,69.2400,69.2500,69.2350,69.2500,600
1474904768,69.2475,69.2500,69.2300,69.2399,1600
1474904921,69.2250,69.2250,69.2250,69.2250,700
1474905005,69.2350,69.2350,69.2150,69.2150,1500
1474905109,69.2300,69.2300,69.2300,69.2300,700
1474905122,69.2500,69.2550,69.2300,69.2300,1500
1474905191,69.2300,69.2600,69.2300,69.2500,1900
1474905299,69.2300,69.2300,69.2200,69.2200,500
1474905303,69.2600,69.2600,69.2400,69.2400,2300
1474905374,69.2700,69.2700,69.2525,69.2525,300
1474905447,69.2800,69.2800,69.2800,69.2800,500
1474905537,69.3100,69.3100,69.3100,69.3100,100
1474905558,69.3100,69.3100,69.3100,69.3100,100
1474905603,69.3000,69.3300,69.3000,69.3200,900
1474905683,69.3000,69.3000,69.3000,69.3000,100
1474905738,69.3200,69.3300,69.3100,69.3200,1200
1474905833,69.3100,69.3100,69.3100,69.3100,300
1474905861,69.3100,69.3100,69.3100,69.3100,100
1474905953,69.3300,69.3300,69.3200,69.3300,1300
1474905974,69.3600,69.3600,69.3300,69.3300,1300
1474906048,69.3600,69.3600,69.3600,69.3600,100
1474906135,69.3600,69.3680,69.3600,69.3600,400
1474906140,69.3400,69.3500,69.3400,69.3500,900
1474906220,69.3500,69.3581,69.3500,69.3563,600
1474906271,69.3300,69.3500,69.3300,69.3500,1000
1474906359,69.3500,69.3500,69.3400,69.3400,400
1474906383,69.3500,69.3500,69.3500,69.3500,700
1474906454,69.3500,69.3600,69.3500,69.3600,800
1474906502,69.3400,69.3500,69.3400,69.3500,900
1474906566,69.2900,69.3250,69.2900,69.3250,32000
1474906698,69.2600,69.2800,69.2600,69.2800,300
1474906749,69.2500,69.2600,69.2500,69.2500,900
1474906823,69.2400,69.2500,69.2400,69.2400,900
1474906861,69.2600,69.2600,69.2400,69.2400,2800
1474907040,69.3100,69.3100,69.2700,69.2700,1900
1474907171,69.3300,69.3300,69.3200,69.3200,800
1474907293,69.3300,69.3300,69.3100,69.3100,300
1474907345,69.3400,69.3400,69.3400,69.3400,1100
1474907532,69.3500,69.3500,69.3400,69.3400,800
1474907587,69.3700,69.3700,69.3400,69.3500,1700
1474907688,69.3800,69.3850,69.3800,69.3800,700
1474907708,69.3700,69.3800,69.3700,69.3800,500
1474907775,69.3800,69.3800,69.3700,69.3700,400
1474907821,69.3900,69.3900,69.3900,69.3900,300
1474907888,69.3800,69.3900,69.3800,69.3900,300
1474908056,69.3550,69.3800,69.3550,69.3800,400
1474908061,69.3600,69.3600,69.3600,69.3600,600
1474908135,69.3600,69.3600,69.3500,69.3500,500
1474908192,69.3400,69.3600,69.3400,69.3600,300
1474908299,69.3300,69.3300,69.3200,69.3200,700
1474908302,69.3300,69.3400,69.3300,69.3400,1500
1474908389,69.3200,69.3200,69.3200,69.3200,100
1474908420,69.3100,69.3100,69.3100,69.3100,300
1474908497,69.2900,69.3000,69.2900,69.3000,500
1474908599,69.2900,69.2900,69.2500,69.2800,1800
1474908602,69.2900,69.2900,69.2700,69.2900,1800
1474908665,69.3100,69.3100,69.2800,69.2900,1500
1474908751,69.3000,69.3000,69.3000,69.3000,900
1474908786,69.3000,69.3200,69.3000,69.3200,300
1474908849,69.2900,69.2900,69.2900,69.2900,200
1474908940,69.2900,69.3000,69.2900,69.3000,900
1474908982,69.3000,69.3200,69.3000,69.3100,2200
1474909079,69.2800,69.3000,69.2800,69.3000,500
1474909082,69.2600,69.2800,69.2600,69.2800,700
1474909150,69.2500,69.2500,69.2500,69.2500,500
1474909202,69.2800,69.2800,69.2600,69.2600,2000
1474909405,69.2700,69.2700,69.2700,69.2700,600
1474909497,69.2900,69.2900,69.2900,69.2900,1400
1474909532,69.2800,69.3000,69.2800,69.3000,700
1474909565,69.2600,69.2800,69.2600,69.2800,1100
1474909645,69.2600,69.2600,69.2600,69.2600,800
1474909691,69.2500,69.2600,69.2500,69.2600,1000
1474909799,69.2300,69.2500,69.2300,69.2408,1300
1474909847,69.2100,69.2400,69.2100,69.2300,1800
1474909861,69.1800,69.2100,69.1800,69.2100,2800
1474909967,69.1800,69.2050,69.1800,69.1800,2900
1474909981,69.1800,69.1800,69.1800,69.1800,800
1474910058,69.1800,69.1900,69.1800,69.1900,900
1474910138,69.1600,69.1900,69.1600,69.1900,1400
1474910165,69.1500,69.1500,69.1400,69.1500,1100
1474910256,69.1300,69.1400,69.1300,69.1300,400
1474910314,69.1200,69.1300,69.1200,69.1300,700
1474910348,69.1200,69.1200,69.1200,69.1200,500
1474910402,69.1200,69.1300,69.1200,69.1300,1600
1474910506,69.1200,69.1200,69.1200,69.1200,300
1474910546,69.1200,69.1200,69.1200,69.1200,500
1474910589,69.1200,69.1200,69.1100,69.1200,600
1474910643,69.0950,69.1100,69.0950,69.1100,800
1474910705,69.1000,69.1000,69.0900,69.1000,900
1474910763,69.0900,69.0900,69.0900,69.0900,300
1474910829,69.0900,69.1000,69.0900,69.0900,700
1474910892,69.0500,69.0800,69.0500,69.0800,900
1474910966,69.0300,69.0400,69.0300,69.0400,300
1474911011,69.0250,69.0250,69.0250,69.0250,200
1474911137,69.0300,69.0300,69.0200,69.0200,1000
1474911234,69.0100,69.0100,69.0100,69.0100,200
1474911288,69.0600,69.0600,69.0400,69.0400,800
1474911346,69.0500,69.0700,69.0500,69.0600,600
1474911361,69.0300,69.0400,69.0200,69.0400,1600
1474911453,69.0100,69.0100,69.0100,69.0100,200
1474911538,69.0200,69.0200,69.0200,69.0200,400
1474911549,69.0100,69.0100,69.0100,69.0100,500
1474911617,69.0300,69.0300,69.0200,69.0200,800
1474911662,69.0400,69.0400,69.0300,69.0300,1200
1474911758,69.0400,69.0400,69.0400,69.0400,500
1474911821,69.0200,69.0300,69.0200,69.0300,700
1474911853,69.0000,69.0150,69.0000,69.0150,1200
1474911947,68.9900,69.0100,68.9900,68.9950,1800
1474911960,69.0040,69.0040,68.9900,68.9900,400
1474912078,69.0200,69.0200,69.0100,69.0150,1100
1474912083,69.0200,69.0200,69.0200,69.0200,900
1474912165,69.0100,69.0100,69.0100,69.0100,400
1474912205,69.0000,69.0103,69.0000,69.0103,1700
1474912353,69.0000,69.0050,69.0000,69.0000,700
1474912395,69.0200,69.0200,69.0100,69.0100,600
1474912464,69.0450,69.0450,69.0350,69.0350,800
1474912518,69.0400,69.0500,69.0400,69.0500,1000
1474912577,69.0400,69.0500,69.0400,69.0500,500
1474912667,69.0400,69.0400,69.0400,69.0400,100
1474912721,69.0450,69.0450,69.0400,69.0400,500
1474912763,69.0200,69.0400,69.0100,69.0400,2400
1474912803,69.0300,69.0300,69.0300,69.0300,1200
1474912861,69.0500,69.0500,69.0300,69.0300,1100
1474912967,69.0550,69.0550,69.0550,69.0550,400
1474912991,69.0600,69.0600,69.0600,69.0600,400
1474913095,69.0600,69.0700,69.0500,69.0700,1400
1474913102,69.0600,69.0600,69.0575,69.0575,1300
1474913218,69.0600,69.0600,69.0600,69.0600,300
1474913223,69.0700,69.0700,69.0500,69.0500,700
1474913295,69.0700,69.0700,69.0700,69.0700,100
1474913375,69.0600,69.0700,69.0600,69.0700,900
1474913453,69.0600,69.0700,69.0500,69.0675,1400
1474913500,69.0400,69.0500,69.0300,69.0500,800
1474913529,69.0300,69.0400,69.0200,69.0400,400
1474913631,69.0300,69.0300,69.0300,69.0300,200
1474913673,69.0400,69.0400,69.0400,69.0400,300
1474913700,69.0300,69.0400,69.0300,69.0400,2000
1474913836,69.0400,69.0400,69.0400,69.0400,300
1474913934,69.0450,69.0450,69.0450,69.0450,400
1474913945,69.0600,69.0600,69.0450,69.0500,2300
1474914002,69.0300,69.0500,69.0200,69.0500,1400
1474914084,69.0300,69.0356,69.0300,69.0356,400
1474914178,69.0600,69.0600,69.0500,69.0500,500
1474914186,69.0700,69.0794,69.0666,69.0668,1100
1474914276,69.0800,69.0800,69.0800,69.0800,200
1474914302,69.0800,69.0800,69.0800,69.0800,900
1474914378,69.0600,69.0800,69.0600,69.0800,200
1474914428,69.0500,69.0600,69.0500,69.0600,700
1474914536,69.0500,69.0500,69.0500,69.0500,100
1474914603,69.0700,69.0700,69.0700,69.0700,1700
1474914779,69.0700,69.0700,69.0700,69.0700,500
1474914793,69.0500,69.0584,69.0500,69.0584,700
1474914873,69.0500,69.0500,69.0500,69.0500,300
1474914937,69.0400,69.0600,69.0200,69.0500,1200
1474915018,69.0000,69.0400,68.9900,69.0400,900
1474915023,69.0000,69.0000,68.9900,68.9900,800
1474915124,69.0050,69.0050,69.0050,69.0050,100
1474915145,69.0000,69.0000,69.0000,69.0000,200
1474915203,69.0000,69.0100,69.0000,69.0100,1100
1474915267,69.0200,69.0200,69.0100,69.0100,500
1474915370,69.0300,69.0300,69.0200,69.0300,500
1474915423,69.0300,69.0300,69.0300,69.0300,400
1474915448,69.0200,69.0300,69.0200,69.0300,1100
1474915527,69.0200,69.0250,69.0200,69.0250,300
1474915567,69.0100,69.0100,69.0100,69.0100,400
1474915625,69.0300,69.0300,69.0300,69.0300,300
1474915684,69.0300,69.0400,69.0200,69.0400,1300
1474915745,69.0300,69.0300,69.0300,69.0300,300
1474915846,69.0200,69.0500,69.0200,69.0500,2100
1474915860,69.0200,69.0279,69.0200,69.0279,600
1474915978,69.0000,69.0200,69.0000,69.0200,600
1474915980,69.0100,69.0100,69.0100,69.0100,600
1474916099,69.0100,69.0150,69.0100,69.0150,500
1474916103,69.0200,69.0200,69.0100,69.0200,1400
1474916217,69.0100,69.0200,69.0100,69.0200,1000
1474916269,69.0100,69.0200,69.0000,69.0200,1600
1474916335,68.9900,69.0100,68.9900,69.0100,1100
1474916342,68.9800,69.0000,68.9800,68.9900,3400
1474916403,68.9800,68.9900,68.9715,68.9900,2700
1474916515,68.9800,68.9815,68.9800,68.9800,2500
1474916572,68.9800,68.9900,68.9800,68.9900,3300
1474916582,68.9800,68.9900,68.9800,68.9800,3600
1474916699,68.9800,68.9900,68.9700,68.9800,6400
1474916700,69.0200,69.0200,68.9800,68.9800,9100
1474916809,69.0400,69.0400,69.0200,69.0250,1900
1474916872,69.0400,69.0500,69.0375,69.0400,1100
1474916890,69.0400,69.0400,69.0400,69.0400,600
1474917057,69.0200,69.0500,69.0200,69.0400,2400
1474917069,69.0200,69.0200,69.0200,69.0200,800
1474917128,69.0200,69.0200,69.0200,69.0200,400
1474917219,69.0200,69.0200,69.0200,69.0200,300
1474917244,69.0000,69.0100,69.0000,69.0100,500
1474917303,68.9980,69.0000,68.9900,68.9900,1600
1474917418,69.0000,69.0000,68.9900,69.0000,1500
1474917477,68.9800,69.0000,68.9800,69.0000,3200
1474917484,68.9800,68.9900,68.9800,68.9825,500
1474917590,68.9800,68.9850,68.9800,68.9850,2800
1474917603,68.9900,68.9900,68.9850,68.9900,3800
1474917670,69.0100,69.0100,69.0000,69.0000,3000
1474917774,69.0200,69.0200,69.0200,69.0200,1100
1474917794,69.0200,69.0200,69.0200,69.0200,400
1474917874,69.0200,69.0300,69.0200,69.0200,400
1474917903,69.0500,69.0500,69.0300,69.0300,1200
1474917994,69.0600,69.0600,69.0550,69.0550,1000
1474918021,69.0800,69.0800,69.0600,69.0600,1400
1474918092,69.0900,69.0900,69.0775,69.0800,1000
1474918153,69.0600,69.0900,69.0600,69.0900,1900
1474918204,69.0700,69.0700,69.0600,69.0600,1900
1474918277,69.0700,69.0800,69.0700,69.0700,1300
1474918327,69.0600,69.0600,69.0475,69.0600,2500
1474918437,69.0300,69.0599,69.0300,69.0599,1300
1474918449,69.0000,69.0300,69.0000,69.0300,1600
1474918503,69.0000,69.0100,68.9975,68.9975,2800
1474918563,68.9900,69.0000,68.9900,69.0000,4700
1474918640,68.9900,69.0000,68.9900,68.9900,600
1474918734,68.9900,68.9900,68.9900,68.9900,100
1474918799,69.0100,69.0100,68.9900,68.9900,4800
1474918803,69.0200,69.0200,69.0050,69.0100,3800
1474918909,69.0000,69.0100,69.0000,69.0100,1500
1474918921,68.9800,69.0000,68.9800,69.0000,6000
1474918980,68.9600,68.9600,68.9600,68.9600,900
1474919042,68.9100,68.9600,68.9100,68.9600,4400
1474919109,68.9300,68.9400,68.9200,68.9300,2700
1474919161,68.9200,68.9350,68.9200,68.9300,2400
1474919277,68.9200,68.9200,68.9200,68.9200,1500
1474919339,68.9000,68.9200,68.9000,68.9200,2100
1474919340,68.8900,68.9100,68.8900,68.9000,7100
1474919400,68.8600,68.8900,68.8400,68.8800,21400
1474919460,68.8600,68.8800,68.8600,68.8650,10100
1474919520,68.8400,68.8600,68.8400,68.8600,3200
1474919590,68.8200,68.8400,68.8200,68.8400,6800
1474919642,68.7900,68.8250,68.7900,68.8250,7700
1474919702,68.8000,68.8100,68.7850,68.7900,11400
1474919819,68.8100,68.8200,68.7900,68.8100,8800
1474919820,68.8200,68.8200,68.8100,68.8200,4100
1474919938,68.8300,68.8350,68.8200,68.8250,5000
1474919940,68.8400,68.8800,68.8200,68.8400,83400
1474920000,68.8400,68.8400,68.8400,68.8400,0
