uri:/instrument/1.0/SPB/chartdata;type=quote;range=1d/csv
ticker:spb
Company-Name:Spectrum Brands Holdings, Inc. 
Exchange-Name:NYQ
unit:MIN
timezone:EDT
currency:USD
gmtoffset:-14400
previous_close:129.9000
Timestamp:1474464600,1474488000
labels:1474466400,1474470000,1474473600,1474477200,1474480800,1474484400,1474488000
values:Timestamp,close,high,low,open,volume
close:129.8000,131.5450
high:129.8001,131.5800
low:129.8000,131.5300
open:129.8000,131.5300
volume:100,41100
1474464629,130.0000,130.0000,130.0000,130.0000,8600
1474464700,130.4800,130.5100,130.2400,130.2400,2900
1474464746,130.2600,130.2600,130.2000,130.2000,800
1474464838,130.1500,130.2300,130.1300,130.2300,5400
1474464897,130.3400,130.3900,130.2000,130.2000,1500
1474464986,130.3800,130.3800,130.3800,130.3800,500
1474465090,130.1000,130.1400,130.1000,130.1400,800
1474465466,130.1150,130.1300,130.1100,130.1300,900
1474465569,130.0200,130.0200,130.0200,130.0200,100
1474465670,130.0700,130.0700,130.0700,130.0700,100
1474465850,130.0400,130.1250,130.0400,130.1250,900
1474465867,130.0000,130.0950,130.0000,130.0700,1200
1474465947,130.0900,130.0950,130.0600,130.0950,2600
1474466033,130.2500,130.2500,130.0100,130.0500,2500
1474466083,130.2500,130.2500,130.1900,130.1900,1000
1474466155,130.2300,130.2300,129.9400,130.1500,2800
1474466180,130.2200,130.2300,130.2000,130.2300,2000
1474466382,130.3800,130.3800,130.3500,130.3500,700
1474466508,130.3800,130.3800,130.3800,130.3800,300
1474466621,130.3800,130.3800,130.3800,130.3800,200
1474466746,130.4500,130.4500,130.3800,130.3800,500
1474466923,130.4700,130.4700,130.4700,130.4700,400
1474467014,130.3900,130.3900,130.3900,130.3900,200
1474467226,130.3158,130.3158,130.3158,130.3158,100
1474467389,130.2900,130.3300,130.2900,130.3300,300
1474467563,130.1000,130.1000,130.1000,130.1000,100
1474467748,130.1700,130.2900,130.1700,130.2900,600
1474467835,130.2700,130.2700,130.2200,130.2300,300
1474467891,130.2400,130.2800,130.2400,130.2800,800
1474468228,130.0400,130.0500,130.0400,130.0500,400
1474468506,130.1300,130.1500,130.1300,130.1500,900
1474468638,130.0900,130.0900,130.0900,130.0900,100
1474468747,129.9800,130.0600,129.9800,130.0600,400
1474468892,130.2350,130.2350,130.0700,130.1000,3300
1474469732,130.1200,130.1200,130.1200,130.1200,300
1474469902,129.9700,130.1100,129.9700,130.1100,1000
1474469994,130.1500,130.2100,129.9900,130.1100,5500
1474470014,130.1600,130.1600,130.1100,130.1100,200
1474470066,130.1800,130.1800,130.1800,130.1800,300
1474470145,130.2600,130.2700,130.2600,130.2700,400
1474470202,130.2300,130.2300,130.2300,130.2300,100
1474470258,130.2600,130.2700,130.2600,130.2700,200
1474470452,130.3200,130.3200,130.3200,130.3200,500
1474470523,130.4400,130.4400,130.3900,130.3900,1400
1474470620,130.3700,130.4100,130.3700,130.4100,600
1474470713,130.2500,130.2500,130.2300,130.2300,300
1474470776,130.2700,130.2700,130.2200,130.2600,600
1474470796,130.3100,130.3100,130.3100,130.3100,200
1474470884,130.3880,130.3880,130.3880,130.3880,1600
1474470959,130.3600,130.3900,130.3600,130.3900,400
1474471035,130.4300,130.4400,130.3900,130.3900,800
1474471097,130.3100,130.3900,130.3100,130.3800,1200
1474471181,130.4100,130.4100,130.3350,130.3350,300
1474471280,130.4300,130.4300,130.4300,130.4300,100
1474471408,130.5100,130.5100,130.5100,130.5100,200
1474471674,130.4900,130.5100,130.4900,130.5100,300
1474471701,130.5500,130.5500,130.5500,130.5500,200
1474471740,130.6600,130.7200,130.6100,130.6500,1200
1474471888,130.6600,130.6600,130.6600,130.6600,400
1474471948,130.5400,130.5500,130.5400,130.5500,200
1474472039,130.5000,130.6100,130.5000,130.6100,200
1474472090,130.5100,130.5100,130.4300,130.4300,200
1474472154,130.6000,130.6000,130.5000,130.5100,800
1474472205,130.5600,130.5700,130.5600,130.5700,200
1474472388,130.6200,130.6200,130.5900,130.6000,700
1474472410,130.4700,130.4701,130.4700,130.4701,200
1474472523,130.4000,130.4500,130.3900,130.3900,900
1474472660,130.3200,130.3600,130.3200,130.3600,200
1474472754,130.3300,130.3600,130.3150,130.3150,500
1474472849,130.4100,130.4100,130.3200,130.3200,1400
1474472920,130.4600,130.4600,130.4600,130.4600,100
1474472970,130.4300,130.4300,130.4300,130.4300,100
1474473044,130.4900,130.5200,130.4900,130.5200,600
1474473071,130.4200,130.4300,130.4200,130.4300,300
1474473227,130.4000,130.4200,130.4000,130.4200,500
1474473269,130.3900,130.4450,130.3900,130.4450,300
1474473417,130.3900,130.3900,130.3900,130.3900,200
1474473440,130.3400,130.3400,130.3300,130.3300,200
1474473589,130.3700,130.3900,130.3600,130.3800,700
1474473729,130.3550,130.3550,130.3450,130.3450,200
1474473808,130.5300,130.5300,130.3400,130.3400,1400
1474474053,130.5150,130.5150,130.5150,130.5150,100
1474474121,130.4500,130.4900,130.4500,130.4900,1000
1474474234,130.3900,130.4800,130.3900,130.4800,200
1474474313,130.3900,130.3900,130.3800,130.3800,200
1474474353,130.3850,130.3850,130.3750,130.3750,300
1474474494,130.3200,130.3700,130.3200,130.3600,1400
1474474574,130.2200,130.2200,130.2200,130.2200,400
1474474642,130.1250,130.1250,130.1100,130.1100,400
1474474741,130.0501,130.0501,130.0501,130.0501,500
1474474841,130.1150,130.1500,130.1000,130.1000,500
1474475076,130.0850,130.1450,130.0750,130.1350,1800
1474475141,130.1100,130.1100,130.1100,130.1100,200
1474475213,130.1700,130.1700,130.0900,130.0900,1200
1474475267,130.1300,130.1300,130.1300,130.1300,100
1474475329,130.2500,130.2500,130.1600,130.1700,600
1474475340,130.2900,130.2900,130.2800,130.2800,300
1474475448,130.3250,130.3250,130.3250,130.3250,100
1474475484,130.3900,130.3900,130.3350,130.3350,300
1474475555,130.3750,130.4200,130.3750,130.4200,500
1474475635,130.4000,130.4000,130.3000,130.3732,3500
1474475725,130.3250,130.3250,130.3250,130.3250,100
1474475935,130.3150,130.3200,130.2900,130.3100,800
1474475955,130.2350,130.3100,130.2300,130.2800,1300
1474476073,130.2050,130.2200,130.2050,130.2200,400
1474476148,130.2800,130.2800,130.2400,130.2500,1100
1474476218,130.2900,130.3000,130.2700,130.2700,400
1474476317,130.3100,130.3900,130.3100,130.3400,900
1474476410,130.3600,130.3600,130.3600,130.3600,100
1474476474,130.3400,130.3700,130.3400,130.3500,1600
1474476485,130.4300,130.4300,130.4000,130.4000,300
1474476710,130.4000,130.4000,130.3700,130.3800,500
1474476745,130.4700,130.4700,130.4100,130.4200,700
1474476819,130.5200,130.5300,130.4600,130.5250,1400
1474476959,130.4700,130.4700,130.4200,130.4200,300
1474477019,130.4800,130.5000,130.4550,130.4900,3200
1474477076,130.4900,130.5000,130.4900,130.5000,500
1474477128,130.5000,130.5000,130.5000,130.5000,800
1474477194,130.4400,130.4400,130.4400,130.4400,100
1474477202,130.3900,130.4400,130.3900,130.4400,800
1474477268,130.4200,130.4200,130.4200,130.4200,100
1474477363,130.3900,130.3901,130.3900,130.3901,300
1474477393,130.4000,130.4000,130.4000,130.4000,100
1474477559,130.3800,130.4200,130.3800,130.4200,600
1474477576,130.3500,130.3500,130.3500,130.3500,100
1474477711,130.2700,130.2701,130.2700,130.2701,200
1474477747,130.2700,130.3074,130.2700,130.3074,200
1474477928,130.2000,130.3000,130.2000,130.3000,600
1474478012,130.2000,130.2000,130.2000,130.2000,100
1474478156,130.2000,130.2000,130.2000,130.2000,300
1474478168,130.2000,130.2000,130.2000,130.2000,300
1474478247,130.1450,130.1600,130.1450,130.1600,400
1474478368,130.1000,130.1400,130.1000,130.1400,500
1474478454,130.1000,130.1000,130.0800,130.0801,300
1474478487,130.0800,130.1000,130.0800,130.1000,300
1474478574,130.0200,130.0400,130.0200,130.0400,200
1474478689,129.8600,129.9400,129.8600,129.9400,500
1474478786,129.8600,129.8601,129.8600,129.8601,200
1474478927,129.8800,129.9000,129.8800,129.9000,400
1474478990,129.8800,129.8801,129.8800,129.8801,300
1474479013,129.8800,129.8800,129.8800,129.8800,100
1474479117,129.8800,129.8801,129.8800,129.8801,200
1474479123,129.8800,129.8800,129.8800,129.8800,100
1474479182,129.8800,129.8800,129.8800,129.8800,100
1474479242,129.8800,129.9350,129.8800,129.9350,600
1474479356,129.8900,129.9000,129.8900,129.9000,200
1474479483,129.9000,129.9450,129.8900,129.9450,600
1474479574,129.8900,129.8900,129.8800,129.8800,400
1474479600,129.8000,129.8001,129.8000,129.8001,200
1474479735,129.8100,129.8100,129.8000,129.8000,400
1474479790,129.8000,129.8001,129.8000,129.8001,300
1474479902,129.9200,129.9300,129.8200,129.8400,2400
1474480129,130.1600,130.1600,129.9300,129.9300,1400
1474480198,130.0900,130.2100,130.0900,130.2100,1000
1474480245,130.1100,130.1100,130.1100,130.1100,100
1474480300,130.0400,130.0400,130.0400,130.0400,100
1474480351,130.0900,130.0900,130.0900,130.0900,100
1474480384,130.0550,130.0900,130.0000,130.0900,800
1474480532,130.0000,130.0150,130.0000,130.0150,500
1474480671,130.0500,130.0800,130.0500,130.0600,1000
1474480690,129.9200,130.1100,129.9200,130.1100,1600
1474480780,129.8800,129.8800,129.8800,129.8800,100
1474480826,130.2050,130.2050,129.8600,129.8600,1100
1474480874,130.5000,130.5000,130.3600,130.3600,2100
1474481090,130.1400,130.2150,130.1400,130.1401,600
1474481183,130.2700,130.2700,130.2700,130.2700,2400
1474481249,130.3000,130.3000,130.2600,130.2900,1800
1474481303,130.2900,130.2900,130.2900,130.2900,100
1474481392,130.2900,130.2900,130.2900,130.2900,1000
1474481414,130.4300,130.4300,130.3500,130.3800,2100
1474481463,130.4400,130.4400,130.4400,130.4400,100
1474481532,130.5400,130.5950,130.5400,130.5800,800
1474481602,130.5500,130.5500,130.5500,130.5500,300
1474481645,130.5400,130.5800,130.5400,130.5800,300
1474481718,130.4900,130.5400,130.4900,130.5100,2200
1474481930,130.3300,130.4500,130.3300,130.4500,700
1474482075,130.2900,130.3100,130.2900,130.3100,1400
1474482155,130.3100,130.3100,130.3000,130.3000,400
1474482264,130.2000,130.2900,130.1600,130.2900,1200
1474482320,130.1200,130.1451,130.1100,130.1451,600
1474482463,130.0400,130.0400,130.0400,130.0400,100
1474482529,130.0200,130.0400,130.0200,130.0400,400
1474482584,130.0407,130.0407,129.9900,129.9901,500
1474482711,130.1700,130.1700,130.0450,130.0700,1700
1474482866,130.2600,130.2600,130.2600,130.2600,900
1474482953,130.3600,130.3800,130.3600,130.3600,900
1474482964,130.3600,130.3700,130.3600,130.3700,1000
1474483120,130.3200,130.3700,130.3200,130.3700,1000
1474483187,130.4000,130.4000,130.4000,130.4000,3600
1474483433,130.4400,130.4600,130.4400,130.4600,400
1474483445,130.4600,130.4600,130.4400,130.4400,500
1474483631,130.4900,130.5200,130.4900,130.5200,1100
1474483737,130.3150,130.3150,130.2800,130.2900,600
1474483771,130.2700,130.2701,130.2400,130.2401,500
1474483979,130.3200,130.4200,130.3200,130.3600,1500
1474484037,130.2900,130.3600,130.2900,130.3600,800
1474484150,130.3200,130.3201,130.3200,130.3201,200
1474484171,130.4500,130.4500,130.3200,130.3201,1800
1474484240,130.5300,130.5300,130.5300,130.5300,200
1474484289,130.5000,130.5400,130.5000,130.5400,1100
1474484388,130.5700,130.5700,130.5700,130.5700,400
1474484414,130.5700,130.5700,130.5700,130.5700,100
1474484607,130.5000,130.5100,130.5000,130.5100,200
1474484652,130.7200,130.7700,130.5900,130.6000,4600
1474484712,130.7100,130.7100,130.7100,130.7100,300
1474484808,130.7800,130.9600,130.7800,130.8100,1700
1474484874,130.7200,130.7700,130.7200,130.7700,400
1474484899,130.7300,130.7300,130.7200,130.7200,1300
1474484976,130.7600,130.8200,130.7400,130.8200,1000
1474485031,130.7200,130.7200,130.7200,130.7200,100
1474485083,130.9200,130.9200,130.8100,130.8200,1700
1474485177,130.8900,130.9400,130.8600,130.9400,800
1474485207,130.9000,130.9100,130.9000,130.9000,700
1474485286,130.8600,130.8600,130.8600,130.8600,100
1474485354,130.8400,130.8400,130.8400,130.8400,100
1474485467,130.8400,130.8500,130.8300,130.8500,500
1474485480,130.8300,130.9200,130.8300,130.9200,800
1474485627,130.9400,130.9400,130.9000,130.9000,1400
1474485693,130.8850,130.9000,130.8600,130.9000,1500
1474485751,130.9200,130.9200,130.8800,130.8800,2100
1474485787,130.9600,130.9600,130.9600,130.9600,1000
1474486019,131.0100,131.0100,130.9800,131.0100,2600
1474486047,131.0900,131.0900,131.0000,131.0250,2700
1474486297,131.1400,131.1400,131.1400,131.1400,600
1474486357,131.0700,131.1000,131.0500,131.1000,4000
1474486398,131.1700,131.1700,131.1200,131.1200,600
1474486618,131.2600,131.2600,131.2400,131.2400,1200
1474486635,131.2100,131.2600,131.1800,131.2300,1300
1474486719,131.1700,131.1700,131.1700,131.1700,300
1474486781,131.1800,131.1900,131.1800,131.1800,800
1474486810,131.2800,131.2800,131.2600,131.2600,800
1474486867,131.2300,131.2900,131.2300,131.2400,2900
1474487038,131.2200,131.2200,131.2200,131.2200,300
1474487096,131.3200,131.3200,131.2700,131.2700,1600
1474487154,131.4500,131.4500,131.3400,131.3500,2300
1474487176,131.5200,131.5200,131.4500,131.4500,400
1474487235,131.5450,131.5700,131.5200,131.5200,900
1474487338,131.5200,131.5800,131.5200,131.5200,4100
1474487342,131.5300,131.5300,131.5250,131.5250,400
1474487416,131.5300,131.5300,131.5300,131.5300,3000
1474487480,131.5000,131.5000,131.4700,131.5000,1300
1474487577,131.5050,131.5400,131.5050,131.5100,3900
1474487629,131.5100,131.5100,131.4400,131.4400,1400
1474487651,131.5200,131.5300,131.4300,131.5200,7900
1474487718,131.4400,131.5000,131.4400,131.4700,2900
1474487812,131.4400,131.4500,131.4400,131.4500,1600
1474487823,131.4100,131.4900,131.4000,131.4400,9000
1474487880,131.4050,131.4700,131.3400,131.4100,9700
1474487998,131.3700,131.3800,131.3100,131.3800,6300
1474488000,131.3100,131.3100,131.3100,131.3100,41100
