uri:/instrument/1.0/VUG/chartdata;type=quote;range=1d/csv
ticker:vug
Company-Name:Vanguard Growth ETF - DNQ
Exchange-Name:PCX
unit:MIN
timezone:EDT
currency:USD
gmtoffset:-14400
previous_close:112.0400
Timestamp:1474551000,1474574400
labels:1474552800,1474556400,1474560000,1474563600,1474567200,1474570800,1474574400
values:Timestamp,close,high,low,open,volume
close:112.6600,113.1100
high:112.6600,113.1100
low:112.6600,113.1100
open:112.6600,113.1100
volume:100,25900
1474551000,112.6600,112.6600,112.6600,112.6600,25900
1474551086,112.6697,112.6697,112.6697,112.6697,400
1474551130,112.8100,112.8100,112.7500,112.7500,1400
1474551182,112.8400,112.8400,112.8250,112.8300,2900
1474551340,112.9400,112.9400,112.9040,112.9040,400
1474551408,112.8917,112.8917,112.8917,112.8917,100
1474551441,112.8600,112.8905,112.8600,112.8905,600
1474551528,112.8500,112.8500,112.8500,112.8500,200
1474551603,112.8488,112.8500,112.8400,112.8500,400
1474551722,112.8300,112.8300,112.8100,112.8300,7200
1474551816,112.8000,112.8000,112.8000,112.8000,100
1474551861,112.8200,112.8200,112.8200,112.8200,300
1474551921,112.8300,112.8300,112.8300,112.8300,200
1474551964,112.8415,112.8599,112.8300,112.8300,1200
1474552072,112.8700,112.8700,112.8532,112.8532,600
1474552080,112.8350,112.8799,112.8350,112.8652,2500
1474552194,112.8400,112.8600,112.8400,112.8600,700
1474552217,112.8380,112.8380,112.8200,112.8200,700
1474552281,112.7900,112.7920,112.7900,112.7900,1000
1474552321,112.8399,112.8399,112.8170,112.8170,1500
1474552408,112.8400,112.8400,112.8400,112.8400,600
1474552463,112.8478,112.8478,112.8478,112.8478,400
1474552602,112.8699,112.8699,112.8699,112.8699,300
1474552671,112.8100,112.8100,112.8100,112.8100,100
1474552699,112.8400,112.8400,112.7956,112.7956,2200
1474552742,112.8200,112.8200,112.8200,112.8200,300
1474552917,112.8237,112.8237,112.8200,112.8226,500
1474552920,112.8400,112.8400,112.8400,112.8400,300
1474553106,112.8000,112.8210,112.7900,112.8000,1800
1474553174,112.8000,112.8000,112.7976,112.7989,1500
1474553319,112.8118,112.8118,112.7999,112.7999,2400
1474553421,112.7550,112.7550,112.7502,112.7502,500
1474553507,112.7600,112.7600,112.7600,112.7600,200
1474553534,112.7600,112.7600,112.7600,112.7600,600
1474553633,112.7700,112.7700,112.7700,112.7700,100
1474553696,112.7780,112.7790,112.7750,112.7790,4100
1474553707,112.7655,112.7655,112.7655,112.7655,300
1474553964,112.7900,112.8100,112.7900,112.8100,500
1474554042,112.8098,112.8114,112.8098,112.8114,400
1474554072,112.7978,112.7978,112.7978,112.7978,200
1474554166,112.8014,112.8014,112.7819,112.7911,1600
1474554181,112.8073,112.8079,112.7996,112.8050,2000
1474554243,112.8120,112.8120,112.8120,112.8120,700
1474554334,112.8800,112.8800,112.8800,112.8800,1100
1474554425,112.9267,112.9267,112.9150,112.9200,700
1474554497,112.9200,112.9300,112.9198,112.9198,3800
1474554578,112.9500,112.9500,112.9200,112.9200,300
1474554607,112.9544,112.9700,112.9188,112.9188,900
1474554674,112.9900,112.9900,112.9900,112.9900,700
1474554754,112.9799,112.9799,112.9723,112.9723,700
1474554813,113.0000,113.0000,112.9795,112.9795,2400
1474554878,113.0300,113.0300,113.0100,113.0100,600
1474554964,112.9936,113.0024,112.9936,113.0024,700
1474555030,112.9674,112.9826,112.9674,112.9826,700
1474555173,113.0000,113.0000,112.9850,112.9905,400
1474555235,112.9750,113.0000,112.9700,112.9940,2400
1474555261,112.9700,112.9700,112.9700,112.9700,300
1474555425,112.9100,112.9290,112.9100,112.9290,1300
1474555454,112.8700,112.8953,112.8700,112.8953,1700
1474555534,112.9100,112.9100,112.9100,112.9100,300
1474555630,112.9200,112.9250,112.9174,112.9250,1400
1474555739,112.9150,112.9169,112.9100,112.9100,3500
1474555740,112.8950,112.9150,112.8900,112.9150,2200
1474555857,112.9050,112.9100,112.9000,112.9000,1200
1474555866,112.8599,112.9100,112.8599,112.9100,400
1474555957,112.8500,112.8500,112.8400,112.8400,900
1474556039,112.8500,112.8600,112.8300,112.8300,4500
1474556096,112.8500,112.8500,112.8300,112.8500,600
1474556157,112.8427,112.8427,112.8310,112.8310,700
1474556166,112.8600,112.8700,112.8400,112.8400,4300
1474556279,112.8700,112.8800,112.8700,112.8800,1100
1474556333,112.8500,112.8600,112.8500,112.8538,900
1474556363,112.8500,112.8600,112.8500,112.8558,1700
1474556417,112.8400,112.8400,112.8300,112.8300,1500
1474556516,112.8569,112.8569,112.8528,112.8528,300
1474556547,112.8300,112.8599,112.8300,112.8599,200
1474556585,112.8000,112.8000,112.8000,112.8000,600
1474556678,112.8250,112.8350,112.8200,112.8200,1800
1474556754,112.8200,112.8300,112.8100,112.8300,1900
1474556808,112.8400,112.8400,112.8400,112.8400,200
1474556859,112.8200,112.8400,112.8200,112.8400,800
1474556938,112.8300,112.8300,112.8300,112.8300,100
1474556958,112.8181,112.8181,112.8181,112.8181,400
1474557000,112.8000,112.8287,112.8000,112.8269,7500
1474557118,112.7699,112.7699,112.7699,112.7699,200
1474557151,112.7799,112.7799,112.7799,112.7799,700
1474557353,112.7930,112.7930,112.7930,112.7930,300
1474557362,112.7650,112.7900,112.7650,112.7900,1500
1474557454,112.7873,112.7873,112.7822,112.7850,1100
1474557516,112.8115,112.8200,112.8100,112.8100,2000
1474557581,112.8299,112.8299,112.8299,112.8299,100
1474557604,112.8200,112.8350,112.8100,112.8200,2100
1474557685,112.7885,112.8000,112.7885,112.8000,400
1474557767,112.8000,112.8000,112.8000,112.8000,100
1474557781,112.8000,112.8200,112.7900,112.8000,6200
1474557896,112.7996,112.8199,112.7996,112.8099,700
1474557912,112.8299,112.8299,112.8100,112.8100,1000
1474558079,112.7499,112.7799,112.7499,112.7651,1600
1474558134,112.7570,112.7625,112.7300,112.7300,600
1474558165,112.7401,112.7401,112.7401,112.7401,200
1474558319,112.7500,112.7700,112.7500,112.7700,900
1474558350,112.7550,112.7550,112.7500,112.7500,500
1474558409,112.8030,112.8030,112.8030,112.8030,200
1474558457,112.8374,112.8500,112.8200,112.8200,700
1474558536,112.8400,112.8500,112.8400,112.8400,5200
1474558561,112.8289,112.8400,112.8289,112.8400,600
1474558667,112.8320,112.8320,112.8320,112.8320,100
1474558743,112.8300,112.8300,112.8300,112.8300,200
1474558854,112.8353,112.8353,112.8353,112.8353,200
1474558878,112.8284,112.8284,112.8284,112.8284,400
1474558933,112.8200,112.8250,112.8200,112.8200,400
1474558992,112.8000,112.8000,112.8000,112.8000,4000
1474559122,112.8000,112.8000,112.8000,112.8000,100
1474559189,112.8400,112.8400,112.8219,112.8219,400
1474559259,112.8200,112.8200,112.8200,112.8200,200
1474559287,112.8189,112.8189,112.8189,112.8189,300
1474559352,112.8151,112.8151,112.8151,112.8151,400
1474559481,112.7865,112.7900,112.7865,112.7900,1400
1474559538,112.8101,112.8101,112.7950,112.7950,900
1474559609,112.8000,112.8000,112.7802,112.8000,1000
1474559666,112.7712,112.7712,112.7601,112.7601,800
1474559747,112.7800,112.7800,112.7800,112.7800,100
1474559790,112.7900,112.7900,112.7800,112.7900,1700
1474559828,112.7700,112.7700,112.7700,112.7700,300
1474559918,112.8000,112.8050,112.7897,112.7990,12800
1474559974,112.8024,112.8074,112.8024,112.8074,200
1474560000,112.8300,112.8300,112.8300,112.8300,200
1474560105,112.8200,112.8200,112.8200,112.8200,200
1474560121,112.8650,112.8655,112.8388,112.8388,500
1474560198,112.8604,112.8604,112.8604,112.8604,400
1474560260,112.8986,112.8986,112.8986,112.8986,400
1474560348,112.8774,112.8800,112.8774,112.8800,300
1474560522,112.8599,112.8600,112.8599,112.8600,200
1474560540,112.8350,112.8440,112.8350,112.8440,600
1474560612,112.8166,112.8166,112.8166,112.8166,2500
1474560757,112.8000,112.8000,112.8000,112.8000,3000
1474560793,112.8418,112.8418,112.8418,112.8418,500
1474560872,112.8439,112.8439,112.8439,112.8439,1800
1474560948,112.8600,112.8600,112.8580,112.8600,1000
1474560978,112.8500,112.8500,112.8500,112.8500,300
1474561023,112.8500,112.8500,112.8500,112.8500,200
1474561227,112.8500,112.8551,112.8500,112.8551,400
1474561333,112.8300,112.8300,112.8290,112.8290,600
1474561450,112.8668,112.8668,112.8668,112.8668,400
1474561668,112.8650,112.8650,112.8650,112.8650,200
1474561692,112.9101,112.9200,112.8993,112.8993,1300
1474561745,112.9182,112.9182,112.9182,112.9182,100
1474561803,112.9250,112.9250,112.9120,112.9120,1400
1474562037,112.9400,112.9400,112.9274,112.9274,4000
1474562052,112.9329,112.9400,112.9329,112.9400,500
1474562101,112.9268,112.9400,112.9268,112.9400,2000
1474562169,112.9048,112.9300,112.9048,112.9300,800
1474562278,112.9104,112.9118,112.9000,112.9118,1300
1474562281,112.9100,112.9100,112.9000,112.9000,200
1474562364,112.9000,112.9000,112.9000,112.9000,200
1474562400,112.9200,112.9200,112.9200,112.9200,700
1474562507,112.9100,112.9100,112.9000,112.9100,1100
1474562618,112.8800,112.9000,112.8800,112.9000,400
1474562674,112.9029,112.9029,112.9029,112.9029,200
1474562759,112.9320,112.9320,112.9300,112.9300,400
1474562762,112.9300,112.9380,112.9300,112.9300,1000
1474562884,112.9600,112.9600,112.9500,112.9500,9400
1474562986,112.9400,112.9400,112.9400,112.9400,500
1474563056,112.9300,112.9300,112.9300,112.9300,100
1474563064,112.9499,112.9499,112.9326,112.9326,3500
1474563202,112.9600,112.9600,112.9550,112.9550,200
1474563341,112.9600,112.9600,112.9500,112.9500,200
1474563360,112.9287,112.9400,112.9287,112.9400,1300
1474563592,112.9650,112.9758,112.9650,112.9758,3200
1474563649,112.9686,112.9686,112.9686,112.9686,500
1474563765,113.0100,113.0100,113.0100,113.0100,200
1474563821,113.0200,113.0200,113.0200,113.0200,100
1474563851,113.0169,113.0290,113.0169,113.0290,1900
1474563943,113.0461,113.0461,113.0461,113.0461,400
1474564083,113.0501,113.0638,113.0501,113.0638,1200
1474564195,113.0700,113.0730,113.0700,113.0730,200
1474564246,113.0899,113.0899,113.0899,113.0899,100
1474564300,113.0900,113.0900,113.0860,113.0860,700
1474564371,113.0787,113.0790,113.0600,113.0790,600
1474564386,113.0800,113.0800,113.0600,113.0723,1300
1474564511,113.0600,113.0600,113.0600,113.0600,100
1474564579,113.0890,113.1000,113.0800,113.0970,3600
1474564761,113.0680,113.0680,113.0600,113.0600,300
1474564869,113.0790,113.0790,113.0730,113.0730,300
1474564920,113.0700,113.0719,113.0661,113.0719,3600
1474565034,113.0676,113.0676,113.0676,113.0676,1600
1474565102,113.0700,113.0800,113.0700,113.0700,1300
1474565181,113.0600,113.0650,113.0600,113.0650,500
1474565267,113.0160,113.0380,113.0160,113.0380,200
1474565285,113.0100,113.0212,113.0100,113.0101,1400
1474565364,113.0225,113.0225,113.0225,113.0225,300
1474565447,113.0210,113.0315,113.0210,113.0315,400
1474565492,113.0213,113.0213,113.0213,113.0213,400
1474565572,113.0500,113.0500,113.0301,113.0301,1000
1474565595,113.0574,113.0800,113.0574,113.0800,600
1474565678,113.0700,113.0700,113.0642,113.0642,1100
1474565731,113.0500,113.0800,113.0500,113.0799,600
1474565815,113.0600,113.0600,113.0600,113.0600,600
1474565845,113.0900,113.0900,113.0829,113.0829,1000
1474565984,113.1100,113.1100,113.1100,113.1100,300
1474566016,113.0930,113.1000,113.0930,113.1000,1100
1474566070,113.0560,113.0850,113.0560,113.0800,800
1474566168,113.0709,113.0709,113.0709,113.0709,2300
1474566196,113.0600,113.0700,113.0600,113.0700,500
1474566247,113.0599,113.0599,113.0500,113.0500,500
1474566312,113.0300,113.0400,113.0300,113.0400,6000
1474566376,113.0226,113.0300,113.0226,113.0300,700
1474566432,113.0100,113.0100,113.0100,113.0100,100
1474566582,113.0400,113.0400,113.0400,113.0400,100
1474566659,113.0300,113.0300,113.0100,113.0100,200
1474566667,112.9850,113.0300,112.9800,113.0300,1200
1474566878,113.0107,113.0163,113.0107,113.0163,400
1474567066,113.0023,113.0023,113.0023,113.0023,2000
1474567088,112.9900,113.0085,112.9900,113.0085,1400
1474567189,112.9900,113.0100,112.9900,112.9982,700
1474567217,113.0097,113.0098,112.9901,113.0098,1600
1474567315,113.0050,113.0240,113.0050,113.0200,1000
1474567359,113.0300,113.0300,113.0234,113.0300,400
1474567387,113.0316,113.0470,113.0201,113.0201,1000
1474567464,113.0290,113.0300,113.0290,113.0300,200
1474567552,113.0500,113.0500,113.0300,113.0300,1300
1474567599,113.0400,113.0600,113.0400,113.0600,3000
1474567626,113.0351,113.0500,113.0351,113.0500,400
1474567744,113.0419,113.0419,113.0419,113.0419,1100
1474567834,113.0400,113.0400,113.0200,113.0300,2500
1474567867,113.0240,113.0240,113.0240,113.0240,500
1474567974,112.9200,112.9801,112.8900,112.9801,10100
1474568036,112.8300,112.8988,112.8200,112.8800,800
1474568062,112.8000,112.8500,112.8000,112.8480,1400
1474568156,112.7605,112.7900,112.7605,112.7756,1100
1474568169,112.8400,112.8400,112.8000,112.8000,1300
1474568267,112.8472,112.8600,112.8322,112.8600,800
1474568290,112.8199,112.8470,112.8100,112.8300,1300
1474568355,112.7800,112.8092,112.7800,112.8092,600
1474568472,112.8072,112.8291,112.8072,112.8291,600
1474568548,112.7400,112.8000,112.7400,112.7900,7200
1474568694,112.7800,112.7870,112.7800,112.7870,700
1474568724,112.7724,112.7799,112.7724,112.7799,1400
1474568764,112.8100,112.8100,112.7900,112.7900,900
1474568855,112.8173,112.8173,112.8173,112.8173,100
1474568880,112.8280,112.8280,112.8280,112.8280,400
1474569042,112.7907,112.7907,112.7907,112.7907,200
1474569088,112.7999,112.8397,112.7999,112.8397,10300
1474569160,112.7600,112.7900,112.7600,112.7900,1400
1474569280,112.7374,112.7374,112.7374,112.7374,200
1474569344,112.7200,112.7250,112.7200,112.7250,200
1474569419,112.8100,112.8100,112.7600,112.7600,800
1474569430,112.8150,112.8200,112.8100,112.8100,800
1474569509,112.8050,112.8060,112.8050,112.8060,400
1474569564,112.7917,112.7917,112.7745,112.7907,4600
1474569668,112.8300,112.8300,112.8025,112.8025,700
1474569730,112.8499,112.8499,112.8275,112.8393,5300
1474569819,112.8300,112.8400,112.8300,112.8400,400
1474569841,112.8200,112.8400,112.8200,112.8400,700
1474569900,112.8900,112.8900,112.8300,112.8300,16500
1474569999,112.8600,112.8600,112.8600,112.8600,1200
1474570027,112.8690,112.8690,112.8528,112.8587,4000
1474570116,112.8700,112.8700,112.8700,112.8700,400
1474570141,112.8800,112.8800,112.8800,112.8800,100
1474570207,112.8600,112.8700,112.8596,112.8700,400
1474570260,112.8301,112.8400,112.8300,112.8376,3100
1474570338,112.8699,112.8699,112.8500,112.8600,800
1474570382,112.9000,112.9000,112.8900,112.8900,2800
1474570447,112.9600,112.9600,112.9300,112.9300,1500
1474570599,112.9650,112.9700,112.9400,112.9700,1300
1474570624,112.9600,112.9600,112.9600,112.9600,300
1474570699,112.9840,112.9900,112.9600,112.9600,1500
1474570742,112.9950,112.9950,112.9700,112.9835,4800
1474570914,112.9826,112.9930,112.9800,112.9916,1400
1474570976,113.0300,113.0300,113.0200,113.0200,1200
1474571035,112.9898,112.9898,112.9898,112.9898,200
1474571101,113.0037,113.0037,113.0037,113.0037,200
1474571170,112.9910,113.0000,112.9910,113.0000,400
1474571247,112.9795,112.9795,112.9600,112.9600,500
1474571281,112.9736,112.9736,112.9600,112.9600,2200
1474571362,112.9500,112.9500,112.9500,112.9500,700
1474571406,112.9400,112.9400,112.9400,112.9400,700
1474571499,112.9520,112.9647,112.9500,112.9647,2700
1474571546,112.9844,112.9844,112.9844,112.9844,200
1474571580,112.9895,112.9895,112.9702,112.9702,600
1474571643,112.9730,112.9795,112.9730,112.9770,2800
1474571739,112.9702,112.9716,112.9695,112.9695,700
1474571762,112.9308,112.9530,112.9308,112.9530,800
1474571984,112.9499,112.9499,112.9499,112.9499,200
1474572002,112.9400,112.9400,112.9400,112.9400,400
1474572184,112.9300,112.9700,112.9300,112.9700,600
1474572288,112.9593,112.9593,112.9400,112.9400,23800
1474572333,112.9620,112.9730,112.9620,112.9730,1500
1474572425,112.9701,112.9800,112.9647,112.9647,1100
1474572568,112.9700,112.9700,112.9700,112.9700,100
1474572600,112.9874,112.9874,112.9700,112.9700,3800
1474572663,113.0200,113.0200,112.9800,112.9800,1400
1474572720,112.9952,113.0200,112.9952,113.0200,400
1474572785,113.0200,113.0200,113.0089,113.0089,4300
1474572902,113.0200,113.0269,113.0175,113.0175,1300
1474572995,113.0599,113.0599,113.0400,113.0400,1200
1474573061,113.0500,113.0500,113.0400,113.0400,400
1474573084,113.0576,113.0600,113.0576,113.0600,400
1474573157,113.0400,113.0548,113.0400,113.0546,2000
1474573231,113.0300,113.0400,113.0300,113.0400,1200
1474573260,113.0130,113.0352,113.0000,113.0352,1700
1474573324,113.0188,113.0300,113.0100,113.0260,6200
1474573515,113.0580,113.0580,113.0381,113.0400,2200
1474573589,113.0400,113.0400,113.0300,113.0300,300
1474573623,113.0010,113.0500,113.0010,113.0500,1300
1474573728,112.9900,112.9900,112.9900,112.9900,300
1474573743,113.0000,113.0000,112.9899,112.9899,7000
1474573855,112.9900,113.0199,112.9900,113.0199,900
1474573874,112.9700,112.9900,112.9700,112.9900,1200
1474573922,112.9700,112.9799,112.9600,112.9600,1200
1474573990,112.9800,112.9800,112.9660,112.9660,1300
1474574096,112.9975,112.9975,112.9824,112.9824,600
1474574103,112.9700,113.0000,112.9642,113.0000,3500
1474574212,113.0200,113.0200,112.9800,112.9800,3300
1474574220,113.0200,113.0200,113.0000,113.0200,5500
1474574280,112.9900,113.0100,112.9852,113.0100,3300
1474574399,112.9600,112.9800,112.9438,112.9800,7300
1474574400,112.9700,112.9700,112.9700,112.9700,1900
