uri:/instrument/1.0/SPGI/chartdata;type=quote;range=1d/csv
ticker:spgi
Company-Name:S&P Global Inc. Common Stock
Exchange-Name:NYQ
unit:MIN
timezone:EDT
currency:USD
gmtoffset:-14400
previous_close:126.8600
Timestamp:1475069400,1475092800
labels:1475071200,1475074800,1475078400,1475082000,1475085600,1475089200,1475092800
values:Timestamp,close,high,low,open,volume
close:125.6900,127.7200
high:125.7500,127.7400
low:125.6900,127.6100
open:125.7500,127.7200
volume:100,37500
1475069409,127.0900,127.0900,127.0900,127.0900,5600
1475069617,127.2700,127.3000,127.2300,127.2300,1000
1475069712,127.3150,127.5000,127.2900,127.4700,3200
1475069819,127.3700,127.3800,127.2600,127.2700,1100
1475069868,127.3100,127.3700,127.2900,127.3700,700
1475069882,127.2000,127.2950,127.2000,127.2950,3500
1475069953,127.1500,127.2050,127.1500,127.2050,1500
1475070002,126.9560,127.2300,126.9300,127.2200,4800
1475070062,127.0600,127.0600,126.8200,126.8200,2200
1475070121,126.9400,127.1700,126.9400,127.0600,1700
1475070231,126.7600,127.0100,126.7600,127.0100,6200
1475070242,126.7500,126.7500,126.7500,126.7500,300
1475070304,126.8400,126.9200,126.7600,126.7600,2800
1475070366,126.9300,126.9300,126.8300,126.8300,600
1475070422,126.6600,126.8400,126.6600,126.8400,3700
1475070522,126.5500,126.5800,126.4000,126.5800,4900
1475070599,126.6100,126.6100,126.4200,126.5500,4400
1475070601,126.6000,126.6000,126.6000,126.6000,100
1475070710,126.4701,126.4701,126.4701,126.4701,300
1475070754,126.5000,126.5400,126.4801,126.4801,400
1475070789,126.6600,126.6600,126.5400,126.5900,1400
1475070843,126.6350,126.6600,126.5900,126.6400,1900
1475070900,126.6400,126.6900,126.6400,126.6650,500
1475071005,126.6400,126.7500,126.6400,126.7400,2300
1475071026,126.6500,126.6650,126.6000,126.6200,1200
1475071094,126.6800,126.7300,126.6650,126.7000,900
1475071163,126.8700,126.8800,126.7700,126.7700,1000
1475071254,126.9200,126.9200,126.9000,126.9000,900
1475071262,126.9800,127.0000,126.9200,126.9200,2800
1475071327,127.0300,127.0300,126.9300,126.9800,1500
1475071438,126.8800,126.9400,126.8600,126.9400,3000
1475071447,127.0100,127.0100,126.9200,126.9200,2300
1475071559,127.0100,127.0800,127.0100,127.0800,2300
1475071560,126.9900,127.0150,126.9900,127.0000,900
1475071677,126.9600,126.9700,126.8700,126.9700,6900
1475071735,126.7800,126.9189,126.7800,126.8900,2500
1475071799,126.7500,126.7900,126.6800,126.7600,2900
1475071859,126.7700,126.7900,126.7000,126.7000,1800
1475071881,126.6200,126.7600,126.5700,126.7600,2800
1475071979,126.5600,126.6700,126.5200,126.6300,5500
1475071980,126.4900,126.5900,126.4900,126.5600,2800
1475072045,126.5100,126.5800,126.5100,126.5600,1200
1475072111,126.4700,126.6200,126.4700,126.5800,3700
1475072170,126.5000,126.6100,126.5000,126.5300,3700
1475072272,126.4700,126.5000,126.4700,126.5000,500
1475072307,126.4600,126.4600,126.4600,126.4600,200
1475072342,126.4100,126.4200,126.4100,126.4200,500
1475072419,126.3300,126.3700,126.3300,126.3700,300
1475072476,126.2900,126.3900,126.2100,126.3100,1700
1475072523,126.3400,126.3400,126.2300,126.2600,1900
1475072618,126.2900,126.3300,126.2900,126.3300,500
1475072753,126.2900,126.3000,126.2900,126.3000,500
1475072781,126.2900,126.3300,126.2900,126.3300,700
1475072830,126.2901,126.2901,126.2900,126.2900,600
1475072913,126.1600,126.2400,126.1400,126.2400,1800
1475072976,126.2500,126.2900,126.1500,126.1500,2300
1475073010,126.2600,126.3600,126.2201,126.3300,4800
1475073137,126.2550,126.3800,126.2300,126.3300,2700
1475073229,126.3200,126.3200,126.2600,126.3000,1300
1475073266,126.2600,126.3150,126.2000,126.2800,2400
1475073359,126.2400,126.2800,126.2100,126.2500,2100
1475073367,126.2400,126.2400,126.1900,126.1900,800
1475073429,126.2700,126.3250,126.2200,126.2700,3000
1475073484,126.1800,126.2600,126.1600,126.2300,3400
1475073585,126.2300,126.2300,126.2200,126.2200,1600
1475073600,126.2400,126.2400,126.1600,126.1900,1200
1475073672,126.2100,126.2400,126.2100,126.2400,600
1475073739,126.3400,126.3400,126.2700,126.2700,1000
1475073833,126.3955,126.3955,126.3300,126.3400,600
1475073852,126.4000,126.4000,126.3800,126.3900,1200
1475073957,126.2400,126.3300,126.2400,126.3300,4200
1475073994,126.0900,126.2000,126.0800,126.2000,2300
1475074038,126.2100,126.2100,126.1300,126.1600,2300
1475074136,126.1500,126.1900,126.1000,126.1900,900
1475074146,126.0900,126.1300,126.0900,126.0900,1000
1475074255,126.0900,126.1500,126.0900,126.1100,1500
1475074295,126.1100,126.1400,126.1000,126.1400,600
1475074321,125.9600,126.0400,125.9600,126.0400,400
1475074428,126.0900,126.0900,126.0400,126.0400,600
1475074487,126.0950,126.1000,126.0700,126.1000,900
1475074558,126.1200,126.1200,126.1200,126.1200,900
1475074589,126.2200,126.2200,126.1200,126.1200,3000
1475074659,126.1950,126.3000,126.1800,126.2100,2500
1475074691,126.0400,126.2200,126.0400,126.2200,4500
1475074793,126.0800,126.0800,126.0300,126.0300,600
1475074849,125.9500,126.0400,125.9000,126.0400,2900
1475074866,126.0200,126.0200,125.9000,125.9000,4600
1475075005,125.9100,125.9950,125.9100,125.9775,6200
1475075041,125.6900,125.8900,125.6900,125.8900,1500
1475075145,125.7500,125.7500,125.7500,125.7500,300
1475075164,125.7600,125.7600,125.7600,125.7600,100
1475075222,125.7600,125.7900,125.7500,125.7600,2400
1475075282,125.8000,125.9200,125.8000,125.8100,10900
1475075453,125.7400,125.8100,125.7400,125.7900,2800
1475075520,125.8700,125.8700,125.8100,125.8100,1600
1475075630,125.9600,125.9700,125.9300,125.9300,1000
1475075649,125.8500,125.9600,125.8500,125.9600,2800
1475075721,125.8200,125.8400,125.8200,125.8400,600
1475075769,125.9000,125.9100,125.8600,125.8600,2100
1475075832,125.9300,125.9300,125.9000,125.9000,800
1475075933,125.9700,126.0000,125.9600,125.9600,2000
1475075954,125.9800,125.9800,125.9300,125.9300,700
1475076049,125.9795,126.0100,125.9795,125.9900,2000
1475076061,126.0150,126.0500,126.0100,126.0100,1800
1475076153,126.0600,126.0600,125.9900,125.9900,200
1475076234,126.0300,126.0600,125.9986,126.0600,500
1475076287,126.0500,126.0500,126.0000,126.0400,1500
1475076311,126.0300,126.0600,125.9700,126.0600,3000
1475076383,126.0000,126.0100,125.9100,125.9900,1500
1475076460,126.0300,126.0300,125.9925,126.0000,5200
1475076483,126.0200,126.0300,125.9800,125.9950,1600
1475076592,126.0000,126.0500,125.9900,126.0000,1100
1475076612,125.9700,126.0000,125.9600,126.0000,2500
1475076708,125.9450,126.0000,125.9200,126.0000,2300
1475076777,125.8500,125.9503,125.8500,125.9503,1100
1475076838,125.8800,125.8800,125.8450,125.8450,1200
1475076886,125.9400,125.9400,125.8000,125.8800,4300
1475076914,125.9300,125.9800,125.8800,125.9300,2600
1475077012,125.9700,126.0350,125.9350,126.0100,2800
1475077031,126.0000,126.0000,126.0000,126.0000,300
1475077115,126.0200,126.0300,126.0200,126.0200,300
1475077154,126.0000,126.0200,126.0000,126.0200,900
1475077244,126.0900,126.0900,126.0000,126.0400,1800
1475077275,126.0100,126.0400,126.0100,126.0400,300
1475077335,126.0000,126.0200,125.9800,126.0100,1000
1475077429,125.9863,125.9900,125.9700,125.9800,2900
1475077492,126.0300,126.0300,125.9700,125.9700,2000
1475077556,126.1100,126.1100,126.0400,126.0400,1500
1475077565,126.1900,126.1900,126.1200,126.1350,3100
1475077642,126.1800,126.1800,126.1700,126.1700,200
1475077722,126.2100,126.2100,126.1900,126.1900,600
1475077789,126.2700,126.2700,126.2200,126.2200,1600
1475077802,126.2800,126.2800,126.2800,126.2800,2100
1475077878,126.2500,126.3000,126.2500,126.2800,3300
1475077946,126.2700,126.2700,126.2300,126.2300,1700
1475078027,126.2750,126.3000,126.2750,126.3000,300
1475078090,126.2000,126.2950,126.2000,126.2400,6100
1475078186,126.2000,126.2000,126.1900,126.1900,300
1475078276,126.1400,126.2050,126.1200,126.1720,4700
1475078339,126.2100,126.2100,126.1400,126.1400,1900
1475078395,126.2900,126.2900,126.2100,126.2100,4400
1475078450,126.2300,126.3100,126.2300,126.2800,1800
1475078518,126.1200,126.2200,126.0900,126.2200,3200
1475078534,126.1100,126.1400,126.1100,126.1200,1000
1475078591,126.1000,126.1000,126.1000,126.1000,500
1475078684,126.0600,126.0600,126.0600,126.0600,100
1475078702,126.1500,126.1600,126.0800,126.0800,1900
1475078807,126.1600,126.1800,126.1500,126.1500,4200
1475078858,126.2000,126.2100,126.1800,126.1800,1700
1475078892,126.2100,126.2100,126.1900,126.2000,1500
1475078969,126.2400,126.2400,126.2100,126.2400,2100
1475079049,126.2250,126.2600,126.2250,126.2300,4200
1475079102,126.2900,126.3099,126.2900,126.2900,700
1475079140,126.3700,126.3700,126.2649,126.2649,1000
1475079235,126.3300,126.3700,126.3300,126.3700,900
1475079243,126.4300,126.4300,126.3100,126.3500,1200
1475079355,126.3100,126.4000,126.3100,126.4000,2500
1475079362,126.2700,126.3000,126.2700,126.3000,300
1475079431,126.2500,126.2750,126.2500,126.2750,500
1475079596,126.2200,126.3100,126.2100,126.2900,5900
1475079637,126.2000,126.2500,126.2000,126.2200,900
1475079669,126.2500,126.2500,126.1733,126.2000,4600
1475079764,126.3000,126.3000,126.3000,126.3000,300
1475079838,126.3100,126.3200,126.2700,126.3200,1200
1475079850,126.3000,126.3000,126.3000,126.3000,800
1475080063,126.3500,126.3500,126.3400,126.3500,400
1475080094,126.3450,126.3450,126.2900,126.3400,9300
1475080151,126.3600,126.3600,126.3200,126.3200,1600
1475080257,126.4100,126.4100,126.3600,126.3600,2100
1475080268,126.4400,126.4600,126.4100,126.4100,7700
1475080327,126.4600,126.4600,126.4500,126.4500,500
1475080413,126.5300,126.5300,126.4600,126.4600,3900
1475080443,126.5050,126.5300,126.4600,126.5300,3000
1475080503,126.5000,126.5000,126.4570,126.4570,1600
1475080582,126.4600,126.4600,126.4100,126.4300,800
1475080621,126.3700,126.4000,126.3700,126.4000,1100
1475080681,126.4400,126.4400,126.3900,126.3900,900
1475080742,126.4700,126.4700,126.4300,126.4700,1200
1475080855,126.4500,126.4650,126.4500,126.4650,900
1475080924,126.5100,126.5300,126.4800,126.4900,2000
1475081016,126.6100,126.6100,126.5500,126.5500,900
1475081151,126.6900,126.6900,126.6100,126.6100,2300
1475081165,126.6700,126.7000,126.6600,126.7000,1500
1475081269,126.6400,126.6400,126.6400,126.6400,600
1475081282,126.6100,126.6100,126.6100,126.6100,400
1475081366,126.6100,126.6100,126.6100,126.6100,600
1475081417,126.5700,126.6000,126.5700,126.6000,400
1475081486,126.6500,126.6570,126.6000,126.6000,1500
1475081523,126.6400,126.6400,126.6400,126.6400,1500
1475081635,126.6100,126.6100,126.6100,126.6100,500
1475081650,126.6800,126.6800,126.6300,126.6300,900
1475081727,126.6900,126.6900,126.6900,126.6900,500
1475081818,126.5900,126.6900,126.5900,126.6900,1900
1475081823,126.5700,126.5900,126.5700,126.5900,400
1475081921,126.6100,126.6100,126.5900,126.5900,800
1475081962,126.5900,126.5900,126.5900,126.5900,1000
1475082009,126.5400,126.5500,126.5100,126.5500,1400
1475082089,126.5100,126.5400,126.5100,126.5400,800
1475082137,126.5000,126.5000,126.5000,126.5000,300
1475082216,126.5600,126.5600,126.4900,126.4900,1400
1475082245,126.5736,126.5900,126.5736,126.5900,1300
1475082345,126.6100,126.6100,126.6000,126.6000,400
1475082411,126.6300,126.6400,126.6300,126.6400,1400
1475082426,126.6000,126.6000,126.6000,126.6000,100
1475082503,126.6400,126.6400,126.6000,126.6200,2500
1475082639,126.6000,126.6100,126.6000,126.6000,400
1475082671,126.6600,126.6600,126.6200,126.6200,1600
1475082776,126.5800,126.6300,126.5800,126.6300,1600
1475082783,126.5500,126.5800,126.5500,126.5800,500
1475082854,126.5100,126.5100,126.5100,126.5100,100
1475082904,126.5500,126.5600,126.5200,126.5300,1800
1475082968,126.6600,126.6600,126.5700,126.5700,1100
1475083031,126.6600,126.7000,126.6400,126.7000,1900
1475083156,126.6300,126.6500,126.6300,126.6500,1400
1475083202,126.7100,126.7100,126.6500,126.6700,700
1475083299,126.7600,126.7600,126.7400,126.7400,1100
1475083330,126.8000,126.8100,126.8000,126.8100,600
1475083437,126.7800,126.8000,126.7700,126.8000,2200
1475083498,126.7400,126.7600,126.7300,126.7600,1200
1475083506,126.7000,126.7200,126.7000,126.7200,700
1475083609,126.7250,126.7250,126.6939,126.6939,200
1475083653,126.7700,126.7700,126.7250,126.7250,900
1475083705,126.7350,126.7600,126.7350,126.7600,1500
1475083746,126.7000,126.7000,126.7000,126.7000,300
1475083801,126.7600,126.7600,126.7200,126.7400,1700
1475083912,126.8800,126.8800,126.7600,126.7800,2400
1475083979,126.8800,126.9000,126.8700,126.8800,5300
1475083981,126.8400,126.9000,126.8400,126.8900,6900
1475084042,126.7800,126.8000,126.7700,126.8000,2900
1475084214,126.7600,126.7900,126.7600,126.7900,1700
1475084279,126.7300,126.7500,126.7300,126.7500,700
1475084285,126.7200,126.7200,126.7200,126.7200,200
1475084382,126.7200,126.7200,126.7200,126.7200,100
1475084416,126.7200,126.7200,126.7200,126.7200,100
1475084478,126.7400,126.7600,126.7400,126.7600,600
1475084526,126.6900,126.7400,126.6900,126.7400,2500
1475084631,126.7000,126.7000,126.7000,126.7000,300
1475084742,126.7900,126.8000,126.7300,126.7300,4200
1475084789,126.7900,126.8000,126.7800,126.7800,4400
1475084850,126.7500,126.7700,126.7500,126.7700,1200
1475084884,126.6600,126.7100,126.6600,126.7100,1100
1475084970,126.6200,126.7000,126.6200,126.7000,600
1475085031,126.6200,126.6400,126.6200,126.6400,500
1475085080,126.6600,126.6600,126.6104,126.6104,1100
1475085216,126.6900,126.6925,126.6900,126.6900,2000
1475085274,126.7000,126.7000,126.7000,126.7000,700
1475085308,126.7300,126.7300,126.7060,126.7100,1200
1475085418,126.7000,126.7200,126.6700,126.7200,1900
1475085426,126.6500,126.6953,126.6500,126.6953,1800
1475085527,126.6800,126.6800,126.6500,126.6500,1300
1475085582,126.6600,126.6600,126.6600,126.6600,100
1475085636,126.7000,126.7100,126.7000,126.7000,1000
1475085716,126.7400,126.7400,126.7100,126.7100,5500
1475085721,126.7200,126.7400,126.7100,126.7400,3500
1475085832,126.7600,126.7600,126.7600,126.7600,400
1475085840,126.7400,126.7600,126.7400,126.7600,1400
1475085957,126.7500,126.7800,126.7500,126.7500,3300
1475085974,126.7600,126.7600,126.7600,126.7600,500
1475086077,126.7900,126.7900,126.7700,126.7700,1000
1475086121,126.8000,126.8000,126.7900,126.7900,2000
1475086144,126.7400,126.7900,126.7250,126.7800,4100
1475086255,126.8000,126.8000,126.7600,126.7600,7100
1475086264,126.8200,126.8200,126.7500,126.7900,900
1475086330,126.8000,126.8200,126.7700,126.8200,2800
1475086439,126.8500,126.9100,126.7800,126.8000,8700
1475086445,126.8600,126.8600,126.8500,126.8500,600
1475086541,126.9200,126.9200,126.8900,126.8900,1000
1475086593,126.8700,126.9100,126.8700,126.8700,1200
1475086626,126.8800,126.8800,126.8300,126.8300,2300
1475086723,126.9300,126.9300,126.8900,126.8900,1100
1475086758,126.9800,126.9800,126.9400,126.9400,1500
1475086813,127.0100,127.0100,126.9800,126.9800,4100
1475086862,126.9200,127.0300,126.9200,127.0300,2300
1475086938,127.0100,127.0100,126.9300,126.9500,1400
1475087038,127.1100,127.1100,127.0500,127.0900,300
1475087088,127.1300,127.1300,127.1100,127.1100,500
1475087105,127.0500,127.1200,127.0000,127.1200,2800
1475087163,127.3300,127.3300,127.0700,127.0700,1800
1475087225,127.2701,127.3400,127.2701,127.3400,700
1475087338,127.1200,127.2800,127.1200,127.2800,2100
1475087399,127.3000,127.3000,127.1500,127.1500,6800
1475087400,127.3700,127.3700,127.3000,127.3000,2100
1475087483,127.3600,127.3700,127.2800,127.3700,300
1475087576,127.3500,127.4200,127.3200,127.3800,8100
1475087582,127.3000,127.3400,127.2900,127.3273,1100
1475087697,127.2500,127.3100,127.2400,127.3100,1400
1475087700,127.2100,127.2500,127.2100,127.2500,4000
1475087811,127.1100,127.2100,127.1100,127.2100,1500
1475087850,127.1899,127.1899,127.1300,127.1300,2400
1475087889,127.1700,127.1900,127.1600,127.1900,1100
1475087971,127.1600,127.1600,127.1300,127.1400,400
1475088051,127.2800,127.2800,127.1800,127.1800,1800
1475088065,127.2000,127.2650,127.1600,127.2650,1500
1475088157,127.2300,127.2300,127.2300,127.2300,100
1475088219,127.2500,127.2900,127.2500,127.2570,2600
1475088264,127.2500,127.2500,127.1900,127.2300,1400
1475088322,127.2700,127.2700,127.2700,127.2700,800
1475088381,127.2700,127.2700,127.2700,127.2700,300
1475088479,127.2700,127.2700,127.2600,127.2600,1200
1475088483,127.3900,127.4000,127.2800,127.2800,3800
1475088545,127.3800,127.4300,127.3800,127.4000,4000
1475088646,127.3850,127.3850,127.3850,127.3850,600
1475088707,127.3800,127.4100,127.3600,127.4100,1800
1475088756,127.3200,127.3800,127.3200,127.3800,2300
1475088833,127.3200,127.3200,127.3200,127.3200,500
1475088897,127.3500,127.3800,127.3200,127.3200,2200
1475088902,127.3200,127.3600,127.3200,127.3550,3600
1475088973,127.2200,127.2600,127.2200,127.2600,800
1475089135,127.2800,127.2800,127.2100,127.2300,1000
1475089195,127.3199,127.3200,127.2800,127.2800,1900
1475089203,127.2800,127.2900,127.2600,127.2900,2100
1475089314,127.2800,127.2900,127.2700,127.2700,2600
1475089369,127.2200,127.2850,127.2050,127.2700,1000
1475089385,127.2500,127.2500,127.2200,127.2200,2000
1475089484,127.2400,127.2700,127.2400,127.2700,200
1475089504,127.2500,127.2800,127.2500,127.2700,2200
1475089584,127.2363,127.2600,127.2363,127.2400,1800
1475089620,127.2160,127.2400,127.2160,127.2300,700
1475089737,127.2100,127.2500,127.2100,127.2500,1600
1475089740,127.2400,127.2400,127.1900,127.2000,3300
1475089825,127.2200,127.2350,127.2200,127.2350,800
1475089942,127.2100,127.2400,127.2100,127.2100,1100
1475090036,127.2100,127.2500,127.2100,127.2200,3200
1475090088,127.2050,127.2100,127.1800,127.2100,2400
1475090157,127.2800,127.2800,127.1940,127.1940,1700
1475090184,127.2500,127.2800,127.2400,127.2800,1400
1475090226,127.2291,127.2900,127.2291,127.2900,700
1475090332,127.2800,127.2800,127.2200,127.2300,2400
1475090388,127.2500,127.2900,127.2500,127.2700,3100
1475090454,127.2300,127.2500,127.2000,127.2400,4300
1475090472,127.2700,127.2700,127.2100,127.2164,900
1475090523,127.2600,127.2600,127.2100,127.2500,1500
1475090592,127.3000,127.3000,127.2400,127.2600,1200
1475090640,127.3100,127.3100,127.2600,127.3100,4100
1475090702,127.2300,127.3200,127.2300,127.2800,10500
1475090765,127.0800,127.2100,127.0700,127.2000,8900
1475090820,127.1500,127.1600,127.1000,127.1100,6600
1475090927,127.0700,127.1450,127.0700,127.1400,9000
1475090951,127.0600,127.0600,127.0300,127.0400,2300
1475091000,127.0300,127.0700,127.0300,127.0600,3200
1475091118,127.0300,127.0400,127.0000,127.0200,3000
1475091138,126.9600,127.0300,126.9600,127.0200,1800
1475091189,127.0200,127.0200,126.9600,126.9600,3100
1475091249,127.0300,127.0600,127.0300,127.0300,1600
1475091348,127.0500,127.0500,127.0300,127.0450,2100
1475091419,127.1200,127.1200,127.0300,127.0300,4300
1475091476,127.1000,127.1400,127.1000,127.1200,3500
1475091482,127.1600,127.1625,127.1100,127.1100,4900
1475091556,127.2500,127.2500,127.1700,127.1700,2900
1475091608,127.3100,127.3300,127.2800,127.2900,6400
1475091719,127.4000,127.4000,127.3100,127.3300,8300
1475091720,127.4000,127.4100,127.3900,127.4000,4900
1475091833,127.4200,127.4400,127.3800,127.4000,6700
1475091898,127.4800,127.4800,127.4200,127.4200,4800
1475091956,127.6550,127.6550,127.4800,127.4800,12300
1475092017,127.6100,127.6700,127.6000,127.6000,8800
1475092020,127.5800,127.6200,127.5800,127.6100,6500
1475092132,127.5700,127.6200,127.5700,127.6000,7300
1475092197,127.5450,127.5700,127.5450,127.5500,2700
1475092255,127.4700,127.5400,127.4600,127.5400,10800
1475092260,127.4400,127.4700,127.4300,127.4700,7900
1475092321,127.5400,127.5500,127.4400,127.4600,9100
1475092381,127.6100,127.6100,127.5300,127.5500,8800
1475092443,127.5900,127.5950,127.5650,127.5900,9400
1475092500,127.5800,127.6100,127.5500,127.5900,16600
1475092619,127.6000,127.6000,127.5400,127.5650,11100
1475092621,127.6300,127.6300,127.5700,127.5800,18300
1475092680,127.7200,127.7300,127.6100,127.6500,18600
1475092740,127.5600,127.7400,127.5500,127.7200,37500
1475092800,127.5600,127.5600,127.5600,127.5600,400
