uri:/instrument/1.0/RE/chartdata;type=quote;range=1d/csv
ticker:re
Company-Name:Everest Re Group, Ltd. Common S
Exchange-Name:NYQ
unit:MIN
timezone:EDT
currency:USD
gmtoffset:-14400
previous_close:193.6900
Timestamp:1474551000,1474574400
labels:1474552800,1474556400,1474560000,1474563600,1474567200,1474570800,1474574400
values:Timestamp,close,high,low,open,volume
close:193.7900,195.6600
high:193.7900,195.6600
low:193.7900,195.6600
open:193.7900,195.6600
volume:100,5800
1474551133,194.0900,194.1700,193.8800,193.8800,3100
1474551332,194.1300,194.1300,194.1300,194.1300,100
1474551360,194.5250,194.5250,194.5250,194.5250,100
1474551488,194.2300,194.2300,194.2300,194.2300,100
1474551607,194.3200,194.5000,194.2400,194.3100,1200
1474551676,194.3200,194.3200,194.3200,194.3200,200
1474551789,193.7900,193.7900,193.7900,193.7900,500
1474551860,194.1900,194.2500,194.1900,194.2500,500
1474552006,193.9700,194.3900,193.9010,194.3900,400
1474552229,194.0210,194.0210,194.0210,194.0210,100
1474552266,194.0200,194.0200,194.0200,194.0200,100
1474552416,194.0400,194.2600,194.0400,194.2600,400
1474552541,194.0300,194.0500,194.0300,194.0500,900
1474552713,193.9000,194.1000,193.9000,194.1000,200
1474552798,193.8700,193.8700,193.8700,193.8700,700
1474552898,194.4500,194.4500,194.4500,194.4500,400
1474553399,194.5900,194.5900,194.5700,194.5700,500
1474553409,194.4200,194.4200,194.4200,194.4200,100
1474553481,194.5500,194.5500,194.5500,194.5500,200
1474553681,194.6400,194.6400,194.5600,194.5600,1100
1474553781,194.6300,194.6400,194.6300,194.6400,400
1474553895,194.6300,194.6300,194.6300,194.6300,600
1474553967,194.6900,194.6900,194.6900,194.6900,100
1474554072,194.5900,194.6000,194.5700,194.6000,700
1474554123,194.5400,194.5400,194.5400,194.5400,100
1474554187,194.4100,194.5400,194.4100,194.5400,500
1474554303,194.5650,194.6000,194.5650,194.6000,400
1474554400,194.3850,194.4000,194.3850,194.4000,300
1474554455,194.3400,194.3400,194.3400,194.3400,400
1474554639,194.5950,194.5950,194.3900,194.3900,1000
1474554984,194.9800,194.9800,194.9800,194.9800,200
1474555172,194.8350,195.0100,194.8350,195.0100,200
1474555295,194.9200,194.9200,194.8700,194.8700,400
1474555405,194.9700,195.0900,194.9700,195.0500,400
1474555490,194.9900,194.9900,194.9900,194.9900,200
1474555530,195.0100,195.0100,194.8400,194.8400,900
1474555602,195.0300,195.0300,195.0300,195.0300,200
1474555673,195.0800,195.0800,195.0800,195.0800,100
1474555682,194.9300,194.9300,194.9300,194.9300,100
1474555921,195.0400,195.0400,194.8600,194.8600,1300
1474556025,195.1500,195.1500,195.1300,195.1300,300
1474556089,195.0400,195.0700,195.0300,195.0500,1300
1474556126,195.0600,195.0800,195.0500,195.0500,600
1474556493,194.8500,194.9600,194.8500,194.8600,1200
1474556611,194.6400,194.6400,194.6400,194.6400,100
1474556645,194.4900,194.4900,194.4900,194.4900,100
1474556795,194.5600,194.5600,194.5100,194.5100,600
1474556939,194.4800,194.4800,194.4800,194.4800,200
1474556991,194.5400,194.5400,194.5400,194.5400,100
1474557058,194.5600,194.5600,194.5600,194.5600,100
1474557082,194.6100,194.6100,194.5600,194.5600,500
1474557145,194.5600,194.5600,194.5600,194.5600,100
1474557231,194.5250,194.5500,194.4800,194.5500,1600
1474557240,194.5100,194.5100,194.5100,194.5100,100
1474557360,194.5350,194.5350,194.5350,194.5350,100
1474557434,194.6400,194.6400,194.5800,194.5800,800
1474557610,194.6350,194.6350,194.6350,194.6350,500
1474557687,194.1850,194.5400,194.1850,194.5400,900
1474557743,194.3680,194.3680,194.3680,194.3680,100
1474557837,194.3200,194.4300,194.3200,194.3800,300
1474558064,194.5100,194.5100,194.4300,194.4300,500
1474558173,194.6500,194.6500,194.6500,194.6500,400
1474558382,194.5050,194.8000,194.5050,194.8000,400
1474558526,194.6200,194.7400,194.6200,194.7400,200
1474558600,194.7700,194.7700,194.7700,194.7700,100
1474558646,194.6400,194.6400,194.6400,194.6400,300
1474558848,194.7500,194.7500,194.7300,194.7300,300
1474558904,194.7250,194.9100,194.7250,194.9100,700
1474558967,194.9000,194.9000,194.9000,194.9000,100
1474559263,194.6800,194.6800,194.6800,194.6800,100
1474559334,194.7500,194.7500,194.7500,194.7500,400
1474559367,194.7800,194.7800,194.7300,194.7300,1400
1474559463,194.7250,194.8200,194.7250,194.8200,500
1474559543,194.8200,194.8200,194.8100,194.8200,500
1474559706,194.8400,194.8400,194.8400,194.8400,100
1474559789,194.8300,194.8300,194.8300,194.8300,300
1474559875,194.7700,194.7700,194.6950,194.7650,500
1474560040,194.8300,194.8300,194.8300,194.8300,300
1474560132,194.8700,194.8700,194.8400,194.8400,700
1474560394,194.9600,194.9600,194.9100,194.9100,400
1474560522,194.7900,194.9050,194.7900,194.8300,2300
1474560556,194.7300,194.7300,194.6950,194.6950,300
1474560670,194.6300,194.6700,194.6000,194.6700,600
1474560788,194.7000,194.7000,194.6600,194.6600,700
1474561172,194.6366,194.6366,194.6366,194.6366,200
1474561234,194.4900,194.6300,194.4900,194.6200,1400
1474561366,194.6700,194.6700,194.5200,194.5200,800
1474561468,194.7500,194.7500,194.7500,194.7500,100
1474561685,194.6700,194.6700,194.6200,194.6200,300
1474561763,194.7800,194.7800,194.7800,194.7800,200
1474561875,194.8100,194.8100,194.8100,194.8100,200
1474562162,194.8400,194.8400,194.8400,194.8400,300
1474562448,194.8200,194.8200,194.8100,194.8100,300
1474562531,194.8500,194.8500,194.8500,194.8500,100
1474562655,194.8000,194.8000,194.8000,194.8000,400
1474562723,194.8350,194.8600,194.8000,194.8000,700
1474562786,194.8300,194.8300,194.8300,194.8300,100
1474562904,195.1400,195.1400,194.9000,194.9000,500
1474562985,195.0000,195.0000,194.9850,194.9850,200
1474563085,195.1600,195.1600,195.1600,195.1600,500
1474563129,195.1300,195.1300,195.1200,195.1200,300
1474563202,195.0400,195.1000,195.0400,195.1000,1600
1474563308,194.9100,195.1200,194.9100,195.1200,1000
1474563390,194.8700,194.8700,194.8700,194.8700,200
1474563715,194.8100,194.8100,194.7500,194.7500,700
1474563852,195.1050,195.1100,194.9300,194.9500,800
1474563942,195.0800,195.0800,195.0800,195.0800,900
1474564135,195.2200,195.2200,195.0300,195.0300,300
1474564214,195.2300,195.2300,195.2300,195.2300,100
1474564456,195.1900,195.1900,195.1900,195.1900,100
1474564526,195.2000,195.2000,195.2000,195.2000,200
1474564655,195.1800,195.2400,195.1800,195.2400,400
1474564969,195.1850,195.2100,195.1850,195.2000,600
1474564980,195.2400,195.2400,195.2400,195.2400,200
1474565040,195.3400,195.3400,195.2500,195.2500,800
1474565203,195.3700,195.3700,195.3700,195.3700,100
1474565279,195.2550,195.3700,195.2550,195.3600,300
1474565386,195.4350,195.4700,195.2400,195.4700,2000
1474565409,195.2500,195.2500,195.2200,195.2300,600
1474565533,195.2000,195.2000,195.2000,195.2000,200
1474565610,195.4350,195.4350,195.2900,195.2900,800
1474565688,195.2700,195.4400,195.2700,195.4400,300
1474565740,195.4250,195.4250,195.4250,195.4250,100
1474565849,195.4000,195.4000,195.4000,195.4000,300
1474565992,195.4100,195.4200,195.4100,195.4100,300
1474566059,195.3500,195.4200,195.3500,195.4200,500
1474566087,195.2900,195.4100,195.1800,195.4100,1400
1474566162,195.3300,195.3300,195.2800,195.2800,400
1474566219,195.2150,195.2150,195.2150,195.2150,100
1474566311,195.3300,195.3300,195.2350,195.2350,600
1474566635,195.3500,195.3500,195.3500,195.3500,300
1474566766,195.3300,195.3300,195.3300,195.3300,200
1474566953,195.3150,195.3700,195.3150,195.3300,900
1474566979,195.3600,195.4200,195.3300,195.4200,400
1474567135,195.3900,195.3900,195.3900,195.3900,100
1474567265,195.4500,195.4500,195.4000,195.4200,500
1474567426,195.5600,195.5600,195.3550,195.5000,1400
1474567459,195.4100,195.4700,195.4100,195.4700,900
1474567540,195.4500,195.4500,195.3700,195.3700,700
1474567855,195.3300,195.3300,195.3300,195.3300,600
1474567989,195.1300,195.3900,195.1300,195.2900,1500
1474568088,194.9450,194.9450,194.9450,194.9450,100
1474568156,195.0100,195.1000,194.9990,195.0000,900
1474568224,195.1200,195.1200,195.1200,195.1200,100
1474568334,195.1900,195.1900,195.1700,195.1700,700
1474568557,195.1050,195.2600,195.1050,195.2600,200
1474568614,195.2800,195.2800,195.2800,195.2800,100
1474568691,195.2900,195.2900,195.2900,195.2900,200
1474568715,195.2900,195.2900,195.2900,195.2900,100
1474568772,195.2400,195.3400,195.2400,195.2900,3000
1474568864,195.3300,195.3300,195.3050,195.3050,500
1474568975,195.1100,195.2000,195.0700,195.2000,900
1474569076,195.1900,195.1900,195.1300,195.1300,400
1474569268,195.1350,195.2000,195.1350,195.2000,300
1474569587,195.4100,195.4100,195.1800,195.1800,1800
1474569652,195.3100,195.3100,195.2700,195.3100,300
1474569680,195.2400,195.2400,195.2400,195.2400,100
1474569749,195.2900,195.3600,195.2800,195.2800,600
1474569816,195.3100,195.3100,195.3100,195.3100,100
1474569859,195.1800,195.2400,195.1800,195.2400,1700
1474569934,195.2500,195.2500,195.2500,195.2500,200
1474570240,195.2240,195.2300,195.1900,195.1900,1100
1474570265,195.1100,195.1200,195.0650,195.1200,400
1474570355,195.1000,195.1100,195.1000,195.1100,400
1474570412,195.2700,195.2700,195.1100,195.1100,1100
1474570472,195.3900,195.4600,195.3900,195.4600,800
1474570546,195.3900,195.3900,195.3850,195.3850,200
1474570564,195.3400,195.4200,195.3400,195.4200,700
1474570761,195.5400,195.5400,195.4100,195.4100,1200
1474570839,195.6400,195.6400,195.6400,195.6400,100
1474571040,195.6600,195.6600,195.6600,195.6600,200
1474571100,195.4700,195.6000,195.4300,195.5900,1500
1474571236,195.3000,195.4000,195.3000,195.3600,400
1474571296,195.3500,195.3500,195.3500,195.3500,100
1474571397,195.2600,195.2800,195.2600,195.2800,500
1474571574,195.2500,195.2500,195.2400,195.2400,700
1474571605,195.3200,195.3200,195.2700,195.2700,600
1474571753,195.3972,195.3972,195.3972,195.3972,200
1474571807,195.4200,195.4200,195.4200,195.4200,100
1474571827,195.4200,195.4200,195.4200,195.4200,300
1474571909,195.4600,195.4600,195.4600,195.4600,100
1474572057,195.4400,195.4400,195.4300,195.4300,200
1474572169,195.5100,195.5100,195.4300,195.4400,1000
1474572192,195.4700,195.5100,195.4000,195.5100,1400
1474572242,195.3400,195.4300,195.3400,195.3400,400
1474572300,195.2400,195.3200,195.2400,195.3200,1200
1474572486,195.1000,195.1000,195.1000,195.1000,100
1474572605,195.2600,195.2600,195.1900,195.2000,900
1474572719,195.3500,195.3500,195.2500,195.2500,1200
1474572721,195.4100,195.4100,195.3150,195.3150,600
1474572918,195.3100,195.3100,195.3100,195.3100,100
1474572984,195.5100,195.5100,195.3150,195.3300,1800
1474573056,195.5000,195.5000,195.5000,195.5000,100
1474573136,195.5300,195.5300,195.4900,195.4900,600
1474573140,195.4400,195.5300,195.4200,195.4900,3100
1474573262,195.3700,195.4400,195.3700,195.4400,500
1474573423,195.4200,195.4200,195.3000,195.3300,800
1474573458,195.3050,195.3600,195.3050,195.3500,700
1474573500,195.3200,195.3800,195.2900,195.3100,1100
1474573581,195.2700,195.3000,195.2700,195.3000,600
1474573629,195.2350,195.2600,195.2100,195.2100,1100
1474573733,195.1900,195.2500,195.1900,195.2300,800
1474573766,195.1000,195.1800,195.1000,195.1800,1100
1474573800,195.1500,195.1500,195.1500,195.1500,700
1474573866,195.0900,195.2100,195.0700,195.2100,2400
1474573921,195.1500,195.1500,195.1000,195.1000,900
1474574017,195.2400,195.2400,195.1800,195.1900,1500
1474574049,195.3000,195.3100,195.2400,195.2400,1200
1474574109,195.3500,195.3500,195.3500,195.3500,700
1474574161,195.3050,195.4400,195.2800,195.3200,2300
1474574222,195.2700,195.3200,195.2700,195.3200,1600
1474574280,195.2500,195.2600,195.2000,195.2000,1900
1474574399,195.2300,195.2999,195.1500,195.2999,5800
1474574400,195.2300,195.2300,195.2300,195.2300,100
