uri:/instrument/1.0/GOOGL/chartdata;type=quote;range=1d/csv
ticker:googl
Company-Name:Alphabet Inc.
Exchange-Name:NMS
unit:MIN
timezone:EDT
currency:USD
gmtoffset:-14400
previous_close:799.7800
Timestamp:1474464600,1474488000
labels:1474466400,1474470000,1474473600,1474477200,1474480800,1474484400,1474488000
values:Timestamp,close,high,low,open,volume
close:796.0300,805.5700
high:796.3780,805.9100
low:796.0300,805.5200
open:796.1300,805.5900
volume:100,85800
1474464655,801.6100,801.6100,801.0200,801.2900,18700
1474464667,802.4900,802.5500,801.0340,801.0340,9400
1474464731,804.0000,804.0000,802.4000,802.8350,10300
1474464786,804.1000,804.1000,803.6600,803.9300,8300
1474464841,804.4200,804.7600,803.8100,803.8100,10900
1474464900,804.0500,804.6300,803.7200,804.4900,9500
1474464960,803.7300,804.2250,803.5000,804.1300,6900
1474465033,803.2700,803.9260,803.0100,803.0100,4800
1474465089,803.8200,804.1800,803.4575,803.6000,9900
1474465151,804.4400,804.9500,803.9700,804.0000,8000
1474465259,804.4000,804.7400,804.2200,804.6700,8900
1474465260,804.1816,804.6200,803.8652,804.3950,8000
1474465321,803.6600,804.0400,803.3800,804.0100,10400
1474465415,804.4900,804.4900,803.7250,803.7250,4100
1474465449,802.8500,804.1200,802.8500,804.1200,3500
1474465500,802.9200,803.5300,802.9200,803.1300,3500
1474465561,802.7800,802.9000,802.2000,802.9000,7000
1474465635,803.1300,803.3100,803.0000,803.0000,1300
1474465709,802.7572,803.1000,802.7572,803.1000,3600
1474465743,803.2190,803.2190,802.7800,802.7800,1700
1474465800,803.1200,803.3500,802.7400,802.8950,5000
1474465919,802.8500,803.2800,802.8500,803.2800,1200
1474465927,803.1500,803.2200,802.7400,802.8500,3100
1474466018,802.9800,803.0000,802.7500,802.9200,2800
1474466051,802.7350,802.9400,802.6825,802.9400,1200
1474466105,802.8400,803.1000,802.7000,802.7300,4600
1474466161,802.9700,802.9700,802.3800,802.8400,1600
1474466227,802.9800,802.9800,802.7200,802.7450,1800
1474466282,802.6800,802.8200,802.4240,802.5901,2600
1474466341,802.8700,802.8700,802.2801,802.4400,3300
1474466400,802.5700,803.1800,802.5700,803.0000,3400
1474466471,802.5275,802.6900,802.4200,802.6900,1800
1474466542,802.6800,802.7200,802.5400,802.5400,1600
1474466586,802.7000,802.7000,802.5100,802.6824,1700
1474466663,802.4450,802.7000,802.4450,802.6700,2900
1474466700,802.8600,802.8800,802.4800,802.7600,3100
1474466764,802.8300,803.0600,802.7500,803.0600,1300
1474466836,802.5300,802.8550,802.5300,802.7300,2800
1474466881,802.3575,802.6600,802.2700,802.5300,2200
1474466955,802.0050,802.2200,801.8700,802.2100,4800
1474467004,801.7600,802.1400,801.7500,801.9064,3400
1474467078,801.7500,801.8000,801.7200,801.8000,500
1474467176,802.1900,802.1900,801.7200,801.8000,4200
1474467183,802.3700,802.3800,802.1700,802.3400,1700
1474467254,802.4200,802.7600,802.3900,802.7600,3000
1474467321,802.4050,802.6800,802.3275,802.4100,2200
1474467369,802.3400,802.6100,802.3400,802.4100,3300
1474467435,802.2300,802.3500,802.0900,802.0900,700
1474467490,802.5100,802.5300,802.2500,802.2500,1300
1474467553,802.4125,802.5300,802.3481,802.5100,1200
1474467609,802.1915,802.5000,802.1915,802.3150,2800
1474467709,802.3550,802.3900,802.3550,802.3900,600
1474467728,802.1475,802.3700,802.1475,802.3400,1700
1474467811,802.1100,802.2200,801.8900,802.2200,2600
1474467876,802.3100,802.3100,802.1200,802.1200,1100
1474467917,802.3400,802.3400,802.3193,802.3400,500
1474467980,802.3900,802.3900,802.3100,802.3100,1100
1474468032,802.1100,802.3240,802.1100,802.3240,1600
1474468084,801.8100,802.2000,801.7900,802.0600,2200
1474468144,801.9000,801.9000,801.3400,801.7700,3400
1474468204,802.2200,802.2800,802.0000,802.0400,1500
1474468262,801.4601,802.2500,801.4601,802.0875,3000
1474468324,802.1800,802.1800,801.7325,801.7400,1800
1474468388,801.9300,802.2800,801.9300,802.2500,1900
1474468457,801.9500,801.9500,801.8575,801.8575,600
1474468555,801.7200,801.9531,801.6000,801.9531,1400
1474468562,801.8175,801.8175,801.6200,801.6200,400
1474468620,801.8500,801.9400,801.8400,801.8900,1400
1474468691,801.5400,801.8600,801.4200,801.6250,2600
1474468746,802.1050,802.2400,801.6400,801.6400,1100
1474468802,801.7400,802.0350,801.7400,802.0200,1300
1474468863,801.8700,801.8700,801.6700,801.6700,1100
1474468920,802.2100,802.3400,802.1334,802.2100,3800
1474468992,802.4800,802.4800,802.2150,802.2600,2500
1474469044,802.3900,802.7900,802.3900,802.5500,2500
1474469103,802.5300,802.8000,802.4500,802.4750,4500
1474469170,801.8400,802.4900,801.6000,802.4900,3600
1474469233,801.6600,801.7800,801.6400,801.6500,1500
1474469286,801.3900,801.9000,801.3900,801.6800,1300
1474469347,801.2700,801.3900,801.2700,801.3900,400
1474469402,801.2600,801.2900,801.1200,801.2300,1900
1474469465,801.2600,801.4300,801.1600,801.1600,3100
1474469524,801.2900,801.3300,801.1000,801.3300,3000
1474469597,801.6300,801.6600,801.5200,801.6400,1200
1474469646,801.6500,801.6500,801.4100,801.5000,5700
1474469747,801.5200,801.5200,801.3600,801.3600,1100
1474469764,801.1750,801.3900,801.1750,801.3900,1000
1474469839,801.1475,801.1475,801.0100,801.0500,1200
1474469902,801.2100,801.2100,801.0300,801.0300,400
1474469943,800.6800,801.2706,800.6720,801.0200,2800
1474470014,801.1500,801.1500,800.8500,800.8500,1300
1474470071,800.6900,801.1200,800.6900,800.9800,900
1474470133,800.5700,800.7700,800.5700,800.6000,2400
1474470205,800.4425,800.6700,800.4425,800.5500,1300
1474470253,800.7800,800.7800,800.6750,800.7800,500
1474470301,800.2600,800.7957,800.2600,800.7957,2700
1474470360,800.2000,800.4100,800.0100,800.4100,11900
1474470427,799.8600,800.1450,799.8600,800.0448,2900
1474470490,799.7300,799.9550,799.7300,799.9550,4600
1474470540,799.4800,799.9200,799.3300,799.8200,10600
1474470653,799.6988,799.9900,799.5100,799.5100,6800
1474470660,799.4400,799.7100,799.4400,799.5575,1700
1474470722,799.3200,799.5200,799.1200,799.3500,4700
1474470812,799.2534,799.3400,799.1600,799.2600,1800
1474470847,799.4600,799.5700,799.2450,799.3400,3200
1474470900,799.4900,799.5200,799.2200,799.2200,2400
1474471004,799.4900,799.4900,799.4400,799.4400,700
1474471028,799.2750,799.4050,799.2600,799.4050,1100
1474471137,799.1550,799.1550,799.1550,799.1550,100
1474471150,799.3100,799.4400,799.2400,799.2400,2400
1474471241,799.0600,799.1000,799.0600,799.1000,800
1474471283,799.5250,799.5799,798.9400,799.0700,6200
1474471340,799.5900,799.5900,799.4000,799.4500,2100
1474471391,799.6600,799.6700,799.6600,799.6700,500
1474471441,799.4700,799.6800,799.4500,799.6800,1300
1474471500,799.5200,799.5200,799.3100,799.4800,2600
1474471565,799.6100,799.6100,799.3700,799.4400,1200
1474471621,799.3200,799.5200,799.3200,799.5200,1100
1474471708,799.2900,799.6067,799.2500,799.2600,1800
1474471770,799.3900,799.3900,799.3800,799.3800,400
1474471800,799.1500,799.3600,799.1500,799.2950,1800
1474471891,799.1300,799.1300,799.0200,799.0300,1100
1474471978,798.5207,799.1000,798.4300,799.1000,3600
1474471981,798.2200,798.5500,798.1800,798.4400,5200
1474472042,798.2200,798.4500,797.9800,798.2600,5000
1474472107,798.2200,798.3600,798.0100,798.0100,1500
1474472175,797.9400,798.2700,797.9400,798.0900,3000
1474472250,798.3000,798.3000,798.1600,798.1600,900
1474472287,798.3800,798.4750,798.2200,798.2200,1300
1474472388,798.5100,798.5100,798.5100,798.5100,200
1474472400,798.7100,798.9900,798.5500,798.5500,1300
1474472461,798.7300,798.9000,798.7300,798.9000,1600
1474472531,798.6100,798.7400,798.6100,798.7400,1000
1474472581,798.3800,798.4000,798.3800,798.4000,300
1474472686,798.2300,798.2800,798.2300,798.2800,300
1474472707,798.2100,798.2100,798.2100,798.2100,700
1474472819,798.0900,798.0900,798.0900,798.0900,500
1474472821,798.1050,798.1900,798.0000,798.0000,3200
1474472904,798.7000,798.7000,798.3800,798.3800,1200
1474472948,798.4900,798.4900,798.4800,798.4800,800
1474473002,798.5500,798.5500,798.5500,798.5500,100
1474473063,798.5370,798.7200,798.5300,798.7200,800
1474473134,798.4300,798.6200,798.3500,798.5400,2100
1474473188,797.8900,798.4800,797.8900,798.2700,1100
1474473249,797.8400,798.1100,797.5700,798.1100,4000
1474473311,797.8100,797.8500,797.5311,797.6100,1600
1474473372,797.8800,797.9300,797.6000,797.9200,900
1474473428,797.8700,797.9800,797.6900,797.9800,700
1474473505,797.7700,797.8100,797.6500,797.7700,2100
1474473540,797.4100,797.8900,797.4100,797.6500,1900
1474473626,797.5900,797.7750,797.5500,797.5800,2100
1474473682,797.7000,797.8900,797.6300,797.6300,1300
1474473722,797.8700,797.8700,797.6600,797.6800,1100
1474473806,797.9200,797.9200,797.8150,797.8700,700
1474473898,797.5200,798.2177,797.5200,798.2177,3500
1474473902,797.9200,797.9200,797.5100,797.5100,2900
1474474019,797.9000,797.9000,797.8600,797.8600,200
1474474036,797.6700,797.6700,797.6700,797.6700,300
1474474113,797.8300,797.8300,797.5600,797.6800,2900
1474474140,798.0300,798.0300,797.7200,797.8300,3000
1474474221,798.1200,798.1200,797.8250,797.8500,700
1474474268,797.8000,798.1100,797.7500,798.1100,1000
1474474360,797.5200,797.7700,797.5200,797.7700,2400
1474474390,797.6800,797.8800,797.5300,797.8800,1100
1474474460,797.6800,797.7500,797.6600,797.6900,2000
1474474519,796.6700,797.3800,796.6700,797.3100,2200
1474474569,796.4900,797.1999,796.4900,796.6800,3900
1474474633,796.8900,796.8900,796.3800,796.4050,3600
1474474687,796.6800,796.7800,796.4100,796.7800,1100
1474474741,796.3150,796.7500,796.2200,796.7500,2900
1474474813,796.9100,796.9100,796.1300,796.1300,2000
1474474860,796.5400,796.9200,796.5400,796.9200,700
1474474951,796.5900,796.5900,796.4400,796.4400,400
1474474998,796.5400,796.5400,796.3700,796.4400,900
1474475051,796.3900,796.7700,796.3900,796.5993,1600
1474475109,796.4200,796.8100,796.4200,796.6750,1300
1474475160,796.4200,796.4800,796.2000,796.2600,800
1474475278,796.8900,796.8900,796.7800,796.8899,1500
1474475280,797.1500,797.1500,796.8900,796.8900,3100
1474475350,796.8300,797.1100,796.8300,797.1100,300
1474475452,796.9700,796.9700,796.9700,796.9700,100
1474475463,797.0900,797.1300,797.0650,797.1290,1600
1474475572,796.9600,797.2100,796.8900,797.0650,2400
1474475582,796.8000,796.9100,796.6100,796.8300,2100
1474475663,796.2450,796.6900,796.2450,796.6900,1700
1474475722,796.0300,796.5500,796.0300,796.5500,1100
1474475779,796.6100,796.6100,796.2150,796.2150,4900
1474475876,796.7500,796.7500,796.6900,796.6900,300
1474475928,796.6900,796.6900,796.5400,796.5400,500
1474475959,796.5500,796.5500,796.4000,796.4000,1100
1474476031,796.3600,796.3780,796.1426,796.1426,800
1474476101,796.5100,796.5100,796.5000,796.5000,800
1474476164,796.5000,796.5000,796.5000,796.5000,700
1474476248,796.5800,796.5800,796.4050,796.4050,1400
1474476303,796.8259,796.9200,796.8200,796.8200,3800
1474476360,797.4700,797.4700,796.8835,796.8835,3100
1474476422,797.3200,797.3450,797.1400,797.2000,1500
1474476483,797.4710,797.4710,797.1200,797.3000,900
1474476554,797.2700,797.2700,797.1600,797.1600,1400
1474476603,797.3750,797.3750,797.1300,797.2000,700
1474476663,797.5100,797.5100,797.5100,797.5100,900
1474476722,797.4300,797.4400,797.4100,797.4100,1700
1474476830,797.4200,797.4200,797.4200,797.4200,100
1474476844,797.6581,797.6800,797.5100,797.6800,1400
1474476904,797.6600,797.6600,797.5000,797.5000,500
1474477001,797.5400,797.5400,797.5400,797.5400,100
1474477032,798.0000,798.0000,797.7800,797.8000,1800
1474477095,798.0800,798.1400,797.9000,798.0000,1200
1474477141,798.3850,798.5000,798.1100,798.1600,4500
1474477254,798.5300,798.6700,798.3200,798.3200,700
1474477261,798.4100,798.4800,798.4100,798.4800,1200
1474477410,798.1900,798.1900,798.0600,798.0600,500
1474477448,798.3100,798.3100,798.1500,798.1500,900
1474477527,798.2200,798.2200,798.2200,798.2200,100
1474477593,798.4200,798.6000,798.4200,798.5500,600
1474477628,798.2900,798.5150,798.2900,798.4600,1400
1474477684,798.2200,798.5468,798.2100,798.4700,1300
1474477822,798.1600,798.1600,798.0200,798.0300,1000
1474477901,798.1000,798.3100,798.0100,798.3100,800
1474477949,798.1800,798.4000,798.1800,798.3800,900
1474477990,798.1909,798.4400,797.8700,797.8700,1100
1474478094,798.3500,798.3500,798.3500,798.3500,100
1474478127,798.4500,798.7600,798.3510,798.7600,1000
1474478170,798.2400,798.4900,798.2400,798.3700,700
1474478257,798.0700,798.0700,798.0700,798.0700,200
1474478325,798.0708,798.0708,798.0708,798.0708,300
1474478364,798.0700,798.0700,798.0700,798.0700,200
1474478443,797.7900,797.8300,797.7900,797.8300,200
1474478478,797.7000,797.7100,797.7000,797.7100,300
1474478551,798.0400,798.0400,798.0400,798.0400,200
1474478583,797.2700,797.9100,797.2700,797.9100,900
1474478654,797.8914,797.8914,797.3200,797.6000,1700
1474478729,797.5000,797.5000,797.4800,797.5000,1300
1474478819,797.3650,797.4750,797.2001,797.4200,1500
1474478820,797.7400,797.7400,797.3650,797.3650,700
1474478902,797.4100,797.4100,797.4001,797.4001,600
1474479004,797.6200,797.6200,797.4100,797.4100,1000
1474479091,797.2900,797.2900,797.2900,797.2900,900
1474479149,797.5600,797.5600,797.5600,797.5600,100
1474479183,797.7600,797.8000,797.4600,797.4700,2400
1474479244,797.6200,797.6200,797.6200,797.6200,500
1474479384,797.6100,797.9300,797.6000,797.7600,2300
1474479432,797.8809,797.8809,797.5800,797.5800,600
1474479485,797.8200,797.8200,797.6000,797.6000,1000
1474479562,797.1200,797.6300,797.1200,797.5500,2000
1474479633,797.1700,797.1800,797.0600,797.1000,1100
1474479662,797.1988,797.1988,797.0000,797.1000,8200
1474479773,797.5300,797.5300,797.3000,797.3500,1000
1474479858,797.5200,797.5600,797.3550,797.3550,1400
1474479901,797.8000,797.8000,797.5545,797.5545,700
1474479985,797.6620,797.6620,797.6620,797.6620,300
1474480020,798.2700,798.2700,797.8600,797.9100,1900
1474480107,798.7800,798.7800,798.3500,798.3500,800
1474480147,798.2800,798.5000,798.2700,798.5000,1000
1474480206,797.9600,798.1800,797.8600,798.1800,2300
1474480262,798.1100,798.1100,798.0229,798.0229,500
1474480357,798.0153,798.0153,797.8200,797.8200,800
1474480391,797.7800,797.8000,797.7800,797.8000,700
1474480445,797.1900,797.8500,797.1900,797.8500,1200
1474480505,797.4760,797.5897,797.0000,797.0400,2100
1474480565,798.0000,798.1900,797.6040,797.6040,4100
1474480664,798.2900,798.2900,798.2900,798.2900,500
1474480687,797.8900,798.0100,797.6748,798.0100,1700
1474480740,797.3100,797.3100,797.3100,797.3100,400
1474480802,799.1200,799.1200,796.2800,797.3000,4900
1474480870,798.9300,800.2400,798.8800,798.8800,12500
1474480925,799.1209,799.3600,798.3504,799.3600,6500
1474480989,800.0599,800.2500,798.8500,799.0100,4500
1474481046,799.8200,800.8000,799.3000,799.3000,11000
1474481126,801.3700,801.3700,799.5800,799.5800,4500
1474481170,800.8600,802.0000,800.8600,801.4400,6500
1474481239,801.0100,801.7400,801.0100,801.6662,2500
1474481281,801.7600,802.2500,801.5252,801.5252,5800
1474481345,801.6050,802.0000,801.4900,802.0000,2700
1474481400,803.0000,803.0000,801.2601,801.2700,10700
1474481469,802.6400,802.9899,802.1413,802.3610,3000
1474481528,802.7111,803.0000,802.2100,802.8000,7500
1474481585,802.9673,803.0000,802.4164,802.8800,3500
1474481648,802.2100,802.9650,802.2100,802.7800,5700
1474481755,801.6900,802.7500,801.4582,802.6700,5800
1474481761,801.4900,801.9000,801.3100,801.9000,5500
1474481851,801.3000,801.4100,800.9000,801.0000,4000
1474481884,801.0240,801.0240,800.3400,800.8800,6500
1474481951,801.0000,801.1500,800.8330,800.8330,2300
1474482012,800.9612,801.1200,800.5300,800.9700,2800
1474482064,800.2632,800.6855,799.8300,800.5000,7700
1474482127,800.0289,800.2300,800.0289,800.2200,1500
1474482180,800.6200,800.9800,800.1050,800.3550,5800
1474482248,798.7550,800.4600,798.7550,800.3600,13900
1474482300,799.4200,799.5700,798.7600,798.7600,4400
1474482366,797.8000,799.0831,797.8000,799.0831,8300
1474482425,797.4200,798.0700,797.4200,798.0700,6600
1474482485,797.7200,797.7200,797.1300,797.4200,4000
1474482543,797.6000,797.9200,797.5901,797.9100,5300
1474482610,798.7000,798.7000,797.7500,797.7500,2600
1474482667,799.0499,799.0499,798.3970,798.6600,1900
1474482720,799.0400,799.0400,798.3000,798.5100,2400
1474482786,798.7100,799.0000,798.5900,798.6800,1800
1474482840,798.5300,799.0800,798.5300,798.5300,3400
1474482908,799.4500,799.5700,798.5700,798.5700,2100
1474482964,799.6000,799.6000,799.3800,799.3800,800
1474483033,799.9889,800.1800,799.6780,799.9800,3300
1474483099,799.3206,799.9200,799.2500,799.9200,1800
1474483142,800.0500,800.5000,799.6145,799.6145,6800
1474483202,800.1400,800.2450,799.9200,800.1500,2000
1474483262,800.2950,800.4600,799.7500,799.7500,1100
1474483378,801.0000,801.0000,800.2750,800.2750,2700
1474483380,800.7500,801.1200,800.7500,800.8000,2900
1474483498,800.9450,800.9900,800.6500,800.7550,3000
1474483500,801.4899,801.4899,800.5000,800.5800,7000
1474483565,801.3900,801.4800,801.2100,801.4800,1500
1474483623,800.4100,801.2600,800.3900,801.2600,5800
1474483695,800.6100,800.6100,800.5700,800.5700,200
1474483740,800.4100,800.5900,800.1500,800.1500,2200
1474483801,800.3700,800.5700,800.3700,800.5700,2700
1474483881,800.5900,800.5900,800.5900,800.5900,100
1474483934,800.9900,800.9900,800.5900,800.5900,1300
1474483980,800.6200,800.6500,800.6200,800.6500,2300
1474484102,800.3400,800.6100,800.3400,800.5700,1900
1474484160,801.1200,801.1200,800.4300,800.5400,1000
1474484222,802.0000,802.2000,800.8792,800.8792,12300
1474484284,802.0700,802.3000,801.9094,802.0000,2800
1474484343,802.5000,802.9000,802.3100,802.5200,4400
1474484400,802.1599,802.6100,801.8500,802.5000,4100
1474484466,802.1300,802.2900,801.3600,801.6600,5600
1474484529,802.1350,802.1600,801.8350,802.0200,2700
1474484582,802.6000,802.6000,802.2500,802.2600,5400
1474484649,803.0000,803.1900,802.6500,802.6800,11000
1474484759,803.0740,803.5000,803.0000,803.0000,4300
1474484760,802.9553,803.1800,802.5000,803.0696,2700
1474484824,803.0900,803.0900,802.7949,802.8600,2000
1474484901,802.7700,803.0300,802.7700,803.0300,1400
1474484957,802.9100,802.9100,802.7100,802.7100,900
1474485003,803.5375,803.8100,802.9100,802.9100,8500
1474485063,803.7500,803.9600,803.5300,803.8400,4300
1474485128,803.7400,803.7500,803.4179,803.4179,5700
1474485185,804.2300,804.2500,803.7500,803.7500,11200
1474485250,804.3970,804.4390,804.2120,804.2120,4000
1474485304,804.4600,804.7000,804.2200,804.4050,6000
1474485363,804.3600,804.3800,804.3500,804.3500,1200
1474485439,804.3200,804.6500,804.3000,804.3000,3200
1474485539,804.1000,804.2720,803.9915,804.2720,1000
1474485540,803.3600,804.0000,803.1500,804.0000,3300
1474485608,804.1700,804.1700,803.4288,803.4288,3500
1474485660,803.5300,803.6300,803.2800,803.5700,1900
1474485728,803.3400,803.7500,803.1100,803.4400,4800
1474485788,803.7500,803.8200,803.5000,803.6800,7700
1474485844,803.1200,803.7500,803.1200,803.7500,4000
1474485904,803.5081,803.5081,803.0000,803.0200,2000
1474485982,803.3362,803.7200,803.3200,803.6000,1700
1474486032,803.3700,803.4900,803.2863,803.2863,1100
1474486095,803.6400,803.7500,803.4100,803.4800,5300
1474486141,803.2500,803.6400,803.2000,803.6000,4000
1474486202,803.3700,803.6000,803.3700,803.4700,3700
1474486267,803.7200,803.7200,803.4800,803.5700,2300
1474486326,803.4500,803.7300,803.2900,803.7300,3100
1474486382,803.8900,804.0500,803.5500,803.6200,3900
1474486465,803.5900,803.9050,803.5900,803.8100,2900
1474486502,803.8100,803.9400,803.6300,803.8000,1200
1474486617,803.7400,803.9900,803.7400,803.7500,2800
1474486620,803.4900,803.5800,803.4900,803.5800,600
1474486681,803.6950,803.6950,803.4700,803.5000,4500
1474486747,803.9200,804.0400,803.7000,803.7000,3300
1474486818,803.8600,804.0400,803.7900,803.9600,1700
1474486862,803.9999,804.1990,803.7700,804.0400,4900
1474486945,803.8000,803.8000,803.8000,803.8000,700
1474486980,803.9000,804.1000,803.8100,803.8600,1500
1474487060,804.0500,804.2400,804.0100,804.1000,3800
1474487100,804.2175,804.3700,804.0700,804.3000,4300
1474487169,804.7000,804.7000,804.1000,804.2900,4000
1474487224,804.7500,804.7500,804.5000,804.7000,3600
1474487291,805.2100,805.2100,804.8100,804.8100,20600
1474487340,804.8100,805.1700,804.8100,805.1300,15500
1474487407,805.4800,805.4800,805.0660,805.0660,8400
1474487519,805.5200,805.9100,805.2900,805.4700,15500
1474487578,805.5700,805.8900,805.5200,805.5800,6500
1474487580,805.4250,805.5400,805.1300,805.3900,11200
1474487643,805.2400,805.6000,805.0100,805.3500,9700
1474487701,805.0950,805.4000,804.9600,805.0900,10600
1474487761,805.1724,805.3300,805.0200,805.1000,8200
1474487822,805.3050,805.7900,805.0000,805.1500,17000
1474487881,805.5400,805.5700,805.1500,805.3100,18400
1474487940,804.5600,805.5900,804.5400,805.5900,43800
1474488000,805.0300,805.0300,805.0300,805.0300,85800
