uri:/instrument/1.0/SPGI/chartdata;type=quote;range=1d/csv
ticker:spgi
Company-Name:S&P Global Inc. Common Stock
Exchange-Name:NYQ
unit:MIN
timezone:EDT
currency:USD
gmtoffset:-14400
previous_close:123.2700
Timestamp:1474291800,1474315200
labels:1474293600,1474297200,1474300800,1474304400,1474308000,1474311600,1474315200
values:Timestamp,close,high,low,open,volume
close:124.0700,125.6700
high:124.0800,125.7000
low:123.7950,125.6600
open:124.0000,125.6700
volume:100,79400
1474291998,124.3100,124.3100,123.7950,124.0000,18400
1474292043,124.4700,124.4700,124.3100,124.3100,5100
1474292114,124.3600,124.5100,124.3600,124.5100,1700
1474292321,124.5000,124.5400,124.4500,124.4500,2200
1474292371,124.5900,124.6000,124.5900,124.6000,200
1474292411,124.7400,124.7400,124.6100,124.6700,3000
1474292494,124.6500,124.7000,124.5900,124.6400,3800
1474292632,124.7100,124.7100,124.7100,124.7100,1000
1474292711,124.8100,124.8100,124.7200,124.7200,2300
1474292766,124.9050,124.9600,124.8500,124.8600,3500
1474292871,124.9100,124.9600,124.9100,124.9500,600
1474292892,124.8700,124.8900,124.8500,124.8900,3000
1474292983,125.0000,125.0000,125.0000,125.0000,700
1474293019,125.0700,125.0700,124.9900,124.9900,900
1474293110,125.0800,125.1100,125.0500,125.0700,6000
1474293120,125.0500,125.0500,125.0500,125.0500,800
1474293182,125.0100,125.0260,125.0100,125.0260,300
1474293241,124.9700,125.0600,124.9700,125.0600,4300
1474293326,124.9200,124.9200,124.9200,124.9200,200
1474293391,125.1100,125.1100,125.0500,125.0500,4500
1474293432,125.2800,125.3000,125.1400,125.1400,6800
1474293484,125.4000,125.4000,125.3050,125.3500,4100
1474293540,125.3400,125.3900,125.3400,125.3900,3100
1474293659,125.3400,125.3400,125.3300,125.3300,300
1474293661,125.3834,125.3834,125.3800,125.3800,900
1474293763,125.4600,125.4600,125.4000,125.4000,700
1474293785,125.4900,125.4900,125.4600,125.4600,1300
1474293850,125.6000,125.6200,125.4900,125.4900,4500
1474293914,125.5700,125.5750,125.5500,125.5600,2900
1474293976,125.6400,125.6400,125.5800,125.5800,2400
1474294069,125.6000,125.6600,125.5800,125.6600,3600
1474294111,125.6100,125.6100,125.6100,125.6100,400
1474294145,125.6050,125.6100,125.5700,125.6100,700
1474294211,125.6400,125.6500,125.6200,125.6300,2600
1474294267,125.6400,125.6600,125.6400,125.6400,1800
1474294370,125.6500,125.6500,125.6100,125.6300,5000
1474294482,125.6200,125.6700,125.6200,125.6400,2000
1474294513,125.6700,125.7000,125.6450,125.6450,6500
1474294576,125.5950,125.6100,125.5700,125.5700,5700
1474294667,125.6600,125.6600,125.6600,125.6600,300
1474294680,125.5700,125.6900,125.5700,125.6700,3700
1474294790,125.4700,125.5100,125.4700,125.5000,1800
1474294905,125.5050,125.5500,125.5050,125.5300,4000
1474294979,125.5200,125.5200,125.5050,125.5050,1300
1474295038,125.5500,125.6200,125.5100,125.5200,7700
1474295044,125.4600,125.4800,125.4450,125.4800,1800
1474295144,125.4950,125.5200,125.4800,125.5200,700
1474295170,125.5300,125.5600,125.5000,125.5000,3500
1474295279,125.4400,125.5150,125.4400,125.4900,2800
1474295280,125.3200,125.4100,125.3200,125.4100,1400
1474295387,125.3850,125.3850,125.3250,125.3250,1600
1474295402,125.4100,125.4100,125.4000,125.4100,1400
1474295474,125.4400,125.4400,125.4100,125.4100,800
1474295561,125.4800,125.4900,125.4250,125.4250,1400
1474295623,125.5200,125.5200,125.4700,125.4800,2100
1474295653,125.5000,125.5200,125.4700,125.5000,5900
1474295720,125.5400,125.5450,125.5000,125.5450,3200
1474295818,125.4100,125.5300,125.4000,125.5300,4200
1474295850,125.3700,125.4700,125.3700,125.4700,2200
1474295881,125.3600,125.3900,125.3600,125.3600,1700
1474295954,125.4000,125.4300,125.3900,125.3900,2500
1474296021,125.4400,125.4400,125.4300,125.4300,1100
1474296062,125.4900,125.4900,125.4400,125.4400,7200
1474296199,125.4350,125.4600,125.4350,125.4350,500
1474296246,125.4900,125.4900,125.4300,125.4300,2100
1474296321,125.5000,125.5200,125.4700,125.4700,2400
1474296367,125.5700,125.5700,125.5100,125.5100,6700
1474296450,125.4800,125.5250,125.4800,125.5250,2600
1474296527,125.4100,125.4300,125.4000,125.4300,1200
1474296598,125.4000,125.4200,125.4000,125.4200,2800
1474296606,125.3950,125.4000,125.3950,125.4000,1300
1474296665,125.4450,125.4600,125.4450,125.4500,700
1474296765,125.5000,125.5000,125.4800,125.4800,500
1474296783,125.4600,125.4600,125.4600,125.4600,800
1474296852,125.5350,125.5400,125.5000,125.5000,2600
1474296934,125.5000,125.5200,125.4900,125.5100,2300
1474297017,125.4200,125.4700,125.4200,125.4700,3200
1474297020,125.3600,125.4400,125.3600,125.4400,2200
1474297085,125.3900,125.4000,125.3600,125.3600,1400
1474297154,125.4300,125.4300,125.3400,125.3600,2200
1474297249,125.4000,125.4300,125.4000,125.4300,400
1474297263,125.4400,125.4450,125.4000,125.4000,2300
1474297437,125.4102,125.4300,125.4000,125.4000,2600
1474297489,125.3700,125.4200,125.3700,125.4200,4500
1474297510,125.3850,125.4000,125.3700,125.3700,2000
1474297579,125.4400,125.4500,125.4400,125.4400,1100
1474297622,125.4800,125.4800,125.4800,125.4800,700
1474297721,125.4500,125.4500,125.4500,125.4500,200
1474297741,125.5600,125.5600,125.4700,125.4900,2600
1474297820,125.5900,125.6300,125.5900,125.5900,3300
1474297862,125.5400,125.5400,125.5400,125.5400,200
1474297936,125.5400,125.6100,125.5400,125.5775,300
1474298023,125.5800,125.5900,125.5400,125.5400,1400
1474298041,125.5300,125.5400,125.5300,125.5400,1300
1474298113,125.3700,125.5000,125.3700,125.5000,2600
1474298166,125.4100,125.4100,125.3650,125.3800,2400
1474298265,125.4700,125.4700,125.4700,125.4700,100
1474298292,125.4700,125.4700,125.4700,125.4700,300
1474298351,125.4200,125.4600,125.4100,125.4100,700
1474298400,125.3450,125.4400,125.3200,125.4400,4600
1474298518,125.3100,125.3500,125.3100,125.3500,2100
1474298529,125.2650,125.3300,125.2600,125.3100,2600
1474298632,125.2900,125.2900,125.2550,125.2550,400
1474298694,125.2500,125.2700,125.2200,125.2700,2300
1474298702,125.3100,125.3200,125.2550,125.2800,1500
1474298771,125.3700,125.3700,125.3200,125.3200,1600
1474298829,125.3800,125.4700,125.3800,125.4100,2200
1474298930,125.3500,125.4000,125.3500,125.4000,500
1474298991,125.3250,125.3600,125.3250,125.3600,300
1474299011,125.4200,125.4200,125.4200,125.4200,900
1474299083,125.4200,125.4200,125.4200,125.4200,800
1474299134,125.2800,125.3500,125.2800,125.3500,3100
1474299193,125.3900,125.3900,125.3000,125.3000,1600
1474299252,125.4500,125.4500,125.4500,125.4500,200
1474299361,125.6200,125.6200,125.5700,125.5700,800
1474299430,125.4950,125.5800,125.4700,125.5800,1700
1474299557,125.4900,125.4900,125.4900,125.4900,500
1474299602,125.5000,125.5200,125.5000,125.5200,2100
1474299705,125.4700,125.5500,125.4700,125.4900,2000
1474299747,125.4300,125.4400,125.4300,125.4400,500
1474299804,125.4350,125.4400,125.4100,125.4100,500
1474299851,125.4400,125.4600,125.4400,125.4600,400
1474299938,125.4750,125.5000,125.4700,125.5000,500
1474300016,125.5000,125.5000,125.5000,125.5000,500
1474300067,125.5500,125.5500,125.4700,125.4700,1400
1474300122,125.4350,125.5250,125.4200,125.5000,2900
1474300145,125.4250,125.4500,125.4000,125.4000,1400
1474300216,125.4600,125.4600,125.4300,125.4300,1400
1474300263,125.4900,125.4900,125.4300,125.4300,700
1474300331,125.5500,125.5500,125.4900,125.4900,1400
1474300438,125.4900,125.5500,125.4900,125.5500,1700
1474300490,125.4600,125.5200,125.4600,125.5100,1400
1474300501,125.4200,125.4700,125.4100,125.4700,1000
1474300574,125.5200,125.5200,125.4000,125.4150,10900
1474300633,125.5600,125.5600,125.5200,125.5200,1600
1474300696,125.5800,125.5900,125.5300,125.5700,3400
1474300746,125.5900,125.5900,125.5500,125.5650,1900
1474300829,125.5600,125.5600,125.5500,125.5500,500
1474300909,125.5600,125.5600,125.5600,125.5600,100
1474300930,125.5500,125.5600,125.5500,125.5600,1400
1474300991,125.5600,125.5700,125.5500,125.5500,2000
1474301095,125.5650,125.5700,125.5500,125.5650,5800
1474301120,125.5800,125.5800,125.5800,125.5800,700
1474301264,125.5150,125.5850,125.5150,125.5700,4900
1474301299,125.4600,125.5000,125.4600,125.5000,3400
1474301340,125.4650,125.4900,125.4600,125.4800,1500
1474301433,125.4000,125.4300,125.3700,125.4300,700
1474301461,125.3900,125.4000,125.3550,125.3900,900
1474301536,125.2800,125.3700,125.2500,125.3550,4000
1474301637,125.2550,125.2700,125.2300,125.2600,6800
1474301643,125.1300,125.2350,125.0900,125.2300,3500
1474301706,125.0700,125.0900,125.0700,125.0900,700
1474301777,124.9800,125.0500,124.9000,125.0400,4100
1474301826,125.0100,125.0100,125.0000,125.0000,800
1474301881,124.9350,125.0100,124.9100,124.9800,2900
1474301993,124.9900,124.9900,124.9050,124.9250,1000
1474302038,125.0200,125.0300,124.9850,124.9900,600
1474302112,125.0500,125.0500,125.0350,125.0350,400
1474302127,125.0200,125.0450,125.0200,125.0300,1600
1474302188,125.0100,125.0200,124.9900,125.0200,1200
1474302241,124.9300,124.9750,124.9150,124.9750,1500
1474302323,124.9300,124.9300,124.9300,124.9300,200
1474302384,124.9550,124.9700,124.9500,124.9500,1900
1474302474,125.0150,125.0150,125.0150,125.0150,100
1474302515,124.9900,124.9900,124.9900,124.9900,100
1474302565,125.0400,125.0700,125.0400,125.0500,1100
1474302658,124.9900,125.0650,124.9800,125.0400,2600
1474302660,124.9750,124.9850,124.9700,124.9700,700
1474302760,125.0350,125.0350,125.0000,125.0000,600
1474302799,125.0300,125.0400,125.0300,125.0400,600
1474302877,125.0000,125.0550,125.0000,125.0550,1000
1474302951,124.9500,124.9900,124.9500,124.9900,500
1474302979,124.9700,125.0100,124.9000,124.9000,1200
1474303041,124.9500,124.9900,124.9500,124.9900,1000
1474303132,124.9000,124.9300,124.9000,124.9300,1600
1474303251,124.9200,124.9500,124.9200,124.9300,600
1474303307,124.9300,124.9300,124.9300,124.9300,1100
1474303361,125.0100,125.0100,124.9300,124.9500,1100
1474303419,124.9800,124.9800,124.9800,124.9800,100
1474303493,125.0600,125.0600,125.0200,125.0200,700
1474303500,125.0700,125.0700,125.0400,125.0400,800
1474303599,125.1100,125.1100,125.0600,125.0700,1300
1474303674,125.0300,125.1200,125.0300,125.1100,2300
1474303719,124.9500,125.0790,124.9500,125.0790,1800
1474303743,124.9000,124.9400,124.9000,124.9400,500
1474303803,124.9300,124.9300,124.8800,124.8800,900
1474303871,124.9350,124.9500,124.9300,124.9500,2100
1474303932,124.9200,124.9500,124.9200,124.9400,1400
1474304039,124.9150,124.9150,124.9100,124.9100,400
1474304045,124.8800,124.9100,124.8800,124.9000,1200
1474304130,124.8850,124.9000,124.8850,124.8900,1100
1474304219,124.9100,124.9100,124.8700,124.8700,200
1474304221,124.9000,124.9200,124.9000,124.9000,2900
1474304320,124.7800,124.9400,124.7800,124.9400,4000
1474304342,124.7100,124.7700,124.6800,124.7700,800
1474304406,124.6500,124.6600,124.6200,124.6600,2100
1474304474,124.6400,124.6900,124.6400,124.6800,1200
1474304546,124.6200,124.6400,124.6200,124.6400,1700
1474304636,124.6000,124.6000,124.6000,124.6000,500
1474304696,124.6200,124.6200,124.5600,124.5600,1400
1474304753,124.6900,124.6900,124.6300,124.6400,2300
1474304761,124.7200,124.7300,124.7200,124.7300,1900
1474304820,124.8000,124.8400,124.8000,124.8000,2600
1474304939,124.7800,124.7800,124.7800,124.7800,300
1474304968,124.7700,124.7800,124.7700,124.7800,800
1474305000,124.8300,124.8300,124.7700,124.8200,900
1474305116,124.7900,124.8500,124.7900,124.8500,2000
1474305157,124.8000,124.8000,124.7900,124.7900,500
1474305236,124.7100,124.8000,124.7100,124.8000,2800
1474305249,124.7000,124.7000,124.6800,124.7000,400
1474305301,124.6900,124.6900,124.6800,124.6800,500
1474305398,124.7050,124.7100,124.6800,124.6800,1100
1474305470,124.7250,124.7400,124.7000,124.7200,6600
1474305481,124.6800,124.7400,124.6800,124.7400,2300
1474305576,124.6400,124.6650,124.6350,124.6650,1000
1474305654,124.6300,124.6350,124.6100,124.6350,500
1474305702,124.5900,124.6200,124.5500,124.6100,2700
1474305757,124.5450,124.5450,124.5450,124.5450,300
1474305827,124.5825,124.6300,124.5450,124.5450,2300
1474305880,124.5750,124.5950,124.5600,124.5800,2000
1474305943,124.6160,124.6160,124.5700,124.5700,900
1474305986,124.5600,124.6100,124.5600,124.6100,200
1474306079,124.6300,124.6500,124.6100,124.6100,4300
1474306087,124.6100,124.6300,124.6100,124.6300,1600
1474306180,124.5100,124.5100,124.5100,124.5100,200
1474306203,124.4600,124.4600,124.4600,124.4600,300
1474306271,124.3100,124.3900,124.3100,124.3900,2900
1474306331,124.3200,124.3200,124.2700,124.2900,1200
1474306437,124.1850,124.2600,124.1850,124.2600,1100
1474306470,124.1450,124.1800,124.1450,124.1600,16300
1474306540,124.1000,124.1100,124.0700,124.0800,1100
1474306614,124.0800,124.0800,124.0800,124.0800,300
1474306646,124.1150,124.1200,124.0900,124.0900,900
1474306703,124.0700,124.1000,124.0700,124.1000,600
1474306752,124.0701,124.0800,124.0700,124.0700,800
1474306856,124.0900,124.0900,124.0600,124.0600,1300
1474306911,124.1900,124.1900,124.0900,124.0900,2400
1474306977,124.1750,124.2000,124.1750,124.1900,800
1474307039,124.1550,124.2000,124.1500,124.1800,3900
1474307076,124.1300,124.1400,124.1300,124.1400,200
1474307107,124.0900,124.1100,124.0900,124.1100,900
1474307173,124.1000,124.1000,124.1000,124.1000,100
1474307267,124.2100,124.2100,124.1900,124.1900,2000
1474307315,124.3200,124.3200,124.2300,124.2600,1800
1474307350,124.3500,124.3500,124.3080,124.3500,800
1474307408,124.3450,124.3500,124.3450,124.3500,400
1474307465,124.3150,124.3350,124.2900,124.3300,4100
1474307521,124.3550,124.3550,124.2900,124.2900,900
1474307638,124.3450,124.3500,124.3450,124.3500,400
1474307673,124.3500,124.3800,124.3500,124.3500,5100
1474307739,124.3900,124.3900,124.3500,124.3500,1200
1474307784,124.3700,124.3900,124.3700,124.3900,700
1474307820,124.3300,124.3900,124.3300,124.3900,2000
1474307885,124.4800,124.5000,124.3600,124.3600,2300
1474308016,124.4964,124.5200,124.4800,124.4860,1100
1474308118,124.5500,124.5700,124.5400,124.5400,3600
1474308168,124.5450,124.5600,124.5450,124.5600,500
1474308187,124.4800,124.5300,124.4800,124.5300,2100
1474308243,124.5400,124.5700,124.5300,124.5300,1600
1474308306,124.5400,124.5400,124.5400,124.5400,100
1474308404,124.5400,124.5500,124.5400,124.5500,300
1474308435,124.5300,124.5500,124.5300,124.5500,1100
1474308515,124.5300,124.5400,124.5100,124.5250,1100
1474308613,124.5700,124.5700,124.5200,124.5650,500
1474308667,124.5500,124.5500,124.5500,124.5500,1100
1474308736,124.6000,124.6000,124.5750,124.5800,2200
1474308817,124.6150,124.6300,124.6000,124.6100,600
1474308841,124.6300,124.6300,124.6200,124.6200,600
1474308950,124.6000,124.6000,124.6000,124.6000,1200
1474308964,124.6250,124.6400,124.6100,124.6200,1700
1474309065,124.6500,124.6500,124.6500,124.6500,200
1474309138,124.6600,124.6700,124.6400,124.6500,2600
1474309140,124.5900,124.6500,124.5900,124.6400,700
1474309232,124.5650,124.5650,124.5400,124.5400,600
1474309261,124.5500,124.5900,124.5500,124.5900,700
1474309364,124.4600,124.5400,124.4600,124.5400,1600
1474309421,124.5300,124.5300,124.4900,124.5100,600
1474309478,124.5600,124.5600,124.5600,124.5600,300
1474309536,124.5900,124.6000,124.5900,124.5900,1800
1474309634,124.5700,124.6200,124.5700,124.5900,2100
1474309724,124.6100,124.6100,124.5750,124.5750,500
1474309740,124.6700,124.6700,124.6300,124.6400,1600
1474309849,124.7300,124.7300,124.7200,124.7200,600
1474309870,124.7300,124.7300,124.7300,124.7300,600
1474309930,124.7200,124.7200,124.7200,124.7200,300
1474310035,124.7200,124.7500,124.7100,124.7100,600
1474310046,124.7100,124.7100,124.7100,124.7100,500
1474310113,124.7320,124.7320,124.7100,124.7100,500
1474310278,124.7700,124.8000,124.7700,124.7700,3100
1474310328,124.7400,124.7700,124.7400,124.7600,2300
1474310341,124.7600,124.7600,124.7600,124.7600,300
1474310405,124.6760,124.6800,124.6700,124.6800,500
1474310470,124.7000,124.7200,124.6700,124.6700,1100
1474310542,124.7050,124.7050,124.7050,124.7050,200
1474310585,124.7000,124.7050,124.6900,124.7050,1200
1474310690,124.6535,124.6700,124.6400,124.6700,2200
1474310719,124.7300,124.7300,124.6900,124.6900,1100
1474310761,124.7700,124.7700,124.7500,124.7500,600
1474310879,124.8600,124.8700,124.8600,124.8600,1400
1474310901,124.8400,124.8400,124.8400,124.8400,100
1474310941,124.7950,124.8600,124.7950,124.8600,3000
1474311046,124.8250,124.8500,124.8050,124.8200,1300
1474311086,124.8400,124.8400,124.8400,124.8400,100
1474311177,124.9000,124.9000,124.8500,124.8500,1400
1474311205,124.8700,124.8850,124.8700,124.8800,800
1474311249,124.8100,124.8450,124.8100,124.8450,400
1474311416,124.8400,124.8550,124.8400,124.8400,3900
1474311479,124.8450,124.8500,124.8450,124.8500,600
1474311487,124.9400,124.9500,124.8300,124.8450,2600
1474311549,124.9600,124.9600,124.9600,124.9600,200
1474311631,124.9100,124.9450,124.8900,124.9450,3000
1474311689,124.9200,124.9200,124.9200,124.9200,300
1474311751,124.9500,124.9900,124.9200,124.9200,4100
1474311782,124.9700,124.9700,124.9400,124.9400,600
1474311892,124.9600,124.9900,124.9600,124.9900,2400
1474311902,124.9350,124.9700,124.9300,124.9600,2000
1474311986,124.9400,124.9500,124.9400,124.9450,500
1474312072,124.9300,124.9450,124.9300,124.9450,2800
1474312137,124.8600,124.9150,124.8600,124.9150,4600
1474312140,124.9000,124.9000,124.8700,124.8700,2000
1474312201,124.9200,124.9200,124.8600,124.8600,2300
1474312294,124.9100,124.9100,124.8800,124.8900,4500
1474312359,124.9200,124.9200,124.9000,124.9000,700
1474312415,124.9100,124.9100,124.9100,124.9100,100
1474312495,124.8472,124.9000,124.8472,124.8900,4700
1474312501,124.8400,124.8600,124.8400,124.8450,3000
1474312616,124.7500,124.8300,124.7500,124.8300,7200
1474312677,124.6950,124.7150,124.6600,124.7150,1300
1474312731,124.6950,124.6950,124.6950,124.6950,300
1474312740,124.7500,124.7500,124.7300,124.7300,2000
1474312832,124.7900,124.7900,124.7400,124.7400,700
1474312861,124.7400,124.8000,124.7400,124.8000,2700
1474312920,124.7500,124.7500,124.7000,124.7400,2900
1474312982,124.7100,124.7150,124.7000,124.7100,1900
1474313048,124.7600,124.7600,124.7000,124.7000,1700
1474313146,124.8000,124.8000,124.7600,124.7600,2000
1474313174,124.8450,124.8450,124.8400,124.8400,8400
1474313275,124.9200,124.9250,124.8550,124.8550,4500
1474313333,124.9400,125.0400,124.9100,124.9200,17300
1474313395,124.7100,124.9300,124.7100,124.9300,5900
1474313458,124.7300,124.7300,124.6700,124.7000,4800
1474313460,124.6850,124.7500,124.6800,124.7500,3600
1474313522,124.6100,124.6600,124.5400,124.6600,5100
1474313580,124.5400,124.5700,124.5100,124.5100,2200
1474313696,124.6200,124.6200,124.5600,124.5600,2000
1474313759,124.5950,124.6600,124.5900,124.6100,6200
1474313762,124.5500,124.6200,124.5450,124.5905,6200
1474313829,124.7000,124.7000,124.6300,124.6300,3500
1474313886,124.7600,124.7600,124.7100,124.7100,600
1474313940,124.7100,124.7300,124.6500,124.7300,7600
1474314055,124.6550,124.6800,124.6500,124.6800,2200
1474314065,124.6400,124.6550,124.5950,124.6400,6400
1474314176,124.7200,124.7200,124.6500,124.6500,5700
1474314186,124.7400,124.8100,124.7000,124.7000,4900
1474314291,124.7200,124.7800,124.7200,124.7600,3000
1474314359,124.7900,124.8100,124.7600,124.7600,5000
1474314363,124.8250,124.8700,124.7600,124.7600,7400
1474314478,124.8500,124.8800,124.8000,124.8300,5800
1474314535,124.7800,124.8350,124.7800,124.8300,1600
1474314545,124.7600,124.7900,124.7400,124.7900,4700
1474314610,124.7900,124.8000,124.7400,124.7600,6500
1474314668,124.6700,124.7500,124.6700,124.7500,3500
1474314724,124.6800,124.7000,124.6600,124.6600,4000
1474314838,124.7000,124.7300,124.7000,124.7000,4400
1474314843,124.7440,124.7600,124.7100,124.7200,5400
1474314907,124.7300,124.7800,124.7300,124.7700,5400
1474314960,124.6800,124.7400,124.6700,124.7200,7500
1474315025,124.6900,124.7300,124.6900,124.7100,8200
1474315137,124.7700,124.7700,124.6800,124.7200,11000
1474315143,124.6600,124.7800,124.6400,124.7800,23400
1474315200,124.6800,124.6800,124.6800,124.6800,79400
