uri:/instrument/1.0/SPB/chartdata;type=quote;range=1d/csv
ticker:spb
Company-Name:Spectrum Brands Holdings, Inc. 
Exchange-Name:NYQ
unit:MIN
timezone:EDT
currency:USD
gmtoffset:-14400
previous_close:133.8600
Timestamp:1474637400,1474660800
labels:1474639200,1474642800,1474646400,1474650000,1474653600,1474657200,1474660800
values:Timestamp,close,high,low,open,volume
close:132.8400,133.7700
high:132.8400,133.9800
low:132.8300,133.7600
open:132.8300,133.9000
volume:100,20100
1474637457,133.6200,133.6200,133.6200,133.6200,1200
1474637492,133.7700,133.8600,133.6200,133.6200,2900
1474637576,133.7500,133.9800,133.7500,133.9000,2000
1474637674,133.7600,133.7600,133.7600,133.7600,100
1474637926,133.4700,133.8500,133.4600,133.8500,800
1474637957,133.4700,133.4700,133.4200,133.4700,700
1474638018,133.4900,133.5700,133.4900,133.5700,300
1474638249,133.4000,133.4900,133.4000,133.4900,400
1474638583,133.3000,133.4300,133.1900,133.4150,700
1474638703,133.2100,133.3700,133.2100,133.3500,600
1474638753,133.1400,133.2000,133.1400,133.1900,700
1474638819,133.1600,133.1600,133.1400,133.1400,200
1474638862,133.1100,133.1100,133.1100,133.1100,100
1474638946,133.1500,133.2000,133.0500,133.0700,2200
1474638968,133.1400,133.1500,133.1400,133.1500,400
1474639023,133.2750,133.3500,133.2300,133.3400,1000
1474639224,133.2100,133.2700,133.2100,133.2600,1300
1474639442,133.1500,133.1550,133.1000,133.1400,1200
1474639559,133.1400,133.1400,133.1400,133.1400,100
1474639616,133.1350,133.1350,133.1350,133.1350,100
1474639739,133.1600,133.1600,133.1600,133.1600,100
1474639834,133.1500,133.1700,133.0800,133.0800,1600
1474639967,133.1300,133.2000,133.1250,133.1900,1700
1474640221,133.0100,133.0400,132.9900,133.0100,900
1474640314,132.9700,132.9700,132.9700,132.9700,100
1474640340,133.1100,133.1100,133.0600,133.0600,1100
1474640594,133.2400,133.2400,133.1350,133.1350,800
1474640698,133.4800,133.4800,133.3600,133.3600,600
1474640748,133.3300,133.4400,133.3300,133.4400,700
1474640783,133.3000,133.3000,133.2900,133.2900,200
1474640833,133.2200,133.2700,133.2200,133.2700,300
1474640882,133.2150,133.2700,133.2150,133.2550,900
1474641017,133.2350,133.2350,133.2350,133.2350,200
1474641170,133.1700,133.2700,133.1700,133.2700,400
1474641181,133.1800,133.1800,133.1800,133.1800,300
1474641333,133.0850,133.0850,133.0475,133.0475,200
1474641427,133.1200,133.1200,133.1200,133.1200,100
1474641532,133.1275,133.1700,133.1100,133.1150,1200
1474641580,133.1200,133.1500,133.1200,133.1500,400
1474641654,133.1300,133.1450,133.1300,133.1450,200
1474641701,133.1200,133.1200,133.1200,133.1200,100
1474641807,133.1400,133.1400,133.0900,133.0900,200
1474641895,133.2000,133.2000,133.1800,133.1900,1000
1474641981,133.3100,133.3250,133.2200,133.2200,800
1474642031,133.2400,133.2900,133.2200,133.2800,1000
1474642121,133.2900,133.2900,133.2300,133.2300,200
1474642163,133.2600,133.2600,133.2600,133.2600,100
1474642242,133.3000,133.3000,133.3000,133.3000,100
1474642282,133.3500,133.3500,133.2600,133.3000,1300
1474642594,133.4900,133.4900,133.3600,133.3600,700
1474642639,133.4800,133.4800,133.4800,133.4800,100
1474642732,133.4500,133.4800,133.4500,133.4800,700
1474642758,133.3900,133.3900,133.3900,133.3900,200
1474642866,133.3450,133.3450,133.3450,133.3450,100
1474643020,133.3500,133.3800,133.3200,133.3700,800
1474643064,133.3700,133.3900,133.3550,133.3550,400
1474643312,133.1900,133.1900,133.1900,133.1900,100
1474643399,133.2200,133.2200,133.2200,133.2200,100
1474643450,133.1500,133.1500,133.1500,133.1500,100
1474643490,133.2200,133.2200,133.1850,133.2200,400
1474643619,133.1900,133.1900,133.1900,133.1900,100
1474643672,133.1900,133.1900,133.1900,133.1900,100
1474643704,133.1650,133.2050,133.1650,133.2050,1100
1474643773,133.1700,133.1700,133.1700,133.1700,100
1474643859,133.1300,133.1550,133.1300,133.1400,800
1474644128,133.1200,133.1300,133.1200,133.1300,1000
1474644273,133.0300,133.0300,133.0300,133.0300,100
1474644375,133.0100,133.0600,133.0100,133.0100,400
1474644469,133.0400,133.0400,133.0400,133.0400,200
1474644561,133.0600,133.0600,133.0600,133.0600,200
1474644659,133.0950,133.1100,133.0700,133.0800,700
1474644660,133.1400,133.1400,133.1100,133.1100,500
1474644731,133.0900,133.1100,133.0700,133.1100,600
1474644808,133.0900,133.1000,133.0900,133.1000,300
1474644900,133.0800,133.0800,133.0800,133.0800,100
1474645074,133.1600,133.1800,133.0850,133.0850,2400
1474645123,133.2100,133.2200,133.1500,133.1600,400
1474645249,133.1800,133.1800,133.1800,133.1800,100
1474645311,133.1550,133.1550,133.1550,133.1550,100
1474645328,133.1900,133.1900,133.1100,133.1200,400
1474645436,133.0500,133.0500,133.0500,133.0500,100
1474645464,133.1100,133.1100,133.1100,133.1100,100
1474645611,133.1750,133.1750,133.1300,133.1300,500
1474645620,133.1150,133.1150,133.1150,133.1150,100
1474645732,133.2700,133.2700,133.1450,133.1450,1300
1474645786,133.2700,133.2900,133.2200,133.2900,700
1474646033,133.2000,133.2000,133.2000,133.2000,100
1474646119,133.2150,133.2400,133.1700,133.1900,600
1474646182,133.1000,133.2000,133.1000,133.2000,300
1474646266,133.0400,133.0400,133.0400,133.0400,100
1474646367,133.1000,133.1000,133.0000,133.0000,200
1474646500,133.0300,133.0300,133.0300,133.0300,200
1474646631,132.9900,133.0200,132.9900,133.0200,300
1474646741,132.9101,132.9101,132.9101,132.9101,100
1474646969,132.9600,132.9600,132.9600,132.9600,100
1474647027,132.9900,133.0150,132.9350,132.9600,2200
1474647219,132.9900,132.9900,132.9800,132.9800,400
1474647304,132.9000,133.0100,132.9000,133.0100,600
1474647739,132.8500,132.8500,132.8500,132.8500,100
1474647925,132.8900,132.8900,132.8900,132.8900,100
1474648122,132.8400,132.8400,132.8400,132.8400,100
1474648266,132.9600,132.9600,132.8300,132.8300,1200
1474648406,132.9100,132.9300,132.9100,132.9300,500
1474648600,132.8800,132.8975,132.8725,132.8975,900
1474648705,132.8524,132.8524,132.8524,132.8524,100
1474648864,132.9150,132.9150,132.9000,132.9100,500
1474649129,132.8980,132.9200,132.8500,132.9150,1000
1474649268,132.9100,132.9100,132.8650,132.8650,700
1474649490,133.0500,133.0500,132.9500,132.9500,900
1474649704,133.1000,133.1000,133.0300,133.0300,400
1474649783,132.9750,133.0500,132.9750,133.0500,200
1474650094,132.8500,133.0100,132.8500,132.9000,1000
1474650130,132.9900,133.0000,132.9900,133.0000,200
1474650185,133.1100,133.1100,133.0100,133.0100,800
1474650289,133.2050,133.2050,133.1300,133.1300,200
1474650400,133.5600,133.5600,133.3550,133.3800,600
1474650431,133.5600,133.5600,133.5600,133.5600,100
1474650508,133.4350,133.4350,133.4200,133.4300,500
1474650543,133.3000,133.3700,133.3000,133.3700,300
1474650601,133.2800,133.2800,133.2400,133.2600,500
1474650896,133.1900,133.1900,133.1900,133.1900,100
1474650924,133.2400,133.2400,133.2400,133.2400,100
1474651123,133.2100,133.2100,133.2100,133.2100,200
1474651282,133.1200,133.2300,133.0700,133.1400,1300
1474651464,133.2500,133.2500,133.2500,133.2500,100
1474651563,133.2000,133.2400,133.1900,133.2000,700
1474651639,133.1950,133.1950,133.1950,133.1950,100
1474651780,133.1700,133.2000,133.1700,133.1800,300
1474651829,133.0400,133.1400,133.0400,133.1400,500
1474651963,133.0100,133.0100,133.0100,133.0100,100
1474651988,132.9660,132.9660,132.9660,132.9660,200
1474652083,132.9200,132.9800,132.9200,132.9800,400
1474652263,133.0200,133.0200,132.9900,132.9900,800
1474652337,132.9750,133.0600,132.9700,132.9700,400
1474652347,133.0400,133.0400,133.0400,133.0400,100
1474652434,133.0400,133.0400,133.0400,133.0400,200
1474652471,133.1000,133.1000,133.0600,133.0600,300
1474652538,133.0800,133.1100,133.0800,133.1100,300
1474652649,133.1400,133.1400,133.0800,133.0800,300
1474652763,133.1100,133.1100,133.1100,133.1100,100
1474652861,133.1200,133.2300,133.1200,133.2300,400
1474652929,133.1100,133.1100,133.1100,133.1100,900
1474653001,133.0400,133.1350,133.0400,133.1100,2700
1474653103,133.1100,133.1100,133.0800,133.0800,800
1474653120,133.1800,133.2000,133.1050,133.1050,900
1474653477,133.2000,133.2000,133.1900,133.2000,800
1474653492,133.2000,133.2000,133.2000,133.2000,100
1474653579,133.1900,133.1900,133.1100,133.1300,700
1474653817,133.2000,133.2500,133.2000,133.2000,1500
1474653921,133.3000,133.3000,133.2650,133.2783,400
1474654064,133.3200,133.3400,133.3200,133.3300,500
1474654114,133.3600,133.3600,133.3500,133.3500,200
1474654194,133.3850,133.3850,133.3850,133.3850,200
1474654201,133.3900,133.3900,133.3900,133.3900,100
1474654288,133.3100,133.3700,133.2500,133.3700,2200
1474654490,133.2150,133.2150,133.2150,133.2150,100
1474654618,133.1100,133.1100,133.1100,133.1100,100
1474654681,133.1400,133.1400,133.1400,133.1400,100
1474654856,133.0400,133.1100,133.0400,133.0600,400
1474654905,133.0401,133.1000,133.0400,133.0400,300
1474655039,133.1900,133.2000,133.1200,133.1200,2100
1474655041,133.2200,133.2200,133.2200,133.2200,100
1474655126,133.2100,133.2400,133.2100,133.2200,800
1474655181,133.1600,133.2000,133.1600,133.2000,1100
1474655402,133.1300,133.1600,133.1300,133.1600,300
1474655585,133.2200,133.2200,133.1200,133.1600,1800
1474655751,133.1900,133.1900,133.1900,133.1900,200
1474655778,133.1800,133.1800,133.1800,133.1800,200
1474655829,133.1800,133.1800,133.1800,133.1800,100
1474655940,133.1300,133.1800,133.1100,133.1700,1200
1474656026,133.0900,133.0900,133.0900,133.0900,100
1474656120,133.0300,133.1000,133.0300,133.0600,500
1474656231,133.0100,133.0200,133.0100,133.0200,200
1474656255,133.0000,133.0000,133.0000,133.0000,100
1474656496,133.0750,133.0800,133.0500,133.0800,300
1474656643,133.0500,133.0500,133.0500,133.0500,500
1474656758,133.1100,133.1100,133.0900,133.0900,1600
1474656784,133.1800,133.1800,133.1300,133.1300,1200
1474656844,133.1900,133.1900,133.1400,133.1900,1800
1474657008,133.1800,133.1800,133.1800,133.1800,100
1474657226,133.1000,133.1700,133.1000,133.1500,1500
1474657302,133.1400,133.1400,133.1400,133.1400,200
1474657464,133.1000,133.1300,133.1000,133.1300,200
1474657500,133.1000,133.1000,133.1000,133.1000,100
1474657617,133.1400,133.1500,133.1200,133.1400,1500
1474657648,133.1900,133.1900,133.1350,133.1350,2300
1474657680,133.2500,133.2900,133.2300,133.2300,400
1474657764,133.2000,133.2500,133.1700,133.2100,2800
1474657846,133.1600,133.1600,133.1600,133.1600,200
1474657989,133.1000,133.1600,133.1000,133.1200,500
1474658158,133.1300,133.1300,133.1300,133.1300,300
1474658163,133.0800,133.1000,133.0800,133.1000,300
1474658238,133.1400,133.1400,133.0750,133.0750,4000
1474658289,133.0800,133.1300,133.0800,133.1300,1100
1474658395,133.1300,133.1300,133.1300,133.1300,900
1474658415,133.1500,133.1500,133.1400,133.1400,400
1474658532,133.0950,133.0950,133.0950,133.0950,400
1474658672,133.1200,133.1200,133.1200,133.1200,100
1474658733,133.1400,133.1400,133.0900,133.0900,1300
1474658789,133.1600,133.1700,133.1300,133.1400,1200
1474658823,133.1700,133.1900,133.1100,133.1700,2000
1474658892,133.1350,133.1700,133.1350,133.1700,600
1474658970,133.2150,133.2300,133.1600,133.1600,2300
1474659086,133.1900,133.1900,133.1900,133.1900,100
1474659157,133.1950,133.2200,133.1700,133.2200,1800
1474659190,133.1750,133.2000,133.1750,133.1900,1200
1474659241,133.1800,133.1800,133.1750,133.1750,400
1474659324,133.2100,133.2200,133.1800,133.1800,2800
1474659401,133.1900,133.1900,133.1700,133.1800,800
1474659420,133.1600,133.1700,133.1000,133.1600,1700
1474659490,133.0700,133.1200,133.0700,133.1200,1600
1474659587,133.0100,133.0900,133.0100,133.0900,300
1474659644,133.0700,133.0700,133.0200,133.0200,1200
1474659668,133.0700,133.0800,133.0600,133.0600,400
1474659725,133.0600,133.0700,133.0100,133.0100,2100
1474659793,133.0800,133.0800,133.0600,133.0600,800
1474659848,133.0600,133.0600,133.0300,133.0600,3700
1474659902,133.0600,133.0600,132.9900,133.0175,2100
1474659988,133.0600,133.0600,133.0600,133.0600,500
1474660024,132.9500,133.0200,132.9500,133.0200,2500
1474660098,132.9850,133.0100,132.9500,132.9700,2000
1474660155,132.9800,132.9900,132.9600,132.9900,1600
1474660200,132.9600,132.9900,132.9600,132.9800,2500
1474660276,133.0200,133.0200,132.9900,132.9900,2400
1474660364,133.0050,133.0200,133.0050,133.0200,800
1474660390,133.1400,133.1500,133.0300,133.0300,4200
1474660479,133.1100,133.1400,133.1000,133.1100,2100
1474660503,133.1200,133.1600,133.1000,133.1300,2600
1474660566,133.1300,133.2000,133.0700,133.1600,10400
1474660621,133.1100,133.1900,133.1100,133.1700,3800
1474660688,133.1100,133.1900,133.0300,133.1400,8800
1474660799,133.0100,133.2900,133.0100,133.1700,20100
1474660800,133.0700,133.0700,133.0700,133.0700,12300
