uri:/instrument/1.0/PRGO/chartdata;type=quote;range=1d/csv
ticker:prgo
Company-Name:Perrigo Company plc Ordinary Sh
Exchange-Name:NYQ
unit:MIN
timezone:EDT
currency:USD
gmtoffset:-14400
previous_close:97.1200
Timestamp:1474637400,1474660800
labels:1474639200,1474642800,1474646400,1474650000,1474653600,1474657200,1474660800
values:Timestamp,close,high,low,open,volume
close:97.0400,99.0720
high:97.1200,99.1400
low:96.9700,99.0300
open:97.0600,99.0700
volume:100,37400
1474637542,97.1700,97.1700,97.1700,97.1700,13900
1474637746,97.3500,97.3600,97.3100,97.3100,5300
1474637802,97.2950,97.2950,97.1700,97.2700,4700
1474637820,97.3600,97.3600,97.1600,97.1600,600
1474637892,97.4100,97.5000,97.2600,97.3600,3000
1474637956,97.2100,97.5200,97.2100,97.4800,9300
1474638023,97.7100,97.7600,97.5200,97.5200,2300
1474638078,97.6350,97.6758,97.5200,97.6758,1600
1474638166,97.6000,97.6100,97.6000,97.6100,400
1474638239,97.5100,97.6250,97.5100,97.6250,700
1474638243,97.3900,97.7000,97.3900,97.5100,7800
1474638323,97.2400,97.3900,97.2400,97.3900,2400
1474638418,97.3033,97.3900,97.2100,97.3100,1900
1474638425,97.5900,97.5900,97.4000,97.4000,1200
1474638538,97.5100,97.5585,97.4600,97.5585,3600
1474638591,97.5700,97.7100,97.4900,97.5000,4400
1474638652,97.7900,97.8200,97.7500,97.7800,1900
1474638676,97.8100,97.8101,97.6100,97.8101,1400
1474638778,97.7400,97.7800,97.6100,97.7800,12300
1474638839,97.8900,97.9500,97.7700,97.7800,10500
1474638897,97.8800,98.0100,97.8000,97.8600,13700
1474638956,97.8550,97.9700,97.8200,97.8800,9800
1474639017,97.8400,97.9900,97.8000,97.8850,14800
1474639060,97.8100,97.8700,97.8100,97.8700,2100
1474639139,97.7200,97.9200,97.6800,97.8500,7700
1474639142,97.6600,97.7200,97.6000,97.7200,2500
1474639203,97.8100,97.8950,97.7600,97.8750,4700
1474639261,97.9600,97.9600,97.7600,97.8100,7900
1474639320,97.9100,97.9200,97.8250,97.8700,4300
1474639382,97.9400,98.0000,97.9100,97.9500,1300
1474639489,98.1200,98.1300,97.9350,97.9350,4100
1474639559,98.0100,98.2000,97.9550,98.1700,13200
1474639618,98.1330,98.1900,98.0400,98.0400,17400
1474639679,98.2000,98.2000,98.0700,98.1000,14400
1474639737,98.1000,98.2400,98.1000,98.1600,10700
1474639799,97.9500,98.0300,97.8700,98.0300,4500
1474639804,98.0100,98.0100,97.9699,97.9700,3100
1474639896,98.0600,98.1000,98.0100,98.0100,3700
1474639978,98.1200,98.1890,98.0500,98.0500,1900
1474639981,98.1450,98.1450,98.1450,98.1450,100
1474640054,98.1500,98.2000,98.1348,98.1750,4600
1474640125,98.1100,98.1100,98.1100,98.1100,2500
1474640163,98.0800,98.1560,98.0800,98.1260,3500
1474640266,98.0700,98.1000,98.0400,98.0500,1700
1474640314,98.1400,98.1400,98.1100,98.1100,800
1474640375,98.1500,98.1900,98.1500,98.1600,700
1474640459,98.2400,98.2400,98.2000,98.2200,6500
1474640515,98.3800,98.4800,98.2400,98.2400,9500
1474640577,98.4300,98.4400,98.3800,98.3800,1400
1474640607,98.6100,98.6200,98.4799,98.4900,6000
1474640646,98.7600,98.7600,98.5400,98.5800,7500
1474640748,98.5500,98.7000,98.5500,98.7000,6000
1474640814,98.5100,98.5600,98.4900,98.5300,3700
1474640878,98.6200,98.6300,98.5300,98.5300,1600
1474640884,98.7035,98.7500,98.6566,98.6566,13500
1474640959,98.5000,98.5125,98.4600,98.5125,700
1474641012,98.6600,98.6600,98.5400,98.5800,6200
1474641118,98.5899,98.7000,98.5600,98.6210,4300
1474641120,98.7700,98.7700,98.5900,98.5900,1900
1474641238,98.7200,98.8300,98.7000,98.7800,5700
1474641242,98.7300,98.8300,98.5775,98.6900,18600
1474641359,98.7900,98.8300,98.7400,98.7800,4300
1474641361,98.8300,98.8500,98.7500,98.7600,12500
1474641477,98.7600,98.8500,98.6900,98.8400,10600
1474641537,98.7100,98.7700,98.5700,98.7700,10400
1474641597,98.8000,98.8000,98.6800,98.7500,13000
1474641605,98.7300,98.7700,98.7100,98.7400,11900
1474641665,98.6900,98.7500,98.6500,98.7500,4100
1474641767,98.7100,98.7450,98.6800,98.6800,1600
1474641831,98.7350,98.7458,98.7300,98.7300,900
1474641899,98.7700,98.8295,98.7600,98.7600,8600
1474641912,98.9400,98.9400,98.7700,98.7950,11300
1474641969,99.0000,99.0000,98.9025,98.9500,4500
1474642076,98.9900,99.0000,98.9900,99.0000,2000
1474642138,99.0720,99.1400,98.9700,98.9750,15500
1474642144,99.0550,99.1400,99.0300,99.0700,4200
1474642206,98.9000,99.0500,98.9000,99.0500,1500
1474642265,98.9600,98.9600,98.8600,98.9000,2200
1474642360,99.0000,99.0700,98.9700,99.0700,1800
1474642389,98.9850,99.0690,98.9800,99.0690,1500
1474642442,98.8750,98.9500,98.8750,98.9500,1200
1474642524,98.8300,98.8900,98.8300,98.8700,1500
1474642619,98.9100,98.9100,98.9100,98.9100,100
1474642652,98.9100,98.9400,98.8767,98.8767,1300
1474642726,98.9688,98.9900,98.9250,98.9250,2500
1474642743,98.9600,98.9900,98.9400,98.9900,4100
1474642851,98.9600,98.9700,98.9050,98.9300,3200
1474642867,99.0158,99.0300,98.9550,98.9550,3100
1474642979,99.0000,99.0600,99.0000,99.0600,3000
1474643028,98.8810,99.0100,98.8810,98.9800,4100
1474643043,98.9600,98.9600,98.9100,98.9100,2100
1474643106,98.8400,98.9850,98.8400,98.9850,3100
1474643212,98.8100,98.8600,98.7500,98.7900,6900
1474643277,98.7700,98.8500,98.7500,98.8000,2500
1474643288,98.8800,98.8800,98.7500,98.7500,2700
1474643361,98.7800,98.8800,98.7800,98.8800,2500
1474643455,98.7800,98.7800,98.7000,98.7000,400
1474643517,98.7900,98.7900,98.7100,98.7100,1400
1474643525,98.8000,98.8500,98.7900,98.7900,4400
1474643618,98.8302,98.8350,98.8000,98.8195,2000
1474643641,98.8800,98.9000,98.8400,98.8400,2300
1474643750,98.8950,98.9300,98.8900,98.9000,5000
1474643766,98.8550,98.8850,98.8400,98.8800,2700
1474643844,98.7400,98.8300,98.7400,98.7901,3600
1474643912,98.7200,98.7723,98.7200,98.7600,2800
1474643940,98.6700,98.7300,98.6400,98.7100,2900
1474644002,98.6800,98.7100,98.6800,98.6800,4600
1474644114,98.5700,98.6650,98.5100,98.6650,5300
1474644124,98.6000,98.6000,98.5300,98.5700,2300
1474644239,98.5000,98.5600,98.5000,98.5600,5600
1474644240,98.5800,98.5800,98.5000,98.5000,2600
1474644302,98.6200,98.6700,98.6200,98.6200,2300
1474644400,98.5300,98.5900,98.5300,98.5900,400
1474644424,98.5200,98.5300,98.5200,98.5300,400
1474644487,98.6800,98.6800,98.5800,98.5800,2900
1474644543,98.6350,98.7100,98.6100,98.6900,7000
1474644600,98.5100,98.6200,98.5100,98.6100,2000
1474644717,98.5950,98.6600,98.5400,98.6600,6000
1474644774,98.5400,98.6700,98.5400,98.5650,8000
1474644793,98.5900,98.5900,98.5600,98.5600,200
1474644895,98.5600,98.6000,98.5600,98.5900,1600
1474644901,98.6300,98.6300,98.5300,98.5600,4200
1474645018,98.6800,98.7000,98.6000,98.6000,3400
1474645024,98.7000,98.7450,98.6750,98.6750,3300
1474645099,98.7500,98.7500,98.7000,98.7100,1500
1474645143,98.7800,98.8000,98.7100,98.7300,9500
1474645219,98.7500,98.7800,98.7400,98.7800,3800
1474645272,98.6700,98.7000,98.6700,98.7000,600
1474645377,98.6900,98.7400,98.6800,98.7200,3000
1474645382,98.7200,98.7400,98.7000,98.7000,1900
1474645442,98.7300,98.7800,98.7100,98.7100,5000
1474645502,98.7450,98.7700,98.7450,98.7700,1300
1474645590,98.7950,98.8200,98.7700,98.8200,500
1474645677,98.6700,98.7900,98.6300,98.7900,7200
1474645730,98.5800,98.6300,98.5500,98.6100,1500
1474645741,98.5000,98.5500,98.5000,98.5500,4300
1474645873,98.5100,98.5700,98.5100,98.5400,1100
1474645939,98.3300,98.5100,98.3300,98.5000,4200
1474646037,98.4400,98.4400,98.3600,98.3600,6700
1474646040,98.5000,98.5100,98.4400,98.4700,1600
1474646100,98.4000,98.5200,98.3950,98.5050,6400
1474646217,98.4000,98.4000,98.3200,98.3700,8500
1474646279,98.3900,98.4450,98.3200,98.4100,9600
1474646338,98.4500,98.4500,98.3400,98.3600,6400
1474646341,98.3300,98.4600,98.1300,98.4400,12100
1474646432,98.3400,98.3450,98.2900,98.3000,3500
1474646463,98.3700,98.4400,98.3200,98.3700,6700
1474646571,98.2800,98.3700,98.2800,98.3700,700
1474646583,98.2700,98.3046,98.2700,98.3046,900
1474646668,98.3500,98.3500,98.3100,98.3100,800
1474646754,98.2900,98.3689,98.2900,98.3600,3200
1474646813,98.2400,98.3300,98.2400,98.3300,1000
1474646823,98.2800,98.2800,98.1701,98.2400,2500
1474646923,98.2950,98.2950,98.2700,98.2700,200
1474646948,98.3000,98.3100,98.2600,98.2700,1000
1474647056,98.3600,98.3600,98.2800,98.3300,4000
1474647073,98.3800,98.3800,98.3500,98.3500,900
1474647125,98.3900,98.3900,98.3300,98.3600,4800
1474647230,98.3500,98.3800,98.3500,98.3800,1700
1474647273,98.3300,98.3500,98.3300,98.3500,800
1474647355,98.3300,98.3300,98.3300,98.3300,100
1474647391,98.3210,98.3210,98.3210,98.3210,200
1474647421,98.3800,98.3800,98.3300,98.3300,2700
1474647523,98.3400,98.4300,98.3400,98.4300,2500
1474647587,98.3300,98.3900,98.3300,98.3400,2500
1474647602,98.2400,98.3600,98.2100,98.3600,2900
1474647702,98.2700,98.2800,98.2500,98.2600,1900
1474647740,98.2600,98.3000,98.2500,98.2700,3800
1474647794,98.2500,98.3300,98.2500,98.2800,6100
1474647843,98.2600,98.3200,98.2600,98.2900,3600
1474647956,98.2400,98.3000,98.2400,98.2600,4100
1474647971,98.2100,98.2800,98.1900,98.2700,4800
1474648039,98.2600,98.2600,98.2100,98.2400,1700
1474648081,98.2200,98.2500,98.2200,98.2500,800
1474648187,98.2700,98.2700,98.2700,98.2700,400
1474648229,98.2800,98.3000,98.2800,98.2800,2700
1474648260,98.3200,98.3200,98.2800,98.2800,1300
1474648335,98.3200,98.3700,98.3000,98.3400,7600
1474648403,98.3700,98.3700,98.3600,98.3600,1800
1474648462,98.3400,98.3400,98.3000,98.3000,1000
1474648503,98.3200,98.3500,98.3100,98.3500,2200
1474648616,98.3500,98.3500,98.3250,98.3250,1500
1474648660,98.2000,98.3000,98.2000,98.3000,1600
1474648734,98.2100,98.2150,98.1600,98.2150,2900
1474648747,98.2800,98.2800,98.2200,98.2200,1800
1474648828,98.2900,98.2900,98.2900,98.2900,100
1474648894,98.3100,98.3100,98.2900,98.2900,1400
1474648979,98.2800,98.3200,98.2800,98.3200,2500
1474649037,98.2100,98.2700,98.1600,98.2700,3600
1474649066,98.2299,98.2299,98.2050,98.2050,400
1474649113,98.1800,98.1800,98.1400,98.1800,2100
1474649187,98.1300,98.1800,98.1300,98.1800,1100
1474649260,98.1188,98.1300,98.0950,98.1100,2800
1474649295,98.1001,98.1001,98.1001,98.1001,200
1474649340,98.0800,98.1000,98.0400,98.1000,3200
1474649443,98.0800,98.0900,98.0400,98.0400,2100
1474649489,98.0900,98.1200,98.0900,98.1200,3800
1474649533,98.1000,98.1200,98.1000,98.1100,400
1474649592,98.1250,98.1650,98.1200,98.1400,2400
1474649688,98.1000,98.1000,98.1000,98.1000,100
1474649749,98.1200,98.1200,98.1000,98.1000,200
1474649793,98.1800,98.1800,98.1000,98.1000,1000
1474649843,98.1900,98.1900,98.1900,98.1900,400
1474649883,98.1300,98.2100,98.1200,98.2100,4000
1474649979,98.1000,98.1000,98.1000,98.1000,100
1474650058,98.1550,98.1800,98.1000,98.1000,3800
1474650060,98.0800,98.1550,98.0600,98.1550,1700
1474650124,98.1000,98.1000,98.1000,98.1000,300
1474650180,98.1300,98.1300,98.1300,98.1300,300
1474650243,98.1300,98.1700,98.1000,98.1000,400
1474650300,98.0400,98.1250,98.0400,98.1200,2600
1474650395,97.9000,98.1000,97.9000,98.0800,11900
1474650465,97.8816,97.9300,97.8600,97.9000,1400
1474650488,97.9300,97.9300,97.9088,97.9212,900
1474650602,97.9800,97.9800,97.9200,97.9200,2000
1474650668,97.8700,97.9500,97.8700,97.9500,3100
1474650723,97.7800,97.8600,97.7800,97.8600,1200
1474650831,97.7700,97.7700,97.7700,97.7700,200
1474650891,97.7500,97.7850,97.6900,97.7500,5800
1474650953,97.5900,97.8200,97.5900,97.7800,8500
1474650998,97.4900,97.5700,97.4900,97.5700,3000
1474651067,97.5025,97.5300,97.5025,97.5300,600
1474651091,97.4400,97.4900,97.3800,97.4900,5600
1474651199,97.5158,97.5158,97.4400,97.4500,3700
1474651223,97.5700,97.5800,97.5300,97.5300,1400
1474651318,97.6100,97.6100,97.5500,97.5800,3700
1474651325,97.4900,97.5800,97.4700,97.5800,7200
1474651395,97.4500,97.4800,97.3900,97.4700,4900
1474651444,97.4100,97.4800,97.4100,97.4800,500
1474651502,97.4600,97.4700,97.4100,97.4300,2700
1474651569,97.5000,97.5400,97.4600,97.4600,5400
1474651622,97.4500,97.5000,97.4400,97.4900,2700
1474651685,97.4350,97.4600,97.4200,97.4600,1700
1474651794,97.3180,97.4104,97.3180,97.4104,2300
1474651803,97.3100,97.3900,97.3000,97.3400,8700
1474651910,97.3200,97.3400,97.2400,97.3100,7100
1474651922,97.3700,97.3700,97.3150,97.3200,1500
1474651980,97.3950,97.4500,97.3600,97.4100,8000
1474652093,97.3800,97.4100,97.3800,97.3800,400
1474652102,97.3800,97.4500,97.3700,97.4200,4600
1474652178,97.4400,97.4400,97.4000,97.4000,700
1474652255,97.4200,97.4200,97.3900,97.3900,1000
1474652295,97.2400,97.4200,97.2400,97.4200,6100
1474652368,97.2500,97.2500,97.2200,97.2200,200
1474652402,97.2600,97.2900,97.2600,97.2600,2300
1474652461,97.2800,97.2900,97.2400,97.2800,2800
1474652532,97.2100,97.2800,97.2100,97.2500,2600
1474652593,97.1600,97.2300,97.1400,97.2000,3900
1474652646,97.0400,97.1700,96.9700,97.1700,9900
1474652702,97.1600,97.1600,97.0900,97.0900,1000
1474652768,97.2400,97.2400,97.1500,97.1500,1400
1474652823,97.1300,97.2300,97.1300,97.2200,4800
1474652893,97.1500,97.1500,97.1500,97.1500,300
1474652945,97.2300,97.2300,97.1800,97.1800,1000
1474653058,97.2500,97.2500,97.2500,97.2500,700
1474653117,97.1600,97.3000,97.1100,97.2700,10200
1474653123,97.1300,97.1750,97.0900,97.1750,3500
1474653236,97.2000,97.2000,97.1500,97.1500,1600
1474653299,97.2050,97.2200,97.1700,97.1700,1600
1474653302,97.1200,97.2050,97.1000,97.2050,5100
1474653417,97.1300,97.1600,97.1100,97.1100,2600
1474653429,97.1000,97.1500,97.0900,97.1250,2300
1474653489,97.1200,97.1400,97.1100,97.1100,2200
1474653544,97.0500,97.1500,97.0300,97.1500,3100
1474653603,97.1200,97.1200,97.0600,97.0600,900
1474653718,97.1500,97.1700,97.0900,97.1500,6200
1474653721,97.1100,97.1600,97.1100,97.1300,4000
1474653791,97.1400,97.1400,97.1300,97.1300,400
1474653896,97.1800,97.1800,97.1200,97.1200,8500
1474653901,97.2700,97.2800,97.1750,97.1750,8200
1474654014,97.2700,97.2850,97.2600,97.2800,6000
1474654079,97.2400,97.2800,97.2400,97.2800,6700
1474654108,97.3000,97.3000,97.2400,97.2500,8100
1474654198,97.3200,97.3300,97.2700,97.2700,4600
1474654200,97.3050,97.3200,97.2700,97.3100,8600
1474654298,97.2300,97.2800,97.2300,97.2800,3300
1474654325,97.2500,97.3000,97.2450,97.2600,3900
1474654387,97.2600,97.3000,97.2500,97.2700,8600
1474654497,97.2300,97.2900,97.2300,97.2800,5300
1474654555,97.1200,97.2350,97.0900,97.2350,10300
1474654570,97.1550,97.1700,97.1100,97.1100,2200
1474654622,97.2200,97.2300,97.1700,97.1700,2600
1474654737,97.3200,97.3400,97.2300,97.2300,4200
1474654759,97.3300,97.3800,97.3200,97.3200,1200
1474654800,97.3550,97.3800,97.3400,97.3400,7000
1474654862,97.3100,97.3800,97.3100,97.3600,4100
1474654977,97.2300,97.3099,97.2300,97.3000,3000
1474655027,97.1950,97.2400,97.1400,97.2300,6000
1474655093,97.2100,97.2300,97.1700,97.2000,2600
1474655149,97.2550,97.2550,97.2150,97.2150,1500
1474655212,97.3200,97.3200,97.2500,97.2550,12700
1474655225,97.3550,97.3700,97.3200,97.3200,3700
1474655328,97.3800,97.3850,97.3500,97.3800,2300
1474655356,97.4100,97.4500,97.3800,97.3800,6300
1474655451,97.4000,97.4000,97.3500,97.4000,5600
1474655480,97.4100,97.4700,97.4000,97.4000,4900
1474655545,97.4250,97.4250,97.4000,97.4000,600
1474655637,97.5100,97.5299,97.4750,97.4750,2500
1474655691,97.4450,97.5350,97.4300,97.5100,7200
1474655702,97.3900,97.4200,97.3900,97.4200,500
1474655760,97.4150,97.4399,97.4000,97.4399,1800
1474655873,97.3000,97.4000,97.3000,97.4000,4300
1474655886,97.2700,97.3400,97.2700,97.2900,5100
1474655984,97.2750,97.2750,97.2500,97.2700,700
1474656059,97.2850,97.3100,97.2700,97.2850,5100
1474656077,97.3400,97.3400,97.2850,97.2850,2700
1474656154,97.2900,97.3750,97.2900,97.3700,4800
1474656237,97.3050,97.3200,97.2850,97.2900,2500
1474656251,97.3300,97.3800,97.3050,97.3050,2900
1474656355,97.3200,97.3750,97.3200,97.3400,3600
1474656418,97.3150,97.3150,97.2400,97.3100,3000
1474656422,97.3250,97.3500,97.2900,97.3100,5200
1474656493,97.3250,97.3250,97.2450,97.2500,3200
1474656547,97.3350,97.3500,97.3000,97.3000,600
1474656615,97.3100,97.3500,97.2700,97.3500,2800
1474656702,97.3600,97.3600,97.3100,97.3100,700
1474656765,97.3800,97.3800,97.3600,97.3600,1600
1474656827,97.4250,97.4500,97.4000,97.4000,1300
1474656886,97.4800,97.4800,97.4200,97.4200,1200
1474656923,97.5100,97.5300,97.4800,97.5100,3600
1474656965,97.5000,97.5000,97.4800,97.5000,600
1474657052,97.5000,97.5100,97.5000,97.5100,400
1474657090,97.5500,97.5900,97.5300,97.5500,2200
1474657145,97.5400,97.6200,97.5100,97.5800,4600
1474657216,97.5500,97.5700,97.5400,97.5400,500
1474657271,97.5500,97.5850,97.5500,97.5665,3300
1474657345,97.4900,97.5497,97.4900,97.5400,2100
1474657381,97.5100,97.5100,97.4900,97.5000,2200
1474657496,97.5500,97.5700,97.5200,97.5200,4000
1474657557,97.5200,97.5400,97.5000,97.5400,3300
1474657615,97.4745,97.5100,97.4700,97.5100,2400
1474657629,97.5400,97.5500,97.4500,97.4600,2900
1474657690,97.5000,97.5600,97.5000,97.5600,2000
1474657778,97.4400,97.4700,97.4300,97.4700,2400
1474657814,97.4300,97.4400,97.4300,97.4300,1500
1474657910,97.5500,97.5700,97.4800,97.4900,3100
1474657922,97.5400,97.5450,97.5400,97.5420,1500
1474658039,97.4900,97.5450,97.4600,97.5450,2900
1474658092,97.4875,97.4900,97.4800,97.4900,900
1474658121,97.4800,97.4800,97.4450,97.4800,2800
1474658173,97.4900,97.4900,97.4700,97.4800,2000
1474658279,97.5198,97.5200,97.5000,97.5000,1500
1474658312,97.5450,97.5500,97.5150,97.5300,1800
1474658351,97.5600,97.5600,97.5300,97.5300,1700
1474658416,97.4800,97.5850,97.4400,97.5700,5200
1474658512,97.4900,97.5200,97.4900,97.4900,1300
1474658530,97.5100,97.5100,97.4200,97.4600,3200
1474658580,97.5550,97.5550,97.4800,97.5100,2200
1474658647,97.5550,97.5600,97.5000,97.5200,3900
1474658714,97.5600,97.6200,97.5500,97.5700,4300
1474658761,97.5500,97.5700,97.5500,97.5700,2700
1474658842,97.5700,97.5700,97.5250,97.5250,1400
1474658895,97.5550,97.6000,97.5500,97.5900,5100
1474658940,97.5900,97.6000,97.5600,97.5600,3100
1474659042,97.4700,97.5700,97.4700,97.5700,8100
1474659115,97.5000,97.5400,97.5000,97.5000,9000
1474659176,97.4900,97.5700,97.4700,97.5000,11600
1474659181,97.4600,97.4900,97.4100,97.4900,4500
1474659292,97.4800,97.5600,97.4500,97.4500,4700
1474659305,97.4700,97.5400,97.4700,97.5400,9700
1474659360,97.4000,97.5050,97.3900,97.4700,8000
1474659423,97.4401,97.4450,97.3850,97.4100,7500
1474659536,97.3850,97.4850,97.3800,97.4700,5000
1474659544,97.4000,97.4600,97.4000,97.4000,5100
1474659610,97.3900,97.4500,97.3350,97.3700,6400
1474659661,97.3800,97.4350,97.3600,97.4100,5800
1474659771,97.3600,97.4300,97.3600,97.4200,3900
1474659781,97.3900,97.3900,97.3200,97.3400,4200
1474659841,97.3750,97.4000,97.3500,97.4000,7200
1474659959,97.3700,97.3900,97.3200,97.3300,6800
1474659964,97.4100,97.4175,97.3500,97.3800,7700
1474660078,97.3500,97.3900,97.3500,97.3900,7200
1474660081,97.3750,97.4700,97.3475,97.3900,10500
1474660197,97.4367,97.4600,97.3700,97.4000,9600
1474660254,97.3800,97.4700,97.3800,97.4400,8400
1474660271,97.4200,97.4400,97.3600,97.3700,10000
1474660378,97.4100,97.4900,97.3900,97.4600,9500
1474660388,97.4700,97.5300,97.4300,97.4300,10700
1474660451,97.4800,97.5400,97.4800,97.4900,13300
1474660517,97.5350,97.5350,97.4600,97.4900,4200
1474660580,97.5300,97.5350,97.5250,97.5250,11200
1474660626,97.5100,97.5600,97.5100,97.5400,17100
1474660738,97.5100,97.5200,97.4600,97.4600,9700
1474660745,97.4600,97.5100,97.4400,97.5100,14200
1474660800,97.4000,97.4000,97.4000,97.4000,37400
