uri:/instrument/1.0/PFE/chartdata;type=quote;range=1d/csv
ticker:pfe
Company-Name:Pfizer, Inc. Common Stock
Exchange-Name:NYQ
unit:MIN
timezone:EDT
currency:USD
gmtoffset:-14400
previous_close:33.6400
Timestamp:1474983000,1475006400
labels:1474984800,1474988400,1474992000,1474995600,1474999200,1475002800,1475006400
values:Timestamp,close,high,low,open,volume
close:33.5000,33.8765
high:33.5100,33.8800
low:33.4800,33.8644
open:33.4900,33.8700
volume:100,379400
1474983003,33.6200,33.7900,33.5700,33.6900,379400
1474983119,33.5800,33.6500,33.5600,33.6200,169400
1474983178,33.5100,33.5800,33.5050,33.5800,41200
1474983238,33.5001,33.5100,33.5000,33.5100,35000
1474983298,33.5000,33.5100,33.4800,33.5000,66100
1474983300,33.5600,33.5600,33.4800,33.4900,80200
1474983419,33.5300,33.5900,33.5250,33.5600,73900
1474983479,33.5400,33.5700,33.5300,33.5330,50200
1474983539,33.5800,33.6000,33.5300,33.5350,35900
1474983596,33.6200,33.6200,33.5756,33.5800,26200
1474983651,33.6500,33.6800,33.6200,33.6400,106300
1474983671,33.6500,33.6500,33.6300,33.6500,71300
1474983772,33.6100,33.6600,33.6000,33.6500,95800
1474983837,33.6100,33.6300,33.6100,33.6100,13300
1474983841,33.5846,33.6060,33.5700,33.6060,27200
1474983900,33.5800,33.6100,33.5600,33.5850,36700
1474983964,33.6000,33.6000,33.5750,33.5800,38700
1474984079,33.5850,33.6100,33.5800,33.5900,49900
1474984137,33.5950,33.5950,33.5700,33.5700,23800
1474984198,33.6252,33.6300,33.6000,33.6000,34000
1474984259,33.5800,33.6300,33.5800,33.6300,51600
1474984270,33.5600,33.5900,33.5500,33.5820,26100
1474984379,33.5900,33.5900,33.5600,33.5600,37900
1474984381,33.6200,33.6300,33.5800,33.5800,39600
1474984497,33.6300,33.6300,33.6000,33.6100,21100
1474984550,33.6650,33.6700,33.6300,33.6300,49300
1474984618,33.6800,33.6900,33.6500,33.6500,39000
1474984623,33.6850,33.6900,33.6700,33.6800,34900
1474984739,33.6900,33.6900,33.6700,33.6700,9800
1474984796,33.7050,33.7200,33.6730,33.6900,47500
1474984812,33.7400,33.7400,33.6800,33.6900,46200
1474984878,33.7400,33.7600,33.7250,33.7350,40800
1474984924,33.7300,33.7500,33.7300,33.7400,52900
1474985034,33.7500,33.7500,33.7200,33.7301,67000
1474985094,33.7550,33.7800,33.7550,33.7700,48100
1474985159,33.7550,33.7700,33.7500,33.7599,37100
1474985162,33.7100,33.7550,33.7100,33.7500,88500
1474985277,33.7050,33.7100,33.6900,33.7100,21900
1474985339,33.7200,33.7250,33.7000,33.7140,118800
1474985396,33.7150,33.7300,33.7000,33.7250,89400
1474985410,33.7341,33.7400,33.7200,33.7200,18700
1474985462,33.7130,33.7500,33.7130,33.7400,27600
1474985579,33.7000,33.7193,33.6900,33.7100,41700
1474985635,33.6938,33.7100,33.6900,33.7095,20700
1474985643,33.6714,33.7000,33.6705,33.6900,20100
1474985757,33.6900,33.7000,33.6800,33.6800,48300
1474985819,33.7000,33.7000,33.6800,33.7000,17400
1474985876,33.6900,33.7100,33.6800,33.7000,42200
1474985936,33.6900,33.7000,33.6800,33.6900,44900
1474985950,33.6500,33.6900,33.6500,33.6900,80600
1474986054,33.6400,33.6600,33.6400,33.6500,20100
1474986115,33.6500,33.6500,33.6300,33.6400,40300
1474986177,33.6400,33.6500,33.6400,33.6500,18600
1474986181,33.6500,33.6500,33.6300,33.6425,41000
1474986240,33.6400,33.6600,33.6400,33.6500,104100
1474986359,33.6350,33.6400,33.6300,33.6301,42000
1474986418,33.6499,33.6500,33.6300,33.6315,71100
1474986433,33.6400,33.6400,33.6300,33.6400,27200
1474986492,33.6400,33.6400,33.6300,33.6350,6300
1474986547,33.6350,33.6500,33.6300,33.6400,23200
1474986658,33.6300,33.6400,33.6300,33.6400,21200
1474986719,33.6600,33.6600,33.6300,33.6350,89500
1474986777,33.6700,33.6900,33.6600,33.6600,41000
1474986839,33.6500,33.6700,33.6500,33.6700,35200
1474986899,33.6500,33.6600,33.6400,33.6600,28600
1474986908,33.6300,33.6417,33.6200,33.6400,25400
1474987014,33.6200,33.6300,33.6100,33.6200,16600
1474987079,33.6300,33.6300,33.6100,33.6150,17900
1474987080,33.6300,33.6300,33.6200,33.6290,24000
1474987194,33.6200,33.6300,33.6100,33.6253,27600
1474987200,33.6101,33.6200,33.6000,33.6200,40000
1474987265,33.5850,33.6200,33.5800,33.6199,42800
1474987323,33.5950,33.6000,33.5800,33.5800,15900
1474987439,33.5800,33.6000,33.5800,33.6000,14200
1474987442,33.5900,33.6000,33.5800,33.5800,34600
1474987511,33.6100,33.6100,33.5900,33.5900,40000
1474987617,33.6399,33.6400,33.6100,33.6100,42100
1474987624,33.6361,33.6400,33.6300,33.6400,39500
1474987738,33.6400,33.6400,33.6300,33.6400,24900
1474987741,33.6299,33.6400,33.6200,33.6400,17400
1474987801,33.6325,33.6400,33.6250,33.6300,41300
1474987918,33.6400,33.6400,33.6310,33.6400,64400
1474987921,33.6350,33.6400,33.6300,33.6400,98300
1474988039,33.6400,33.6400,33.6300,33.6356,122100
1474988099,33.6500,33.6500,33.6320,33.6400,43800
1474988159,33.6400,33.6500,33.6300,33.6500,111500
1474988163,33.6400,33.6450,33.6300,33.6390,95200
1474988279,33.6350,33.6400,33.6100,33.6400,68000
1474988280,33.6250,33.6400,33.6200,33.6300,21700
1474988399,33.6200,33.6300,33.6100,33.6250,84500
1474988400,33.6200,33.6300,33.6150,33.6200,29300
1474988477,33.6300,33.6400,33.6201,33.6300,25700
1474988520,33.6400,33.6500,33.6315,33.6350,41700
1474988597,33.6399,33.6400,33.6300,33.6300,10600
1474988699,33.6300,33.6400,33.6200,33.6350,35300
1474988701,33.6350,33.6400,33.6300,33.6399,6800
1474988816,33.6350,33.6400,33.6300,33.6350,7500
1474988820,33.6350,33.6400,33.6300,33.6350,15600
1474988881,33.6400,33.6400,33.6300,33.6400,40800
1474988996,33.6500,33.6500,33.6365,33.6400,37500
1474989057,33.6700,33.6800,33.6450,33.6500,14000
1474989119,33.6700,33.6800,33.6700,33.6800,10300
1474989178,33.6799,33.6800,33.6700,33.6800,11000
1474989236,33.6700,33.6800,33.6700,33.6800,5500
1474989299,33.6785,33.6800,33.6700,33.6755,16700
1474989301,33.6800,33.6800,33.6701,33.6720,27800
1474989368,33.6762,33.6800,33.6700,33.6750,13400
1474989479,33.6750,33.6800,33.6700,33.6800,7000
1474989539,33.6800,33.6800,33.6700,33.6750,17400
1474989599,33.6850,33.6850,33.6750,33.6800,14900
1474989657,33.6899,33.7000,33.6800,33.6850,61800
1474989718,33.7000,33.7000,33.6900,33.6900,17000
1474989722,33.7000,33.7000,33.6900,33.6953,141800
1474989782,33.6900,33.7000,33.6900,33.7000,12200
1474989899,33.7000,33.7000,33.6900,33.6999,48600
1474989956,33.6950,33.7000,33.6900,33.7000,6600
1474989961,33.7000,33.7000,33.6900,33.6950,26000
1474990024,33.6910,33.7000,33.6910,33.7000,9300
1474990137,33.7000,33.7000,33.6901,33.7000,27100
1474990199,33.7000,33.7100,33.6900,33.7000,173800
1474990200,33.7200,33.7300,33.7000,33.7000,28600
1474990264,33.7350,33.7500,33.7200,33.7200,32300
1474990377,33.7400,33.7500,33.7300,33.7400,21500
1474990382,33.7300,33.7500,33.7300,33.7438,11200
1474990442,33.7500,33.7500,33.7300,33.7400,21900
1474990503,33.7350,33.7500,33.7300,33.7500,15000
1474990618,33.7200,33.7400,33.7121,33.7300,35800
1474990620,33.7300,33.7300,33.7200,33.7266,5400
1474990737,33.7250,33.7300,33.7200,33.7300,5700
1474990740,33.7335,33.7400,33.7200,33.7200,14700
1474990801,33.7200,33.7400,33.7200,33.7350,13500
1474990919,33.7050,33.7250,33.7000,33.7200,145200
1474990978,33.6950,33.7100,33.6950,33.7000,87400
1474990981,33.7000,33.7200,33.6900,33.6950,154400
1474991092,33.7000,33.7000,33.6935,33.6981,18100
1474991101,33.6940,33.7000,33.6900,33.6950,7000
1474991218,33.6950,33.7000,33.6900,33.6900,48500
1474991278,33.6950,33.7000,33.6900,33.6953,17300
1474991280,33.7000,33.7000,33.6900,33.6950,11800
1474991399,33.6900,33.7000,33.6900,33.6950,26100
1474991456,33.6850,33.7000,33.6800,33.6900,27600
1474991519,33.6800,33.6900,33.6750,33.6800,36600
1474991526,33.6600,33.6800,33.6600,33.6780,20600
1474991580,33.6750,33.6900,33.6600,33.6600,43000
1474991640,33.6682,33.6800,33.6548,33.6750,41700
1474991704,33.6700,33.6700,33.6600,33.6600,18800
1474991812,33.6850,33.6900,33.6700,33.6700,29200
1474991821,33.6950,33.7000,33.6850,33.6850,13100
1474991880,33.7000,33.7000,33.6900,33.6950,15500
1474991998,33.7050,33.7100,33.6950,33.6950,13500
1474992000,33.7100,33.7100,33.7000,33.7050,49400
1474992107,33.7100,33.7200,33.7100,33.7100,8400
1474992179,33.7400,33.7400,33.7100,33.7169,34400
1474992181,33.7200,33.7500,33.7200,33.7400,81700
1474992299,33.7201,33.7300,33.7150,33.7200,17900
1474992357,33.7100,33.7300,33.7100,33.7200,19800
1474992363,33.7100,33.7200,33.7100,33.7150,5200
1474992479,33.7100,33.7200,33.7100,33.7153,17100
1474992539,33.7150,33.7300,33.7100,33.7150,28800
1474992598,33.7000,33.7200,33.7000,33.7100,39600
1474992659,33.7050,33.7100,33.7000,33.7000,15800
1474992660,33.7000,33.7100,33.6900,33.7050,71300
1474992779,33.7000,33.7066,33.7000,33.7000,18400
1474992781,33.7000,33.7100,33.7000,33.7000,4000
1474992899,33.7000,33.7000,33.6900,33.7000,31900
1474992901,33.6950,33.7000,33.6900,33.7000,16200
1474993018,33.6950,33.7000,33.6910,33.6950,34100
1474993021,33.7000,33.7000,33.6900,33.6950,12400
1474993138,33.6900,33.7000,33.6900,33.6950,34200
1474993197,33.6900,33.7000,33.6900,33.6953,11300
1474993259,33.7000,33.7100,33.6900,33.7000,31900
1474993260,33.7350,33.7400,33.7000,33.7000,30600
1474993328,33.7400,33.7500,33.7300,33.7400,29500
1474993439,33.7600,33.7700,33.7450,33.7450,27700
1474993499,33.7700,33.7800,33.7600,33.7600,25600
1474993500,33.7800,33.7900,33.7700,33.7750,16200
1474993563,33.7700,33.8000,33.7700,33.7950,48400
1474993679,33.7850,33.7852,33.7700,33.7700,11500
1474993738,33.7700,33.7900,33.7700,33.7899,28000
1474993797,33.7700,33.7800,33.7700,33.7750,25500
1474993857,33.7850,33.8000,33.7701,33.7750,26600
1474993919,33.8100,33.8200,33.7850,33.7900,58000
1474993972,33.8050,33.8200,33.8000,33.8150,9100
1474993984,33.8150,33.8200,33.8000,33.8050,22500
1474994045,33.8000,33.8200,33.8000,33.8166,32200
1474994155,33.8115,33.8200,33.8000,33.8050,36900
1474994219,33.8213,33.8300,33.8100,33.8150,36300
1474994220,33.8250,33.8300,33.8200,33.8250,16300
1474994339,33.8200,33.8300,33.8000,33.8300,57400
1474994398,33.8150,33.8200,33.8001,33.8050,25600
1474994459,33.8050,33.8200,33.8000,33.8100,13500
1474994518,33.8150,33.8200,33.8000,33.8000,18900
1474994578,33.8250,33.8250,33.8000,33.8150,25100
1474994637,33.8150,33.8300,33.8150,33.8200,11300
1474994699,33.8047,33.8200,33.8000,33.8100,28600
1474994756,33.8300,33.8500,33.7900,33.8050,159400
1474994819,33.8350,33.8400,33.8300,33.8340,6700
1474994879,33.8300,33.8400,33.8150,33.8350,45900
1474994880,33.8400,33.8400,33.8250,33.8300,30600
1474994999,33.8350,33.8400,33.8300,33.8400,15000
1474995058,33.8500,33.8500,33.8350,33.8350,19600
1474995110,33.8500,33.8500,33.8400,33.8500,14100
1474995178,33.8350,33.8500,33.8300,33.8500,36000
1474995180,33.8350,33.8400,33.8300,33.8360,6700
1474995240,33.8400,33.8400,33.8300,33.8400,10800
1474995316,33.8350,33.8400,33.8300,33.8400,12600
1474995419,33.8400,33.8400,33.8300,33.8350,5900
1474995479,33.8350,33.8400,33.8300,33.8350,13200
1474995482,33.8550,33.8600,33.8350,33.8350,121900
1474995540,33.8700,33.8700,33.8550,33.8550,26300
1474995658,33.8500,33.8650,33.8500,33.8600,24500
1474995719,33.8600,33.8700,33.8450,33.8500,67200
1474995763,33.8650,33.8700,33.8600,33.8650,3000
1474995837,33.8765,33.8800,33.8644,33.8644,36600
1474995897,33.8600,33.8800,33.8600,33.8700,24500
1474995959,33.8700,33.8700,33.8600,33.8600,33500
1474995961,33.8700,33.8700,33.8601,33.8700,8000
1474996076,33.8550,33.8700,33.8550,33.8700,26100
1474996137,33.8344,33.8500,33.8344,33.8400,34100
1474996189,33.8384,33.8400,33.8300,33.8300,4500
1474996259,33.8400,33.8400,33.8300,33.8400,8800
1474996317,33.8250,33.8400,33.8150,33.8350,36200
1474996379,33.8150,33.8299,33.8100,33.8299,17800
1474996434,33.8300,33.8300,33.8101,33.8150,23100
1474996499,33.8200,33.8300,33.8150,33.8253,28700
1474996500,33.8200,33.8300,33.8100,33.8200,9000
1474996619,33.8300,33.8300,33.8200,33.8300,5200
1474996624,33.8200,33.8300,33.8100,33.8250,13400
1474996736,33.8010,33.8200,33.8010,33.8150,18600
1474996740,33.8100,33.8100,33.8050,33.8100,9600
1474996858,33.8100,33.8100,33.8050,33.8050,13900
1474996916,33.8000,33.8100,33.8000,33.8050,3700
1474996920,33.8050,33.8100,33.8000,33.8050,7500
1474997039,33.8025,33.8100,33.8000,33.8050,12200
1474997098,33.8150,33.8200,33.8050,33.8050,24000
1474997159,33.8200,33.8200,33.8100,33.8150,5900
1474997219,33.7950,33.8200,33.7900,33.8150,39900
1474997279,33.8150,33.8200,33.8000,33.8000,29400
1474997282,33.8200,33.8200,33.8100,33.8150,7700
1474997397,33.8200,33.8200,33.8100,33.8200,64100
1474997459,33.8450,33.8500,33.8150,33.8150,35100
1474997518,33.8300,33.8500,33.8300,33.8450,30000
1474997579,33.8220,33.8400,33.8220,33.8300,19900
1474997639,33.8200,33.8266,33.8200,33.8250,5700
1474997641,33.8153,33.8200,33.8100,33.8200,62900
1474997702,33.8150,33.8200,33.8101,33.8150,10400
1474997814,33.8200,33.8200,33.8101,33.8150,4300
1474997879,33.8050,33.8200,33.8050,33.8150,14300
1474997937,33.8050,33.8100,33.8030,33.8050,6300
1474997999,33.8100,33.8300,33.8001,33.8100,35500
1474998059,33.8100,33.8178,33.8100,33.8100,9900
1474998108,33.8161,33.8200,33.8100,33.8100,12800
1474998178,33.8150,33.8200,33.8100,33.8150,6800
1474998180,33.8150,33.8200,33.8100,33.8100,12800
1474998299,33.8300,33.8300,33.8101,33.8150,28100
1474998354,33.8250,33.8300,33.8200,33.8300,8500
1474998417,33.8400,33.8400,33.8201,33.8250,17300
1474998479,33.8350,33.8400,33.8300,33.8400,9200
1474998538,33.8400,33.8500,33.8300,33.8400,36200
1474998552,33.8339,33.8400,33.8300,33.8400,3000
1474998659,33.8400,33.8400,33.8300,33.8350,11200
1474998718,33.8300,33.8400,33.8300,33.8400,23900
1474998779,33.8300,33.8390,33.8300,33.8350,10600
1474998838,33.8200,33.8300,33.8200,33.8300,17400
1474998899,33.8200,33.8299,33.8200,33.8200,11600
1474998901,33.8200,33.8299,33.8200,33.8250,9500
1474998960,33.8050,33.8300,33.8000,33.8200,36100
1474999078,33.8150,33.8150,33.8050,33.8050,23300
1474999139,33.8050,33.8200,33.8050,33.8142,14000
1474999142,33.8050,33.8100,33.8000,33.8100,5300
1474999207,33.8025,33.8100,33.8000,33.8050,14300
1474999266,33.8199,33.8199,33.8000,33.8050,31300
1474999324,33.8150,33.8200,33.8100,33.8159,6900
1474999438,33.8100,33.8200,33.8000,33.8150,28800
1474999499,33.7950,33.8050,33.7850,33.8050,176300
1474999559,33.7750,33.7950,33.7750,33.7950,26000
1474999560,33.7700,33.7770,33.7700,33.7750,4700
1474999630,33.7750,33.7800,33.7700,33.7800,9800
1474999684,33.7700,33.7800,33.7700,33.7750,85200
1474999740,33.7650,33.7790,33.7600,33.7710,15600
1474999857,33.7600,33.7666,33.7600,33.7666,7100
1474999860,33.7650,33.7700,33.7600,33.7600,27000
1474999920,33.7700,33.7700,33.7600,33.7650,15200
1474999981,33.7650,33.7700,33.7600,33.7656,50400
1475000097,33.7700,33.7700,33.7600,33.7647,9500
1475000100,33.7600,33.7700,33.7600,33.7700,16200
1475000170,33.7700,33.7700,33.7600,33.7650,16600
1475000223,33.7600,33.7699,33.7600,33.7650,11800
1475000338,33.7690,33.7700,33.7600,33.7650,8900
1475000341,33.7600,33.7700,33.7600,33.7650,11300
1475000458,33.7639,33.7670,33.7600,33.7666,14000
1475000518,33.7600,33.7700,33.7600,33.7600,6000
1475000520,33.7650,33.7700,33.7600,33.7600,13200
1475000639,33.7665,33.7700,33.7600,33.7650,23200
1475000699,33.7675,33.7700,33.7600,33.7650,73500
1475000759,33.8300,33.8300,33.7700,33.7700,133800
1475000819,33.8300,33.8400,33.8200,33.8300,54500
1475000876,33.8100,33.8300,33.8100,33.8200,31800
1475000880,33.8150,33.8200,33.8050,33.8200,38400
1475000998,33.8150,33.8200,33.8050,33.8100,33300
1475001001,33.8101,33.8200,33.8050,33.8100,22900
1475001061,33.8100,33.8200,33.8050,33.8200,21200
1475001178,33.8067,33.8100,33.8000,33.8099,8100
1475001239,33.8075,33.8100,33.8000,33.8032,19900
1475001299,33.8050,33.8100,33.8000,33.8100,23600
1475001356,33.8050,33.8100,33.8000,33.8100,9600
1475001418,33.8050,33.8100,33.8000,33.8050,16200
1475001479,33.8400,33.8400,33.8000,33.8000,138200
1475001480,33.8450,33.8500,33.8300,33.8400,14000
1475001549,33.8385,33.8500,33.8350,33.8454,30800
1475001618,33.8399,33.8400,33.8300,33.8350,9300
1475001719,33.8390,33.8400,33.8300,33.8390,7600
1475001720,33.8280,33.8350,33.8200,33.8350,27600
1475001836,33.8299,33.8300,33.8200,33.8250,8100
1475001899,33.8200,33.8300,33.8200,33.8201,21300
1475001959,33.8250,33.8300,33.8200,33.8250,13000
1475002019,33.8150,33.8300,33.8100,33.8200,44700
1475002079,33.8100,33.8200,33.8100,33.8150,7900
1475002139,33.8045,33.8100,33.8000,33.8100,12300
1475002142,33.8000,33.8100,33.8000,33.8050,11600
1475002259,33.8000,33.8100,33.8000,33.8100,15600
1475002318,33.8000,33.8100,33.8000,33.8000,13100
1475002320,33.7900,33.8100,33.7800,33.8086,30200
1475002437,33.8000,33.8000,33.7800,33.7850,71600
1475002497,33.8050,33.8100,33.7950,33.8000,14500
1475002500,33.7950,33.8099,33.7900,33.8050,44500
1475002568,33.7900,33.8000,33.7900,33.7950,8100
1475002670,33.7900,33.7950,33.7900,33.7950,12600
1475002685,33.7900,33.8000,33.7900,33.7950,8400
1475002799,33.7900,33.8000,33.7900,33.7900,17700
1475002857,33.7900,33.7999,33.7900,33.7999,4700
1475002919,33.7901,33.8000,33.7900,33.7950,17800
1475002979,33.7945,33.7950,33.7900,33.7900,8700
1475002981,33.7985,33.7985,33.7900,33.7900,20300
1475003042,33.7850,33.7961,33.7800,33.7900,42300
1475003102,33.7650,33.7850,33.7600,33.7800,25500
1475003219,33.7750,33.7800,33.7600,33.7650,81600
1475003220,33.7700,33.7800,33.7700,33.7800,15700
1475003339,33.7750,33.7800,33.7700,33.7799,8100
1475003398,33.7750,33.7800,33.7700,33.7750,9200
1475003400,33.7701,33.7800,33.7700,33.7750,5800
1475003460,33.7700,33.7800,33.7700,33.7750,19800
1475003520,33.7784,33.7800,33.7700,33.7800,13900
1475003638,33.7700,33.7800,33.7700,33.7750,15700
1475003698,33.7600,33.7750,33.7600,33.7750,19200
1475003759,33.7650,33.7700,33.7600,33.7650,25900
1475003813,33.7810,33.7850,33.7650,33.7650,60800
1475003820,33.7900,33.7900,33.7800,33.7800,15500
1475003881,33.7950,33.8000,33.7800,33.7800,35200
1475003942,33.8000,33.8000,33.7900,33.7950,17600
1475004059,33.7950,33.8000,33.7900,33.7953,17700
1475004118,33.7950,33.8000,33.7900,33.7917,15100
1475004120,33.7950,33.7999,33.7900,33.7950,9600
1475004180,33.7850,33.7950,33.7800,33.7950,50200
1475004240,33.7850,33.7900,33.7800,33.7850,18100
1475004300,33.8000,33.8000,33.7800,33.7856,38400
1475004419,33.7950,33.8000,33.7900,33.8000,22300
1475004422,33.8000,33.8000,33.7900,33.7950,19600
1475004536,33.8000,33.8100,33.7901,33.7961,54600
1475004599,33.8100,33.8150,33.7901,33.7955,42800
1475004600,33.7950,33.8100,33.7900,33.8050,68000
1475004717,33.8100,33.8100,33.7800,33.7900,44900
1475004724,33.8050,33.8100,33.8001,33.8050,17700
1475004838,33.8050,33.8100,33.8000,33.8100,13300
1475004899,33.8200,33.8200,33.8000,33.8050,37700
1475004959,33.8000,33.8300,33.8000,33.8200,80800
1475005019,33.8050,33.8100,33.7900,33.8000,46400
1475005022,33.8099,33.8100,33.7950,33.8066,51400
1475005080,33.8050,33.8100,33.8000,33.8039,12400
1475005199,33.8200,33.8200,33.8050,33.8050,31700
1475005200,33.8200,33.8200,33.8100,33.8200,19600
1475005319,33.8200,33.8200,33.8100,33.8200,17000
1475005378,33.8300,33.8300,33.8100,33.8170,50200
1475005439,33.8150,33.8300,33.8150,33.8300,55800
1475005498,33.8400,33.8400,33.8200,33.8200,62500
1475005559,33.8250,33.8400,33.8250,33.8350,52200
1475005619,33.8250,33.8300,33.8200,33.8264,10800
1475005621,33.8050,33.8300,33.8000,33.8250,98200
1475005739,33.8050,33.8100,33.8000,33.8050,48500
1475005799,33.7950,33.8070,33.7900,33.8050,36900
1475005859,33.7900,33.8052,33.7900,33.8000,105400
1475005919,33.7900,33.8000,33.7800,33.7950,107600
1475005979,33.7950,33.8000,33.7850,33.7900,43900
1475006039,33.8000,33.8000,33.7900,33.7950,35700
1475006099,33.8000,33.8000,33.7900,33.7950,63400
1475006159,33.8200,33.8200,33.7950,33.8000,109400
1475006219,33.8200,33.8250,33.8100,33.8200,136300
1475006279,33.8200,33.8200,33.8100,33.8200,52100
1475006280,33.8300,33.8300,33.8101,33.8200,131500
1475006399,33.8300,33.8400,33.8200,33.8300,275300
1475006400,33.8250,33.8250,33.8250,33.8250,100
