uri:/instrument/1.0/VRX/chartdata;type=quote;range=1d/csv
ticker:vrx
Company-Name:Valeant Pharmaceuticals Interna
Exchange-Name:NYQ
unit:MIN
timezone:EDT
currency:USD
gmtoffset:-14400
previous_close:27.7200
Timestamp:1474896600,1474920000
labels:1474898400,1474902000,1474905600,1474909200,1474912800,1474916400,1474920000
values:Timestamp,close,high,low,open,volume
close:25.8060,27.5450
high:25.8300,27.5800
low:25.7999,27.4700
open:25.8000,27.5500
volume:3500,335000
1474896616,27.3800,27.4100,27.3700,27.4100,88400
1474896673,27.4300,27.4300,27.3900,27.3900,75600
1474896776,27.4700,27.5000,27.4700,27.5000,12800
1474896827,27.5450,27.5700,27.4300,27.4320,71000
1474896886,27.5001,27.5800,27.4700,27.5500,74100
1474896909,27.4900,27.5400,27.4500,27.5400,27200
1474897005,27.3099,27.3900,27.2800,27.3900,79500
1474897075,27.3500,27.3500,27.2700,27.2700,55700
1474897133,27.2700,27.3500,27.2499,27.3200,63800
1474897188,27.2500,27.2660,27.2499,27.2660,47500
1474897248,27.1700,27.2700,27.1600,27.2300,125500
1474897309,27.2698,27.2698,27.1700,27.1835,50900
1474897371,27.2300,27.2500,27.2066,27.2500,21900
1474897438,27.3100,27.3600,27.1800,27.2300,176000
1474897442,27.3000,27.3010,27.2688,27.2918,53200
1474897550,27.2701,27.2900,27.2700,27.2700,24500
1474897619,27.3000,27.3235,27.2700,27.2700,73100
1474897675,27.3401,27.3500,27.2800,27.2897,106900
1474897738,27.3120,27.3900,27.3120,27.3600,44500
1474897795,27.2700,27.3200,27.2700,27.3150,72000
1474897859,27.1899,27.2800,27.1800,27.2700,104300
1474897912,27.1300,27.2000,27.1200,27.1800,78000
1474897977,27.1163,27.1700,27.1120,27.1200,70800
1474897987,27.1200,27.1500,27.0800,27.1001,52100
1474898097,27.1700,27.1700,27.1199,27.1200,35100
1474898150,27.1350,27.1799,27.1300,27.1700,28400
1474898219,27.0863,27.1200,27.0800,27.1200,85300
1474898279,27.0850,27.1100,27.0600,27.0800,48300
1474898338,27.0300,27.0900,27.0300,27.0720,45400
1474898344,26.9900,27.0100,26.9700,26.9900,145000
1474898458,26.9800,27.0100,26.9700,26.9900,102600
1474898517,26.9400,26.9900,26.9400,26.9800,81700
1474898579,26.9600,26.9900,26.9400,26.9500,35000
1474898633,26.9500,27.0000,26.9500,26.9501,42500
1474898696,26.9400,26.9900,26.9400,26.9600,23600
1474898759,26.8300,26.9400,26.8300,26.9400,146200
1474898761,26.8450,26.8799,26.8100,26.8249,45200
1474898877,26.8600,26.9000,26.8400,26.8500,46100
1474898939,26.9100,26.9300,26.8739,26.8739,50100
1474898997,26.9000,26.9400,26.8700,26.9100,57200
1474899058,26.9700,26.9764,26.9000,26.9000,64100
1474899110,26.9800,27.0200,26.9700,26.9800,95800
1474899179,27.0400,27.0500,26.9561,26.9580,60300
1474899237,27.0550,27.0700,27.0200,27.0300,58400
1474899293,27.0966,27.1000,27.0651,27.0700,58600
1474899357,27.0200,27.0801,27.0200,27.0800,45300
1474899415,27.0010,27.0500,27.0010,27.0392,42900
1474899423,27.0000,27.0100,26.9900,27.0050,14600
1474899483,27.0050,27.0299,26.9800,27.0100,25800
1474899547,26.9500,26.9900,26.9500,26.9900,27500
1474899658,26.8800,26.9648,26.8700,26.9600,62500
1474899708,26.8500,26.8700,26.8300,26.8700,55700
1474899724,26.8300,26.8700,26.8300,26.8700,97800
1474899835,26.8199,26.8499,26.8100,26.8300,25900
1474899841,26.8500,26.8500,26.7900,26.8110,162200
1474899955,26.8800,26.8800,26.8300,26.8300,31300
1474900019,26.8400,26.8900,26.8367,26.8800,23600
1474900076,26.8500,26.8600,26.8300,26.8400,27400
1474900082,26.8150,26.8499,26.8149,26.8499,31700
1474900196,26.8250,26.8490,26.8000,26.8200,37100
1474900255,26.8150,26.8400,26.8150,26.8300,24800
1474900266,26.7900,26.8100,26.7711,26.8100,79800
1474900375,26.7966,26.8000,26.7600,26.7800,58700
1474900385,26.8300,26.8500,26.8000,26.8000,36900
1474900498,26.7986,26.8300,26.7800,26.8300,33200
1474900558,26.7700,26.7910,26.7599,26.7910,31200
1474900569,26.8300,26.8300,26.7750,26.7750,48500
1474900673,26.8146,26.8500,26.8146,26.8400,30900
1474900737,26.8090,26.8100,26.7900,26.8100,28900
1474900794,26.7900,26.8400,26.7800,26.8100,45400
1474900802,26.7910,26.8100,26.7900,26.8099,32300
1474900917,26.8069,26.8300,26.7800,26.7800,18200
1474900963,26.8100,26.8200,26.8000,26.8100,4400
1474901038,26.8100,26.8200,26.8000,26.8137,23600
1474901044,26.8000,26.8200,26.8000,26.8100,21100
1474901159,26.7500,26.8000,26.7300,26.7910,94600
1474901219,26.7150,26.7301,26.7100,26.7301,27300
1474901275,26.7250,26.7300,26.7050,26.7100,45000
1474901339,26.7200,26.7564,26.7050,26.7400,54900
1474901399,26.7000,26.7300,26.7000,26.7300,34000
1474901458,26.7400,26.7400,26.7000,26.7000,51600
1474901516,26.7010,26.7400,26.7000,26.7400,35100
1474901579,26.7000,26.7290,26.7000,26.7100,34900
1474901629,26.7100,26.7250,26.7000,26.7099,14400
1474901687,26.7300,26.7400,26.7200,26.7300,35000
1474901758,26.6900,26.7200,26.6836,26.7200,51900
1474901810,26.6600,26.6950,26.6500,26.6950,72100
1474901828,26.5910,26.6550,26.5801,26.6499,157700
1474901934,26.6152,26.6400,26.5901,26.6000,66500
1474901947,26.6100,26.6600,26.6000,26.6400,50300
1474902007,26.6099,26.6200,26.6000,26.6100,34800
1474902060,26.5900,26.6200,26.5900,26.6000,55700
1474902171,26.5950,26.6200,26.5900,26.5900,23200
1474902230,26.5900,26.6200,26.5800,26.6100,30300
1474902299,26.5900,26.6000,26.5749,26.5749,32700
1474902357,26.5900,26.6027,26.5800,26.5999,31300
1474902416,26.6200,26.6399,26.5900,26.5900,24300
1474902479,26.6660,26.6660,26.6264,26.6264,25100
1474902534,26.6700,26.7000,26.6600,26.6600,38700
1474902547,26.6900,26.7200,26.6800,26.6800,78000
1474902656,26.6900,26.7001,26.6700,26.6800,41300
1474902660,26.6600,26.7100,26.6600,26.7000,37600
1474902763,26.6699,26.6800,26.6600,26.6700,7500
1474902835,26.6400,26.6900,26.6400,26.6650,23200
1474902897,26.5950,26.6200,26.5900,26.6160,51700
1474902951,26.6400,26.6400,26.5900,26.5900,26100
1474903019,26.6800,26.6850,26.6399,26.6399,22400
1474903073,26.6700,26.6900,26.6680,26.6700,15800
1474903088,26.6600,26.6790,26.6450,26.6450,10400
1474903195,26.6600,26.6686,26.6500,26.6500,7400
1474903258,26.6110,26.6600,26.6100,26.6600,32900
1474903319,26.6601,26.6700,26.6000,26.6100,18000
1474903322,26.6100,26.6700,26.6000,26.6600,57800
1474903385,26.6000,26.6400,26.6000,26.6300,25000
1474903495,26.5901,26.6100,26.5800,26.6000,74100
1474903559,26.5800,26.6100,26.5800,26.6000,19600
1474903617,26.5700,26.5850,26.5700,26.5700,29900
1474903622,26.5700,26.6000,26.5600,26.5700,26100
1474903683,26.6100,26.6200,26.5748,26.5760,13600
1474903744,26.5800,26.5800,26.5600,26.5800,13000
1474903858,26.5700,26.5800,26.5500,26.5800,23300
1474903915,26.5899,26.6000,26.5600,26.5700,14400
1474903979,26.5800,26.6100,26.5800,26.5900,17500
1474903981,26.6000,26.6000,26.5500,26.5750,57000
1474904092,26.6150,26.6300,26.5920,26.6000,20700
1474904151,26.6300,26.6400,26.5900,26.6240,72000
1474904219,26.6599,26.6599,26.6200,26.6200,11300
1474904278,26.6700,26.6800,26.6400,26.6600,40200
1474904338,26.6300,26.6600,26.6300,26.6556,20800
1474904397,26.6000,26.6364,26.6000,26.6300,9300
1474904459,26.5500,26.6050,26.5400,26.6025,50800
1474904518,26.5627,26.5800,26.5300,26.5650,74700
1474904520,26.5800,26.5800,26.5499,26.5652,25000
1474904584,26.5600,26.6000,26.5600,26.6000,22600
1474904647,26.5600,26.5700,26.5590,26.5600,11700
1474904748,26.5400,26.5700,26.5300,26.5600,32000
1474904815,26.5300,26.5500,26.5300,26.5400,16900
1474904825,26.5400,26.5700,26.5300,26.5359,16100
1474904883,26.5400,26.5590,26.5400,26.5500,9900
1474904942,26.5399,26.5490,26.5300,26.5490,16800
1474905059,26.5550,26.5550,26.5300,26.5400,11500
1474905113,26.5700,26.6100,26.5500,26.5600,38400
1474905120,26.5350,26.5700,26.5300,26.5700,17400
1474905238,26.5300,26.5500,26.5300,26.5400,13500
1474905299,26.5300,26.5401,26.5200,26.5300,17200
1474905358,26.5000,26.5400,26.4950,26.5300,161500
1474905417,26.4592,26.5050,26.4500,26.5000,127300
1474905423,26.4850,26.4900,26.4500,26.4550,25300
1474905539,26.5100,26.5250,26.4800,26.4800,42800
1474905599,26.5100,26.5452,26.5100,26.5200,21500
1474905656,26.5200,26.5300,26.5000,26.5150,8700
1474905711,26.5190,26.5200,26.5100,26.5118,3500
1474905724,26.5400,26.5500,26.5100,26.5164,42700
1474905837,26.5450,26.5500,26.5301,26.5500,19800
1474905842,26.5500,26.5600,26.5400,26.5499,12500
1474905915,26.5400,26.5500,26.5200,26.5400,12400
1474905962,26.5299,26.5500,26.5100,26.5500,19600
1474906023,26.5210,26.5299,26.5050,26.5100,32100
1474906134,26.4900,26.5299,26.4800,26.5299,16800
1474906141,26.5300,26.5400,26.5000,26.5000,15100
1474906207,26.5063,26.5600,26.5000,26.5263,48200
1474906319,26.4887,26.5050,26.4800,26.5050,21700
1474906379,26.5099,26.5100,26.4700,26.4899,25100
1474906380,26.4950,26.5200,26.4700,26.5100,12500
1474906496,26.5100,26.5150,26.4800,26.5100,20100
1474906551,26.5200,26.5350,26.5100,26.5200,24200
1474906565,26.5290,26.5500,26.5100,26.5300,22700
1474906628,26.5289,26.5300,26.5200,26.5300,5000
1474906738,26.4900,26.5390,26.4900,26.5290,18800
1474906799,26.4800,26.4999,26.4699,26.4999,36200
1474906856,26.4800,26.4900,26.4700,26.4700,23000
1474906860,26.4800,26.4850,26.4700,26.4800,9700
1474906978,26.5000,26.5100,26.4685,26.4800,26800
1474907037,26.4836,26.5099,26.4800,26.5000,13000
1474907097,26.4800,26.4899,26.4685,26.4899,23800
1474907159,26.4200,26.4700,26.4100,26.4690,77700
1474907219,26.3700,26.4199,26.3600,26.4107,156600
1474907279,26.2700,26.3700,26.2600,26.3700,203800
1474907339,26.3199,26.3400,26.2900,26.2900,77900
1474907341,26.3300,26.3700,26.3200,26.3200,66300
1474907458,26.3890,26.3900,26.3300,26.3448,36200
1474907515,26.3700,26.4300,26.3500,26.4000,87300
1474907521,26.3699,26.3890,26.3300,26.3650,99300
1474907637,26.3900,26.3900,26.3400,26.3600,30800
1474907698,26.3650,26.3900,26.3600,26.3899,53900
1474907759,26.4100,26.4100,26.3400,26.3601,39100
1474907819,26.3200,26.4100,26.3150,26.4050,33800
1474907821,26.3360,26.3500,26.3100,26.3182,76300
1474907887,26.3100,26.3400,26.3000,26.3300,29500
1474907999,26.2848,26.3100,26.2700,26.3100,69400
1474908059,26.2200,26.2800,26.2100,26.2800,128500
1474908117,26.2099,26.2200,26.1800,26.2182,125500
1474908179,26.1901,26.2900,26.1800,26.2000,209100
1474908235,26.2011,26.2300,26.1600,26.2000,64300
1474908299,26.1110,26.2000,26.1000,26.1600,221200
1474908358,26.1780,26.1800,26.0800,26.1150,126500
1474908419,26.1350,26.1964,26.1300,26.1700,49100
1474908478,26.0890,26.1373,26.0700,26.1335,78600
1474908538,26.0600,26.1250,26.0600,26.0900,73500
1474908596,26.1600,26.1690,26.0600,26.0700,45900
1474908659,26.2200,26.2200,26.1600,26.1600,98800
1474908719,26.2100,26.2100,26.1900,26.2100,47900
1474908779,26.2200,26.2300,26.1936,26.2137,53300
1474908780,26.1800,26.2150,26.1600,26.2100,18100
1474908888,26.1864,26.2200,26.1834,26.1900,26200
1474908958,26.1050,26.2000,26.1000,26.2000,64200
1474908962,26.0650,26.1150,26.0600,26.1143,46800
1474909079,26.0750,26.0950,26.0600,26.0601,36200
1474909131,26.0900,26.1100,26.0764,26.0800,29400
1474909140,26.1200,26.1200,26.0900,26.1000,35200
1474909259,26.1200,26.1500,26.1100,26.1200,38300
1474909319,26.1334,26.1400,26.1100,26.1100,49700
1474909375,26.1050,26.1500,26.1000,26.1364,27600
1474909434,26.0700,26.0950,26.0600,26.0923,48700
1474909445,26.0299,26.0600,26.0100,26.0600,98000
1474909558,25.9700,26.0300,25.9600,26.0300,269500
1474909560,25.9900,26.0100,25.9700,25.9792,50600
1474909677,25.9700,26.0000,25.9600,26.0000,59600
1474909680,25.9800,26.0000,25.9700,25.9701,98700
1474909793,25.9882,26.0000,25.9750,25.9890,42800
1474909858,25.9400,25.9900,25.9400,25.9800,50900
1474909919,25.9485,26.0100,25.9400,25.9400,74400
1474909920,25.9450,25.9900,25.9350,25.9500,51700
1474910038,25.9599,25.9701,25.9400,25.9507,39000
1474910040,25.9700,25.9757,25.9537,25.9548,31700
1474910104,25.9600,25.9600,25.9500,25.9600,16000
1474910219,26.0200,26.0200,25.9500,25.9550,51500
1474910279,26.0200,26.0600,26.0000,26.0200,77500
1474910285,25.9900,26.0200,25.9900,26.0100,60700
1474910398,26.0000,26.0000,25.9700,25.9900,49900
1474910401,26.0300,26.0500,25.9900,26.0000,68000
1474910462,26.0650,26.0650,26.0200,26.0200,28700
1474910521,26.1083,26.1101,26.0700,26.0700,78800
1474910639,26.1200,26.1300,26.0700,26.1000,61700
1474910699,26.0799,26.1100,26.0700,26.1100,34500
1474910705,26.0900,26.0960,26.0750,26.0800,30500
1474910762,26.0500,26.0900,26.0400,26.0900,37100
1474910820,26.0464,26.0700,26.0309,26.0600,28600
1474910884,26.0099,26.0463,26.0099,26.0400,53600
1474910950,26.0000,26.0200,25.9900,26.0100,16300
1474911006,26.0200,26.0250,26.0000,26.0000,21200
1474911061,25.9900,26.0300,25.9800,26.0150,75500
1474911120,25.9890,25.9900,25.9600,25.9800,122600
1474911236,25.9700,25.9800,25.9600,25.9800,30700
1474911245,26.0000,26.0000,25.9600,25.9600,24200
1474911359,25.9952,26.0363,25.9944,26.0000,48800
1474911360,25.9371,25.9950,25.9100,25.9900,100800
1474911479,25.8900,25.9400,25.8900,25.9300,83400
1474911537,25.8200,25.8700,25.8200,25.8600,181400
1474911598,25.8111,25.8700,25.8000,25.8100,108100
1474911605,25.8400,25.8500,25.8000,25.8100,57400
1474911718,25.8429,25.8564,25.8300,25.8400,43600
1474911778,25.8200,25.8500,25.8000,25.8500,49900
1474911834,25.8100,25.8500,25.8089,25.8300,43200
1474911844,25.8465,25.8500,25.8100,25.8200,21500
1474911907,25.8200,25.8500,25.8200,25.8500,24700
1474912017,25.8800,25.8900,25.8200,25.8200,43500
1474912079,25.8900,25.8900,25.8652,25.8800,21800
1474912138,25.9400,25.9400,25.8700,25.8963,36600
1474912197,25.9264,25.9411,25.9100,25.9400,51300
1474912251,25.9000,25.9400,25.9000,25.9200,43000
1474912316,25.9100,25.9190,25.8707,25.9100,24500
1474912378,25.9252,25.9300,25.9000,25.9100,22600
1474912439,25.9350,25.9600,25.9048,25.9250,62300
1474912494,25.9390,25.9700,25.9390,25.9500,20800
1474912559,25.9110,25.9500,25.9110,25.9399,55100
1474912619,25.9500,25.9600,25.8800,25.9100,127700
1474912676,25.8856,25.9700,25.8800,25.9600,74200
1474912680,25.8900,25.9060,25.8500,25.8850,36000
1474912744,25.8960,25.8960,25.8700,25.8850,25700
1474912808,25.8790,25.9150,25.8700,25.9000,34100
1474912917,25.8700,25.8900,25.8700,25.8800,44100
1474912978,25.8500,25.8700,25.8300,25.8700,67500
1474913039,25.8500,25.8564,25.8200,25.8450,21300
1474913099,25.8350,25.8500,25.8210,25.8490,22000
1474913159,25.8060,25.8400,25.8000,25.8304,51300
1474913219,25.8264,25.8300,25.7999,25.8000,46700
1474913279,25.8400,25.8400,25.8200,25.8263,16500
1474913282,25.8600,25.8700,25.8300,25.8400,60500
1474913340,25.8500,25.8800,25.8448,25.8564,17300
1474913407,25.8400,25.8700,25.8400,25.8455,29000
1474913519,25.8199,25.8400,25.8100,25.8400,35600
1474913579,25.8350,25.8350,25.8100,25.8100,21600
1474913639,25.8710,25.8800,25.8480,25.8480,19700
1474913699,25.8800,25.8900,25.8514,25.8700,43700
1474913757,25.8899,25.8900,25.8700,25.8749,20700
1474913761,25.8953,25.9000,25.8800,25.8900,38300
1474913876,25.9260,25.9500,25.8920,25.9000,52800
1474913939,25.9700,25.9700,25.9210,25.9252,26200
1474913940,25.9200,25.9700,25.9200,25.9700,22800
1474914059,25.8989,25.9300,25.8800,25.9262,26800
1474914117,25.8600,25.9000,25.8600,25.8918,22400
1474914179,25.9100,25.9100,25.8600,25.8600,17500
1474914235,25.9100,25.9300,25.9001,25.9001,26800
1474914240,25.9790,25.9800,25.9200,25.9200,61100
1474914358,25.9548,26.0000,25.9500,25.9714,49700
1474914360,25.9400,25.9600,25.9300,25.9571,46600
1474914420,25.9650,25.9700,25.9100,25.9400,48100
1474914483,25.9850,25.9900,25.9500,25.9700,21800
1474914598,25.9800,25.9899,25.9500,25.9853,23800
1474914659,25.9500,25.9800,25.9500,25.9800,16900
1474914673,26.0000,26.0200,25.9550,25.9564,68100
1474914721,25.9900,26.0082,25.9800,26.0000,52300
1474914782,25.9516,25.9986,25.9500,25.9986,35200
1474914895,25.9300,25.9600,25.9050,25.9600,42600
1474914902,25.9319,25.9385,25.9200,25.9300,21200
1474915017,25.8701,25.9400,25.8700,25.9390,15500
1474915020,25.8848,25.8900,25.8600,25.8700,26700
1474915139,25.8500,25.9150,25.8500,25.8801,42400
1474915140,25.8700,25.8850,25.8400,25.8550,32000
1474915253,25.8700,25.8800,25.8300,25.8700,38200
1474915318,25.8400,25.8800,25.8200,25.8750,20300
1474915378,25.8500,25.8600,25.8400,25.8500,8500
1474915383,25.8400,25.8690,25.8400,25.8600,12200
1474915443,25.8200,25.8400,25.8100,25.8400,13300
1474915500,25.8600,25.8650,25.8200,25.8200,15800
1474915618,25.8500,25.8600,25.8400,25.8500,11700
1474915679,25.9100,25.9200,25.8500,25.8500,26100
1474915736,25.9164,25.9400,25.9000,25.9150,48200
1474915794,25.9200,25.9250,25.9000,25.9164,73200
1474915859,25.9700,25.9800,25.9100,25.9161,62400
1474915860,26.0100,26.0100,25.9500,25.9775,70100
1474915979,26.0000,26.0140,25.9900,26.0100,46700
1474916039,26.0500,26.0500,26.0090,26.0090,40000
1474916040,26.0062,26.0450,25.9700,26.0420,100800
1474916158,25.9800,26.0300,25.9800,26.0100,43400
1474916217,25.9690,25.9900,25.9500,25.9700,45000
1474916277,26.0100,26.0300,25.9500,25.9699,43300
1474916339,26.0266,26.0300,26.0000,26.0100,47100
1474916398,26.0500,26.0550,26.0200,26.0300,29300
1474916400,26.0701,26.0850,26.0450,26.0562,43400
1474916519,26.0700,26.0900,26.0500,26.0700,43500
1474916579,26.0700,26.1100,26.0600,26.0800,83300
1474916639,26.0362,26.0700,26.0200,26.0600,36600
1474916640,26.0000,26.0450,25.9800,26.0400,62300
1474916757,25.9900,26.0100,25.9600,26.0100,40800
1474916811,26.0200,26.0200,25.9900,25.9936,22700
1474916820,26.0300,26.0400,26.0100,26.0262,81900
1474916937,26.0440,26.0500,26.0300,26.0300,9800
1474916993,26.0100,26.0800,26.0100,26.0550,57200
1474917055,25.9600,26.0200,25.9600,26.0200,64600
1474917063,25.9748,25.9800,25.9700,25.9700,30300
1474917177,25.9800,25.9800,25.9500,25.9700,25700
1474917238,25.9800,25.9800,25.9600,25.9800,17800
1474917299,26.0300,26.0400,25.9810,25.9810,29400
1474917358,26.0000,26.0300,26.0000,26.0300,27700
1474917417,25.9900,26.0100,25.9800,26.0000,17100
1474917429,25.9500,25.9886,25.9500,25.9800,42900
1474917539,25.9553,25.9600,25.9300,25.9500,37400
1474917594,25.9300,25.9700,25.9300,25.9600,32100
1474917659,25.9450,25.9500,25.9200,25.9400,47900
1474917719,25.9500,25.9550,25.9400,25.9500,23700
1474917778,25.9600,25.9600,25.9400,25.9410,31500
1474917838,25.9000,25.9590,25.9000,25.9590,49600
1474917897,25.9262,25.9299,25.8800,25.8954,33200
1474917958,25.8900,25.9250,25.8900,25.9250,22700
1474918018,25.9050,25.9100,25.8800,25.8900,22500
1474918020,25.8800,25.9050,25.8800,25.8960,25800
1474918139,25.9600,25.9700,25.8850,25.8850,67100
1474918141,25.9400,25.9650,25.9400,25.9650,19600
1474918253,25.9500,25.9590,25.9300,25.9400,54300
1474918317,25.9550,25.9800,25.9501,25.9600,41600
1474918374,25.9900,26.0100,25.9500,25.9500,71300
1474918436,25.9800,25.9900,25.9600,25.9790,85000
1474918497,25.9836,25.9850,25.9500,25.9846,40500
1474918501,25.9700,25.9950,25.9600,25.9900,37700
1474918618,25.9348,25.9799,25.9300,25.9639,33400
1474918620,25.9400,25.9600,25.9400,25.9400,45100
1474918681,25.9200,25.9395,25.9200,25.9395,25400
1474918743,25.9400,25.9600,25.9250,25.9250,47100
1474918855,25.9500,25.9500,25.9200,25.9300,56600
1474918915,25.9300,25.9550,25.9200,25.9550,72000
1474918922,25.9150,25.9400,25.9100,25.9200,39600
1474918983,25.9300,25.9300,25.9000,25.9100,86000
1474919042,25.9400,25.9400,25.9200,25.9201,32700
1474919105,25.9300,25.9400,25.9150,25.9400,71300
1474919161,25.9200,25.9350,25.9100,25.9300,63200
1474919221,25.9201,25.9350,25.9200,25.9350,40300
1474919339,25.9500,25.9500,25.9200,25.9300,64500
1474919399,25.9390,25.9500,25.9300,25.9450,22400
1474919459,25.9250,25.9400,25.9200,25.9400,51600
1474919517,25.9100,25.9300,25.9100,25.9300,42400
1474919579,25.9050,25.9200,25.9000,25.9200,68400
1474919637,25.9200,25.9200,25.9000,25.9100,110200
1474919640,25.9392,25.9400,25.9100,25.9150,153500
1474919757,25.9150,25.9200,25.9100,25.9190,99300
1474919817,25.9000,25.9200,25.9000,25.9100,63300
1474919879,25.8918,25.9100,25.8800,25.9100,159400
1474919939,25.8950,25.8999,25.8800,25.8900,171900
1474919940,25.9000,25.9000,25.8700,25.8900,335000
1474920000,25.8900,25.8900,25.8900,25.8900,166800
