uri:/instrument/1.0/NDAQ/chartdata;type=quote;range=1d/csv
ticker:ndaq
Company-Name:Nasdaq, Inc.
Exchange-Name:NMS
unit:MIN
timezone:EDT
currency:USD
gmtoffset:-14400
previous_close:69.4700
Timestamp:1474291800,1474315200
labels:1474293600,1474297200,1474300800,1474304400,1474308000,1474311600,1474315200
values:Timestamp,close,high,low,open,volume
close:69.6000,70.2000
high:69.6000,70.2200
low:69.6000,70.1900
open:69.6000,70.2050
volume:0,175800
1474291800,69.6800,69.6900,69.6800,69.6800,9500
1474291862,69.6000,69.6000,69.6000,69.6000,300
1474291979,69.7000,69.7000,69.7000,69.7000,6600
1474291995,69.7900,69.7900,69.6500,69.7200,3700
1474292171,69.9000,69.9000,69.8500,69.8500,1300
1474292221,69.9100,69.9450,69.9000,69.9450,1600
1474292282,69.9200,69.9200,69.9100,69.9120,1700
1474292405,70.0100,70.0100,69.9500,69.9500,1200
1474292460,70.0700,70.0700,70.0500,70.0500,1200
1474292592,70.0900,70.2200,70.0700,70.1600,6000
1474292660,70.0900,70.0900,70.0900,70.0900,1000
1474292710,70.0900,70.1400,70.0900,70.1300,800
1474292840,70.0575,70.0700,70.0500,70.0700,1400
1474293016,70.1100,70.1700,70.1100,70.1500,1400
1474293082,70.0700,70.0900,70.0500,70.0700,1200
1474293170,70.0200,70.0800,70.0100,70.0400,2200
1474293239,70.0900,70.0900,70.0900,70.0900,400
1474293241,70.1300,70.1300,70.0300,70.1100,2700
1474293372,70.1500,70.1500,70.1500,70.1500,100
1474293458,70.1600,70.1600,70.1600,70.1600,100
1474293485,70.1700,70.1900,70.1700,70.1900,2500
1474293598,70.1400,70.1600,70.1400,70.1600,400
1474293697,70.1600,70.1900,70.1400,70.1400,1200
1474293767,70.1900,70.2200,70.1900,70.1960,1400
1474293792,70.1700,70.2050,70.1700,70.2050,1000
1474293843,70.2000,70.2000,70.1900,70.1900,800
1474294011,70.1500,70.1700,70.1500,70.1700,900
1474294038,70.1100,70.1250,70.0700,70.1250,1400
1474294192,70.0869,70.0869,70.0869,70.0869,500
1474294235,70.0900,70.0900,70.0600,70.0700,1800
1474294316,70.0100,70.0600,70.0100,70.0600,1100
1474294348,70.0100,70.0100,70.0100,70.0100,700
1474294476,70.0000,70.0300,70.0000,70.0300,1500
1474294683,69.9900,70.0000,69.9800,69.9900,7000
1474294773,70.0100,70.0100,70.0100,70.0100,1000
1474294898,70.0000,70.0100,70.0000,70.0100,500
1474294920,70.0100,70.0100,70.0000,70.0000,1000
1474295009,70.0200,70.0200,70.0200,70.0200,600
1474295044,70.0200,70.0200,69.9800,69.9900,1700
1474295100,70.0150,70.0300,70.0150,70.0300,600
1474295194,70.0400,70.0400,70.0101,70.0101,1000
1474295264,70.0300,70.0300,70.0100,70.0100,700
1474295304,70.0200,70.0200,70.0100,70.0100,1600
1474295444,70.0500,70.0500,70.0400,70.0400,700
1474295462,70.0400,70.0400,70.0400,70.0400,400
1474295562,70.0700,70.0700,70.0350,70.0350,1500
1474295648,70.0200,70.0700,70.0200,70.0700,1500
1474295758,70.0000,70.0000,70.0000,70.0000,400
1474295787,70.0000,70.0000,69.9700,69.9900,3800
1474295830,70.0700,70.0700,70.0000,70.0000,2700
1474296003,70.0200,70.0200,70.0200,70.0200,600
1474296106,70.0400,70.0400,70.0400,70.0400,400
1474296133,70.0000,70.0300,70.0000,70.0300,2000
1474296184,70.0100,70.0150,70.0100,70.0100,400
1474296241,70.0200,70.0200,70.0000,70.0000,1600
1474296319,70.0800,70.0800,70.0400,70.0400,2500
1474296367,70.0600,70.0600,70.0600,70.0600,1000
1474296423,70.0200,70.0400,70.0200,70.0400,1800
1474296570,70.0000,70.0200,70.0000,70.0200,900
1474296628,70.0100,70.0100,70.0100,70.0100,300
1474296660,70.0200,70.0200,69.9800,69.9900,1500
1474296824,70.0300,70.0300,70.0300,70.0300,1100
1474296877,70.0300,70.0300,70.0300,70.0300,100
1474296974,70.0000,70.0300,70.0000,70.0300,1200
1474297150,70.0100,70.0100,70.0100,70.0100,200
1474297200,70.0100,70.0199,69.9900,70.0199,2200
1474297262,69.9900,70.0200,69.9900,69.9900,4700
1474297326,70.0000,70.0000,69.9900,69.9900,3000
1474297392,69.9900,69.9900,69.9900,69.9900,1900
1474297483,70.0000,70.0000,70.0000,70.0000,2100
1474297502,69.9800,69.9800,69.9700,69.9800,1400
1474297588,70.0000,70.0150,69.9900,69.9900,2100
1474297622,70.0100,70.0100,70.0000,70.0000,1700
1474297720,69.9800,69.9900,69.9800,69.9900,800
1474297747,69.9900,70.0000,69.9900,69.9900,1500
1474297806,69.9700,70.0000,69.9700,69.9900,2000
1474297910,69.9700,69.9700,69.9700,69.9700,300
1474297940,69.9800,69.9800,69.9700,69.9700,1800
1474297988,69.9800,69.9800,69.9700,69.9800,500
1474298066,69.9800,69.9800,69.9800,69.9800,100
1474298117,69.9200,69.9550,69.9200,69.9550,1500
1474298176,69.9400,69.9400,69.9400,69.9400,500
1474298361,69.9300,69.9400,69.9300,69.9400,1000
1474298473,69.9100,69.9400,69.9100,69.9400,300
1474298545,69.9100,69.9100,69.9100,69.9100,900
1474298600,69.9100,69.9100,69.9100,69.9100,600
1474298728,69.9000,69.9000,69.9000,69.9000,100
1474298820,69.9200,69.9200,69.9100,69.9100,1500
1474298932,69.9300,69.9400,69.9300,69.9400,500
1474298969,69.9500,69.9500,69.9500,69.9500,600
1474299107,69.9100,69.9500,69.9100,69.9500,1400
1474299120,69.9300,69.9300,69.9200,69.9200,800
1474299180,69.9500,69.9600,69.9300,69.9300,800
1474299294,70.0000,70.0000,69.9700,69.9900,1100
1474299355,70.0000,70.0200,69.9900,70.0000,1600
1474299361,70.0200,70.0400,70.0050,70.0100,1900
1474299468,70.0000,70.0100,69.9900,70.0100,700
1474299526,70.0000,70.0050,70.0000,70.0000,800
1474299547,69.9900,69.9900,69.9900,69.9900,400
1474299602,69.9900,69.9900,69.9900,69.9900,1300
1474299742,69.9900,69.9900,69.9700,69.9800,1500
1474299785,69.9800,69.9800,69.9800,69.9800,100
1474299849,69.9900,69.9900,69.9900,69.9900,500
1474299902,70.0000,70.0000,69.9900,69.9900,1400
1474300018,70.0000,70.0000,69.9900,70.0000,700
1474300073,70.0000,70.0150,69.9900,70.0000,2900
1474300087,69.9500,69.9900,69.9500,69.9900,800
1474300142,69.9600,69.9600,69.9500,69.9500,1100
1474300239,69.9709,69.9709,69.9709,69.9709,100
1474300296,69.9800,69.9800,69.9800,69.9800,200
1474300366,69.9700,69.9700,69.9700,69.9700,200
1474300410,69.9300,69.9300,69.9300,69.9300,100
1474300466,69.9800,69.9800,69.9600,69.9600,500
1474300547,69.9800,69.9800,69.9800,69.9800,100
1474300576,69.9400,69.9500,69.9400,69.9500,200
1474300638,69.9900,69.9900,69.9400,69.9400,27300
1474300737,69.9900,70.0050,69.9825,69.9825,1300
1474300742,70.0000,70.0000,69.9900,70.0000,300
1474300807,70.0000,70.0000,69.9900,70.0000,1600
1474300907,70.0050,70.0100,70.0000,70.0000,1000
1474300978,70.0100,70.0100,70.0100,70.0100,100
1474300980,69.9900,70.0100,69.9900,70.0100,2400
1474301094,70.0000,70.0000,70.0000,70.0000,100
1474301111,69.9900,70.0000,69.9900,70.0000,700
1474301211,69.9800,69.9900,69.9800,69.9900,700
1474301229,69.9700,69.9800,69.9700,69.9800,400
1474301330,69.9600,69.9800,69.9600,69.9800,900
1474301374,69.9400,69.9400,69.9400,69.9400,200
1474301449,69.9500,69.9500,69.9500,69.9500,1000
1474301519,69.9400,69.9500,69.9400,69.9500,900
1474301569,69.9300,69.9500,69.9100,69.9500,1300
1474301637,69.9500,69.9500,69.9200,69.9200,800
1474301641,69.9200,69.9400,69.9000,69.9400,3300
1474301721,69.9200,69.9200,69.9000,69.9000,900
1474301793,69.8800,69.8800,69.8800,69.8800,200
1474301919,69.8700,69.8800,69.8600,69.8600,700
1474301988,69.8700,69.8800,69.8700,69.8700,1300
1474302001,69.8700,69.8700,69.8700,69.8700,100
1474302115,69.9000,69.9100,69.9000,69.9100,500
1474302129,69.8900,69.9000,69.8900,69.8900,1500
1474302188,69.8605,69.8900,69.8605,69.8900,500
1474302311,69.8300,69.8300,69.8300,69.8300,400
1474302412,69.8400,69.8400,69.8300,69.8300,1900
1474302427,69.7900,69.8300,69.7900,69.8300,1600
1474302579,69.7800,69.8000,69.7800,69.8000,500
1474302615,69.7800,69.7800,69.7800,69.7800,300
1474302701,69.8000,69.8000,69.8000,69.8000,200
1474302762,69.8400,69.8400,69.8000,69.8000,1000
1474302797,69.8500,69.8575,69.8400,69.8400,1100
1474302954,69.7800,69.8300,69.7800,69.8300,1600
1474302965,69.8200,69.8200,69.8000,69.8000,1600
1474303078,69.8000,69.8250,69.7900,69.8200,3100
1474303133,69.7900,69.8200,69.7700,69.8000,1800
1474303158,69.7900,69.8000,69.7600,69.7600,1800
1474303256,69.7900,69.8000,69.7900,69.8000,200
1474303260,69.7800,69.7900,69.7700,69.7900,1200
1474303336,69.8400,69.8400,69.8000,69.8000,1100
1474303380,69.8400,69.8400,69.8400,69.8400,200
1474303480,69.8569,69.8569,69.8569,69.8569,500
1474303507,69.8500,69.8500,69.8500,69.8500,1100
1474303606,69.8500,69.8500,69.8500,69.8500,100
1474303631,69.8300,69.8500,69.8300,69.8400,600
1474303705,69.8300,69.8300,69.8300,69.8300,100
1474303740,69.8300,69.8400,69.8200,69.8200,1900
1474303837,69.8500,69.8500,69.8500,69.8500,100
1474303863,69.8600,69.8800,69.8600,69.8673,3100
1474303963,69.8600,69.8600,69.8600,69.8600,100
1474303980,69.8800,69.8810,69.8600,69.8600,2200
1474304057,69.8900,69.8900,69.8900,69.8900,400
1474304157,69.8800,69.8900,69.8800,69.8900,1300
1474304161,69.8900,69.8900,69.8700,69.8700,500
1474304272,69.9100,69.9100,69.9000,69.9000,500
1474304329,69.8600,69.9100,69.8600,69.9100,1100
1474304340,69.8700,69.8700,69.8400,69.8400,2200
1474304400,69.8800,69.8800,69.8400,69.8700,2400
1474304510,69.8800,69.8800,69.8800,69.8800,700
1474304571,69.8800,69.8800,69.8700,69.8700,400
1474304634,69.8800,69.8800,69.8800,69.8800,600
1474304698,69.9000,69.9000,69.8900,69.8900,1300
1474304758,69.9100,69.9100,69.8900,69.8900,1000
1474304775,69.9400,69.9400,69.9200,69.9200,1000
1474304856,69.9300,69.9400,69.9300,69.9400,300
1474304939,69.9500,69.9500,69.9500,69.9500,400
1474304963,69.9350,69.9350,69.9350,69.9350,100
1474305018,69.8900,69.9300,69.8900,69.9300,2400
1474305091,69.8900,69.8900,69.8700,69.8700,300
1474305134,69.8800,69.9000,69.8800,69.9000,1400
1474305276,69.8750,69.8800,69.8700,69.8800,2500
1474305327,69.8800,69.8800,69.8800,69.8800,200
1474305410,69.8800,69.8800,69.8800,69.8800,300
1474305423,69.9200,69.9200,69.8900,69.8900,1300
1474305591,69.9000,69.9100,69.9000,69.9100,700
1474305651,69.8983,69.8983,69.8950,69.8950,3200
1474305717,69.8900,69.8900,69.8700,69.8900,1600
1474305777,69.8800,69.8900,69.8700,69.8900,900
1474305838,69.8400,69.8856,69.8400,69.8800,15400
1474305842,69.8400,69.8400,69.8400,69.8400,700
1474305955,69.8600,69.8600,69.8500,69.8500,400
1474305970,69.8500,69.8600,69.8500,69.8600,800
1474306026,69.8750,69.8800,69.8700,69.8700,900
1474306093,69.8500,69.8700,69.8350,69.8700,2000
1474306197,69.8300,69.8400,69.8300,69.8400,600
1474306201,69.8100,69.8300,69.8100,69.8300,1600
1474306280,69.7500,69.8000,69.7500,69.8000,2100
1474306342,69.7750,69.7750,69.7750,69.7750,900
1474306382,69.7500,69.7700,69.7400,69.7700,1000
1474306463,69.7400,69.7500,69.7400,69.7500,900
1474306556,69.7000,69.7500,69.7000,69.7400,1900
1474306616,69.6900,69.7053,69.6900,69.6900,900
1474306623,69.6900,69.7100,69.6800,69.6800,1600
1474306684,69.6900,69.7000,69.6900,69.7000,400
1474306751,69.6900,69.6900,69.6900,69.6900,900
1474306825,69.7000,69.7000,69.6900,69.6900,600
1474306902,69.6800,69.7100,69.6800,69.7100,1800
1474306938,69.6800,69.6800,69.6700,69.6800,800
1474307065,69.6750,69.6750,69.6750,69.6750,800
1474307103,69.6500,69.6548,69.6400,69.6548,2300
1474307167,69.6700,69.6700,69.6450,69.6500,1900
1474307273,69.7200,69.7200,69.6900,69.6900,1100
1474307322,69.7350,69.7350,69.7100,69.7100,700
1474307398,69.7200,69.7300,69.7200,69.7300,1200
1474307449,69.7200,69.7450,69.7200,69.7250,4800
1474307461,69.7000,69.7300,69.6900,69.7300,6000
1474307576,69.7900,69.7900,69.7100,69.7100,3600
1474307638,69.7525,69.7900,69.7525,69.7900,3400
1474307696,69.7000,69.7500,69.7000,69.7500,5200
1474307701,69.7100,69.7400,69.7050,69.7050,3100
1474307764,69.6500,69.7100,69.6500,69.7100,3300
1474307823,69.6600,69.6600,69.6600,69.6600,900
1474307930,69.7200,69.7200,69.6900,69.6900,1000
1474307999,69.7100,69.7500,69.7100,69.7200,1800
1474308002,69.7600,69.7600,69.7200,69.7400,900
1474308083,69.8100,69.8100,69.7600,69.7600,1400
1474308175,69.7900,69.7900,69.7900,69.7900,200
1474308180,69.8400,69.8400,69.7900,69.8000,4800
1474308274,69.8500,69.8700,69.8400,69.8700,700
1474308311,69.8800,69.9000,69.8500,69.8500,700
1474308362,69.9000,69.9000,69.9000,69.9000,600
1474308423,69.8500,69.8850,69.8500,69.8850,800
1474308483,69.8700,69.9000,69.8700,69.8800,2000
1474308599,69.7900,69.8700,69.7900,69.8700,3800
1474308600,69.7800,69.8100,69.7600,69.8100,2200
1474308672,69.7500,69.7500,69.7400,69.7500,1600
1474308830,69.7800,69.7900,69.7800,69.7900,900
1474308848,69.7800,69.7850,69.7800,69.7850,900
1474309012,69.8000,69.8100,69.7800,69.7806,1500
1474309075,69.8100,69.8100,69.7900,69.8000,1500
1474309082,69.8100,69.8200,69.8100,69.8200,600
1474309146,69.8000,69.8100,69.8000,69.8100,300
1474309220,69.7700,69.8000,69.7600,69.8000,1900
1474309274,69.7300,69.7750,69.7300,69.7750,700
1474309332,69.7400,69.7400,69.7400,69.7400,200
1474309386,69.7400,69.7500,69.7400,69.7400,2000
1474309460,69.7400,69.7400,69.7300,69.7300,1200
1474309509,69.7500,69.7500,69.7500,69.7500,300
1474309610,69.7700,69.7700,69.7700,69.7700,600
1474309626,69.7212,69.7700,69.7200,69.7700,3200
1474309697,69.7400,69.7400,69.7200,69.7200,300
1474309758,69.7500,69.7500,69.7500,69.7500,300
1474309803,69.7900,69.7900,69.7600,69.7800,2100
1474309870,69.7800,69.7800,69.7700,69.7700,300
1474309973,69.8100,69.8100,69.7900,69.7900,800
1474310032,69.8000,69.8100,69.8000,69.8100,1100
1474310093,69.8100,69.8130,69.8100,69.8130,300
1474310104,69.8100,69.8200,69.8100,69.8100,2200
1474310161,69.8200,69.8200,69.8150,69.8150,300
1474310237,69.8100,69.8200,69.8100,69.8200,1000
1474310282,69.8000,69.8300,69.8000,69.8100,1100
1474310344,69.8100,69.8100,69.8000,69.8050,1200
1474310406,69.8200,69.8200,69.8000,69.8200,1000
1474310514,69.8400,69.8400,69.8400,69.8400,300
1474310578,69.8300,69.8400,69.8300,69.8400,1500
1474310625,69.8300,69.8400,69.8300,69.8400,300
1474310641,69.8700,69.8700,69.8300,69.8300,2400
1474310705,69.9000,69.9000,69.8800,69.8900,1300
1474310818,69.9200,69.9200,69.9000,69.9000,1100
1474310822,69.9300,69.9300,69.9142,69.9142,800
1474310889,69.9400,69.9400,69.9300,69.9300,200
1474310957,69.9328,69.9328,69.9328,69.9328,100
1474311037,69.9500,69.9500,69.9500,69.9500,400
1474311078,69.9300,69.9300,69.9201,69.9300,1200
1474311126,69.9800,69.9800,69.9300,69.9300,5200
1474311185,69.9900,69.9900,69.9600,69.9750,2300
1474311298,70.0150,70.0350,69.9850,69.9900,7900
1474311354,70.0400,70.0400,70.0300,70.0300,1000
1474311361,70.0350,70.0500,70.0350,70.0500,2200
1474311464,70.0600,70.0750,70.0400,70.0400,8600
1474311485,70.0600,70.0700,70.0520,70.0520,1000
1474311548,70.0800,70.1000,70.0700,70.0700,3500
1474311614,70.1000,70.1100,70.0850,70.0900,3900
1474311718,70.0800,70.1200,70.0700,70.1100,9400
1474311722,70.0900,70.0900,70.0700,70.0800,4800
1474311781,70.1200,70.1200,70.1000,70.1000,1400
1474311850,70.1300,70.1300,70.1150,70.1200,1700
1474311905,70.1550,70.1600,70.1300,70.1300,2800
1474311981,70.1600,70.1600,70.1600,70.1600,800
1474312040,70.1200,70.1500,70.1200,70.1500,500
1474312097,70.0800,70.1200,70.0800,70.1200,600
1474312140,70.0487,70.0900,70.0487,70.0800,2100
1474312213,70.0300,70.0300,70.0300,70.0300,600
1474312271,70.0000,70.0300,70.0000,70.0300,3900
1474312372,70.0200,70.0200,70.0000,70.0000,700
1474312413,70.0100,70.0100,70.0000,70.0000,1100
1474312441,70.0100,70.0200,70.0100,70.0200,1700
1474312518,69.9900,70.0000,69.9900,69.9900,3300
1474312605,69.9900,69.9900,69.9900,69.9900,2400
1474312674,69.9600,69.9600,69.9500,69.9600,1000
1474312731,69.9600,69.9600,69.9500,69.9600,600
1474312742,69.9800,69.9800,69.9500,69.9600,3300
1474312801,69.9700,69.9800,69.9650,69.9800,3600
1474312865,69.9800,69.9800,69.9700,69.9800,1700
1474312979,69.9900,69.9900,69.9800,69.9800,1200
1474312982,69.9900,69.9900,69.9700,69.9900,2400
1474313051,70.0000,70.0000,69.9900,69.9900,400
1474313109,70.0200,70.0200,70.0000,70.0050,4300
1474313175,70.0100,70.0200,70.0100,70.0200,600
1474313279,70.0350,70.0500,70.0200,70.0200,8400
1474313336,70.0000,70.0400,70.0000,70.0300,1500
1474313351,69.9600,70.0000,69.9600,70.0000,3300
1474313457,69.9600,69.9600,69.9500,69.9600,1900
1474313511,69.9500,69.9650,69.9500,69.9650,1500
1474313579,69.8300,69.9400,69.8300,69.9400,4400
1474313580,69.8300,69.8400,69.8300,69.8300,2300
1474313698,69.8600,69.8600,69.8400,69.8400,900
1474313700,69.8600,69.8750,69.8600,69.8600,2500
1474313765,69.8400,69.8700,69.8200,69.8700,5500
1474313848,69.8500,69.8500,69.8500,69.8500,800
1474313894,69.8500,69.8500,69.8500,69.8500,300
1474313999,69.8700,69.8700,69.8550,69.8700,4000
1474314006,69.8500,69.8750,69.8500,69.8750,2300
1474314117,69.8600,69.8600,69.8400,69.8500,4300
1474314130,69.8800,69.8800,69.8500,69.8600,2400
1474314189,69.9200,69.9350,69.8800,69.8800,6000
1474314259,69.9100,69.9200,69.9000,69.9200,3400
1474314356,69.9150,69.9400,69.9150,69.9300,3700
1474314418,69.9500,69.9600,69.9100,69.9100,2600
1474314476,69.9900,70.0000,69.9400,69.9500,3600
1474314483,69.9750,69.9800,69.9700,69.9800,4300
1474314563,69.9500,69.9700,69.9400,69.9700,4600
1474314600,69.9275,69.9500,69.9200,69.9300,7400
1474314666,69.8700,69.9200,69.8700,69.9200,5300
1474314720,69.8700,69.8900,69.8700,69.8700,1700
1474314785,69.8700,69.8900,69.8700,69.8800,4900
1474314843,69.8800,69.8900,69.8750,69.8750,5300
1474314903,69.8700,69.9100,69.8700,69.9000,7700
1474315009,69.8600,69.8900,69.8600,69.8800,4100
1474315022,69.8500,69.8700,69.8500,69.8700,7400
1474315137,69.8400,69.8550,69.8400,69.8550,7500
1474315145,69.7800,69.8500,69.7400,69.8500,175800
1474315200,69.8000,69.8000,69.8000,69.8000,0
