uri:/instrument/1.0/DIS/chartdata;type=quote;range=1d/csv
ticker:dis
Company-Name:Walt Disney Company (The) Commo
Exchange-Name:NYQ
unit:MIN
timezone:EDT
currency:USD
gmtoffset:-14400
previous_close:92.9500
Timestamp:1474464600,1474488000
labels:1474466400,1474470000,1474473600,1474477200,1474480800,1474484400,1474488000
values:Timestamp,close,high,low,open,volume
close:91.7100,92.8700
high:91.7400,92.9600
low:91.7000,92.8500
open:91.7100,92.9400
volume:200,293600
1474464713,92.6900,92.9600,92.6900,92.9400,146600
1474464731,92.8100,92.9000,92.7650,92.8500,41200
1474464839,92.8600,92.9600,92.7400,92.7900,13500
1474464840,92.8700,92.9051,92.8500,92.8800,13300
1474464959,92.7550,92.9023,92.7400,92.8700,41700
1474465016,92.7200,92.8000,92.7200,92.7700,14200
1474465020,92.6100,92.7500,92.6000,92.7299,46700
1474465082,92.5900,92.7100,92.5800,92.6000,40800
1474465199,92.5850,92.6000,92.5200,92.5800,37000
1474465258,92.5400,92.6100,92.5300,92.5900,33200
1474465319,92.3700,92.5400,92.3700,92.5400,87700
1474465379,92.3100,92.3602,92.3000,92.3602,48400
1474465380,92.2500,92.3600,92.2102,92.3000,97800
1474465440,92.1900,92.4742,92.1900,92.2500,81700
1474465500,92.2750,92.3500,92.2000,92.2000,81700
1474465561,92.2575,92.2700,92.2300,92.2500,32200
1474465678,92.2950,92.3100,92.2500,92.2600,80900
1474465737,92.2700,92.3000,92.2300,92.3000,25800
1474465740,92.3900,92.3900,92.2750,92.2750,33500
1474465800,92.4600,92.4700,92.3776,92.3800,62000
1474465860,92.4400,92.4800,92.4100,92.4600,26800
1474465978,92.3875,92.4400,92.3650,92.4350,28800
1474466039,92.4250,92.4325,92.3450,92.3900,45500
1474466040,92.4100,92.4250,92.3650,92.4200,23300
1474466103,92.4650,92.4800,92.4050,92.4050,48200
1474466219,92.6300,92.6500,92.4250,92.4650,89200
1474466220,92.6700,92.7400,92.5800,92.6299,81500
1474466339,92.7700,92.7900,92.6600,92.6700,78300
1474466340,92.7700,92.7800,92.7200,92.7700,19200
1474466459,92.7500,92.7800,92.7000,92.7800,27300
1474466519,92.6700,92.7750,92.6600,92.7500,18200
1474466520,92.5500,92.6700,92.5360,92.6600,20500
1474466637,92.5083,92.5600,92.4400,92.5600,24900
1474466644,92.4100,92.5300,92.4000,92.5001,27100
1474466701,92.4700,92.5400,92.4000,92.4000,48200
1474466819,92.5100,92.5300,92.4500,92.4601,16900
1474466820,92.4500,92.5200,92.4500,92.5100,10100
1474466882,92.4799,92.4978,92.4500,92.4500,17400
1474466998,92.4800,92.4900,92.4600,92.4710,9300
1474467000,92.4500,92.5100,92.4500,92.4800,16300
1474467068,92.4600,92.4900,92.4550,92.4550,11000
1474467121,92.4800,92.4800,92.4500,92.4600,5800
1474467184,92.4700,92.5000,92.4700,92.4800,5900
1474467240,92.4554,92.5000,92.4500,92.4800,19700
1474467354,92.4800,92.4900,92.4537,92.4600,9600
1474467364,92.4700,92.5000,92.4550,92.4900,8100
1474467479,92.4950,92.5000,92.4500,92.4700,7800
1474467480,92.4600,92.5000,92.4600,92.4956,9200
1474467599,92.4839,92.4900,92.4550,92.4640,6300
1474467600,92.4800,92.4900,92.4637,92.4800,6500
1474467664,92.4700,92.5000,92.4500,92.4900,26500
1474467721,92.5050,92.5200,92.4500,92.4640,37000
1474467780,92.5100,92.5250,92.5000,92.5100,18300
1474467899,92.5300,92.5800,92.5200,92.5200,17500
1474467900,92.5210,92.5400,92.5112,92.5300,26500
1474467962,92.5800,92.5900,92.5300,92.5300,10000
1474468079,92.5750,92.6300,92.5740,92.6000,18500
1474468080,92.5850,92.5950,92.5800,92.5800,15200
1474468140,92.6000,92.6000,92.5700,92.5900,17800
1474468200,92.5400,92.6100,92.5301,92.6000,22400
1474468319,92.5500,92.5600,92.5300,92.5350,15500
1474468320,92.5750,92.6061,92.5300,92.5500,19500
1474468380,92.6000,92.6100,92.5800,92.5800,11200
1474468497,92.5950,92.6050,92.5650,92.6050,13000
1474468559,92.5800,92.5950,92.5500,92.5900,26000
1474468560,92.6300,92.6500,92.5850,92.5850,17200
1474468620,92.5800,92.6301,92.5800,92.6300,17100
1474468739,92.6150,92.6350,92.5850,92.5850,13600
1474468740,92.6100,92.6350,92.6100,92.6100,9000
1474468800,92.6000,92.6150,92.5950,92.6100,10300
1474468861,92.6600,92.6631,92.5800,92.6050,25000
1474468921,92.6200,92.6600,92.6200,92.6600,6800
1474468988,92.6200,92.6235,92.6000,92.6235,11600
1474469098,92.6400,92.6500,92.6143,92.6300,13400
1474469159,92.5800,92.6400,92.5800,92.6300,10400
1474469218,92.4700,92.5800,92.4600,92.5800,19600
1474469220,92.4854,92.5000,92.4650,92.4700,10500
1474469284,92.5200,92.5450,92.4900,92.4900,14700
1474469340,92.5200,92.5500,92.5100,92.5100,7700
1474469400,92.5600,92.5600,92.5000,92.5100,10900
1474469469,92.5340,92.5553,92.5250,92.5550,5700
1474469521,92.5100,92.5330,92.4900,92.5330,13000
1474469589,92.5200,92.5200,92.4850,92.5000,10900
1474469692,92.5300,92.5550,92.5100,92.5166,10700
1474469759,92.5000,92.5500,92.4800,92.5400,10700
1474469819,92.4800,92.5100,92.4700,92.5000,7600
1474469820,92.4900,92.4900,92.4739,92.4750,10900
1474469881,92.4700,92.4800,92.4500,92.4800,6500
1474469940,92.4600,92.4900,92.4500,92.4700,6600
1474470053,92.4550,92.4800,92.4500,92.4600,7500
1474470060,92.4350,92.4600,92.4262,92.4600,27800
1474470132,92.4500,92.4500,92.4350,92.4400,15600
1474470180,92.4650,92.4900,92.4450,92.4500,7600
1474470240,92.4800,92.5100,92.4700,92.4700,5900
1474470300,92.5100,92.5100,92.4700,92.4700,15400
1474470361,92.5100,92.5400,92.5100,92.5130,8100
1474470423,92.5000,92.5400,92.4900,92.5000,17900
1474470539,92.5500,92.5637,92.4950,92.5000,10900
1474470540,92.4900,92.5550,92.4900,92.5500,6500
1474470601,92.4700,92.4900,92.4500,92.4900,10300
1474470719,92.4334,92.4850,92.4334,92.4700,12500
1474470722,92.4700,92.4700,92.4300,92.4300,5400
1474470786,92.4800,92.4950,92.4650,92.4700,5400
1474470842,92.4070,92.5010,92.4070,92.5000,31400
1474470956,92.4500,92.4500,92.4050,92.4050,9300
1474470964,92.4600,92.4700,92.4400,92.4400,6400
1474471020,92.4400,92.4600,92.4400,92.4600,4500
1474471087,92.4400,92.4500,92.4300,92.4400,10500
1474471199,92.4800,92.5000,92.4500,92.4500,12100
1474471200,92.4800,92.5000,92.4700,92.4800,11700
1474471319,92.4950,92.4950,92.4500,92.4800,6600
1474471320,92.5600,92.5600,92.4890,92.4890,22500
1474471439,92.7500,92.7800,92.5500,92.5600,212300
1474471499,92.5400,92.7800,92.4500,92.7599,224400
1474471500,92.2800,92.5500,92.2400,92.5300,293600
1474471562,92.1600,92.2900,92.1120,92.2800,188400
1474471679,92.1500,92.2100,92.1400,92.1700,40200
1474471680,92.0300,92.1900,92.0300,92.1310,71400
1474471799,92.2650,92.4400,92.0100,92.0500,191400
1474471800,92.2508,92.3100,92.1400,92.2650,86200
1474471862,92.2510,92.2876,92.2200,92.2500,13700
1474471922,92.1200,92.2700,92.0500,92.2600,53500
1474472039,92.1500,92.2400,92.1200,92.1200,31100
1474472040,92.0850,92.1400,92.0400,92.1300,64100
1474472102,91.9500,92.0900,91.9000,92.0800,185600
1474472160,92.0790,92.0800,91.9000,91.9400,63100
1474472222,91.9800,92.0800,91.9500,92.0700,71000
1474472338,92.0350,92.0400,91.9850,91.9900,20800
1474472341,92.0400,92.0500,91.9900,92.0350,27200
1474472402,92.0700,92.1000,92.0300,92.0450,31300
1474472519,92.1500,92.1500,92.0610,92.0700,70800
1474472579,92.1700,92.1800,92.1500,92.1500,14000
1474472580,92.1100,92.1600,92.1000,92.1500,33400
1474472697,92.1200,92.1400,92.1000,92.1000,27400
1474472703,92.1100,92.1500,92.1000,92.1300,15200
1474472763,92.1200,92.1400,92.1000,92.1200,14200
1474472874,92.1540,92.1700,92.1000,92.1150,11300
1474472936,92.2035,92.2200,92.1300,92.1600,20100
1474472999,92.1910,92.2000,92.1800,92.2000,13200
1474473000,92.2100,92.2100,92.1950,92.2000,8900
1474473119,92.2100,92.2200,92.1900,92.2054,6000
1474473120,92.2600,92.2800,92.2100,92.2100,54000
1474473238,92.2754,92.3100,92.2600,92.2650,32700
1474473240,92.3000,92.3300,92.2600,92.2700,40000
1474473359,92.2950,92.3150,92.2900,92.3000,10500
1474473361,92.3300,92.3400,92.2900,92.2900,26600
1474473477,92.3200,92.3400,92.3000,92.3200,18100
1474473480,92.3700,92.3700,92.3150,92.3150,19300
1474473598,92.4000,92.4000,92.3630,92.3650,11600
1474473659,92.3554,92.4000,92.3300,92.4000,11100
1474473719,92.3200,92.3600,92.3100,92.3500,18000
1474473720,92.3900,92.3950,92.3200,92.3200,14800
1474473838,92.3600,92.4000,92.3600,92.3900,8400
1474473840,92.3248,92.3600,92.3200,92.3500,15100
1474473903,92.3011,92.3200,92.2800,92.3200,29600
1474473961,92.3150,92.3500,92.3000,92.3053,6600
1474474025,92.3650,92.3650,92.2875,92.3100,12900
1474474081,92.3600,92.3900,92.3350,92.3700,21400
1474474142,92.3600,92.3700,92.3550,92.3658,7900
1474474259,92.3509,92.3700,92.3401,92.3700,11900
1474474261,92.3400,92.3700,92.3400,92.3400,5700
1474474320,92.3010,92.3400,92.2850,92.3400,57000
1474474380,92.2850,92.3100,92.2500,92.3100,14100
1474474499,92.2700,92.3000,92.2700,92.2890,30600
1474474559,92.1800,92.2800,92.1500,92.2700,62600
1474474560,92.1500,92.1950,92.1500,92.1900,27800
1474474620,92.1550,92.1625,92.1300,92.1500,26200
1474474680,92.1600,92.2000,92.1400,92.1600,20100
1474474748,92.0560,92.1624,92.0560,92.1624,29200
1474474800,92.1300,92.1300,92.0550,92.0600,15100
1474474917,92.1200,92.1600,92.1109,92.1250,33000
1474474920,92.1450,92.1600,92.1000,92.1150,23400
1474474983,92.1200,92.1500,92.1100,92.1450,31500
1474475099,92.1050,92.1300,92.1000,92.1300,11200
1474475159,92.1087,92.1290,92.1000,92.1050,21900
1474475160,92.1700,92.1700,92.1100,92.1125,11500
1474475224,92.1600,92.1700,92.1450,92.1700,16500
1474475285,92.1800,92.2000,92.1700,92.1700,23500
1474475343,92.1750,92.1800,92.1600,92.1800,8600
1474475458,92.1750,92.1800,92.1500,92.1700,19500
1474475518,92.1550,92.1850,92.1550,92.1750,9700
1474475579,92.1350,92.1700,92.1350,92.1550,21200
1474475582,92.1200,92.1300,92.1000,92.1300,8900
1474475658,92.1200,92.1250,92.1000,92.1200,17700
1474475701,92.1100,92.1300,92.1000,92.1250,8600
1474475764,92.1499,92.1500,92.1037,92.1037,10400
1474475876,92.1500,92.1600,92.1200,92.1500,13100
1474475937,92.1100,92.1600,92.1100,92.1600,12600
1474475999,92.1050,92.1200,92.1000,92.1100,28600
1474476000,92.1100,92.1100,92.0900,92.1000,49500
1474476062,92.1000,92.1200,92.0900,92.1000,16900
1474476122,92.1200,92.1300,92.0950,92.1000,19000
1474476182,92.1050,92.1100,92.1000,92.1100,20200
1474476249,92.1000,92.1200,92.1000,92.1058,19600
1474476302,92.1650,92.1740,92.1000,92.1000,11500
1474476419,92.1400,92.1800,92.1400,92.1600,21400
1474476420,92.1100,92.1300,92.1000,92.1300,16000
1474476534,92.1000,92.1100,92.1000,92.1002,7000
1474476553,92.1100,92.1200,92.1000,92.1000,6500
1474476659,92.1500,92.1500,92.1154,92.1200,6500
1474476669,92.1650,92.1700,92.1430,92.1490,13500
1474476721,92.1365,92.1800,92.1365,92.1700,7300
1474476838,92.1798,92.1900,92.1300,92.1400,20900
1474476841,92.1500,92.1700,92.1450,92.1700,3800
1474476902,92.1510,92.1600,92.1400,92.1400,7700
1474476960,92.1400,92.1600,92.1300,92.1600,8400
1474477076,92.1600,92.1650,92.1400,92.1400,18800
1474477139,92.1450,92.1900,92.1450,92.1699,10700
1474477142,92.1200,92.1600,92.1200,92.1450,11400
1474477200,92.2000,92.2100,92.1100,92.1100,17800
1474477260,92.1779,92.2000,92.1700,92.2000,9700
1474477371,92.1900,92.1900,92.1746,92.1800,7500
1474477382,92.1850,92.1900,92.1650,92.1800,8200
1474477442,92.1750,92.2000,92.1700,92.1800,15500
1474477501,92.1800,92.1950,92.1600,92.1735,19800
1474477565,92.1600,92.1811,92.1600,92.1800,7600
1474477632,92.1350,92.1500,92.1200,92.1500,5400
1474477739,92.1400,92.1500,92.1200,92.1350,15400
1474477791,92.1300,92.1500,92.1300,92.1400,11700
1474477807,92.1200,92.1300,92.1100,92.1300,7600
1474477865,92.1100,92.1181,92.1030,92.1100,14000
1474477931,92.1090,92.1150,92.0900,92.1100,63700
1474478037,92.1000,92.1100,92.1000,92.1000,10600
1474478090,92.1080,92.1100,92.0900,92.1000,12700
1474478100,92.0600,92.1100,92.0600,92.1100,15400
1474478219,92.0400,92.0700,92.0400,92.0663,15100
1474478279,92.0300,92.0450,92.0200,92.0400,37800
1474478339,92.0100,92.0300,92.0000,92.0250,77600
1474478399,92.0500,92.0500,92.0000,92.0163,26400
1474478400,92.0250,92.0600,92.0100,92.0600,21900
1474478519,92.0100,92.0200,92.0000,92.0100,17300
1474478520,92.0000,92.0200,92.0000,92.0200,14600
1474478580,92.0000,92.0100,91.9900,92.0001,46300
1474478645,91.9833,92.0000,91.9800,91.9910,15000
1474478702,91.9432,91.9900,91.9400,91.9900,20200
1474478816,91.9300,91.9600,91.9300,91.9400,11200
1474478879,91.9700,91.9700,91.9300,91.9399,18500
1474478881,91.9850,91.9850,91.9685,91.9701,8800
1474478940,91.9900,92.0000,91.9750,91.9800,9300
1474479000,92.0100,92.0100,91.9848,91.9900,11600
1474479068,91.9990,92.0200,91.9900,92.0100,11600
1474479120,92.0000,92.0200,91.9900,92.0000,11400
1474479182,91.9600,92.0000,91.9600,91.9900,20400
1474479251,91.9500,91.9700,91.9450,91.9550,8900
1474479302,91.9900,91.9900,91.9550,91.9600,11300
1474479361,91.9600,91.9900,91.9500,91.9900,16200
1474479434,91.9500,91.9600,91.9500,91.9600,9600
1474479485,91.9600,91.9600,91.9400,91.9400,11600
1474479541,91.9600,91.9650,91.9500,91.9600,12300
1474479602,91.9100,91.9700,91.9100,91.9600,13200
1474479664,91.9110,91.9363,91.9100,91.9200,14400
1474479779,91.9000,91.9169,91.9000,91.9169,7600
1474479781,91.8600,91.9100,91.8600,91.9050,32700
1474479841,91.8450,91.8600,91.8200,91.8600,28100
1474479902,91.8450,91.8500,91.8400,91.8450,15200
1474479962,91.8800,91.8800,91.8410,91.8465,24500
1474480020,91.9200,91.9200,91.8850,91.8850,9500
1474480094,91.9454,91.9600,91.9000,91.9150,18100
1474480198,91.8800,91.9450,91.8800,91.9450,16400
1474480258,91.8650,91.8900,91.8600,91.8900,12300
1474480262,91.8546,91.8900,91.8546,91.8700,22800
1474480321,91.8350,91.8600,91.8200,91.8548,43200
1474480384,91.7900,91.8300,91.7900,91.8250,22300
1474480442,91.7800,91.8000,91.7800,91.8000,20700
1474480500,91.7900,91.7999,91.7800,91.7900,21000
1474480618,91.8600,91.8700,91.7900,91.7998,28500
1474480678,91.9800,91.9800,91.8601,91.8650,14500
1474480680,91.8500,91.9800,91.8100,91.9800,30800
1474480740,91.8350,91.8800,91.8100,91.8600,15700
1474480859,92.0500,92.1700,91.7500,91.8300,78600
1474480861,92.0188,92.2000,92.0100,92.0750,57700
1474480922,92.1300,92.1300,91.9600,92.0199,31700
1474480980,92.0400,92.1299,92.0000,92.1100,19000
1474481099,92.0200,92.0800,91.9800,92.0300,20700
1474481100,92.0600,92.0700,92.0000,92.0400,14800
1474481160,92.0500,92.1300,92.0100,92.0700,42800
1474481224,92.0312,92.0700,91.9900,92.0500,19400
1474481285,92.0100,92.0500,91.9800,92.0180,25800
1474481344,91.9700,92.0718,91.9700,92.0159,21700
1474481457,92.1500,92.1700,91.9700,91.9700,60800
1474481460,92.1500,92.2000,92.1300,92.1800,29700
1474481521,92.1500,92.1750,92.0900,92.1500,17700
1474481583,92.1200,92.1900,92.1000,92.1400,26200
1474481699,92.0000,92.1250,91.9802,92.1239,30500
1474481755,92.0100,92.0700,92.0100,92.0100,34300
1474481819,91.9700,92.0500,91.9600,92.0100,21600
1474481879,91.9200,91.9600,91.9200,91.9600,16700
1474481880,91.9500,91.9506,91.9070,91.9200,23200
1474481997,91.9900,92.0100,91.9425,91.9450,12300
1474482002,91.9900,92.0000,91.9700,91.9900,18300
1474482061,91.9873,92.0120,91.9600,91.9800,13700
1474482124,91.9901,92.0100,91.9750,91.9900,13700
1474482239,92.0000,92.0100,91.9800,91.9950,33400
1474482299,91.8254,92.0000,91.8254,92.0000,92800
1474482359,91.8800,91.9300,91.8200,91.8200,36100
1474482360,91.7100,91.8700,91.7000,91.8700,88100
1474482479,91.7200,91.7652,91.7100,91.7100,16600
1474482539,91.7300,91.7400,91.7139,91.7139,14400
1474482597,91.7300,91.7800,91.7300,91.7400,21900
1474482600,91.7400,91.7700,91.7250,91.7300,16500
1474482719,91.7200,91.7700,91.7200,91.7500,27300
1474482779,91.8100,91.8300,91.7000,91.7100,32000
1474482780,91.8300,91.8450,91.7700,91.8100,59200
1474482899,91.8500,91.8891,91.8248,91.8248,19600
1474482901,91.9400,91.9550,91.8300,91.8479,23500
1474482960,91.9301,91.9550,91.8800,91.9200,20000
1474483078,91.9438,91.9700,91.9350,91.9400,22900
1474483080,91.9339,91.9500,91.8900,91.9400,30000
1474483199,91.9550,91.9950,91.9300,91.9350,30400
1474483258,91.9499,91.9700,91.9120,91.9500,16900
1474483260,91.9900,92.0100,91.9300,91.9500,37400
1474483320,92.0000,92.0100,91.9600,91.9800,28600
1474483380,91.9400,92.0000,91.9210,91.9910,13300
1474483498,91.9400,91.9868,91.9300,91.9440,16400
1474483559,92.0050,92.0050,91.9355,91.9400,24800
1474483618,91.9700,92.0100,91.9700,92.0000,26400
1474483620,91.9000,91.9800,91.9000,91.9800,17600
1474483737,91.8770,91.9400,91.8600,91.9100,31200
1474483799,91.9032,91.9300,91.8699,91.8700,14900
1474483858,91.8600,91.9100,91.8600,91.9000,28600
1474483863,91.9200,91.9200,91.8600,91.8600,9600
1474483922,91.9500,91.9700,91.9100,91.9100,18300
1474483980,91.9600,91.9700,91.9350,91.9500,19600
1474484041,91.9430,91.9600,91.9300,91.9500,14200
1474484101,91.9700,91.9900,91.9410,91.9450,14600
1474484161,92.0400,92.0400,91.9535,91.9800,35800
1474484279,92.1200,92.1400,92.0301,92.0301,38500
1474484339,92.1200,92.1200,92.0900,92.1100,32300
1474484399,92.1562,92.1700,92.1100,92.1200,29500
1474484402,92.1525,92.1800,92.1400,92.1500,33000
1474484462,92.1900,92.2000,92.1400,92.1400,74700
1474484523,92.2090,92.2100,92.1800,92.2000,37900
1474484639,92.2387,92.2400,92.2000,92.2100,45400
1474484640,92.2300,92.2711,92.2300,92.2300,25800
1474484700,92.3202,92.3202,92.2300,92.2300,38600
1474484762,92.2900,92.3200,92.2800,92.3200,17400
1474484879,92.2100,92.2890,92.2010,92.2801,22500
1474484880,92.1900,92.2060,92.1700,92.2050,34900
1474484941,92.1700,92.1990,92.1600,92.1936,15200
1474485000,92.1700,92.1800,92.1500,92.1699,16400
1474485119,92.2039,92.2200,92.1700,92.1700,30300
1474485179,92.2432,92.2600,92.2100,92.2100,15700
1474485239,92.2700,92.3000,92.2400,92.2400,22800
1474485299,92.3300,92.3300,92.2601,92.2601,13500
1474485300,92.3364,92.3600,92.3300,92.3400,22400
1474485414,92.3600,92.3800,92.3300,92.3400,26200
1474485479,92.3300,92.3700,92.3300,92.3600,17300
1474485537,92.3400,92.3564,92.3200,92.3300,15300
1474485541,92.3200,92.3400,92.3100,92.3400,17700
1474485600,92.3300,92.3400,92.2900,92.3000,20700
1474485719,92.2963,92.3322,92.2963,92.3164,18000
1474485778,92.3300,92.3300,92.2700,92.2954,15900
1474485781,92.3373,92.3500,92.2900,92.3300,27000
1474485899,92.2900,92.3400,92.2800,92.3300,15300
1474485958,92.3100,92.3200,92.2800,92.2900,15300
1474486019,92.2700,92.3300,92.2700,92.3100,21200
1474486022,92.3000,92.3200,92.2800,92.2800,16600
1474486081,92.3200,92.3300,92.3000,92.3000,13700
1474486199,92.2854,92.3200,92.2800,92.3200,23100
1474486200,92.3250,92.3400,92.2899,92.2899,16700
1474486261,92.3100,92.3400,92.3000,92.3250,30200
1474486378,92.2900,92.3250,92.2800,92.3100,16200
1474486380,92.3200,92.3200,92.2700,92.3000,20600
1474486499,92.3049,92.3300,92.3049,92.3200,14900
1474486501,92.3500,92.3500,92.3100,92.3100,28500
1474486619,92.3300,92.3500,92.3000,92.3500,32400
1474486679,92.3250,92.3400,92.3040,92.3300,29600
1474486681,92.3055,92.3350,92.2900,92.3235,30700
1474486798,92.3400,92.3500,92.3010,92.3010,30300
1474486800,92.3600,92.3800,92.3450,92.3500,41300
1474486919,92.3500,92.3800,92.3500,92.3700,26900
1474486976,92.3650,92.3750,92.3500,92.3500,15100
1474486980,92.3900,92.4300,92.3650,92.3700,44200
1474487043,92.4000,92.4000,92.3800,92.4000,15200
1474487100,92.4200,92.4400,92.3900,92.3900,34300
1474487160,92.4200,92.4300,92.4000,92.4100,25400
1474487222,92.4300,92.4400,92.4000,92.4250,33800
1474487280,92.4192,92.4350,92.4150,92.4300,17600
1474487399,92.4000,92.4200,92.3927,92.4150,34300
1474487459,92.4200,92.4350,92.3950,92.4000,48000
1474487461,92.4250,92.4400,92.4150,92.4150,37900
1474487522,92.4000,92.4400,92.4000,92.4300,36700
1474487580,92.3800,92.4000,92.3600,92.4000,45400
1474487698,92.3500,92.3900,92.3500,92.3900,48500
1474487759,92.3600,92.3900,92.3450,92.3570,43000
1474487760,92.3600,92.3700,92.3382,92.3600,38900
1474487879,92.3800,92.4000,92.3400,92.3600,40000
1474487880,92.3800,92.4100,92.3700,92.3800,39600
1474487999,92.3700,92.3900,92.3400,92.3900,149800
1474488000,92.3300,92.3300,92.3300,92.3300,200
