uri:/instrument/1.0/PFE/chartdata;type=quote;range=1d/csv
ticker:pfe
Company-Name:Pfizer, Inc. Common Stock
Exchange-Name:NYQ
unit:MIN
timezone:EDT
currency:USD
gmtoffset:-14400
previous_close:33.9400
Timestamp:1474291800,1474315200
labels:1474293600,1474297200,1474300800,1474304400,1474308000,1474311600,1474315200
values:Timestamp,close,high,low,open,volume
close:33.5950,33.9900
high:33.6135,34.0201
low:33.5900,33.9900
open:33.5950,34.0000
volume:500,483500
1474291859,33.9900,34.0201,33.9900,34.0000,454200
1474291860,33.9700,34.0000,33.9650,33.9900,24600
1474291979,33.9699,34.0000,33.9600,33.9701,31800
1474292039,33.9500,33.9800,33.9500,33.9700,139400
1474292040,33.9600,33.9600,33.9400,33.9400,16200
1474292104,33.9600,33.9750,33.9500,33.9700,34700
1474292219,33.9400,33.9700,33.9300,33.9500,28100
1474292277,33.9450,33.9700,33.9350,33.9350,483500
1474292337,33.9400,33.9500,33.9299,33.9450,26900
1474292340,33.9300,33.9700,33.9200,33.9400,39400
1474292402,33.9400,33.9500,33.9000,33.9300,115400
1474292519,33.9500,33.9600,33.9300,33.9500,40600
1474292576,33.9280,33.9500,33.9050,33.9500,49800
1474292580,33.9000,33.9300,33.9000,33.9300,42200
1474292699,33.9250,33.9300,33.8923,33.8923,167700
1474292758,33.8900,33.9350,33.8741,33.9300,112400
1474292819,33.9050,33.9100,33.8850,33.8900,30300
1474292878,33.8950,33.9200,33.8950,33.9100,89400
1474292880,33.9000,33.9150,33.8950,33.9000,81400
1474292942,33.8900,33.9100,33.8800,33.9050,69600
1474293000,33.8901,33.9100,33.8900,33.8900,70200
1474293116,33.9000,33.9100,33.8900,33.9000,80800
1474293179,33.9200,33.9300,33.9000,33.9000,94000
1474293238,33.9350,33.9400,33.9200,33.9200,30000
1474293298,33.9000,33.9350,33.9000,33.9300,44400
1474293359,33.9200,33.9200,33.8900,33.9000,108300
1474293418,33.9500,33.9500,33.9100,33.9100,49600
1474293478,33.9550,33.9600,33.9400,33.9500,51900
1474293539,33.9500,33.9600,33.9400,33.9600,109200
1474293540,33.9450,33.9500,33.9400,33.9500,17500
1474293600,33.9550,33.9600,33.9400,33.9500,74100
1474293719,33.9790,33.9800,33.9550,33.9550,67100
1474293778,33.9530,33.9850,33.9530,33.9800,86900
1474293839,33.9550,33.9600,33.9450,33.9600,71000
1474293899,33.9550,33.9600,33.9500,33.9550,70000
1474293958,33.9339,33.9600,33.9339,33.9550,101600
1474293960,33.9450,33.9550,33.9373,33.9400,68000
1474294079,33.9400,33.9400,33.9200,33.9400,45200
1474294080,33.9500,33.9500,33.9389,33.9400,32900
1474294199,33.9433,33.9500,33.9300,33.9455,112300
1474294259,33.9550,33.9600,33.9450,33.9450,37000
1474294260,33.9500,33.9550,33.9400,33.9550,144000
1474294320,33.9500,33.9500,33.9400,33.9500,40100
1474294439,33.9400,33.9498,33.9300,33.9401,66100
1474294440,33.8950,33.9500,33.8900,33.9400,52600
1474294507,33.8900,33.9100,33.8900,33.8950,51200
1474294618,33.8850,33.9000,33.8700,33.8950,62400
1474294621,33.8950,33.9000,33.8800,33.8850,68000
1474294684,33.9050,33.9100,33.8900,33.8900,18200
1474294795,33.8950,33.9100,33.8800,33.9100,72400
1474294859,33.8950,33.9000,33.8900,33.8950,23500
1474294918,33.8722,33.8992,33.8700,33.8992,35400
1474294979,33.8900,33.8900,33.8700,33.8750,30100
1474294982,33.8700,33.9000,33.8700,33.8900,124500
1474295040,33.8700,33.8800,33.8600,33.8700,54800
1474295114,33.8799,33.8800,33.8610,33.8650,18500
1474295163,33.8950,33.9000,33.8750,33.8767,27800
1474295221,33.8847,33.9000,33.8800,33.9000,26000
1474295339,33.8850,33.8900,33.8700,33.8701,19300
1474295398,33.9050,33.9100,33.8850,33.8900,39900
1474295400,33.8850,33.9100,33.8803,33.9000,91400
1474295519,33.8800,33.8900,33.8800,33.8850,6000
1474295523,33.8900,33.8900,33.8800,33.8800,13500
1474295635,33.9100,33.9200,33.8900,33.8900,43100
1474295697,33.9050,33.9100,33.9000,33.9050,6100
1474295759,33.8900,33.9100,33.8900,33.9000,46500
1474295819,33.8750,33.9000,33.8700,33.8900,32400
1474295879,33.8690,33.8800,33.8570,33.8742,25000
1474295881,33.8797,33.8800,33.8600,33.8653,24500
1474295944,33.8850,33.8900,33.8750,33.8800,13700
1474296059,33.8900,33.8900,33.8800,33.8850,9400
1474296119,33.8975,33.9000,33.8839,33.8900,19700
1474296178,33.8800,33.9000,33.8700,33.9000,64200
1474296180,33.8750,33.8800,33.8710,33.8800,8600
1474296241,33.8900,33.8900,33.8754,33.8760,16500
1474296359,33.8900,33.8900,33.8800,33.8850,18200
1474296360,33.8900,33.9000,33.8750,33.8900,49000
1474296479,33.8747,33.8800,33.8700,33.8750,18000
1474296481,33.8939,33.8950,33.8700,33.8750,14100
1474296541,33.8800,33.9000,33.8800,33.8950,33100
1474296655,33.8900,33.8900,33.8800,33.8850,4800
1474296665,33.8850,33.8900,33.8801,33.8849,12000
1474296720,33.8800,33.8900,33.8800,33.8900,10200
1474296838,33.8850,33.8900,33.8844,33.8850,31300
1474296840,33.8848,33.8900,33.8800,33.8900,13400
1474296900,33.8800,33.9000,33.8750,33.8850,114500
1474297019,33.8750,33.8800,33.8700,33.8799,16400
1474297023,33.8800,33.8900,33.8750,33.8799,60400
1474297082,33.8800,33.8900,33.8700,33.8750,40200
1474297198,33.8850,33.8900,33.8800,33.8850,20700
1474297200,33.8850,33.8900,33.8850,33.8850,12500
1474297265,33.8850,33.8900,33.8800,33.8850,8700
1474297378,33.8900,33.8900,33.8800,33.8900,8700
1474297380,33.8900,33.8900,33.8800,33.8850,16900
1474297440,33.8900,33.8900,33.8800,33.8900,6100
1474297510,33.8850,33.8900,33.8700,33.8850,33700
1474297560,33.8900,33.8900,33.8800,33.8900,13000
1474297621,33.8850,33.8900,33.8800,33.8900,15000
1474297683,33.8860,33.8900,33.8800,33.8850,10700
1474297742,33.8950,33.9000,33.8850,33.8900,39300
1474297856,33.8900,33.9000,33.8900,33.9000,23000
1474297917,33.8950,33.9000,33.8900,33.9000,8700
1474297978,33.8950,33.9000,33.8900,33.8950,22300
1474298039,33.8900,33.9000,33.8900,33.8996,18800
1474298097,33.8950,33.9000,33.8900,33.8950,17200
1474298100,33.8950,33.9000,33.8900,33.8950,17400
1474298219,33.8950,33.9050,33.8900,33.9000,83200
1474298231,33.8700,33.9000,33.8700,33.8900,73800
1474298280,33.8700,33.8800,33.8700,33.8800,29900
1474298394,33.8800,33.8900,33.8700,33.8766,20200
1474298459,33.8900,33.8900,33.8800,33.8850,12700
1474298460,33.8900,33.8900,33.8800,33.8892,9900
1474298520,33.8850,33.8900,33.8800,33.8850,30700
1474298638,33.8700,33.8900,33.8600,33.8800,34500
1474298640,33.8700,33.8800,33.8550,33.8700,42300
1474298758,33.8700,33.8800,33.8600,33.8634,29200
1474298763,33.8700,33.8850,33.8700,33.8800,41700
1474298879,33.8800,33.8900,33.8700,33.8701,43400
1474298880,33.8700,33.8800,33.8600,33.8750,24200
1474298999,33.8801,33.8801,33.8600,33.8700,10600
1474299002,33.8800,33.8899,33.8800,33.8839,4000
1474299119,33.8800,33.8850,33.8700,33.8850,19800
1474299179,33.8900,33.8900,33.8700,33.8800,74000
1474299182,33.8875,33.8900,33.8800,33.8850,19400
1474299299,33.8800,33.9000,33.8735,33.8850,182500
1474299359,33.8850,33.8900,33.8700,33.8750,30200
1474299360,33.8800,33.9000,33.8700,33.8849,124100
1474299477,33.8700,33.8800,33.8700,33.8743,9500
1474299537,33.8800,33.8800,33.8700,33.8753,3000
1474299540,33.8700,33.9000,33.8700,33.8800,99000
1474299616,33.8700,33.8800,33.8650,33.8700,26600
1474299719,33.8800,33.8800,33.8600,33.8650,11000
1474299774,33.8750,33.8800,33.8700,33.8760,21500
1474299780,33.8700,33.8800,33.8600,33.8750,29900
1474299847,33.8800,33.8800,33.8627,33.8700,37300
1474299900,33.8800,33.9000,33.8700,33.8734,139300
1474300016,33.8800,33.8800,33.8700,33.8800,9400
1474300079,33.8900,33.8900,33.8700,33.8750,28800
1474300138,33.8700,33.8900,33.8634,33.8900,46700
1474300141,33.8800,33.8800,33.8666,33.8666,14100
1474300259,33.8700,33.8900,33.8700,33.8800,65300
1474300271,33.8700,33.8700,33.8500,33.8649,43900
1474300320,33.8800,33.8800,33.8611,33.8700,12600
1474300387,33.8800,33.8800,33.8700,33.8747,7400
1474300441,33.8800,33.8800,33.8734,33.8734,7700
1474300553,33.8800,33.8800,33.8700,33.8800,11300
1474300617,33.8743,33.8800,33.8600,33.8800,32000
1474300623,33.8800,33.8800,33.8701,33.8747,7300
1474300736,33.8750,33.8800,33.8735,33.8800,6600
1474300798,33.8800,33.8800,33.8600,33.8750,33200
1474300800,33.8850,33.8900,33.8700,33.8800,31600
1474300918,33.8950,33.9000,33.8800,33.8800,38600
1474300920,33.9000,33.9000,33.8900,33.8950,8600
1474301039,33.9000,33.9000,33.8900,33.9000,10200
1474301048,33.8999,33.9000,33.8900,33.8950,8400
1474301158,33.8750,33.9000,33.8700,33.9000,81100
1474301218,33.8750,33.8800,33.8700,33.8700,7300
1474301277,33.8750,33.8800,33.8700,33.8714,5800
1474301280,33.8800,33.8800,33.8700,33.8750,13100
1474301341,33.8650,33.8800,33.8600,33.8800,28100
1474301451,33.8500,33.8650,33.8500,33.8650,43600
1474301517,33.8550,33.8600,33.8500,33.8550,9500
1474301520,33.8200,33.8600,33.8200,33.8599,67300
1474301580,33.8400,33.8400,33.8200,33.8275,68300
1474301697,33.8150,33.8400,33.8000,33.8400,88400
1474301700,33.8050,33.8150,33.8000,33.8100,95800
1474301761,33.7965,33.8100,33.7800,33.8000,93600
1474301824,33.8000,33.8200,33.8000,33.8000,15700
1474301935,33.8000,33.8000,33.7800,33.8000,24700
1474301943,33.8100,33.8100,33.7800,33.7900,21300
1474302049,33.8050,33.8100,33.7900,33.8100,55400
1474302118,33.8100,33.8100,33.8000,33.8100,6300
1474302121,33.8000,33.8100,33.7900,33.8100,14800
1474302187,33.7900,33.8000,33.7900,33.7970,5700
1474302245,33.7800,33.8000,33.7700,33.7953,99100
1474302359,33.7850,33.7850,33.7700,33.7750,12100
1474302417,33.7900,33.7900,33.7800,33.7800,16700
1474302420,33.7850,33.7900,33.7800,33.7900,18600
1474302539,33.7900,33.7900,33.7800,33.7900,4800
1474302543,33.8050,33.8200,33.7848,33.7900,41400
1474302654,33.7950,33.8060,33.7900,33.8000,13300
1474302664,33.7950,33.8000,33.7901,33.8000,17500
1474302740,33.8000,33.8000,33.7900,33.8000,5500
1474302790,33.7950,33.8000,33.7900,33.7944,4500
1474302899,33.7847,33.7999,33.7800,33.7999,13900
1474302901,33.7700,33.8000,33.7700,33.7800,24600
1474302962,33.7700,33.7800,33.7700,33.7700,13000
1474303077,33.7625,33.7799,33.7600,33.7700,38500
1474303081,33.7650,33.7800,33.7600,33.7700,20800
1474303143,33.7650,33.7700,33.7600,33.7650,9400
1474303259,33.7700,33.7700,33.7600,33.7689,17500
1474303261,33.7650,33.7700,33.7600,33.7700,15200
1474303321,33.7650,33.7753,33.7600,33.7650,31500
1474303383,33.7800,33.7800,33.7600,33.7601,13900
1474303450,33.7700,33.7700,33.7600,33.7700,27900
1474303501,33.7600,33.7700,33.7600,33.7700,9600
1474303617,33.7700,33.7700,33.7600,33.7600,9500
1474303670,33.7620,33.7700,33.7600,33.7661,5300
1474303738,33.7699,33.7700,33.7600,33.7650,9900
1474303798,33.7748,33.7800,33.7639,33.7700,26500
1474303859,33.7750,33.7800,33.7748,33.7769,2800
1474303919,33.7735,33.7800,33.7700,33.7750,8200
1474303979,33.7800,33.7800,33.7750,33.7750,22100
1474304039,33.7900,33.7900,33.7730,33.7800,17500
1474304099,33.7800,33.7900,33.7800,33.7900,7300
1474304101,33.7850,33.7900,33.7800,33.7850,8000
1474304160,33.7800,33.7900,33.7800,33.7900,13100
1474304222,33.7800,33.8000,33.7800,33.7850,48700
1474304287,33.7700,33.7900,33.7600,33.7850,56200
1474304340,33.7586,33.7700,33.7500,33.7600,35600
1474304403,33.7250,33.7550,33.7200,33.7500,80700
1474304519,33.7400,33.7400,33.7100,33.7200,82300
1474304576,33.7360,33.7400,33.7243,33.7300,21600
1474304636,33.7350,33.7400,33.7300,33.7350,6800
1474304696,33.7304,33.7400,33.7300,33.7371,11500
1474304700,33.7200,33.7400,33.7200,33.7300,30700
1474304814,33.7350,33.7450,33.7200,33.7300,65400
1474304820,33.7350,33.7400,33.7300,33.7350,18400
1474304939,33.7400,33.7400,33.7300,33.7300,6500
1474304940,33.7200,33.7400,33.7200,33.7350,58500
1474305004,33.7300,33.7300,33.7200,33.7250,22700
1474305064,33.7250,33.7300,33.7200,33.7300,6200
1474305123,33.7210,33.7300,33.7200,33.7250,5400
1474305238,33.7200,33.7300,33.7200,33.7200,16900
1474305245,33.7250,33.7300,33.7200,33.7250,9900
1474305359,33.7250,33.7300,33.7200,33.7248,12400
1474305419,33.7400,33.7400,33.7200,33.7250,30300
1474305479,33.7343,33.7450,33.7300,33.7348,45100
1474305482,33.7350,33.7400,33.7300,33.7400,11600
1474305597,33.7271,33.7400,33.7200,33.7350,21000
1474305659,33.7299,33.7300,33.7200,33.7253,7200
1474305719,33.7250,33.7300,33.7200,33.7250,22300
1474305779,33.7250,33.7300,33.7200,33.7240,5200
1474305785,33.7150,33.7300,33.7150,33.7235,25800
1474305899,33.7150,33.7200,33.7100,33.7100,20100
1474305959,33.7150,33.7200,33.7100,33.7166,9600
1474306018,33.7150,33.7200,33.7100,33.7150,29700
1474306079,33.7050,33.7350,33.6950,33.7150,124800
1474306139,33.6925,33.7050,33.6900,33.7000,84200
1474306142,33.6950,33.7050,33.6900,33.7000,13500
1474306202,33.6800,33.7000,33.6700,33.6953,95100
1474306260,33.6400,33.6850,33.6400,33.6850,61600
1474306375,33.6400,33.6600,33.6400,33.6400,48700
1474306437,33.6450,33.6500,33.6200,33.6400,55300
1474306443,33.6200,33.6500,33.6200,33.6400,23500
1474306559,33.6200,33.6300,33.6000,33.6247,79200
1474306619,33.6100,33.6300,33.6050,33.6200,52600
1474306623,33.6100,33.6300,33.6050,33.6050,42000
1474306738,33.5950,33.6135,33.5900,33.6100,27900
1474306795,33.6150,33.6200,33.5900,33.5950,40300
1474306858,33.6300,33.6300,33.6100,33.6150,31000
1474306863,33.6400,33.6400,33.6200,33.6250,23000
1474306920,33.6450,33.6500,33.6300,33.6350,20700
1474306981,33.6300,33.6500,33.6300,33.6450,19300
1474307096,33.6200,33.6399,33.6200,33.6399,14700
1474307159,33.6250,33.6250,33.6000,33.6200,41800
1474307214,33.6200,33.6300,33.6150,33.6210,17700
1474307275,33.6250,33.6300,33.6200,33.6200,7900
1474307280,33.6400,33.6450,33.6200,33.6252,39000
1474307340,33.6500,33.6500,33.6400,33.6400,10800
1474307456,33.6400,33.6500,33.6400,33.6453,9300
1474307519,33.6250,33.6400,33.6200,33.6400,49100
1474307522,33.6250,33.6300,33.6200,33.6200,19600
1474307639,33.6386,33.6400,33.6209,33.6295,19400
1474307698,33.6500,33.6550,33.6300,33.6350,45600
1474307707,33.6454,33.6500,33.6400,33.6500,10900
1474307817,33.6350,33.6500,33.6300,33.6450,22600
1474307821,33.6350,33.6400,33.6300,33.6400,7200
1474307880,33.6450,33.6550,33.6300,33.6400,69700
1474307999,33.6600,33.6600,33.6400,33.6500,22200
1474308000,33.6500,33.6600,33.6500,33.6550,18700
1474308062,33.6567,33.6700,33.6500,33.6500,35900
1474308122,33.6648,33.6700,33.6500,33.6525,18700
1474308237,33.6650,33.6700,33.6600,33.6625,6400
1474308241,33.6750,33.6800,33.6600,33.6700,28800
1474308302,33.6800,33.6800,33.6600,33.6725,29000
1474308418,33.6750,33.6790,33.6600,33.6750,25600
1474308422,33.6700,33.6800,33.6700,33.6700,18800
1474308480,33.6650,33.6799,33.6600,33.6750,19500
1474308597,33.6601,33.6700,33.6600,33.6600,4200
1474308600,33.6666,33.6700,33.6550,33.6650,60800
1474308661,33.6750,33.6762,33.6600,33.6600,14700
1474308722,33.6800,33.7000,33.6700,33.6700,47900
1474308782,33.6900,33.7000,33.6800,33.6800,16200
1474308841,33.7000,33.7000,33.6900,33.6950,16000
1474308900,33.7000,33.7000,33.6900,33.6950,10100
1474308961,33.7100,33.7200,33.6925,33.7000,46600
1474309020,33.7100,33.7100,33.7000,33.7100,25200
1474309139,33.7100,33.7200,33.7025,33.7050,32400
1474309140,33.7000,33.7100,33.6900,33.7100,25200
1474309258,33.6850,33.6900,33.6800,33.6900,23100
1474309261,33.6999,33.7100,33.6825,33.6900,42100
1474309323,33.6900,33.7000,33.6800,33.6900,28700
1474309438,33.6950,33.7000,33.6800,33.6900,13300
1474309442,33.7050,33.7150,33.6900,33.6950,25200
1474309502,33.6950,33.7050,33.6900,33.7050,18500
1474309617,33.6910,33.7000,33.6900,33.6925,8100
1474309676,33.7000,33.7000,33.6900,33.6950,8100
1474309739,33.6950,33.7000,33.6900,33.6950,7100
1474309740,33.7000,33.7000,33.6900,33.7000,21400
1474309859,33.6950,33.7100,33.6900,33.6950,40600
1474309917,33.6750,33.7000,33.6700,33.6900,38900
1474309923,33.6800,33.6800,33.6700,33.6700,7700
1474310039,33.6750,33.6800,33.6700,33.6700,5400
1474310040,33.6850,33.6900,33.6700,33.6750,28300
1474310103,33.6950,33.7050,33.6800,33.6850,59600
1474310214,33.6950,33.7000,33.6900,33.6900,5800
1474310220,33.6700,33.7000,33.6700,33.6933,59200
1474310281,33.6600,33.6760,33.6600,33.6700,27200
1474310340,33.6650,33.6700,33.6600,33.6650,31400
1474310459,33.6600,33.6699,33.6400,33.6600,151000
1474310519,33.6750,33.6765,33.6600,33.6600,34600
1474310520,33.6790,33.6800,33.6700,33.6750,7000
1474310582,33.6800,33.6800,33.6700,33.6800,11200
1474310698,33.6700,33.6800,33.6700,33.6800,44300
1474310758,33.6800,33.6800,33.6700,33.6700,15300
1474310760,33.7000,33.7000,33.6750,33.6800,31200
1474310879,33.7000,33.7100,33.6915,33.6963,45800
1474310935,33.6950,33.7000,33.6900,33.7000,11300
1474310940,33.6800,33.7000,33.6700,33.7000,20700
1474311057,33.7000,33.7000,33.6700,33.6800,21900
1474311117,33.6950,33.7000,33.6901,33.6901,7800
1474311177,33.7000,33.7100,33.6925,33.6950,26000
1474311232,33.7050,33.7100,33.7000,33.7000,5500
1474311241,33.7100,33.7100,33.7000,33.7050,9800
1474311355,33.7016,33.7100,33.7000,33.7100,15600
1474311419,33.7100,33.7100,33.7000,33.7000,36800
1474311422,33.7110,33.7200,33.7000,33.7100,27800
1474311539,33.7295,33.7300,33.7100,33.7200,17600
1474311598,33.7300,33.7300,33.7200,33.7300,16300
1474311659,33.7100,33.7300,33.7025,33.7300,47400
1474311660,33.7050,33.7100,33.7000,33.7037,9700
1474311779,33.7200,33.7200,33.7000,33.7039,22800
1474311780,33.7150,33.7300,33.7100,33.7200,40000
1474311898,33.7035,33.7185,33.7035,33.7100,34200
1474311954,33.7050,33.7100,33.7000,33.7050,12000
1474312016,33.7050,33.7100,33.7000,33.7000,8300
1474312079,33.7000,33.7100,33.7000,33.7060,18500
1474312080,33.6841,33.7050,33.6800,33.7050,55700
1474312198,33.6850,33.6900,33.6800,33.6800,46800
1474312201,33.7000,33.7000,33.6800,33.6800,25700
1474312318,33.6900,33.7100,33.6900,33.7000,46500
1474312378,33.6950,33.6998,33.6900,33.6900,15400
1474312380,33.6800,33.6999,33.6800,33.6900,44900
1474312498,33.6700,33.6850,33.6600,33.6800,37800
1474312558,33.6750,33.6750,33.6600,33.6700,33300
1474312561,33.6400,33.6750,33.6400,33.6750,49000
1474312678,33.6500,33.6500,33.6300,33.6400,46700
1474312739,33.6700,33.6700,33.6450,33.6450,51100
1474312798,33.6900,33.6900,33.6625,33.6700,54200
1474312800,33.6800,33.6900,33.6800,33.6800,51000
1474312917,33.6700,33.7000,33.6700,33.6850,41200
1474312978,33.6750,33.6899,33.6700,33.6701,32000
1474312982,33.6739,33.6800,33.6700,33.6750,18000
1474313042,33.6800,33.6900,33.6700,33.6799,29300
1474313158,33.6900,33.6900,33.6800,33.6900,23600
1474313162,33.7000,33.7000,33.6800,33.6900,26700
1474313279,33.7015,33.7200,33.6925,33.7000,42500
1474313336,33.6900,33.7100,33.6900,33.7030,27700
1474313340,33.6750,33.7000,33.6700,33.6950,27000
1474313459,33.6800,33.6800,33.6700,33.6750,22300
1474313460,33.6701,33.6850,33.6700,33.6800,64400
1474313578,33.6225,33.6750,33.6100,33.6750,125200
1474313637,33.6400,33.6500,33.6300,33.6300,43600
1474313697,33.6600,33.6600,33.6325,33.6400,46600
1474313700,33.6490,33.6600,33.6400,33.6600,41900
1474313761,33.6350,33.6500,33.6300,33.6450,82400
1474313820,33.6600,33.6600,33.6300,33.6400,47300
1474313938,33.6700,33.6700,33.6500,33.6600,48000
1474313940,33.6600,33.6700,33.6500,33.6700,26200
1474314058,33.6537,33.6600,33.6500,33.6550,40400
1474314061,33.6600,33.6600,33.6500,33.6550,40700
1474314122,33.6690,33.6700,33.6525,33.6700,45600
1474314239,33.6700,33.6800,33.6600,33.6650,79300
1474314299,33.6600,33.6800,33.6600,33.6750,20900
1474314359,33.6690,33.6700,33.6600,33.6650,34400
1474314360,33.6700,33.6700,33.6500,33.6650,83800
1474314479,33.6653,33.6700,33.6600,33.6700,28700
1474314480,33.6650,33.6700,33.6600,33.6700,43400
1474314599,33.6550,33.6650,33.6500,33.6650,78900
1474314659,33.6500,33.6600,33.6500,33.6500,74700
1474314719,33.6300,33.6600,33.6300,33.6550,109100
1474314779,33.6500,33.6500,33.6300,33.6350,98100
1474314781,33.6510,33.6600,33.6425,33.6500,42300
1474314898,33.6550,33.6600,33.6500,33.6600,77900
1474314900,33.6400,33.6700,33.6400,33.6500,156900
1474315019,33.6500,33.6500,33.6400,33.6410,105000
1474315079,33.6450,33.6500,33.6400,33.6400,112800
1474315081,33.6700,33.6700,33.6400,33.6500,196300
1474315199,33.6400,33.6700,33.6400,33.6700,341100
1474315200,33.6400,33.6400,33.6400,33.6400,500
