uri:/instrument/1.0/XLU/chartdata;type=quote;range=1d/csv
ticker:xlu
Company-Name:SPDR Select Sector Fund - Utili
Exchange-Name:PCX
unit:MIN
timezone:EDT
currency:USD
gmtoffset:-14400
previous_close:50.8100
Timestamp:1474983000,1475006400
labels:1474984800,1474988400,1474992000,1474995600,1474999200,1475002800,1475006400
values:Timestamp,close,high,low,open,volume
close:50.1000,51.2050
high:50.1100,51.2300
low:50.1000,51.1500
open:50.1000,51.2200
volume:200,322200
1474983059,51.1100,51.1200,50.9800,50.9800,189100
1474983080,51.2050,51.2300,51.1300,51.1300,88100
1474983165,51.1600,51.2300,51.1400,51.2200,40000
1474983239,51.1600,51.2200,51.1500,51.1600,34900
1474983240,51.1900,51.1900,51.1400,51.1600,33200
1474983359,51.1100,51.2000,51.1100,51.1900,56400
1474983360,51.0300,51.1100,51.0300,51.1100,22200
1474983479,51.0200,51.0400,50.9600,51.0300,47100
1474983539,51.0100,51.0300,51.0000,51.0199,21900
1474983597,50.9700,51.0100,50.9700,51.0100,17100
1474983659,51.0000,51.0434,50.9800,50.9800,46100
1474983662,51.0400,51.0500,51.0000,51.0100,17500
1474983775,51.0000,51.0400,50.9900,51.0400,26400
1474983831,50.9800,50.9900,50.9700,50.9800,9900
1474983890,50.9500,50.9900,50.9500,50.9800,20600
1474983959,50.9400,50.9600,50.9000,50.9500,34600
1474984010,50.9300,50.9400,50.9100,50.9300,17500
1474984079,50.8700,50.9400,50.8700,50.9300,21400
1474984080,50.8650,50.8800,50.8500,50.8700,28900
1474984199,50.8100,50.8600,50.8100,50.8600,19800
1474984254,50.8700,50.8700,50.7900,50.8000,49600
1474984318,50.8500,50.8700,50.8300,50.8700,15400
1474984379,50.8800,50.8800,50.8589,50.8600,31100
1474984439,50.9000,50.9100,50.8800,50.8900,14900
1474984491,50.8700,50.9000,50.8700,50.9000,49100
1474984500,50.8400,50.8700,50.8300,50.8700,20000
1474984616,50.8100,50.8500,50.8100,50.8400,7200
1474984679,50.8300,50.8600,50.8000,50.8000,62700
1474984738,50.8200,50.8300,50.8000,50.8201,20100
1474984795,50.7736,50.8101,50.7700,50.8100,26100
1474984854,50.7500,50.7700,50.7300,50.7700,69400
1474984915,50.7650,50.7650,50.7375,50.7500,18200
1474984971,50.7600,50.7650,50.7542,50.7600,3900
1474984982,50.7400,50.7800,50.7400,50.7600,27800
1474985047,50.7200,50.7500,50.7200,50.7500,13500
1474985154,50.7250,50.7300,50.7100,50.7300,28500
1474985218,50.7200,50.7250,50.7145,50.7200,9300
1474985227,50.6700,50.7100,50.6700,50.7100,14900
1474985282,50.6764,50.6800,50.6600,50.6670,18900
1474985388,50.6800,50.6900,50.6700,50.6700,24400
1474985455,50.7000,50.7000,50.6750,50.6900,39100
1474985511,50.6800,50.7000,50.6800,50.7000,2800
1474985525,50.6900,50.7000,50.6800,50.6900,85400
1474985637,50.7400,50.7400,50.6900,50.6900,29100
1474985698,50.6900,50.7400,50.6900,50.7400,34500
1474985759,50.7101,50.7200,50.6680,50.6900,63900
1474985818,50.7000,50.7200,50.7000,50.7100,9300
1474985873,50.7400,50.7500,50.7040,50.7040,13700
1474985939,50.7200,50.7400,50.7100,50.7400,13300
1474985995,50.7200,50.7250,50.7100,50.7210,15700
1474986059,50.7400,50.7500,50.7300,50.7300,9400
1474986060,50.8300,50.8300,50.7500,50.7500,64300
1474986175,50.7800,50.8200,50.7800,50.8200,19500
1474986180,50.7900,50.8000,50.7600,50.7800,13100
1474986297,50.8000,50.8050,50.7900,50.7900,18500
1474986352,50.7700,50.7900,50.7700,50.7900,8300
1474986372,50.7700,50.7800,50.7700,50.7700,9600
1474986477,50.7700,50.7750,50.7665,50.7700,10300
1474986535,50.7900,50.7900,50.7500,50.7600,9600
1474986545,50.8100,50.8100,50.7900,50.8000,12500
1474986659,50.7800,50.8300,50.7800,50.8200,15100
1474986662,50.7700,50.7834,50.7600,50.7800,50900
1474986776,50.7600,50.7700,50.7500,50.7700,9000
1474986837,50.7300,50.7650,50.7300,50.7601,15900
1474986848,50.7600,50.7600,50.7100,50.7200,15200
1474986903,50.7800,50.7800,50.7600,50.7600,1800
1474987015,50.7700,50.7800,50.7635,50.7800,11900
1474987076,50.7800,50.7800,50.7437,50.7700,16300
1474987138,50.7600,50.7800,50.7600,50.7701,10300
1474987149,50.7700,50.7700,50.7650,50.7700,1900
1474987258,50.7800,50.7900,50.7400,50.7700,14400
1474987266,50.7770,50.7800,50.7600,50.7800,10200
1474987324,50.7600,50.7800,50.7600,50.7750,11400
1474987437,50.7500,50.7600,50.7500,50.7500,10600
1474987499,50.7656,50.7800,50.7600,50.7600,7600
1474987559,50.7600,50.7700,50.7500,50.7600,5300
1474987610,50.7650,50.7700,50.7600,50.7600,6700
1474987672,50.7600,50.7700,50.7600,50.7700,3900
1474987735,50.7566,50.7650,50.7500,50.7600,10700
1474987790,50.7100,50.7500,50.7000,50.7500,17400
1474987805,50.7090,50.7100,50.7000,50.7100,13000
1474987902,50.7200,50.7300,50.7035,50.7035,4200
1474987979,50.7300,50.7450,50.7300,50.7300,5800
1474987991,50.7030,50.7300,50.7000,50.7300,6200
1474988099,50.7100,50.7143,50.7000,50.7000,2400
1474988104,50.7100,50.7100,50.7050,50.7050,4700
1474988219,50.7250,50.7300,50.7200,50.7200,2000
1474988227,50.6900,50.7250,50.6800,50.7250,23100
1474988327,50.6800,50.6900,50.6650,50.6800,18400
1474988397,50.6700,50.6850,50.6500,50.6800,78100
1474988453,50.7200,50.7250,50.6700,50.6700,60700
1474988507,50.7800,50.7800,50.7200,50.7200,42900
1474988566,50.7650,50.7800,50.7600,50.7800,22300
1474988580,50.7600,50.7649,50.7500,50.7649,11700
1474988698,50.7400,50.7600,50.7400,50.7600,18300
1474988700,50.7600,50.7600,50.7400,50.7400,47600
1474988816,50.7800,50.7850,50.7600,50.7600,36300
1474988823,50.7500,50.7750,50.7500,50.7700,41100
1474988938,50.7370,50.7450,50.7200,50.7400,15800
1474988942,50.7300,50.7450,50.7250,50.7400,11600
1474989056,50.7400,50.7400,50.7200,50.7300,4600
1474989062,50.7200,50.7438,50.7200,50.7438,10000
1474989179,50.7000,50.7150,50.7000,50.7150,16400
1474989189,50.6800,50.7035,50.6700,50.7000,18500
1474989298,50.6700,50.6850,50.6700,50.6850,5500
1474989357,50.6600,50.6750,50.6600,50.6700,16900
1474989417,50.6501,50.6600,50.6450,50.6500,15000
1474989476,50.6500,50.6600,50.6400,50.6500,27400
1474989534,50.6600,50.6600,50.6500,50.6500,5000
1474989593,50.6500,50.6700,50.6500,50.6600,23400
1474989658,50.6600,50.6600,50.6450,50.6600,39900
1474989716,50.6700,50.6700,50.6570,50.6600,4100
1474989731,50.6400,50.6700,50.6400,50.6648,8600
1474989839,50.6100,50.6400,50.6000,50.6400,18700
1474989899,50.6300,50.6300,50.6100,50.6200,13700
1474989957,50.6100,50.6300,50.6100,50.6300,5500
1474990016,50.5700,50.6100,50.5700,50.6100,58100
1474990079,50.5100,50.5650,50.5050,50.5600,76600
1474990081,50.5300,50.5400,50.5100,50.5100,59300
1474990190,50.5550,50.5600,50.5200,50.5300,69800
1474990207,50.5550,50.5700,50.5400,50.5500,62600
1474990261,50.5600,50.5650,50.5500,50.5550,34600
1474990370,50.5600,50.5600,50.5350,50.5600,49600
1474990438,50.5510,50.5600,50.5500,50.5550,11300
1474990499,50.5550,50.5700,50.5500,50.5550,74800
1474990500,50.5550,50.5600,50.5500,50.5600,17000
1474990617,50.5700,50.5700,50.5600,50.5600,18600
1474990664,50.5650,50.5700,50.5600,50.5650,10800
1474990738,50.5800,50.5800,50.5650,50.5650,11200
1474990799,50.5900,50.5900,50.5700,50.5800,13200
1474990805,50.6050,50.6099,50.5850,50.5900,46600
1474990919,50.6000,50.6100,50.6000,50.6100,22100
1474990938,50.5850,50.6100,50.5800,50.6100,38800
1474991039,50.5750,50.6000,50.5750,50.5800,29300
1474991043,50.5200,50.5790,50.5200,50.5700,51700
1474991103,50.5400,50.5400,50.5200,50.5300,42600
1474991217,50.5350,50.5600,50.5340,50.5400,30900
1474991276,50.5337,50.5366,50.5300,50.5300,2400
1474991339,50.5300,50.5400,50.5225,50.5350,32600
1474991393,50.5100,50.5350,50.5100,50.5300,20700
1474991454,50.5100,50.5200,50.5038,50.5100,22200
1474991464,50.5100,50.5200,50.5000,50.5150,37500
1474991520,50.5050,50.5100,50.4900,50.5095,55200
1474991633,50.4800,50.5050,50.4800,50.5050,27500
1474991645,50.5000,50.5000,50.4800,50.4900,15700
1474991757,50.5000,50.5000,50.4950,50.5000,18700
1474991762,50.4900,50.5000,50.4800,50.4950,12400
1474991879,50.5150,50.5200,50.4750,50.4850,58000
1474991937,50.5400,50.5400,50.5050,50.5150,48300
1474991994,50.5500,50.5500,50.5400,50.5500,1500
1474992049,50.5500,50.5500,50.5350,50.5500,6100
1474992063,50.5700,50.5800,50.5450,50.5450,86300
1474992179,50.6100,50.6100,50.5700,50.5700,103000
1474992239,50.6100,50.6100,50.6100,50.6100,17100
1474992264,50.6100,50.6100,50.6000,50.6050,42800
1474992354,50.6200,50.6200,50.6050,50.6100,40400
1474992372,50.6100,50.6200,50.6000,50.6150,17300
1474992456,50.6100,50.6100,50.5950,50.6050,11600
1474992538,50.6300,50.6400,50.6021,50.6021,33400
1474992597,50.6200,50.6250,50.6148,50.6200,15500
1474992659,50.6300,50.6400,50.6143,50.6200,7100
1474992714,50.6200,50.6300,50.6100,50.6300,25400
1474992769,50.6200,50.6350,50.6200,50.6200,75500
1474992821,50.6180,50.6200,50.6100,50.6100,16200
1474992893,50.6050,50.6100,50.5950,50.6100,16500
1474992959,50.6000,50.6200,50.6000,50.6000,50800
1474992962,50.6100,50.6200,50.6000,50.6063,46300
1474993079,50.6200,50.6200,50.6100,50.6100,15900
1474993137,50.6200,50.6300,50.6200,50.6200,21100
1474993189,50.6350,50.6400,50.6250,50.6300,30600
1474993248,50.6400,50.6400,50.6100,50.6300,51900
1474993317,50.6700,50.6700,50.6400,50.6400,180800
1474993378,50.6700,50.6750,50.6550,50.6700,100700
1474993380,50.7100,50.7250,50.6700,50.6700,47500
1474993469,50.7100,50.7200,50.7100,50.7200,33600
1474993555,50.7100,50.7200,50.7100,50.7100,6900
1474993619,50.7100,50.7200,50.7021,50.7100,18500
1474993672,50.7100,50.7100,50.7100,50.7100,4600
1474993732,50.6800,50.7050,50.6700,50.7050,43100
1474993785,50.6900,50.6900,50.6800,50.6800,2700
1474993800,50.6900,50.7000,50.6800,50.6900,22800
1474993860,50.7000,50.7000,50.6900,50.6900,11000
1474993926,50.6800,50.7000,50.6800,50.6908,10100
1474993990,50.6800,50.6800,50.6750,50.6750,19700
1474994040,50.6750,50.6800,50.6720,50.6800,15300
1474994101,50.6700,50.6800,50.6700,50.6800,14000
1474994217,50.6700,50.6700,50.6600,50.6700,35000
1474994279,50.6750,50.6800,50.6700,50.6700,13200
1474994339,50.6600,50.6750,50.6550,50.6750,21700
1474994398,50.6600,50.6600,50.6562,50.6600,8600
1474994447,50.6400,50.6610,50.6366,50.6600,19200
1474994511,50.6500,50.6600,50.6448,50.6448,9300
1474994573,50.6500,50.6500,50.6450,50.6500,4200
1474994634,50.6600,50.6600,50.6500,50.6500,11400
1474994642,50.6500,50.6550,50.6410,50.6537,16900
1474994700,50.6600,50.6600,50.6500,50.6500,6900
1474994801,50.6500,50.6600,50.6500,50.6600,6100
1474994833,50.6499,50.6500,50.6450,50.6500,21600
1474994936,50.6500,50.6500,50.6450,50.6500,6700
1474994999,50.6350,50.6500,50.6350,50.6500,9500
1474995002,50.6400,50.6400,50.6350,50.6350,12000
1474995107,50.6300,50.6400,50.6300,50.6400,12400
1474995178,50.6100,50.6270,50.6100,50.6250,11500
1474995238,50.6200,50.6200,50.5950,50.6050,24700
1474995299,50.6250,50.6400,50.6201,50.6300,6800
1474995352,50.6300,50.6400,50.6250,50.6250,27700
1474995370,50.6350,50.6400,50.6300,50.6400,5400
1474995479,50.6400,50.6400,50.6300,50.6350,13200
1474995538,50.6400,50.6400,50.6300,50.6400,16300
1474995540,50.6400,50.6500,50.6400,50.6400,8600
1474995659,50.6200,50.6400,50.6150,50.6400,11000
1474995717,50.6200,50.6250,50.6200,50.6200,9600
1474995776,50.6150,50.6250,50.6100,50.6200,7400
1474995830,50.6300,50.6300,50.6150,50.6150,13300
1474995897,50.6200,50.6300,50.6200,50.6300,3800
1474995905,50.6250,50.6300,50.6200,50.6200,10100
1474996010,50.6050,50.6300,50.6000,50.6200,43700
1474996079,50.5750,50.6100,50.5700,50.6000,30400
1474996138,50.5610,50.5810,50.5610,50.5700,22500
1474996142,50.5700,50.5700,50.5600,50.5700,8900
1474996251,50.5700,50.5700,50.5650,50.5700,5800
1474996311,50.5500,50.5700,50.5500,50.5700,14400
1474996370,50.5400,50.5499,50.5400,50.5499,7000
1474996381,50.5361,50.5500,50.5350,50.5350,11100
1474996494,50.5250,50.5400,50.5250,50.5364,7200
1474996556,50.5250,50.5300,50.5200,50.5250,20300
1474996567,50.5400,50.5400,50.5300,50.5300,12500
1474996632,50.5100,50.5350,50.5100,50.5300,10800
1474996685,50.5100,50.5100,50.4838,50.5000,17100
1474996753,50.5110,50.5110,50.4900,50.5000,37000
1474996853,50.5300,50.5300,50.5200,50.5200,13600
1474996862,50.5300,50.5300,50.5200,50.5250,5900
1474996979,50.5050,50.5300,50.5050,50.5250,8900
1474997028,50.5100,50.5100,50.5000,50.5100,18700
1474997096,50.5101,50.5200,50.5100,50.5100,14600
1474997102,50.5300,50.5300,50.5148,50.5200,14300
1474997216,50.5500,50.5500,50.5300,50.5300,11300
1474997279,50.5700,50.5800,50.5600,50.5600,15200
1474997339,50.5850,50.5900,50.5650,50.5650,2900
1474997340,50.5899,50.6000,50.5800,50.5900,38500
1474997456,50.5800,50.5900,50.5800,50.5900,42200
1474997518,50.5400,50.5750,50.5350,50.5700,9300
1474997525,50.5350,50.5500,50.5350,50.5400,9000
1474997583,50.5350,50.5500,50.5300,50.5400,32500
1474997698,50.5100,50.5400,50.5000,50.5400,49100
1474997700,50.5400,50.5400,50.5200,50.5200,9500
1474997816,50.5650,50.5650,50.5400,50.5400,14300
1474997821,50.5500,50.5600,50.5500,50.5600,6400
1474997903,50.5300,50.5456,50.5200,50.5450,8800
1474997948,50.5250,50.5300,50.5200,50.5300,17000
1474998005,50.5266,50.5266,50.5200,50.5200,400
1474998079,50.5400,50.5400,50.5200,50.5200,7400
1474998123,50.5000,50.5400,50.5000,50.5400,15200
1474998236,50.5000,50.5100,50.5000,50.5100,7900
1474998299,50.4900,50.5050,50.4900,50.5050,9300
1474998326,50.4900,50.4950,50.4863,50.4863,13800
1474998370,50.4900,50.5000,50.4850,50.4850,13200
1474998420,50.4800,50.4850,50.4700,50.4850,8200
1474998517,50.4800,50.4800,50.4763,50.4763,4000
1474998553,50.4400,50.4800,50.4300,50.4800,25600
1474998648,50.4700,50.4700,50.4350,50.4400,22600
1474998715,50.4400,50.4700,50.4400,50.4700,14600
1474998725,50.4450,50.4500,50.4400,50.4400,9800
1474998838,50.4400,50.4500,50.4350,50.4500,7500
1474998847,50.4200,50.4300,50.4200,50.4300,16400
1474998951,50.4150,50.4200,50.4150,50.4200,6500
1474998962,50.3900,50.4100,50.3750,50.4100,42300
1474999022,50.3900,50.3900,50.3800,50.3900,14000
1474999139,50.3800,50.3900,50.3800,50.3800,12300
1474999199,50.3900,50.3900,50.3750,50.3800,6000
1474999253,50.3600,50.3900,50.3600,50.3900,21600
1474999316,50.3800,50.3800,50.3650,50.3700,8300
1474999321,50.3750,50.3800,50.3700,50.3700,3700
1474999380,50.3450,50.3700,50.3400,50.3700,18900
1474999443,50.3600,50.3700,50.3400,50.3500,13800
1474999507,50.3700,50.3800,50.3600,50.3600,6400
1474999618,50.3900,50.3900,50.3600,50.3600,10300
1474999679,50.3800,50.3900,50.3800,50.3800,10700
1474999737,50.3900,50.4000,50.3850,50.3900,75400
1474999744,50.3500,50.3900,50.3450,50.3850,16000
1474999859,50.3600,50.3600,50.3400,50.3400,8900
1474999917,50.4100,50.4100,50.3600,50.3700,16900
1474999972,50.4000,50.4200,50.4000,50.4100,10600
1475000018,50.4300,50.4300,50.4099,50.4100,21800
1475000099,50.4100,50.4300,50.4050,50.4300,15600
1475000150,50.4100,50.4200,50.4050,50.4100,14000
1475000219,50.4050,50.4100,50.4000,50.4100,20800
1475000279,50.3850,50.4100,50.3850,50.4050,12800
1475000281,50.3900,50.4000,50.3850,50.3900,11700
1475000397,50.4200,50.4200,50.3950,50.4000,17800
1475000459,50.4150,50.4200,50.4100,50.4200,9100
1475000461,50.4250,50.4300,50.4150,50.4200,15400
1475000529,50.4200,50.4300,50.4100,50.4250,22000
1475000639,50.4146,50.4300,50.4146,50.4200,23200
1475000698,50.3900,50.4200,50.3900,50.4150,23500
1475000755,50.3900,50.4000,50.3800,50.3900,67600
1475000812,50.3750,50.3900,50.3700,50.3900,12800
1475000872,50.3900,50.3900,50.3750,50.3800,21100
1475000883,50.3900,50.3974,50.3850,50.3850,15100
1475000995,50.3800,50.3900,50.3800,50.3850,16600
1475001003,50.3680,50.3800,50.3650,50.3750,21500
1475001101,50.3500,50.3800,50.3500,50.3700,22100
1475001122,50.3650,50.3800,50.3550,50.3600,25400
1475001235,50.3750,50.3800,50.3700,50.3700,4100
1475001294,50.3800,50.3800,50.3700,50.3750,2600
1475001300,50.3800,50.3800,50.3700,50.3800,17200
1475001417,50.3800,50.3800,50.3700,50.3800,16100
1475001469,50.3550,50.3800,50.3500,50.3750,32500
1475001481,50.3550,50.3600,50.3500,50.3550,17400
1475001541,50.3200,50.3550,50.3200,50.3550,39800
1475001659,50.3250,50.3350,50.3200,50.3300,31200
1475001719,50.3200,50.3300,50.3200,50.3300,1800
1475001720,50.3000,50.3250,50.2900,50.3200,47600
1475001790,50.2900,50.3050,50.2800,50.3000,59500
1475001894,50.2850,50.2900,50.2800,50.2900,16200
1475001953,50.2900,50.3000,50.2850,50.2850,19900
1475002014,50.2950,50.3100,50.2950,50.3000,11800
1475002073,50.2800,50.3000,50.2800,50.3000,16900
1475002124,50.2500,50.2850,50.2500,50.2850,22900
1475002191,50.2700,50.2700,50.2500,50.2600,20600
1475002259,50.2500,50.2700,50.2450,50.2700,21700
1475002260,50.2300,50.2500,50.2100,50.2500,78600
1475002366,50.2350,50.2500,50.2350,50.2400,4300
1475002387,50.2350,50.2400,50.2300,50.2400,17800
1475002451,50.2315,50.2450,50.2300,50.2300,29800
1475002551,50.2400,50.2600,50.2400,50.2400,12200
1475002618,50.2600,50.2600,50.2400,50.2400,27500
1475002679,50.2950,50.3000,50.2600,50.2700,16300
1475002737,50.2850,50.3000,50.2800,50.3000,24900
1475002740,50.2600,50.2900,50.2600,50.2850,16500
1475002802,50.2700,50.2800,50.2600,50.2650,16800
1475002869,50.2650,50.2750,50.2600,50.2750,9200
1475002978,50.2650,50.2700,50.2550,50.2600,18500
1475003031,50.2600,50.2650,50.2550,50.2650,16800
1475003094,50.2700,50.2700,50.2500,50.2600,25100
1475003101,50.2500,50.2700,50.2400,50.2670,19000
1475003219,50.2500,50.2600,50.2400,50.2499,24800
1475003276,50.2600,50.2650,50.2500,50.2600,8700
1475003339,50.2450,50.2600,50.2400,50.2600,11400
1475003396,50.2250,50.2500,50.2200,50.2500,13700
1475003459,50.2300,50.2300,50.2200,50.2250,22600
1475003516,50.2150,50.2300,50.2100,50.2300,17100
1475003578,50.1900,50.2152,50.1850,50.2150,48500
1475003639,50.1750,50.1900,50.1700,50.1850,19200
1475003698,50.1700,50.1764,50.1500,50.1700,61900
1475003700,50.2200,50.2200,50.1600,50.1700,31400
1475003818,50.2000,50.2300,50.1900,50.2200,27900
1475003878,50.2050,50.2100,50.1931,50.2000,28700
1475003931,50.2150,50.2200,50.2000,50.2050,37600
1475003990,50.2100,50.2200,50.2050,50.2150,25800
1475004059,50.1950,50.2199,50.1900,50.2100,30500
1475004114,50.1700,50.1900,50.1700,50.1900,42300
1475004127,50.1700,50.1800,50.1700,50.1800,17000
1475004236,50.1450,50.1650,50.1450,50.1650,23600
1475004295,50.1350,50.1500,50.1300,50.1400,47700
1475004356,50.1750,50.1800,50.1310,50.1400,47500
1475004361,50.1800,50.1800,50.1700,50.1700,12800
1475004478,50.1800,50.1900,50.1750,50.1800,18200
1475004480,50.1800,50.1850,50.1600,50.1800,18000
1475004543,50.1900,50.1900,50.1700,50.1700,13100
1475004659,50.1450,50.1950,50.1400,50.1900,49500
1475004714,50.1650,50.1700,50.1350,50.1400,27000
1475004778,50.1600,50.1700,50.1500,50.1600,39500
1475004785,50.1350,50.1700,50.1350,50.1550,144400
1475004897,50.1600,50.1600,50.1300,50.1300,35400
1475004959,50.1700,50.1950,50.1600,50.1600,50600
1475005019,50.1500,50.1800,50.1400,50.1700,68600
1475005077,50.1500,50.1500,50.1350,50.1450,44900
1475005139,50.1550,50.1600,50.1400,50.1500,45200
1475005199,50.2150,50.2200,50.1550,50.1550,26300
1475005259,50.2050,50.2150,50.2000,50.2100,40500
1475005319,50.1950,50.2050,50.1900,50.2050,33200
1475005377,50.2050,50.2100,50.1900,50.1950,56100
1475005439,50.1550,50.2200,50.1550,50.2050,114000
1475005499,50.1700,50.1715,50.1500,50.1600,98900
1475005557,50.1600,50.1800,50.1600,50.1700,28000
1475005617,50.1650,50.1700,50.1600,50.1600,28900
1475005678,50.1331,50.1700,50.1300,50.1650,55600
1475005738,50.1250,50.1400,50.1200,50.1300,58400
1475005799,50.1100,50.1300,50.1100,50.1200,44700
1475005858,50.1200,50.1200,50.1100,50.1150,51400
1475005919,50.1100,50.1200,50.1100,50.1200,93900
1475005979,50.1000,50.1200,50.1000,50.1200,79700
1475006039,50.1000,50.1100,50.1000,50.1050,52000
1475006093,50.1450,50.1500,50.1000,50.1000,155700
1475006159,50.1500,50.1550,50.1400,50.1500,119500
1475006160,50.1450,50.1500,50.1400,50.1400,119200
1475006279,50.1350,50.1500,50.1300,50.1400,132700
1475006280,50.1350,50.1400,50.1200,50.1300,322200
1475006399,50.1800,50.1800,50.1300,50.1399,240800
1475006400,50.1800,50.1800,50.1800,50.1800,200
