uri:/instrument/1.0/Y/chartdata;type=quote;range=1d/csv
ticker:y
Company-Name:Alleghany Corporation Common St
Exchange-Name:NYQ
unit:MIN
timezone:EDT
currency:USD
gmtoffset:-14400
previous_close:522.0100
Timestamp:1474464600,1474488000
labels:1474466400,1474470000,1474473600,1474477200,1474480800,1474484400,1474488000
values:Timestamp,close,high,low,open,volume
close:518.7201,528.8000
high:518.7201,529.6200
low:518.7201,528.7800
open:518.7201,529.6200
volume:100,2400
1474465658,527.0050,529.5900,527.0050,529.5900,900
1474465890,527.5900,527.5900,527.5900,527.5900,100
1474466186,526.8500,526.9000,526.8500,526.8900,600
1474466717,526.3250,526.5400,525.7800,526.5400,1400
1474468038,526.0000,526.0000,526.0000,526.0000,300
1474468177,525.8000,525.8000,525.8000,525.8000,300
1474468308,526.0000,526.2800,526.0000,526.2800,300
1474468415,526.1665,526.3800,526.1000,526.3000,900
1474468615,526.0300,526.8500,526.0000,526.4400,1300
1474468705,526.9900,526.9900,526.9900,526.9900,200
1474469099,526.0800,526.0800,526.0800,526.0800,200
1474469208,526.0700,526.0700,526.0700,526.0700,400
1474469298,526.0000,526.0000,526.0000,526.0000,100
1474469570,526.2600,526.2600,526.2600,526.2600,100
1474471628,527.1100,527.1100,527.1100,527.1100,100
1474471882,525.0200,525.0200,524.9200,524.9200,300
1474471964,528.2400,528.2400,525.6050,526.0600,600
1474471981,526.0453,526.0453,525.9550,526.0000,300
1474472178,525.2500,525.2500,525.1500,525.1500,800
1474472628,525.6600,525.6600,525.6600,525.6600,500
1474473333,523.7500,523.7500,523.7500,523.7500,100
1474473526,525.0100,525.0100,525.0100,525.0100,100
1474474527,524.0100,524.0100,524.0100,524.0100,200
1474474607,522.7600,523.4400,522.5200,523.4400,1100
1474474759,522.5200,522.5400,522.5200,522.5400,200
1474475274,523.2300,523.9000,523.2300,523.9000,400
1474475466,523.2600,523.9400,523.2600,523.6500,700
1474475904,523.2001,523.3200,523.2001,523.3200,900
1474476410,523.1800,523.1800,523.0600,523.0600,500
1474476584,523.0600,523.0600,523.0600,523.0600,200
1474476620,523.0600,523.0600,523.0600,523.0600,200
1474477506,523.8700,523.8700,523.8700,523.8700,100
1474477607,523.3500,523.3500,523.3500,523.3500,100
1474477676,523.4200,523.4200,523.4200,523.4200,100
1474478258,523.3000,523.3500,523.3000,523.3500,500
1474478870,522.8900,522.8900,522.8900,522.8900,100
1474479727,521.1300,522.6200,521.1300,522.6200,600
1474480672,522.6100,522.6100,522.4000,522.4000,1200
1474480870,523.0600,523.0600,523.0600,523.0600,700
1474481336,523.0600,523.0600,523.0600,523.0600,200
1474481568,523.1500,523.1500,523.0600,523.0600,500
1474481699,523.4100,523.4100,523.3600,523.4000,500
1474482210,522.0000,522.0000,521.9500,521.9500,200
1474482489,518.7201,518.7201,518.7201,518.7201,200
1474483350,521.0300,521.0300,521.0300,521.0300,100
1474483425,523.0500,523.0500,522.0000,522.0000,700
1474483445,523.0200,523.0400,522.6400,522.6400,1000
1474483664,522.9000,522.9000,522.9000,522.9000,400
1474483681,522.9700,522.9700,522.9700,522.9700,300
1474483803,523.3200,523.9999,523.3200,523.9999,200
1474484142,523.4800,523.4800,523.3500,523.3500,400
1474484176,523.5000,523.6700,523.4900,523.6700,300
1474484402,524.5500,524.5500,524.4835,524.5100,400
1474484501,523.9600,524.0100,523.9600,524.0100,400
1474484560,522.9300,522.9300,522.9300,522.9300,100
1474484615,523.8600,523.8600,523.0500,523.0500,400
1474484670,523.9900,523.9900,523.9900,523.9900,100
1474485003,524.1600,524.1600,523.5600,523.7000,1100
1474485319,525.0100,525.0100,525.0100,525.0100,100
1474485464,525.9900,525.9900,525.9900,525.9900,200
1474485527,525.8000,525.8000,525.8000,525.8000,700
1474485771,524.6700,524.6700,524.6700,524.6700,200
1474485803,524.6700,524.8000,524.2250,524.8000,800
1474486190,525.1500,525.1500,525.1500,525.1500,400
1474486293,524.9900,525.5000,524.9900,525.5000,400
1474486342,524.5000,525.2700,523.9700,525.2700,1500
1474486513,525.4100,525.4100,525.4100,525.4100,300
1474486915,525.4800,525.4800,525.4800,525.4800,600
1474486997,524.9940,526.9000,524.8800,525.9900,2400
1474487092,527.1655,527.2800,525.6600,525.6600,1500
1474487132,525.7000,527.1000,525.7000,527.1000,500
1474487176,527.0100,527.1100,527.0055,527.1100,800
1474487288,527.0000,527.0000,526.9999,526.9999,400
1474487341,528.8000,528.8000,526.3450,527.0000,1100
1474487504,527.6200,527.6200,527.6200,527.6200,200
1474487530,528.0000,529.6200,528.0000,529.6200,300
1474487590,527.3900,527.9900,527.2800,527.9900,800
1474487672,528.7800,528.7800,528.7800,528.7800,500
1474487865,527.6900,528.4300,527.1100,527.2700,1300
1474487889,526.6100,528.1100,526.6100,528.1100,800
1474487970,527.5000,527.8200,526.6800,526.6800,2000
1474488000,527.8000,527.8000,527.8000,527.8000,100
