uri:/instrument/1.0/AVY/chartdata;type=quote;range=1d/csv
ticker:avy
Company-Name:Avery Dennison Corporation Comm
Exchange-Name:NYQ
unit:MIN
timezone:EDT
currency:USD
gmtoffset:-14400
previous_close:78.3100
Timestamp:1475155800,1475179200
labels:1475157600,1475161200,1475164800,1475168400,1475172000,1475175600,1475179200
values:Timestamp,close,high,low,open,volume
close:76.9900,78.2800
high:76.9900,78.2800
low:76.9600,78.2800
open:76.9800,78.2800
volume:100,8500
1475156044,78.0000,78.0000,78.0000,78.0000,4300
1475156197,77.9600,77.9600,77.9600,77.9600,100
1475156315,77.9000,77.9000,77.9000,77.9000,900
1475156419,77.9100,77.9200,77.9000,77.9200,500
1475156471,77.9500,77.9500,77.9500,77.9500,100
1475156572,77.9100,77.9300,77.9100,77.9300,300
1475156612,77.9400,77.9400,77.9400,77.9400,500
1475156684,77.9200,77.9300,77.9200,77.9300,400
1475156759,78.0200,78.0300,77.9600,77.9600,900
1475156765,78.0333,78.0333,78.0000,78.0200,800
1475156874,78.0600,78.0600,78.0600,78.0600,100
1475156902,78.0300,78.0300,78.0300,78.0300,100
1475156989,78.0400,78.0400,78.0400,78.0400,200
1475157050,78.0500,78.0500,78.0500,78.0500,400
1475157100,78.0000,78.0500,78.0000,78.0500,300
1475157147,78.0400,78.0400,78.0000,78.0000,900
1475157244,78.0900,78.1100,78.0900,78.1040,800
1475157381,78.1000,78.1000,78.1000,78.1000,300
1475157538,78.0700,78.1100,78.0700,78.1100,400
1475157564,78.0600,78.1500,78.0600,78.1500,700
1475157638,78.1300,78.1300,78.0600,78.0600,1400
1475157771,78.2800,78.2800,78.2800,78.2800,500
1475157848,78.2200,78.2300,78.2200,78.2300,600
1475157955,78.2200,78.2500,78.2200,78.2400,400
1475158009,78.0901,78.0901,78.0901,78.0901,800
1475158044,78.1300,78.1300,78.1300,78.1300,600
1475158119,78.0300,78.0300,78.0300,78.0300,300
1475158181,78.0050,78.0050,77.9900,77.9900,1300
1475158416,77.9900,78.0000,77.9750,78.0000,1200
1475158471,77.9200,77.9700,77.9200,77.9700,700
1475158500,77.8700,77.9105,77.8400,77.9105,800
1475158583,77.8800,77.8800,77.8800,77.8800,500
1475158716,77.8800,77.8800,77.8500,77.8500,1300
1475158807,77.9250,77.9250,77.9250,77.9250,1000
1475158937,78.0000,78.0000,78.0000,78.0000,500
1475159056,77.9300,77.9300,77.9100,77.9300,1100
1475159144,77.9600,77.9600,77.9600,77.9600,1300
1475159291,77.9900,77.9900,77.9700,77.9700,400
1475159382,78.0000,78.0000,77.9600,77.9600,800
1475159404,77.9450,77.9500,77.9300,77.9500,400
1475159495,77.9800,77.9800,77.9800,77.9800,100
1475159555,77.9300,77.9800,77.9300,77.9800,600
1475159665,77.9600,77.9600,77.9500,77.9500,1900
1475159866,77.9600,77.9600,77.9500,77.9500,700
1475159964,77.9500,77.9500,77.9500,77.9500,100
1475160056,77.9900,77.9900,77.9800,77.9833,300
1475160062,77.9500,77.9800,77.9500,77.9800,900
1475160120,77.9000,77.9300,77.9000,77.9300,600
1475160227,77.9050,77.9050,77.9050,77.9050,100
1475160283,77.8800,77.8800,77.8800,77.8800,100
1475160304,77.8800,77.8800,77.8800,77.8800,500
1475160423,77.9100,77.9100,77.8700,77.8900,1600
1475160574,77.9100,77.9100,77.9100,77.9100,200
1475160659,77.8950,77.9000,77.8850,77.8850,1100
1475160669,77.9600,77.9600,77.8950,77.8950,900
1475160816,77.9500,77.9550,77.9500,77.9550,200
1475160882,77.9900,77.9900,77.9900,77.9900,100
1475160922,78.0200,78.0400,77.9900,77.9900,400
1475161000,78.0000,78.0000,78.0000,78.0000,600
1475161049,77.9700,77.9700,77.9700,77.9700,100
1475161128,77.9700,77.9700,77.9700,77.9700,300
1475161140,77.9250,77.9500,77.9200,77.9500,1000
1475161215,77.8750,77.8750,77.8750,77.8750,500
1475161322,77.8500,77.8500,77.8500,77.8500,100
1475161431,77.8600,77.8700,77.8400,77.8400,1800
1475161464,77.8300,77.8300,77.8300,77.8300,1200
1475161504,77.8000,77.8000,77.8000,77.8000,600
1475161586,77.7700,77.8100,77.7700,77.8100,1200
1475161645,77.7200,77.7200,77.7200,77.7200,700
1475161729,77.7450,77.7450,77.7450,77.7450,100
1475161741,77.7600,77.7600,77.7600,77.7600,200
1475161814,77.7300,77.7500,77.7300,77.7500,1600
1475161946,77.6950,77.7000,77.6800,77.6800,3500
1475162051,77.7320,77.7500,77.7100,77.7100,1400
1475162105,77.7600,77.7600,77.7600,77.7600,300
1475162281,77.7700,77.8000,77.7700,77.7800,1200
1475162358,77.7900,77.8005,77.7900,77.8005,400
1475162510,77.8000,77.8000,77.8000,77.8000,200
1475162571,77.8300,77.8300,77.8100,77.8100,400
1475162582,77.8500,77.8500,77.8500,77.8500,100
1475162677,77.8100,77.8100,77.8100,77.8100,800
1475162809,77.8100,77.8100,77.8100,77.8100,100
1475162855,77.8200,77.8300,77.8100,77.8300,600
1475162882,77.8400,77.8400,77.8050,77.8050,900
1475163137,77.8900,77.8900,77.8401,77.8401,700
1475163371,77.8630,77.8630,77.8630,77.8630,400
1475163471,77.9100,77.9100,77.8900,77.9000,900
1475163712,77.8800,77.9100,77.8800,77.9100,200
1475163809,77.8900,77.8950,77.8900,77.8950,400
1475163841,77.8800,77.8900,77.8800,77.8900,900
1475164039,77.7900,77.7900,77.7900,77.7900,500
1475164144,77.8300,77.8300,77.8300,77.8300,800
1475164242,77.8200,77.8300,77.8200,77.8300,500
1475164290,77.8200,77.8200,77.8200,77.8200,100
1475164355,77.8100,77.8100,77.8100,77.8100,100
1475164382,77.8400,77.8400,77.8179,77.8179,1000
1475164531,77.8500,77.8500,77.8500,77.8500,100
1475164671,77.8400,77.8500,77.8400,77.8400,700
1475164739,77.7900,77.8300,77.7900,77.8300,1200
1475164761,77.7600,77.7800,77.7600,77.7800,600
1475164820,77.7450,77.7500,77.7450,77.7500,700
1475164974,77.7500,77.7500,77.7500,77.7500,400
1475165053,77.7100,77.7350,77.7100,77.7350,1900
1475165195,77.7650,77.7700,77.7400,77.7400,1500
1475165250,77.7900,77.8100,77.7900,77.8100,1000
1475165411,77.8200,77.8200,77.8200,77.8200,200
1475165526,77.8000,77.8200,77.7900,77.8200,1200
1475165591,77.8400,77.8600,77.8300,77.8300,600
1475165695,77.8500,77.8600,77.8500,77.8600,200
1475165808,77.8400,77.8400,77.8400,77.8400,100
1475165836,77.8100,77.8300,77.8100,77.8300,600
1475166126,77.8200,77.8200,77.7900,77.7900,2100
1475166212,77.8400,77.8400,77.8200,77.8300,400
1475166294,77.8501,77.8601,77.8501,77.8600,600
1475166307,77.8650,77.8800,77.8650,77.8800,300
1475166410,77.8900,77.8900,77.8900,77.8900,600
1475166472,77.9100,77.9300,77.9100,77.9200,800
1475166491,77.8700,77.8700,77.8700,77.8700,500
1475166696,77.8500,77.8500,77.8500,77.8500,100
1475166807,77.8100,77.8500,77.8100,77.8500,1200
1475166947,77.7600,77.7600,77.7600,77.7600,200
1475166977,77.7400,77.7600,77.7400,77.7600,200
1475167031,77.6900,77.7500,77.6700,77.7300,6400
1475167172,77.6100,77.7000,77.6100,77.6850,6100
1475167232,77.6000,77.6250,77.5900,77.6000,1400
1475167265,77.6100,77.6100,77.5900,77.5900,800
1475167346,77.6150,77.6150,77.6150,77.6150,100
1475167431,77.5900,77.6000,77.5900,77.6000,800
1475167498,77.6000,77.6000,77.5750,77.5900,1100
1475167550,77.5392,77.5392,77.5392,77.5392,200
1475167608,77.4700,77.5320,77.4600,77.5300,2800
1475167695,77.4400,77.4400,77.4100,77.4400,2300
1475167777,77.3600,77.3900,77.3600,77.3900,1000
1475167806,77.1900,77.3000,77.1900,77.3000,4900
1475167863,77.1700,77.2400,77.1700,77.2400,2700
1475167973,77.0900,77.0900,77.0800,77.0900,900
1475168016,77.1700,77.1700,77.1300,77.1500,400
1475168049,77.0900,77.1950,77.0900,77.1950,2000
1475168116,77.1650,77.1900,77.1550,77.1900,400
1475168176,77.1350,77.1850,77.1350,77.1850,800
1475168457,77.0500,77.1500,77.0500,77.1500,1200
1475168478,77.0600,77.1000,77.0600,77.0700,2900
1475168535,77.0400,77.0500,77.0400,77.0500,1600
1475168614,77.0600,77.0600,76.9600,76.9900,2200
1475168653,77.0800,77.0800,77.0800,77.0800,700
1475168787,77.0800,77.0800,77.0300,77.0400,300
1475168844,77.1100,77.1100,77.0800,77.0900,700
1475168901,77.1100,77.1200,77.1100,77.1200,500
1475169013,77.2700,77.2700,77.1100,77.1100,1800
1475169090,77.2600,77.3050,77.2600,77.3000,1000
1475169175,77.2475,77.2500,77.2475,77.2500,500
1475169238,77.2600,77.2600,77.2600,77.2600,300
1475169256,77.2000,77.2500,77.1900,77.2500,1400
1475169328,77.1700,77.2300,77.1700,77.2300,500
1475169393,77.2600,77.2600,77.2400,77.2500,800
1475169458,77.2000,77.2000,77.2000,77.2000,100
1475169541,77.2000,77.2000,77.1900,77.2000,800
1475169637,77.2350,77.2350,77.2000,77.2000,200
1475169715,77.1700,77.1900,77.1700,77.1900,400
1475169771,77.1800,77.1900,77.1800,77.1900,200
1475169800,77.2200,77.2200,77.2000,77.2000,400
1475169879,77.2950,77.2950,77.2300,77.2300,400
1475169952,77.2500,77.2600,77.2500,77.2600,400
1475170143,77.2300,77.2660,77.2300,77.2400,1500
1475170202,77.1800,77.1800,77.1800,77.1800,300
1475170277,77.1600,77.1600,77.1600,77.1600,100
1475170323,77.2400,77.2500,77.2000,77.2000,2200
1475170423,77.3000,77.3000,77.3000,77.3000,100
1475170455,77.3628,77.3628,77.3300,77.3300,700
1475170566,77.3300,77.3300,77.3300,77.3300,1000
1475170655,77.2900,77.2900,77.2700,77.2900,1700
1475170692,77.2600,77.2600,77.2600,77.2600,700
1475170800,77.2400,77.2400,77.2400,77.2400,400
1475170873,77.1800,77.1800,77.1800,77.1800,100
1475170967,77.1700,77.2300,77.1700,77.2300,700
1475171212,77.1200,77.1700,77.1200,77.1700,1800
1475171257,77.0820,77.0820,77.0800,77.0800,300
1475171285,77.1100,77.1100,77.1000,77.1050,1300
1475171342,77.1100,77.1100,77.1000,77.1100,600
1475171466,77.1100,77.1300,77.1100,77.1100,1800
1475171611,77.0300,77.0300,77.0300,77.0300,600
1475171653,77.0100,77.0100,77.0000,77.0000,1700
1475171700,77.0300,77.0552,77.0300,77.0552,500
1475171778,76.9900,76.9900,76.9800,76.9877,1300
1475171830,77.0100,77.0100,76.9800,76.9800,1500
1475171880,77.0100,77.0100,76.9600,77.0000,900
1475171962,77.0000,77.0000,77.0000,77.0000,200
1475172072,77.0700,77.0700,77.0250,77.0250,300
1475172150,77.0700,77.0700,77.0700,77.0700,300
1475172203,77.1000,77.1000,77.1000,77.1000,100
1475172250,77.0847,77.1100,77.0847,77.1100,300
1475172304,77.1250,77.1250,77.1100,77.1100,700
1475172370,77.1300,77.1300,77.1300,77.1300,500
1475172473,77.0700,77.1200,77.0700,77.1200,1300
1475172493,77.1000,77.1000,77.0700,77.0932,500
1475172572,77.1000,77.1000,77.0700,77.0900,600
1475172617,77.1100,77.1400,77.1100,77.1199,500
1475172701,77.1150,77.1150,77.1150,77.1150,100
1475172730,77.1000,77.1000,77.1000,77.1000,1100
1475172842,77.1000,77.1000,77.0500,77.0600,1400
1475172952,77.1400,77.1400,77.1400,77.1400,100
1475172968,77.1400,77.1400,77.1400,77.1400,100
1475173051,77.1700,77.1800,77.1700,77.1700,800
1475173119,77.1650,77.1650,77.1650,77.1650,100
1475173181,77.1600,77.1800,77.1600,77.1800,800
1475173222,77.1800,77.1800,77.1800,77.1800,600
1475173269,77.1700,77.2000,77.1700,77.1900,2500
1475173448,77.2200,77.2200,77.1950,77.1950,300
1475173523,77.1800,77.2100,77.1800,77.2100,1500
1475173692,77.2300,77.2300,77.2300,77.2300,600
1475173761,77.2600,77.2600,77.2600,77.2600,500
1475173874,77.2700,77.3200,77.2700,77.3200,1200
1475173966,77.2700,77.2700,77.2700,77.2700,900
1475174052,77.3200,77.3200,77.3100,77.3100,600
1475174124,77.4300,77.4300,77.4000,77.4200,2100
1475174189,77.4500,77.4500,77.4300,77.4300,600
1475174276,77.4600,77.4800,77.4599,77.4600,4700
1475174289,77.3700,77.4500,77.3700,77.4500,1800
1475174387,77.3500,77.3500,77.3500,77.3500,200
1475174459,77.3750,77.3800,77.3700,77.3800,2000
1475174460,77.3900,77.3900,77.3900,77.3900,600
1475174589,77.3450,77.3450,77.3400,77.3400,300
1475174678,77.3400,77.3400,77.3300,77.3300,200
1475174716,77.3000,77.3250,77.3000,77.3250,1200
1475174796,77.3000,77.3000,77.3000,77.3000,500
1475174837,77.3300,77.3300,77.3000,77.3100,3300
1475174976,77.3700,77.3700,77.3400,77.3400,200
1475175026,77.3400,77.3400,77.3200,77.3250,3100
1475175119,77.3300,77.3300,77.3200,77.3300,1100
1475175124,77.3100,77.3500,77.3100,77.3500,700
1475175193,77.2900,77.2900,77.2900,77.2900,600
1475175256,77.2900,77.3000,77.2900,77.3000,400
1475175302,77.3200,77.3200,77.3000,77.3000,2800
1475175366,77.3400,77.3400,77.3400,77.3400,800
1475175471,77.3000,77.3100,77.3000,77.3100,300
1475175539,77.2300,77.2500,77.2300,77.2500,700
1475175591,77.2400,77.2400,77.2200,77.2200,1400
1475175600,77.2300,77.2300,77.2300,77.2300,600
1475175685,77.2500,77.2500,77.2500,77.2500,200
1475175773,77.1700,77.2300,77.1700,77.2300,1100
1475175781,77.1900,77.2000,77.1800,77.1800,1500
1475175874,77.2000,77.2300,77.2000,77.2300,200
1475175935,77.2300,77.2300,77.2000,77.2000,1100
1475175970,77.1800,77.2400,77.1800,77.2400,2600
1475176109,77.2100,77.2100,77.2100,77.2100,500
1475176217,77.2000,77.2000,77.2000,77.2000,500
1475176327,77.2100,77.2100,77.1900,77.2000,1100
1475176436,77.2500,77.2740,77.2400,77.2400,2000
1475176476,77.2300,77.2300,77.2300,77.2300,900
1475176563,77.2100,77.2100,77.2100,77.2100,800
1475176626,77.2000,77.2100,77.1900,77.2000,1500
1475176725,77.1900,77.1900,77.1900,77.1900,300
1475176785,77.1700,77.1800,77.1700,77.1800,600
1475176867,77.2000,77.2000,77.1600,77.1600,1500
1475176933,77.2300,77.2300,77.1900,77.1900,1600
1475176981,77.2000,77.2200,77.2000,77.2200,1400
1475177118,77.1300,77.1300,77.1100,77.1300,1500
1475177168,77.1100,77.1300,77.1100,77.1300,1100
1475177234,77.0500,77.0500,77.0300,77.0300,2600
1475177293,77.0900,77.0900,77.0900,77.0900,800
1475177391,77.2000,77.2000,77.1700,77.1700,900
1475177459,77.1800,77.2100,77.1800,77.2100,2400
1475177464,77.1800,77.1900,77.1650,77.1700,1100
1475177537,77.2200,77.2300,77.2000,77.2000,4200
1475177623,77.2700,77.2700,77.2700,77.2700,700
1475177671,77.2300,77.2500,77.2300,77.2500,800
1475177747,77.2550,77.2600,77.2200,77.2600,2900
1475177776,77.2300,77.2300,77.2300,77.2300,1200
1475177839,77.2400,77.2500,77.2400,77.2500,1300
1475177882,77.2300,77.2500,77.2000,77.2500,4100
1475177961,77.2800,77.2800,77.2300,77.2300,1000
1475178006,77.2800,77.3400,77.2800,77.3400,1700
1475178110,77.2100,77.2200,77.1800,77.2200,4300
1475178154,77.2100,77.2400,77.2000,77.2400,2700
1475178217,77.2500,77.2500,77.2500,77.2500,1400
1475178255,77.2600,77.2700,77.2500,77.2500,2200
1475178300,77.2500,77.3000,77.2500,77.3000,4400
1475178362,77.2200,77.2400,77.2100,77.2400,1000
1475178421,77.2400,77.2400,77.2100,77.2300,2100
1475178480,77.1900,77.2400,77.1900,77.2400,3200
1475178584,77.2000,77.2000,77.1900,77.1900,1000
1475178659,77.2000,77.2000,77.1400,77.1900,3200
1475178684,77.1700,77.1900,77.1600,77.1900,1900
1475178760,77.1400,77.1900,77.1400,77.1800,3500
1475178831,77.1700,77.1700,77.1300,77.1300,3600
1475178840,77.1700,77.1700,77.1700,77.1700,800
1475178900,77.1300,77.1600,77.1200,77.1600,8500
1475178972,77.1200,77.1300,77.1000,77.1300,5700
1475179063,77.1000,77.1200,77.0900,77.1100,4100
1475179101,77.1000,77.1000,77.1000,77.1000,3500
1475179193,77.0500,77.0800,77.0400,77.0800,8500
1475179200,77.0500,77.0500,77.0500,77.0500,1500
