uri:/instrument/1.0/PGP/chartdata;type=quote;range=1d/csv
ticker:pgp
Company-Name:Pimco Global Stocksplus & Incom
Exchange-Name:NYQ
unit:MIN
timezone:EDT
currency:USD
gmtoffset:-14400
previous_close:20.6100
Timestamp:1475155800,1475179200
labels:1475157600,1475161200,1475164800,1475168400,1475172000,1475175600,1475179200
values:Timestamp,close,high,low,open,volume
close:20.4000,20.6700
high:20.4001,20.6700
low:20.4000,20.6700
open:20.4001,20.6700
volume:0,5500
1475156051,20.4730,20.4730,20.4730,20.4730,3800
1475156817,20.4700,20.4700,20.4700,20.4700,100
1475157975,20.5500,20.5500,20.5400,20.5400,500
1475158072,20.5000,20.5500,20.5000,20.5500,400
1475158087,20.5100,20.5100,20.5100,20.5100,300
1475159974,20.5901,20.5901,20.5500,20.5500,900
1475160256,20.5900,20.5900,20.5890,20.5890,200
1475160413,20.5805,20.5900,20.5805,20.5890,500
1475160538,20.5899,20.5899,20.5899,20.5899,100
1475160656,20.5900,20.5900,20.5890,20.5890,600
1475160694,20.5900,20.5900,20.5890,20.5890,2100
1475160727,20.5900,20.5900,20.5900,20.5900,200
1475160797,20.6700,20.6700,20.6700,20.6700,200
1475160870,20.6301,20.6301,20.6301,20.6301,400
1475160900,20.6400,20.6400,20.6400,20.6400,100
1475160967,20.6301,20.6700,20.6301,20.6600,1300
1475161069,20.6200,20.6200,20.6200,20.6200,100
1475161129,20.6200,20.6300,20.6200,20.6300,600
1475161153,20.6101,20.6101,20.6101,20.6101,200
1475161239,20.5900,20.6000,20.5900,20.6000,200
1475161306,20.6700,20.6700,20.6000,20.6000,700
1475161718,20.5601,20.5601,20.5601,20.5601,400
1475161751,20.5500,20.5600,20.5500,20.5600,1200
1475162401,20.6500,20.6500,20.5800,20.5800,1000
1475163104,20.5870,20.6200,20.5870,20.5900,2600
1475163269,20.5300,20.5300,20.5300,20.5300,200
1475163389,20.5310,20.5310,20.5310,20.5310,1000
1475165502,20.5741,20.5741,20.5741,20.5741,100
1475167559,20.6200,20.6200,20.6100,20.6100,300
1475167568,20.5600,20.5985,20.5600,20.5985,300
1475167962,20.5300,20.5300,20.5300,20.5300,500
1475168114,20.5000,20.5275,20.5000,20.5200,3300
1475168919,20.5098,20.5100,20.5000,20.5100,5500
1475169589,20.5031,20.5031,20.4800,20.4801,400
1475171339,20.4900,20.4900,20.4900,20.4900,2800
1475171340,20.5000,20.5000,20.4900,20.4900,1800
1475171767,20.4800,20.4800,20.4800,20.4800,100
1475171881,20.4600,20.4700,20.4600,20.4700,500
1475172159,20.4750,20.4750,20.4750,20.4750,2000
1475172664,20.4000,20.4100,20.4000,20.4100,200
1475172737,20.4260,20.4260,20.4260,20.4260,300
1475173782,20.4300,20.4300,20.4300,20.4300,400
1475175045,20.4001,20.4001,20.4001,20.4001,1500
1475175190,20.4101,20.4101,20.4101,20.4101,200
1475176187,20.4100,20.4100,20.4100,20.4100,200
1475176560,20.4300,20.4300,20.4100,20.4100,500
1475177743,20.4075,20.4075,20.4000,20.4001,1300
1475179134,20.4300,20.4300,20.4300,20.4300,700
1475179200,20.4200,20.4200,20.4200,20.4200,0
