uri:/instrument/1.0/DIS/chartdata;type=quote;range=1d/csv
ticker:dis
Company-Name:Walt Disney Company (The) Commo
Exchange-Name:NYQ
unit:MIN
timezone:EDT
currency:USD
gmtoffset:-14400
previous_close:92.2000
Timestamp:1475155800,1475179200
labels:1475157600,1475161200,1475164800,1475168400,1475172000,1475175600,1475179200
values:Timestamp,close,high,low,open,volume
close:91.5400,93.0900
high:91.6150,93.1000
low:91.5300,93.0250
open:91.5300,93.0900
volume:400,195900
1475155875,92.0100,92.1000,92.0100,92.0700,900
1475155938,92.1800,92.2000,92.0000,92.0600,195900
1475155980,92.2260,92.3000,92.1800,92.1890,18000
1475156040,92.2500,92.4000,92.2100,92.2100,46500
1475156155,92.3300,92.3300,92.2200,92.2400,5000
1475156160,92.2400,92.3200,92.1700,92.3200,13600
1475156228,92.2300,92.2650,92.1500,92.2500,5300
1475156336,92.2300,92.2400,92.2050,92.2300,11100
1475156397,92.2800,92.2800,92.1800,92.2400,10700
1475156459,92.2100,92.2900,92.1200,92.2900,15500
1475156463,92.2490,92.2800,92.1300,92.2100,30800
1475156577,92.1900,92.2400,92.1600,92.2300,15500
1475156639,92.2850,92.2850,92.1900,92.2000,10000
1475156698,92.3500,92.3799,92.2200,92.2850,30400
1475156702,92.3300,92.3500,92.3150,92.3500,23400
1475156761,92.2700,92.3200,92.2400,92.3200,11700
1475156821,92.3200,92.3600,92.2399,92.2700,42400
1475156938,92.4800,92.4800,92.3500,92.3600,30700
1475156999,92.4790,92.4997,92.4600,92.4700,70400
1475157000,92.4500,92.4700,92.4300,92.4700,9800
1475157118,92.4200,92.4600,92.4200,92.4500,8800
1475157121,92.3900,92.4300,92.3900,92.4274,8500
1475157183,92.4200,92.4300,92.3800,92.3900,12000
1475157298,92.3900,92.4650,92.3750,92.4200,28600
1475157359,92.4840,92.4840,92.3800,92.3800,11400
1475157417,92.4900,92.5000,92.4450,92.4900,14600
1475157420,92.4800,92.5100,92.4600,92.5000,9400
1475157480,92.5300,92.5700,92.4900,92.4900,12800
1475157547,92.5500,92.5500,92.5000,92.5200,30400
1475157601,92.5320,92.5600,92.5000,92.5400,23000
1475157718,92.6400,92.6500,92.5450,92.5500,21400
1475157779,92.7100,92.7500,92.6600,92.6700,46100
1475157783,92.7450,92.7700,92.7100,92.7150,30600
1475157842,92.7600,92.7701,92.7300,92.7500,33600
1475157900,92.7200,92.7700,92.7200,92.7600,14700
1475158008,92.6900,92.7200,92.6400,92.7150,25400
1475158078,92.7300,92.7650,92.7000,92.7200,27000
1475158139,92.7900,92.7900,92.7100,92.7300,17000
1475158140,92.7404,92.8300,92.7400,92.8000,44000
1475158256,92.6500,92.7450,92.6500,92.7300,31500
1475158318,92.6900,92.7300,92.6510,92.6510,28000
1475158320,92.7100,92.7300,92.6800,92.7050,21600
1475158382,92.6800,92.7300,92.6600,92.7100,16100
1475158442,92.6000,92.6800,92.6000,92.6800,13600
1475158559,92.6100,92.6400,92.5600,92.6000,18200
1475158619,92.7900,92.7900,92.6200,92.6200,20800
1475158679,92.8500,92.8500,92.7800,92.7900,23000
1475158681,92.9400,92.9500,92.8350,92.8490,32300
1475158799,92.9539,92.9900,92.9200,92.9400,23100
1475158859,92.9300,92.9700,92.9300,92.9600,11100
1475158919,92.9700,92.9800,92.9350,92.9400,14900
1475158979,92.9616,92.9800,92.9232,92.9700,10900
1475158981,92.9600,92.9700,92.9361,92.9600,11600
1475159041,92.9800,92.9950,92.9600,92.9600,17100
1475159106,93.0300,93.0310,92.9800,92.9835,32300
1475159162,93.0300,93.0700,93.0238,93.0238,32700
1475159278,93.0500,93.0578,93.0050,93.0450,15600
1475159338,93.0354,93.0500,93.0200,93.0500,24000
1475159399,93.0900,93.0900,93.0250,93.0300,21800
1475159458,93.0300,93.1000,93.0200,93.0900,22600
1475159460,93.0200,93.0400,93.0099,93.0200,11100
1475159574,93.0300,93.0400,93.0000,93.0350,20800
1475159581,93.0539,93.0600,93.0200,93.0300,21300
1475159698,93.0000,93.0545,93.0000,93.0501,13300
1475159700,92.9800,93.0050,92.9500,93.0000,24400
1475159765,92.9650,92.9900,92.9600,92.9800,16900
1475159876,92.9401,92.9600,92.9110,92.9600,20300
1475159883,92.9550,92.9600,92.9400,92.9450,14800
1475159998,92.9600,92.9700,92.9300,92.9500,22900
1475160059,92.9600,92.9850,92.9500,92.9700,26700
1475160118,92.9150,92.9800,92.9100,92.9600,39100
1475160179,92.8850,92.9200,92.8700,92.9149,27700
1475160180,92.8039,92.9000,92.8000,92.8850,19300
1475160299,92.8000,92.8435,92.8000,92.8100,13900
1475160300,92.8700,92.8810,92.8100,92.8100,12000
1475160361,92.8738,92.8800,92.8550,92.8650,9100
1475160479,92.8400,92.8500,92.8300,92.8400,11800
1475160480,92.9200,92.9200,92.8400,92.8400,10400
1475160597,92.9500,92.9600,92.9150,92.9200,16100
1475160658,92.9300,92.9550,92.9100,92.9500,10600
1475160718,92.8800,92.9250,92.8800,92.9200,11500
1475160721,92.9200,92.9200,92.8750,92.8900,6800
1475160780,92.9300,92.9800,92.9200,92.9300,25900
1475160846,92.9001,92.9300,92.8900,92.9300,5900
1475160959,92.9300,92.9400,92.9000,92.9050,14700
1475160960,92.9250,92.9400,92.9250,92.9331,10000
1475161079,92.9200,92.9300,92.9100,92.9200,16300
1475161081,92.8398,92.9100,92.8300,92.9100,14100
1475161150,92.7500,92.8301,92.7500,92.8301,17400
1475161200,92.7600,92.8000,92.7600,92.7600,13900
1475161261,92.7300,92.7500,92.6950,92.7500,22100
1475161321,92.7200,92.7200,92.7000,92.7200,16700
1475161386,92.7600,92.7600,92.6950,92.7100,13200
1475161499,92.7100,92.7500,92.7100,92.7499,15200
1475161500,92.7100,92.7200,92.6900,92.7100,9800
1475161562,92.6908,92.7399,92.6900,92.7200,9400
1475161622,92.6300,92.6900,92.6300,92.6900,15400
1475161682,92.6331,92.6500,92.6300,92.6350,7700
1475161742,92.6590,92.6590,92.6000,92.6400,20900
1475161802,92.5850,92.6700,92.5850,92.6600,11200
1475161864,92.5904,92.6000,92.5700,92.5800,8900
1475161921,92.5100,92.5900,92.5100,92.5900,18000
1475162039,92.4570,92.5200,92.4500,92.5178,27200
1475162098,92.4999,92.5000,92.4599,92.4599,15000
1475162100,92.5000,92.5400,92.4900,92.4900,22900
1475162218,92.5200,92.5200,92.4900,92.5000,11900
1475162279,92.4600,92.5200,92.4500,92.5200,15000
1475162280,92.4910,92.4910,92.4550,92.4600,11900
1475162347,92.5500,92.5700,92.4750,92.4900,15400
1475162451,92.5750,92.5750,92.5400,92.5453,4700
1475162518,92.5100,92.5550,92.4832,92.5550,12100
1475162577,92.5300,92.5300,92.5100,92.5100,6700
1475162585,92.4800,92.5500,92.4800,92.5500,6300
1475162699,92.4850,92.5000,92.4600,92.4900,10200
1475162700,92.5050,92.5100,92.4800,92.4800,7700
1475162766,92.4900,92.5000,92.4850,92.5000,6100
1475162821,92.5034,92.5101,92.4850,92.4900,5500
1475162880,92.5350,92.5350,92.4950,92.5000,14300
1475162940,92.4966,92.5360,92.4900,92.5300,14000
1475163004,92.5100,92.5210,92.4900,92.4900,15000
1475163063,92.4950,92.5290,92.4900,92.5200,7000
1475163124,92.4836,92.5100,92.4800,92.4950,11900
1475163187,92.4800,92.5000,92.4600,92.4800,10700
1475163240,92.4800,92.5000,92.4700,92.4800,7900
1475163300,92.5100,92.5100,92.4800,92.4800,5300
1475163419,92.5200,92.5257,92.5000,92.5100,18600
1475163420,92.5000,92.5300,92.5000,92.5050,9400
1475163484,92.5100,92.5250,92.5000,92.5000,6300
1475163542,92.5000,92.5300,92.4950,92.5200,20000
1475163601,92.5100,92.5200,92.5000,92.5000,3800
1475163718,92.5000,92.5300,92.5000,92.5100,8000
1475163771,92.5100,92.5200,92.4950,92.5000,13600
1475163781,92.5400,92.5550,92.5050,92.5100,8400
1475163899,92.5400,92.5400,92.5050,92.5300,13400
1475163959,92.5000,92.5400,92.4950,92.5400,13500
1475164014,92.5500,92.5700,92.5050,92.5100,19700
1475164021,92.5444,92.5500,92.5200,92.5400,15000
1475164085,92.5700,92.5700,92.5200,92.5400,9000
1475164199,92.5500,92.5600,92.5100,92.5600,11100
1475164259,92.5300,92.5700,92.5247,92.5500,15300
1475164260,92.5700,92.5700,92.5300,92.5400,15100
1475164323,92.5800,92.5850,92.5500,92.5700,8500
1475164438,92.5800,92.6000,92.5700,92.5800,8000
1475164498,92.5400,92.5757,92.5350,92.5757,10500
1475164500,92.5150,92.5500,92.5150,92.5400,6100
1475164612,92.5200,92.5250,92.5000,92.5100,10100
1475164678,92.5100,92.5450,92.5020,92.5400,7000
1475164735,92.5200,92.5500,92.5100,92.5100,8000
1475164740,92.5200,92.5400,92.5200,92.5200,5400
1475164803,92.5300,92.5469,92.4950,92.5250,22600
1475164867,92.5400,92.5400,92.5050,92.5350,6200
1475164978,92.5100,92.5400,92.5100,92.5400,30600
1475164980,92.4900,92.5100,92.4900,92.5050,19400
1475165093,92.5200,92.5400,92.4800,92.4800,11100
1475165103,92.5300,92.5300,92.5100,92.5250,7800
1475165166,92.5999,92.6100,92.5200,92.5250,25800
1475165272,92.5400,92.6000,92.5350,92.6000,13700
1475165280,92.5950,92.6150,92.5400,92.5400,15800
1475165397,92.5800,92.6200,92.5700,92.5900,13200
1475165400,92.5400,92.5800,92.5400,92.5750,17100
1475165465,92.5300,92.5500,92.5300,92.5500,6300
1475165522,92.5000,92.5400,92.5000,92.5300,24500
1475165580,92.5148,92.5500,92.4900,92.4900,13400
1475165641,92.5050,92.5150,92.5000,92.5100,6500
1475165700,92.5150,92.5300,92.5000,92.5100,13800
1475165819,92.5147,92.5200,92.5100,92.5100,5800
1475165820,92.4900,92.5200,92.4600,92.5200,21700
1475165939,92.5201,92.5300,92.4900,92.4950,27700
1475165999,92.4701,92.5200,92.4700,92.5200,8300
1475166001,92.4600,92.4900,92.4500,92.4750,18300
1475166119,92.4500,92.4600,92.4500,92.4550,4300
1475166123,92.4550,92.4600,92.4400,92.4510,24400
1475166189,92.4450,92.4700,92.4450,92.4500,13700
1475166299,92.4550,92.4800,92.4400,92.4400,21300
1475166301,92.4700,92.4800,92.4550,92.4600,10300
1475166418,92.4600,92.4700,92.4437,92.4699,14900
1475166475,92.4200,92.4700,92.4200,92.4600,9700
1475166538,92.3850,92.4153,92.3500,92.4107,17800
1475166542,92.3700,92.4000,92.3700,92.3800,9800
1475166602,92.3700,92.3700,92.3500,92.3600,12100
1475166719,92.3700,92.4100,92.3700,92.3850,9700
1475166720,92.3500,92.3857,92.3500,92.3700,8500
1475166839,92.3510,92.3800,92.3510,92.3650,8700
1475166843,92.3600,92.3650,92.3200,92.3630,10000
1475166959,92.3590,92.3600,92.3450,92.3550,7500
1475167016,92.3200,92.3500,92.3000,92.3500,11100
1475167079,92.3200,92.3500,92.3134,92.3134,7000
1475167080,92.2800,92.3400,92.2800,92.3200,8600
1475167140,92.2700,92.3150,92.2700,92.2900,8100
1475167200,92.2000,92.2700,92.2000,92.2700,32900
1475167263,92.2010,92.2076,92.1600,92.1800,17400
1475167323,92.2100,92.2200,92.2000,92.2100,7500
1475167386,92.1554,92.2155,92.1554,92.2155,7600
1475167443,92.1050,92.1500,92.1050,92.1500,9800
1475167559,92.0750,92.1000,92.0599,92.1000,14800
1475167560,92.0900,92.1000,92.0500,92.0900,26600
1475167621,92.0600,92.1000,92.0500,92.0848,17500
1475167681,92.0700,92.1000,92.0700,92.0700,15800
1475167745,91.9200,92.0650,91.9100,92.0650,48900
1475167854,91.8500,91.9100,91.7800,91.9000,31800
1475167860,91.8700,91.8800,91.7700,91.8500,23400
1475167922,91.7300,91.8736,91.7200,91.8736,36200
1475167980,91.7800,91.8200,91.7300,91.7300,19000
1475168098,91.8600,91.8600,91.7400,91.7800,47600
1475168157,91.8200,91.8800,91.8100,91.8500,18800
1475168161,91.7900,91.8350,91.7300,91.8200,12400
1475168223,91.8400,91.8400,91.7800,91.7916,11000
1475168280,91.8200,91.8500,91.7900,91.8300,16400
1475168351,91.8414,91.8600,91.8199,91.8400,8600
1475168458,91.7108,91.8700,91.7100,91.8300,20900
1475168518,91.7400,91.7500,91.6700,91.7100,23500
1475168579,91.6699,91.7300,91.6500,91.7300,17200
1475168637,91.7100,91.7100,91.6500,91.6600,20600
1475168693,91.7200,91.7500,91.6700,91.7200,12200
1475168702,91.7300,91.7400,91.6700,91.7300,33000
1475168764,91.6900,91.7200,91.6600,91.7100,20600
1475168879,91.6900,91.7100,91.6500,91.6800,35000
1475168881,91.7100,91.7500,91.6700,91.6800,27700
1475168999,91.7200,91.7400,91.6750,91.7062,14500
1475169059,91.8000,91.8600,91.6900,91.7200,31300
1475169060,91.7200,91.8300,91.7200,91.8025,20700
1475169179,91.7200,91.7400,91.6600,91.7100,13300
1475169180,91.6660,91.7400,91.6660,91.7200,15800
1475169299,91.5893,91.6900,91.5893,91.6650,32600
1475169358,91.7000,91.7239,91.5800,91.5900,18200
1475169419,91.7100,91.7350,91.6900,91.7100,15600
1475169425,91.6899,91.7200,91.6750,91.7100,19200
1475169538,91.6700,91.7050,91.6500,91.7000,15000
1475169597,91.6600,91.6900,91.6400,91.6600,9300
1475169659,91.6600,91.7000,91.6300,91.6600,17900
1475169662,91.6500,91.6900,91.6450,91.6700,14100
1475169777,91.6800,91.7000,91.6550,91.6600,9700
1475169781,91.7000,91.7300,91.6400,91.6900,23500
1475169845,91.7500,91.7740,91.7100,91.7100,7300
1475169902,91.6800,91.7500,91.6800,91.7500,10100
1475169960,91.7300,91.7399,91.6700,91.6700,9500
1475170079,91.7254,91.7600,91.7100,91.7300,8000
1475170080,91.7000,91.7500,91.7000,91.7200,9600
1475170145,91.7100,91.7200,91.6800,91.7000,9700
1475170202,91.6980,91.7200,91.6800,91.7000,7300
1475170318,91.6700,91.7300,91.6700,91.7000,10900
1475170377,91.6699,91.7051,91.6699,91.6800,14600
1475170439,91.7050,91.7100,91.6500,91.6650,18100
1475170440,91.6900,91.7300,91.6900,91.7050,22100
1475170559,91.6898,91.7000,91.6748,91.7000,11700
1475170560,91.6700,91.7000,91.6700,91.6800,13900
1475170620,91.7000,91.7100,91.6600,91.6700,115500
1475170737,91.7000,91.7200,91.6700,91.7100,19700
1475170799,91.6800,91.7500,91.6800,91.7000,122300
1475170859,91.7000,91.7000,91.6500,91.6800,15300
1475170919,91.7150,91.7300,91.6650,91.7000,18000
1475170921,91.7400,91.7500,91.7200,91.7200,19700
1475171039,91.7000,91.7500,91.7000,91.7400,14400
1475171040,91.7600,91.7600,91.6899,91.6950,24400
1475171154,91.7725,91.7800,91.7500,91.7600,10400
1475171160,91.7150,91.7750,91.7150,91.7700,16300
1475171278,91.7000,91.7100,91.6700,91.7100,12500
1475171338,91.7400,91.7800,91.6850,91.7050,13800
1475171340,91.7700,91.7700,91.7300,91.7500,8100
1475171407,91.7400,91.7700,91.7299,91.7662,11100
1475171463,91.6900,91.7500,91.6800,91.7500,24100
1475171520,91.7400,91.7500,91.6900,91.6900,16000
1475171582,91.6450,91.7449,91.6300,91.7400,27600
1475171698,91.6600,91.6900,91.6100,91.6200,15900
1475171701,91.6100,91.6600,91.6100,91.6600,18700
1475171761,91.5400,91.6150,91.5400,91.6150,22700
1475171822,91.6000,91.6400,91.5300,91.5300,13900
1475171883,91.5800,91.6300,91.5700,91.5900,20300
1475171940,91.6400,91.6400,91.5600,91.5672,8600
1475172057,91.6400,91.6700,91.6100,91.6300,11700
1475172060,91.6000,91.6500,91.5600,91.6500,17200
1475172178,91.6500,91.6550,91.5800,91.6100,16900
1475172238,91.6338,91.6600,91.6301,91.6589,11500
1475172240,91.6301,91.6401,91.6131,91.6350,8200
1475172302,91.6800,91.7300,91.6400,91.6400,11200
1475172360,91.6800,91.6954,91.6700,91.6800,11300
1475172424,91.6400,91.6750,91.6400,91.6700,10700
1475172481,91.7000,91.7400,91.6400,91.6600,17700
1475172596,91.7100,91.7390,91.6900,91.6950,9900
1475172659,91.6880,91.7100,91.6800,91.7100,8900
1475172660,91.7050,91.7250,91.6600,91.6800,21700
1475172724,91.6350,91.7100,91.6300,91.7100,14500
1475172784,91.6500,91.6550,91.6300,91.6410,6700
1475172846,91.7000,91.7050,91.6400,91.6450,10600
1475172959,91.7100,91.7400,91.7100,91.7100,9500
1475173019,91.7000,91.7400,91.7000,91.7100,17900
1475173020,91.7250,91.7350,91.6700,91.7000,12400
1475173080,91.7100,91.7350,91.6850,91.7200,8700
1475173195,91.7600,91.7650,91.7090,91.7100,19300
1475173200,91.7850,91.8200,91.7450,91.7450,16800
1475173262,91.7500,91.7700,91.7200,91.7600,14900
1475173323,91.8000,91.8100,91.7300,91.7450,8000
1475173438,91.8000,91.8100,91.7790,91.8050,7800
1475173440,91.8650,91.8700,91.8000,91.8100,14000
1475173501,91.8500,91.8800,91.8300,91.8600,26400
1475173561,91.9000,91.9100,91.8400,91.8500,12200
1475173678,91.9025,91.9100,91.8700,91.8942,9800
1475173682,91.9402,91.9800,91.9000,91.9100,26300
1475173743,92.0300,92.0500,91.9400,91.9500,20300
1475173802,92.0500,92.0700,92.0100,92.0100,7800
1475173916,91.9909,92.0700,91.9900,92.0600,15900
1475173978,92.0150,92.0150,91.9700,92.0000,9500
1475174039,92.0101,92.0425,92.0101,92.0400,13300
1475174099,92.0200,92.0700,92.0100,92.0200,13000
1475174158,92.0800,92.0900,92.0300,92.0300,9400
1475174218,92.0800,92.0950,92.0500,92.0700,15100
1475174224,92.1100,92.1548,92.0900,92.0900,17900
1475174339,92.0500,92.1200,92.0300,92.1125,16000
1475174342,92.1000,92.1150,92.0500,92.0500,13800
1475174401,92.1200,92.1500,92.1100,92.1199,12200
1475174465,92.0900,92.1099,92.0500,92.1089,12000
1475174579,92.1050,92.1050,92.0600,92.0900,10700
1475174638,92.0700,92.1000,92.0600,92.1000,6400
1475174640,92.0699,92.0900,92.0500,92.0700,5400
1475174759,92.0400,92.0800,92.0400,92.0600,11000
1475174819,92.0681,92.0681,92.0400,92.0400,9100
1475174820,92.0900,92.0900,92.0600,92.0600,9300
1475174886,92.1200,92.1400,92.0700,92.0800,16600
1475174998,92.1500,92.1700,92.1200,92.1200,22400
1475175002,92.1250,92.1500,92.1100,92.1500,18700
1475175119,92.1500,92.1600,92.1100,92.1200,7900
1475175179,92.0700,92.1710,92.0700,92.1600,9000
1475175239,92.0850,92.0954,92.0600,92.0900,6900
1475175299,92.0800,92.1000,92.0700,92.0800,10900
1475175300,92.1000,92.1400,92.0900,92.0900,6200
1475175363,92.0500,92.1000,92.0500,92.1000,11000
1475175422,92.0300,92.0600,92.0300,92.0600,5000
1475175485,91.9750,92.0200,91.9641,92.0200,9700
1475175599,92.0000,92.0200,91.9750,91.9750,10400
1475175659,91.9854,92.0100,91.9500,92.0000,13200
1475175660,92.0050,92.0100,91.9800,91.9890,6900
1475175777,91.9600,92.0000,91.9200,92.0000,21300
1475175780,91.9500,91.9700,91.9400,91.9600,11000
1475175899,91.9800,92.0000,91.9600,91.9600,10000
1475175901,92.0500,92.0500,91.9800,91.9800,8300
1475175961,92.0200,92.0500,92.0000,92.0500,9700
1475176078,92.0250,92.0500,91.9800,92.0100,11600
1475176135,92.0400,92.0400,92.0100,92.0200,13700
1475176199,92.0354,92.0580,92.0050,92.0300,9000
1475176257,92.0150,92.0542,92.0000,92.0300,10400
1475176260,92.0200,92.0300,92.0000,92.0200,11100
1475176375,92.0462,92.0700,92.0300,92.0300,8800
1475176438,92.1100,92.1250,92.0450,92.0454,11000
1475176499,92.0970,92.1200,92.0900,92.1050,19000
1475176559,91.9901,92.1100,91.9900,92.1000,22800
1475176560,92.0150,92.0400,92.0000,92.0000,15800
1475176620,92.0400,92.0400,92.0000,92.0100,15100
1475176739,92.0300,92.0600,92.0300,92.0300,9300
1475176797,91.9900,92.0300,91.9850,92.0300,10500
1475176800,91.9700,92.0000,91.9600,91.9900,14700
1475176863,92.0400,92.0450,91.9700,91.9754,12800
1475176920,92.0700,92.0700,92.0300,92.0400,9500
1475176981,91.9900,92.0700,91.9900,92.0700,14600
1475177041,92.0054,92.0400,91.9900,91.9900,10500
1475177101,92.0050,92.0300,91.9955,92.0100,11000
1475177216,91.9500,92.0044,91.9300,92.0000,13500
1475177220,91.9600,91.9600,91.8800,91.9500,25800
1475177338,91.9700,91.9900,91.9400,91.9500,11800
1475177396,92.0800,92.0800,91.9600,91.9700,11700
1475177459,92.0400,92.0800,92.0100,92.0800,17500
1475177460,92.0200,92.0450,92.0000,92.0400,17500
1475177579,92.0701,92.0850,92.0200,92.0200,22700
1475177580,92.0650,92.1100,92.0650,92.0800,41500
1475177640,92.0350,92.0700,92.0100,92.0700,17600
1475177702,92.0500,92.0800,92.0250,92.0450,37000
1475177818,92.0000,92.0662,92.0000,92.0454,28300
1475177877,92.0300,92.0500,92.0050,92.0100,16100
1475177881,92.0100,92.0500,92.0050,92.0500,20500
1475177996,92.0600,92.0650,91.9950,92.0150,20900
1475178059,91.9800,92.0850,91.9600,92.0500,39700
1475178063,91.9350,91.9800,91.9100,91.9800,35000
1475178123,91.9400,91.9700,91.9300,91.9362,16100
1475178181,91.9500,91.9965,91.9450,91.9450,19900
1475178299,91.9800,92.0100,91.9450,91.9450,26300
1475178300,91.9500,92.0050,91.9350,91.9700,31900
1475178360,91.9500,91.9550,91.9201,91.9500,13300
1475178420,91.9738,91.9738,91.9300,91.9500,11600
1475178480,91.9250,92.0000,91.9200,91.9750,21800
1475178540,91.9550,91.9700,91.9200,91.9200,16100
1475178600,91.9600,91.9650,91.9100,91.9500,22300
1475178660,91.9500,91.9811,91.9500,91.9600,23200
1475178720,91.9400,91.9650,91.9200,91.9500,19700
1475178780,91.9500,91.9700,91.9100,91.9300,28000
1475178840,91.9800,91.9800,91.9300,91.9455,15700
1475178900,91.9200,91.9800,91.9050,91.9800,38800
1475178960,91.8700,91.9254,91.8600,91.9254,30600
1475179079,91.8750,91.8900,91.8350,91.8754,32300
1475179080,91.8300,91.8850,91.8300,91.8800,44300
1475179198,91.8300,91.8650,91.8000,91.8400,93100
1475179200,91.8300,91.8300,91.8300,91.8300,400
