uri:/instrument/1.0/HSY/chartdata;type=quote;range=1d/csv
ticker:hsy
Company-Name:The Hershey Company Common Stoc
Exchange-Name:NYQ
unit:MIN
timezone:EDT
currency:USD
gmtoffset:-14400
previous_close:95.1300
Timestamp:1475155800,1475179200
labels:1475157600,1475161200,1475164800,1475168400,1475172000,1475175600,1475179200
values:Timestamp,close,high,low,open,volume
close:94.6100,95.9700
high:94.6100,96.0000
low:94.6100,95.9400
open:94.6100,95.9700
volume:100,16100
1475155858,95.7100,95.7100,95.1500,95.3600,8500
1475155915,95.6800,95.6900,95.6000,95.6900,1800
1475155920,95.6800,95.7300,95.5950,95.6800,2300
1475156038,95.6700,95.7400,95.5800,95.7100,3000
1475156041,95.6800,95.7300,95.5500,95.7100,3400
1475156132,95.4796,95.4796,95.4796,95.4796,100
1475156179,95.2800,95.4000,95.2700,95.4000,2500
1475156255,95.2000,95.3100,95.1300,95.3100,2600
1475156339,94.9600,95.2700,94.9600,95.2000,4000
1475156398,95.1300,95.1800,94.9700,94.9700,8100
1475156402,95.1600,95.2200,94.9400,94.9500,12200
1475156495,95.1600,95.1700,95.0800,95.0800,1700
1475156573,95.2400,95.3300,95.1450,95.1900,2900
1475156580,95.3400,95.3400,95.3400,95.3400,100
1475156688,95.3800,95.3900,95.3200,95.3900,700
1475156759,95.3100,95.3900,95.3100,95.3650,2700
1475156819,95.3200,95.3700,95.2600,95.3100,3700
1475156877,95.3300,95.3500,95.2900,95.2900,2700
1475156936,95.4700,95.4700,95.3500,95.3700,2100
1475156940,95.6000,95.6000,95.4700,95.4700,1000
1475157021,95.6300,95.6300,95.5500,95.6300,1000
1475157119,95.4800,95.5950,95.4700,95.5600,2500
1475157136,95.4300,95.4700,95.4200,95.4700,600
1475157183,95.4200,95.4600,95.4200,95.4600,300
1475157288,95.4400,95.4900,95.4400,95.4600,500
1475157300,95.4500,95.4691,95.4500,95.4691,300
1475157415,95.4800,95.4800,95.4100,95.4200,1400
1475157439,95.4200,95.4700,95.4200,95.4700,400
1475157520,95.4600,95.4600,95.4600,95.4600,300
1475157608,95.5300,95.5300,95.4450,95.4450,1600
1475157665,95.6000,95.6100,95.5275,95.5400,1700
1475157770,95.5400,95.6400,95.5400,95.5700,4300
1475157783,95.5600,95.5600,95.5100,95.5300,2300
1475157872,95.5850,95.5850,95.5850,95.5850,100
1475157926,95.6900,95.7000,95.6300,95.6300,1100
1475158016,95.6600,95.7000,95.5800,95.7000,4000
1475158022,95.7600,95.7600,95.6600,95.6700,4700
1475158139,95.8200,95.8400,95.7800,95.8020,5100
1475158193,95.7300,95.8300,95.7100,95.8300,3900
1475158201,95.6800,95.7200,95.6800,95.7200,1800
1475158319,95.6600,95.6900,95.6400,95.6500,5300
1475158328,95.6100,95.6800,95.6100,95.6800,1200
1475158384,95.6100,95.6300,95.5900,95.6300,1800
1475158498,95.5550,95.6300,95.5550,95.6100,2600
1475158554,95.5800,95.5900,95.5300,95.5550,4300
1475158566,95.5501,95.6400,95.5501,95.5700,12000
1475158659,95.5500,95.5750,95.5500,95.5600,500
1475158690,95.6900,95.6900,95.5500,95.5700,4500
1475158748,95.8600,95.8600,95.6700,95.6700,1100
1475158813,95.7100,95.8500,95.6700,95.8500,3000
1475158955,95.7300,95.7600,95.7300,95.7600,700
1475158996,95.7200,95.7200,95.7200,95.7200,100
1475159040,95.7150,95.7150,95.6600,95.6900,1700
1475159156,95.6900,95.7100,95.6750,95.7100,300
1475159177,95.7000,95.7000,95.7000,95.7000,300
1475159257,95.6400,95.6400,95.6200,95.6211,1100
1475159330,95.5810,95.6250,95.5800,95.6250,2700
1475159344,95.6800,95.7500,95.6300,95.6400,3500
1475159415,95.6900,95.6900,95.6850,95.6864,400
1475159490,95.7300,95.7300,95.7100,95.7100,1300
1475159521,95.7200,95.7240,95.6975,95.7100,5800
1475159595,95.7300,95.7600,95.7200,95.7300,1500
1475159654,95.7700,95.7700,95.7600,95.7600,600
1475159717,95.8800,95.8800,95.7400,95.7800,5300
1475159767,95.8600,95.8600,95.8400,95.8400,400
1475159824,95.8300,95.8400,95.8200,95.8300,2100
1475159915,95.7300,95.8100,95.7300,95.8100,2700
1475159995,95.7500,95.7600,95.7250,95.7400,2400
1475160005,95.8000,95.8000,95.7700,95.7900,700
1475160094,95.8200,95.8200,95.8100,95.8100,300
1475160127,95.7700,95.8400,95.7600,95.8400,3000
1475160199,95.7200,95.7500,95.7200,95.7500,200
1475160254,95.7700,95.7700,95.7400,95.7400,300
1475160300,95.7400,95.7800,95.7300,95.7300,2500
1475160403,95.6800,95.7300,95.6800,95.7200,700
1475160420,95.6800,95.7050,95.6500,95.6700,6500
1475160499,95.6700,95.6900,95.6500,95.6900,1200
1475160595,95.6800,95.6830,95.6600,95.6830,600
1475160605,95.7100,95.7250,95.6800,95.6800,1800
1475160664,95.6800,95.7100,95.6500,95.7100,8600
1475160726,95.7600,95.7750,95.6800,95.6800,3500
1475160824,95.7430,95.7430,95.7300,95.7400,1200
1475160842,95.7500,95.7600,95.7413,95.7430,2500
1475160908,95.7799,95.7800,95.7500,95.7500,2900
1475161018,95.7850,95.8200,95.7200,95.7747,7100
1475161077,95.8350,95.8600,95.7947,95.7947,2300
1475161132,95.7300,95.8548,95.7300,95.8512,4800
1475161140,95.7200,95.7630,95.7200,95.7630,1100
1475161206,95.6600,95.7300,95.6600,95.7200,1000
1475161270,95.6400,95.6700,95.6400,95.6650,1200
1475161329,95.6400,95.6898,95.6400,95.6650,1000
1475161386,95.6800,95.6900,95.6400,95.6650,4900
1475161448,95.6550,95.6550,95.6400,95.6500,3400
1475161516,95.6900,95.6900,95.6300,95.6300,3600
1475161609,95.6600,95.6937,95.6600,95.6937,900
1475161622,95.6900,95.6900,95.6500,95.6500,1700
1475161753,95.7200,95.7200,95.6900,95.7000,2800
1475161809,95.6800,95.7100,95.6800,95.7100,900
1475161918,95.7000,95.7300,95.6600,95.6600,2600
1475161922,95.7600,95.7600,95.7000,95.7150,9500
1475161981,95.6900,95.7300,95.6900,95.7300,3500
1475162098,95.7300,95.7754,95.6800,95.6900,7600
1475162100,95.7600,95.7800,95.6800,95.7500,6600
1475162214,95.7100,95.7700,95.7100,95.7400,2400
1475162268,95.6700,95.7100,95.6700,95.7100,1900
1475162282,95.7800,95.7900,95.7000,95.7000,3400
1475162394,95.7700,95.8100,95.7000,95.7900,10700
1475162400,95.8000,95.8100,95.7600,95.8000,8500
1475162469,95.8400,95.8400,95.7500,95.7700,3000
1475162538,95.8500,95.8500,95.8000,95.8000,2400
1475162625,95.8500,95.8500,95.8500,95.8500,300
1475162662,95.7600,95.8400,95.7600,95.8400,1400
1475162743,95.7300,95.7300,95.7300,95.7300,100
1475162766,95.8200,95.8200,95.7500,95.7500,1100
1475162853,95.8150,95.8171,95.8150,95.8171,300
1475162891,95.8300,95.8600,95.8100,95.8100,1000
1475163006,95.8600,95.8800,95.8600,95.8700,3200
1475163063,95.8450,95.8450,95.8300,95.8300,500
1475163163,95.8700,95.9000,95.8450,95.8450,2500
1475163189,95.9200,95.9900,95.9200,95.9600,9600
1475163297,95.9300,95.9600,95.9200,95.9500,2800
1475163300,95.9200,95.9200,95.9100,95.9200,700
1475163362,95.9300,95.9300,95.9000,95.9000,3000
1475163469,95.8500,95.9000,95.8500,95.9000,1300
1475163480,95.8700,95.8700,95.8400,95.8500,400
1475163599,95.7700,95.8900,95.7700,95.8700,2500
1475163657,95.7900,95.8500,95.7600,95.7600,2300
1475163667,95.9000,95.9100,95.8100,95.8100,1500
1475163779,95.9200,95.9200,95.8900,95.9100,1900
1475163838,95.9500,95.9500,95.9150,95.9200,1700
1475163843,95.9600,95.9600,95.9400,95.9400,1000
1475163903,95.8800,95.9300,95.8800,95.9300,1800
1475164012,95.8900,95.8900,95.8100,95.8100,1300
1475164072,95.8800,95.8900,95.8700,95.8900,1400
1475164096,95.9100,95.9100,95.8900,95.8900,1500
1475164141,95.9200,95.9200,95.9050,95.9100,1800
1475164214,95.8401,95.9325,95.8400,95.9200,5200
1475164275,95.8700,95.8700,95.8450,95.8500,1100
1475164327,95.8700,95.8700,95.8700,95.8700,200
1475164424,95.9200,95.9425,95.8700,95.8800,3500
1475164481,95.9000,95.9700,95.8700,95.9700,3700
1475164559,95.8750,95.8900,95.8600,95.8900,1300
1475164564,95.8700,95.8900,95.8600,95.8600,1600
1475164674,95.9200,95.9200,95.9100,95.9100,700
1475164705,95.9300,95.9300,95.9220,95.9220,200
1475164790,95.9100,95.9600,95.9000,95.9500,5100
1475164801,95.8500,95.8800,95.8250,95.8800,2200
1475164862,95.8500,95.8500,95.8400,95.8400,1100
1475164936,95.8500,95.8500,95.8400,95.8400,1800
1475164986,95.8000,95.8300,95.8000,95.8300,1000
1475165049,95.8200,95.8200,95.8200,95.8200,200
1475165134,95.7850,95.8100,95.7850,95.8100,1700
1475165163,95.9200,95.9400,95.7800,95.7800,4800
1475165252,95.9100,95.9500,95.9100,95.9100,3400
1475165328,95.9200,95.9200,95.9200,95.9200,100
1475165374,95.9200,95.9200,95.8800,95.8800,400
1475165452,95.9700,95.9700,95.9400,95.9400,800
1475165461,95.9300,96.0000,95.9300,95.9600,4200
1475165523,95.9400,95.9700,95.9400,95.9400,1400
1475165585,95.9000,95.9200,95.9000,95.9100,1700
1475165758,95.8900,95.8900,95.8900,95.8900,200
1475165772,95.8700,95.9500,95.8700,95.9100,7300
1475165857,95.8800,95.8800,95.8200,95.8300,1900
1475165911,95.8600,95.8700,95.8500,95.8500,1000
1475165957,95.8650,95.8650,95.8500,95.8500,400
1475166004,95.8600,95.8900,95.8600,95.8800,2100
1475166074,95.8700,95.8725,95.8600,95.8700,3200
1475166148,95.8495,95.8500,95.8495,95.8500,300
1475166185,95.8050,95.8500,95.8000,95.8495,1700
1475166271,95.8800,95.8800,95.7800,95.7800,3300
1475166310,95.8800,95.9100,95.8600,95.8600,2400
1475166377,95.8800,95.9000,95.8800,95.8900,700
1475166425,95.8800,95.9100,95.8800,95.8900,500
1475166533,95.8500,95.8600,95.8200,95.8600,2000
1475166593,95.8500,95.8500,95.8200,95.8300,3700
1475166602,95.8700,95.8700,95.8550,95.8600,1200
1475166669,95.8700,95.8700,95.8400,95.8500,3200
1475166721,95.7500,95.8500,95.7500,95.8500,3400
1475166830,95.7300,95.7300,95.7300,95.7300,200
1475166862,95.7100,95.7100,95.7100,95.7100,300
1475166904,95.6400,95.6800,95.6300,95.6700,1300
1475166962,95.6250,95.6300,95.6100,95.6300,700
1475167048,95.5800,95.6000,95.5800,95.6000,400
1475167085,95.6200,95.6200,95.5400,95.5500,2800
1475167183,95.6100,95.6500,95.6100,95.6100,1600
1475167209,95.6200,95.6200,95.5107,95.5800,8500
1475167261,95.6300,95.6400,95.6100,95.6400,1100
1475167337,95.6400,95.6400,95.6400,95.6400,900
1475167401,95.5900,95.6200,95.5900,95.6200,1100
1475167484,95.5700,95.5850,95.5700,95.5850,300
1475167501,95.5050,95.5600,95.5050,95.5600,1100
1475167577,95.5100,95.5400,95.5100,95.5400,1100
1475167628,95.5000,95.5200,95.5000,95.5200,1300
1475167739,95.5000,95.5100,95.5000,95.5100,2100
1475167740,95.4900,95.5200,95.4900,95.5000,9400
1475167851,95.4900,95.5100,95.4900,95.5000,9600
1475167919,95.5100,95.5200,95.4800,95.4900,6500
1475167924,95.5000,95.5200,95.4700,95.5000,9400
1475168038,95.5000,95.5000,95.4800,95.5000,800
1475168089,95.6000,95.6000,95.4800,95.4800,8900
1475168100,95.5100,95.5700,95.5100,95.5700,1000
1475168183,95.5100,95.5300,95.4900,95.5100,4300
1475168261,95.5173,95.5173,95.5173,95.5173,100
1475168293,95.5080,95.5080,95.5000,95.5000,600
1475168398,95.5170,95.5170,95.4900,95.4900,1600
1475168401,95.5000,95.5200,95.4700,95.5200,9600
1475168464,95.4900,95.5100,95.4400,95.4700,3000
1475168520,95.4300,95.5100,95.4300,95.5100,1200
1475168622,95.4100,95.4500,95.4100,95.4200,2000
1475168640,95.4300,95.4500,95.4100,95.4200,900
1475168758,95.4400,95.4725,95.4400,95.4700,2500
1475168761,95.4400,95.4400,95.4100,95.4300,600
1475168824,95.4350,95.4350,95.4350,95.4350,100
1475168909,95.4300,95.4500,95.4300,95.4300,600
1475168948,95.4500,95.4500,95.4100,95.4400,1900
1475169049,95.5400,95.5600,95.4200,95.4200,5800
1475169119,95.4500,95.5500,95.4500,95.5500,1500
1475169174,95.4600,95.4600,95.3972,95.4400,1700
1475169185,95.4800,95.4900,95.4800,95.4900,500
1475169299,95.4400,95.5050,95.4400,95.5000,3200
1475169354,95.4600,95.4800,95.4400,95.4400,900
1475169385,95.4700,95.4700,95.4700,95.4700,100
1475169459,95.4300,95.4900,95.4300,95.4500,2600
1475169503,95.4450,95.4450,95.4300,95.4300,300
1475169556,95.4300,95.4300,95.4300,95.4300,200
1475169658,95.4000,95.4300,95.4000,95.4200,3300
1475169662,95.4000,95.4205,95.4000,95.4205,1900
1475169728,95.3700,95.3900,95.3500,95.3800,4200
1475169799,95.3500,95.3900,95.3500,95.3800,1300
1475169849,95.3500,95.3650,95.3500,95.3500,500
1475169956,95.3100,95.3600,95.3100,95.3400,1700
1475169960,95.2900,95.3000,95.2900,95.3000,500
1475170028,95.2700,95.2900,95.2500,95.2800,1200
1475170133,95.2650,95.2650,95.2500,95.2500,1000
1475170157,95.2500,95.2600,95.2400,95.2500,3100
1475170202,95.2300,95.2800,95.2300,95.2500,3400
1475170316,95.2500,95.2500,95.2500,95.2500,700
1475170322,95.2600,95.2700,95.2500,95.2500,500
1475170429,95.2900,95.2900,95.2600,95.2600,1500
1475170443,95.3500,95.3700,95.2800,95.2800,1100
1475170557,95.3200,95.3500,95.3000,95.3500,6500
1475170572,95.3400,95.3400,95.3400,95.3400,100
1475170623,95.2800,95.3100,95.2800,95.3100,900
1475170737,95.2100,95.2700,95.2100,95.2700,900
1475170741,95.1800,95.2200,95.1600,95.1900,2200
1475170811,95.1200,95.1300,95.0800,95.1300,1000
1475170892,95.0700,95.0700,95.0600,95.0600,700
1475170968,95.0600,95.0700,95.0400,95.0608,1400
1475170995,95.0000,95.0280,95.0000,95.0280,700
1475171099,95.0200,95.0400,95.0000,95.0000,2600
1475171150,95.0300,95.0300,95.0100,95.0200,600
1475171170,94.9800,95.0620,94.9800,95.0400,2400
1475171275,94.9900,94.9900,94.9400,94.9600,1000
1475171280,95.0100,95.0100,94.9760,94.9760,1700
1475171376,95.0400,95.0400,95.0400,95.0400,700
1475171408,95.0450,95.0500,95.0444,95.0444,1100
1475171516,95.0000,95.0300,95.0000,95.0300,800
1475171578,95.0000,95.0100,94.9900,95.0100,2300
1475171581,94.9500,95.0100,94.9500,95.0100,1500
1475171650,94.9400,94.9800,94.9200,94.9400,3300
1475171759,94.8900,94.9200,94.8900,94.9200,900
1475171818,94.9100,94.9300,94.9000,94.9200,2400
1475171821,94.9000,94.9400,94.8800,94.8800,700
1475171883,94.9600,94.9600,94.9250,94.9250,1600
1475171994,94.9400,94.9400,94.9000,94.9200,3700
1475172001,94.9000,94.9300,94.8900,94.9200,1900
1475172066,94.8900,94.9000,94.8600,94.8900,1500
1475172171,94.8900,94.9000,94.8850,94.9000,6600
1475172218,94.8700,94.8700,94.8700,94.8700,600
1475172255,94.8500,94.8700,94.8500,94.8600,1400
1475172300,94.8800,94.8800,94.8500,94.8500,2000
1475172383,94.8400,94.8788,94.8400,94.8500,800
1475172429,94.8100,94.8300,94.8100,94.8100,900
1475172485,94.8200,94.8300,94.8200,94.8300,1300
1475172553,94.8200,94.8200,94.7900,94.7900,1900
1475172655,94.8100,94.8299,94.8100,94.8200,1200
1475172661,94.8352,94.8352,94.8200,94.8200,1500
1475172777,94.8000,94.8350,94.7900,94.8350,1600
1475172837,94.7700,94.7800,94.7650,94.7800,1800
1475172899,94.8100,94.8100,94.7600,94.7700,2400
1475172910,94.8300,94.8300,94.8300,94.8300,400
1475172964,94.8400,94.8500,94.8400,94.8400,500
1475173026,94.8300,94.8300,94.7900,94.8200,2100
1475173113,94.8500,94.8500,94.8400,94.8500,600
1475173143,94.8100,94.8500,94.8000,94.8300,2300
1475173203,94.8700,94.8800,94.8100,94.8100,2700
1475173317,94.8900,94.8900,94.8900,94.8900,600
1475173323,94.9100,94.9100,94.8900,94.8900,700
1475173384,94.9600,94.9600,94.9400,94.9400,400
1475173441,95.0000,95.0000,94.9400,94.9400,400
1475173525,94.9200,94.9730,94.9200,94.9700,1300
1475173560,94.9400,94.9400,94.9100,94.9300,2600
1475173679,94.9100,94.9100,94.9000,94.9100,600
1475173738,94.8800,94.9300,94.8800,94.9300,1000
1475173783,94.9300,94.9300,94.8700,94.8700,1300
1475173800,94.9600,94.9800,94.9300,94.9400,1400
1475173918,94.9500,94.9700,94.9400,94.9500,3100
1475173968,94.9550,94.9600,94.9400,94.9500,700
1475174035,94.9700,94.9700,94.9600,94.9700,1100
1475174049,94.9900,94.9900,94.9700,94.9700,2300
1475174102,95.0815,95.1000,95.0000,95.0000,4100
1475174217,95.1300,95.1300,95.1300,95.1300,500
1475174230,95.1500,95.1500,95.1050,95.1050,2400
1475174289,95.1000,95.1300,95.0800,95.1300,1700
1475174342,95.0800,95.0800,95.0800,95.0800,200
1475174420,95.1000,95.1000,95.0700,95.0700,1100
1475174462,94.9900,95.0800,94.9700,95.0800,3900
1475174573,95.0100,95.0150,95.0000,95.0100,1400
1475174587,95.0100,95.0200,95.0000,95.0200,300
1475174687,95.0160,95.0160,94.9900,95.0000,800
1475174706,94.9600,95.0000,94.9600,94.9800,500
1475174817,94.9300,94.9600,94.9300,94.9600,500
1475174824,94.9500,94.9899,94.9500,94.9500,1300
1475174929,95.0200,95.0200,94.9600,94.9600,1200
1475174942,95.0300,95.0300,95.0100,95.0200,800
1475175058,95.0000,95.0328,95.0000,95.0300,2100
1475175062,95.0000,95.0000,94.9650,94.9900,2000
1475175156,94.9900,95.0000,94.9900,95.0000,600
1475175252,94.9400,94.9700,94.9400,94.9700,1800
1475175307,94.9600,94.9700,94.9600,94.9700,800
1475175387,94.9600,94.9800,94.9600,94.9800,1000
1475175537,94.8900,94.9300,94.8800,94.9300,1700
1475175578,94.8917,94.8917,94.8300,94.8800,1500
1475175610,94.8600,94.9150,94.8400,94.9150,2300
1475175678,94.8900,94.9100,94.8700,94.8800,1600
1475175741,94.8400,94.8700,94.8300,94.8700,2400
1475175835,94.8660,94.8660,94.8300,94.8610,1400
1475175844,94.8150,94.8400,94.8100,94.8400,1600
1475175923,94.8400,94.8600,94.8300,94.8300,2700
1475175984,94.8200,94.8300,94.8200,94.8300,500
1475176034,94.7900,94.8000,94.7800,94.8000,2300
1475176138,94.8400,94.8400,94.7900,94.8200,5500
1475176183,94.8500,94.8500,94.8300,94.8300,900
1475176237,94.8000,94.8400,94.8000,94.8400,1100
1475176312,94.7700,94.8000,94.7700,94.8000,1200
1475176321,94.8100,94.8100,94.7750,94.7900,2700
1475176428,94.8700,94.9000,94.8600,94.8600,2000
1475176444,94.8600,94.8600,94.8395,94.8600,1600
1475176536,94.8100,94.8100,94.8100,94.8100,400
1475176597,94.7892,94.8000,94.7800,94.8000,700
1475176674,94.7800,94.7800,94.7100,94.7500,4400
1475176683,94.7900,94.8100,94.7900,94.7900,2100
1475176775,94.8200,94.8200,94.8100,94.8100,300
1475176806,94.7800,94.8100,94.7580,94.8100,3900
1475176880,94.7700,94.7800,94.7700,94.7800,1000
1475176941,94.8100,94.8100,94.7800,94.7800,3600
1475177023,94.7500,94.8100,94.7500,94.8100,700
1475177041,94.7600,94.7650,94.7400,94.7400,1000
1475177159,94.7414,94.7775,94.7200,94.7400,2100
1475177160,94.6900,94.7700,94.6800,94.7700,1400
1475177228,94.7100,94.7100,94.6700,94.6800,4000
1475177305,94.6975,94.7000,94.6750,94.6800,900
1475177351,94.7900,94.7900,94.6950,94.6950,2700
1475177409,94.8000,94.8150,94.7600,94.7700,2300
1475177492,94.7800,94.8100,94.7800,94.7800,2600
1475177529,94.8400,94.8400,94.7800,94.7800,2700
1475177586,94.8650,94.9000,94.8600,94.8600,1900
1475177686,94.8900,94.8900,94.8600,94.8800,1100
1475177705,94.8800,94.8900,94.8600,94.8710,2500
1475177761,94.8800,94.8900,94.8700,94.8900,1500
1475177821,94.8600,94.8800,94.8600,94.8700,3100
1475177882,94.8500,94.8800,94.8400,94.8700,3900
1475177946,94.9600,94.9600,94.8400,94.8400,3500
1475178014,94.8900,94.9700,94.8800,94.9700,2700
1475178067,94.8200,94.8900,94.8000,94.8900,4400
1475178165,94.7900,94.8200,94.7900,94.8200,400
1475178203,94.7900,94.8300,94.7900,94.8150,2000
1475178243,94.7900,94.8000,94.7801,94.7801,3000
1475178300,94.8000,94.8200,94.7600,94.7600,5800
1475178361,94.8274,94.8300,94.7900,94.8000,3300
1475178468,94.8600,94.8600,94.8100,94.8200,2500
1475178480,94.8200,94.8850,94.8200,94.8800,4600
1475178545,94.8300,94.8400,94.8250,94.8300,2500
1475178654,94.8100,94.8250,94.7500,94.8250,5700
1475178660,94.8000,94.8200,94.7879,94.8100,4100
1475178739,94.7800,94.7900,94.7750,94.7900,2200
1475178781,94.7800,94.8000,94.7600,94.7700,5800
1475178896,94.8500,94.8500,94.7900,94.8000,3000
1475178902,94.7400,94.8200,94.7400,94.8200,8000
1475179019,94.7300,94.7550,94.6800,94.7550,8400
1475179022,94.7200,94.7500,94.6900,94.7300,11200
1475179084,94.7152,94.7250,94.6700,94.7250,8300
1475179147,94.6580,94.7200,94.6400,94.7150,16100
1475179200,94.6100,94.6100,94.6100,94.6100,100
