uri:/instrument/1.0/IBM/chartdata;type=quote;range=1d/csv
ticker:ibm
Company-Name:International Business Machines
Exchange-Name:NYQ
unit:MIN
timezone:EDT
currency:USD
gmtoffset:-14400
previous_close:158.2900
Timestamp:1475155800,1475179200
labels:1475157600,1475161200,1475164800,1475168400,1475172000,1475175600,1475179200
values:Timestamp,close,high,low,open,volume
close:157.5500,160.3200
high:157.6000,162.5000
low:157.4600,159.9900
open:157.5000,160.3200
volume:100,117100
1475155800,158.7440,158.7600,158.5101,158.6300,85100
1475155864,159.4700,159.6500,158.8900,158.8900,35000
1475155921,159.6000,159.7300,159.5400,159.6450,17800
1475155981,159.4712,159.6300,159.3000,159.5000,9800
1475156093,159.4800,159.6700,159.4340,159.5900,7000
1475156159,159.7900,159.8800,159.5320,159.6460,18300
1475156160,159.8600,159.8700,159.6460,159.8300,10600
1475156278,159.9250,159.9500,159.8100,159.8600,9300
1475156339,160.3200,160.4700,159.9200,159.9200,64300
1475156341,160.0201,160.5700,159.9900,160.3200,27200
1475156459,159.5999,160.0200,159.5500,160.0200,15300
1475156519,159.7800,159.9200,159.5600,159.5700,12900
1475156520,159.8400,159.8800,159.7500,159.7800,20200
1475156582,159.7600,159.9099,159.7350,159.9099,12000
1475156642,159.7900,159.7900,159.6600,159.6900,7600
1475156756,159.7900,159.8900,159.7500,159.8140,18600
1475156812,159.5900,159.7400,159.4500,159.7400,6300
1475156821,159.5400,159.6400,159.5201,159.5800,6600
1475156881,159.6550,159.7200,159.5000,159.5000,5600
1475156997,159.4400,159.7200,159.4100,159.6100,15200
1475157001,159.6300,159.6300,159.4300,159.4500,6000
1475157119,159.6200,159.6400,159.4700,159.5823,17100
1475157125,159.4600,159.6050,159.4500,159.6036,9200
1475157182,159.4200,159.5300,159.4200,159.4700,5700
1475157298,159.5200,159.5200,159.4100,159.4100,12100
1475157301,159.6300,159.6400,159.5300,159.5400,9800
1475157364,159.6000,159.6300,159.1900,159.5800,43500
1475157447,159.6200,159.6700,159.6000,159.6353,2000
1475157482,159.5900,159.6100,159.5800,159.5900,3600
1475157542,159.5300,159.5601,159.4900,159.5600,9300
1475157601,159.6200,159.6900,159.5500,159.5700,6300
1475157661,159.6900,159.6900,159.6014,159.6050,1900
1475157727,159.6000,159.7700,159.6000,159.6800,8200
1475157836,159.5000,159.6400,159.5000,159.6000,7900
1475157899,159.5400,159.5700,159.5050,159.5050,6000
1475157902,159.5200,159.6600,159.5000,159.5700,9700
1475158016,159.3900,159.5000,159.3700,159.5000,9800
1475158022,159.2400,159.4100,159.2400,159.3800,8600
1475158085,159.2400,159.2450,159.2100,159.2200,3900
1475158145,159.3100,159.4000,159.2500,159.2500,7600
1475158258,159.5600,159.5600,159.3600,159.3600,19500
1475158318,159.5600,159.5900,159.5200,159.5900,13700
1475158320,159.7100,159.7100,159.5800,159.5800,3200
1475158438,159.6300,159.7300,159.5700,159.7300,4700
1475158497,159.4050,159.6300,159.3910,159.6300,20800
1475158501,159.3500,159.4500,159.3300,159.4100,7100
1475158562,159.5300,159.5400,159.3600,159.3600,15300
1475158679,159.5200,159.5500,159.4800,159.5300,7200
1475158681,159.6000,159.6000,159.5000,159.5400,4500
1475158740,159.7805,159.8800,159.5900,159.6400,8300
1475158806,159.6950,159.7600,159.6400,159.7600,1600
1475158916,159.7013,159.7200,159.6500,159.6700,4600
1475158920,159.5900,159.7200,159.5900,159.6700,3900
1475158990,159.6500,159.6600,159.5300,159.5600,4600
1475159096,159.7400,159.7700,159.6200,159.7000,10300
1475159155,159.7600,159.8950,159.7500,159.7500,13600
1475159174,159.8000,159.8100,159.7300,159.7500,10600
1475159221,159.8200,159.8200,159.7600,159.8000,3400
1475159339,159.6000,159.7900,159.5856,159.7900,6900
1475159349,159.5050,159.5700,159.5001,159.5700,7200
1475159400,159.4600,159.5400,159.4600,159.5050,8300
1475159462,159.4100,159.4800,159.3800,159.4300,6200
1475159577,159.3000,159.3900,159.3000,159.3900,4700
1475159636,159.3290,159.3300,159.2894,159.3000,3700
1475159697,159.2900,159.4000,159.2900,159.3300,3300
1475159702,159.3800,159.4600,159.2900,159.3200,6900
1475159817,159.5000,159.5000,159.3800,159.3800,4800
1475159831,159.4600,159.5300,159.4600,159.4792,2400
1475159881,159.3600,159.4400,159.3300,159.4400,2900
1475159946,159.3400,159.3490,159.3100,159.3300,4200
1475160003,159.4400,159.4400,159.3500,159.3500,4600
1475160119,159.3900,159.3900,159.3100,159.3900,7600
1475160122,159.3100,159.3800,159.2700,159.3800,3400
1475160180,159.2665,159.3600,159.2500,159.2700,3100
1475160240,159.3000,159.3000,159.2100,159.2500,8500
1475160357,159.3000,159.3400,159.2400,159.2600,5700
1475160419,159.3000,159.3600,159.3000,159.3300,3500
1475160421,159.1778,159.2900,159.1770,159.2900,2100
1475160481,159.2300,159.2300,159.1600,159.1860,5300
1475160597,159.1800,159.2500,159.1800,159.2200,5400
1475160600,159.2087,159.2300,159.1800,159.1800,12300
1475160713,159.2300,159.2600,159.1500,159.1952,3700
1475160721,159.2000,159.2500,159.1800,159.2500,5700
1475160787,159.2700,159.2700,159.2000,159.2000,2000
1475160845,159.1000,159.3000,159.0300,159.2837,24300
1475160956,159.2700,159.2700,159.1000,159.1000,10800
1475160960,159.1600,159.2600,159.1100,159.2600,5900
1475161077,159.2700,159.2700,159.1600,159.1600,4800
1475161081,159.2000,159.2680,159.1801,159.2680,4200
1475161158,159.1300,159.2000,159.1300,159.2000,4800
1475161258,159.1000,159.3600,159.1000,159.1400,25400
1475161319,159.1900,159.1900,159.0700,159.1058,9700
1475161378,159.0900,159.1900,159.0600,159.1900,4600
1475161380,159.1400,159.1500,159.0400,159.0900,6300
1475161497,159.0900,159.1300,159.0700,159.1100,6400
1475161502,159.1400,159.1400,159.0600,159.1300,6200
1475161565,159.0800,159.1500,159.0700,159.1398,7100
1475161622,159.0200,159.0700,159.0100,159.0700,5500
1475161698,158.9600,159.0100,158.9600,159.0100,1900
1475161750,159.0400,159.0400,158.9400,158.9600,4300
1475161802,158.9700,159.1000,158.9700,159.0600,6100
1475161884,158.9100,158.9800,158.9100,158.9700,1100
1475161972,158.7700,158.9100,158.7700,158.9100,4800
1475162038,158.8100,158.8300,158.7800,158.8100,6400
1475162041,158.8400,158.8400,158.7901,158.8000,3100
1475162100,158.8500,158.8900,158.8400,158.8400,8700
1475162160,158.7800,158.8500,158.7500,158.8400,3900
1475162231,158.6500,158.7600,158.6500,158.7600,3600
1475162283,158.7456,158.7500,158.6700,158.6700,7400
1475162397,158.7900,158.7900,158.7500,158.7500,3300
1475162402,158.8201,158.8400,158.7600,158.7800,5200
1475162519,158.7200,158.8200,158.7200,158.8200,4900
1475162520,158.6600,158.7150,158.6500,158.7150,8300
1475162583,158.7100,158.7100,158.6000,158.6571,8600
1475162699,158.6500,158.6900,158.6400,158.6900,4600
1475162701,158.7100,158.7100,158.6400,158.6600,6600
1475162760,158.7000,158.7400,158.6900,158.7000,4000
1475162827,158.7000,158.7300,158.6800,158.6900,4700
1475162891,158.8900,158.8900,158.6950,158.7100,10900
1475162990,158.8600,158.9000,158.8300,158.9000,3600
1475163002,158.9400,159.0200,158.8600,158.8600,11600
1475163118,159.1500,159.1500,158.9400,158.9600,14000
1475163120,159.1100,159.1800,159.1100,159.1500,9600
1475163187,159.1700,159.1700,159.0700,159.0800,2900
1475163256,159.1400,159.1900,159.1000,159.1700,4200
1475163310,159.1300,159.2200,159.1300,159.1300,3000
1475163360,159.0900,159.1400,159.0900,159.1200,7100
1475163473,159.0800,159.1300,159.0800,159.1100,5300
1475163480,159.0000,159.0939,159.0000,159.0800,2800
1475163596,158.9600,159.0200,158.9600,159.0200,6300
1475163600,159.0400,159.0500,158.9857,158.9857,6200
1475163719,159.0200,159.0400,159.0000,159.0400,2800
1475163720,159.0000,159.0500,158.9800,159.0300,10000
1475163793,159.0000,159.0000,158.9700,158.9900,2200
1475163857,158.9500,158.9800,158.9500,158.9700,2700
1475163902,158.9700,159.0100,158.9600,158.9600,9200
1475163963,159.0944,159.0944,158.9800,159.0000,2800
1475164030,159.0900,159.0900,159.0500,159.0800,2900
1475164138,159.0900,159.1000,159.0600,159.0900,4300
1475164196,158.9968,159.0700,158.9800,159.0700,6500
1475164202,159.0000,159.0500,159.0000,159.0050,5500
1475164261,159.1800,162.5000,159.0200,159.0300,117100
1475164337,159.2500,159.3000,159.1800,159.1900,4800
1475164381,159.3100,159.3400,159.2300,159.2600,13000
1475164441,159.2899,159.3200,159.2100,159.3200,3200
1475164500,159.3400,159.3400,159.2400,159.2650,3800
1475164561,159.3400,159.3400,159.2700,159.2900,3500
1475164622,159.3300,159.3700,159.3000,159.3000,3600
1475164733,159.3801,159.4300,159.3300,159.3300,4300
1475164740,159.2800,159.4100,159.2800,159.4100,5000
1475164805,159.1800,159.3000,159.1800,159.2700,4300
1475164917,159.1300,159.2000,159.1200,159.1800,10200
1475164922,159.1600,159.1900,159.1100,159.1300,6000
1475164981,159.1200,159.1800,159.1200,159.1800,1000
1475165045,159.1900,159.2300,159.1100,159.1100,3500
1475165101,159.3000,159.3000,159.2050,159.2100,1900
1475165163,159.4700,159.5000,159.2700,159.3100,12100
1475165275,159.5000,159.5000,159.4100,159.4493,6900
1475165280,159.5200,159.5500,159.4800,159.4900,4000
1475165361,159.6300,159.6300,159.5000,159.5700,5000
1475165402,159.5700,159.6500,159.5400,159.5800,4800
1475165460,159.5750,159.6500,159.5300,159.6000,10300
1475165578,159.6300,159.6300,159.5500,159.5800,5100
1475165632,159.6200,159.6700,159.5800,159.5800,8600
1475165640,159.5300,159.6300,159.5300,159.6150,4500
1475165702,159.5500,159.6000,159.5300,159.5500,7100
1475165768,159.4900,159.5400,159.4900,159.5200,2700
1475165875,159.4300,159.5300,159.4300,159.5040,3500
1475165882,159.4100,159.4400,159.3900,159.4200,4700
1475165952,159.4100,159.4500,159.3900,159.4500,1300
1475166059,159.3600,159.3800,159.3100,159.3800,4300
1475166060,159.3800,159.3800,159.3400,159.3700,3200
1475166194,159.4200,159.4600,159.3800,159.4000,4900
1475166298,159.4400,159.4700,159.4200,159.4500,1900
1475166302,159.5000,159.5300,159.4500,159.4500,7000
1475166361,159.5800,159.5800,159.5100,159.5100,2500
1475166425,159.5500,159.6300,159.5500,159.6000,3400
1475166482,159.4100,159.5500,159.4100,159.5500,4000
1475166559,159.4200,159.4439,159.4020,159.4020,1800
1475166602,159.4200,159.4500,159.4200,159.4300,1200
1475166662,159.3150,159.4100,159.3000,159.4100,3900
1475166721,159.2800,159.3100,159.2400,159.3000,4300
1475166787,159.2500,159.2500,159.2500,159.2500,400
1475166842,159.2600,159.2800,159.2200,159.2800,4400
1475166939,159.2300,159.2700,159.2283,159.2283,800
1475166962,159.1600,159.2500,159.1300,159.2400,4200
1475167076,159.2200,159.2400,159.1600,159.1600,6200
1475167082,159.1801,159.2300,159.1700,159.2100,5100
1475167151,159.1700,159.2500,159.1700,159.2100,3900
1475167200,159.0100,159.1400,159.0000,159.1400,8400
1475167269,159.0300,159.0500,158.9900,159.0400,3300
1475167324,159.0000,159.0600,159.0000,159.0000,2900
1475167388,158.9400,159.0025,158.9200,158.9900,6900
1475167499,158.9118,158.9400,158.8500,158.9200,6600
1475167500,158.8300,158.9200,158.7600,158.9000,7300
1475167575,158.7600,158.8200,158.7300,158.8200,6100
1475167632,158.7400,158.7400,158.7100,158.7400,2900
1475167688,158.7100,158.8170,158.7100,158.7500,3900
1475167740,158.5000,158.7100,158.5000,158.7100,9300
1475167806,158.2700,158.4800,158.1600,158.4800,12400
1475167860,158.1600,158.2200,158.0500,158.2200,6700
1475167979,158.0800,158.2300,157.9500,158.2300,6700
1475167981,158.2100,158.2100,158.0400,158.0600,5200
1475168041,158.1400,158.2400,158.0000,158.2100,5300
1475168100,158.1500,158.2300,158.1087,158.1087,5900
1475168219,158.0700,158.1900,157.9600,158.1500,10200
1475168224,158.1900,158.1900,157.9300,158.0600,22600
1475168339,158.1850,158.2000,158.1100,158.1600,9400
1475168395,158.2100,158.2400,158.1500,158.1800,5800
1475168401,157.9800,158.2500,157.9800,158.2400,11400
1475168513,158.0300,158.0900,157.8500,157.9700,8900
1475168525,157.9200,158.0700,157.9200,158.0596,6900
1475168589,158.0100,158.0100,157.8900,157.8900,4600
1475168640,158.1000,158.1000,157.9900,158.0100,6400
1475168757,158.1400,158.1600,158.0000,158.0800,14000
1475168760,158.1600,158.1600,158.0600,158.1400,2400
1475168879,158.1200,158.1405,158.1000,158.1200,2800
1475168881,158.1900,158.2300,158.1100,158.1100,4300
1475168942,158.1600,158.2100,158.1300,158.2100,4100
1475169002,158.3700,158.3800,158.1200,158.1500,8600
1475169060,158.2975,158.3700,158.2900,158.3431,4100
1475169175,158.2200,158.2900,158.1600,158.2900,9700
1475169238,158.1700,158.2800,158.1500,158.2200,5300
1475169240,158.0900,158.2100,158.0700,158.1400,8000
1475169304,158.1800,158.2100,158.0600,158.0600,6300
1475169362,158.2500,158.2600,158.1700,158.1800,2600
1475169420,158.2300,158.2728,158.1700,158.2700,3900
1475169484,158.1700,158.2200,158.1300,158.1800,6000
1475169545,158.2000,158.2100,158.1700,158.1700,2200
1475169600,158.0550,158.2000,158.0500,158.1500,5000
1475169663,158.1000,158.1400,158.0700,158.1200,3800
1475169779,158.1700,158.1700,158.1100,158.1100,3900
1475169782,158.2400,158.2700,158.1600,158.1900,5500
1475169845,158.3200,158.3500,158.2600,158.2600,2500
1475169909,158.2200,158.3400,158.2200,158.3100,5100
1475169961,158.3000,158.3000,158.2400,158.2400,1100
1475170024,158.2600,158.3900,158.2600,158.3300,5700
1475170081,158.3000,158.3300,158.2900,158.2900,1800
1475170147,158.2400,158.3300,158.2200,158.3000,2600
1475170202,158.1400,158.2100,158.1300,158.2100,3100
1475170261,158.1600,158.2200,158.1600,158.1600,3600
1475170379,158.1894,158.2200,158.1800,158.1800,3600
1475170380,158.2700,158.2700,158.1500,158.1700,4200
1475170445,158.3400,158.3700,158.3000,158.3000,2600
1475170502,158.2800,158.3300,158.2800,158.3300,5500
1475170616,158.3100,158.3200,158.2600,158.2600,2800
1475170623,158.2600,158.3150,158.2600,158.3150,1900
1475170684,158.2999,158.3000,158.2600,158.2900,1800
1475170760,158.2800,158.3100,158.2300,158.2600,3200
1475170811,158.2100,158.2300,158.1800,158.2300,2200
1475170866,158.1500,158.1700,158.1200,158.1500,3300
1475170953,158.1200,158.1700,158.1000,158.1700,2400
1475170989,158.0850,158.1400,158.0850,158.1029,3000
1475171098,158.2200,158.2300,158.0400,158.0400,4200
1475171101,158.1000,158.2300,158.1000,158.2300,5700
1475171219,157.9600,158.1000,157.9500,158.1000,11700
1475171274,157.7700,157.9700,157.6800,157.9600,37900
1475171282,157.8500,157.8800,157.7500,157.7620,10800
1475171344,157.8900,157.8900,157.7700,157.8300,6700
1475171454,157.9200,157.9400,157.8600,157.9000,4800
1475171461,157.7867,157.8900,157.7600,157.8900,9500
1475171529,157.8600,157.8600,157.7700,157.7700,3000
1475171582,157.7000,157.8900,157.6700,157.8800,6400
1475171640,157.7400,157.7800,157.6500,157.6750,6500
1475171704,157.5700,157.6600,157.5700,157.6600,3100
1475171810,157.5500,157.6000,157.4600,157.5150,3300
1475171820,157.6200,157.6200,157.5000,157.5000,3800
1475171880,157.7098,157.7600,157.6000,157.6100,6000
1475171942,157.6500,157.6900,157.6300,157.6700,4700
1475172013,157.7700,157.8000,157.6600,157.6650,7900
1475172060,157.8400,157.8600,157.6700,157.7800,42000
1475172136,157.8700,157.9000,157.7901,157.8000,2900
1475172184,157.8300,157.8700,157.8100,157.8600,2100
1475172248,157.7700,157.8900,157.7700,157.8900,2400
1475172302,157.9500,158.0100,157.8000,157.8000,4900
1475172391,157.8800,158.0400,157.8800,157.9900,3500
1475172421,157.8900,157.9700,157.8900,157.9000,3000
1475172490,157.9750,158.0000,157.9100,157.9100,5900
1475172552,157.9700,158.0196,157.9400,157.9600,2400
1475172604,157.8300,158.0000,157.8300,157.9800,5000
1475172660,157.9300,157.9600,157.8700,157.8700,2500
1475172776,157.8400,157.9700,157.8400,157.9500,5100
1475172781,157.9000,157.9000,157.8200,157.8300,7400
1475172841,158.0100,158.0100,157.8600,157.8700,4000
1475172919,158.1200,158.1200,158.0080,158.0080,1500
1475172960,158.1300,158.1500,158.0900,158.1100,6000
1475173020,158.2100,158.2100,158.1000,158.1100,1500
1475173081,158.1400,158.2366,158.1400,158.2366,4600
1475173199,158.2229,158.2400,158.1400,158.1400,5900
1475173202,158.2500,158.3200,158.1900,158.1900,4600
1475173263,158.1350,158.2500,158.1200,158.2200,4200
1475173325,158.2400,158.3090,158.1200,158.1200,6400
1475173434,158.2400,158.3200,158.2200,158.3000,2700
1475173446,158.3000,158.3200,158.2000,158.2000,2300
1475173503,158.1500,158.3400,158.1500,158.3400,5100
1475173564,158.2500,158.2600,158.1200,158.1300,4800
1475173625,158.1500,158.2400,158.1500,158.2400,2500
1475173681,158.3000,158.3400,158.1900,158.2000,10200
1475173794,158.5350,158.5350,158.2980,158.3200,4800
1475173804,158.4700,158.5450,158.4700,158.4900,8700
1475173860,158.3200,158.4700,158.3200,158.4700,8600
1475173922,158.4500,158.4500,158.3400,158.3400,4300
1475173993,158.4000,158.4500,158.4000,158.4300,2600
1475174051,158.4700,158.5100,158.4200,158.4200,3100
1475174103,158.5900,158.6100,158.5100,158.5100,4100
1475174217,158.6200,158.6400,158.5900,158.6100,1800
1475174220,158.7100,158.7400,158.6100,158.6500,4600
1475174282,158.6400,158.7200,158.6400,158.7150,6000
1475174342,158.6300,158.6800,158.6100,158.6100,7200
1475174400,158.5700,158.6760,158.5600,158.6400,6100
1475174462,158.5200,158.5800,158.5000,158.5800,3700
1475174521,158.5800,158.6100,158.5200,158.5300,5000
1475174628,158.5300,158.5978,158.5300,158.5978,2900
1475174640,158.5450,158.5900,158.5400,158.5600,7800
1475174759,158.5200,158.5900,158.5100,158.5200,3200
1475174760,158.5500,158.5800,158.5000,158.5100,3400
1475174877,158.6050,158.6200,158.5600,158.5800,4000
1475174880,158.6700,158.7200,158.6100,158.6100,7600
1475174946,158.6800,158.7300,158.6800,158.6900,4900
1475175059,158.7100,158.7200,158.6400,158.7000,5100
1475175119,158.6900,158.6950,158.6500,158.6950,3700
1475175123,158.5300,158.7100,158.5300,158.7000,4700
1475175239,158.6100,158.6300,158.5200,158.5200,3600
1475175299,158.5975,158.6500,158.5800,158.5900,7800
1475175301,158.6009,158.6500,158.5900,158.5900,6100
1475175361,158.5300,158.6200,158.5300,158.5840,4300
1475175424,158.4900,158.5400,158.4800,158.5260,9000
1475175482,158.3700,158.4800,158.3700,158.4800,3000
1475175594,158.4200,158.4200,158.3200,158.3300,6400
1475175607,158.3500,158.3500,158.2900,158.3400,4200
1475175674,158.4500,158.4800,158.3400,158.3400,4800
1475175721,158.2300,158.4500,158.1600,158.4400,5900
1475175831,158.2300,158.2700,158.2000,158.2400,2400
1475175840,158.2800,158.3600,158.2300,158.2300,7700
1475175900,158.3900,158.3900,158.2850,158.2900,6100
1475175961,158.2900,158.4100,158.2700,158.4100,3800
1475176031,158.3100,158.3300,158.2400,158.2900,5500
1475176080,158.3700,158.3700,158.3000,158.3000,6900
1475176194,158.3900,158.4200,158.3300,158.3300,4200
1475176200,158.2700,158.3900,158.2700,158.3900,2700
1475176318,158.2518,158.3000,158.2300,158.2700,4600
1475176377,158.2800,158.3200,158.2550,158.2700,8000
1475176434,158.3800,158.4000,158.2800,158.2800,6900
1475176497,158.3500,158.3800,158.3200,158.3700,3800
1475176548,158.3100,158.3700,158.2850,158.3600,3000
1475176560,158.3148,158.3500,158.3100,158.3100,2300
1475176620,158.2600,158.3000,158.2400,158.3000,3900
1475176736,158.3628,158.3800,158.2750,158.2750,5100
1475176740,158.3500,158.3850,158.3200,158.3400,2700
1475176806,158.2900,158.3400,158.2500,158.3400,4400
1475176867,158.3150,158.3400,158.2900,158.3100,10800
1475176924,158.3600,158.3700,158.3100,158.3100,7400
1475176980,158.2600,158.3500,158.2500,158.3400,6300
1475177053,158.2400,158.2800,158.2300,158.2800,2400
1475177109,158.2150,158.2700,158.2150,158.2500,6900
1475177219,158.1300,158.2800,158.1300,158.2600,6900
1475177221,158.1000,158.1700,158.0100,158.1600,6100
1475177337,158.2600,158.2630,158.1800,158.2300,9900
1475177347,158.4300,158.4300,158.2300,158.2600,7500
1475177400,158.3700,158.4400,158.3100,158.4000,7600
1475177519,158.3000,158.4000,158.3000,158.3600,5100
1475177520,158.4600,158.4760,158.3100,158.3100,7200
1475177581,158.5400,158.6200,158.4500,158.4600,6700
1475177651,158.5600,158.5705,158.4900,158.5200,7900
1475177758,158.5316,158.5600,158.4900,158.5600,5700
1475177764,158.4900,158.5800,158.4900,158.5500,4300
1475177823,158.4600,158.5500,158.4600,158.4950,9200
1475177881,158.4800,158.5300,158.4500,158.5300,7500
1475177995,158.5800,158.5800,158.4600,158.4600,5500
1475178000,158.4600,158.6300,158.4300,158.5650,5700
1475178062,158.3400,158.4400,158.3100,158.4300,9700
1475178123,158.3600,158.4300,158.3200,158.3300,9100
1475178182,158.3700,158.4200,158.3300,158.3300,6000
1475178242,158.4100,158.4300,158.3600,158.3800,10300
1475178300,158.3800,158.4500,158.3700,158.3700,14200
1475178362,158.4200,158.4300,158.3700,158.3800,7300
1475178420,158.4200,158.4300,158.3500,158.4100,8700
1475178539,158.3650,158.4400,158.3200,158.4100,11900
1475178540,158.3200,158.3900,158.3100,158.3600,14900
1475178600,158.2800,158.3400,158.2500,158.3300,15700
1475178661,158.2399,158.3200,158.2300,158.2900,16500
1475178775,158.2600,158.2600,158.2100,158.2400,14400
1475178834,158.2750,158.2800,158.2000,158.2600,20700
1475178894,158.3300,158.3300,158.2500,158.2500,24900
1475178900,158.2700,158.3400,158.2400,158.3150,17500
1475179017,158.1900,158.2900,158.1200,158.2600,19500
1475179078,158.1700,158.2300,158.1200,158.2000,18200
1475179080,158.1800,158.2300,158.1400,158.1700,25000
1475179140,158.1300,158.2400,158.0800,158.1800,41500
1475179200,158.1300,158.1300,158.1300,158.1300,100
