uri:/instrument/1.0/VIA/chartdata;type=quote;range=1d/csv
ticker:via
Company-Name:Viacom Inc.
Exchange-Name:NMS
unit:MIN
timezone:EDT
currency:USD
gmtoffset:-14400
previous_close:40.9200
Timestamp:1475155800,1475179200
labels:1475157600,1475161200,1475164800,1475168400,1475172000,1475175600,1475179200
values:Timestamp,close,high,low,open,volume
close:40.8800,43.0200
high:40.8800,43.0200
low:40.8100,43.0200
open:40.8100,43.0200
volume:100,24700
1475155800,41.2900,41.2900,41.2900,41.2900,3600
1475155911,41.0700,41.0700,41.0000,41.0000,6600
1475155920,41.0000,41.0000,41.0000,41.0000,2700
1475156020,41.1500,41.1500,41.1000,41.1000,300
1475156095,41.1300,41.2253,41.1300,41.2253,700
1475156157,41.1300,41.1300,41.1300,41.1300,100
1475156202,40.9250,41.1000,40.8700,41.0400,8300
1475156258,40.8800,41.0000,40.8800,40.9000,1000
1475156339,40.8800,40.9200,40.8100,40.8100,1400
1475156374,40.8800,40.8800,40.8700,40.8700,200
1475156445,40.9200,40.9200,40.9200,40.9200,200
1475156463,41.1300,41.1500,40.9200,40.9500,3700
1475156635,41.2800,41.2800,41.0200,41.1000,4500
1475156641,41.2900,41.3000,41.2500,41.2700,2400
1475156722,41.3150,41.4000,41.2100,41.2100,1800
1475156815,41.1900,41.3800,41.1600,41.3200,4600
1475156852,41.1600,41.2300,41.1600,41.1700,1500
1475156903,41.1600,41.1600,41.1600,41.1600,200
1475156981,41.2150,41.2500,41.1800,41.2500,700
1475157049,41.2200,41.2400,41.1500,41.1500,2100
1475157112,41.1700,41.2100,41.1600,41.2100,2100
1475157149,41.1700,41.2300,41.1700,41.2300,200
1475157192,41.2400,41.2400,41.2400,41.2400,200
1475157270,41.4600,41.4600,41.3400,41.3400,200
1475157313,41.5900,41.5900,41.4400,41.4400,1300
1475157470,41.5900,41.6419,41.5900,41.6419,400
1475157489,41.5900,41.5900,41.5900,41.5900,700
1475157574,41.5990,41.6000,41.5900,41.6000,900
1475157638,41.5800,41.5800,41.5000,41.5000,300
1475157670,41.5800,41.5900,41.5000,41.5000,1300
1475157776,41.5600,41.5900,41.5600,41.5900,900
1475157829,41.5900,41.5900,41.5900,41.5900,500
1475157850,41.5500,41.5700,41.5500,41.5700,500
1475157903,41.5701,41.6800,41.5701,41.6000,2000
1475158105,41.5300,41.5400,41.5300,41.5400,300
1475158177,41.5600,41.6400,41.5600,41.6400,700
1475158331,41.6185,41.6185,41.6185,41.6185,300
1475158389,41.6600,41.6600,41.6600,41.6600,300
1475158480,41.6504,41.7000,41.6503,41.6800,1100
1475158500,41.6469,41.6800,41.5600,41.6350,2900
1475158610,41.5100,41.5700,41.4700,41.5500,1400
1475158639,41.4964,41.4964,41.4964,41.4964,200
1475158722,41.6400,41.6400,41.6200,41.6200,300
1475158761,41.7233,41.8000,41.6900,41.6900,1100
1475158899,41.8806,41.8806,41.8806,41.8806,100
1475159039,41.8500,41.8700,41.8000,41.8200,4300
1475159041,41.7600,41.9300,41.7600,41.8500,2400
1475159137,41.7600,41.7700,41.7500,41.7700,1400
1475159454,41.9500,41.9500,41.9050,41.9100,1300
1475159622,41.9500,41.9500,41.9278,41.9500,300
1475159672,41.9999,41.9999,41.9999,41.9999,200
1475159715,42.1350,42.1400,42.0000,42.0000,800
1475159859,42.1400,42.1500,42.1400,42.1500,200
1475159897,42.2600,42.2600,42.2600,42.2600,200
1475160001,42.2000,42.2000,42.2000,42.2000,100
1475160304,42.1000,42.1825,42.1000,42.1825,400
1475160513,42.1100,42.1400,42.1100,42.1100,700
1475160710,42.1700,42.2000,42.1700,42.1800,2000
1475160777,42.1600,42.1800,42.0800,42.1700,3000
1475160825,42.1800,42.1950,42.1600,42.1600,2300
1475160872,42.2100,42.2500,42.1800,42.1800,600
1475160947,42.2500,42.4200,42.2000,42.2491,24700
1475160967,42.3000,42.3600,42.3000,42.3600,300
1475161222,42.3260,42.3600,42.3260,42.3600,200
1475161368,42.3600,42.3600,42.3600,42.3600,100
1475161543,42.4200,42.4200,42.3057,42.3700,1100
1475161577,42.3775,42.3775,42.3775,42.3775,300
1475161678,42.5200,42.5300,42.4100,42.4100,1700
1475161722,42.5100,42.5500,42.5100,42.5300,2200
1475161745,42.3500,42.5200,42.3500,42.5100,3300
1475161898,42.4850,42.4850,42.4850,42.4850,300
1475161990,42.6400,42.9800,42.5400,42.5400,17200
1475162055,42.4000,42.7695,42.4000,42.6200,14400
1475162108,42.5400,42.8699,42.5400,42.6100,13700
1475162213,42.4920,42.6450,42.4900,42.6450,12700
1475162227,42.4900,42.5000,42.4900,42.5000,300
1475162325,42.5700,42.6000,42.4500,42.6000,4800
1475162396,42.5800,42.5800,42.4500,42.5800,3800
1475162400,42.5600,42.6000,42.5200,42.5800,5900
1475162548,42.4569,42.4569,42.4569,42.4569,500
1475162710,42.4900,42.4900,42.4900,42.4900,100
1475162814,42.4655,42.4900,42.4655,42.4900,300
1475162892,42.5100,42.5100,42.4900,42.4900,400
1475162960,42.5000,42.5100,42.5000,42.5100,200
1475163125,42.4700,42.5400,42.4700,42.5400,700
1475163182,42.5400,42.5400,42.5400,42.5400,100
1475163314,42.4750,42.4750,42.4750,42.4750,100
1475163414,42.5292,42.5292,42.5292,42.5292,100
1475163512,42.5200,42.5200,42.5200,42.5200,200
1475163635,42.5100,42.5100,42.5100,42.5100,300
1475163702,42.6400,42.6400,42.6400,42.6400,100
1475163814,42.5401,42.5401,42.5401,42.5401,400
1475163885,42.6200,42.6200,42.6200,42.6200,100
1475163950,42.7000,42.7100,42.7000,42.7100,400
1475163962,42.8539,42.8539,42.7800,42.7800,5400
1475164029,42.7000,42.7500,42.7000,42.7500,200
1475164100,42.7300,42.7300,42.7300,42.7300,100
1475164185,42.6820,42.6820,42.6820,42.6820,2500
1475164225,42.7300,42.7300,42.7300,42.7300,100
1475164305,42.7300,42.7300,42.6565,42.6565,600
1475164410,42.7500,42.7500,42.7500,42.7500,100
1475164491,42.7600,42.7600,42.7600,42.7600,200
1475164529,42.8300,42.8300,42.6800,42.7901,20800
1475164570,42.8100,42.8100,42.8100,42.8100,300
1475164785,42.7900,42.7900,42.7900,42.7900,100
1475164815,42.7992,42.8000,42.7767,42.8000,1200
1475164860,42.8000,42.8000,42.8000,42.8000,100
1475165001,42.7392,42.7392,42.7392,42.7392,100
1475165210,42.8300,42.8300,42.7800,42.7800,700
1475165323,42.8800,42.8800,42.8019,42.8019,600
1475165446,42.8400,42.8500,42.8400,42.8500,200
1475165464,42.8200,42.8200,42.8200,42.8200,200
1475165547,42.7600,42.7800,42.7600,42.7800,400
1475165693,42.8400,42.8400,42.8400,42.8400,200
1475165834,42.8500,42.8500,42.8500,42.8500,200
1475165993,42.8500,42.8500,42.8120,42.8120,700
1475166158,42.8900,42.8900,42.8900,42.8900,100
1475166216,42.8900,42.8900,42.8405,42.8405,2100
1475166425,42.7820,42.7820,42.7820,42.7820,300
1475166652,42.8900,42.8900,42.8493,42.8493,500
1475166891,42.9200,42.9400,42.9000,42.9000,500
1475166916,42.9900,42.9900,42.9400,42.9400,500
1475167058,43.0200,43.0200,43.0200,43.0200,200
1475167124,42.9900,42.9900,42.9900,42.9900,400
1475167307,42.9300,42.9300,42.9300,42.9300,100
1475167327,42.8500,42.9360,42.8500,42.9360,800
1475167423,42.8770,42.8770,42.8770,42.8770,300
1475167590,42.8345,42.8345,42.8345,42.8345,300
1475167689,42.9200,42.9200,42.8500,42.8500,2200
1475167900,42.7590,42.7590,42.7590,42.7590,100
1475168565,42.5800,42.6100,42.5800,42.6100,200
1475168610,42.4800,42.5450,42.4800,42.5450,2100
1475168642,42.6200,42.6500,42.5400,42.5400,1500
1475168758,42.5928,42.5928,42.5928,42.5928,100
1475168763,42.6500,42.6500,42.5800,42.6400,1600
1475168884,42.7106,42.7106,42.7106,42.7106,300
1475169042,42.8000,42.8000,42.6525,42.6800,800
1475169164,42.6600,42.6900,42.6600,42.6900,400
1475169198,42.6504,42.6504,42.6504,42.6504,300
1475169560,42.6500,42.6500,42.6302,42.6500,1000
1475169670,42.6500,42.6500,42.6500,42.6500,100
1475169728,42.5900,42.5900,42.5900,42.5900,200
1475169794,42.6300,42.6300,42.6300,42.6300,300
1475169882,42.6500,42.6500,42.6110,42.6500,400
1475169903,42.6500,42.6500,42.6500,42.6500,1200
1475170327,42.5940,42.5940,42.5940,42.5940,200
1475170667,42.5000,42.5400,42.4800,42.5400,1400
1475170689,42.5000,42.5100,42.4600,42.4600,600
1475170753,42.5100,42.5100,42.5100,42.5100,500
1475170866,42.5300,42.5300,42.5000,42.5000,1100
1475170932,42.5200,42.5600,42.5200,42.5600,400
1475171091,42.5500,42.5500,42.5500,42.5500,200
1475171126,42.5900,42.5900,42.5400,42.5400,1800
1475171260,42.5700,42.5700,42.5700,42.5700,200
1475171305,42.5900,42.5900,42.5300,42.5600,300
1475171383,42.5800,42.5900,42.5800,42.5900,600
1475171401,42.7400,42.7400,42.5725,42.5885,7000
1475171627,42.5700,42.5700,42.5700,42.5700,100
1475171873,42.4600,42.4600,42.4600,42.4600,200
1475171953,42.4531,42.4531,42.4531,42.4531,1000
1475172002,42.4540,42.4540,42.4540,42.4540,100
1475172070,42.3000,42.4300,42.3000,42.4300,500
1475172289,42.3520,42.3910,42.3520,42.3818,1000
1475172321,42.4000,42.4000,42.4000,42.4000,500
1475172741,42.3000,42.3000,42.3000,42.3000,400
1475173363,42.5150,42.6220,42.5150,42.6100,1300
1475173610,42.5400,42.5400,42.5300,42.5300,400
1475173839,42.7200,42.7200,42.7200,42.7200,200
1475173970,42.5850,42.5850,42.5850,42.5850,100
1475174036,42.6000,42.6200,42.6000,42.6200,400
1475174112,42.6900,42.6900,42.6900,42.6900,300
1475174243,42.6450,42.6450,42.6450,42.6450,100
1475174635,42.7082,42.7082,42.7082,42.7082,200
1475174759,42.6250,42.6950,42.5900,42.6950,1000
1475174784,42.5800,42.5800,42.5800,42.5800,100
1475175103,42.5958,42.6200,42.5850,42.5850,400
1475175163,42.6300,42.6300,42.6300,42.6300,100
1475175440,42.6100,42.6100,42.6100,42.6100,200
1475175509,42.6000,42.6200,42.6000,42.6100,2500
1475175578,42.5300,42.5300,42.5300,42.5300,600
1475175619,42.5000,42.5000,42.5000,42.5000,400
1475175807,42.5150,42.5150,42.5000,42.5000,1300
1475175898,42.4600,42.5000,42.4600,42.5000,400
1475175926,42.4744,42.4744,42.4744,42.4744,100
1475176008,42.4600,42.4600,42.4600,42.4600,100
1475176079,42.5600,42.5600,42.4900,42.5000,1100
1475176128,42.5100,42.5100,42.4950,42.4950,600
1475176170,42.5600,42.5600,42.5600,42.5600,100
1475176340,42.5000,42.5100,42.5000,42.5100,900
1475176390,42.5296,42.6000,42.5200,42.5200,1300
1475176531,42.5500,42.5900,42.5500,42.5900,300
1475176620,42.4700,42.5000,42.4700,42.4900,500
1475177013,42.4202,42.4202,42.4202,42.4202,400
1475177332,42.3810,42.4600,42.3400,42.3400,600
1475177376,42.4100,42.4100,42.4100,42.4100,400
1475177487,42.4400,42.4400,42.4200,42.4200,500
1475177806,42.4800,42.5000,42.4800,42.5000,700
1475177824,42.4700,42.4800,42.4700,42.4800,500
1475177985,42.4600,42.4700,42.4600,42.4700,300
1475178040,42.4600,42.4600,42.4600,42.4600,800
1475178108,42.4100,42.4100,42.3845,42.3845,500
1475178220,42.3800,42.4000,42.3680,42.4000,1700
1475178252,42.4100,42.4100,42.4100,42.4100,200
1475178302,42.4900,42.4900,42.4500,42.4500,300
1475178438,42.4200,42.4200,42.4200,42.4200,500
1475178574,42.5100,42.5100,42.4700,42.4700,500
1475178643,42.5000,42.5600,42.5000,42.5300,2400
1475178716,42.4800,42.4800,42.4800,42.4800,200
1475178753,42.5000,42.5000,42.4879,42.4879,500
1475178812,42.5100,42.5100,42.5000,42.5000,500
1475178870,42.5400,42.5400,42.5346,42.5346,600
1475178905,42.5100,42.5228,42.5100,42.5228,200
1475178966,42.4700,42.4900,42.4700,42.4900,700
1475179137,42.4600,42.4600,42.4600,42.4600,200
1475179140,42.5300,42.5300,42.4464,42.4700,1800
1475179200,42.5200,42.5200,42.5200,42.5200,400
