uri:/instrument/1.0/ULTA/chartdata;type=quote;range=1d/csv
ticker:ulta
Company-Name:Ulta Salon, Cosmetics & Fragran
Exchange-Name:NMS
unit:MIN
timezone:EDT
currency:USD
gmtoffset:-14400
previous_close:237.1200
Timestamp:1475242200,1475265600
labels:1475244000,1475247600,1475251200,1475254800,1475258400,1475262000,1475265600
values:Timestamp,close,high,low,open,volume
close:237.3450,240.0800
high:237.4400,240.6100
low:237.3200,240.0800
open:237.3200,240.2100
volume:100,90600
1475242277,239.6300,239.6300,239.6300,239.6300,9300
1475242329,240.0800,240.6100,240.0800,240.2100,3000
1475242406,239.7600,239.7600,239.7600,239.7600,500
1475242490,239.8025,240.0400,239.8025,240.0400,600
1475242523,239.1700,239.9300,239.1700,239.5000,5500
1475242580,239.7300,239.8000,239.1700,239.8000,800
1475242634,238.9100,239.4700,238.7100,239.4700,1700
1475242680,239.1800,239.1800,238.6000,239.0400,4000
1475242745,238.7400,239.2500,238.7400,239.0200,2100
1475242804,238.8000,238.8800,237.9410,238.8200,3600
1475242917,238.7100,238.9100,238.7100,238.8000,1900
1475242921,238.9900,239.1100,238.8140,238.9100,2500
1475242983,239.0600,239.0600,238.8300,239.0000,2700
1475243086,239.3000,239.3000,238.8600,239.1200,6500
1475243157,239.0300,239.4000,239.0100,239.1700,7100
1475243164,238.7400,238.8900,238.7400,238.8900,1500
1475243227,238.7500,238.8400,238.5800,238.8400,1100
1475243317,238.0500,238.6000,238.0500,238.6000,3100
1475243340,238.3800,238.5500,237.9434,238.1464,2900
1475243432,238.5400,238.5400,238.3100,238.3100,1100
1475243470,238.5300,238.7050,238.3800,238.4401,2100
1475243559,238.3100,238.3450,238.1301,238.3450,1800
1475243638,238.5950,238.6100,238.5950,238.6100,500
1475243640,238.3400,238.5500,238.2500,238.4800,3200
1475243730,238.4700,238.4700,238.3200,238.3200,400
1475243810,238.3500,238.5270,238.3500,238.5270,300
1475243866,238.4700,238.4700,238.4450,238.4450,500
1475243902,238.4320,238.4900,238.3000,238.4900,800
1475243944,238.1950,238.2600,238.1950,238.2600,300
1475244017,238.2150,238.2300,238.2150,238.2300,700
1475244070,238.2600,238.4100,238.1600,238.2700,2100
1475244174,238.1600,238.2150,238.1600,238.2150,400
1475244187,238.1500,238.1500,238.0700,238.1200,800
1475244283,238.2600,238.2600,238.2100,238.2100,800
1475244353,238.2600,238.3900,238.1600,238.3500,2300
1475244366,238.1965,238.1965,238.1965,238.1965,200
1475244422,238.1350,238.2700,238.1000,238.1300,3000
1475244481,238.0300,238.2000,238.0300,238.2000,800
1475244597,238.1900,238.2700,238.1100,238.1100,2300
1475244606,238.1800,238.1800,238.0900,238.1400,1700
1475244723,238.2150,238.3000,238.2150,238.2400,600
1475244789,238.4300,238.4300,238.3000,238.3000,900
1475244919,238.2500,238.2500,238.2500,238.2500,100
1475245002,238.2937,238.2937,238.2400,238.2400,1200
1475245021,237.9800,238.2700,237.9800,238.2100,1300
1475245118,238.0800,238.0800,238.0800,238.0800,100
1475245141,237.5300,238.0100,237.5300,238.0100,5300
1475245206,237.3500,237.4500,237.3500,237.4500,700
1475245292,237.4550,237.4550,237.3200,237.3200,2500
1475245377,237.3450,237.4400,237.3450,237.4400,900
1475245410,237.4300,237.4500,237.3800,237.3962,2100
1475245480,237.4700,237.4700,237.4700,237.4700,400
1475245506,237.5120,237.5120,237.5120,237.5120,200
1475245576,237.8100,237.8100,237.8100,237.8100,3500
1475245627,237.6650,237.6650,237.6650,237.6650,100
1475245709,237.7000,237.7000,237.6900,237.6900,300
1475245783,237.6300,237.6300,237.6300,237.6300,300
1475245855,237.9329,237.9329,237.6700,237.6700,1800
1475245862,238.2600,238.2600,237.9300,238.0900,5400
1475245964,238.2500,238.2500,238.0100,238.0100,500
1475245989,238.4800,238.4800,238.3980,238.3980,900
1475246042,238.4842,238.6100,238.4842,238.5400,1800
1475246105,238.6300,238.6300,238.5800,238.5800,500
1475246185,238.6900,238.6900,238.6500,238.6712,1600
1475246279,238.6400,238.6500,238.6200,238.6500,700
1475246296,238.7700,238.7700,238.7700,238.7700,800
1475246356,238.6425,238.7600,238.6200,238.7600,1200
1475246424,238.8600,238.8600,238.7100,238.7500,1300
1475246488,238.7300,238.7300,238.7300,238.7300,100
1475246591,238.5700,238.8300,238.5700,238.8200,1500
1475246646,238.6400,238.7300,238.5168,238.5168,2500
1475246750,238.6200,238.6200,238.6200,238.6200,100
1475246796,238.5500,238.6200,238.5500,238.6200,700
1475246859,238.3900,238.4200,238.2600,238.4200,2000
1475246890,238.4300,238.4600,238.4200,238.4600,900
1475246999,238.3600,238.3600,238.3600,238.3600,300
1475247048,238.4000,238.4000,238.3250,238.3250,200
1475247077,238.5500,238.5500,238.2700,238.3000,1900
1475247172,238.5700,238.5700,238.5200,238.5200,500
1475247189,238.7450,238.7700,238.5300,238.5300,2000
1475247249,238.7400,238.8200,238.7400,238.8200,200
1475247360,238.4300,238.7550,238.4300,238.7550,2100
1475247423,238.4900,238.4900,238.4600,238.4600,800
1475247483,238.4900,238.5300,238.3800,238.5100,6600
1475247597,238.5400,238.5800,238.3800,238.4900,3700
1475247644,238.6000,238.6800,238.5100,238.5100,1700
1475247660,238.6600,238.6600,238.5700,238.5800,900
1475247721,238.7700,238.7900,238.7700,238.7900,400
1475247838,238.8700,238.8700,238.8100,238.8500,600
1475247870,239.0000,239.0000,238.9000,238.9800,300
1475247917,239.1000,239.1000,239.0200,239.0750,2000
1475248019,238.8600,238.9350,238.8600,238.9350,600
1475248023,239.0000,239.0000,238.9200,238.9200,500
1475248082,238.8100,238.8100,238.8100,238.8100,200
1475248150,239.1800,239.1800,238.8000,238.8200,2300
1475248201,239.2650,239.3800,239.0900,239.1000,2500
1475248313,239.2120,239.2120,239.2120,239.2120,100
1475248332,239.0300,239.2900,239.0300,239.2800,1000
1475248387,239.0400,239.0500,239.0256,239.0256,700
1475248447,238.9950,239.2000,238.9950,239.1300,300
1475248535,239.3300,239.3300,239.3200,239.3200,200
1475248586,239.3000,239.3900,239.3000,239.3900,1100
1475248658,239.1800,239.1800,239.1800,239.1800,100
1475248688,239.2400,239.2741,239.2400,239.2741,900
1475248761,239.2900,239.3700,239.2900,239.2900,500
1475248805,239.2700,239.3800,239.2100,239.3800,1000
1475248887,239.2900,239.2900,239.2900,239.2900,100
1475248979,239.1800,239.3399,239.1100,239.3399,1500
1475248985,239.2600,239.2600,239.2600,239.2600,300
1475249051,239.1900,239.1900,239.1900,239.1900,200
1475249104,238.9000,239.1450,238.9000,239.1450,300
1475249219,238.7800,238.9000,238.7800,238.9000,900
1475249220,238.8550,238.9300,238.7500,238.7800,1000
1475249319,238.7300,238.7300,238.7300,238.7300,100
1475249396,238.7945,238.7945,238.7100,238.7300,1100
1475249409,238.7292,238.7500,238.6300,238.7200,2000
1475249500,238.6550,238.6550,238.6200,238.6200,200
1475249602,238.3500,238.5500,238.3500,238.5500,1000
1475249667,238.2800,238.3150,238.2150,238.2150,700
1475249701,238.1900,238.3600,238.1900,238.3600,1400
1475249779,238.2200,238.3400,238.2200,238.2800,1600
1475249860,238.3200,238.3200,238.2700,238.2700,600
1475249934,238.3300,238.3300,238.3100,238.3100,300
1475249941,238.3300,238.4700,238.2900,238.4500,600
1475250003,238.2000,238.3300,238.2000,238.3200,2600
1475250092,238.1200,238.1600,238.0300,238.0700,900
1475250135,238.1600,238.1800,238.0700,238.0700,800
1475250213,238.1400,238.1600,238.1300,238.1300,700
1475250287,238.1600,238.1600,238.1600,238.1600,1300
1475250419,238.1600,238.1800,238.1400,238.1800,300
1475250428,238.0900,238.0900,238.0900,238.0900,100
1475250480,238.2400,238.2400,238.1900,238.1900,1500
1475250540,238.1700,238.2900,238.1700,238.1700,600
1475250642,238.3400,238.3400,238.2100,238.2100,700
1475250663,238.3500,238.3500,238.3500,238.3500,100
1475250785,238.5500,238.5500,238.3500,238.3500,1100
1475250849,238.5700,238.5700,238.5700,238.5700,200
1475250939,238.5100,238.5100,238.5100,238.5100,100
1475250996,238.7500,238.7500,238.5200,238.5200,700
1475251027,238.6800,238.8150,238.6800,238.7700,1700
1475251103,238.8200,238.8200,238.7656,238.7656,800
1475251152,238.8000,238.8000,238.7400,238.7500,700
1475251259,238.9400,238.9600,238.8600,238.8600,2900
1475251319,239.1500,239.1500,238.9400,238.9400,3400
1475251372,239.3300,239.3900,239.1500,239.1500,3400
1475251384,239.4300,239.4300,239.2900,239.3300,3000
1475251463,239.5300,239.5300,239.4300,239.4300,900
1475251512,239.5500,239.5500,239.4900,239.5300,700
1475251571,239.7000,239.7000,239.5984,239.5984,200
1475251627,239.6700,239.7300,239.6700,239.6950,400
1475251720,239.6900,239.6900,239.6900,239.6900,100
1475251742,239.5700,239.6400,239.4400,239.6300,7500
1475251801,239.5800,239.5800,239.5800,239.5800,300
1475251882,239.6200,239.6200,239.5800,239.5800,400
1475251925,239.6050,239.6050,239.6050,239.6050,300
1475251984,239.4900,239.5300,239.4100,239.5200,3200
1475252044,239.6000,239.7300,239.4900,239.4900,1600
1475252126,239.6900,239.6900,239.6900,239.6900,200
1475252170,239.6900,239.6900,239.6300,239.6300,1000
1475252318,239.7000,239.7000,239.6600,239.6600,300
1475252349,239.6800,239.6800,239.6400,239.6400,600
1475252465,239.6700,239.7300,239.6700,239.7300,800
1475252530,239.7200,239.7200,239.7200,239.7200,200
1475252586,239.6100,239.6950,239.6100,239.6950,1000
1475252642,239.4400,239.4850,239.4200,239.4800,1500
1475252748,239.5400,239.5400,239.5100,239.5200,600
1475252767,239.6200,239.6200,239.6200,239.6200,300
1475252871,239.6500,239.6500,239.6500,239.6500,200
1475252888,239.5800,239.6400,239.5800,239.6400,1100
1475253016,239.5900,239.5900,239.5200,239.5200,200
1475253104,239.7000,239.7000,239.5800,239.5800,1100
1475253198,239.6900,239.6900,239.6500,239.6500,300
1475253252,239.5350,239.6500,239.5100,239.6100,2400
1475253352,239.4500,239.5700,239.4500,239.5500,1400
1475253382,239.4700,239.4800,239.4500,239.4600,1200
1475253423,239.4500,239.4500,239.4500,239.4500,200
1475253496,239.4900,239.5000,239.4700,239.4800,800
1475253600,239.4881,239.5900,239.4881,239.5400,2700
1475253708,239.2600,239.3600,239.2400,239.2700,600
1475253761,239.3300,239.3300,239.2100,239.2200,900
1475253789,239.3400,239.3400,239.3000,239.3000,600
1475253859,239.3400,239.3400,239.3000,239.3000,900
1475253971,239.3200,239.4000,239.3200,239.3400,1300
1475254052,239.3200,239.3200,239.3200,239.3200,100
1475254084,239.2400,239.3200,239.1900,239.3200,1100
1475254175,239.1500,239.1500,239.1500,239.1500,400
1475254353,239.1100,239.1100,239.0300,239.0400,1200
1475254432,239.0200,239.0200,238.9900,239.0000,600
1475254515,239.1500,239.1500,239.0800,239.0900,1600
1475254671,239.1600,239.1600,239.0800,239.1100,400
1475254789,239.1000,239.1000,239.1000,239.1000,1200
1475254800,239.1300,239.1300,239.0100,239.0100,800
1475254885,239.2300,239.2300,239.1700,239.1700,800
1475254950,239.1800,239.2500,239.1500,239.1500,500
1475254995,239.3700,239.3700,239.2500,239.2500,600
1475255106,239.4500,239.4900,239.4300,239.4900,1400
1475255172,239.4700,239.4800,239.4700,239.4700,400
1475255267,239.4900,239.4900,239.4900,239.4900,100
1475255290,239.4300,239.4300,239.4300,239.4300,900
1475255549,239.3750,239.3750,239.3500,239.3500,300
1475255619,239.3500,239.3500,239.3500,239.3500,300
1475255665,239.2200,239.3400,239.2200,239.3400,2400
1475255858,239.1400,239.1400,239.1400,239.1400,100
1475255907,239.2910,239.2910,239.2910,239.2910,400
1475255948,239.1200,239.1200,239.1200,239.1200,200
1475256160,239.0800,239.0800,239.0800,239.0800,200
1475256202,239.1600,239.1600,239.0800,239.0800,1300
1475256440,239.0500,239.0900,239.0000,239.0500,1300
1475256610,239.0200,239.0200,239.0100,239.0100,200
1475256674,238.7839,238.9500,238.7839,238.9500,2300
1475256759,238.8400,238.8400,238.8400,238.8400,700
1475256855,238.8600,238.8600,238.8500,238.8500,400
1475256905,238.9400,238.9400,238.8700,238.8700,1100
1475256979,239.0200,239.0200,238.9300,238.9300,500
1475257030,239.0300,239.0300,239.0300,239.0300,200
1475257096,238.9900,238.9900,238.9900,238.9900,100
1475257204,239.0600,239.0600,238.9700,239.0100,700
1475257271,238.9900,239.0700,238.9400,239.0700,1700
1475257389,238.8500,238.8500,238.8500,238.8500,100
1475257459,239.0600,239.0600,239.0100,239.0100,800
1475257557,239.1202,239.1202,239.1202,239.1202,300
1475257620,239.0400,239.0400,239.0400,239.0400,200
1475257683,239.1550,239.1600,239.1300,239.1600,500
1475257740,239.0900,239.1900,239.0500,239.1900,900
1475257828,239.0300,239.0300,239.0300,239.0300,200
1475257935,239.1100,239.1100,239.1100,239.1100,200
1475258063,239.0200,239.0200,239.0200,239.0200,500
1475258145,238.8950,238.9920,238.8950,238.9100,700
1475258212,239.1200,239.1200,238.9700,238.9700,1700
1475258257,239.1700,239.1700,239.1300,239.1300,400
1475258306,239.3700,239.4020,239.2900,239.2900,400
1475258372,239.4300,239.5630,239.4200,239.5500,900
1475258410,239.2000,239.4800,239.2000,239.4400,3700
1475258509,239.3200,239.3200,239.2800,239.2800,600
1475258543,239.3300,239.3300,239.3300,239.3300,300
1475258733,239.5750,239.5750,239.5750,239.5750,200
1475258819,239.5600,239.5600,239.5600,239.5600,300
1475258875,239.5000,239.5400,239.5000,239.5400,600
1475258885,239.3600,239.4600,239.3600,239.4600,500
1475258989,239.3600,239.3600,239.3600,239.3600,100
1475259036,239.3200,239.3200,239.2700,239.2700,900
1475259107,239.3500,239.4500,239.3300,239.3300,600
1475259151,239.4800,239.4800,239.4800,239.4800,300
1475259239,239.6600,239.6600,239.6100,239.6100,200
1475259271,239.5800,239.5900,239.5700,239.5800,1300
1475259388,239.6470,239.7100,239.5800,239.5900,600
1475259490,239.6900,239.7700,239.6800,239.6900,4000
1475259748,239.7400,239.7400,239.6500,239.6800,800
1475259822,239.8000,239.8000,239.7700,239.7700,200
1475259852,239.8600,239.8600,239.8600,239.8600,300
1475259902,239.7900,239.9000,239.7900,239.8700,2900
1475260003,239.8300,239.8300,239.7900,239.7900,600
1475260023,239.8400,239.8400,239.8300,239.8300,700
1475260081,239.8500,239.9200,239.7900,239.7900,300
1475260172,239.7600,239.7600,239.7500,239.7500,200
1475260206,239.8800,239.8800,239.8800,239.8800,400
1475260283,239.8700,239.8700,239.8700,239.8700,200
1475260429,239.7800,239.8700,239.7800,239.8700,300
1475260467,239.8200,239.8600,239.8200,239.8300,500
1475260509,239.7700,239.7824,239.7700,239.7824,400
1475260602,239.7400,239.7400,239.7400,239.7400,200
1475260658,239.8100,239.8100,239.8100,239.8100,400
1475260693,239.6400,239.7200,239.6400,239.7200,900
1475260762,239.7700,239.7700,239.6500,239.7100,2200
1475260852,239.6900,239.6900,239.6900,239.6900,100
1475260874,239.7200,239.7500,239.7200,239.7500,600
1475260955,239.7450,239.8000,239.7450,239.7600,700
1475261002,239.6700,239.8950,239.6500,239.8950,2000
1475261084,239.6450,239.6450,239.6450,239.6450,300
1475261121,239.7000,239.7000,239.7000,239.7000,600
1475261224,239.6500,239.6500,239.6500,239.6500,300
1475261325,239.7400,239.7400,239.7400,239.7400,200
1475261395,239.6300,239.6300,239.6300,239.6300,200
1475261573,239.6700,239.6700,239.6400,239.6500,1200
1475261601,239.6500,239.6500,239.6400,239.6400,900
1475261655,239.7100,239.7100,239.6400,239.6400,1200
1475261723,239.7200,239.7300,239.7200,239.7300,600
1475261761,239.7800,239.7800,239.7700,239.7700,600
1475261879,239.7700,239.7700,239.7700,239.7700,200
1475261923,239.7500,239.7800,239.7400,239.7800,900
1475261947,239.7300,239.7600,239.7100,239.7600,1900
1475262058,239.8400,239.8400,239.7600,239.7600,1200
1475262063,239.9400,239.9400,239.8200,239.8400,600
1475262134,239.9200,239.9300,239.9200,239.9200,900
1475262224,239.8400,239.8600,239.8100,239.8600,800
1475262241,239.6900,239.7850,239.6900,239.7800,1100
1475262302,239.6500,239.6500,239.6500,239.6500,300
1475262394,239.6870,239.6870,239.6800,239.6800,300
1475262476,239.6723,239.7700,239.6600,239.7700,8300
1475262480,239.6200,239.7200,239.6200,239.6900,5800
1475262559,239.5800,239.6500,239.5700,239.6500,1400
1475262605,239.5600,239.5600,239.5400,239.5400,600
1475262662,239.6000,239.6200,239.5700,239.5700,1200
1475262761,239.6360,239.6360,239.6360,239.6360,200
1475262805,239.5600,239.5700,239.5400,239.5400,400
1475262956,239.5600,239.5600,239.5500,239.5600,400
1475262969,239.4700,239.6400,239.4700,239.6000,4900
1475263038,239.3600,239.4300,239.3600,239.4000,900
1475263090,239.3350,239.3500,239.3200,239.3500,900
1475263143,239.1800,239.3200,239.1700,239.3200,5000
1475263254,239.2400,239.2600,239.1700,239.1700,2000
1475263260,239.1400,239.2500,239.1400,239.2500,1200
1475263367,239.1200,239.1200,239.1200,239.1200,100
1475263398,239.2050,239.2050,239.1800,239.2000,500
1475263449,239.2696,239.2900,239.2300,239.2400,2100
1475263559,239.2800,239.2900,239.2500,239.2600,5300
1475263567,239.1300,239.2500,239.1300,239.2500,2000
1475263651,239.1600,239.1600,239.1400,239.1500,400
1475263701,239.0900,239.1100,239.0900,239.1000,1100
1475263745,239.0900,239.0900,239.0600,239.0600,500
1475263857,239.2400,239.2400,239.0900,239.0900,3300
1475263918,239.2800,239.2800,239.2100,239.2300,1600
1475263928,239.2000,239.2400,239.2000,239.2200,1600
1475264034,239.1400,239.1400,239.1400,239.1400,200
1475264070,238.9800,239.1400,238.9700,239.1400,1900
1475264101,239.0200,239.0500,239.0100,239.0100,1100
1475264185,238.9200,239.0400,238.9000,239.0000,4500
1475264278,238.7200,238.9200,238.7200,238.9200,3900
1475264286,238.6800,238.7600,238.6800,238.7600,3100
1475264369,238.6100,238.7300,238.6100,238.7200,2200
1475264400,238.6500,238.6700,238.6000,238.6200,4800
1475264466,238.6300,238.6500,238.6000,238.6000,6200
1475264522,238.5900,238.6300,238.5800,238.6300,1600
1475264580,238.5300,238.5900,238.5100,238.5800,1000
1475264641,238.4700,238.5400,238.4700,238.5300,1600
1475264700,238.4900,238.5800,238.4700,238.5150,4000
1475264778,238.4400,238.5300,238.4300,238.5000,3700
1475264844,238.4000,238.4600,238.3600,238.4300,3800
1475264880,238.4000,238.4400,238.4000,238.4100,1800
1475264940,238.4700,238.5000,238.4550,238.4700,3900
1475265011,238.4750,238.5000,238.4300,238.4300,7800
1475265065,238.5500,238.5700,238.4800,238.4850,4600
1475265129,238.5700,238.6000,238.5700,238.5700,3500
1475265186,238.6200,238.6700,238.6100,238.6100,2900
1475265240,238.4800,238.6400,238.4800,238.6200,6200
1475265305,238.2300,238.4100,238.1750,238.4100,7000
1475265366,238.1800,238.2300,238.1500,238.2300,5600
1475265424,238.1600,238.2008,238.1000,238.2000,7900
1475265480,238.2400,238.4000,238.1300,238.1800,12500
1475265544,237.9800,238.3300,237.9300,238.3300,90600
1475265600,237.9800,237.9800,237.9800,237.9800,100
