uri:/instrument/1.0/SPGI/chartdata;type=quote;range=1d/csv
ticker:spgi
Company-Name:S&P Global Inc. Common Stock
Exchange-Name:NYQ
unit:MIN
timezone:EDT
currency:USD
gmtoffset:-14400
previous_close:126.5600
Timestamp:1475501400,1475524800
labels:1475503200,1475506800,1475510400,1475514000,1475517600,1475521200,1475524800
values:Timestamp,close,high,low,open,volume
close:124.5300,126.5100
high:124.5500,126.5100
low:124.5200,126.4950
open:124.5500,126.4950
volume:100,59100
1475501471,125.8900,125.8900,125.8700,125.8700,14300
1475501609,125.8800,125.9200,125.7850,125.7850,9300
1475501675,125.8340,125.9700,125.6800,125.6800,4500
1475501729,126.0500,126.0500,126.0500,126.0500,200
1475501816,126.2400,126.2400,126.2400,126.2400,800
1475501823,126.2750,126.3000,126.2000,126.2500,1100
1475501885,126.1950,126.2350,126.1500,126.2350,600
1475501953,126.2200,126.2300,126.2200,126.2200,1100
1475502057,126.3900,126.4200,126.2800,126.2800,2400
1475502065,126.5100,126.5100,126.3900,126.4200,1100
1475502121,126.4950,126.4950,126.4950,126.4950,300
1475502198,126.3900,126.3900,126.3900,126.3900,200
1475502240,126.3600,126.3800,126.3600,126.3800,1000
1475502302,126.2300,126.2750,126.2300,126.2700,2100
1475502369,126.1800,126.1800,126.1300,126.1800,1800
1475502439,126.2300,126.2300,126.2300,126.2300,900
1475502520,126.2300,126.2300,126.2300,126.2300,100
1475502556,126.1000,126.1500,126.1000,126.1400,700
1475502610,126.0900,126.1400,126.0900,126.1400,1300
1475502724,126.1100,126.1100,126.0600,126.0600,1100
1475502807,125.8700,125.9900,125.8700,125.9900,1100
1475502841,125.8300,125.8400,125.8300,125.8400,200
1475502907,125.8700,126.0300,125.8700,126.0000,4400
1475503046,125.8600,125.8600,125.8500,125.8500,700
1475503118,125.6300,125.8100,125.6300,125.8100,2200
1475503153,125.5900,125.5900,125.5900,125.5900,400
1475503202,125.9800,125.9800,125.6600,125.6600,5800
1475503260,126.1800,126.1800,126.0400,126.0400,1400
1475503330,126.1900,126.2600,126.1900,126.2600,1700
1475503530,126.0200,126.0200,126.0200,126.0200,600
1475503613,125.9800,125.9950,125.9300,125.9950,6600
1475503678,125.9050,126.0200,125.8700,125.9825,29800
1475503723,125.8000,125.9100,125.8000,125.8850,5700
1475503754,125.9000,125.9000,125.8100,125.8100,1700
1475503805,125.8550,125.8650,125.8100,125.8600,3100
1475503901,125.9600,125.9600,125.8550,125.8800,5500
1475503963,125.9800,126.0300,125.9400,126.0300,14100
1475503985,125.9800,125.9800,125.9800,125.9800,100
1475504058,125.8550,125.9300,125.8000,125.9300,3500
1475504100,125.6600,125.8400,125.6600,125.8000,3100
1475504163,125.7400,125.8500,125.7100,125.7150,6700
1475504264,125.6900,125.7400,125.6900,125.7400,1000
1475504337,125.6300,125.6900,125.6300,125.6900,1300
1475504342,125.5800,125.6350,125.5800,125.6300,1800
1475504458,125.6150,125.6350,125.5900,125.5900,400
1475504466,125.5000,125.6200,125.5000,125.5925,6400
1475504558,125.5600,125.5600,125.5600,125.5600,100
1475504622,125.4800,125.4800,125.4800,125.4800,400
1475504741,125.4100,125.4800,125.4100,125.4800,7500
1475504809,125.4700,125.6700,125.4100,125.4100,11200
1475504825,125.5500,125.5500,125.5500,125.5500,100
1475504937,125.2900,125.5450,125.2800,125.5450,6400
1475504943,125.2900,125.3300,125.2800,125.2800,1500
1475505006,125.2900,125.3500,125.2800,125.3100,4400
1475505071,125.3400,125.4000,125.2900,125.2900,2700
1475505122,125.4690,125.5200,125.4400,125.4400,1600
1475505219,125.4900,125.4900,125.4900,125.4900,3000
1475505326,125.4000,125.4900,125.4000,125.4800,2000
1475505444,125.3500,125.4500,125.3500,125.4500,7900
1475505523,125.3500,125.3500,125.3400,125.3400,800
1475505578,125.4000,125.4500,125.3300,125.3500,14600
1475505603,125.3300,125.4100,125.3300,125.4100,2600
1475505717,125.2800,125.2800,125.2800,125.2800,100
1475505725,125.3500,125.3700,125.2800,125.3400,3800
1475505837,125.5000,125.5100,125.4600,125.4600,600
1475505897,125.6200,125.6200,125.5400,125.5400,1600
1475505901,125.6800,125.6800,125.6100,125.6200,2800
1475505970,125.7600,125.7600,125.6800,125.6800,700
1475506131,125.7600,125.8700,125.7600,125.8000,4400
1475506172,125.8500,125.8500,125.8100,125.8100,700
1475506256,125.9900,125.9900,125.8600,125.9000,1900
1475506261,125.9500,126.0500,125.9500,126.0500,800
1475506350,125.8300,125.8800,125.8300,125.8800,1100
1475506403,125.7800,125.8200,125.7800,125.8200,700
1475506441,125.7600,125.8200,125.7600,125.8200,400
1475506553,125.8500,125.8500,125.7850,125.7850,4300
1475506560,125.8600,125.9000,125.8500,125.8500,2100
1475506690,125.9450,125.9450,125.8800,125.8900,3700
1475506786,125.9000,125.9400,125.9000,125.9400,2400
1475506816,125.8400,125.8400,125.7900,125.8200,2400
1475506882,125.8400,125.8600,125.8000,125.8450,2800
1475506923,125.7600,125.8300,125.7600,125.7800,2600
1475507017,125.7100,125.7600,125.7100,125.7500,800
1475507080,125.5800,125.7600,125.5800,125.6800,2400
1475507100,125.5400,125.5700,125.5400,125.5700,900
1475507176,125.5850,125.5850,125.5850,125.5850,100
1475507299,125.5700,125.6200,125.5450,125.5800,2900
1475507438,125.4700,125.5800,125.4700,125.5800,3000
1475507478,125.4400,125.4700,125.4400,125.4700,900
1475507554,125.4700,125.4700,125.4400,125.4400,500
1475507619,125.4900,125.5600,125.4600,125.4600,6400
1475507643,125.4900,125.5200,125.4900,125.4900,2800
1475507750,125.4100,125.4950,125.4100,125.4800,3700
1475507808,125.3700,125.4400,125.3600,125.4200,2600
1475507828,125.2900,125.3600,125.2800,125.3600,1600
1475507912,125.3100,125.3100,125.3100,125.3100,300
1475507964,125.3300,125.3300,125.3300,125.3300,2100
1475508008,125.3100,125.3100,125.3100,125.3100,2100
1475508130,125.4900,125.4900,125.4300,125.4300,1600
1475508216,125.5000,125.5100,125.5000,125.5100,2700
1475508298,125.4500,125.4900,125.4500,125.4900,3400
1475508301,125.4800,125.5000,125.4200,125.4200,2300
1475508364,125.5100,125.5400,125.5000,125.5200,800
1475508426,125.5300,125.5300,125.5300,125.5300,100
1475508539,125.4000,125.4800,125.4000,125.4800,400
1475508579,125.3401,125.3950,125.3401,125.3950,600
1475508623,125.3750,125.3750,125.3750,125.3750,400
1475508674,125.4400,125.4400,125.3750,125.3900,5600
1475508777,125.4400,125.4800,125.4150,125.4400,3500
1475508823,125.4900,125.4900,125.4900,125.4900,200
1475508897,125.4600,125.4900,125.4400,125.4900,1200
1475508957,125.4250,125.4300,125.4000,125.4300,1500
1475508960,125.4000,125.4250,125.3600,125.4250,3900
1475509076,125.3600,125.3800,125.3300,125.3800,3100
1475509084,125.2900,125.3100,125.2300,125.2900,5700
1475509173,125.2800,125.2800,125.2800,125.2800,300
1475509206,125.3400,125.3400,125.2900,125.2900,2300
1475509316,125.4200,125.4200,125.3600,125.3600,1300
1475509368,125.3700,125.3900,125.3300,125.3900,2100
1475509386,125.3800,125.3800,125.3800,125.3800,400
1475509443,125.4450,125.4450,125.3850,125.4100,1800
1475509545,125.4000,125.4000,125.3600,125.3600,3300
1475509618,125.3500,125.4100,125.3200,125.3900,1900
1475509633,125.2300,125.3500,125.2300,125.3500,1200
1475509691,125.2400,125.2400,125.2400,125.2400,400
1475509749,125.1600,125.2500,125.1600,125.2500,3700
1475509805,124.9800,125.1400,124.9800,125.1400,2900
1475509867,125.0800,125.0800,124.9400,124.9800,5000
1475509977,125.0500,125.0850,125.0500,125.0600,1200
1475510028,125.0650,125.0650,125.0600,125.0600,400
1475510043,125.0550,125.0700,125.0300,125.0650,2600
1475510102,125.0500,125.0500,124.9700,125.0100,3000
1475510164,125.0500,125.0600,125.0500,125.0600,800
1475510227,125.0700,125.0700,125.0700,125.0700,800
1475510292,125.2000,125.2000,125.0700,125.0700,2300
1475510347,125.2300,125.2300,125.2000,125.2000,600
1475510400,125.2200,125.2300,125.2000,125.2300,1500
1475510570,125.2850,125.2950,125.2700,125.2850,1500
1475510589,125.2650,125.2650,125.2600,125.2600,600
1475510684,125.2600,125.2600,125.2600,125.2600,300
1475510706,125.3225,125.3500,125.2650,125.2650,3200
1475510812,125.4100,125.4100,125.3800,125.3800,2300
1475510831,125.3400,125.3800,125.3400,125.3800,2400
1475510890,125.3300,125.3400,125.3100,125.3400,600
1475510949,125.2550,125.3000,125.2400,125.3000,2400
1475511051,125.2250,125.2550,125.2100,125.2550,2000
1475511066,125.1800,125.2000,125.1800,125.2000,1000
1475511129,125.1300,125.1800,125.1300,125.1800,700
1475511196,125.1400,125.1500,125.1000,125.1200,5500
1475511277,125.1200,125.1500,125.0900,125.1500,3200
1475511321,125.0150,125.0900,125.0150,125.0900,700
1475511418,125.0600,125.0600,125.0200,125.0200,1900
1475511423,124.9500,125.0600,124.9500,125.0600,4300
1475511504,124.9100,124.9300,124.9100,124.9100,3000
1475511581,124.9100,124.9300,124.9000,124.9000,3600
1475511605,124.8600,124.9350,124.8600,124.9350,1700
1475511675,124.8500,124.8600,124.8500,124.8600,900
1475511752,124.8100,124.8300,124.8100,124.8200,2900
1475511788,124.8500,124.8600,124.8050,124.8200,2000
1475511898,124.8000,124.8600,124.7900,124.8400,5700
1475511903,124.7700,124.7700,124.7700,124.7700,800
1475511974,124.7700,124.7700,124.7600,124.7700,500
1475512078,124.7300,124.8000,124.7200,124.8000,6300
1475512082,124.7000,124.7600,124.7000,124.7200,1400
1475512142,124.7200,124.7900,124.6975,124.6975,5000
1475512205,124.7100,124.7600,124.6900,124.7350,2500
1475512279,124.6350,124.7000,124.6250,124.7000,4000
1475512326,124.6350,124.6700,124.5900,124.6300,5500
1475512386,124.6000,124.6300,124.6000,124.6300,1000
1475512499,124.6300,124.6600,124.5800,124.5800,2100
1475512557,124.7100,124.7100,124.6100,124.6400,2500
1475512609,124.7350,124.7350,124.7100,124.7100,2800
1475512675,124.6750,124.7350,124.6600,124.7350,2500
1475512683,124.6800,124.6800,124.6450,124.6600,1700
1475512743,124.6300,124.6850,124.6300,124.6850,2500
1475512817,124.7000,124.7000,124.6000,124.6200,4700
1475512870,124.5800,124.6600,124.5800,124.6600,4300
1475512920,124.6100,124.6100,124.5800,124.5800,1300
1475512982,124.6900,124.6900,124.6250,124.6250,1900
1475513098,124.6600,124.6800,124.6400,124.6700,2300
1475513155,124.6350,124.6800,124.6200,124.6600,3500
1475513211,124.6500,124.6600,124.6200,124.6350,1600
1475513225,124.5700,124.6600,124.5600,124.6500,2600
1475513287,124.5800,124.5900,124.5500,124.5500,1900
1475513353,124.5300,124.5700,124.5300,124.5700,1200
1475513443,124.5700,124.5900,124.5700,124.5700,1500
1475513491,124.6100,124.6100,124.6100,124.6100,100
1475513532,124.7200,124.7900,124.6450,124.6700,2300
1475513639,124.8200,124.8200,124.7700,124.7700,800
1475513682,124.7900,124.8200,124.7900,124.8200,1400
1475513727,124.7100,124.7700,124.7100,124.7700,1700
1475513801,124.7300,124.7300,124.7300,124.7300,100
1475513829,124.7200,124.7600,124.6750,124.6850,3500
1475513886,124.9100,124.9100,124.7300,124.7600,1800
1475513941,124.9400,124.9400,124.8800,124.9100,2100
1475514049,124.8750,124.9700,124.8500,124.9400,7000
1475514117,124.8300,124.8500,124.8150,124.8400,3400
1475514123,124.8400,124.8400,124.8100,124.8400,3200
1475514187,124.8250,124.8500,124.8200,124.8500,3400
1475514250,124.7600,124.8400,124.7600,124.8400,1700
1475514355,124.7600,124.7900,124.7500,124.7500,300
1475514376,124.7500,124.8100,124.7500,124.7600,400
1475514439,124.7100,124.7500,124.7100,124.7500,1200
1475514502,124.6700,124.6800,124.6700,124.6700,2200
1475514544,124.7500,124.7500,124.6600,124.6800,2900
1475514608,124.5600,124.7000,124.5600,124.7000,3900
1475514671,124.6000,124.6000,124.5650,124.5650,1500
1475514738,124.5500,124.5500,124.5500,124.5500,200
1475514783,124.7600,124.7600,124.5700,124.5700,2100
1475514860,124.8400,124.8400,124.8000,124.8000,600
1475514935,124.8300,124.8300,124.7900,124.8000,1000
1475514982,124.7600,124.7700,124.7600,124.7700,300
1475515030,124.7204,124.7300,124.7000,124.7300,900
1475515139,124.8700,124.8800,124.7300,124.7300,2000
1475515147,124.9300,124.9300,124.8200,124.8700,2700
1475515239,125.0000,125.0000,124.9050,124.9300,2300
1475515287,124.9600,124.9600,124.9200,124.9300,800
1475515322,124.8960,124.9200,124.8800,124.9200,1500
1475515381,125.0500,125.0500,124.9100,124.9100,1000
1475515443,124.9600,125.0600,124.9600,125.0600,2500
1475515602,125.0000,125.0100,125.0000,125.0100,1100
1475515628,125.0000,125.0100,124.9900,125.0000,2200
1475515739,125.0200,125.0200,125.0000,125.0050,1400
1475515744,124.9800,125.0400,124.9800,125.0400,2200
1475515827,124.9200,124.9700,124.9200,124.9700,700
1475515910,124.9400,124.9600,124.9200,124.9600,900
1475515923,124.9100,124.9400,124.9100,124.9400,300
1475515990,124.9250,124.9400,124.9250,124.9400,1700
1475516097,125.0150,125.0200,124.9300,124.9800,2700
1475516101,124.9400,125.0200,124.9400,125.0100,4400
1475516249,124.8700,124.9500,124.8700,124.9400,1100
1475516339,124.8600,124.9100,124.8400,124.9100,2300
1475516343,124.8700,124.8700,124.8400,124.8400,1300
1475516458,125.0100,125.0100,124.8800,124.8800,2500
1475516466,124.9800,125.0200,124.9800,125.0200,300
1475516576,124.9900,124.9900,124.9800,124.9800,700
1475516636,125.0000,125.0700,124.9900,124.9900,1700
1475516697,124.9400,125.0600,124.9400,125.0000,3900
1475516706,124.9100,124.9200,124.9100,124.9200,500
1475516780,124.9000,124.9800,124.9000,124.9700,1400
1475516831,124.9300,124.9700,124.9300,124.9700,400
1475516900,124.8700,124.9300,124.8700,124.9300,2100
1475517038,124.8800,124.8900,124.8500,124.8900,1900
1475517099,124.8300,124.8400,124.8300,124.8400,700
1475517122,124.7300,124.8200,124.7300,124.8200,2600
1475517183,124.6800,124.7600,124.6800,124.7200,3900
1475517292,124.7300,124.7300,124.7300,124.7300,100
1475517316,124.7000,124.7300,124.6900,124.7300,1400
1475517376,124.7000,124.7300,124.6900,124.6900,3500
1475517426,124.6800,124.7200,124.6800,124.7200,1600
1475517538,124.7000,124.7200,124.6800,124.7200,4600
1475517598,124.6450,124.7000,124.6400,124.7000,4300
1475517600,124.7600,124.7600,124.6700,124.6700,3800
1475517718,124.8400,124.8700,124.8100,124.8100,3900
1475517733,124.8400,124.8400,124.8400,124.8400,100
1475517803,124.8700,124.8700,124.8100,124.8200,4000
1475517877,124.8900,124.8900,124.8700,124.8700,500
1475517904,124.8200,124.9000,124.8200,124.8900,2800
1475518014,124.8100,124.8400,124.8100,124.8200,2000
1475518020,124.8400,124.8400,124.7700,124.8100,2500
1475518097,124.8100,124.8300,124.8100,124.8100,1200
1475518150,124.8200,124.8400,124.8100,124.8300,900
1475518250,124.7700,124.8100,124.7700,124.8100,2500
1475518306,124.8500,124.8500,124.7600,124.7600,2300
1475518328,124.7300,124.8000,124.7300,124.8000,1700
1475518437,124.7500,124.8200,124.7000,124.7600,3300
1475518495,124.6600,124.7600,124.6600,124.7600,2500
1475518559,124.7300,124.7800,124.6600,124.6600,3000
1475518564,124.7300,124.7325,124.6800,124.7325,2300
1475518633,124.6600,124.7200,124.6600,124.6850,700
1475518681,124.6000,124.6700,124.6000,124.6500,4000
1475518741,124.5800,124.6200,124.5800,124.5900,3200
1475518857,124.6700,124.6800,124.5800,124.6200,2900
1475518860,124.6500,124.6900,124.6500,124.6650,1600
1475518927,124.6100,124.6500,124.6100,124.6500,2500
1475519022,124.5700,124.6000,124.5700,124.6000,900
1475519099,124.6850,124.6850,124.5500,124.5900,6200
1475519154,124.6800,124.7200,124.6700,124.7100,600
1475519214,124.6600,124.7100,124.6600,124.7000,5300
1475519276,124.7400,124.7400,124.6300,124.6400,3800
1475519293,124.7100,124.7400,124.6800,124.7400,3500
1475519392,124.7600,124.7600,124.7000,124.7200,2000
1475519459,124.7300,124.7600,124.7300,124.7450,1700
1475519469,124.7200,124.7400,124.7200,124.7400,1000
1475519562,124.8100,124.8100,124.7100,124.7200,4500
1475519580,124.8900,124.8900,124.8100,124.8100,3800
1475519672,124.8100,124.8600,124.8100,124.8600,2100
1475519726,124.8000,124.8100,124.8000,124.8100,700
1475519815,124.7600,124.8100,124.7500,124.8100,6800
1475519825,124.6800,124.7500,124.6600,124.7500,2000
1475519932,124.6350,124.6750,124.6200,124.6750,1500
1475519996,124.5700,124.6500,124.5700,124.6350,2100
1475520002,124.6000,124.6000,124.5200,124.5600,8000
1475520065,124.6100,124.6500,124.6000,124.6000,1900
1475520139,124.6100,124.6200,124.5900,124.6000,4900
1475520228,124.6000,124.6100,124.6000,124.6100,700
1475520244,124.6900,124.6900,124.6100,124.6100,2200
1475520351,124.6650,124.6650,124.6650,124.6650,400
1475520368,124.6500,124.7000,124.6400,124.7000,2500
1475520432,124.6600,124.6700,124.6200,124.6200,6100
1475520514,124.7600,124.7600,124.7100,124.7100,1500
1475520540,124.7100,124.7600,124.7000,124.7600,1200
1475520604,124.6300,124.7250,124.6300,124.7200,2300
1475520670,124.6100,124.6400,124.5600,124.6400,8600
1475520720,124.5500,124.6200,124.5500,124.6100,1600
1475520786,124.5900,124.5900,124.5600,124.5650,4300
1475520846,124.6300,124.6300,124.6050,124.6200,1900
1475520902,124.6200,124.6450,124.6200,124.6300,4700
1475521003,124.5750,124.6100,124.5600,124.6100,5000
1475521023,124.6500,124.6700,124.5600,124.5700,5000
1475521086,124.7700,124.7700,124.6500,124.6500,4500
1475521145,124.7600,124.8000,124.7350,124.8000,3600
1475521205,124.7450,124.7450,124.7450,124.7450,200
1475521260,124.7300,124.7400,124.7200,124.7400,2400
1475521323,124.7300,124.7600,124.7300,124.7300,5500
1475521388,124.7400,124.7500,124.7300,124.7300,2200
1475521494,124.6900,124.7300,124.6500,124.7300,5200
1475521503,124.7600,124.7600,124.6900,124.6900,5200
1475521560,124.7850,124.8200,124.7600,124.7800,4100
1475521675,124.7860,124.7860,124.7860,124.7860,100
1475521735,124.8300,124.8600,124.7700,124.7800,5800
1475521740,124.7900,124.8300,124.7900,124.8100,900
1475521804,124.7950,124.8200,124.7800,124.8200,1300
1475521919,124.7900,124.7900,124.7700,124.7900,3900
1475521922,124.7500,124.8200,124.7500,124.7900,6000
1475522005,124.7800,124.7800,124.7200,124.7200,3600
1475522044,124.8550,124.9000,124.7800,124.7800,5300
1475522116,124.8900,124.9000,124.8700,124.8800,1600
1475522160,124.9000,124.9100,124.8700,124.9000,3100
1475522272,124.9200,124.9300,124.9000,124.9000,2000
1475522339,124.9399,124.9399,124.8800,124.9200,5100
1475522391,125.0200,125.0200,124.9350,124.9350,2100
1475522458,125.0100,125.0200,124.9800,125.0200,5200
1475522475,124.9700,124.9800,124.9700,124.9700,1400
1475522530,124.8700,124.9650,124.8500,124.9650,12200
1475522639,124.9400,124.9400,124.8400,124.8700,11900
1475522699,124.9900,125.0000,124.9000,124.9400,6700
1475522700,125.0300,125.0300,124.9800,124.9900,12500
1475522819,125.0100,125.0700,125.0000,125.0300,15400
1475522879,125.0100,125.0400,124.9800,125.0100,13600
1475522886,125.0400,125.0500,124.9950,124.9950,12800
1475522999,124.9500,125.0400,124.9400,125.0100,20700
1475523055,124.9300,125.0100,124.9200,124.9700,12300
1475523117,124.9400,124.9500,124.9000,124.9450,2100
1475523179,124.9300,124.9400,124.8900,124.9400,10000
1475523180,124.9900,124.9900,124.9200,124.9200,4100
1475523244,125.0600,125.0700,125.0000,125.0000,3000
1475523307,125.1400,125.1400,125.0500,125.0600,5800
1475523365,125.1000,125.1400,125.0900,125.1400,5300
1475523425,125.1800,125.1900,125.0900,125.1100,6500
1475523504,125.1150,125.1600,125.1100,125.1600,1800
1475523549,125.0800,125.1200,125.0800,125.1200,3300
1475523601,125.0400,125.0900,124.9800,125.0800,7800
1475523662,125.1750,125.1800,125.0200,125.0400,11600
1475523760,125.2200,125.2200,125.1700,125.1890,4700
1475523784,125.1800,125.2000,125.1800,125.1900,2200
1475523847,125.2100,125.2300,125.1800,125.1800,9100
1475523912,125.2000,125.2300,125.1800,125.2200,4100
1475523960,125.1400,125.2200,125.1400,125.2000,5000
1475524026,125.0700,125.1200,125.0400,125.1150,6200
1475524083,125.1600,125.1600,125.0500,125.0700,6100
1475524198,125.1300,125.1600,125.1200,125.1450,4400
1475524204,125.1400,125.1900,125.1400,125.1900,6500
1475524261,125.1200,125.1500,125.1000,125.1400,9900
1475524321,125.0900,125.1400,125.0700,125.1100,7100
1475524437,125.0800,125.1000,125.0600,125.0600,5200
1475524440,125.0300,125.0700,125.0300,125.0700,10300
1475524559,124.9300,125.0600,124.9300,125.0450,8900
1475524618,124.8900,124.9600,124.8700,124.9500,8200
1475524678,124.9100,124.9500,124.8900,124.8900,15400
1475524739,125.0000,125.0000,124.9000,124.9200,17400
1475524799,124.8800,125.0100,124.8600,125.0000,59100
1475524800,124.8800,124.8800,124.8800,124.8800,800
