uri:/instrument/1.0/VUG/chartdata;type=quote;range=1d/csv
ticker:vug
Company-Name:Vanguard Growth ETF - DNQ
Exchange-Name:PCX
unit:MIN
timezone:EDT
currency:USD
gmtoffset:-14400
previous_close:111.8000
Timestamp:1475847000,1475870400
labels:1475848800,1475852400,1475856000,1475859600,1475863200,1475866800,1475870400
values:Timestamp,close,high,low,open,volume
close:111.0100,111.9924
high:111.0147,111.9924
low:110.9960,111.9924
open:110.9960,111.9924
volume:0,24200
1475847153,111.9880,111.9880,111.9880,111.9880,24200
1475847182,111.9924,111.9924,111.9924,111.9924,400
1475847272,111.8900,111.8900,111.8900,111.8900,300
1475847348,111.8100,111.8600,111.7600,111.8600,6500
1475847382,111.8300,111.8300,111.8300,111.8300,600
1475847453,111.8364,111.8364,111.8364,111.8364,100
1475847491,111.8248,111.8248,111.7800,111.7800,1000
1475847593,111.8915,111.8915,111.7915,111.7915,1300
1475847625,111.8500,111.8500,111.8500,111.8500,300
1475847765,111.8310,111.8310,111.8310,111.8310,200
1475847783,111.8040,111.8040,111.8040,111.8040,900
1475848096,111.6700,111.6700,111.6399,111.6399,1300
1475848197,111.5200,111.5953,111.5200,111.5953,10900
1475848236,111.5537,111.5537,111.5300,111.5300,1500
1475848455,111.6900,111.6900,111.6600,111.6600,3000
1475848544,111.6500,111.6620,111.6500,111.6620,3100
1475848611,111.5800,111.5800,111.5800,111.5800,700
1475848859,111.6300,111.6300,111.6300,111.6300,700
1475848860,111.7000,111.7100,111.6234,111.6400,2100
1475848967,111.6900,111.6900,111.6788,111.6788,300
1475849009,111.7000,111.7000,111.6600,111.7000,1200
1475849068,111.6300,111.6300,111.6300,111.6300,100
1475849202,111.6600,111.6600,111.6600,111.6600,200
1475849233,111.7000,111.7000,111.7000,111.7000,100
1475849394,111.7268,111.7300,111.6789,111.6789,1000
1475849413,111.7300,111.7400,111.7300,111.7400,500
1475849464,111.7396,111.7396,111.7186,111.7186,1400
1475849563,111.7500,111.7790,111.7500,111.7711,800
1475849747,111.7500,111.7500,111.7500,111.7500,100
1475849767,111.7100,111.7190,111.7100,111.7190,900
1475849848,111.7100,111.7100,111.7100,111.7100,200
1475849908,111.6400,111.6400,111.6300,111.6400,4300
1475849984,111.6689,111.6689,111.6689,111.6689,200
1475850011,111.6277,111.6400,111.6277,111.6400,900
1475850068,111.6389,111.6400,111.6389,111.6400,300
1475850136,111.6500,111.6500,111.6500,111.6500,300
1475850222,111.6600,111.6600,111.6600,111.6600,100
1475850264,111.6400,111.6590,111.6201,111.6201,800
1475850317,111.7123,111.7300,111.7000,111.7000,600
1475850482,111.6800,111.6800,111.6504,111.6504,400
1475850592,111.6750,111.6750,111.6750,111.6750,300
1475850602,111.6400,111.6720,111.6400,111.6720,300
1475850718,111.6300,111.6700,111.6300,111.6600,500
1475850776,111.6000,111.6280,111.6000,111.6100,500
1475850832,111.6030,111.6198,111.6030,111.6188,500
1475850860,111.5600,111.5600,111.5600,111.5600,200
1475850920,111.5500,111.5698,111.5500,111.5665,400
1475850977,111.6001,111.6001,111.5800,111.5800,500
1475851036,111.5900,111.5900,111.5900,111.5900,100
1475851085,111.5990,111.5990,111.5398,111.5400,8600
1475851147,111.6498,111.6498,111.6100,111.6100,600
1475851222,111.7001,111.7124,111.7001,111.7124,700
1475851316,111.6832,111.6832,111.6500,111.6500,900
1475851331,111.6450,111.6600,111.6450,111.6600,300
1475851386,111.6700,111.6700,111.6598,111.6598,600
1475851533,111.5973,111.5973,111.5973,111.5973,200
1475851615,111.6000,111.6000,111.5900,111.5900,500
1475851635,111.6013,111.6013,111.5800,111.5800,1000
1475851791,111.5799,111.5800,111.5799,111.5800,200
1475851835,111.6050,111.6050,111.6050,111.6050,200
1475851862,111.5600,111.5900,111.5600,111.5900,900
1475851934,111.5685,111.5685,111.5502,111.5502,400
1475852110,111.5000,111.5390,111.4999,111.5390,1300
1475852192,111.5240,111.5240,111.5140,111.5140,400
1475852312,111.5092,111.5200,111.5092,111.5200,500
1475852383,111.5000,111.5000,111.5000,111.5000,200
1475852424,111.4600,111.5000,111.4600,111.5000,1200
1475852507,111.4689,111.4689,111.4689,111.4689,100
1475852532,111.4998,111.4998,111.4900,111.4900,400
1475852604,111.4926,111.5090,111.4926,111.4948,500
1475852681,111.5000,111.5000,111.4700,111.4800,4500
1475852761,111.5300,111.5300,111.5026,111.5026,700
1475852891,111.5352,111.5352,111.5300,111.5300,600
1475852946,111.5338,111.5415,111.5338,111.5415,300
1475853015,111.5299,111.5379,111.5299,111.5379,300
1475853079,111.5114,111.5114,111.5114,111.5114,300
1475853124,111.5167,111.5167,111.5167,111.5167,700
1475853203,111.5450,111.5450,111.5450,111.5450,500
1475853272,111.5300,111.5316,111.5300,111.5316,200
1475853368,111.4900,111.4900,111.4900,111.4900,400
1475853436,111.5500,111.5500,111.5448,111.5448,600
1475853516,111.5450,111.5450,111.5450,111.5450,100
1475853548,111.5616,111.5616,111.5520,111.5520,1100
1475853638,111.5598,111.5598,111.5300,111.5300,600
1475853667,111.5700,111.5900,111.5700,111.5900,700
1475853792,111.5565,111.5565,111.5500,111.5500,900
1475853890,111.5300,111.5300,111.5200,111.5200,2500
1475853908,111.5100,111.5100,111.5029,111.5086,1600
1475854012,111.5097,111.5097,111.5097,111.5097,100
1475854034,111.5004,111.5004,111.5004,111.5004,100
1475854107,111.5100,111.5216,111.5051,111.5051,500
1475854190,111.5098,111.5098,111.5098,111.5098,100
1475854314,111.4983,111.4983,111.4983,111.4983,300
1475854376,111.4582,111.4582,111.4582,111.4582,600
1475854427,111.4511,111.4511,111.4511,111.4511,100
1475854487,111.3800,111.3800,111.3678,111.3800,1500
1475854509,111.3502,111.3502,111.3502,111.3502,300
1475854646,111.3000,111.3226,111.3000,111.3226,400
1475854687,111.2600,111.3131,111.2600,111.3131,500
1475854855,111.2447,111.2447,111.2447,111.2447,700
1475855130,111.0700,111.1100,111.0700,111.1000,1600
1475855279,111.0224,111.0370,111.0000,111.0261,2300
1475855280,111.0527,111.0527,111.0220,111.0220,1400
1475855368,111.0200,111.0200,111.0200,111.0200,100
1475855430,111.0100,111.0200,111.0002,111.0002,500
1475855491,111.0147,111.0147,111.0105,111.0105,800
1475855579,111.0300,111.0300,110.9960,110.9960,800
1475855617,111.0500,111.0500,111.0400,111.0400,1800
1475855660,111.0899,111.0899,111.0899,111.0899,200
1475855741,111.0900,111.0900,111.0900,111.0900,100
1475855784,111.0968,111.0968,111.0893,111.0893,700
1475855887,111.1300,111.1300,111.1010,111.1282,500
1475855966,111.0970,111.1020,111.0970,111.1020,1300
1475856020,111.2700,111.3000,111.1700,111.1700,2800
1475856075,111.1700,111.2344,111.1600,111.2344,2800
1475856197,111.2199,111.2199,111.2150,111.2150,700
1475856369,111.1300,111.1300,111.0665,111.0665,1500
1475856545,111.1800,111.1800,111.1665,111.1773,1600
1475856641,111.1668,111.1668,111.1668,111.1668,400
1475856707,111.1200,111.1200,111.1200,111.1200,400
1475856829,111.1200,111.1202,111.1100,111.1100,1800
1475856893,111.1800,111.1800,111.1674,111.1674,2500
1475856957,111.1400,111.1451,111.1240,111.1451,2700
1475856963,111.1011,111.1400,111.1011,111.1400,300
1475857076,111.0900,111.0900,111.0900,111.0900,200
1475857106,111.0800,111.0800,111.0800,111.0800,700
1475857254,111.0600,111.0600,111.0600,111.0600,400
1475857280,111.1200,111.1200,111.0890,111.0900,700
1475857433,111.1210,111.1210,111.1210,111.1210,1300
1475857537,111.0800,111.0800,111.0800,111.0800,100
1475857562,111.1000,111.1000,111.1000,111.1000,300
1475857724,111.1126,111.1126,111.1126,111.1126,100
1475857744,111.1150,111.1150,111.0893,111.1072,3400
1475857874,111.1298,111.1300,111.1000,111.1200,2500
1475858001,111.1070,111.1070,111.0900,111.0938,1200
1475858061,111.0900,111.1300,111.0900,111.1300,1700
1475858159,111.0697,111.0697,111.0697,111.0697,200
1475858185,111.1084,111.1190,111.1084,111.1190,5500
1475858276,111.1100,111.1298,111.1100,111.1100,2900
1475858283,111.0911,111.0911,111.0911,111.0911,400
1475858392,111.0400,111.0400,111.0400,111.0400,200
1475858460,111.0547,111.0890,111.0547,111.0890,700
1475858627,111.0300,111.0300,111.0226,111.0226,300
1475858650,111.0700,111.0700,111.0600,111.0600,400
1475858776,111.1000,111.1000,111.0700,111.0700,200
1475858869,111.1600,111.1600,111.1600,111.1600,200
1475858914,111.1584,111.1584,111.1584,111.1584,200
1475858983,111.1710,111.1710,111.1710,111.1710,200
1475859013,111.1690,111.1690,111.1600,111.1600,4200
1475859090,111.1550,111.1550,111.1550,111.1550,300
1475859121,111.1388,111.1388,111.1388,111.1388,500
1475859195,111.1400,111.1400,111.1280,111.1280,700
1475859259,111.1300,111.1300,111.1300,111.1300,400
1475859309,111.1520,111.1520,111.1210,111.1210,0
1475859519,111.1400,111.1400,111.1400,111.1400,100
1475859586,111.1600,111.1622,111.1600,111.1622,500
1475859647,111.1650,111.1650,111.1624,111.1624,400
1475859688,111.1364,111.1500,111.1240,111.1500,800
1475859760,111.0431,111.0431,111.0431,111.0431,200
1475859796,111.1299,111.1299,111.0900,111.0900,400
1475859947,111.1153,111.1153,111.1153,111.1153,100
1475859960,111.1001,111.1001,111.1001,111.1001,300
1475860101,111.1450,111.1526,111.1130,111.1130,1400
1475860219,111.1711,111.1711,111.1500,111.1500,400
1475860383,111.1380,111.1380,111.1332,111.1332,400
1475860445,111.1299,111.1299,111.1299,111.1299,400
1475860655,111.1473,111.1473,111.1473,111.1473,100
1475860698,111.1400,111.1600,111.1400,111.1500,19200
1475860781,111.1200,111.1452,111.1200,111.1452,600
1475860874,111.1554,111.1616,111.1554,111.1616,600
1475860967,111.1100,111.1400,111.1100,111.1400,700
1475861016,111.1300,111.1400,111.1300,111.1399,12000
1475861083,111.1449,111.1449,111.1449,111.1449,400
1475861215,111.2300,111.2300,111.1900,111.1900,1100
1475861231,111.2999,111.2999,111.2999,111.2999,600
1475861311,111.2900,111.3000,111.2900,111.3000,1700
1475861419,111.3300,111.3300,111.3300,111.3300,200
1475861466,111.3500,111.3599,111.3444,111.3444,6000
1475861578,111.3510,111.3510,111.3510,111.3510,300
1475861591,111.3800,111.3800,111.3700,111.3700,400
1475861693,111.4280,111.4280,111.4280,111.4280,400
1475861716,111.4453,111.4589,111.4453,111.4511,700
1475861774,111.4390,111.4390,111.4289,111.4289,1700
1475861852,111.4295,111.4295,111.4220,111.4220,1600
1475861890,111.4400,111.4400,111.4350,111.4350,2200
1475862055,111.5300,111.5300,111.4763,111.4763,800
1475862070,111.5290,111.5300,111.5000,111.5300,9700
1475862178,111.4900,111.4900,111.4900,111.4900,300
1475862186,111.4710,111.4900,111.4702,111.4900,700
1475862251,111.4700,111.4700,111.4589,111.4600,12600
1475862405,111.5040,111.5040,111.4860,111.4870,1200
1475862450,111.4886,111.4886,111.4886,111.4886,400
1475862704,111.4640,111.4689,111.4600,111.4640,700
1475862813,111.4200,111.4310,111.4200,111.4201,400
1475862857,111.4313,111.4313,111.4313,111.4313,100
1475863128,111.4290,111.4290,111.4290,111.4290,100
1475863165,111.4400,111.4400,111.4210,111.4300,2600
1475863210,111.4200,111.4230,111.4200,111.4230,900
1475863266,111.4716,111.4799,111.4716,111.4799,1800
1475863355,111.4700,111.4700,111.4700,111.4700,200
1475863414,111.4496,111.4600,111.4496,111.4600,1200
1475863475,111.4399,111.4399,111.4399,111.4399,1100
1475863582,111.3868,111.3921,111.3800,111.3900,900
1475863685,111.3900,111.3900,111.3900,111.3900,300
1475863782,111.4080,111.4080,111.4000,111.4000,400
1475863911,111.4900,111.4900,111.4900,111.4900,200
1475864026,111.4850,111.4850,111.4850,111.4850,3100
1475864072,111.5000,111.5000,111.4999,111.4999,400
1475864119,111.4900,111.5039,111.4900,111.5039,300
1475864248,111.4900,111.4900,111.4900,111.4900,300
1475864313,111.4422,111.4600,111.4422,111.4600,6400
1475864359,111.4799,111.4799,111.4799,111.4799,11500
1475864403,111.4401,111.4401,111.4401,111.4401,100
1475864483,111.5000,111.5000,111.4904,111.4904,11200
1475864598,111.4834,111.4900,111.4834,111.4900,1100
1475864730,111.4700,111.4700,111.4700,111.4700,200
1475864770,111.5099,111.5100,111.5099,111.5100,3500
1475864925,111.5000,111.5100,111.4948,111.4948,4800
1475864955,111.5000,111.5055,111.4912,111.5055,4100
1475865011,111.5000,111.5000,111.5000,111.5000,600
1475865065,111.5400,111.5400,111.5300,111.5400,1500
1475865223,111.5560,111.5560,111.5384,111.5384,1600
1475865255,111.5460,111.5460,111.5460,111.5460,200
1475865308,111.5600,111.5600,111.5600,111.5600,100
1475865397,111.5200,111.5200,111.5200,111.5200,600
1475865456,111.5276,111.5300,111.5276,111.5300,1000
1475865535,111.5316,111.5316,111.5316,111.5316,400
1475865596,111.5300,111.5300,111.5220,111.5275,500
1475865645,111.5390,111.5390,111.5300,111.5300,800
1475865776,111.5127,111.5127,111.5127,111.5127,100
1475865828,111.5000,111.5200,111.4979,111.5060,3000
1475865843,111.5200,111.5200,111.5200,111.5200,300
1475865911,111.5400,111.5400,111.5260,111.5260,800
1475866014,111.5600,111.5750,111.5500,111.5500,5800
1475866044,111.5800,111.5800,111.5704,111.5704,1600
1475866106,111.5600,111.5700,111.5600,111.5700,300
1475866195,111.5208,111.5208,111.5189,111.5189,3900
1475866255,111.5348,111.5400,111.5300,111.5400,8100
1475866313,111.5150,111.5200,111.5150,111.5200,500
1475866330,111.5309,111.5309,111.5309,111.5309,300
1475866387,111.5200,111.5400,111.5200,111.5400,9000
1475866489,111.5002,111.5200,111.5002,111.5200,2700
1475866505,111.5200,111.5299,111.5200,111.5299,900
1475866567,111.5660,111.5660,111.5400,111.5400,1300
1475866632,111.5500,111.5500,111.5500,111.5500,500
1475866723,111.5374,111.5640,111.5374,111.5640,1000
1475866783,111.5400,111.5400,111.5400,111.5400,400
1475866865,111.5340,111.5670,111.5300,111.5670,2000
1475866941,111.5140,111.5160,111.5000,111.5000,1800
1475867078,111.4873,111.5100,111.4873,111.5000,400
1475867120,111.4997,111.4997,111.4997,111.4997,100
1475867212,111.5148,111.5160,111.5000,111.5000,2200
1475867224,111.5199,111.5200,111.5199,111.5200,800
1475867283,111.4800,111.5100,111.4700,111.5100,3400
1475867342,111.4700,111.4740,111.4700,111.4740,1000
1475867413,111.4800,111.4800,111.4700,111.4700,1700
1475867462,111.4951,111.4951,111.4900,111.4900,500
1475867548,111.4800,111.5000,111.4800,111.5000,1100
1475867589,111.5000,111.5000,111.4800,111.4800,800
1475867735,111.4670,111.4725,111.4650,111.4725,500
1475867817,111.4800,111.4851,111.4800,111.4851,400
1475867852,111.4700,111.4700,111.4700,111.4700,600
1475867890,111.4700,111.4700,111.4700,111.4700,200
1475867942,111.4500,111.4680,111.4500,111.4680,6200
1475868031,111.4397,111.4397,111.4397,111.4397,300
1475868076,111.4700,111.4700,111.4700,111.4700,500
1475868137,111.4488,111.4500,111.4488,111.4500,600
1475868231,111.4600,111.4600,111.4600,111.4600,200
1475868299,111.4800,111.4800,111.4601,111.4601,3400
1475868314,111.4665,111.4665,111.4665,111.4665,1700
1475868394,111.4806,111.4827,111.4800,111.4827,400
1475868475,111.4916,111.4960,111.4916,111.4916,800
1475868484,111.4932,111.5100,111.4932,111.4970,5800
1475868548,111.5074,111.5100,111.5000,111.5099,1400
1475868625,111.5200,111.5200,111.5200,111.5200,400
1475868777,111.5200,111.5200,111.5200,111.5200,200
1475868812,111.5100,111.5200,111.5100,111.5200,400
1475868849,111.4986,111.5030,111.4900,111.4983,3300
1475868976,111.5143,111.5143,111.4990,111.4990,700
1475869049,111.5340,111.5340,111.5340,111.5340,200
1475869112,111.4980,111.4990,111.4980,111.4990,300
1475869192,111.4800,111.4900,111.4800,111.4900,200
1475869204,111.4800,111.4900,111.4700,111.4700,1600
1475869281,111.5027,111.5027,111.5000,111.5000,400
1475869354,111.5000,111.5080,111.5000,111.5080,1200
1475869383,111.4867,111.5000,111.4800,111.4900,1100
1475869480,111.4700,111.4870,111.4600,111.4870,2200
1475869503,111.4600,111.4700,111.4600,111.4600,8500
1475869560,111.4773,111.4773,111.4500,111.4500,2200
1475869707,111.4724,111.4800,111.4724,111.4800,800
1475869781,111.4586,111.4707,111.4586,111.4707,1000
1475869885,111.5050,111.5100,111.5050,111.5100,300
1475869943,111.5000,111.5099,111.5000,111.5099,4900
1475870006,111.5100,111.5100,111.5100,111.5100,2800
1475870150,111.5200,111.5200,111.4900,111.4900,2800
1475870206,111.5300,111.5300,111.5100,111.5200,2200
1475870224,111.5499,111.5500,111.5260,111.5260,2300
1475870282,111.5100,111.5500,111.5100,111.5428,7400
1475870347,111.4100,111.4800,111.4100,111.4800,17600
1475870400,111.4100,111.4100,111.4100,111.4100,4600
