uri:/instrument/1.0/PGP/chartdata;type=quote;range=1d/csv
ticker:pgp
Company-Name:Pimco Global Stocksplus & Incom
Exchange-Name:NYQ
unit:MIN
timezone:EDT
currency:USD
gmtoffset:-14400
previous_close:20.4000
Timestamp:1475501400,1475524800
labels:1475503200,1475506800,1475510400,1475514000,1475517600,1475521200,1475524800
values:Timestamp,close,high,low,open,volume
close:20.3700,20.6600
high:20.3800,20.6600
low:20.3470,20.5999
open:20.3470,20.5999
volume:0,4100
1475501400,20.4400,20.4400,20.4400,20.4400,4100
1475501728,20.5387,20.5387,20.5387,20.5387,200
1475502905,20.5832,20.5899,20.3470,20.3470,1000
1475503302,20.5999,20.5999,20.5999,20.5999,200
1475503399,20.4040,20.4040,20.4040,20.4040,400
1475503955,20.5062,20.5062,20.5062,20.5062,200
1475504242,20.4955,20.4955,20.4955,20.4955,500
1475505540,20.6600,20.6600,20.5600,20.5760,1600
1475506381,20.5900,20.5900,20.5900,20.5900,1400
1475506975,20.4750,20.5800,20.4750,20.5800,300
1475508723,20.4700,20.4700,20.4700,20.4700,100
1475511297,20.5400,20.5400,20.5400,20.5400,200
1475511779,20.3700,20.5500,20.3700,20.5499,800
1475511780,20.4650,20.4650,20.4650,20.4650,100
1475512180,20.4100,20.4100,20.4100,20.4100,200
1475512380,20.5107,20.5700,20.5107,20.5600,1300
1475512553,20.5800,20.5800,20.5800,20.5800,1000
1475516826,20.5800,20.5800,20.5100,20.5100,1200
1475516990,20.3800,20.4300,20.3700,20.4200,3000
1475517001,20.3800,20.3800,20.3800,20.3800,900
1475517071,20.3700,20.4650,20.3700,20.4650,700
1475517720,20.4800,20.4800,20.4800,20.4800,100
1475520523,20.5150,20.5250,20.4900,20.4900,900
1475520909,20.5333,20.5333,20.5333,20.5333,100
1475521535,20.5899,20.5899,20.4858,20.5600,2400
1475522685,20.4300,20.5800,20.4300,20.5800,200
1475522892,20.5364,20.5364,20.5364,20.5364,100
1475524789,20.4300,20.5500,20.4300,20.4300,600
1475524800,20.4300,20.4300,20.4300,20.4300,0
