uri:/instrument/1.0/RE/chartdata;type=quote;range=1d/csv
ticker:re
Company-Name:Everest Re Group, Ltd. Common S
Exchange-Name:NYQ
unit:MIN
timezone:EDT
currency:USD
gmtoffset:-14400
previous_close:190.4000
Timestamp:1475242200,1475265600
labels:1475244000,1475247600,1475251200,1475254800,1475258400,1475262000,1475265600
values:Timestamp,close,high,low,open,volume
close:189.5750,190.6400
high:189.6300,190.7850
low:189.5750,190.6300
open:189.6101,190.6500
volume:100,12100
1475242348,190.5400,190.7850,190.2900,190.4600,6100
1475242484,190.2800,190.4500,190.2800,190.4500,700
1475242604,190.2300,190.3800,189.9700,190.2800,1100
1475242666,190.1600,190.2500,190.1600,190.2500,1000
1475242761,189.9500,189.9700,189.9500,189.9700,300
1475242802,189.8200,190.3100,189.8200,190.2800,500
1475242977,190.3300,190.3700,190.0400,190.2800,3000
1475242982,190.3100,190.3300,190.3100,190.3300,2400
1475243078,190.2200,190.2200,190.2200,190.2200,200
1475243104,190.0400,190.0400,190.0400,190.0400,100
1475243163,190.0500,190.0500,190.0500,190.0500,100
1475243278,189.7300,190.2600,189.7200,190.2600,3100
1475243289,189.7300,189.7300,189.7300,189.7300,200
1475243374,189.7800,190.1200,189.7800,190.1000,800
1475243400,190.0800,190.2290,190.0800,190.1200,1600
1475243483,190.3300,190.3300,190.3300,190.3300,100
1475243548,190.0900,190.2900,190.0900,190.2900,500
1475243617,190.2400,190.2400,190.2400,190.2400,100
1475243645,190.0000,190.0950,190.0000,190.0200,1500
1475243714,190.2450,190.2450,190.1600,190.1600,500
1475243797,190.3300,190.3300,190.3300,190.3300,100
1475243963,190.0800,190.2500,190.0800,190.1300,1500
1475244035,190.0600,190.0600,190.0600,190.0600,200
1475244061,190.1050,190.1050,190.0200,190.0200,700
1475244202,190.1600,190.1700,190.0850,190.0850,900
1475244282,190.2600,190.2600,190.2600,190.2600,100
1475244346,190.1800,190.1800,190.1800,190.1800,100
1475244394,190.2800,190.2800,190.2800,190.2800,100
1475244422,190.2900,190.2900,190.2600,190.2600,700
1475244492,190.3300,190.3300,190.3300,190.3300,200
1475244585,190.3350,190.3800,190.1500,190.3700,800
1475244654,190.1600,190.3600,190.1600,190.3450,2300
1475244660,190.1500,190.1500,190.1300,190.1400,300
1475244722,189.8900,190.1200,189.8800,190.1200,900
1475244780,189.8600,189.8600,189.8600,189.8600,100
1475244890,190.0700,190.0700,189.9150,190.0600,3400
1475244905,190.0400,190.1100,190.0400,190.0800,500
1475245005,189.8500,189.9900,189.8500,189.9900,500
1475245156,189.8650,189.8650,189.8650,189.8650,100
1475245224,190.1200,190.1200,189.9300,189.9300,1700
1475245314,190.2000,190.2000,190.2000,190.2000,100
1475245355,190.1850,190.3000,190.1400,190.3000,900
1475245380,190.0400,190.0400,190.0400,190.0400,200
1475245514,189.9100,189.9100,189.9100,189.9100,200
1475245644,190.0600,190.0600,190.0600,190.0600,200
1475245722,190.0600,190.0700,190.0600,190.0700,500
1475245789,190.2300,190.2300,190.2200,190.2200,200
1475245857,190.2600,190.2600,189.9800,190.2400,1000
1475245860,190.1700,190.2600,190.1600,190.2600,600
1475245984,190.2700,190.2700,190.2700,190.2700,100
1475246065,190.0300,190.2050,190.0000,190.1100,1800
1475246154,189.8700,189.9700,189.8700,189.9300,1300
1475246210,189.8150,189.9550,189.7400,189.9550,1700
1475246268,190.0000,190.1000,189.8100,189.8100,3700
1475246310,189.9900,189.9900,189.9900,189.9900,1000
1475246387,189.9950,189.9950,189.9950,189.9950,200
1475246447,190.0400,190.2300,190.0400,190.0900,1000
1475246594,190.1400,190.1400,190.0500,190.0500,600
1475246759,190.1675,190.1900,190.1500,190.1500,1300
1475246768,190.0000,190.1200,190.0000,190.1200,500
1475246827,190.0600,190.0600,190.0600,190.0600,100
1475246929,190.0200,190.0200,189.9900,189.9900,300
1475246996,189.8100,189.9900,189.7500,189.9900,2900
1475247021,189.7400,189.8550,189.7400,189.8350,600
1475247123,189.8400,189.8400,189.8400,189.8400,200
1475247199,189.6700,189.7500,189.6700,189.7500,1400
1475247270,189.7450,189.7450,189.7450,189.7450,100
1475247319,189.6800,189.7900,189.6800,189.7200,600
1475247416,189.8350,189.8900,189.7900,189.7900,1800
1475247445,189.8350,189.8350,189.8350,189.8350,400
1475247650,189.9300,190.0200,189.8300,189.8500,2100
1475247699,189.9300,189.9300,189.9300,189.9300,2000
1475247839,190.1300,190.1900,190.0000,190.0000,900
1475247842,190.2100,190.2100,190.2100,190.2100,100
1475248019,190.1500,190.1600,190.1500,190.1600,200
1475248043,190.1200,190.1200,190.0700,190.1200,800
1475248122,189.9900,189.9900,189.9900,189.9900,100
1475248162,190.0400,190.0400,190.0400,190.0400,100
1475248254,190.3500,190.4600,190.1700,190.2400,4400
1475248299,190.3000,190.3000,190.3000,190.3000,100
1475248332,190.3000,190.5100,190.3000,190.5100,1300
1475248648,190.3200,190.4650,190.3000,190.3000,400
1475248716,190.3000,190.3900,190.3000,190.3300,2300
1475248746,190.3300,190.4100,190.3100,190.4100,400
1475248803,190.3700,190.3800,190.2800,190.3300,1600
1475248990,190.2600,190.2700,190.2600,190.2700,500
1475249083,190.2100,190.2100,190.2100,190.2100,100
1475249219,190.3100,190.3100,190.2100,190.2100,2200
1475249221,190.3200,190.3200,190.3200,190.3200,100
1475249331,190.3400,190.3400,190.2700,190.2700,1200
1475249358,190.3300,190.4000,190.2950,190.3500,2200
1475249401,190.3300,190.3300,190.3300,190.3300,100
1475249515,190.2100,190.4150,190.2100,190.3550,3900
1475249520,190.2600,190.2600,190.1700,190.2000,800
1475249596,190.3300,190.3300,190.3300,190.3300,100
1475249683,190.1300,190.1300,190.1300,190.1300,100
1475249801,190.2600,190.2600,190.2600,190.2600,300
1475249846,190.1100,190.1100,190.1100,190.1100,100
1475249934,190.0100,190.1300,189.9800,190.1100,2400
1475249998,189.8900,190.0100,189.8900,190.0100,3100
1475250057,189.8200,189.9100,189.7500,189.8900,5300
1475250060,189.6650,189.7650,189.6600,189.7550,5400
1475250175,189.8100,189.8300,189.6650,189.7500,1400
1475250208,189.8100,189.8100,189.8100,189.8100,100
1475250242,189.7000,189.8100,189.7000,189.8100,1400
1475250317,189.7400,189.7400,189.7400,189.7400,100
1475250411,189.8400,189.8400,189.7500,189.7500,1900
1475250431,189.8600,189.8600,189.8600,189.8600,300
1475250720,189.7600,189.8900,189.7600,189.8900,600
1475250836,189.8000,189.8000,189.8000,189.8000,100
1475250844,189.8400,189.8400,189.8400,189.8400,100
1475250948,189.9700,189.9700,189.9700,189.9700,100
1475250988,189.9950,189.9950,189.8600,189.8600,200
1475251104,189.9700,189.9700,189.9700,189.9700,100
1475251360,189.8100,189.8100,189.7950,189.7950,200
1475251438,189.9700,190.0800,189.9322,189.9750,400
1475251474,189.8300,189.8300,189.8300,189.8300,100
1475251536,189.8950,189.8950,189.8950,189.8950,800
1475251857,190.1800,190.3400,189.9200,189.9200,3400
1475251870,190.1500,190.2800,190.1500,190.2800,300
1475251998,190.2499,190.2499,190.1500,190.2000,1200
1475252096,190.1700,190.1700,190.1400,190.1400,400
1475252118,190.3800,190.3800,190.2200,190.2200,900
1475252335,190.5000,190.5000,190.1300,190.1300,2400
1475252370,190.3450,190.3450,190.3250,190.3250,500
1475252472,190.3300,190.3300,190.2400,190.2400,500
1475252547,190.3400,190.3400,190.3350,190.3350,200
1475252620,190.3350,190.3350,190.3350,190.3350,100
1475252655,190.3500,190.3800,190.2400,190.3800,4400
1475252744,190.3300,190.3900,190.2950,190.3600,4500
1475252847,190.3400,190.3500,190.3400,190.3500,500
1475253056,190.2400,190.3900,190.2200,190.3300,6700
1475253073,190.2300,190.2300,190.2300,190.2300,200
1475253164,190.2800,190.2800,190.2300,190.2300,300
1475253235,190.3200,190.3200,190.3200,190.3200,300
1475253280,190.3200,190.3300,190.3200,190.3300,200
1475253300,190.3250,190.3250,190.3250,190.3250,100
1475253361,190.3300,190.3300,190.2750,190.3100,500
1475253465,190.3550,190.3550,190.3550,190.3550,100
1475253499,190.3550,190.3550,190.3550,190.3550,100
1475253590,190.3550,190.3550,190.3250,190.3550,900
1475253662,190.2000,190.2300,190.2000,190.2300,700
1475253834,190.0800,190.1300,190.0800,190.1300,800
1475253857,190.0700,190.0700,190.0400,190.0400,500
1475253970,190.0000,190.0000,190.0000,190.0000,100
1475254036,190.3000,190.3000,190.0450,190.0500,1600
1475254084,190.1500,190.2600,190.1500,190.2600,500
1475254156,190.2300,190.2400,190.2200,190.2400,1200
1475254316,190.0100,190.0100,190.0100,190.0100,100
1475254330,190.2000,190.2000,190.1100,190.1100,400
1475254478,190.1500,190.1500,190.1500,190.1500,100
1475254506,190.0900,190.0900,190.0900,190.0900,100
1475254664,190.0850,190.0850,190.0850,190.0850,200
1475254770,190.0550,190.0850,190.0200,190.0850,600
1475254855,190.1000,190.1000,190.0600,190.0600,700
1475254862,190.1900,190.1900,190.1900,190.1900,300
1475255010,190.2100,190.5350,190.0300,190.3300,12100
1475255058,190.1600,190.1600,190.1600,190.1600,100
1475255106,190.0500,190.1400,190.0500,190.1400,200
1475255322,189.8600,190.0500,189.8600,190.0500,1100
1475255452,189.9100,189.9800,189.8900,189.9200,1900
1475255469,189.9100,189.9100,189.8971,189.9100,400
1475255551,189.9800,189.9800,189.9100,189.9100,300
1475255585,189.9500,189.9500,189.9500,189.9500,200
1475255872,189.9600,190.0300,189.9600,190.0300,200
1475255882,189.8700,190.0500,189.8700,190.0500,400
1475256053,190.0000,190.0000,190.0000,190.0000,100
1475256065,190.0200,190.0200,189.9400,189.9500,500
1475256172,189.8700,189.9200,189.8700,189.9200,200
1475256185,189.9600,189.9700,189.9200,189.9700,1300
1475256286,189.8900,189.9900,189.8900,189.9900,600
1475256340,190.0000,190.0000,190.0000,190.0000,100
1475256463,189.9625,189.9625,189.9625,189.9625,100
1475256485,189.5750,189.8700,189.5750,189.8700,2100
1475256681,189.8600,189.8600,189.6950,189.6950,8300
1475256726,189.8700,189.8800,189.8700,189.8800,300
1475256831,189.8100,189.8100,189.8100,189.8100,200
1475256846,189.9400,189.9400,189.9400,189.9400,100
1475256902,189.9500,189.9500,189.9500,189.9500,300
1475257044,189.8650,190.0000,189.8650,190.0000,500
1475257130,189.8600,189.8600,189.7550,189.7550,300
1475257211,189.6300,189.8100,189.6300,189.8100,800
1475257297,189.6200,189.6300,189.6101,189.6101,800
1475257320,189.6850,189.8100,189.6850,189.8100,300
1475257417,189.6550,189.7100,189.6550,189.7100,200
1475257442,189.7100,189.7300,189.6800,189.6900,1100
1475257561,189.7100,189.7600,189.7000,189.7450,1300
1475257620,189.7450,189.7900,189.7350,189.7400,1500
1475257698,189.7500,189.7500,189.7500,189.7500,200
1475258098,189.8450,189.9300,189.8450,189.8600,800
1475258104,189.6700,189.8700,189.6700,189.8700,1400
1475258161,189.7000,189.7000,189.6400,189.6400,800
1475258229,189.7500,189.7500,189.6800,189.6800,300
1475258394,189.6700,189.6700,189.6700,189.6700,100
1475258506,189.7600,189.9200,189.7600,189.9000,900
1475258581,189.8600,189.8600,189.8600,189.8600,100
1475258666,189.9300,189.9300,189.9300,189.9300,100
1475258740,190.0250,190.0300,189.9800,189.9800,1400
1475258809,189.9650,190.0250,189.9650,190.0250,200
1475258860,189.8250,190.0200,189.8250,190.0200,1300
1475258945,189.8300,189.8300,189.8300,189.8300,200
1475259063,189.7650,189.8700,189.7650,189.8700,600
1475259155,189.9600,189.9600,189.9100,189.9100,300
1475259210,190.1300,190.1300,190.1300,190.1300,100
1475259377,189.9200,189.9200,189.9200,189.9200,100
1475259456,190.0550,190.1400,190.0550,190.1400,900
1475259582,190.0600,190.1300,190.0050,190.0400,900
1475259632,189.9700,190.1100,189.9700,190.1100,400
1475259665,190.0200,190.0200,189.9650,189.9650,300
1475259793,190.1000,190.1000,190.1000,190.1000,200
1475259867,190.0200,190.0400,190.0200,190.0400,300
1475259918,190.0600,190.0600,190.0600,190.0600,200
1475259991,190.0000,190.0000,190.0000,190.0000,200
1475260123,190.1200,190.1300,190.1200,190.1200,800
1475260167,190.1200,190.1200,190.1200,190.1200,100
1475260254,190.0500,190.1300,190.0500,190.1200,900
1475260279,190.1300,190.1300,190.1300,190.1300,200
1475260378,190.2200,190.2200,190.2100,190.2100,200
1475260452,190.2200,190.2300,190.2200,190.2300,500
1475260551,190.2200,190.2200,190.2200,190.2200,100
1475260569,190.0800,190.1300,190.0800,190.1300,1100
1475260627,190.0600,190.1250,190.0550,190.1250,1000
1475260739,190.1800,190.1800,190.1700,190.1700,300
1475260764,190.2400,190.2400,190.1900,190.2000,800
1475260810,190.2400,190.2600,190.2300,190.2300,400
1475260966,190.3500,190.3500,190.3300,190.3300,200
1475261035,190.3700,190.3700,190.3150,190.3600,500
1475261094,190.4600,190.4600,190.3450,190.3700,1000
1475261102,190.5800,190.5800,190.4700,190.4700,300
1475261365,190.2550,190.4000,190.2550,190.3600,2200
1475261437,190.2700,190.2700,190.2700,190.2700,300
1475261528,190.1500,190.2600,190.1500,190.2500,900
1475261592,190.2750,190.2750,190.2000,190.2100,1000
1475261756,190.1750,190.1750,190.1750,190.1750,100
1475261762,190.1700,190.1700,190.1700,190.1700,100
1475261927,190.1600,190.2600,190.1600,190.1600,300
1475261945,190.2700,190.2700,190.2700,190.2700,100
1475262018,190.2500,190.3700,190.2500,190.3700,400
1475262129,190.2600,190.2600,190.2600,190.2600,100
1475262269,190.2600,190.2750,190.2300,190.2750,1000
1475262307,190.2200,190.2200,190.2200,190.2200,200
1475262407,190.1800,190.1800,190.1800,190.1800,300
1475262531,190.1000,190.1800,190.0900,190.1700,1400
1475262588,190.1100,190.1400,190.0900,190.1350,400
1475262654,190.1100,190.1100,190.1000,190.1000,600
1475262706,190.1900,190.1900,190.1900,190.1900,200
1475262730,190.1550,190.1550,190.1550,190.1550,800
1475262797,190.3050,190.3200,190.2200,190.2200,1300
1475262863,190.3400,190.3400,190.3400,190.3400,400
1475262957,190.5200,190.5200,190.3600,190.3600,200
1475262994,190.3700,190.3700,190.3700,190.3700,100
1475263033,190.6300,190.6300,190.6300,190.6300,100
1475263139,190.5700,190.6600,190.5700,190.6200,700
1475263141,190.6100,190.6100,190.4500,190.5700,1200
1475263208,190.4100,190.4100,190.4100,190.4100,200
1475263282,190.5700,190.5700,190.3950,190.3950,700
1475263330,190.5600,190.5600,190.4200,190.5000,600
1475263432,190.3900,190.3900,190.3700,190.3700,200
1475263471,190.4900,190.4900,190.4400,190.4400,200
1475263554,190.3900,190.4100,190.3900,190.4100,200
1475263569,190.4200,190.4200,190.4200,190.4200,300
1475263662,190.4000,190.4300,190.4000,190.4300,200
1475263710,190.4300,190.4300,190.3900,190.4300,1300
1475263785,190.3800,190.4800,190.3800,190.4800,1700
1475263842,190.4250,190.4250,190.4250,190.4250,100
1475263890,190.4000,190.4250,190.4000,190.4250,400
1475263968,190.4100,190.4100,190.3800,190.3800,700
1475264035,190.2500,190.3800,190.2500,190.3800,1900
1475264097,190.2400,190.3300,190.0000,190.3300,900
1475264145,190.1400,190.1600,190.1100,190.1100,400
1475264202,190.1500,190.2200,190.1500,190.1550,400
1475264230,190.1700,190.2250,190.1600,190.1600,600
1475264298,190.2300,190.2300,190.1900,190.1900,500
1475264344,190.2000,190.2900,190.1950,190.2300,1500
1475264451,190.3400,190.3400,190.2200,190.2900,2500
1475264512,190.3000,190.4400,190.2900,190.3700,800
1475264567,190.3950,190.4000,190.3150,190.3850,4400
1475264580,190.3100,190.3900,190.3100,190.3900,1300
1475264640,190.4600,190.4600,190.3000,190.3000,3400
1475264757,190.4700,190.5150,190.4700,190.5000,400
1475264781,190.4300,190.5300,190.4200,190.5300,2500
1475264878,190.3500,190.4500,190.3500,190.4500,1800
1475264938,190.3000,190.3400,190.2600,190.3400,1200
1475264946,190.3900,190.4000,190.3200,190.3300,1400
1475265047,190.5250,190.5300,190.4150,190.4200,2300
1475265116,190.6200,190.6200,190.4700,190.4900,3200
1475265177,190.6400,190.6600,190.5500,190.6500,3100
1475265233,190.6000,190.6800,190.5800,190.5800,3600
1475265289,190.4900,190.6000,190.4900,190.5700,2000
1475265359,190.3700,190.4250,190.2600,190.4000,5000
1475265416,190.2300,190.3500,190.2200,190.3500,2600
1475265479,190.0700,190.2800,190.0000,190.2650,5300
1475265480,190.1350,190.1800,190.0300,190.0600,4000
1475265599,190.0600,190.1800,189.9800,190.1600,11500
1475265600,190.0600,190.0600,190.0600,190.0600,100
