uri:/instrument/1.0/SPGI/chartdata;type=quote;range=1d/csv
ticker:spgi
Company-Name:S&P Global Inc. Common Stock
Exchange-Name:NYQ
unit:MIN
timezone:EDT
currency:USD
gmtoffset:-14400
previous_close:124.2000
Timestamp:1475674200,1475697600
labels:1475676000,1475679600,1475683200,1475686800,1475690400,1475694000,1475697600
values:Timestamp,close,high,low,open,volume
close:123.9100,125.2100
high:123.9100,125.2400
low:123.9000,125.2000
open:123.9000,125.2400
volume:100,97000
1475674239,124.2800,124.3200,124.2300,124.2300,14200
1475674283,124.9100,124.9100,124.9100,124.9100,700
1475674412,124.4850,124.7200,124.4850,124.4850,500
1475674445,124.6800,124.7400,124.6150,124.6150,1900
1475674503,124.6890,124.7400,124.6200,124.6300,6200
1475674588,124.4300,124.5452,124.4300,124.5452,2200
1475674776,124.2400,124.2400,124.2400,124.2400,500
1475674818,124.5100,124.5100,124.3300,124.3300,2800
1475674865,124.5200,124.5200,124.4400,124.4400,1400
1475674927,124.5400,124.5400,124.5400,124.5400,2800
1475675067,124.3900,124.4600,124.3700,124.4600,1200
1475675152,124.4800,124.4800,124.4700,124.4700,700
1475675161,124.4700,124.5500,124.4500,124.4900,1700
1475675259,124.5200,124.6100,124.5200,124.5800,8500
1475675330,124.6200,124.6200,124.5700,124.6000,12100
1475675398,124.7100,124.7100,124.6001,124.6100,3400
1475675452,124.7100,124.7400,124.6726,124.7000,2100
1475675470,124.6900,124.7200,124.6600,124.6900,2500
1475675549,124.7040,124.7040,124.7040,124.7040,300
1475675589,124.7200,124.7200,124.6900,124.7100,2000
1475675665,124.6950,124.6950,124.6950,124.6950,900
1475675708,124.6100,124.7100,124.5900,124.7050,5300
1475675845,124.5900,124.6100,124.5600,124.5600,1100
1475675882,124.6100,124.6100,124.5900,124.5900,1100
1475675969,124.6500,124.6500,124.6500,124.6500,900
1475676051,124.7200,124.8150,124.6900,124.7200,5200
1475676063,124.8300,124.8300,124.8100,124.8100,200
1475676122,124.8600,124.8600,124.8100,124.8100,1700
1475676188,124.8550,124.8900,124.8550,124.8900,1100
1475676289,124.8950,124.9520,124.8600,124.8800,5500
1475676358,124.9000,124.9400,124.8500,124.8950,2200
1475676375,124.9100,124.9200,124.8600,124.8600,900
1475676439,124.9000,124.9500,124.9000,124.9000,500
1475676497,124.8400,124.9500,124.8400,124.9400,3000
1475676570,124.7800,124.8450,124.7800,124.8450,900
1475676649,124.7550,124.7800,124.7550,124.7800,600
1475676691,124.7300,124.7400,124.7300,124.7400,1000
1475676775,124.6900,124.7100,124.6700,124.7100,5500
1475676790,124.7200,124.7200,124.6800,124.6900,5300
1475676900,124.7800,124.7800,124.7100,124.7100,3500
1475677044,124.8400,124.8500,124.8000,124.8500,3700
1475677135,124.8400,124.8400,124.8400,124.8400,300
1475677166,124.7200,124.8400,124.7200,124.8400,4000
1475677200,124.7100,124.7300,124.6900,124.6900,1400
1475677272,124.7700,124.8800,124.7200,124.7600,9900
1475677405,124.6800,124.7050,124.6700,124.6900,5100
1475677460,124.7300,124.7300,124.6400,124.6400,2400
1475677504,124.8500,124.8500,124.7250,124.7500,1300
1475677666,124.9160,124.9160,124.9160,124.9160,500
1475677694,124.9700,125.0100,124.8950,124.9300,1400
1475677745,125.0000,125.0000,125.0000,125.0000,100
1475677840,125.0700,125.0900,125.0600,125.0600,800
1475677865,125.1200,125.1200,125.0700,125.1100,3200
1475677934,124.9800,125.0500,124.9800,125.0500,1400
1475677997,125.0000,125.0000,124.9300,124.9500,1500
1475678096,125.0000,125.0000,125.0000,125.0000,500
1475678100,125.0800,125.0800,125.0200,125.0200,1100
1475678171,125.1100,125.1100,125.1100,125.1100,1800
1475678278,125.1750,125.1750,125.1400,125.1400,1100
1475678339,125.2100,125.2199,125.1600,125.2000,1900
1475678340,125.2000,125.2300,125.2000,125.2150,2200
1475678412,125.1800,125.2400,125.1700,125.2400,2800
1475678463,125.1100,125.1800,125.1100,125.1600,2900
1475678536,125.0200,125.0700,124.9900,125.0700,2000
1475678639,124.8900,124.9400,124.8700,124.9400,2100
1475678643,124.7600,124.8800,124.7300,124.8800,3000
1475678719,124.7300,124.7300,124.7100,124.7100,500
1475678778,124.7200,124.7200,124.6700,124.6700,1600
1475678862,124.6800,124.6800,124.6800,124.6800,600
1475678881,124.6900,124.7100,124.6800,124.6800,2800
1475678961,124.6300,124.6900,124.6300,124.6900,12500
1475679056,124.7200,124.7200,124.6450,124.6600,2500
1475679075,124.7800,124.7800,124.7400,124.7400,1800
1475679133,124.8000,124.8000,124.8000,124.8000,200
1475679236,124.8600,124.8600,124.7800,124.8200,800
1475679270,124.8800,124.8900,124.8600,124.8600,500
1475679316,124.8900,124.9200,124.8800,124.9000,3300
1475679365,124.8700,124.8700,124.8700,124.8700,600
1475679478,124.8450,124.8625,124.8300,124.8625,1000
1475679488,124.7400,124.7800,124.7400,124.7500,300
1475679542,124.7500,124.7900,124.7400,124.7400,2800
1475679612,124.6800,124.7400,124.6500,124.7400,2700
1475679675,124.7200,124.7300,124.6800,124.6800,2300
1475679769,124.7500,124.7500,124.7100,124.7100,1100
1475679803,124.6800,124.7350,124.6800,124.7300,1300
1475679847,124.6450,124.6900,124.6000,124.6700,1200
1475679955,124.7000,124.7000,124.6000,124.6350,4700
1475680013,124.5950,124.6800,124.5500,124.6800,3900
1475680073,124.5700,124.5900,124.5700,124.5900,800
1475680134,124.5800,124.6400,124.5700,124.5700,3800
1475680155,124.6400,124.6400,124.5700,124.5700,600
1475680257,124.6625,124.6900,124.6500,124.6600,5600
1475680311,124.5750,124.6650,124.5400,124.6650,2100
1475680321,124.5700,124.5900,124.5400,124.5435,1900
1475680400,124.5860,124.5900,124.5860,124.5900,1000
1475680465,124.5500,124.5800,124.5500,124.5800,900
1475680539,124.6100,124.6100,124.6100,124.6100,2900
1475680607,124.5800,124.6100,124.5700,124.5700,900
1475680705,124.5400,124.5800,124.5100,124.5800,2300
1475680742,124.5300,124.5300,124.4900,124.5279,1100
1475680818,124.4800,124.5150,124.4800,124.4900,3100
1475680897,124.4800,124.4900,124.4800,124.4900,2400
1475680931,124.3900,124.5000,124.3800,124.4900,4200
1475680987,124.4600,124.4600,124.3800,124.4000,1700
1475681061,124.4200,124.4500,124.4200,124.4400,1200
1475681135,124.4300,124.4300,124.4000,124.4200,900
1475681178,124.4125,124.4125,124.4125,124.4125,100
1475681240,124.3900,124.3900,124.3900,124.3900,100
1475681282,124.4900,124.4900,124.3950,124.4000,2000
1475681398,124.5200,124.5200,124.4800,124.4900,2100
1475681457,124.5800,124.5800,124.5110,124.5300,1900
1475681516,124.6300,124.6500,124.6100,124.6100,2200
1475681521,124.6500,124.6500,124.6500,124.6500,300
1475681651,124.5600,124.6100,124.5100,124.6100,3600
1475681751,124.6000,124.6000,124.5900,124.5900,200
1475681795,124.5650,124.5650,124.5650,124.5650,100
1475681823,124.4300,124.5900,124.4100,124.5900,3500
1475681894,124.4800,124.4800,124.4700,124.4700,300
1475681982,124.5000,124.5000,124.5000,124.5000,200
1475682008,124.4000,124.4500,124.4000,124.4500,2300
1475682117,124.3550,124.3950,124.3550,124.3950,1600
1475682176,124.3600,124.3900,124.3300,124.3300,1600
1475682191,124.3600,124.3600,124.3600,124.3600,300
1475682254,124.3900,124.4000,124.3600,124.3600,1200
1475682359,124.4200,124.4500,124.3800,124.3800,4200
1475682411,124.4300,124.4500,124.4300,124.4300,600
1475682476,124.4300,124.5100,124.4300,124.5100,600
1475682502,124.4400,124.4400,124.4400,124.4400,800
1475682565,124.4400,124.4400,124.4000,124.4000,800
1475682657,124.3800,124.4300,124.3800,124.4300,1400
1475682719,124.3900,124.4000,124.3800,124.3800,700
1475682767,124.3800,124.4200,124.3800,124.4100,700
1475682830,124.3400,124.4100,124.3400,124.3875,1500
1475682845,124.3700,124.3700,124.3400,124.3400,800
1475682943,124.3400,124.3800,124.3400,124.3400,1600
1475682960,124.3200,124.3800,124.3200,124.3400,1300
1475683079,124.3200,124.3600,124.3200,124.3600,800
1475683087,124.2700,124.3250,124.2600,124.3200,4000
1475683159,124.2700,124.2900,124.2700,124.2700,400
1475683251,124.2700,124.3050,124.2700,124.2700,1300
1475683311,124.2900,124.3100,124.2700,124.3000,1300
1475683365,124.2950,124.2950,124.2900,124.2900,600
1475683421,124.3900,124.4200,124.3500,124.3500,2600
1475683470,124.4500,124.4500,124.4300,124.4300,600
1475683502,124.6000,124.6000,124.4500,124.4500,1700
1475683609,124.6200,124.6200,124.6000,124.6100,1100
1475683679,124.5800,124.6000,124.5800,124.5800,1800
1475683689,124.5550,124.5900,124.5500,124.5900,3900
1475683746,124.5600,124.5700,124.5300,124.5300,800
1475683820,124.5500,124.5900,124.5500,124.5800,700
1475683879,124.5700,124.5700,124.5700,124.5700,300
1475683937,124.5800,124.5800,124.5400,124.5700,900
1475684033,124.5850,124.5850,124.5800,124.5800,800
1475684056,124.5000,124.5600,124.5000,124.5600,2600
1475684159,124.4200,124.4550,124.4200,124.4550,300
1475684198,124.4200,124.4600,124.3900,124.4200,3100
1475684230,124.4600,124.4600,124.4100,124.4100,600
1475684351,124.3900,124.4200,124.3900,124.4199,1200
1475684411,124.3600,124.3800,124.3100,124.3800,800
1475684460,124.3200,124.3200,124.3200,124.3200,400
1475684538,124.2900,124.3200,124.2800,124.3200,1400
1475684638,124.2600,124.2800,124.2400,124.2500,900
1475684681,124.2400,124.2800,124.2400,124.2800,800
1475684754,124.2700,124.2900,124.2500,124.2600,1100
1475684760,124.3100,124.3100,124.2700,124.2700,1800
1475684820,124.3700,124.3700,124.3300,124.3300,1100
1475684885,124.3501,124.3800,124.3501,124.3600,600
1475684946,124.3500,124.4000,124.3500,124.4000,2000
1475685002,124.3700,124.3700,124.3700,124.3700,1000
1475685088,124.3600,124.3750,124.3600,124.3750,600
1475685142,124.3750,124.3750,124.3750,124.3750,500
1475685180,124.2825,124.3800,124.2825,124.3800,2500
1475685277,124.2600,124.2700,124.2450,124.2700,1600
1475685300,124.2600,124.2600,124.2500,124.2500,1600
1475685383,124.3200,124.3200,124.3100,124.3100,400
1475685451,124.3400,124.3400,124.3300,124.3300,700
1475685575,124.3300,124.3300,124.3000,124.3000,700
1475685662,124.3000,124.3300,124.2900,124.2900,1200
1475685746,124.3300,124.3300,124.3300,124.3300,600
1475685801,124.3100,124.3300,124.3100,124.3300,700
1475685841,124.3000,124.3200,124.3000,124.3200,800
1475685917,124.3200,124.3200,124.2900,124.2900,1000
1475685983,124.2700,124.3100,124.2700,124.3100,2300
1475686069,124.2700,124.3000,124.2600,124.2750,1300
1475686092,124.2200,124.2600,124.2200,124.2600,900
1475686170,124.2100,124.2200,124.2100,124.2200,600
1475686216,124.2800,124.2800,124.2392,124.2500,4000
1475686261,124.2800,124.2800,124.2800,124.2800,600
1475686324,124.2900,124.2900,124.2800,124.2800,1000
1475686437,124.3100,124.3100,124.3000,124.3000,300
1475686442,124.2800,124.3000,124.2800,124.2900,2400
1475686619,124.1900,124.2900,124.1900,124.2800,3300
1475686679,124.1850,124.2100,124.1850,124.2100,1400
1475686683,124.2100,124.2100,124.2000,124.2000,800
1475686850,124.2500,124.2600,124.2200,124.2200,1900
1475686886,124.2500,124.2500,124.2500,124.2500,200
1475686944,124.3700,124.3700,124.3000,124.3100,3200
1475687033,124.4200,124.4200,124.3900,124.3900,700
1475687050,124.4900,124.4900,124.4300,124.4300,1100
1475687126,124.5100,124.5100,124.5000,124.5000,2000
1475687163,124.5200,124.5200,124.4700,124.5000,800
1475687227,124.5800,124.5800,124.5500,124.5500,700
1475687306,124.5200,124.5450,124.5200,124.5400,1000
1475687397,124.4200,124.4900,124.4200,124.4900,1200
1475687419,124.4100,124.4200,124.4100,124.4200,700
1475687500,124.4500,124.4500,124.4000,124.4000,1200
1475687554,124.4200,124.4200,124.4200,124.4200,1200
1475687630,124.4000,124.4000,124.3700,124.3800,1100
1475687699,124.3600,124.3600,124.3600,124.3600,600
1475687705,124.3400,124.3900,124.3400,124.3500,1600
1475687809,124.4000,124.4000,124.3800,124.3800,1600
1475687867,124.4100,124.4300,124.4100,124.4200,500
1475687894,124.4200,124.4200,124.4200,124.4200,100
1475687945,124.4400,124.4500,124.4200,124.4200,1000
1475688016,124.4700,124.5000,124.4550,124.4550,1500
1475688119,124.3500,124.4600,124.3500,124.4600,1700
1475688128,124.3400,124.3700,124.3400,124.3500,1400
1475688214,124.3600,124.3600,124.3400,124.3400,500
1475688260,124.3400,124.3600,124.3400,124.3400,1100
1475688301,124.3400,124.3500,124.3100,124.3500,1500
1475688408,124.3200,124.3200,124.3200,124.3200,100
1475688425,124.2800,124.3200,124.2600,124.3200,1800
1475688490,124.2500,124.2500,124.2300,124.2300,700
1475688558,124.2400,124.2500,124.2400,124.2500,1100
1475688638,124.2500,124.2500,124.2500,124.2500,100
1475688663,124.2750,124.2750,124.2300,124.2300,1500
1475688777,124.3100,124.3300,124.3000,124.3000,1000
1475688792,124.3200,124.3200,124.3000,124.3100,1200
1475688852,124.3000,124.3100,124.3000,124.3000,1100
1475688913,124.3400,124.3400,124.3000,124.3000,1700
1475688989,124.3900,124.3900,124.3700,124.3700,900
1475689030,124.3900,124.3900,124.3900,124.3900,200
1475689082,124.4400,124.4500,124.4100,124.4100,5200
1475689187,124.4500,124.4500,124.4400,124.4400,800
1475689244,124.4900,124.4900,124.4600,124.4700,1500
1475689269,124.4500,124.5100,124.4500,124.4800,3000
1475689376,124.3900,124.4100,124.3900,124.4000,1600
1475689381,124.3500,124.3900,124.3500,124.3900,1400
1475689485,124.3000,124.3000,124.3000,124.3000,800
1475689504,124.2900,124.3200,124.2600,124.3000,1000
1475689616,124.2800,124.2800,124.2500,124.2600,1000
1475689621,124.2500,124.2900,124.2500,124.2900,1800
1475689698,124.2700,124.2800,124.2500,124.2500,1800
1475689778,124.2500,124.2600,124.2500,124.2500,1300
1475689857,124.2600,124.2800,124.2600,124.2700,900
1475689919,124.2300,124.2789,124.2300,124.2600,2900
1475689920,124.2300,124.2400,124.2300,124.2400,1600
1475689983,124.2500,124.2500,124.2300,124.2400,2800
1475690043,124.2200,124.2800,124.2200,124.2450,5900
1475690155,124.2200,124.2300,124.2200,124.2300,300
1475690168,124.2200,124.2400,124.2200,124.2400,3700
1475690241,124.1900,124.2100,124.1900,124.2100,1300
1475690331,124.1500,124.1500,124.1300,124.1400,500
1475690341,124.1600,124.1700,124.1600,124.1700,1800
1475690403,124.1400,124.1800,124.1100,124.1800,3200
1475690467,124.1200,124.1450,124.1200,124.1450,1100
1475690561,124.1700,124.1700,124.1400,124.1400,2300
1475690586,124.1800,124.1800,124.1600,124.1700,2800
1475690651,124.1200,124.2000,124.1200,124.1898,3900
1475690754,124.1100,124.1400,124.1000,124.1400,2400
1475690760,124.0600,124.1200,124.0600,124.1100,4900
1475690821,124.0000,124.0500,124.0000,124.0500,900
1475690900,123.9850,124.0000,123.9700,124.0000,1200
1475690997,123.9800,123.9900,123.9750,123.9800,2800
1475691023,124.0300,124.0300,123.9900,124.0000,3600
1475691115,124.0800,124.0800,124.0100,124.0101,2500
1475691179,124.1300,124.1300,124.0700,124.0800,1700
1475691180,124.0900,124.1800,124.0800,124.1300,5400
1475691240,124.1700,124.1700,124.1100,124.1100,3800
1475691305,124.1000,124.1300,124.0900,124.0901,600
1475691364,124.0750,124.0900,124.0600,124.0900,1200
1475691450,124.0100,124.0700,124.0100,124.0400,3700
1475691530,124.0450,124.0450,124.0400,124.0400,600
1475691596,124.0650,124.0650,124.0450,124.0450,200
1475691606,124.0850,124.0850,124.0450,124.0450,2200
1475691667,124.1700,124.1700,124.1000,124.1000,1400
1475691728,124.1400,124.1700,124.1400,124.1700,200
1475691820,124.1750,124.1750,124.1750,124.1750,100
1475691853,124.2000,124.2000,124.1500,124.1500,1700
1475691959,124.1800,124.1800,124.1500,124.1500,1100
1475691960,124.2000,124.2000,124.1500,124.1500,500
1475692021,124.2100,124.2100,124.1950,124.1950,1200
1475692081,124.2000,124.2000,124.2000,124.2000,1300
1475692152,124.2000,124.2000,124.1900,124.1900,500
1475692259,124.1889,124.2000,124.1850,124.1850,1300
1475692269,124.2200,124.2200,124.1840,124.1840,2400
1475692333,124.1900,124.2200,124.1900,124.2200,600
1475692387,124.1600,124.2200,124.1600,124.2200,1400
1475692440,124.0800,124.1400,124.0800,124.1400,3200
1475692502,124.0300,124.0900,124.0300,124.0700,2600
1475692571,123.9900,124.0000,123.9800,124.0000,2700
1475692663,124.0000,124.0000,124.0000,124.0000,200
1475692683,124.0000,124.0000,123.9900,124.0000,400
1475692741,123.9700,124.0000,123.9700,124.0000,2900
1475692822,124.0200,124.0300,123.9741,124.0000,2500
1475692899,124.0000,124.0200,124.0000,124.0200,400
1475692920,123.9800,124.0000,123.9800,124.0000,1900
1475692984,123.9200,123.9400,123.9100,123.9100,1100
1475693046,123.9200,123.9200,123.9000,123.9000,500
1475693109,123.9100,123.9100,123.9100,123.9100,900
1475693166,123.9500,123.9500,123.9400,123.9400,700
1475693228,123.9330,123.9330,123.9330,123.9330,300
1475693333,124.0000,124.0000,123.9300,123.9300,1000
1475693345,123.9700,124.0000,123.9700,124.0000,1900
1475693447,123.9800,123.9900,123.9600,123.9750,1000
1475693513,123.9300,123.9900,123.9300,123.9900,2100
1475693537,123.9200,123.9200,123.9000,123.9100,1000
1475693584,123.9300,123.9400,123.9000,123.9000,1000
1475693666,123.9400,123.9400,123.9300,123.9300,1300
1475693713,123.9700,123.9700,123.9500,123.9500,600
1475693808,123.9600,124.0000,123.9501,124.0000,2300
1475693838,123.9500,124.0000,123.9500,123.9600,400
1475693939,123.9850,123.9900,123.9700,123.9900,500
1475693940,123.9800,124.0000,123.9800,123.9850,1800
1475694059,124.0350,124.0400,123.9900,123.9900,2800
1475694060,124.0400,124.0600,124.0100,124.0350,1700
1475694120,124.0900,124.1300,124.0600,124.0600,1100
1475694181,124.1700,124.1800,124.1500,124.1500,1600
1475694287,124.1800,124.1800,124.1600,124.1600,900
1475694300,124.1780,124.1900,124.1600,124.1700,5800
1475694366,124.1500,124.1600,124.1500,124.1500,700
1475694431,124.1500,124.1500,124.1300,124.1500,3300
1475694483,124.1650,124.1700,124.1650,124.1700,600
1475694582,124.1700,124.2000,124.1650,124.1650,1300
1475694658,124.2150,124.2400,124.1800,124.2100,1600
1475694706,124.2000,124.2100,124.1900,124.2100,900
1475694721,124.2100,124.2200,124.2050,124.2100,3500
1475694793,124.2000,124.2100,124.2000,124.2100,1700
1475694860,124.1800,124.2200,124.1800,124.2200,2100
1475694903,124.2350,124.2400,124.1750,124.1775,6100
1475694980,124.2000,124.2350,124.1900,124.2300,3100
1475695027,124.0600,124.1900,124.0600,124.1900,3000
1475695084,124.1200,124.1200,124.0800,124.0800,2200
1475695169,124.1100,124.1100,124.1100,124.1100,1400
1475695204,123.9900,124.0900,123.9500,124.0900,5100
1475695268,124.0000,124.0000,123.9700,123.9800,1500
1475695348,123.9847,124.0200,123.9729,123.9950,2300
1475695412,124.0000,124.0200,123.9700,123.9700,2500
1475695451,123.9950,124.0000,123.9800,123.9800,1500
1475695555,123.9500,123.9950,123.9500,123.9900,5000
1475695567,123.9850,124.0000,123.9500,123.9500,2300
1475695625,124.0400,124.0400,124.0000,124.0000,700
1475695705,124.0050,124.0050,124.0050,124.0050,1200
1475695750,124.0100,124.0100,123.9700,124.0000,4000
1475695839,124.0050,124.0050,124.0050,124.0050,200
1475695917,124.0700,124.0700,124.0100,124.0200,2800
1475695959,124.0900,124.0900,124.0700,124.0700,2200
1475696036,124.1800,124.1800,124.0600,124.0600,2700
1475696043,124.1800,124.2000,124.1800,124.1800,1700
1475696156,124.2100,124.2500,124.2100,124.2200,1300
1475696160,124.1850,124.2100,124.1800,124.2100,6000
1475696225,124.2200,124.2400,124.1850,124.1900,5700
1475696311,124.1900,124.2000,124.1700,124.2000,1700
1475696384,124.1900,124.2000,124.1700,124.1856,1400
1475696414,124.1300,124.1600,124.1300,124.1600,4400
1475696480,124.1600,124.1700,124.1200,124.1200,1000
1475696520,124.2000,124.2000,124.1800,124.1800,14300
1475696637,124.2000,124.2100,124.1950,124.2100,6600
1475696680,124.2300,124.2400,124.2100,124.2100,2500
1475696759,124.1400,124.2400,124.1400,124.2400,10100
1475696760,124.1400,124.1400,124.1250,124.1300,1200
1475696821,124.0775,124.1100,124.0400,124.1100,12900
1475696898,124.0600,124.0600,124.0400,124.0600,2100
1475696944,123.9800,124.0600,123.9800,124.0600,6000
1475697003,124.0100,124.0100,123.9850,123.9850,10700
1475697089,124.0400,124.0400,124.0300,124.0400,3700
1475697141,124.0700,124.0700,124.0450,124.0500,4600
1475697208,124.0400,124.0500,124.0400,124.0500,2300
1475697251,124.0350,124.0450,124.0200,124.0300,2800
1475697311,124.0900,124.0900,124.0400,124.0400,15400
1475697368,124.1100,124.1200,124.0900,124.1000,7400
1475697433,124.1200,124.1300,124.1100,124.1200,10500
1475697482,124.1700,124.1900,124.1300,124.1300,14500
1475697540,124.1500,124.1900,124.1200,124.1800,29400
1475697600,124.1500,124.1500,124.1500,124.1500,97000
