uri:/instrument/1.0/RE/chartdata;type=quote;range=1d/csv
ticker:re
Company-Name:Everest Re Group, Ltd. Common S
Exchange-Name:NYQ
unit:MIN
timezone:EDT
currency:USD
gmtoffset:-14400
previous_close:190.1200
Timestamp:1475674200,1475697600
labels:1475676000,1475679600,1475683200,1475686800,1475690400,1475694000,1475697600
values:Timestamp,close,high,low,open,volume
close:185.4500,191.7400
high:185.4800,191.7700
low:185.4200,191.5100
open:185.4200,191.6400
volume:100,29700
1475674308,191.5200,191.5200,191.4700,191.5200,3700
1475674509,191.5300,191.7500,191.5100,191.6100,1200
1475674581,191.2500,191.6400,191.1700,191.6400,2400
1475674721,191.0200,191.2200,190.9800,191.0800,900
1475674740,190.9800,190.9800,190.7400,190.7600,500
1475674847,191.7400,191.7700,191.1300,191.1300,800
1475674885,191.5300,191.5400,191.3900,191.4600,2200
1475674946,191.1900,191.4800,191.1800,191.4800,400
1475674987,191.0700,191.0800,191.0700,191.0800,400
1475675043,191.0800,191.2200,190.9900,191.2200,1100
1475675136,190.8500,190.8500,190.8500,190.8500,100
1475675211,190.6850,190.9550,190.6550,190.9550,1100
1475675266,191.6100,191.6100,190.7800,190.7800,900
1475675336,191.4300,191.5550,191.3700,191.5550,500
1475675377,190.9100,191.3300,190.9100,191.2200,1000
1475675430,190.7700,190.9000,190.7700,190.9000,600
1475675486,190.2400,190.4600,190.2400,190.4600,500
1475675533,190.3200,190.3200,190.2000,190.3100,1100
1475675598,190.2100,190.2200,190.2100,190.2200,300
1475675693,190.0700,190.2100,190.0700,190.2100,400
1475675704,190.2100,190.2750,190.1600,190.1600,1600
1475675816,190.2100,190.2100,190.1300,190.1300,300
1475675832,190.0200,190.1500,189.9800,189.9800,600
1475675883,189.9000,190.1700,189.7700,190.1180,7100
1475676026,189.9000,190.1400,189.9000,190.1400,2000
1475676100,190.2100,190.2100,190.2100,190.2100,300
1475676219,190.0200,190.0200,190.0200,190.0200,1800
1475676323,190.2200,190.2950,190.2200,190.2200,1200
1475676360,190.2200,190.2200,190.2200,190.2200,1700
1475676638,190.0250,190.1600,190.0250,190.0900,1200
1475676677,189.8900,189.9800,189.8800,189.9800,300
1475676773,189.7600,189.8700,189.7600,189.8700,500
1475676826,189.6600,189.6900,189.6600,189.6900,1500
1475676952,189.7000,189.7000,189.6700,189.6700,200
1475677067,189.4100,189.5500,189.4100,189.5500,700
1475677101,189.4000,189.4200,189.1700,189.4100,1900
1475677158,189.1900,189.1900,189.1900,189.1900,300
1475677211,189.3200,189.3200,189.2600,189.2600,200
1475677274,189.2200,189.2200,189.0500,189.1800,1000
1475677486,189.4200,189.4200,189.2000,189.2100,2300
1475677539,189.0700,189.1500,189.0700,189.1500,800
1475677601,189.3500,189.3500,189.3400,189.3500,1100
1475677686,189.5400,189.5500,189.5400,189.5500,900
1475677746,189.4800,189.6100,189.4800,189.6100,200
1475677818,189.3900,189.5000,189.3900,189.5000,2800
1475677884,189.0600,189.2299,189.0600,189.1800,1000
1475677953,188.7400,188.9800,188.7400,188.9800,400
1475678161,188.8650,188.9500,188.8650,188.9400,1500
1475678221,189.0600,189.0700,189.0600,189.0700,600
1475678292,188.9100,189.1300,188.9100,189.1300,500
1475678357,188.9700,188.9700,188.9700,188.9700,400
1475678424,188.6600,188.8300,188.6600,188.8300,800
1475678564,188.3000,188.5450,188.3000,188.4400,1700
1475678581,188.2100,188.3600,188.2100,188.3600,900
1475678658,188.2550,188.5100,188.2400,188.4600,5100
1475678716,188.2900,188.3850,188.2900,188.3500,1900
1475678828,188.2800,188.4800,188.2800,188.3450,1700
1475678986,188.2700,188.3200,188.2700,188.3200,900
1475679170,188.0600,188.0600,188.0600,188.0600,100
1475679239,188.2750,188.2900,188.2600,188.2600,1100
1475679240,188.4400,188.5200,188.3800,188.3900,800
1475679382,188.2900,188.5300,188.2900,188.5300,1100
1475679464,188.2700,188.2700,188.2700,188.2700,200
1475679591,188.2600,188.3200,188.2400,188.3200,1800
1475679649,188.0200,188.2400,188.0200,188.2400,2200
1475679672,188.1600,188.1600,188.0800,188.1000,500
1475679862,188.1150,188.1150,188.0400,188.0400,200
1475679942,188.1900,188.1900,188.1900,188.1900,200
1475680005,188.1500,188.1600,188.1500,188.1600,700
1475680062,188.1000,188.1000,188.1000,188.1000,300
1475680197,188.1900,188.1900,188.1900,188.1900,100
1475680200,188.3500,188.4400,188.2300,188.3100,2400
1475680263,188.0800,188.2200,188.0800,188.2200,900
1475680501,187.9100,187.9300,187.9100,187.9300,200
1475680630,187.5700,188.0200,187.5700,188.0200,1600
1475680743,187.7100,187.7700,187.7000,187.7300,2400
1475680804,187.9600,187.9600,187.7700,187.7700,800
1475680868,187.8500,187.9100,187.8500,187.9100,600
1475680963,187.7500,187.7700,187.7500,187.7700,500
1475681020,187.7000,187.7500,187.7000,187.7500,1300
1475681092,187.8700,187.8800,187.7900,187.7900,1400
1475681211,188.0500,188.0500,188.0500,188.0500,200
1475681261,187.8800,187.8800,187.8800,187.8800,100
1475681280,187.9000,188.0800,187.9000,187.9100,400
1475681420,188.0600,188.1300,188.0600,188.0800,1000
1475681494,187.7900,188.1200,187.7900,188.1200,800
1475681538,187.7400,187.9450,187.7400,187.8000,1400
1475681596,187.8100,187.9200,187.7400,187.7400,1400
1475681687,187.8100,187.8100,187.8100,187.8100,100
1475681749,187.8700,187.8700,187.8700,187.8700,100
1475681778,187.6000,187.7700,187.6000,187.7700,700
1475681970,187.6900,187.8100,187.6900,187.8100,200
1475682001,187.4800,187.6700,187.4800,187.6700,600
1475682171,187.3600,187.3600,187.3600,187.3600,200
1475682345,187.3950,187.4300,187.3900,187.4000,1900
1475682406,187.4900,187.4900,187.4100,187.4100,300
1475682496,187.5000,187.5000,187.4250,187.4250,1500
1475682551,187.3700,187.3700,187.3700,187.3700,100
1475682638,187.2100,187.3500,187.2100,187.2800,1300
1475682683,187.2700,187.5600,187.2700,187.4900,2700
1475682853,187.1700,187.1800,187.1700,187.1800,200
1475683019,187.0500,187.2500,187.0500,187.1900,1100
1475683020,187.1300,187.1900,187.1000,187.1900,500
1475683081,187.1600,187.2200,187.1100,187.1100,2000
1475683194,187.1100,187.1100,187.1100,187.1100,100
1475683248,187.1400,187.1400,187.1400,187.1400,100
1475683301,187.2100,187.2900,187.2100,187.2900,700
1475683350,187.1500,187.2500,187.1300,187.2100,1700
1475683509,187.2400,187.2500,187.2400,187.2500,400
1475683608,186.9700,187.2300,186.9700,187.2300,1000
1475683626,187.0300,187.3000,186.9200,187.1100,6900
1475683697,186.9600,187.0000,186.9600,187.0000,800
1475683746,187.0150,187.0150,186.8100,186.9400,1300
1475683803,186.9400,187.0700,186.9400,187.0700,200
1475683904,187.0650,187.0650,187.0650,187.0650,100
1475683935,187.0200,187.0200,187.0200,187.0200,200
1475684021,186.9500,186.9800,186.9500,186.9700,1700
1475684152,187.0125,187.0700,186.9500,187.0700,1200
1475684171,186.7800,186.9000,186.7800,186.9000,800
1475684288,186.7100,186.7800,186.7100,186.7800,1700
1475684354,186.7300,186.8200,186.7300,186.7900,2000
1475684402,186.5800,186.7100,186.5800,186.7100,1700
1475684471,186.5950,186.5950,186.5200,186.5201,300
1475684569,186.5600,186.6400,186.5600,186.6400,1900
1475684592,186.3700,186.4500,186.3600,186.3600,3400
1475684664,186.1900,186.4600,186.1900,186.4600,3300
1475684707,186.4000,186.4400,186.3000,186.3500,3500
1475684814,186.5000,186.5000,186.5000,186.5000,200
1475684877,186.4000,186.4000,186.4000,186.4000,100
1475684958,186.3700,186.4400,186.3700,186.4400,600
1475685003,186.5700,186.5700,186.3800,186.3800,1900
1475685105,186.6300,186.6300,186.5700,186.5700,500
1475685121,186.5700,186.6800,186.5700,186.6700,900
1475685232,186.5100,186.5100,186.5100,186.5100,100
1475685258,186.4500,186.4500,186.4400,186.4400,200
1475685323,186.5050,186.5050,186.5050,186.5050,100
1475685361,186.2700,186.5600,186.2700,186.5600,500
1475685602,186.5900,186.5900,186.3300,186.3300,1200
1475685671,186.3800,186.5200,186.3800,186.4700,1100
1475685785,186.4400,186.4400,186.4400,186.4400,100
1475685861,186.5300,186.6800,186.5300,186.5800,1100
1475686001,186.6500,186.6500,186.6500,186.6500,100
1475686062,186.5900,186.5900,186.5800,186.5800,400
1475686112,186.3800,186.3800,186.3800,186.3800,100
1475686223,186.6500,186.6500,186.6450,186.6450,300
1475686279,186.3750,186.3750,186.3750,186.3750,100
1475686352,186.3901,186.3901,186.3901,186.3901,200
1475686385,186.5000,186.5000,186.4000,186.4000,300
1475686453,186.4500,186.5000,186.4001,186.5000,600
1475686566,186.3300,186.5000,186.3300,186.5000,1500
1475686737,186.3201,186.3400,186.3201,186.3400,600
1475686809,186.4400,186.4700,186.4100,186.4200,900
1475686883,186.4100,186.5300,186.4100,186.5200,2300
1475687131,186.6500,186.7175,186.6000,186.7175,500
1475687169,186.6000,186.6000,186.6000,186.6000,100
1475687253,186.7600,186.7600,186.6300,186.6300,600
1475687311,186.6300,186.6900,186.6300,186.6850,400
1475687387,186.6950,186.6950,186.6950,186.6950,200
1475687489,186.7050,186.7050,186.7050,186.7050,500
1475687573,186.6700,186.6700,186.6700,186.6700,700
1475687583,186.5300,186.5300,186.5300,186.5300,300
1475687758,186.6750,186.6750,186.6500,186.6500,400
1475687798,186.6500,186.6500,186.6500,186.6500,200
1475687887,186.7500,186.7500,186.6510,186.6510,300
1475688004,186.6700,186.6700,186.6700,186.6700,100
1475688067,186.6500,186.7600,186.6500,186.6500,800
1475688120,186.7900,186.7900,186.7200,186.7200,600
1475688205,186.8100,186.8100,186.8100,186.8100,100
1475688261,186.6800,186.7300,186.6800,186.7300,1500
1475688303,186.7400,186.7400,186.6400,186.6400,500
1475688366,186.7300,186.7500,186.7300,186.7500,300
1475688423,186.7400,186.7400,186.7400,186.7400,300
1475688539,186.7300,186.7300,186.7300,186.7300,200
1475688548,186.6500,186.7000,186.6000,186.7000,1700
1475688634,186.4600,186.5700,186.4600,186.5700,800
1475688699,186.5100,186.5100,186.5100,186.5100,300
1475688743,186.5350,186.5350,186.5350,186.5350,400
1475688831,186.6000,186.6000,186.6000,186.6000,100
1475688940,186.6700,186.6700,186.6700,186.6700,100
1475689011,186.6500,186.6900,186.5600,186.6900,400
1475689041,186.6500,186.6500,186.6500,186.6500,300
1475689133,186.5400,186.5400,186.5400,186.5400,100
1475689201,186.5400,186.5400,186.5400,186.5400,400
1475689290,186.5900,186.5900,186.5900,186.5900,300
1475689457,186.6100,186.7100,186.6100,186.7100,400
1475689590,186.6900,186.6900,186.6900,186.6900,300
1475689679,186.6450,186.6450,186.6450,186.6450,200
1475689696,186.6900,186.6900,186.6450,186.6700,500
1475689756,186.7600,186.7900,186.6900,186.7300,1100
1475689917,186.6400,186.7700,186.6400,186.7700,800
1475689921,186.7300,186.7300,186.7300,186.7300,500
1475690067,186.7000,186.7000,186.7000,186.7000,100
1475690199,186.7400,186.7400,186.7400,186.7400,100
1475690252,186.8350,186.9100,186.8350,186.9100,400
1475690313,186.8200,186.8200,186.8200,186.8200,100
1475690344,186.8750,186.9100,186.8750,186.9100,500
1475690518,186.9300,186.9300,186.9300,186.9300,100
1475690561,186.8900,186.8900,186.8900,186.8900,100
1475690607,186.8700,186.8700,186.8700,186.8700,100
1475690687,186.8900,186.8900,186.8700,186.8700,300
1475690735,186.9000,186.9000,186.9000,186.9000,100
1475690793,186.8500,186.8700,186.8500,186.8700,300
1475690861,186.7900,186.8100,186.7900,186.8100,700
1475690908,186.7600,186.8050,186.7600,186.8000,1400
1475691012,186.7200,186.7700,186.7200,186.7700,900
1475691138,186.4800,186.6600,186.4700,186.6600,4500
1475691250,186.5750,186.5750,186.5400,186.5400,200
1475691327,186.5200,186.5200,186.5200,186.5200,600
1475691388,186.4700,186.5100,186.4700,186.5100,700
1475691442,186.4700,186.5600,186.4700,186.5100,1100
1475691530,186.3800,186.3800,186.3300,186.3300,200
1475691556,186.4300,186.4300,186.3850,186.3850,400
1475691659,186.4600,186.4600,186.3800,186.3800,300
1475691708,186.4200,186.4250,186.4200,186.4250,300
1475691720,186.4200,186.4600,186.4200,186.4250,1500
1475691819,186.3200,186.4000,186.3200,186.3800,800
1475691864,186.3000,186.3000,186.3000,186.3000,100
1475691911,186.4200,186.4250,186.3550,186.3800,1700
1475691983,186.3400,186.3400,186.3400,186.3400,100
1475692046,186.2200,186.3700,186.2200,186.3700,800
1475692111,186.1000,186.1700,186.1000,186.1700,200
1475692182,186.1200,186.1200,186.1200,186.1200,100
1475692218,186.0300,186.2900,186.0100,186.2900,2300
1475692261,186.0400,186.1100,186.0400,186.1100,1700
1475692455,186.0000,186.0200,186.0000,186.0000,400
1475692550,186.0500,186.0500,186.0500,186.0500,300
1475692615,186.0600,186.0600,186.0600,186.0600,200
1475692640,186.1100,186.1100,186.0100,186.0100,1000
1475692804,186.1000,186.1600,186.0000,186.0400,1400
1475692873,186.0200,186.0200,186.0200,186.0200,200
1475693035,186.1100,186.1100,186.1100,186.1100,600
1475693049,186.0000,186.0800,186.0000,186.0500,1500
1475693104,186.0200,186.1200,186.0200,186.0600,400
1475693172,186.1400,186.1400,186.1400,186.1400,200
1475693291,186.0300,186.0600,185.9900,186.0600,900
1475693359,185.9900,185.9900,185.9900,185.9900,500
1475693560,185.9400,185.9400,185.9400,185.9400,300
1475693637,186.0300,186.0300,186.0300,186.0300,200
1475693738,185.8900,185.9400,185.8500,185.9400,2000
1475693819,185.8004,185.9200,185.7300,185.9200,900
1475693838,185.8000,185.8200,185.7400,185.8200,2600
1475693986,185.7800,185.7800,185.7800,185.7800,200
1475694029,185.8600,185.8600,185.8600,185.8600,600
1475694106,185.9400,185.9400,185.8900,185.9000,1100
1475694121,185.9700,185.9900,185.9501,185.9600,1200
1475694192,186.0100,186.0100,186.0100,186.0100,300
1475694241,186.0600,186.0900,186.0600,186.0700,1200
1475694331,186.0200,186.0400,186.0200,186.0400,1700
1475694434,186.0100,186.0200,186.0000,186.0200,1000
1475694541,186.0000,186.0400,186.0000,186.0400,800
1475694625,186.0000,186.0000,185.9900,185.9900,600
1475694664,185.8900,185.9900,185.8900,185.9900,1800
1475694724,185.8800,185.8800,185.8800,185.8800,200
1475694812,185.9000,185.9000,185.9000,185.9000,200
1475694903,185.9100,185.9800,185.9000,185.9300,2000
1475694983,185.7900,185.9100,185.7900,185.9100,1100
1475695047,185.7750,185.7750,185.7750,185.7750,400
1475695083,185.7750,185.8300,185.7750,185.8300,600
1475695167,185.5500,185.7100,185.5500,185.7100,2200
1475695253,185.6700,185.6800,185.6700,185.6800,500
1475695374,185.5700,185.6800,185.5700,185.6800,300
1475695386,185.6375,185.6375,185.6375,185.6375,600
1475695443,185.8200,185.8200,185.6150,185.6600,3400
1475695555,185.8000,185.8000,185.8000,185.8000,100
1475695568,185.8700,185.8700,185.7600,185.7950,800
1475695635,185.8150,185.8700,185.8150,185.8150,400
1475695682,185.6700,185.7850,185.6700,185.7850,2200
1475695910,185.6400,185.6400,185.6400,185.6400,400
1475695939,185.7200,185.7200,185.6800,185.6800,1500
1475696010,185.7100,185.7100,185.6700,185.7000,2300
1475696040,185.6500,185.7000,185.6400,185.7000,1100
1475696155,185.6600,185.6900,185.6400,185.6400,300
1475696166,185.6950,185.6950,185.6600,185.6600,400
1475696227,185.7100,185.7100,185.6700,185.6700,1500
1475696286,185.6000,185.6950,185.6000,185.6950,2500
1475696398,185.6000,185.6000,185.6000,185.6000,700
1475696418,185.6000,185.6400,185.6000,185.6000,2100
1475696486,185.5700,185.6200,185.5700,185.6100,2400
1475696605,185.5700,185.5700,185.5700,185.5700,1100
1475696687,185.6600,185.6600,185.5800,185.6100,1500
1475696700,185.6800,185.7600,185.6700,185.7100,5900
1475696817,185.6200,185.6300,185.5900,185.6100,1300
1475696823,185.4900,185.5600,185.4500,185.5600,2300
1475696889,185.4500,185.4800,185.4500,185.4700,1800
1475696994,185.4600,185.5000,185.4300,185.4900,3300
1475697001,185.6000,185.6800,185.4200,185.4200,2700
1475697081,185.7000,185.7000,185.6800,185.6800,700
1475697122,185.7400,185.7400,185.6400,185.7000,3000
1475697206,185.6600,185.7500,185.6500,185.7400,3000
1475697243,185.6200,185.6500,185.6100,185.6500,4900
1475697315,185.6000,185.6050,185.5550,185.5600,6100
1475697387,185.6500,185.6500,185.6100,185.6100,3600
1475697432,185.7000,185.7500,185.7000,185.7100,5200
1475697502,185.8600,185.9000,185.8100,185.8100,7000
1475697556,185.7400,185.9200,185.7200,185.9200,8300
1475697600,185.6300,185.6300,185.6300,185.6300,29700
