uri:/instrument/1.0/NDAQ/chartdata;type=quote;range=1d/csv
ticker:ndaq
Company-Name:Nasdaq, Inc.
Exchange-Name:NMS
unit:MIN
timezone:EDT
currency:USD
gmtoffset:-14400
previous_close:67.5400
Timestamp:1475501400,1475524800
labels:1475503200,1475506800,1475510400,1475514000,1475517600,1475521200,1475524800
values:Timestamp,close,high,low,open,volume
close:66.8200,67.6800
high:66.8300,67.6900
low:66.7700,67.6800
open:66.8000,67.6900
volume:0,100700
1475501424,67.4850,67.5500,67.4800,67.4800,13900
1475501469,67.3700,67.4950,67.3700,67.4600,1900
1475501690,67.3400,67.4000,67.3400,67.3750,900
1475501702,67.4000,67.4400,67.3000,67.3000,5600
1475501798,67.2600,67.3100,67.2600,67.3100,300
1475501827,67.3890,67.3890,67.3890,67.3890,300
1475501945,67.2600,67.3000,67.2600,67.3000,400
1475502000,67.3200,67.3200,67.2600,67.2600,2800
1475502110,67.4600,67.4600,67.3300,67.3300,1100
1475502124,67.4300,67.4800,67.4200,67.4800,2300
1475502183,67.3700,67.4100,67.3300,67.4000,2700
1475502243,67.4200,67.4500,67.4000,67.4500,3200
1475502359,67.3400,67.4100,67.3400,67.4100,2500
1475502365,67.3200,67.3300,67.3000,67.3300,500
1475502420,67.3500,67.3700,67.3200,67.3200,1900
1475502531,67.3700,67.3700,67.3700,67.3700,300
1475502581,67.3800,67.3800,67.3800,67.3800,100
1475502655,67.4100,67.4500,67.4100,67.4500,2800
1475502706,67.4300,67.4300,67.4000,67.4200,1200
1475502729,67.3800,67.4100,67.3700,67.4000,2700
1475502781,67.4400,67.4400,67.4200,67.4200,500
1475502864,67.4600,67.4600,67.4400,67.4400,2100
1475502947,67.4550,67.4550,67.4400,67.4400,400
1475502964,67.4200,67.4300,67.4200,67.4300,400
1475503072,67.4500,67.4500,67.4300,67.4300,1300
1475503133,67.4000,67.4800,67.4000,67.4800,1300
1475503149,67.4200,67.4200,67.4000,67.4000,2200
1475503215,67.5500,67.5500,67.4800,67.4800,6700
1475503313,67.5700,67.5700,67.5300,67.5500,5100
1475503322,67.5200,67.5800,67.5100,67.5700,4600
1475503438,67.5400,67.5400,67.5400,67.5400,100
1475503441,67.5500,67.5500,67.5150,67.5200,700
1475503511,67.5100,67.5700,67.5100,67.5700,800
1475503593,67.5400,67.5400,67.5400,67.5400,100
1475503679,67.5600,67.5600,67.4800,67.5100,1600
1475503732,67.6000,67.6000,67.5803,67.5803,600
1475503742,67.6200,67.6200,67.5825,67.5825,1600
1475503846,67.6200,67.6200,67.6100,67.6100,1000
1475503890,67.6000,67.6000,67.5900,67.6000,900
1475503991,67.6700,67.6700,67.6100,67.6100,1400
1475504102,67.6600,67.6600,67.6400,67.6600,1700
1475504189,67.6700,67.6700,67.6250,67.6300,1600
1475504258,67.6800,67.6900,67.6800,67.6900,400
1475504298,67.6400,67.6600,67.6400,67.6600,500
1475504340,67.5676,67.6200,67.5676,67.6200,1600
1475504402,67.5600,67.5600,67.5400,67.5400,1300
1475504525,67.5500,67.5700,67.5300,67.5600,1500
1475504589,67.4700,67.5100,67.4700,67.5100,2200
1475504648,67.4900,67.5000,67.4800,67.4800,1100
1475504746,67.5000,67.5000,67.4900,67.4900,900
1475504761,67.5300,67.5300,67.5000,67.5000,900
1475504879,67.5200,67.5461,67.5200,67.5400,1600
1475504880,67.4850,67.5000,67.4700,67.5000,1500
1475504962,67.4800,67.5000,67.4800,67.5000,1000
1475505059,67.3800,67.4400,67.3800,67.4400,1000
1475505066,67.4296,67.4296,67.3800,67.3800,2300
1475505121,67.4900,67.4900,67.4400,67.4500,1700
1475505185,67.5100,67.5200,67.5100,67.5200,300
1475505287,67.5200,67.5200,67.5150,67.5150,300
1475505302,67.4800,67.5200,67.4800,67.5200,2000
1475505416,67.4501,67.4700,67.4500,67.4700,600
1475505479,67.4700,67.4700,67.4200,67.4400,3600
1475505481,67.4700,67.4700,67.4600,67.4600,500
1475505545,67.4600,67.4600,67.4600,67.4600,100
1475505602,67.4400,67.4699,67.4400,67.4600,1000
1475505775,67.4000,67.4500,67.4000,67.4500,7400
1475505782,67.4000,67.4000,67.3700,67.4000,2600
1475505842,67.4500,67.4600,67.4100,67.4100,4500
1475505901,67.4600,67.4600,67.4500,67.4500,1500
1475506015,67.5500,67.5500,67.4800,67.4899,1500
1475506024,67.5300,67.5800,67.5200,67.5563,4700
1475506092,67.5500,67.5500,67.5400,67.5400,500
1475506141,67.5600,67.5850,67.5600,67.5700,1300
1475506239,67.5900,67.5900,67.5600,67.5600,400
1475506314,67.5800,67.5950,67.5800,67.5900,1800
1475506321,67.6100,67.6200,67.5910,67.6100,1700
1475506438,67.6100,67.6100,67.5800,67.5800,1000
1475506447,67.6000,67.6060,67.6000,67.6060,1600
1475506502,67.5800,67.5900,67.5700,67.5900,2400
1475506604,67.5700,67.5800,67.5700,67.5800,200
1475506633,67.5900,67.6000,67.5800,67.5800,900
1475506693,67.6200,67.6300,67.6100,67.6100,1400
1475506764,67.6100,67.6200,67.6100,67.6200,1000
1475506802,67.5600,67.6000,67.5500,67.6000,2200
1475506870,67.5300,67.5500,67.5300,67.5500,2200
1475506956,67.5500,67.5500,67.5400,67.5400,900
1475506980,67.5500,67.5700,67.5500,67.5700,600
1475507049,67.5600,67.5600,67.5200,67.5400,5100
1475507114,67.5400,67.5450,67.5000,67.5450,7500
1475507181,67.5250,67.5400,67.5250,67.5400,400
1475507249,67.5200,67.5200,67.5200,67.5200,700
1475507337,67.5200,67.5200,67.5200,67.5200,700
1475507380,67.4700,67.5100,67.4700,67.5100,2800
1475507401,67.4526,67.4700,67.4526,67.4700,500
1475507507,67.4700,67.4700,67.4500,67.4500,2100
1475507546,67.4600,67.4700,67.4600,67.4700,1600
1475507636,67.4900,67.5100,67.4601,67.4601,4300
1475507646,67.4975,67.4975,67.4975,67.4975,400
1475507701,67.5300,67.5400,67.5300,67.5400,1000
1475507814,67.5400,67.5400,67.5215,67.5250,1500
1475507828,67.5400,67.5400,67.5400,67.5400,100
1475507883,67.5600,67.5600,67.5600,67.5600,200
1475507964,67.6000,67.6100,67.5900,67.5900,1800
1475508055,67.6000,67.6000,67.5900,67.6000,1700
1475508061,67.6000,67.6000,67.6000,67.6000,700
1475508131,67.5800,67.5800,67.5800,67.5800,700
1475508193,67.5900,67.6100,67.5900,67.6000,900
1475508266,67.5800,67.5900,67.5800,67.5900,800
1475508302,67.5600,67.5600,67.5600,67.5600,200
1475508362,67.5800,67.5800,67.5700,67.5700,1400
1475508499,67.5800,67.5850,67.5800,67.5800,900
1475508575,67.5800,67.5800,67.5800,67.5800,800
1475508602,67.5800,67.5900,67.5800,67.5900,900
1475508663,67.5400,67.5700,67.5400,67.5700,2600
1475508721,67.5400,67.5400,67.5300,67.5300,400
1475508784,67.5301,67.5500,67.5301,67.5500,1200
1475508931,67.5383,67.5383,67.5383,67.5383,200
1475508971,67.5100,67.5200,67.5100,67.5200,700
1475509050,67.4800,67.5000,67.4800,67.5000,500
1475509166,67.4800,67.4800,67.4500,67.4500,1200
1475509202,67.4600,67.4700,67.4600,67.4700,900
1475509275,67.4700,67.4700,67.4700,67.4700,400
1475509357,67.5000,67.5000,67.4900,67.4900,400
1475509400,67.5300,67.5300,67.5100,67.5100,1200
1475509452,67.5200,67.5200,67.5200,67.5200,200
1475509504,67.4800,67.5200,67.4800,67.5200,1300
1475509602,67.4690,67.4690,67.4600,67.4600,400
1475509741,67.4600,67.4600,67.4600,67.4600,900
1475509822,67.3900,67.4100,67.3900,67.4100,600
1475509864,67.3500,67.3800,67.3350,67.3800,2600
1475509931,67.3400,67.3500,67.3400,67.3500,300
1475509985,67.3900,67.3900,67.3600,67.3600,1600
1475510053,67.4000,67.4000,67.4000,67.4000,300
1475510126,67.3875,67.3875,67.3875,67.3875,100
1475510213,67.4000,67.4000,67.4000,67.4000,300
1475510247,67.4100,67.4100,67.3900,67.3900,1400
1475510317,67.4700,67.4700,67.4200,67.4290,1000
1475510348,67.4600,67.4600,67.4600,67.4600,300
1475510402,67.4300,67.4400,67.4200,67.4400,2300
1475510466,67.4450,67.4450,67.4375,67.4400,700
1475510532,67.4100,67.4400,67.4100,67.4400,1000
1475510595,67.4000,67.4000,67.4000,67.4000,500
1475510688,67.3700,67.3700,67.3700,67.3700,100
1475510756,67.4099,67.4168,67.3800,67.3800,2200
1475510767,67.4400,67.4400,67.4200,67.4200,700
1475510914,67.4450,67.4450,67.4450,67.4450,100
1475510944,67.3900,67.4450,67.3900,67.4450,1200
1475511004,67.4100,67.4100,67.4000,67.4000,800
1475511061,67.3900,67.4100,67.3900,67.4100,900
1475511128,67.3900,67.3900,67.3900,67.3900,700
1475511193,67.3800,67.3900,67.3800,67.3900,300
1475511240,67.3800,67.3900,67.3724,67.3724,1100
1475511332,67.3600,67.3600,67.3600,67.3600,300
1475511366,67.3500,67.3500,67.3400,67.3500,500
1475511476,67.3600,67.3600,67.3400,67.3400,400
1475511485,67.3679,67.3679,67.3600,67.3600,200
1475511586,67.3800,67.3800,67.3800,67.3800,400
1475511608,67.3800,67.3814,67.3800,67.3814,900
1475511669,67.3510,67.3510,67.3510,67.3510,200
1475511751,67.3100,67.3500,67.3100,67.3500,1400
1475511834,67.2700,67.2975,67.2700,67.2975,1100
1475511854,67.2500,67.2700,67.2500,67.2700,1700
1475511953,67.2500,67.2600,67.2500,67.2600,700
1475512086,67.2200,67.2400,67.2200,67.2400,1000
1475512152,67.2510,67.2510,67.2200,67.2400,700
1475512252,67.1700,67.2500,67.1700,67.2500,4300
1475512274,67.2100,67.2100,67.1900,67.1900,600
1475512338,67.2200,67.2200,67.2000,67.2000,1300
1475512468,67.2310,67.2310,67.2300,67.2300,900
1475512515,67.2700,67.2700,67.2400,67.2400,500
1475512586,67.2800,67.2850,67.2800,67.2850,700
1475512643,67.2750,67.2750,67.2750,67.2750,100
1475512698,67.2600,67.2700,67.2600,67.2600,800
1475512755,67.2500,67.2600,67.2500,67.2600,400
1475512803,67.2700,67.2700,67.2400,67.2400,900
1475512897,67.2700,67.2700,67.2700,67.2700,200
1475512951,67.2750,67.2750,67.2750,67.2750,200
1475513026,67.3100,67.3100,67.2800,67.2800,700
1475513096,67.3300,67.3300,67.3300,67.3300,100
1475513120,67.3400,67.3400,67.3400,67.3400,400
1475513169,67.3500,67.3500,67.3400,67.3400,300
1475513263,67.3500,67.3500,67.3500,67.3500,400
1475513335,67.3300,67.3400,67.3300,67.3400,200
1475513362,67.3200,67.3300,67.3200,67.3200,1200
1475513419,67.3050,67.3050,67.3050,67.3050,200
1475513465,67.3100,67.3100,67.3100,67.3100,100
1475513526,67.2900,67.3300,67.2900,67.3300,1100
1475513627,67.3000,67.3000,67.3000,67.3000,100
1475513682,67.2900,67.2900,67.2800,67.2900,1000
1475513753,67.3000,67.3000,67.2700,67.2900,1800
1475513792,67.2800,67.2810,67.2800,67.2810,600
1475513874,67.2900,67.2900,67.2900,67.2900,100
1475513939,67.3600,67.3600,67.2850,67.2900,2300
1475513950,67.3600,67.3700,67.3600,67.3600,900
1475514113,67.3650,67.3900,67.3650,67.3900,1400
1475514122,67.3500,67.3600,67.3500,67.3600,500
1475514209,67.3400,67.3500,67.3400,67.3400,3100
1475514263,67.3100,67.3500,67.3100,67.3500,800
1475514328,67.3100,67.3100,67.3100,67.3100,700
1475514392,67.3100,67.3100,67.3000,67.3000,1400
1475514420,67.3100,67.3200,67.3100,67.3200,600
1475514495,67.2800,67.2900,67.2800,67.2900,900
1475514597,67.2700,67.2837,67.2700,67.2800,1800
1475514601,67.2200,67.2750,67.2200,67.2750,1700
1475514717,67.2400,67.2400,67.2000,67.2000,1100
1475514726,67.2100,67.2300,67.2100,67.2300,600
1475514785,67.2300,67.2300,67.2000,67.2131,3400
1475514841,67.2700,67.2700,67.2300,67.2300,700
1475514952,67.2750,67.3000,67.2700,67.2900,700
1475514997,67.2850,67.2850,67.2850,67.2850,100
1475515035,67.2800,67.2800,67.2680,67.2800,21100
1475515112,67.2900,67.2900,67.2900,67.2900,300
1475515149,67.2500,67.2700,67.2500,67.2700,2000
1475515214,67.2900,67.2900,67.2700,67.2700,1100
1475515284,67.3100,67.3100,67.3100,67.3100,100
1475515348,67.3000,67.3000,67.3000,67.3000,300
1475515406,67.3300,67.3300,67.3200,67.3200,900
1475515461,67.3500,67.3500,67.3300,67.3400,800
1475515540,67.3500,67.3500,67.3500,67.3500,400
1475515569,67.3700,67.3700,67.3500,67.3500,1400
1475515638,67.3500,67.3500,67.3500,67.3500,300
1475515697,67.3200,67.3200,67.3200,67.3200,200
1475515747,67.3200,67.3200,67.3000,67.3100,1300
1475515819,67.3000,67.3100,67.3000,67.3100,500
1475515880,67.3000,67.3100,67.2900,67.3100,500
1475515938,67.2900,67.2900,67.2900,67.2900,300
1475516040,67.3400,67.3400,67.2900,67.2900,1100
1475516135,67.3400,67.3400,67.3400,67.3400,100
1475516225,67.3300,67.3600,67.3300,67.3600,1500
1475516305,67.3100,67.3100,67.3100,67.3100,200
1475516346,67.3100,67.3100,67.2843,67.3100,7700
1475516427,67.3400,67.3400,67.3400,67.3400,300
1475516503,67.3400,67.3500,67.3400,67.3500,400
1475516575,67.3550,67.3550,67.3550,67.3550,100
1475516589,67.3500,67.3500,67.3500,67.3500,600
1475516683,67.3400,67.3600,67.3400,67.3600,1000
1475516757,67.3100,67.3200,67.3000,67.3200,600
1475516774,67.2900,67.3100,67.2900,67.3100,2600
1475516831,67.2900,67.3000,67.2900,67.3000,3300
1475516908,67.2700,67.2700,67.2700,67.2700,200
1475516998,67.2600,67.2600,67.2513,67.2600,1400
1475517002,67.2567,67.2600,67.2500,67.2600,3600
1475517078,67.2400,67.2600,67.2400,67.2600,2200
1475517148,67.2200,67.2200,67.2200,67.2200,500
1475517195,67.1600,67.1900,67.1600,67.1900,3000
1475517261,67.1500,67.1600,67.1500,67.1600,3200
1475517314,67.1500,67.1500,67.1400,67.1500,2100
1475517360,67.1900,67.1900,67.1500,67.1500,6200
1475517426,67.2300,67.2300,67.2064,67.2064,600
1475517482,67.2200,67.2300,67.2100,67.2100,900
1475517632,67.2100,67.2100,67.2100,67.2100,4100
1475517667,67.2100,67.2200,67.2100,67.2100,5500
1475517736,67.2100,67.2100,67.2000,67.2100,2300
1475517793,67.1800,67.2000,67.1800,67.2000,1100
1475517889,67.1700,67.1800,67.1700,67.1800,2100
1475517949,67.1700,67.1700,67.1700,67.1700,1900
1475517965,67.1800,67.1800,67.1700,67.1700,2700
1475518041,67.1800,67.1800,67.1742,67.1800,2100
1475518101,67.1600,67.1700,67.1500,67.1700,2900
1475518167,67.1400,67.1500,67.1400,67.1500,900
1475518225,67.1200,67.1300,67.0900,67.1300,2500
1475518304,67.0700,67.1150,67.0700,67.1100,2100
1475518372,67.0700,67.0800,67.0700,67.0800,800
1475518382,67.0600,67.0700,67.0600,67.0600,1100
1475518442,67.0400,67.0700,67.0300,67.0700,6600
1475518504,67.0500,67.0500,67.0500,67.0500,2500
1475518568,67.0500,67.0600,67.0500,67.0600,900
1475518631,67.0100,67.0400,67.0100,67.0400,1800
1475518721,67.0200,67.0200,67.0200,67.0200,1600
1475518742,66.9800,67.0200,66.9600,67.0200,6300
1475518803,67.0200,67.0200,66.9800,66.9800,6200
1475518862,67.0300,67.0300,67.0200,67.0200,1300
1475518928,67.0400,67.0400,67.0300,67.0300,1500
1475519005,67.0500,67.0500,67.0450,67.0450,200
1475519095,67.0450,67.0600,67.0400,67.0435,3400
1475519104,67.0300,67.0500,67.0300,67.0400,2500
1475519197,67.0135,67.0250,67.0100,67.0200,2400
1475519225,67.0600,67.0600,66.9600,67.0200,13100
1475519280,67.0500,67.0600,67.0300,67.0600,3900
1475519356,67.0300,67.0500,67.0300,67.0500,1900
1475519402,67.0100,67.0300,67.0100,67.0300,3600
1475519509,67.0200,67.0200,67.0100,67.0100,3800
1475519521,67.0100,67.0100,67.0100,67.0100,500
1475519581,67.0800,67.0800,67.0200,67.0200,4600
1475519664,67.0900,67.0938,67.0900,67.0938,1000
1475519757,67.0600,67.0800,67.0600,67.0800,2900
1475519760,67.0500,67.0600,67.0500,67.0600,600
1475519877,67.0316,67.0316,67.0316,67.0316,200
1475519937,66.9600,67.0200,66.9410,67.0200,5300
1475519940,66.9400,66.9600,66.9201,66.9600,3000
1475520070,66.9270,66.9600,66.9270,66.9600,3800
1475520168,66.9500,66.9500,66.9500,66.9500,600
1475520206,66.9400,66.9500,66.9400,66.9500,3000
1475520241,66.9400,66.9500,66.9400,66.9478,1200
1475520350,66.9300,66.9300,66.9300,66.9300,100
1475520366,67.0000,67.0000,66.9300,66.9400,6000
1475520421,66.9799,67.0100,66.9799,67.0100,1900
1475520486,66.9400,66.9600,66.9400,66.9600,2000
1475520548,66.9100,66.9300,66.8998,66.9200,9000
1475520610,66.8800,66.9000,66.8700,66.9000,0
1475520663,66.8700,66.8700,66.8500,66.8700,5500
1475520737,66.8600,66.8600,66.8600,66.8600,700
1475520796,66.8400,66.8500,66.8200,66.8500,5200
1475520848,66.8500,66.8500,66.8400,66.8400,3100
1475520910,66.8500,66.8500,66.8500,66.8500,3800
1475520965,66.8200,66.8300,66.8000,66.8300,2700
1475521032,66.8345,66.8345,66.7700,66.8000,6400
1475521087,66.9300,66.9300,66.8400,66.8400,4100
1475521161,66.9800,66.9800,66.9300,66.9300,5600
1475521209,66.9900,66.9900,66.9700,66.9800,4300
1475521269,66.9600,67.0000,66.9200,67.0000,9000
1475521374,66.9150,66.9600,66.9150,66.9600,9100
1475521433,66.9700,66.9700,66.9210,66.9210,4200
1475521443,66.9200,66.9648,66.9200,66.9648,5300
1475521513,66.8900,66.9200,66.8700,66.9200,13600
1475521618,66.8800,66.8900,66.8400,66.8900,7200
1475521643,66.9000,66.9000,66.8900,66.9000,1100
1475521734,66.9450,66.9500,66.9000,66.9000,5400
1475521793,66.9300,66.9500,66.9300,66.9500,1300
1475521804,66.9000,66.9100,66.9000,66.9100,5600
1475521883,66.8500,66.9010,66.8500,66.9000,2600
1475521922,66.8500,66.8700,66.8500,66.8700,7900
1475522039,66.9000,66.9000,66.8600,66.8600,3200
1475522041,66.9450,66.9500,66.9030,66.9030,4400
1475522117,66.9700,66.9700,66.9300,66.9400,5700
1475522197,66.9500,66.9650,66.9500,66.9600,1800
1475522220,66.9500,66.9500,66.9300,66.9400,6200
1475522328,66.9400,66.9500,66.9400,66.9500,3300
1475522394,66.9400,66.9600,66.9400,66.9500,6000
1475522405,66.9600,66.9700,66.9437,66.9437,2700
1475522465,66.9500,66.9500,66.9300,66.9500,1800
1475522574,66.9200,66.9500,66.9100,66.9400,6100
1475522632,66.9100,66.9300,66.9100,66.9200,3500
1475522654,66.8600,66.9050,66.8500,66.9000,7400
1475522754,66.9000,66.9000,66.8600,66.8600,5000
1475522765,66.9100,66.9200,66.9100,66.9100,1300
1475522821,66.9200,66.9200,66.9100,66.9200,3500
1475522882,66.9300,66.9300,66.9100,66.9150,5500
1475522988,66.9300,66.9300,66.9200,66.9300,10100
1475523058,66.9399,66.9400,66.9300,66.9300,3300
1475523116,66.9400,66.9400,66.9400,66.9400,2200
1475523175,66.9300,66.9400,66.9200,66.9400,9400
1475523180,66.9300,66.9300,66.9250,66.9300,3300
1475523298,66.9500,66.9600,66.9500,66.9500,4300
1475523356,66.9899,67.0000,66.9500,66.9500,5800
1475523419,67.0000,67.0100,67.0000,67.0000,2500
1475523474,67.0300,67.0300,66.9950,67.0000,5600
1475523537,67.0300,67.0300,67.0200,67.0300,3100
1475523545,66.9900,67.0200,66.9900,67.0200,5000
1475523656,66.9500,66.9900,66.9400,66.9800,4300
1475523713,67.0000,67.0000,66.9500,66.9500,6900
1475523773,67.0400,67.0400,67.0300,67.0300,1600
1475523837,67.0700,67.0800,67.0300,67.0300,14900
1475523841,67.1300,67.1300,67.0800,67.0800,5900
1475523957,67.1400,67.1700,67.1300,67.1300,8300
1475524018,67.1100,67.1400,67.1100,67.1400,3200
1475524074,67.0758,67.1000,67.0600,67.1000,5500
1475524136,67.0600,67.0800,67.0500,67.0800,4800
1475524144,67.0300,67.0600,67.0100,67.0600,9200
1475524257,67.0600,67.0600,67.0300,67.0300,4800
1475524260,67.0800,67.0900,67.0650,67.0700,8300
1475524324,67.0900,67.0900,67.0700,67.0800,4000
1475524380,67.0500,67.0900,67.0450,67.0900,4300
1475524440,66.9600,67.0500,66.9600,67.0500,12800
1475524557,66.9600,66.9800,66.9200,66.9800,13600
1475524561,66.9900,66.9900,66.9550,66.9700,6900
1475524678,67.0050,67.0100,66.9900,66.9900,14800
1475524739,67.0100,67.0100,66.9900,67.0050,15000
1475524742,67.0300,67.0700,67.0300,67.0300,100700
1475524800,67.0500,67.0500,67.0500,67.0500,0
