uri:/instrument/1.0/PRGO/chartdata;type=quote;range=1d/csv
ticker:prgo
Company-Name:Perrigo Company plc Ordinary Sh
Exchange-Name:NYQ
unit:MIN
timezone:EDT
currency:USD
gmtoffset:-14400
previous_close:96.7300
Timestamp:1475760600,1475784000
labels:1475762400,1475766000,1475769600,1475773200,1475776800,1475780400,1475784000
values:Timestamp,close,high,low,open,volume
close:94.4800,96.1200
high:94.4900,96.1950
low:94.4500,95.9500
open:94.4800,96.1950
volume:100,30400
1475760642,95.9900,96.1950,95.9500,96.1950,9600
1475760708,96.1200,96.1300,95.9400,96.0600,1400
1475760729,96.0100,96.1500,95.8550,96.1000,5400
1475760843,95.9000,96.0700,95.8750,96.0700,3700
1475760952,95.7000,96.0200,95.7000,95.8700,7700
1475761014,95.9700,95.9700,95.6400,95.7000,16700
1475761020,95.9100,95.9700,95.8500,95.9700,1600
1475761116,95.7900,95.8500,95.7900,95.8500,1500
1475761191,95.9400,95.9800,95.7950,95.8220,6200
1475761202,95.8000,95.9100,95.7500,95.9100,3700
1475761300,95.8700,96.0300,95.8200,95.8200,4400
1475761379,95.7525,95.9200,95.7500,95.9200,1700
1475761380,95.9000,95.9000,95.7200,95.7900,13300
1475761446,95.8200,95.8200,95.7800,95.8000,400
1475761559,95.4600,95.7950,95.4600,95.7800,8000
1475761571,95.3400,95.5200,95.3400,95.4600,3400
1475761677,95.2100,95.2900,95.1800,95.2800,2400
1475761682,95.2700,95.2700,95.1800,95.1800,3300
1475761759,95.1900,95.2900,95.1800,95.2700,3900
1475761800,95.1000,95.2200,95.0800,95.2000,3600
1475761912,95.1250,95.1800,95.1100,95.1200,700
1475761933,95.1100,95.1200,95.1100,95.1200,200
1475762027,95.1500,95.2000,95.1400,95.1600,700
1475762097,95.1400,95.2500,95.1300,95.1900,2700
1475762159,95.2100,95.2450,95.1500,95.1500,2400
1475762162,95.2900,95.2900,95.1700,95.2000,3100
1475762274,95.2800,95.2800,95.2800,95.2800,200
1475762339,95.2800,95.4100,95.2800,95.3500,4800
1475762382,95.1900,95.2600,95.1600,95.2600,2100
1475762421,95.1300,95.3000,95.1300,95.3000,800
1475762472,94.9900,95.1300,94.9800,95.1000,30400
1475762554,95.0000,95.0400,94.9500,95.0300,1900
1475762623,94.9600,95.0400,94.8950,94.9700,4900
1475762640,95.0240,95.0300,94.9600,94.9900,2100
1475762701,94.9400,95.0300,94.9300,95.0300,6100
1475762765,94.9700,94.9800,94.9200,94.9600,2900
1475762838,95.0000,95.0000,94.9500,94.9800,2300
1475762885,95.0300,95.0300,94.9950,95.0000,2600
1475762945,95.0900,95.1000,95.0395,95.0400,2300
1475763053,95.2500,95.2750,95.0650,95.0650,3100
1475763062,95.2400,95.2800,95.1801,95.2600,6100
1475763121,95.0400,95.2700,95.0400,95.2600,8400
1475763198,94.9300,95.0600,94.9000,95.0500,2800
1475763267,95.0200,95.0200,94.9200,94.9200,1900
1475763321,95.0300,95.1050,95.0000,95.0400,2700
1475763418,95.0700,95.0700,94.9700,95.0000,3400
1475763420,95.1300,95.1400,95.0800,95.0800,18400
1475763482,94.9501,95.1600,94.8900,95.1300,17300
1475763599,95.1200,95.1200,95.0199,95.0200,2100
1475763610,95.1350,95.1400,95.1100,95.1100,500
1475763702,95.0900,95.2000,95.0900,95.2000,3300
1475763726,95.1200,95.1400,95.0500,95.0500,1500
1475763832,95.2600,95.2600,95.0700,95.0700,3400
1475763844,95.1500,95.3500,95.1100,95.2600,17700
1475763959,95.2000,95.2000,95.0700,95.1700,8600
1475764010,95.0200,95.2400,94.9900,95.2400,3600
1475764021,94.9600,95.0500,94.9600,94.9900,5600
1475764090,94.9300,94.9300,94.9000,94.9300,1000
1475764141,94.9850,95.0700,94.9300,94.9300,5400
1475764201,94.9900,94.9900,94.9200,94.9500,1300
1475764272,94.9900,95.0300,94.9750,95.0000,3100
1475764379,94.9000,94.9900,94.9000,94.9900,3500
1475764380,94.9100,94.9200,94.8700,94.9000,3100
1475764454,94.9600,94.9700,94.9400,94.9400,1300
1475764538,94.8900,94.9100,94.8600,94.9100,3600
1475764615,94.8200,94.9100,94.8100,94.9100,1700
1475764631,94.9300,94.9300,94.8700,94.8700,1200
1475764736,94.9200,94.9700,94.9200,94.9700,1700
1475764753,94.8600,94.9000,94.8600,94.9000,900
1475764856,94.8900,94.8900,94.8600,94.8600,1000
1475764910,94.9200,94.9200,94.7900,94.8339,2900
1475764941,94.8750,94.8750,94.8750,94.8750,300
1475765039,95.0000,95.0000,94.9200,94.9200,6800
1475765040,94.9600,95.0000,94.9400,95.0000,6100
1475765104,94.9600,94.9600,94.9350,94.9600,1200
1475765210,94.9150,94.9700,94.8500,94.9700,2400
1475765250,94.9200,94.9200,94.8500,94.8500,600
1475765320,94.9400,94.9500,94.9300,94.9300,800
1475765348,94.9800,95.1300,94.9700,94.9700,6800
1475765401,95.0500,95.0800,95.0300,95.0300,600
1475765464,95.0900,95.1800,95.0900,95.1000,1900
1475765574,95.0999,95.0999,95.0999,95.0999,200
1475765634,95.1200,95.1200,95.1000,95.1000,500
1475765685,95.0100,95.1000,95.0100,95.1000,1400
1475765723,94.9900,95.0000,94.9900,95.0000,200
1475765774,95.0500,95.0700,95.0000,95.0000,3100
1475765826,95.1500,95.2100,95.1000,95.1000,4600
1475765938,95.1300,95.1700,95.1300,95.1500,500
1475765941,95.1400,95.1800,95.1200,95.1700,1900
1475766065,95.1500,95.1800,95.1500,95.1800,1100
1475766126,95.1400,95.1700,95.1400,95.1500,1300
1475766201,95.0200,95.1500,95.0200,95.1500,3100
1475766244,95.0800,95.0800,95.0300,95.0300,1500
1475766333,95.0896,95.0896,95.0896,95.0896,300
1475766391,95.1400,95.1400,95.1000,95.1277,2100
1475766453,95.0500,95.1100,95.0400,95.1100,1100
1475766492,95.0800,95.1000,95.0100,95.0100,4900
1475766572,95.1500,95.1500,95.1050,95.1100,2100
1475766602,95.1200,95.2200,95.1000,95.1390,7600
1475766669,95.0170,95.1100,95.0170,95.1100,2500
1475766743,95.1400,95.1400,95.1000,95.1000,400
1475766807,95.0800,95.1700,95.0800,95.1700,1100
1475766863,95.0500,95.0800,95.0100,95.0800,6800
1475766904,95.1800,95.1800,95.0600,95.0600,5900
1475767018,95.1800,95.1800,95.1000,95.1300,4300
1475767079,95.1500,95.1900,95.1300,95.1900,6800
1475767080,95.1300,95.1300,95.1300,95.1300,300
1475767193,95.1100,95.1700,95.1100,95.1700,2500
1475767233,95.1300,95.1300,95.0900,95.1000,1000
1475767265,95.1200,95.2500,95.1200,95.1600,8200
1475767353,95.1200,95.1200,95.0900,95.0900,1000
1475767392,95.0800,95.1700,95.0800,95.1500,1500
1475767473,95.1400,95.1800,95.0900,95.0900,6100
1475767529,95.1400,95.1700,95.0900,95.1000,2500
1475767561,95.1200,95.1300,95.1000,95.1000,900
1475767662,95.1700,95.1700,95.1700,95.1700,100
1475767723,95.1600,95.2200,95.1600,95.2100,1800
1475767741,95.1400,95.2200,95.1300,95.2000,6000
1475767804,95.1724,95.2000,95.1500,95.2000,600
1475767919,95.1200,95.3200,95.1200,95.1900,19600
1475767935,95.1100,95.1100,95.0900,95.0900,200
1475767983,95.0600,95.1900,95.0600,95.1400,4500
1475768077,95.1000,95.1000,95.1000,95.1000,100
1475768123,95.1700,95.1700,95.0601,95.0601,2700
1475768164,95.1800,95.2100,95.1434,95.1500,2500
1475768231,95.1100,95.2500,95.1100,95.1600,2500
1475768307,95.1200,95.1200,95.1200,95.1200,600
1475768398,95.1700,95.1700,95.1200,95.1200,1400
1475768428,95.2000,95.2000,95.2000,95.2000,100
1475768479,95.0800,95.1650,95.0800,95.1650,700
1475768529,95.1500,95.1500,95.0900,95.0900,1500
1475768603,95.1310,95.1310,95.1250,95.1250,600
1475768645,95.1400,95.1800,95.1300,95.1500,2400
1475768733,95.1300,95.1500,95.1000,95.1400,6000
1475768818,95.1600,95.1600,95.1000,95.1490,900
1475768879,95.1400,95.2600,95.1400,95.1900,8700
1475768932,95.1700,95.2300,95.1300,95.1900,4600
1475768944,95.1500,95.1500,95.1300,95.1500,800
1475769025,95.2300,95.2300,95.1800,95.1800,500
1475769067,95.2100,95.3300,95.1900,95.2400,7200
1475769127,95.1700,95.2500,95.1600,95.2500,600
1475769225,95.1500,95.1500,95.1400,95.1400,400
1475769291,95.1700,95.1700,95.1500,95.1500,600
1475769353,95.0750,95.1900,94.9900,95.1900,5100
1475769386,94.9500,95.0800,94.9500,95.0800,10600
1475769451,94.9400,94.9400,94.9200,94.9200,200
1475769533,94.9500,94.9500,94.8950,94.8950,2300
1475769543,94.8600,94.9100,94.8000,94.9000,3700
1475769653,94.9000,94.9000,94.9000,94.9000,100
1475769674,94.9300,94.9500,94.8825,94.9000,2600
1475769734,94.8150,94.9000,94.8150,94.8800,4600
1475769834,94.8325,94.8325,94.8325,94.8325,100
1475769843,94.9358,94.9358,94.8600,94.8600,1000
1475770016,95.0200,95.0600,94.9500,94.9500,2000
1475770067,94.8500,94.9400,94.8500,94.9400,1500
1475770138,94.8500,94.8675,94.8100,94.8500,1700
1475770143,94.8500,94.9200,94.8200,94.8700,7500
1475770240,94.9400,94.9400,94.9000,94.9000,400
1475770298,94.9600,94.9600,94.9600,94.9600,100
1475770339,94.9281,94.9281,94.9281,94.9281,300
1475770420,94.8500,94.9000,94.8500,94.9000,4300
1475770473,94.9400,94.9400,94.9300,94.9300,400
1475770611,94.8900,94.9000,94.8800,94.9000,2200
1475770664,94.8500,94.8500,94.8100,94.8500,700
1475770680,94.8000,94.8000,94.8000,94.8000,200
1475770802,94.8300,94.8500,94.8000,94.8000,2700
1475770909,94.7750,94.8100,94.7600,94.8100,3300
1475770989,94.8000,94.8000,94.7500,94.7500,1800
1475771090,94.7600,94.7900,94.7500,94.7900,1100
1475771147,94.7700,94.7700,94.7400,94.7400,700
1475771208,94.7900,94.7900,94.7450,94.7600,1500
1475771258,94.8800,94.8800,94.8100,94.8100,1900
1475771286,94.8200,94.8200,94.8100,94.8200,300
1475771342,94.8400,94.8400,94.7600,94.7800,1600
1475771456,94.8800,94.8900,94.7901,94.8400,7000
1475771467,95.0000,95.0000,94.8600,94.8900,1800
1475771540,95.0000,95.0100,94.9400,95.0100,4300
1475771631,95.0600,95.0600,95.0100,95.0100,900
1475771698,95.1000,95.1200,95.0100,95.0100,3700
1475771702,95.1400,95.1650,95.0300,95.0500,19800
1475771818,95.1000,95.1600,95.0300,95.1600,4700
1475771820,95.0700,95.0800,95.0300,95.0800,7200
1475771931,94.9800,95.1100,94.9800,95.0800,8500
1475771946,94.9400,94.9800,94.9400,94.9800,1500
1475772033,94.8800,94.8800,94.8700,94.8700,700
1475772083,94.8800,94.8900,94.8800,94.8900,1100
1475772124,94.9100,94.9100,94.8910,94.8910,700
1475772229,94.8600,94.8800,94.8600,94.8800,600
1475772276,94.8300,94.8600,94.8200,94.8484,1100
1475772354,94.8000,94.8100,94.8000,94.8000,400
1475772380,94.7600,94.8000,94.7500,94.8000,2500
1475772435,94.8000,94.8000,94.7500,94.7500,900
1475772503,94.8200,94.8200,94.8200,94.8200,500
1475772651,94.7100,94.8200,94.7000,94.8200,3500
1475772663,94.7800,94.8900,94.7250,94.7250,9700
1475772730,94.7800,94.8100,94.7800,94.8000,1600
1475772836,94.7000,94.7900,94.7000,94.7759,1400
1475772840,94.7000,94.7100,94.7000,94.7000,800
1475772986,94.7000,94.7500,94.6700,94.7500,1800
1475773023,94.7000,94.7000,94.6700,94.6700,5600
1475773090,94.6500,94.6500,94.6500,94.6500,1400
1475773184,94.5900,94.6600,94.5900,94.6600,700
1475773209,94.5950,94.5950,94.5950,94.5950,100
1475773270,94.4900,94.5800,94.4900,94.5800,1600
1475773379,94.4800,94.5000,94.4500,94.4900,3500
1475773438,94.5000,94.5000,94.4550,94.4800,1600
1475773443,94.5000,94.5200,94.5000,94.5000,600
1475773501,94.5300,94.5500,94.5000,94.5500,1300
1475773608,94.5374,94.5400,94.5374,94.5400,300
1475773660,94.6600,94.6600,94.5200,94.5200,1700
1475773739,94.5200,94.6500,94.5200,94.6500,900
1475773753,94.5500,94.5500,94.5200,94.5300,1300
1475773812,94.5742,94.5900,94.5742,94.5800,2000
1475773894,94.6000,94.6000,94.5600,94.5600,600
1475773978,94.5600,94.5600,94.5400,94.5400,500
1475774039,94.5700,94.5700,94.5300,94.5300,400
1475774051,94.5400,94.5500,94.5200,94.5500,4500
1475774141,94.5700,94.5700,94.5600,94.5600,600
1475774196,94.5200,94.5400,94.5200,94.5400,1500
1475774222,94.4900,94.4900,94.4500,94.4800,4000
1475774310,94.5100,94.5200,94.5000,94.5200,600
1475774360,94.5266,94.5266,94.5266,94.5266,200
1475774402,94.6061,94.6061,94.5400,94.5400,1800
1475774501,94.5100,94.5400,94.5100,94.5400,1100
1475774547,94.5350,94.5400,94.5300,94.5300,400
1475774625,94.5400,94.5400,94.5400,94.5400,100
1475774645,94.5610,94.5610,94.5400,94.5400,700
1475774789,94.5300,94.5300,94.5300,94.5300,500
1475774922,94.5900,94.5900,94.5200,94.5200,1800
1475774945,94.5900,94.5900,94.5900,94.5900,200
1475775030,94.6100,94.6100,94.6000,94.6000,800
1475775112,94.5499,94.6400,94.5400,94.6400,2200
1475775124,94.5300,94.5300,94.5100,94.5100,1100
1475775292,94.5350,94.5400,94.5300,94.5300,5000
1475775302,94.6740,94.6740,94.5500,94.5500,2200
1475775391,94.6860,94.6900,94.6400,94.6500,2300
1475775475,94.7500,94.7500,94.7500,94.7500,1700
1475775541,94.8100,94.8100,94.7500,94.7500,1600
1475775657,94.8201,94.8500,94.8200,94.8200,1400
1475775672,94.8800,94.8800,94.8700,94.8800,300
1475775768,94.8200,94.8780,94.8200,94.8780,800
1475775783,94.7900,94.8200,94.7500,94.8200,3000
1475775865,94.8750,94.8750,94.8100,94.8200,1000
1475776049,94.8500,94.8500,94.8500,94.8500,200
1475776147,94.8499,94.8500,94.7900,94.8400,6100
1475776252,94.7800,94.8200,94.7800,94.8200,600
1475776297,94.8000,94.8000,94.7800,94.7800,1000
1475776323,94.8200,94.8200,94.8100,94.8100,300
1475776399,94.8600,94.8600,94.8600,94.8600,200
1475776451,94.8500,94.9000,94.8500,94.8800,1700
1475776509,94.8390,94.8400,94.8300,94.8300,900
1475776587,94.8400,94.8400,94.8400,94.8400,200
1475776638,94.7900,94.8000,94.7900,94.8000,800
1475776682,94.7600,94.7700,94.7600,94.7700,200
1475776748,94.7500,94.7700,94.7400,94.7500,2800
1475776806,94.7200,94.7300,94.7200,94.7300,300
1475776927,94.7000,94.7200,94.6700,94.7200,1400
1475777020,94.7200,94.7200,94.7100,94.7100,700
1475777083,94.7500,94.7700,94.7300,94.7300,1500
1475777108,94.7300,94.7500,94.7100,94.7200,2400
1475777213,94.6490,94.6700,94.6490,94.6700,300
1475777220,94.7000,94.7000,94.6500,94.6500,1400
1475777348,94.6550,94.6800,94.6550,94.6700,700
1475777459,94.6650,94.6700,94.6500,94.6700,300
1475777464,94.6500,94.7300,94.6500,94.6800,1700
1475777526,94.6100,94.6500,94.6100,94.6500,700
1475777587,94.6100,94.6485,94.6100,94.6290,3600
1475777681,94.6200,94.6200,94.6200,94.6200,300
1475777748,94.6300,94.6400,94.6200,94.6400,700
1475777778,94.5200,94.6200,94.5200,94.6200,2100
1475777842,94.5600,94.5600,94.5300,94.5300,1300
1475777930,94.5600,94.5600,94.5600,94.5600,100
1475777946,94.5600,94.5600,94.5350,94.5400,2900
1475778028,94.6000,94.6200,94.5700,94.5800,1100
1475778085,94.5400,94.5800,94.5400,94.5800,1100
1475778141,94.5100,94.5400,94.4800,94.5200,2500
1475778235,94.5800,94.5800,94.5200,94.5200,1200
1475778241,94.5200,94.5600,94.5200,94.5600,600
1475778300,94.5000,94.5000,94.4700,94.4950,700
1475778369,94.5500,94.5500,94.5000,94.5000,600
1475778449,94.4800,94.5700,94.4800,94.5700,2700
1475778525,94.5200,94.6000,94.4900,94.4900,7400
1475778550,94.5050,94.5100,94.4925,94.5000,2700
1475778602,94.6100,94.6100,94.5000,94.5100,3600
1475778717,94.5200,94.5700,94.5200,94.5700,1200
1475778773,94.5300,94.5300,94.4800,94.5200,2000
1475778786,94.6000,94.6000,94.5000,94.5100,2400
1475778878,94.6300,94.6300,94.6300,94.6300,100
1475778921,94.6300,94.6800,94.6100,94.6800,3400
1475778972,94.6200,94.6300,94.6000,94.6300,1400
1475779044,94.6300,94.6300,94.6000,94.6000,2400
1475779087,94.6500,94.6500,94.6500,94.6500,200
1475779174,94.6600,94.6800,94.6500,94.6800,1300
1475779200,94.6200,94.6300,94.5900,94.6200,3500
1475779303,94.6600,94.6700,94.6600,94.6600,800
1475779366,94.6200,94.6200,94.6200,94.6200,100
1475779388,94.6200,94.6400,94.6100,94.6400,800
1475779441,94.6800,94.6800,94.6500,94.6500,500
1475779514,94.6200,94.6800,94.6200,94.6800,2700
1475779577,94.6300,94.6300,94.6100,94.6200,3500
1475779631,94.6200,94.6400,94.6200,94.6400,4800
1475779685,94.6300,94.6500,94.6000,94.6500,2700
1475779770,94.6500,94.6500,94.6200,94.6200,200
1475779833,94.6800,94.6800,94.6500,94.6500,1400
1475779919,94.6075,94.6600,94.6075,94.6600,10500
1475779921,94.6000,94.6000,94.6000,94.6000,100
1475779989,94.5000,94.6100,94.4900,94.5800,7400
1475780052,94.5100,94.5100,94.4900,94.4900,4400
1475780103,94.5000,94.5500,94.5000,94.5200,5400
1475780230,94.5000,94.5000,94.5000,94.5000,200
1475780332,94.5000,94.5000,94.5000,94.5000,200
1475780396,94.5300,94.5300,94.4900,94.5100,4800
1475780405,94.5600,94.5600,94.5000,94.5000,1400
1475780460,94.5600,94.5700,94.5600,94.5700,700
1475780579,94.6300,94.6300,94.5600,94.5600,1600
1475780580,94.5600,94.6200,94.5600,94.6200,1800
1475780680,94.6000,94.6000,94.5900,94.5900,300
1475780757,94.6100,94.6300,94.6000,94.6000,800
1475780817,94.5400,94.6200,94.5400,94.6000,1900
1475780858,94.5800,94.5800,94.5550,94.5550,1100
1475780926,94.5900,94.5900,94.5750,94.5750,500
1475780960,94.6200,94.6200,94.5850,94.6000,900
1475781002,94.6100,94.6200,94.6000,94.6200,2100
1475781109,94.6100,94.6100,94.6000,94.6000,4000
1475781173,94.5900,94.6100,94.5800,94.6000,1800
1475781180,94.5600,94.6000,94.5600,94.6000,1100
1475781273,94.5900,94.5900,94.5750,94.5750,300
1475781304,94.6000,94.6000,94.5800,94.5900,1100
1475781418,94.6432,94.6500,94.6050,94.6050,1400
1475781428,94.5600,94.6300,94.5600,94.6300,2900
1475781486,94.6100,94.6400,94.5800,94.5800,7800
1475781597,94.5500,94.6000,94.5300,94.6000,2700
1475781642,94.5850,94.5900,94.5500,94.5500,2700
1475781677,94.6000,94.6000,94.6000,94.6000,300
1475781720,94.5950,94.6000,94.5300,94.5800,4700
1475781784,94.6000,94.6200,94.5700,94.5900,4600
1475781842,94.6100,94.6200,94.5900,94.6000,2000
1475781900,94.6400,94.6400,94.6000,94.6200,3200
1475781978,94.6200,94.6400,94.6200,94.6400,600
1475782050,94.6000,94.6100,94.5900,94.6100,2400
1475782088,94.6000,94.6000,94.5850,94.6000,1300
1475782154,94.6200,94.6200,94.6000,94.6100,2000
1475782258,94.6200,94.6200,94.5900,94.6050,2600
1475782314,94.6450,94.6650,94.6200,94.6300,19000
1475782372,94.6700,94.6800,94.6300,94.6400,3900
1475782383,94.6800,94.6800,94.6300,94.6650,3200
1475782499,94.7000,94.7090,94.6700,94.6700,1400
1475782559,94.6400,94.7200,94.6400,94.7100,5200
1475782561,94.5600,94.6400,94.5300,94.6400,2600
1475782666,94.5900,94.5900,94.5600,94.5600,1200
1475782686,94.6300,94.6300,94.5525,94.5800,7400
1475782745,94.6000,94.6200,94.5950,94.6000,1600
1475782819,94.6000,94.6400,94.5700,94.6200,6200
1475782874,94.6500,94.6500,94.6000,94.6000,2500
1475782922,94.7200,94.7200,94.6600,94.6600,6700
1475782991,94.7300,94.7400,94.7200,94.7400,1900
1475783047,94.7000,94.7500,94.7000,94.7400,3900
1475783158,94.7400,94.8000,94.7000,94.7000,7600
1475783218,94.7400,94.7800,94.7200,94.7200,4800
1475783276,94.8200,94.8200,94.7400,94.7400,6000
1475783289,94.8500,94.8600,94.8200,94.8200,5000
1475783340,94.8000,94.8400,94.8000,94.8400,5200
1475783400,94.7600,94.7800,94.7500,94.7800,6400
1475783467,94.7500,94.7625,94.7400,94.7575,7400
1475783524,94.7875,94.7950,94.7500,94.7500,8300
1475783585,94.7950,94.8100,94.7700,94.7800,7200
1475783640,94.7800,94.8250,94.7700,94.7850,6900
1475783701,94.8400,94.8550,94.7799,94.7800,10500
1475783762,94.8200,94.8500,94.8099,94.8300,18400
1475783823,94.8100,94.8400,94.8100,94.8100,8000
1475783881,94.8400,94.8500,94.8100,94.8200,9700
1475783940,94.8400,94.8700,94.8300,94.8550,19200
1475784000,94.8400,94.8400,94.8400,94.8400,100
