uri:/instrument/1.0/DIS/chartdata;type=quote;range=1d/csv
ticker:dis
Company-Name:Walt Disney Company (The) Commo
Exchange-Name:NYQ
unit:MIN
timezone:EDT
currency:USD
gmtoffset:-14400
previous_close:92.5900
Timestamp:1475674200,1475697600
labels:1475676000,1475679600,1475683200,1475686800,1475690400,1475694000,1475697600
values:Timestamp,close,high,low,open,volume
close:92.3900,93.2600
high:92.4250,93.2800
low:92.3800,93.2000
open:92.3940,93.2550
volume:1000,320700
1475674225,93.0300,93.0300,93.0100,93.0100,5800
1475674263,92.7700,92.8950,92.7300,92.8450,169100
1475674379,92.7600,92.8000,92.7500,92.7700,23900
1475674382,92.6700,92.7900,92.6500,92.7800,11600
1475674496,92.6800,92.7300,92.6300,92.6500,23700
1475674501,92.6904,92.7000,92.6500,92.6800,9900
1475674563,92.8300,92.8400,92.6600,92.6856,8300
1475674621,92.7600,92.8400,92.7600,92.8400,9900
1475674680,92.7600,92.7900,92.7100,92.7720,7500
1475674740,92.6400,92.7700,92.6400,92.7600,11100
1475674810,92.6900,92.7000,92.6400,92.6400,5400
1475674871,92.7400,92.7500,92.7100,92.7300,25600
1475674978,92.7100,92.7700,92.7000,92.7486,16200
1475674980,92.7100,92.7100,92.6400,92.7100,21100
1475675099,92.7800,92.8000,92.7000,92.7000,15700
1475675100,92.9300,92.9600,92.7854,92.7900,41200
1475675217,92.9300,92.9500,92.8800,92.9200,14200
1475675279,93.1200,93.1400,92.9200,92.9250,43200
1475675339,93.1600,93.2200,93.0450,93.1100,23200
1475675341,93.2000,93.2300,93.1500,93.1600,14500
1475675459,93.1100,93.2300,93.1000,93.2300,103800
1475675462,93.0188,93.1200,93.0100,93.1150,10400
1475675523,93.0400,93.0800,93.0280,93.0300,8200
1475675585,92.9900,93.0300,92.9900,93.0200,8500
1475675697,93.0000,93.0200,92.9750,92.9800,16600
1475675758,92.9900,93.0050,92.9500,93.0000,7800
1475675762,93.0400,93.0500,92.9900,92.9900,15200
1475675824,93.0300,93.0800,92.9900,93.0500,11200
1475675881,93.0600,93.0626,93.0100,93.0399,14900
1475675941,93.0900,93.0900,93.0500,93.0500,9200
1475676017,93.0778,93.0900,93.0300,93.0300,7400
1475676116,93.0700,93.0900,93.0200,93.0750,12300
1475676123,93.1000,93.1200,93.0400,93.0600,16400
1475676239,93.1200,93.1250,93.0800,93.1000,17700
1475676242,93.1700,93.1750,93.1200,93.1200,10900
1475676304,93.1900,93.1900,93.1500,93.1600,17400
1475676361,93.1900,93.2086,93.1600,93.1700,32700
1475676422,93.1400,93.2000,93.1300,93.1899,17500
1475676539,93.2200,93.2300,93.1400,93.1400,19200
1475676540,93.2010,93.2300,93.2000,93.2300,8400
1475676600,93.1900,93.2100,93.1553,93.2100,11300
1475676719,93.2300,93.2600,93.1900,93.1900,16000
1475676721,93.2500,93.2800,93.1600,93.2200,35100
1475676781,93.2200,93.2550,93.1900,93.2550,9700
1475676899,93.1600,93.2200,93.1600,93.2100,9900
1475676955,93.1500,93.1800,93.1500,93.1600,5700
1475676960,93.1238,93.1600,93.1200,93.1599,10600
1475677023,93.1150,93.1390,93.1100,93.1239,6100
1475677081,93.1570,93.1700,93.1250,93.1250,8700
1475677140,93.0800,93.1600,93.0700,93.1600,9700
1475677256,93.0550,93.0700,93.0400,93.0600,5900
1475677319,93.0250,93.0600,93.0200,93.0501,13400
1475677379,93.0400,93.0530,93.0200,93.0300,7200
1475677383,93.0250,93.0500,93.0200,93.0400,10500
1475677440,93.0050,93.0250,92.9842,93.0200,18400
1475677500,93.0350,93.0350,92.9950,93.0000,39500
1475677562,93.0450,93.0500,93.0000,93.0400,26700
1475677674,93.0550,93.0650,93.0433,93.0450,21400
1475677680,93.0750,93.0980,93.0450,93.0501,18700
1475677743,93.0600,93.0700,93.0335,93.0700,14800
1475677858,93.0850,93.1000,93.0750,93.0750,13800
1475677862,93.1300,93.1400,93.0550,93.0854,29500
1475677926,93.1050,93.1700,93.1000,93.1400,25200
1475677982,93.1500,93.1500,93.0900,93.1000,7900
1475678047,93.1600,93.1800,93.1350,93.1500,7500
1475678101,93.1850,93.1900,93.1550,93.1600,14900
1475678163,93.1900,93.1958,93.1800,93.1808,6600
1475678278,93.2600,93.2750,93.1950,93.1950,40600
1475678338,93.1500,93.2500,93.1337,93.2500,34000
1475678340,93.1600,93.1600,93.1200,93.1500,7600
1475678401,93.1500,93.1700,93.1335,93.1700,5000
1475678519,93.1300,93.1600,93.1300,93.1550,6400
1475678520,93.0900,93.1200,93.0700,93.1200,7400
1475678591,93.0900,93.0901,93.0600,93.0900,11000
1475678649,93.0500,93.0600,92.9850,93.0600,11900
1475678701,93.0500,93.0700,93.0300,93.0400,7400
1475678819,93.0658,93.0810,93.0590,93.0590,5200
1475678878,93.0700,93.1300,93.0690,93.0690,8900
1475678881,93.0536,93.0600,93.0300,93.0600,6700
1475678997,92.9700,93.0500,92.9500,93.0500,11800
1475679000,92.9700,93.0200,92.9500,92.9700,14800
1475679064,92.9450,92.9700,92.9450,92.9700,2800
1475679179,92.9300,92.9500,92.9200,92.9500,8200
1475679237,92.9337,92.9450,92.9200,92.9400,6800
1475679296,92.9600,92.9700,92.9350,92.9350,9600
1475679357,92.9450,92.9750,92.9400,92.9700,12600
1475679361,92.9650,92.9800,92.9300,92.9401,10500
1475679475,93.0200,93.0250,92.9650,92.9650,6900
1475679539,93.0200,93.0500,93.0000,93.0300,13600
1475679541,93.0500,93.0650,93.0100,93.0150,9400
1475679659,93.0100,93.0500,93.0000,93.0500,12200
1475679662,93.0500,93.0650,93.0150,93.0150,6700
1475679726,93.1050,93.1300,93.0501,93.0610,11500
1475679786,93.0510,93.1000,93.0510,93.1000,9600
1475679898,93.1050,93.1050,93.0400,93.0500,13500
1475679902,93.1400,93.1400,93.0950,93.1000,12000
1475679960,93.1000,93.1400,93.0750,93.1400,8700
1475680077,93.0700,93.0900,93.0700,93.0900,3300
1475680084,93.0250,93.0800,93.0200,93.0700,5600
1475680142,93.0900,93.1050,93.0300,93.0300,11900
1475680204,93.0900,93.1300,93.0850,93.1120,14000
1475680269,93.0700,93.0899,93.0600,93.0899,5900
1475680322,93.1100,93.1200,93.0750,93.0753,14000
1475680435,93.0800,93.1200,93.0800,93.1200,6600
1475680497,93.0899,93.0899,93.0400,93.0760,5100
1475680502,93.0450,93.0800,93.0450,93.0800,7700
1475680560,93.0200,93.0400,93.0060,93.0400,8300
1475680622,93.0200,93.0200,93.0100,93.0200,3700
1475680684,92.9800,93.0100,92.9600,93.0100,8300
1475680797,92.9700,92.9961,92.9700,92.9900,6000
1475680850,92.9800,92.9900,92.9600,92.9700,5800
1475680864,92.9901,92.9980,92.9700,92.9900,3300
1475680924,92.9600,93.0200,92.9600,93.0000,7800
1475680981,92.9700,92.9700,92.9410,92.9500,3500
1475681047,92.9780,92.9780,92.9532,92.9700,4200
1475681105,92.9500,92.9879,92.9450,92.9879,6400
1475681161,92.9800,92.9850,92.9500,92.9550,3700
1475681221,92.9600,92.9900,92.9600,92.9900,5500
1475681295,92.9900,92.9900,92.9700,92.9700,4300
1475681342,92.9900,92.9945,92.9620,92.9900,7200
1475681403,92.9900,93.0250,92.9900,93.0000,6500
1475681518,92.9464,92.9900,92.9464,92.9800,4400
1475681522,92.9190,92.9450,92.9157,92.9450,4400
1475681638,92.9100,92.9350,92.9100,92.9200,8900
1475681642,92.8900,92.9124,92.8800,92.9000,4700
1475681700,92.8900,92.9200,92.8900,92.9100,5400
1475681763,92.8900,92.9000,92.8863,92.8900,2900
1475681879,92.8900,92.8900,92.8410,92.8900,10900
1475681884,92.9000,92.9100,92.8800,92.8800,2900
1475681957,92.8900,92.9050,92.8900,92.9000,3800
1475682002,92.8900,92.8999,92.8800,92.8955,6600
1475682115,92.8700,92.8900,92.8550,92.8900,5500
1475682125,92.9050,92.9050,92.8700,92.8700,4300
1475682182,92.9100,92.9299,92.9000,92.9000,20100
1475682295,92.9400,92.9400,92.9062,92.9199,7500
1475682302,92.9700,93.0000,92.9400,92.9400,15900
1475682362,92.9750,92.9875,92.9600,92.9700,5000
1475682425,92.9900,92.9960,92.9800,92.9801,4400
1475682483,93.0299,93.0345,93.0100,93.0100,5600
1475682546,93.0400,93.0400,93.0100,93.0200,4700
1475682659,93.0099,93.0500,93.0000,93.0500,9600
1475682660,93.0399,93.0399,92.9901,93.0048,4400
1475682779,93.0100,93.0600,93.0100,93.0301,7100
1475682787,93.0000,93.0150,92.9900,93.0100,3600
1475682845,93.0350,93.0400,93.0050,93.0100,4300
1475682955,93.0532,93.0600,93.0360,93.0400,4400
1475682960,93.0400,93.0450,93.0230,93.0450,3800
1475683030,93.0500,93.0550,93.0300,93.0300,4600
1475683138,93.0150,93.0500,93.0000,93.0450,15000
1475683142,93.0500,93.0510,93.0150,93.0150,10200
1475683203,93.0200,93.0600,93.0150,93.0550,21500
1475683267,93.0450,93.0600,93.0200,93.0200,10700
1475683323,93.0600,93.0600,93.0400,93.0500,3700
1475683388,93.0700,93.0950,93.0700,93.0750,4900
1475683499,93.0750,93.0750,93.0600,93.0750,3100
1475683505,93.1361,93.1800,93.0700,93.0700,25200
1475683615,93.1550,93.1600,93.1400,93.1400,7800
1475683620,93.1500,93.1500,93.1200,93.1400,6900
1475683680,93.1600,93.1900,93.1437,93.1500,32300
1475683740,93.1850,93.2000,93.1556,93.1556,6700
1475683851,93.1700,93.1865,93.1500,93.1865,13500
1475683919,93.1600,93.1800,93.1500,93.1660,14800
1475683979,93.1600,93.1699,93.1520,93.1565,2800
1475684038,93.1200,93.1650,93.1100,93.1500,5500
1475684045,93.1000,93.1300,93.1000,93.1200,5500
1475684113,93.1000,93.1090,93.0900,93.1000,3700
1475684219,93.1000,93.1161,93.0950,93.1100,3400
1475684220,93.1000,93.1150,93.0900,93.0900,4200
1475684334,93.1400,93.1400,93.1000,93.1000,9100
1475684341,93.1400,93.1500,93.1300,93.1300,4300
1475684400,93.1200,93.1300,93.1000,93.1300,7700
1475684460,93.1342,93.1500,93.1300,93.1350,2900
1475684520,93.1100,93.1300,93.1000,93.1300,5400
1475684599,93.1100,93.1300,93.1020,93.1029,7100
1475684640,93.1175,93.1400,93.1000,93.1000,7800
1475684705,93.1070,93.1165,93.1001,93.1165,2100
1475684767,93.0900,93.1000,93.0700,93.1000,6800
1475684822,93.0999,93.1000,93.0800,93.0800,4700
1475684881,93.0900,93.0900,93.0800,93.0900,7000
1475684942,93.0800,93.0950,93.0700,93.0950,5500
1475685002,93.0950,93.1000,93.0790,93.0790,3100
1475685119,93.1000,93.1000,93.0831,93.0900,1900
1475685178,93.1000,93.1100,93.0900,93.0900,4100
1475685183,93.0800,93.1100,93.0600,93.1100,12800
1475685248,93.0763,93.0900,93.0600,93.0600,4300
1475685306,93.0750,93.0800,93.0700,93.0750,2100
1475685366,93.0560,93.0800,93.0500,93.0800,5400
1475685422,93.0600,93.0600,93.0400,93.0600,14500
1475685509,93.0301,93.0700,93.0301,93.0700,1900
1475685545,93.0565,93.0650,93.0300,93.0400,4800
1475685656,93.0600,93.0800,93.0500,93.0500,8200
1475685718,93.0600,93.0600,93.0560,93.0600,1300
1475685778,93.0600,93.0700,93.0600,93.0650,7600
1475685829,93.0610,93.0800,93.0600,93.0668,1800
1475685843,93.0600,93.0800,93.0500,93.0550,9700
1475685907,93.0798,93.0800,93.0650,93.0650,5200
1475685966,93.0800,93.0800,93.0601,93.0800,5300
1475686025,93.0950,93.1100,93.0800,93.0800,3500
1475686083,93.0750,93.0950,93.0650,93.0900,9400
1475686198,93.0800,93.0850,93.0600,93.0700,4600
1475686203,93.0750,93.0800,93.0650,93.0700,4400
1475686277,93.0700,93.0900,93.0700,93.0800,3500
1475686335,93.0470,93.0800,93.0400,93.0750,13300
1475686385,93.0350,93.0500,93.0350,93.0434,12800
1475686441,93.0266,93.0357,93.0100,93.0301,22900
1475686508,92.9900,93.0300,92.9900,93.0300,18700
1475686619,93.0137,93.0137,92.9900,92.9950,4200
1475686627,93.0100,93.0200,93.0100,93.0139,2500
1475686689,93.0037,93.0300,93.0015,93.0050,8100
1475686752,93.0000,93.0000,92.9933,93.0000,3200
1475686803,93.0250,93.0250,93.0000,93.0000,3200
1475686865,93.0470,93.0600,93.0300,93.0300,8700
1475686938,93.0650,93.0700,93.0500,93.0500,2000
1475686981,93.0800,93.0900,93.0700,93.0700,8700
1475687041,93.0750,93.0900,93.0700,93.0750,4200
1475687150,93.0632,93.0800,93.0632,93.0800,2700
1475687160,93.0900,93.0900,93.0550,93.0700,8100
1475687222,93.0900,93.1000,93.0900,93.0900,2200
1475687280,93.0701,93.0850,93.0700,93.0800,3900
1475687346,93.0500,93.0800,93.0500,93.0766,5800
1475687402,93.0700,93.0700,93.0500,93.0550,5700
1475687460,93.0750,93.0750,93.0600,93.0600,3600
1475687520,93.0600,93.0800,93.0600,93.0763,2900
1475687581,93.0379,93.0630,93.0379,93.0550,3500
1475687646,93.0000,93.0400,92.9900,93.0360,7900
1475687703,93.0141,93.0200,93.0000,93.0000,2700
1475687760,93.0500,93.0500,93.0155,93.0170,4300
1475687832,93.0400,93.0400,93.0335,93.0400,1100
1475687937,93.0500,93.0550,93.0313,93.0410,2900
1475687941,93.0320,93.0599,93.0300,93.0500,7600
1475688002,93.0284,93.0434,93.0250,93.0338,2900
1475688064,93.0200,93.0355,93.0200,93.0300,7200
1475688132,93.0407,93.0500,93.0300,93.0365,4900
1475688187,93.0000,93.0400,93.0000,93.0400,5000
1475688243,92.9700,93.0100,92.9700,93.0100,4500
1475688358,92.9800,92.9900,92.9750,92.9800,4400
1475688361,92.9700,93.0050,92.9700,92.9866,3700
1475688434,92.9600,92.9800,92.9600,92.9734,4300
1475688539,93.0087,93.0200,92.9645,92.9645,4000
1475688594,93.0000,93.0100,93.0000,93.0050,2700
1475688600,92.9900,92.9965,92.9800,92.9900,2200
1475688718,92.9900,93.0000,92.9800,92.9900,4600
1475688720,92.9163,92.9850,92.9000,92.9850,49700
1475688788,92.9300,92.9300,92.9100,92.9150,7700
1475688840,92.9298,92.9298,92.9220,92.9250,1000
1475688900,92.9060,92.9337,92.9000,92.9300,5700
1475689019,92.8952,92.9100,92.8800,92.9100,14800
1475689020,92.9100,92.9100,92.8800,92.8900,5000
1475689091,92.9100,92.9250,92.9000,92.9200,3600
1475689196,92.9100,92.9100,92.8900,92.9063,4500
1475689201,92.9200,92.9200,92.9050,92.9100,3200
1475689262,92.9300,92.9300,92.9200,92.9300,1800
1475689329,92.9500,92.9600,92.9300,92.9300,12300
1475689381,92.9400,92.9600,92.9400,92.9500,5400
1475689446,92.9199,92.9600,92.9150,92.9360,4000
1475689501,92.9300,92.9400,92.9100,92.9100,4500
1475689569,92.9300,92.9300,92.9200,92.9200,2100
1475689625,92.9260,92.9300,92.9100,92.9300,4100
1475689682,92.9500,92.9500,92.9130,92.9300,5100
1475689742,92.9600,92.9700,92.9510,92.9510,4700
1475689801,92.9500,92.9800,92.9500,92.9630,6600
1475689916,92.9500,92.9700,92.9430,92.9500,4000
1475689979,92.9400,92.9700,92.9300,92.9500,7900
1475689984,92.9600,92.9600,92.9300,92.9400,4600
1475690041,92.9300,92.9600,92.9300,92.9600,7900
1475690158,92.9450,92.9459,92.9400,92.9400,2000
1475690165,92.9500,92.9900,92.9500,92.9600,16800
1475690228,92.9600,92.9600,92.9500,92.9534,7100
1475690294,92.9401,92.9500,92.9300,92.9500,5700
1475690395,92.9660,92.9700,92.9500,92.9500,4400
1475690401,92.9525,92.9640,92.9500,92.9637,5300
1475690486,92.9500,92.9500,92.9400,92.9450,5500
1475690577,92.8835,92.9500,92.8700,92.9450,37700
1475690583,92.8550,92.8950,92.8550,92.8860,7900
1475690698,92.8700,92.8700,92.8500,92.8600,6500
1475690701,92.8700,92.8960,92.8650,92.8700,15400
1475690763,92.8300,92.8800,92.8300,92.8779,14600
1475690822,92.8400,92.8500,92.8220,92.8300,6900
1475690882,92.8400,92.8535,92.8250,92.8300,5700
1475690949,92.8250,92.8465,92.8250,92.8465,5100
1475691003,92.8350,92.8500,92.8300,92.8300,8100
1475691118,92.8450,92.8500,92.8330,92.8400,8800
1475691120,92.8550,92.8600,92.8300,92.8447,11200
1475691234,92.8700,92.8700,92.8400,92.8600,4700
1475691240,92.8300,92.8700,92.8300,92.8700,5600
1475691302,92.8650,92.8700,92.8300,92.8300,27400
1475691361,92.8550,92.8600,92.8400,92.8600,9400
1475691434,92.8300,92.8600,92.8300,92.8566,5100
1475691539,92.8500,92.8500,92.8263,92.8263,2000
1475691543,92.8600,92.8600,92.8500,92.8500,4000
1475691620,92.8600,92.8800,92.8500,92.8600,13100
1475691662,92.8000,92.8550,92.7800,92.8500,41300
1475691723,92.7900,92.8100,92.7550,92.8000,18700
1475691832,92.7866,92.8065,92.7800,92.7900,6200
1475691896,92.8000,92.8050,92.7900,92.7900,4100
1475691902,92.8000,92.8150,92.7900,92.8000,11900
1475691962,92.8000,92.8063,92.7900,92.8000,3100
1475692078,92.8000,92.8000,92.7900,92.7900,4100
1475692083,92.7800,92.8000,92.7800,92.8000,13500
1475692199,92.7335,92.7780,92.7100,92.7750,26500
1475692259,92.7250,92.7500,92.7200,92.7300,25700
1475692261,92.7750,92.7800,92.7300,92.7300,10300
1475692322,92.7350,92.7800,92.7300,92.7800,15700
1475692382,92.7200,92.7400,92.7100,92.7400,10900
1475692446,92.7299,92.7300,92.7100,92.7160,7200
1475692502,92.7242,92.7300,92.7100,92.7300,6600
1475692560,92.7100,92.7300,92.7050,92.7300,16200
1475692624,92.7300,92.7300,92.7100,92.7200,14200
1475692737,92.7200,92.7365,92.7200,92.7260,6700
1475692741,92.7300,92.7400,92.7200,92.7260,5100
1475692803,92.7600,92.7700,92.7250,92.7300,13200
1475692919,92.7600,92.7800,92.7600,92.7700,9300
1475692920,92.7410,92.7600,92.7400,92.7600,8000
1475692983,92.7300,92.7600,92.7300,92.7400,7600
1475693043,92.7400,92.7400,92.7300,92.7300,5900
1475693159,92.7550,92.7600,92.7400,92.7400,15700
1475693161,92.7500,92.7600,92.7400,92.7566,7900
1475693227,92.7460,92.7500,92.7400,92.7450,5700
1475693288,92.7600,92.7600,92.7400,92.7500,24200
1475693397,92.7607,92.7800,92.7500,92.7600,12100
1475693401,92.8100,92.8100,92.7700,92.7700,25800
1475693464,92.8200,92.8200,92.7860,92.8100,11900
1475693526,92.8400,92.8400,92.8150,92.8200,15700
1475693583,92.8363,92.8500,92.8263,92.8337,11800
1475693640,92.8000,92.8463,92.8000,92.8350,7000
1475693758,92.7900,92.8000,92.7801,92.8000,6300
1475693769,92.7950,92.8000,92.7900,92.7938,4600
1475693828,92.8200,92.8200,92.7901,92.7950,8200
1475693883,92.8150,92.8300,92.8100,92.8134,10900
1475693941,92.8250,92.8300,92.8200,92.8200,8800
1475694003,92.8050,92.8300,92.8001,92.8300,15100
1475694117,92.7900,92.8200,92.7700,92.8050,17100
1475694120,92.8200,92.8300,92.7950,92.7950,14900
1475694192,92.8200,92.8400,92.8150,92.8150,7600
1475694241,92.8100,92.8200,92.8050,92.8200,9100
1475694313,92.8000,92.8199,92.7900,92.8199,5200
1475694419,92.7360,92.8000,92.7300,92.7950,30200
1475694421,92.7500,92.7800,92.7340,92.7350,22500
1475694480,92.7400,92.7550,92.7315,92.7500,8700
1475694541,92.7453,92.7500,92.7300,92.7400,7500
1475694603,92.7507,92.7750,92.7500,92.7500,24100
1475694666,92.7207,92.7590,92.7107,92.7531,10800
1475694777,92.6807,92.7250,92.6800,92.7200,20700
1475694783,92.6807,92.6900,92.6800,92.6800,8000
1475694899,92.6707,92.6900,92.6700,92.6800,10500
1475694900,92.6500,92.6800,92.6500,92.6746,21500
1475694961,92.6107,92.6500,92.6100,92.6500,18400
1475695079,92.5700,92.6100,92.5700,92.6100,22900
1475695139,92.5620,92.5800,92.5500,92.5700,23500
1475695140,92.6100,92.6200,92.5600,92.5600,21500
1475695207,92.6200,92.6200,92.5650,92.5900,23500
1475695318,92.6000,92.6334,92.5950,92.6100,16800
1475695320,92.5311,92.6100,92.5300,92.5975,30900
1475695436,92.5500,92.5600,92.5300,92.5300,17100
1475695441,92.5450,92.5500,92.5300,92.5400,6300
1475695500,92.5460,92.5500,92.5300,92.5500,14500
1475695566,92.5500,92.5500,92.5400,92.5450,17400
1475695679,92.5300,92.5600,92.5300,92.5600,10800
1475695683,92.5150,92.5400,92.5100,92.5250,20200
1475695743,92.5365,92.5500,92.5150,92.5200,11800
1475695807,92.5400,92.5500,92.5200,92.5200,17200
1475695861,92.5400,92.5600,92.5300,92.5300,16600
1475695979,92.5500,92.5500,92.5300,92.5400,11000
1475695981,92.5300,92.5527,92.5200,92.5450,32600
1475696046,92.5460,92.5500,92.5300,92.5400,12000
1475696100,92.5440,92.5500,92.5400,92.5400,6400
1475696160,92.5525,92.5600,92.5400,92.5400,15100
1475696277,92.5400,92.5600,92.5300,92.5500,21300
1475696280,92.5450,92.5500,92.5300,92.5500,8500
1475696342,92.5200,92.5550,92.5200,92.5500,24200
1475696403,92.5150,92.5400,92.5100,92.5400,16800
1475696461,92.5000,92.5200,92.5000,92.5200,24600
1475696531,92.4600,92.5000,92.4500,92.5000,41400
1475696581,92.4700,92.4800,92.4500,92.4600,27700
1475696696,92.4400,92.4800,92.4400,92.4750,35100
1475696704,92.4100,92.4500,92.3907,92.4450,79100
1475696760,92.4300,92.4400,92.4100,92.4100,18800
1475696821,92.3900,92.4250,92.3800,92.4200,44000
1475696881,92.4400,92.4500,92.3800,92.3940,29800
1475696941,92.4425,92.4500,92.4300,92.4400,22500
1475697058,92.4800,92.4900,92.4500,92.4500,30900
1475697063,92.4600,92.4900,92.4500,92.4700,30700
1475697125,92.4600,92.4900,92.4600,92.4700,12100
1475697185,92.4450,92.4450,92.4200,92.4400,23000
1475697297,92.4300,92.4400,92.4100,92.4400,126600
1475697359,92.4207,92.4500,92.4200,92.4400,33500
1475697417,92.4507,92.4700,92.4500,92.4599,24100
1475697420,92.4750,92.4750,92.4500,92.4500,30800
1475697539,92.4800,92.5100,92.4700,92.4750,70100
1475697541,92.4400,92.4600,92.4200,92.4400,127400
1475697600,92.4500,92.4500,92.4500,92.4500,320700
