uri:/instrument/1.0/HSY/chartdata;type=quote;range=1d/csv
ticker:hsy
Company-Name:The Hershey Company Common Stoc
Exchange-Name:NYQ
unit:MIN
timezone:EDT
currency:USD
gmtoffset:-14400
previous_close:95.4100
Timestamp:1475587800,1475611200
labels:1475589600,1475593200,1475596800,1475600400,1475604000,1475607600,1475611200
values:Timestamp,close,high,low,open,volume
close:94.9100,95.7700
high:94.9300,95.8200
low:94.8700,95.7000
open:94.9200,95.8200
volume:100,112300
1475587840,95.4600,95.5100,95.4600,95.5100,29100
1475587906,95.6600,95.6600,95.5400,95.5400,900
1475587953,95.5300,95.6500,95.5300,95.5300,300
1475587982,95.4300,95.5300,95.3200,95.4900,5000
1475588044,95.3300,95.4450,95.3100,95.4450,1600
1475588152,95.2800,95.3850,95.1300,95.3850,5000
1475588217,95.3100,95.4800,95.3100,95.3400,4100
1475588244,95.3400,95.4100,95.3100,95.3100,3200
1475588337,95.3000,95.3300,95.2000,95.3300,5600
1475588398,95.3400,95.5000,95.2800,95.3100,7600
1475588455,95.4100,95.4200,95.3100,95.3600,8800
1475588516,95.4700,95.5000,95.3500,95.4100,12100
1475588520,95.5500,95.5500,95.2700,95.4100,17000
1475588584,95.6100,95.6900,95.5700,95.5700,1800
1475588694,95.7100,95.7900,95.7000,95.7000,2600
1475588754,95.6900,95.7600,95.6500,95.7350,5800
1475588762,95.5400,95.7300,95.4400,95.7300,6900
1475588840,95.4200,95.4700,95.3900,95.4700,1100
1475588884,95.5500,95.5800,95.4000,95.4000,4200
1475588996,95.5300,95.7300,95.5300,95.7100,4400
1475589048,95.5300,95.5700,95.4300,95.5200,4500
1475589112,95.5500,95.5500,95.4900,95.4900,3000
1475589164,95.5100,95.5600,95.5100,95.5500,1000
1475589232,95.5180,95.5450,95.4610,95.5450,2100
1475589246,95.5400,95.5400,95.4800,95.5000,3600
1475589304,95.6850,95.6850,95.5200,95.5200,1300
1475589362,95.5300,95.7200,95.5000,95.7100,4300
1475589420,95.5100,95.5400,95.4800,95.5400,14000
1475589536,95.4500,95.5100,95.4500,95.5100,2700
1475589590,95.7300,95.7400,95.4800,95.4900,2100
1475589652,95.7700,95.7800,95.6700,95.6700,1500
1475589660,95.6200,95.8200,95.6200,95.8200,1500
1475589748,95.6400,95.6500,95.6300,95.6300,3300
1475589839,95.4500,95.6200,95.4500,95.6200,2500
1475589894,95.4700,95.5200,95.4500,95.5162,1800
1475589912,95.4800,95.5100,95.4700,95.4700,2400
1475589960,95.5050,95.5300,95.4800,95.4900,700
1475590075,95.5800,95.5800,95.5750,95.5750,200
1475590080,95.4800,95.5000,95.4701,95.5000,2700
1475590188,95.4500,95.4500,95.4500,95.4500,200
1475590237,95.2800,95.4800,95.2800,95.4800,2000
1475590260,95.2710,95.2800,95.2400,95.2800,4400
1475590326,95.3500,95.3500,95.3500,95.3500,300
1475590392,95.3299,95.3600,95.2900,95.3600,1500
1475590443,95.3200,95.3400,95.2900,95.3100,2800
1475590557,95.4200,95.4200,95.3000,95.3600,3800
1475590566,95.3700,95.3850,95.3700,95.3800,1300
1475590635,95.3300,95.3300,95.3100,95.3100,2300
1475590716,95.2900,95.3400,95.2700,95.3400,1400
1475590769,95.3100,95.3150,95.2900,95.3150,1600
1475590800,95.3600,95.4100,95.2800,95.3100,2500
1475590860,95.4300,95.4300,95.3300,95.3400,2000
1475590928,95.4000,95.4000,95.3900,95.4000,1500
1475591004,95.4500,95.5100,95.4500,95.4700,2100
1475591081,95.4200,95.5300,95.4200,95.4960,3400
1475591106,95.4600,95.4600,95.4400,95.4400,700
1475591160,95.4700,95.4700,95.4600,95.4700,400
1475591223,95.4400,95.4600,95.4100,95.4100,1400
1475591300,95.5000,95.5100,95.5000,95.5100,1600
1475591399,95.5200,95.5200,95.4881,95.4881,1200
1475591445,95.4500,95.5200,95.4400,95.5200,1600
1475591475,95.4200,95.4700,95.4200,95.4700,1400
1475591525,95.4000,95.4230,95.3900,95.4230,1200
1475591580,95.4200,95.4600,95.4100,95.4100,2100
1475591642,95.4300,95.4541,95.4200,95.4200,2800
1475591707,95.3800,95.4000,95.3500,95.3900,1900
1475591764,95.2500,95.3900,95.2500,95.3700,1200
1475591864,95.3800,95.3800,95.2700,95.2900,2200
1475591912,95.3900,95.3900,95.3800,95.3800,800
1475591958,95.4300,95.4900,95.3500,95.3500,2500
1475592044,95.4900,95.4900,95.4700,95.4700,1000
1475592104,95.5100,95.5400,95.5100,95.5300,2800
1475592185,95.5300,95.5900,95.4610,95.5900,2300
1475592298,95.4600,95.4700,95.4600,95.4700,900
1475592307,95.4600,95.4600,95.4600,95.4600,200
1475592367,95.5000,95.5000,95.4700,95.4900,2600
1475592469,95.5000,95.5400,95.4900,95.4900,3200
1475592485,95.5400,95.5500,95.4900,95.5000,1700
1475592545,95.5200,95.5400,95.5100,95.5100,2300
1475592606,95.5900,95.5900,95.5400,95.5500,1400
1475592662,95.5400,95.5800,95.5400,95.5800,1400
1475592766,95.4400,95.4400,95.4400,95.4400,1100
1475592833,95.5100,95.5200,95.4600,95.4700,1700
1475592849,95.4900,95.5600,95.4600,95.5600,2200
1475592921,95.4700,95.4900,95.4300,95.4500,1300
1475592977,95.4600,95.4600,95.4600,95.4600,500
1475593022,95.5400,95.5400,95.5100,95.5100,1500
1475593128,95.6100,95.6300,95.5900,95.5900,1200
1475593169,95.5800,95.5800,95.5800,95.5800,1800
1475593247,95.5000,95.5000,95.4300,95.4600,1400
1475593317,95.5200,95.5200,95.4700,95.4700,7200
1475593326,95.4700,95.5200,95.4200,95.5200,3400
1475593498,95.4200,95.4500,95.4200,95.4500,3700
1475593501,95.4700,95.4800,95.4100,95.4300,11700
1475593565,95.4500,95.4500,95.4500,95.4500,1000
1475593672,95.4300,95.4600,95.4100,95.4100,3900
1475593715,95.3900,95.4600,95.3900,95.4600,900
1475593796,95.3800,95.3800,95.3300,95.3500,2000
1475593811,95.3500,95.3600,95.3300,95.3500,3200
1475593884,95.3900,95.3900,95.3700,95.3700,400
1475594035,95.4500,95.4500,95.3800,95.4100,2800
1475594098,95.3612,95.4600,95.3612,95.4600,1000
1475594158,95.2300,95.3600,95.2300,95.3600,1800
1475594178,95.2300,95.2400,95.1900,95.1900,1300
1475594264,95.3100,95.3100,95.2600,95.2601,1100
1475594299,95.3300,95.3300,95.3100,95.3300,1100
1475594394,95.3300,95.3300,95.3000,95.3000,1100
1475594411,95.3300,95.3300,95.2800,95.2900,1600
1475594513,95.4300,95.4300,95.3700,95.3700,900
1475594572,95.5100,95.5100,95.3900,95.4300,1100
1475594636,95.4800,95.5100,95.4500,95.5100,1800
1475594660,95.4800,95.4800,95.4500,95.4500,3400
1475594822,95.4500,95.5100,95.4500,95.5100,400
1475594920,95.4650,95.4650,95.4650,95.4650,1300
1475594961,95.4800,95.5100,95.4800,95.5100,900
1475595010,95.4900,95.5300,95.4900,95.5200,2000
1475595060,95.5000,95.5000,95.5000,95.5000,400
1475595161,95.4900,95.4900,95.4400,95.4400,1300
1475595236,95.5400,95.5400,95.5200,95.5200,900
1475595298,95.5200,95.5200,95.4800,95.5200,1500
1475595315,95.5600,95.5600,95.5600,95.5600,300
1475595394,95.5400,95.5600,95.5200,95.5600,1900
1475595439,95.5550,95.5600,95.5200,95.5200,1200
1475595543,95.3400,95.4700,95.3400,95.4700,2200
1475595604,95.4300,95.4300,95.2800,95.2900,4900
1475595712,95.4600,95.4900,95.4200,95.4700,2600
1475595760,95.4200,95.4300,95.4200,95.4300,300
1475595820,95.5100,95.5100,95.3950,95.3950,1500
1475595844,95.5000,95.5100,95.4800,95.4900,1000
1475595902,95.5200,95.5200,95.4500,95.4500,1700
1475595985,95.4200,95.5200,95.4200,95.5200,1800
1475596051,95.4100,95.4300,95.4000,95.4200,2800
1475596105,95.3600,95.4403,95.3600,95.4403,1000
1475596164,95.5050,95.5100,95.4500,95.4500,1200
1475596250,95.4200,95.4800,95.4200,95.4250,1400
1475596305,95.4400,95.4500,95.4400,95.4500,600
1475596372,95.5100,95.5100,95.4950,95.5000,1400
1475596386,95.3700,95.4600,95.3700,95.4600,1400
1475596443,95.3100,95.3100,95.2600,95.2800,1500
1475596538,95.3500,95.3800,95.3400,95.3800,2900
1475596560,95.3600,95.3750,95.3000,95.3650,7000
1475596678,95.3500,95.3500,95.3100,95.3100,1300
1475596687,95.3300,95.3600,95.3300,95.3500,2000
1475596743,95.3300,95.3600,95.3100,95.3200,2800
1475596831,95.3560,95.3560,95.3201,95.3201,600
1475596860,95.3900,95.4200,95.3700,95.4100,2000
1475596963,95.3600,95.3700,95.3500,95.3700,300
1475596993,95.3300,95.3300,95.3000,95.3000,1300
1475597046,95.3000,95.3400,95.3000,95.3400,900
1475597147,95.3700,95.3700,95.2800,95.2800,2300
1475597169,95.3450,95.3800,95.3400,95.3700,3000
1475597278,95.3600,95.3600,95.3200,95.3200,1200
1475597307,95.3950,95.4000,95.3700,95.3700,1700
1475597363,95.2800,95.3400,95.2800,95.3400,500
1475597402,95.4200,95.4200,95.3350,95.3500,2800
1475597496,95.4200,95.4900,95.4200,95.4900,1400
1475597529,95.4600,95.4700,95.3700,95.4200,1900
1475597638,95.4800,95.4800,95.4000,95.4000,3500
1475597695,95.4440,95.4440,95.4400,95.4400,800
1475597700,95.4500,95.4500,95.4300,95.4454,3300
1475597803,95.4700,95.4700,95.4600,95.4600,900
1475597827,95.4400,95.4600,95.4400,95.4600,700
1475597927,95.4700,95.4700,95.4600,95.4600,200
1475597946,95.5000,95.5500,95.4900,95.5500,4700
1475598042,95.4700,95.4800,95.4600,95.4800,700
1475598117,95.5400,95.5400,95.4680,95.4680,1200
1475598140,95.5000,95.5000,95.5000,95.5000,300
1475598192,95.5900,95.5900,95.4800,95.5000,2200
1475598254,95.5800,95.5800,95.5800,95.5800,600
1475598450,95.5800,95.5800,95.5800,95.5800,900
1475598515,95.6400,95.6800,95.5900,95.5900,3600
1475598624,95.5500,95.6000,95.5500,95.6000,2000
1475598697,95.5750,95.5750,95.5300,95.5300,1100
1475598729,95.5700,95.5900,95.5600,95.5900,900
1475598800,95.5600,95.6000,95.5600,95.5700,1100
1475598890,95.5750,95.5900,95.5750,95.5800,400
1475598902,95.5700,95.5700,95.5600,95.5600,800
1475599014,95.5500,95.5500,95.5300,95.5400,500
1475599041,95.5200,95.5300,95.5200,95.5300,300
1475599113,95.6200,95.6200,95.6200,95.6200,1700
1475599194,95.5900,95.6100,95.5900,95.6100,1200
1475599206,95.6600,95.6600,95.5900,95.5900,600
1475599264,95.7100,95.7100,95.6100,95.6325,2100
1475599377,95.6500,95.6900,95.6400,95.6900,3300
1475599384,95.6100,95.6500,95.6100,95.6500,3000
1475599446,95.6600,95.6600,95.5900,95.6000,1900
1475599544,95.6200,95.6300,95.6200,95.6200,1100
1475599613,95.6200,95.6790,95.6200,95.6400,1800
1475599621,95.5600,95.6000,95.5600,95.6000,1200
1475599732,95.5400,95.5400,95.5000,95.5000,2300
1475599751,95.5000,95.5000,95.5000,95.5000,100
1475599844,95.4700,95.4700,95.4700,95.4700,200
1475599860,95.4800,95.5200,95.4700,95.4800,4300
1475599947,95.4500,95.5000,95.4500,95.4500,2400
1475600038,95.4500,95.4500,95.4500,95.4500,400
1475600040,95.4300,95.4500,95.4300,95.4500,700
1475600160,95.4300,95.4400,95.3800,95.4200,5200
1475600244,95.4200,95.4200,95.4100,95.4100,300
1475600313,95.4200,95.4400,95.4200,95.4400,1400
1475600356,95.4000,95.4000,95.4000,95.4000,200
1475600431,95.4100,95.4100,95.3800,95.3800,1800
1475600463,95.3900,95.4200,95.3900,95.4000,800
1475600528,95.3400,95.3700,95.3400,95.3700,300
1475600611,95.3400,95.3600,95.3400,95.3550,900
1475600665,95.3600,95.3600,95.3300,95.3300,2800
1475600707,95.3900,95.3900,95.3400,95.3400,3600
1475600803,95.3700,95.3700,95.3700,95.3700,500
1475600825,95.3300,95.3500,95.3300,95.3500,900
1475600897,95.3000,95.3000,95.2650,95.2650,1700
1475600969,95.2800,95.3000,95.2800,95.3000,700
1475601020,95.3100,95.3300,95.2800,95.2800,2600
1475601106,95.2650,95.2900,95.2600,95.2900,600
1475601155,95.2300,95.2500,95.2200,95.2500,1200
1475601183,95.2100,95.2400,95.2100,95.2300,1600
1475601240,95.2000,95.2000,95.2000,95.2000,100
1475601312,95.2200,95.2200,95.1850,95.2000,1300
1475601363,95.2100,95.2100,95.2100,95.2100,700
1475601478,95.2100,95.2100,95.1804,95.1804,2000
1475601534,95.1800,95.2000,95.1700,95.2000,1200
1475601540,95.4500,95.4500,95.1700,95.1700,33500
1475601636,95.4100,95.4600,95.4100,95.4300,2700
1475601723,95.3800,95.3800,95.3550,95.3550,400
1475601797,95.3100,95.3285,95.3000,95.3000,1000
1475601897,95.3008,95.3200,95.2900,95.2900,3600
1475601902,95.2900,95.2900,95.2900,95.2900,2300
1475602016,95.3800,95.3800,95.3500,95.3500,500
1475602026,95.4000,95.4000,95.3700,95.3900,2700
1475602139,95.3723,95.3800,95.3700,95.3800,900
1475602169,95.3800,95.3800,95.3800,95.3800,200
1475602200,95.4199,95.4199,95.3800,95.3800,3500
1475602261,95.4250,95.4400,95.4100,95.4100,3600
1475602325,95.4200,95.4500,95.4200,95.4400,2200
1475602432,95.4400,95.4400,95.4200,95.4300,2500
1475602506,95.5000,95.5000,95.4600,95.4900,700
1475602592,95.5000,95.5000,95.4700,95.4700,400
1475602659,95.4500,95.5001,95.4500,95.5000,800
1475602695,95.5000,95.5000,95.4500,95.4500,1500
1475602740,95.4700,95.4700,95.4500,95.4700,3100
1475602852,95.4500,95.4500,95.4400,95.4500,1000
1475602918,95.4700,95.4700,95.4400,95.4400,2100
1475602978,95.4800,95.5100,95.4650,95.4800,2400
1475602993,95.4700,95.4700,95.4600,95.4600,200
1475603051,95.4600,95.4900,95.4600,95.4900,700
1475603136,95.4400,95.4600,95.4400,95.4600,400
1475603215,95.4000,95.4300,95.4000,95.4300,900
1475603220,95.4300,95.4422,95.4000,95.4001,4400
1475603297,95.4200,95.4300,95.4200,95.4300,600
1475603399,95.4900,95.4900,95.4300,95.4400,3400
1475603448,95.4200,95.4900,95.4200,95.4800,2000
1475603465,95.4000,95.4400,95.4000,95.4400,1200
1475603545,95.3200,95.3650,95.3200,95.3650,500
1475603635,95.4000,95.4150,95.3600,95.3600,4000
1475603666,95.5400,95.5400,95.4200,95.4200,5200
1475603757,95.5700,95.5700,95.5500,95.5500,1300
1475603766,95.5700,95.6000,95.5700,95.6000,800
1475603855,95.5700,95.5700,95.5200,95.5600,2600
1475603916,95.5200,95.5200,95.5200,95.5200,300
1475603998,95.4550,95.5300,95.4550,95.4900,2700
1475604007,95.4701,95.4800,95.4500,95.4500,3000
1475604070,95.5200,95.5200,95.4600,95.4600,3000
1475604151,95.4900,95.5400,95.4900,95.5300,3000
1475604191,95.5500,95.5600,95.4700,95.4800,3900
1475604241,95.5600,95.5800,95.5600,95.5650,4200
1475604319,95.5700,95.5700,95.5300,95.5400,1800
1475604412,95.5700,95.5700,95.5300,95.5400,4600
1475604420,95.5200,95.5600,95.5100,95.5400,2800
1475604526,95.5300,95.5350,95.4800,95.5200,2900
1475604554,95.5100,95.5200,95.5100,95.5100,700
1475604604,95.4300,95.4900,95.4300,95.4800,1400
1475604715,95.4700,95.4700,95.3800,95.3800,1800
1475604748,95.4600,95.4700,95.4500,95.4700,1500
1475604813,95.4300,95.4300,95.4100,95.4200,300
1475604864,95.4300,95.4300,95.3900,95.4300,800
1475604957,95.4200,95.4200,95.4100,95.4200,700
1475604966,95.3800,95.4100,95.3800,95.4100,3100
1475605137,95.4500,95.4700,95.4200,95.4300,2700
1475605161,95.3600,95.3900,95.3600,95.3900,800
1475605202,95.3700,95.3800,95.3500,95.3700,2500
1475605287,95.3200,95.3800,95.3200,95.3700,2400
1475605369,95.3290,95.3290,95.3100,95.3100,400
1475605439,95.2500,95.2500,95.1900,95.2100,3900
1475605498,95.2600,95.2900,95.2300,95.2500,4900
1475605500,95.2200,95.2550,95.2100,95.2500,4500
1475605606,95.2200,95.2200,95.1800,95.1900,9100
1475605624,95.2200,95.2400,95.2200,95.2200,3200
1475605736,95.2700,95.3000,95.2248,95.2248,6200
1475605741,95.2600,95.2764,95.2600,95.2764,600
1475605834,95.3000,95.3100,95.2500,95.2700,1700
1475605860,95.2900,95.3100,95.2500,95.3000,4100
1475605979,95.3100,95.3100,95.2500,95.2900,2000
1475606034,95.2900,95.3200,95.2900,95.3100,700
1475606041,95.3300,95.3300,95.3000,95.3100,1300
1475606124,95.3200,95.3200,95.2900,95.2900,300
1475606167,95.2400,95.2500,95.2000,95.2500,2200
1475606224,95.2600,95.2600,95.2500,95.2500,800
1475606293,95.1800,95.2700,95.1800,95.2700,2000
1475606382,95.2300,95.2500,95.2200,95.2200,1500
1475606442,95.2000,95.2400,95.2000,95.2300,3400
1475606519,95.2500,95.3000,95.2200,95.2200,5000
1475606571,95.2700,95.2700,95.2500,95.2500,2200
1475606587,95.3000,95.3300,95.2704,95.2800,1900
1475606642,95.2000,95.2600,95.2000,95.2500,1800
1475606736,95.2400,95.2400,95.2200,95.2200,1500
1475606818,95.2000,95.2300,95.2000,95.2100,1100
1475606839,95.1500,95.2000,95.1500,95.2000,700
1475606939,95.1400,95.1500,95.1300,95.1500,300
1475606957,95.1900,95.1900,95.1300,95.1300,4500
1475607059,95.2200,95.2350,95.2000,95.2000,800
1475607074,95.1600,95.2200,95.1600,95.2200,1400
1475607121,95.1800,95.1900,95.1500,95.1500,1700
1475607212,95.1800,95.2000,95.1800,95.2000,1800
1475607296,95.1900,95.1900,95.1900,95.1900,200
1475607307,95.1500,95.2000,95.1400,95.2000,3100
1475607416,95.1200,95.1200,95.0800,95.1000,4300
1475607438,95.1300,95.1400,95.1300,95.1300,1800
1475607539,95.0800,95.0800,95.0800,95.0800,100
1475607542,95.1300,95.1300,95.0600,95.0900,2300
1475607602,95.1500,95.1500,95.0900,95.1200,3400
1475607699,95.1300,95.1300,95.1300,95.1300,100
1475607745,95.1300,95.1300,95.1300,95.1300,300
1475607784,95.1000,95.1100,95.1000,95.1100,1700
1475607848,95.1100,95.1100,95.0850,95.1000,3700
1475607900,95.1600,95.1600,95.0900,95.1400,8200
1475608017,95.1660,95.1700,95.1300,95.1600,3600
1475608061,95.1600,95.1700,95.1500,95.1600,2500
1475608080,95.1330,95.1330,95.1330,95.1330,300
1475608157,95.1800,95.1800,95.1300,95.1300,3800
1475608258,95.1500,95.1650,95.1400,95.1400,1100
1475608307,95.1300,95.1700,95.1300,95.1500,4600
1475608328,95.1400,95.1800,95.1200,95.1400,2500
1475608422,95.1300,95.1300,95.1300,95.1300,300
1475608447,95.1600,95.1700,95.1200,95.1200,3400
1475608513,95.1300,95.1500,95.1300,95.1500,400
1475608568,95.1750,95.1750,95.1300,95.1300,3400
1475608625,95.1500,95.1800,95.1500,95.1800,2300
1475608731,95.1200,95.1300,95.1000,95.1300,600
1475608743,95.1000,95.1200,95.1000,95.1200,1400
1475608807,95.2000,95.2000,95.1400,95.1400,2800
1475608915,95.1300,95.1800,95.1300,95.1800,2600
1475608972,95.1500,95.1550,95.1400,95.1400,1500
1475608981,95.1900,95.2000,95.1300,95.1400,5100
1475609041,95.1800,95.2600,95.1800,95.1900,7800
1475609122,95.2100,95.2300,95.2000,95.2000,1500
1475609209,95.1900,95.2200,95.1900,95.2100,1200
1475609273,95.1950,95.2000,95.1800,95.1800,4000
1475609289,95.2200,95.2200,95.2050,95.2050,2300
1475609358,95.1600,95.1900,95.1600,95.1900,1200
1475609403,95.2200,95.2525,95.1750,95.1750,6300
1475609465,95.1850,95.2050,95.1850,95.2050,4100
1475609531,95.1700,95.2000,95.1700,95.2000,1900
1475609580,95.1900,95.1900,95.1600,95.1700,4900
1475609697,95.2200,95.2200,95.1900,95.2100,2900
1475609702,95.2000,95.2100,95.1650,95.1900,5700
1475609771,95.2100,95.2200,95.2100,95.2100,700
1475609823,95.2000,95.2150,95.2000,95.2100,1700
1475609889,95.2200,95.2400,95.1900,95.2000,7600
1475609955,95.2400,95.2400,95.2200,95.2350,1900
1475610053,95.2150,95.2400,95.2100,95.2400,3500
1475610067,95.2100,95.2200,95.2100,95.2100,2800
1475610179,95.1900,95.2500,95.1900,95.2100,6900
1475610183,95.1900,95.2100,95.1800,95.1900,6900
1475610250,95.2150,95.2500,95.2150,95.2300,3500
1475610312,95.1500,95.1700,95.1300,95.1700,10900
1475610365,95.1000,95.1600,95.1000,95.1500,4600
1475610470,95.1300,95.1400,95.1100,95.1200,12300
1475610500,95.1300,95.1500,95.1250,95.1500,7000
1475610556,95.1100,95.1600,95.1100,95.1500,5000
1475610603,95.0600,95.1000,95.0600,95.0900,15800
1475610674,95.0800,95.0800,95.0400,95.0700,6000
1475610774,95.0400,95.0800,95.0400,95.0800,4800
1475610833,95.0300,95.0400,95.0250,95.0300,12300
1475610845,95.0450,95.0450,95.0200,95.0350,10000
1475610907,95.0025,95.0400,95.0025,95.0400,13800
1475610965,94.9100,95.0050,94.9000,95.0050,14300
1475611077,94.9250,94.9300,94.8700,94.9200,21100
1475611080,94.9500,94.9500,94.9100,94.9300,13300
1475611146,95.0300,95.0300,94.9400,94.9600,21900
1475611200,95.0300,95.0300,95.0300,95.0300,112300
