uri:/instrument/1.0/VEA/chartdata;type=quote;range=1d/csv
ticker:vea
Company-Name:Vanguard FTSE Developed Markets
Exchange-Name:PCX
unit:MIN
timezone:EDT
currency:USD
gmtoffset:-14400
previous_close:37.4100
Timestamp:1475501400,1475524800
labels:1475503200,1475506800,1475510400,1475514000,1475517600,1475521200,1475524800
values:Timestamp,close,high,low,open,volume
close:37.2500,37.4050
high:37.2600,37.4099
low:37.2500,37.3990
open:37.2550,37.4000
volume:200,1193400
1475501418,37.3600,37.3800,37.3500,37.3500,107800
1475501504,37.3600,37.3600,37.3600,37.3600,17600
1475501563,37.3300,37.3600,37.3300,37.3600,18700
1475501584,37.3550,37.3550,37.3500,37.3500,13800
1475501659,37.3650,37.3700,37.3550,37.3550,13600
1475501713,37.3700,37.3700,37.3600,37.3665,15200
1475501763,37.3700,37.3700,37.3662,37.3690,9700
1475501830,37.3500,37.3650,37.3500,37.3600,20000
1475501894,37.3500,37.3600,37.3500,37.3500,18800
1475501946,37.3600,37.3600,37.3500,37.3500,7500
1475502010,37.3400,37.3511,37.3400,37.3500,8500
1475502061,37.3550,37.3550,37.3400,37.3490,11700
1475502154,37.3543,37.3543,37.3500,37.3500,3000
1475502235,37.3400,37.3500,37.3400,37.3500,4600
1475502295,37.3242,37.3447,37.3200,37.3400,24800
1475502349,37.3100,37.3200,37.3100,37.3200,13800
1475502364,37.2952,37.3100,37.2950,37.3100,33600
1475502478,37.2750,37.3000,37.2700,37.3000,6300
1475502538,37.2801,37.2860,37.2750,37.2800,12300
1475502555,37.2750,37.2800,37.2700,37.2800,4900
1475502613,37.2750,37.2793,37.2710,37.2793,3300
1475502664,37.2750,37.2865,37.2700,37.2750,8200
1475502724,37.2850,37.2850,37.2700,37.2800,6000
1475502787,37.2800,37.2900,37.2800,37.2850,4900
1475502851,37.2800,37.2900,37.2800,37.2850,14900
1475502905,37.2937,37.2937,37.2800,37.2800,15000
1475502993,37.2950,37.2950,37.2915,37.2915,1500
1475503079,37.2863,37.2950,37.2800,37.2900,12100
1475503085,37.2850,37.2900,37.2850,37.2850,2100
1475503141,37.2850,37.2900,37.2800,37.2900,6000
1475503200,37.3200,37.3200,37.2800,37.2850,33300
1475503265,37.3400,37.3400,37.3050,37.3100,91900
1475503379,37.3200,37.3400,37.3150,37.3400,44900
1475503439,37.3050,37.3162,37.3000,37.3162,4700
1475503487,37.3034,37.3100,37.2950,37.3050,19600
1475503551,37.2700,37.3050,37.2650,37.3050,16300
1475503610,37.2701,37.2800,37.2700,37.2750,7400
1475503635,37.2900,37.2900,37.2742,37.2742,21000
1475503684,37.2850,37.2900,37.2705,37.2900,5300
1475503792,37.2950,37.3000,37.2850,37.2850,7200
1475503852,37.2850,37.2900,37.2831,37.2900,2300
1475503908,37.3000,37.3000,37.2850,37.2850,4400
1475503978,37.3042,37.3068,37.3042,37.3050,1300
1475503986,37.3001,37.3100,37.3000,37.3099,29000
1475504041,37.3058,37.3058,37.2950,37.3035,6300
1475504107,37.2800,37.3000,37.2800,37.3000,14500
1475504218,37.3000,37.3000,37.2800,37.2800,8400
1475504221,37.2900,37.2950,37.2846,37.2900,6900
1475504290,37.2900,37.2900,37.2800,37.2800,7500
1475504398,37.3090,37.3090,37.2850,37.2900,4900
1475504400,37.2950,37.3062,37.2950,37.3050,6400
1475504473,37.2865,37.2900,37.2800,37.2900,4600
1475504578,37.2999,37.2999,37.2850,37.2850,8500
1475504583,37.2923,37.2972,37.2900,37.2900,4200
1475504642,37.2900,37.2999,37.2900,37.2963,20900
1475504702,37.2995,37.3000,37.2900,37.2950,4500
1475504812,37.3150,37.3200,37.2900,37.2900,44800
1475504820,37.3200,37.3200,37.3150,37.3150,5300
1475504939,37.2950,37.3185,37.2850,37.3185,11800
1475504941,37.2995,37.3000,37.2920,37.3000,8800
1475505002,37.3000,37.3000,37.2850,37.2900,11800
1475505069,37.3100,37.3100,37.2950,37.3000,9500
1475505122,37.3208,37.3208,37.3100,37.3150,30700
1475505182,37.3250,37.3357,37.3250,37.3250,4500
1475505254,37.3300,37.3300,37.3201,37.3250,11300
1475505304,37.3199,37.3350,37.3146,37.3300,9600
1475505367,37.3199,37.3200,37.3104,37.3137,8700
1475505426,37.3400,37.3400,37.3150,37.3199,8000
1475505482,37.3301,37.3500,37.3301,37.3350,6600
1475505540,37.3455,37.3455,37.3300,37.3390,16000
1475505657,37.3390,37.3450,37.3310,37.3450,8600
1475505665,37.3400,37.3400,37.3250,37.3366,7300
1475505733,37.3350,37.3350,37.3300,37.3338,4600
1475505793,37.3443,37.3480,37.3443,37.3450,1300
1475505845,37.3500,37.3500,37.3430,37.3500,2100
1475505958,37.3550,37.3550,37.3400,37.3500,10300
1475505961,37.3669,37.3669,37.3515,37.3515,3200
1475506024,37.3590,37.3601,37.3450,37.3601,6100
1475506111,37.3550,37.3700,37.3501,37.3501,36000
1475506142,37.3780,37.3800,37.3550,37.3600,6400
1475506206,37.4050,37.4050,37.3755,37.3755,9500
1475506265,37.3990,37.4099,37.3990,37.4000,5200
1475506323,37.3900,37.3995,37.3900,37.3950,3400
1475506382,37.3850,37.3900,37.3800,37.3810,5900
1475506440,37.3850,37.3890,37.3750,37.3890,9700
1475506500,37.3895,37.3899,37.3750,37.3750,7100
1475506563,37.3700,37.3890,37.3700,37.3810,2300
1475506624,37.3661,37.3780,37.3600,37.3650,4100
1475506682,37.3666,37.3700,37.3600,37.3650,18600
1475506750,37.3700,37.3799,37.3700,37.3740,1000
1475506804,37.3700,37.3790,37.3700,37.3710,9800
1475506868,37.3700,37.3800,37.3700,37.3800,12800
1475506922,37.3689,37.3790,37.3689,37.3790,9600
1475507028,37.3600,37.3600,37.3500,37.3600,5800
1475507049,37.3550,37.3600,37.3550,37.3550,1700
1475507146,37.3350,37.3500,37.3301,37.3500,11100
1475507199,37.3250,37.3300,37.3200,37.3300,2600
1475507225,37.3350,37.3350,37.3250,37.3300,6700
1475507339,37.3350,37.3400,37.3300,37.3300,5700
1475507340,37.3450,37.3450,37.3350,37.3400,14500
1475507423,37.3450,37.3450,37.3401,37.3450,1100
1475507519,37.3450,37.3450,37.3400,37.3450,5400
1475507520,37.3450,37.3500,37.3405,37.3450,8900
1475507614,37.3450,37.3463,37.3423,37.3450,1800
1475507646,37.3435,37.3500,37.3400,37.3400,4900
1475507745,37.3450,37.3450,37.3400,37.3400,700
1475507764,37.3450,37.3500,37.3400,37.3450,13600
1475507825,37.3350,37.3450,37.3345,37.3450,32800
1475507932,37.3350,37.3400,37.3300,37.3350,10500
1475507942,37.3200,37.3300,37.3200,37.3300,14300
1475508056,37.3250,37.3300,37.3234,37.3250,6900
1475508068,37.3250,37.3300,37.3250,37.3250,4900
1475508172,37.3450,37.3450,37.3250,37.3262,8300
1475508184,37.3400,37.3461,37.3350,37.3461,3900
1475508296,37.3350,37.3400,37.3305,37.3350,12100
1475508303,37.3338,37.3400,37.3338,37.3365,3300
1475508406,37.3450,37.3462,37.3350,37.3350,7300
1475508438,37.3550,37.3590,37.3450,37.3450,8900
1475508491,37.3350,37.3499,37.3350,37.3450,14400
1475508544,37.3300,37.3400,37.3300,37.3310,19000
1475508600,37.3250,37.3300,37.3200,37.3300,31700
1475508712,37.3450,37.3450,37.3250,37.3250,6500
1475508776,37.3450,37.3450,37.3350,37.3400,3600
1475508780,37.3450,37.3464,37.3400,37.3450,3500
1475508846,37.3450,37.3500,37.3400,37.3450,201900
1475508924,37.3400,37.3401,37.3350,37.3401,5300
1475508968,37.3300,37.3400,37.3210,37.3350,10900
1475509020,37.3250,37.3400,37.3250,37.3300,8400
1475509103,37.3050,37.3258,37.3050,37.3258,9300
1475509198,37.3150,37.3199,37.3035,37.3090,14100
1475509208,37.3150,37.3150,37.3031,37.3050,7900
1475509264,37.3150,37.3250,37.3100,37.3200,7000
1475509321,37.3300,37.3300,37.3101,37.3150,6600
1475509438,37.3250,37.3299,37.3150,37.3201,15600
1475509483,37.3250,37.3300,37.3245,37.3250,1700
1475509557,37.3150,37.3300,37.3150,37.3300,5600
1475509563,37.3150,37.3200,37.3150,37.3200,2100
1475509623,37.3150,37.3200,37.3116,37.3150,3100
1475509739,37.3199,37.3199,37.3100,37.3150,14500
1475509740,37.3000,37.3150,37.2950,37.3150,7900
1475509801,37.2800,37.3000,37.2750,37.3000,22600
1475509912,37.2800,37.2800,37.2750,37.2800,12800
1475509938,37.2885,37.2885,37.2750,37.2800,5600
1475509985,37.2800,37.2900,37.2800,37.2900,1700
1475510093,37.2700,37.2800,37.2650,37.2750,19200
1475510102,37.2700,37.2700,37.2550,37.2700,8600
1475510182,37.2700,37.2700,37.2650,37.2650,2000
1475510275,37.2800,37.2800,37.2750,37.2800,5500
1475510337,37.3062,37.3100,37.2750,37.2800,21900
1475510397,37.2950,37.3037,37.2900,37.3037,4900
1475510459,37.2950,37.3000,37.2938,37.2999,1200
1475510516,37.3000,37.3090,37.2900,37.2950,17000
1475510579,37.2850,37.3073,37.2850,37.3073,6400
1475510630,37.2900,37.2900,37.2800,37.2850,14300
1475510649,37.2800,37.2844,37.2800,37.2800,2700
1475510709,37.2965,37.2965,37.2800,37.2800,6500
1475510766,37.3050,37.3076,37.2900,37.3000,6600
1475510865,37.2950,37.3064,37.2900,37.3064,8600
1475510887,37.3000,37.3000,37.2900,37.2900,5900
1475510945,37.3000,37.3000,37.3000,37.3000,1300
1475511020,37.3050,37.3050,37.3000,37.3050,1000
1475511115,37.2900,37.3100,37.2900,37.3075,12500
1475511172,37.2958,37.2958,37.2800,37.2900,13600
1475511231,37.2950,37.2990,37.2900,37.2990,3400
1475511299,37.2850,37.3050,37.2800,37.2950,15900
1475511356,37.2800,37.2850,37.2700,37.2800,5100
1475511407,37.2800,37.2800,37.2700,37.2750,13000
1475511432,37.2800,37.2890,37.2800,37.2890,3600
1475511497,37.2810,37.2810,37.2810,37.2810,200
1475511555,37.2800,37.2857,37.2800,37.2857,4800
1475511605,37.2800,37.2854,37.2700,37.2800,15000
1475511668,37.2800,37.2801,37.2800,37.2800,4600
1475511723,37.2750,37.2850,37.2700,37.2850,2100
1475511830,37.2750,37.2772,37.2750,37.2772,2900
1475511844,37.2700,37.2790,37.2600,37.2790,31800
1475511941,37.2700,37.2701,37.2700,37.2701,200
1475511963,37.2767,37.2800,37.2700,37.2700,4300
1475512021,37.2700,37.2758,37.2700,37.2700,2900
1475512136,37.2600,37.2700,37.2500,37.2700,20300
1475512190,37.2650,37.2700,37.2500,37.2650,9800
1475512258,37.2600,37.2799,37.2600,37.2710,10200
1475512299,37.2500,37.2647,37.2500,37.2600,8400
1475512324,37.2600,37.2600,37.2500,37.2550,3600
1475512384,37.2647,37.2699,37.2600,37.2699,1700
1475512491,37.2750,37.2750,37.2600,37.2638,12200
1475512502,37.2800,37.2800,37.2600,37.2700,12700
1475512584,37.2700,37.2900,37.2700,37.2900,19100
1475512632,37.2700,37.2799,37.2650,37.2700,9600
1475512735,37.2650,37.2700,37.2600,37.2668,6800
1475512747,37.2690,37.2731,37.2500,37.2731,9500
1475512858,37.2750,37.2750,37.2600,37.2630,6500
1475512912,37.2685,37.2750,37.2600,37.2700,5400
1475512923,37.2754,37.2754,37.2600,37.2600,6400
1475512986,37.2700,37.2800,37.2700,37.2750,15500
1475513098,37.2850,37.2850,37.2700,37.2700,7400
1475513159,37.2800,37.2952,37.2800,37.2800,23900
1475513166,37.2950,37.2990,37.2800,37.2850,5300
1475513232,37.2900,37.2950,37.2900,37.2950,4400
1475513281,37.2800,37.2899,37.2700,37.2800,17300
1475513383,37.2800,37.2841,37.2800,37.2800,3900
1475513403,37.2865,37.2885,37.2834,37.2834,10800
1475513460,37.2850,37.2850,37.2800,37.2800,48800
1475513521,37.2900,37.2950,37.2800,37.2800,18700
1475513639,37.2950,37.3000,37.2900,37.2900,7900
1475513670,37.2999,37.2999,37.2900,37.2950,1300
1475513759,37.2857,37.3000,37.2800,37.2900,25400
1475513790,37.2800,37.2800,37.2800,37.2800,1100
1475513867,37.2850,37.2900,37.2800,37.2800,5600
1475513931,37.3100,37.3100,37.2900,37.2967,9800
1475513940,37.3150,37.3150,37.3000,37.3100,7400
1475514046,37.3050,37.3200,37.3000,37.3100,12800
1475514060,37.2950,37.3100,37.2900,37.3100,14400
1475514177,37.2950,37.3000,37.2900,37.3000,17100
1475514235,37.2900,37.2962,37.2800,37.2900,18300
1475514298,37.2700,37.2900,37.2700,37.2800,20200
1475514300,37.2866,37.2866,37.2714,37.2750,11600
1475514372,37.2850,37.2899,37.2800,37.2850,10400
1475514424,37.2800,37.2900,37.2700,37.2800,15600
1475514497,37.2858,37.2863,37.2800,37.2800,4700
1475514599,37.2800,37.2865,37.2800,37.2800,29500
1475514657,37.2650,37.2900,37.2600,37.2800,95300
1475514664,37.2700,37.2786,37.2600,37.2600,24700
1475514774,37.2760,37.2790,37.2600,37.2790,20300
1475514834,37.2963,37.2999,37.2700,37.2750,16800
1475514848,37.3050,37.3100,37.2900,37.2971,7700
1475514954,37.3062,37.3100,37.3000,37.3100,9500
1475514964,37.3041,37.3066,37.3000,37.3000,19400
1475515029,37.2950,37.3000,37.2900,37.3000,5400
1475515081,37.2956,37.3000,37.2900,37.2950,8400
1475515140,37.2950,37.3000,37.2850,37.2900,11400
1475515216,37.3137,37.3137,37.3000,37.3000,7200
1475515318,37.3100,37.3152,37.3100,37.3100,9900
1475515379,37.3000,37.3100,37.3000,37.3100,14900
1475515430,37.3150,37.3150,37.3050,37.3100,4800
1475515452,37.3100,37.3200,37.3100,37.3100,8500
1475515547,37.3190,37.3250,37.3100,37.3200,6900
1475515564,37.3180,37.3190,37.3100,37.3100,4500
1475515672,37.3000,37.3150,37.3000,37.3100,4000
1475515685,37.3050,37.3100,37.3000,37.3000,6100
1475515790,37.3100,37.3165,37.3000,37.3000,30500
1475515838,37.3090,37.3150,37.3000,37.3100,14200
1475515860,37.3100,37.3150,37.3000,37.3038,8300
1475515941,37.3070,37.3100,37.3000,37.3100,4200
1475515986,37.3000,37.3100,37.3000,37.3000,9300
1475516093,37.3200,37.3200,37.3000,37.3050,8400
1475516156,37.3267,37.3272,37.3200,37.3200,10100
1475516168,37.3300,37.3300,37.3200,37.3200,6500
1475516253,37.3100,37.3200,37.3100,37.3200,6600
1475516339,37.3155,37.3169,37.3100,37.3169,2100
1475516383,37.3150,37.3200,37.3100,37.3155,2900
1475516416,37.3200,37.3200,37.3100,37.3200,11700
1475516514,37.3140,37.3200,37.3100,37.3200,5100
1475516579,37.3134,37.3200,37.3100,37.3200,14300
1475516581,37.3237,37.3300,37.3100,37.3162,31200
1475516698,37.3100,37.3200,37.3050,37.3200,6800
1475516746,37.3190,37.3190,37.3000,37.3050,8500
1475516767,37.3243,37.3243,37.3100,37.3163,7600
1475516876,37.3100,37.3200,37.3100,37.3200,4000
1475516885,37.3200,37.3200,37.3100,37.3100,5200
1475516991,37.3200,37.3200,37.3100,37.3169,9500
1475517000,37.3200,37.3300,37.3200,37.3200,14100
1475517116,37.3200,37.3299,37.3100,37.3250,6700
1475517120,37.3000,37.3150,37.3000,37.3100,12400
1475517238,37.3000,37.3100,37.3000,37.3000,11500
1475517242,37.3000,37.3100,37.3000,37.3068,2200
1475517353,37.3188,37.3188,37.3000,37.3050,4800
1475517419,37.3234,37.3271,37.3100,37.3100,10200
1475517469,37.3230,37.3299,37.3200,37.3234,5100
1475517482,37.3266,37.3299,37.3200,37.3250,5500
1475517546,37.3200,37.3299,37.3200,37.3299,700
1475517600,37.3350,37.3350,37.3200,37.3200,14000
1475517661,37.3472,37.3472,37.3300,37.3399,8400
1475517739,37.3450,37.3500,37.3400,37.3400,7700
1475517788,37.3400,37.3450,37.3400,37.3400,2300
1475517842,37.3550,37.3550,37.3400,37.3400,7100
1475517927,37.3450,37.3500,37.3400,37.3500,13300
1475518017,37.3450,37.3499,37.3300,37.3400,12100
1475518072,37.3450,37.3499,37.3300,37.3400,10200
1475518082,37.3454,37.3454,37.3300,37.3400,5900
1475518198,37.3360,37.3427,37.3300,37.3427,5900
1475518256,37.3300,37.3400,37.3300,37.3350,7200
1475518318,37.3300,37.3350,37.3300,37.3300,3600
1475518320,37.3350,37.3500,37.3300,37.3301,35000
1475518396,37.3450,37.3450,37.3350,37.3350,9000
1475518456,37.3500,37.3550,37.3450,37.3450,6100
1475518502,37.3550,37.3550,37.3450,37.3450,5500
1475518579,37.3500,37.3550,37.3401,37.3550,3800
1475518670,37.3550,37.3600,37.3450,37.3500,4200
1475518701,37.3450,37.3464,37.3450,37.3461,900
1475518798,37.3400,37.3500,37.3400,37.3499,1400
1475518855,37.3450,37.3499,37.3400,37.3450,5200
1475518862,37.3468,37.3468,37.3400,37.3400,2900
1475518976,37.3401,37.3499,37.3400,37.3450,6300
1475519039,37.3450,37.3500,37.3400,37.3499,19200
1475519045,37.3600,37.3699,37.3420,37.3499,20200
1475519158,37.3600,37.3665,37.3600,37.3600,5100
1475519212,37.3565,37.3665,37.3550,37.3665,9800
1475519223,37.3435,37.3590,37.3435,37.3550,5800
1475519293,37.3443,37.3450,37.3350,37.3450,6500
1475519393,37.3418,37.3499,37.3400,37.3464,12400
1475519458,37.3490,37.3500,37.3350,37.3400,9800
1475519511,37.3400,37.3490,37.3350,37.3400,4400
1475519570,37.3350,37.3399,37.3300,37.3301,13400
1475519635,37.3400,37.3400,37.3300,37.3400,16100
1475519676,37.3400,37.3465,37.3400,37.3400,2800
1475519736,37.3440,37.3476,37.3440,37.3476,300
1475519785,37.3300,37.3437,37.3300,37.3414,14100
1475519878,37.3265,37.3300,37.3200,37.3300,10600
1475519882,37.3200,37.3289,37.3200,37.3289,3300
1475519943,37.3200,37.3260,37.3200,37.3200,5500
1475520058,37.3250,37.3300,37.3100,37.3100,817100
1475520065,37.3210,37.3250,37.3200,37.3200,7800
1475520179,37.3100,37.3250,37.3100,37.3250,12400
1475520239,37.3100,37.3200,37.3100,37.3150,4000
1475520296,37.3100,37.3200,37.3100,37.3150,4600
1475520304,37.3250,37.3300,37.3100,37.3150,12900
1475520419,37.3247,37.3260,37.3200,37.3200,3500
1475520478,37.3100,37.3200,37.3100,37.3200,4600
1475520520,37.3200,37.3210,37.3150,37.3150,2200
1475520545,37.3201,37.3300,37.3200,37.3200,8300
1475520603,37.3100,37.3300,37.3100,37.3247,12500
1475520715,37.3100,37.3165,37.3038,37.3100,16100
1475520779,37.3100,37.3200,37.3100,37.3100,2600
1475520839,37.3100,37.3199,37.3100,37.3165,7600
1475520842,37.3100,37.3100,37.3100,37.3100,3400
1475520901,37.3050,37.3168,37.3000,37.3143,6300
1475520963,37.2990,37.3000,37.2900,37.3000,22700
1475521079,37.3050,37.3100,37.2900,37.2900,8400
1475521080,37.3200,37.3200,37.3000,37.3050,11300
1475521147,37.3100,37.3200,37.3100,37.3158,5700
1475521257,37.3150,37.3200,37.3101,37.3150,7000
1475521318,37.3100,37.3183,37.3100,37.3150,5100
1475521329,37.3150,37.3200,37.3100,37.3150,23600
1475521383,37.3135,37.3200,37.3100,37.3100,17800
1475521448,37.3000,37.3150,37.3000,37.3150,12700
1475521500,37.3150,37.3150,37.3050,37.3065,6900
1475521560,37.3100,37.3188,37.3100,37.3100,3300
1475521677,37.3100,37.3190,37.3100,37.3100,4500
1475521739,37.3250,37.3299,37.3100,37.3128,28000
1475521798,37.3190,37.3250,37.3137,37.3200,4700
1475521859,37.3100,37.3164,37.3100,37.3100,9100
1475521917,37.3151,37.3200,37.3100,37.3150,16700
1475521974,37.3100,37.3300,37.3100,37.3101,42000
1475522033,37.3200,37.3200,37.3100,37.3150,14900
1475522090,37.3200,37.3290,37.3200,37.3250,3900
1475522138,37.3263,37.3263,37.3200,37.3200,7400
1475522212,37.3250,37.3287,37.3200,37.3266,2600
1475522235,37.3250,37.3300,37.3200,37.3200,13000
1475522339,37.3200,37.3287,37.3200,37.3256,5300
1475522392,37.3250,37.3300,37.3200,37.3250,5100
1475522459,37.3250,37.3300,37.3200,37.3200,4800
1475522460,37.3200,37.3265,37.3200,37.3250,8000
1475522572,37.3245,37.3250,37.3200,37.3250,1900
1475522588,37.3250,37.3250,37.3200,37.3210,2800
1475522640,37.3238,37.3300,37.3200,37.3200,5700
1475522749,37.3250,37.3250,37.3100,37.3200,30500
1475522818,37.3250,37.3300,37.3200,37.3201,6600
1475522860,37.3110,37.3200,37.3100,37.3200,12400
1475522939,37.3200,37.3200,37.3100,37.3163,6600
1475522944,37.3200,37.3250,37.3200,37.3200,3000
1475523003,37.3266,37.3266,37.3200,37.3200,3300
1475523062,37.3200,37.3300,37.3200,37.3200,14800
1475523121,37.3224,37.3300,37.3150,37.3260,18400
1475523237,37.3300,37.3400,37.3200,37.3250,21900
1475523240,37.3450,37.3450,37.3341,37.3350,10600
1475523301,37.3400,37.3500,37.3400,37.3400,6900
1475523364,37.3450,37.3485,37.3400,37.3450,5000
1475523434,37.3500,37.3550,37.3400,37.3429,18200
1475523508,37.3550,37.3581,37.3500,37.3500,1600
1475523540,37.3566,37.3566,37.3500,37.3500,3500
1475523655,37.3550,37.3550,37.3500,37.3500,5500
1475523717,37.3643,37.3700,37.3500,37.3550,24900
1475523772,37.3850,37.3900,37.3633,37.3633,8100
1475523835,37.3700,37.3895,37.3700,37.3801,14200
1475523897,37.3750,37.3800,37.3750,37.3800,2800
1475523920,37.3701,37.3796,37.3701,37.3790,6100
1475523970,37.3700,37.3800,37.3700,37.3800,29800
1475524079,37.3650,37.3685,37.3600,37.3600,15000
1475524084,37.3650,37.3700,37.3600,37.3650,31400
1475524195,37.3650,37.3700,37.3610,37.3657,17100
1475524254,37.3679,37.3700,37.3600,37.3650,6600
1475524260,37.3614,37.3700,37.3614,37.3650,6200
1475524322,37.3650,37.3700,37.3650,37.3650,8200
1475524438,37.3650,37.3700,37.3600,37.3653,6700
1475524496,37.3700,37.3754,37.3631,37.3650,26000
1475524503,37.3600,37.3790,37.3550,37.3700,20200
1475524562,37.3500,37.3590,37.3500,37.3550,11200
1475524675,37.3650,37.3650,37.3515,37.3550,37200
1475524686,37.3550,37.3600,37.3500,37.3600,16800
1475524746,37.3500,37.3600,37.3500,37.3600,1193400
1475524800,37.3400,37.3400,37.3400,37.3400,18600
