uri:/instrument/1.0/VRX/chartdata;type=quote;range=1d/csv
ticker:vrx
Company-Name:Valeant Pharmaceuticals Interna
Exchange-Name:NYQ
unit:MIN
timezone:EDT
currency:USD
gmtoffset:-14400
previous_close:23.6800
Timestamp:1475847000,1475870400
labels:1475848800,1475852400,1475856000,1475859600,1475863200,1475866800,1475870400
values:Timestamp,close,high,low,open,volume
close:22.9000,23.7790
high:22.9499,23.8200
low:22.9000,23.7414
open:22.9100,23.7700
volume:100,198200
1475847007,23.7761,23.7761,23.7414,23.7414,131500
1475847106,23.7100,23.7544,23.7100,23.7300,20500
1475847162,23.7500,23.8200,23.7125,23.7125,28800
1475847236,23.7790,23.7799,23.7100,23.7700,29000
1475847298,23.6500,23.7440,23.6500,23.7440,27700
1475847357,23.6119,23.6499,23.6100,23.6398,31000
1475847415,23.5560,23.6200,23.5000,23.6196,198200
1475847477,23.6000,23.6400,23.5300,23.5500,50100
1475847539,23.5100,23.6250,23.5000,23.6200,32000
1475847599,23.4700,23.5300,23.4700,23.5200,115900
1475847659,23.4999,23.5462,23.4100,23.4763,128500
1475847719,23.5700,23.6300,23.5010,23.5100,68200
1475847779,23.6800,23.6800,23.5350,23.5800,94400
1475847838,23.6156,23.6700,23.5596,23.6700,34200
1475847897,23.5500,23.6123,23.5100,23.6100,62100
1475847955,23.5200,23.5575,23.4950,23.5500,46400
1475848017,23.4423,23.5200,23.4100,23.5200,65900
1475848077,23.3788,23.4492,23.3700,23.4400,88700
1475848137,23.4400,23.4400,23.3567,23.3700,69400
1475848196,23.3700,23.4300,23.3400,23.4100,81900
1475848257,23.5048,23.5100,23.3700,23.3700,29800
1475848319,23.4600,23.5200,23.4600,23.5100,31500
1475848320,23.4563,23.4700,23.4000,23.4580,76900
1475848380,23.4365,23.5000,23.4200,23.4600,41800
1475848499,23.4400,23.4750,23.4200,23.4350,53500
1475848556,23.4300,23.4700,23.4250,23.4399,16700
1475848619,23.3599,23.4463,23.3400,23.4300,60800
1475848677,23.3800,23.4350,23.3508,23.3508,87800
1475848739,23.4101,23.4101,23.3700,23.3900,30100
1475848799,23.3800,23.4300,23.3700,23.4200,23900
1475848806,23.2656,23.3899,23.2500,23.3899,166500
1475848861,23.2700,23.3100,23.2300,23.2700,99500
1475848979,23.2400,23.2900,23.2400,23.2700,65500
1475849039,23.2800,23.3011,23.2300,23.2300,47000
1475849040,23.2559,23.3100,23.2430,23.2900,46600
1475849159,23.2100,23.2600,23.2100,23.2500,71200
1475849218,23.1900,23.2199,23.1700,23.2100,131600
1475849279,23.1300,23.1800,23.1100,23.1700,124300
1475849337,23.1350,23.1500,23.1070,23.1142,96600
1475849399,23.1000,23.1700,23.0900,23.1350,187000
1475849400,23.1580,23.1771,23.1000,23.1050,68300
1475849514,23.1100,23.1550,23.1000,23.1550,79100
1475849520,23.1500,23.1700,23.0800,23.1041,137900
1475849639,23.1089,23.1500,23.0700,23.1500,69600
1475849698,23.0600,23.1089,23.0600,23.1089,63000
1475849759,23.0500,23.1000,23.0500,23.0663,63700
1475849819,23.0350,23.0600,23.0300,23.0500,61100
1475849879,22.9641,23.0400,22.9600,23.0400,193500
1475849939,22.9000,22.9710,22.9000,22.9600,121000
1475849999,22.9480,22.9550,22.9000,22.9100,158600
1475850059,22.9800,22.9800,22.9100,22.9443,116400
1475850119,23.0950,23.0950,22.9700,22.9795,115400
1475850179,23.1300,23.1400,23.0700,23.0901,116700
1475850238,23.1000,23.1400,23.0831,23.1350,45200
1475850299,23.0625,23.1100,23.0600,23.1000,41500
1475850359,23.0900,23.1500,23.0600,23.0700,101700
1475850360,23.1900,23.1900,23.0900,23.0900,97700
1475850479,23.1900,23.2100,23.1599,23.1900,97300
1475850539,23.1900,23.2100,23.1800,23.1900,93700
1475850599,23.1950,23.2200,23.1800,23.1950,128000
1475850656,23.1960,23.2200,23.1900,23.2000,44100
1475850719,23.2300,23.2500,23.1950,23.2000,68100
1475850779,23.2162,23.2300,23.2100,23.2300,13000
1475850837,23.1300,23.2150,23.1200,23.2100,64100
1475850899,23.1050,23.1300,23.1000,23.1300,37100
1475850955,23.1050,23.1200,23.1000,23.1100,19900
1475851019,23.0500,23.1099,23.0482,23.1010,47600
1475851079,23.0001,23.0500,23.0000,23.0500,49800
1475851081,23.1100,23.1100,23.0000,23.0100,38000
1475851140,23.1400,23.1500,23.1074,23.1100,34800
1475851202,23.1500,23.1500,23.1300,23.1300,46800
1475851318,23.1600,23.1700,23.1500,23.1500,33400
1475851320,23.1100,23.1600,23.0900,23.1600,76500
1475851439,23.1300,23.1300,23.1000,23.1100,40300
1475851499,23.0500,23.1400,23.0486,23.1400,32100
1475851503,23.0400,23.0600,23.0200,23.0570,17600
1475851619,23.0580,23.0600,23.0300,23.0348,15800
1475851677,22.9999,23.0500,22.9800,23.0500,53400
1475851734,22.9600,22.9999,22.9500,22.9950,30300
1475851796,22.9900,22.9996,22.9547,22.9600,68600
1475851800,23.0200,23.0200,22.9850,22.9850,59600
1475851867,23.0050,23.0500,23.0000,23.0250,23900
1475851921,23.0000,23.0100,22.9900,23.0000,69700
1475852039,23.0500,23.0500,23.0000,23.0000,38300
1475852099,23.0759,23.0900,23.0582,23.0582,45700
1475852157,23.0600,23.1000,23.0502,23.0901,47300
1475852218,23.0600,23.0600,23.0300,23.0557,28100
1475852277,23.0550,23.0700,23.0400,23.0600,10900
1475852339,23.0225,23.0580,23.0200,23.0550,13900
1475852398,23.0400,23.0400,23.0100,23.0300,17600
1475852400,23.0450,23.0733,23.0390,23.0400,40700
1475852466,23.0600,23.0600,23.0400,23.0400,8700
1475852522,23.0389,23.0750,23.0389,23.0600,22200
1475852637,23.0400,23.0400,23.0300,23.0300,12300
1475852698,23.0900,23.0900,23.0300,23.0350,34900
1475852700,23.0951,23.1200,23.0900,23.0900,47200
1475852762,23.0900,23.1000,23.0800,23.0900,17500
1475852877,23.1300,23.1300,23.0600,23.0850,45100
1475852937,23.1400,23.1400,23.1200,23.1400,26100
1475852998,23.1600,23.1600,23.1300,23.1340,34100
1475853002,23.2000,23.2100,23.1700,23.1700,39900
1475853070,23.1400,23.2100,23.1400,23.2080,51200
1475853125,23.1200,23.1350,23.1100,23.1300,43400
1475853238,23.0800,23.1100,23.0748,23.1100,15000
1475853295,23.0400,23.0800,23.0300,23.0800,56500
1475853358,23.0750,23.0800,23.0400,23.0400,22500
1475853365,23.0600,23.1100,23.0600,23.0762,70000
1475853478,23.0350,23.0800,23.0300,23.0700,37300
1475853537,23.0100,23.0400,23.0000,23.0300,61800
1475853542,23.0100,23.0300,23.0100,23.0100,24200
1475853602,23.0200,23.0200,23.0100,23.0169,15300
1475853662,23.0200,23.0200,23.0100,23.0100,15000
1475853779,23.0700,23.0800,23.0200,23.0200,52900
1475853832,23.0499,23.0700,23.0400,23.0659,12600
1475853899,23.0500,23.0600,23.0354,23.0500,23800
1475853904,23.0341,23.0484,23.0300,23.0466,12100
1475854015,23.0320,23.0366,23.0300,23.0360,7100
1475854063,23.0463,23.0500,23.0300,23.0300,10700
1475854139,23.0590,23.0600,23.0300,23.0410,16700
1475854146,23.0800,23.0900,23.0500,23.0534,25300
1475854257,23.0800,23.0900,23.0800,23.0834,10400
1475854308,23.1100,23.1200,23.1001,23.1100,27300
1475854367,23.0900,23.1069,23.0850,23.1069,31400
1475854437,23.1199,23.1200,23.1000,23.1100,15100
1475854444,23.0900,23.1150,23.0650,23.1100,88000
1475854559,23.0750,23.0800,23.0700,23.0800,6800
1475854616,23.0500,23.0700,23.0500,23.0700,131600
1475854624,23.1200,23.1300,23.0500,23.0600,41300
1475854682,23.1600,23.1600,23.1200,23.1200,36100
1475854797,23.1710,23.1900,23.1600,23.1634,21600
1475854859,23.1600,23.1799,23.1600,23.1700,16200
1475854860,23.1450,23.1674,23.1400,23.1640,26100
1475854939,23.1110,23.1300,23.1100,23.1300,25400
1475854986,23.1150,23.1200,23.1000,23.1100,23900
1475855043,23.1100,23.1150,23.1090,23.1100,18200
1475855157,23.1100,23.1200,23.1000,23.1200,34200
1475855215,23.0899,23.1100,23.0700,23.1100,13900
1475855279,23.0600,23.0800,23.0510,23.0800,28400
1475855338,23.0859,23.0859,23.0541,23.0600,24600
1475855397,23.0699,23.0850,23.0600,23.0850,30700
1475855458,23.0500,23.0700,23.0400,23.0680,47100
1475855515,23.0600,23.0700,23.0500,23.0500,28800
1475855524,23.1000,23.1000,23.0600,23.0651,48000
1475855623,23.1050,23.1200,23.1000,23.1000,20400
1475855693,23.0700,23.1051,23.0700,23.1051,5900
1475855759,23.0550,23.0800,23.0400,23.0800,24400
1475855805,23.0666,23.0666,23.0500,23.0500,6500
1475855825,23.0969,23.0969,23.0600,23.0647,15800
1475855935,23.0400,23.0950,23.0400,23.0950,21800
1475855995,23.0260,23.0400,22.9957,23.0400,38600
1475856059,23.1000,23.1000,23.0200,23.0200,26800
1475856062,23.0759,23.0900,23.0700,23.0900,17900
1475856178,23.0700,23.0900,23.0650,23.0700,12900
1475856181,23.0700,23.0759,23.0700,23.0700,3900
1475856295,23.0575,23.0900,23.0472,23.0700,25800
1475856302,23.0400,23.0600,23.0400,23.0500,9800
1475856415,23.0300,23.0400,23.0100,23.0300,34800
1475856478,23.0600,23.0600,23.0200,23.0200,6700
1475856535,23.0400,23.0800,23.0400,23.0600,19500
1475856540,23.0150,23.0400,23.0150,23.0400,21400
1475856656,23.0150,23.0150,23.0000,23.0100,15500
1475856716,23.0190,23.0200,23.0000,23.0159,40600
1475856720,23.0158,23.0200,23.0053,23.0200,13500
1475856835,23.0010,23.0199,23.0000,23.0159,15300
1475856897,23.0152,23.0152,23.0000,23.0100,35400
1475856958,23.0055,23.0100,22.9900,23.0100,19000
1475856963,23.0300,23.0390,23.0000,23.0049,36800
1475857077,23.0100,23.0200,23.0000,23.0200,29500
1475857139,23.0100,23.0100,23.0000,23.0100,28800
1475857198,23.0200,23.0250,23.0200,23.0200,11500
1475857259,22.9990,23.0200,22.9900,23.0200,27100
1475857270,23.0011,23.0100,22.9900,23.0000,17200
1475857328,23.0165,23.0300,23.0000,23.0100,22300
1475857384,22.9800,23.0150,22.9700,23.0100,79000
1475857441,22.9600,22.9800,22.9600,22.9800,17500
1475857501,22.9860,22.9900,22.9600,22.9620,17000
1475857613,22.9800,23.0000,22.9800,22.9900,10800
1475857621,22.9950,22.9950,22.9700,22.9700,6800
1475857684,22.9950,23.0100,22.9800,23.0000,19800
1475857799,23.0199,23.0199,22.9980,22.9980,14300
1475857857,23.0350,23.0450,23.0100,23.0100,42000
1475857919,23.0664,23.0664,23.0300,23.0351,32900
1475857923,23.0700,23.0800,23.0600,23.0650,16500
1475858039,23.0600,23.0788,23.0600,23.0700,16700
1475858099,23.0310,23.0693,23.0300,23.0693,26300
1475858159,23.0000,23.0300,23.0000,23.0300,20300
1475858211,23.0100,23.0200,22.9900,23.0000,9600
1475858277,23.0000,23.0300,22.9920,23.0100,36200
1475858282,22.9600,22.9900,22.9600,22.9900,39800
1475858340,22.9700,22.9750,22.9610,22.9647,13600
1475858458,22.9634,22.9850,22.9634,22.9700,32200
1475858514,22.9950,22.9990,22.9699,22.9699,19700
1475858577,22.9700,22.9910,22.9700,22.9910,19700
1475858634,22.9600,22.9750,22.9500,22.9700,21300
1475858646,22.9600,22.9700,22.9600,22.9700,7200
1475858757,22.9740,22.9784,22.9600,22.9650,12500
1475858816,22.9850,22.9900,22.9700,22.9800,26200
1475858823,23.0000,23.0100,22.9900,22.9956,24900
1475858938,23.0000,23.0100,22.9900,23.0000,26000
1475858998,22.9950,22.9977,22.9750,22.9900,12100
1475859017,23.0000,23.0000,22.9800,22.9900,21900
1475859062,23.0100,23.0100,23.0000,23.0000,10500
1475859179,22.9900,23.0060,22.9900,23.0000,13800
1475859237,22.9700,22.9899,22.9700,22.9888,12700
1475859297,22.9756,22.9800,22.9700,22.9762,5300
1475859356,22.9900,22.9900,22.9600,22.9700,20600
1475859416,22.9800,23.0000,22.9800,22.9800,14000
1475859479,22.9500,22.9900,22.9500,22.9837,12700
1475859481,22.9789,22.9900,22.9500,22.9533,19600
1475859562,22.9800,22.9800,22.9700,22.9700,7500
1475859656,22.9600,22.9800,22.9600,22.9800,17900
1475859716,22.9900,22.9900,22.9600,22.9600,9600
1475859767,22.9590,22.9895,22.9590,22.9850,46500
1475859833,22.9600,22.9663,22.9565,22.9588,8600
1475859899,22.9600,22.9700,22.9600,22.9601,9300
1475859907,22.9570,22.9600,22.9500,22.9600,11500
1475860017,22.9511,22.9600,22.9500,22.9550,14100
1475860076,22.9759,22.9850,22.9570,22.9570,16200
1475860139,22.9850,22.9900,22.9700,22.9730,7400
1475860146,23.0000,23.0200,22.9900,22.9900,23200
1475860202,23.0100,23.0300,23.0000,23.0000,17300
1475860267,23.0100,23.0100,23.0000,23.0000,1000
1475860374,23.0000,23.0100,23.0000,23.0000,5300
1475860380,23.0083,23.0200,23.0066,23.0100,13400
1475860440,23.0000,23.0100,23.0000,23.0000,5800
1475860556,23.0400,23.0400,23.0000,23.0050,12500
1475860611,23.0501,23.0501,23.0250,23.0400,30700
1475860675,23.0400,23.0550,23.0400,23.0550,4500
1475860683,23.0390,23.0400,23.0299,23.0400,13000
1475860796,23.0388,23.0600,23.0300,23.0400,16800
1475860854,23.0665,23.0700,23.0350,23.0350,23400
1475860861,23.0600,23.0800,23.0500,23.0650,18400
1475860925,23.0100,23.0337,23.0000,23.0337,26000
1475860986,23.0300,23.0300,23.0100,23.0101,8600
1475861094,23.0100,23.0200,23.0000,23.0200,14600
1475861157,23.0100,23.0200,22.9900,23.0000,28400
1475861169,23.0200,23.0300,23.0100,23.0200,21200
1475861279,23.0060,23.0400,23.0000,23.0400,23200
1475861338,23.0200,23.0200,22.9966,23.0000,10800
1475861349,23.0400,23.0400,23.0266,23.0266,5800
1475861453,23.0599,23.0599,23.0377,23.0377,8800
1475861469,23.0400,23.0600,23.0400,23.0550,25300
1475861579,23.0500,23.0500,23.0400,23.0450,10500
1475861580,23.0900,23.0900,23.0542,23.0542,19400
1475861698,23.0908,23.1159,23.0830,23.0850,47100
1475861701,23.1150,23.1200,23.0900,23.1000,37100
1475861816,23.1200,23.1400,23.1001,23.1150,49300
1475861876,23.0950,23.1201,23.0800,23.1100,21500
1475861938,23.1014,23.1200,23.0750,23.0810,70200
1475861941,23.0800,23.1000,23.0800,23.1000,5300
1475862059,23.0871,23.0900,23.0650,23.0800,29300
1475862115,23.1150,23.1250,23.0863,23.0900,67100
1475862177,23.0974,23.1168,23.0974,23.1168,11400
1475862239,23.0610,23.0900,23.0600,23.0900,25100
1475862254,23.0399,23.0700,23.0350,23.0550,50700
1475862359,23.0300,23.0300,23.0300,23.0300,100
1475862413,23.0200,23.0399,23.0200,23.0301,34900
1475862473,23.0101,23.0200,23.0100,23.0200,5200
1475862480,22.9800,23.0198,22.9800,23.0100,47800
1475862541,23.0000,23.0100,22.9800,22.9800,15800
1475862610,23.0000,23.0000,22.9937,22.9937,2300
1475862716,22.9600,23.0000,22.9600,23.0000,36200
1475862721,22.9389,22.9700,22.9300,22.9700,53900
1475862782,22.9800,22.9800,22.9400,22.9400,19200
1475862847,23.0000,23.0099,22.9800,22.9800,13300
1475862909,22.9900,23.0000,22.9899,22.9900,22800
1475862981,23.0050,23.0100,22.9956,22.9956,6400
1475863034,22.9700,23.0000,22.9700,23.0000,13000
1475863086,23.0000,23.0000,22.9750,22.9789,8100
1475863195,22.9855,23.0000,22.9800,23.0000,9100
1475863253,22.9760,22.9850,22.9700,22.9800,17300
1475863263,22.9600,22.9800,22.9600,22.9700,8100
1475863325,22.9500,22.9683,22.9500,22.9683,4700
1475863433,22.9607,22.9607,22.9400,22.9500,31100
1475863441,22.9699,22.9900,22.9600,22.9659,12900
1475863510,22.9602,22.9699,22.9600,22.9600,7900
1475863565,22.9650,22.9700,22.9600,22.9640,6000
1475863670,22.9335,22.9650,22.9300,22.9600,16000
1475863680,22.9660,22.9693,22.9300,22.9300,26500
1475863746,22.9900,22.9900,22.9667,22.9700,15100
1475863849,23.0000,23.0100,22.9950,22.9950,25600
1475863863,23.0100,23.0100,23.0000,23.0000,5600
1475863975,23.0302,23.0400,23.0000,23.0100,15300
1475864025,23.0300,23.0500,23.0200,23.0400,19000
1475864095,23.0200,23.0300,23.0200,23.0300,9800
1475864152,23.0299,23.0380,23.0250,23.0250,9300
1475864161,23.0438,23.0450,23.0200,23.0300,14300
1475864274,23.0200,23.0600,23.0200,23.0456,11300
1475864335,23.0240,23.0302,23.0190,23.0190,9100
1475864390,23.0200,23.0299,23.0200,23.0299,1900
1475864412,23.0451,23.0472,23.0100,23.0200,21500
1475864503,23.0500,23.0600,23.0410,23.0500,9700
1475864529,23.0400,23.0499,23.0400,23.0499,5100
1475864633,23.0335,23.0362,23.0300,23.0350,7700
1475864640,23.0400,23.0462,23.0350,23.0360,13200
1475864723,23.0350,23.0438,23.0300,23.0438,4400
1475864813,23.0250,23.0400,23.0250,23.0300,5100
1475864879,23.0300,23.0300,23.0200,23.0200,19000
1475864925,23.0000,23.0200,23.0000,23.0200,14100
1475864997,22.9863,23.0001,22.9863,23.0000,18400
1475865004,23.0100,23.0100,22.9800,22.9802,46400
1475865116,23.0100,23.0200,23.0100,23.0199,2900
1475865128,22.9900,23.0100,22.9900,23.0100,10300
1475865183,23.0000,23.0000,22.9900,22.9950,7400
1475865297,23.0050,23.0060,22.9900,23.0000,16800
1475865355,22.9950,23.0000,22.9910,23.0000,8400
1475865417,22.9877,22.9900,22.9800,22.9900,7000
1475865477,22.9650,22.9800,22.9600,22.9800,26600
1475865526,22.9500,22.9650,22.9500,22.9650,8700
1475865599,22.9466,22.9500,22.9300,22.9500,18900
1475865658,22.9665,22.9665,22.9437,22.9499,10500
1475865664,22.9400,22.9695,22.9400,22.9651,10600
1475865725,22.9600,22.9661,22.9500,22.9500,19600
1475865836,22.9800,22.9800,22.9648,22.9682,9300
1475865897,22.9601,22.9750,22.9600,22.9750,4800
1475865911,22.9350,22.9600,22.9200,22.9600,75900
1475865992,22.9450,22.9499,22.9435,22.9435,1700
1475866078,22.9450,22.9500,22.9400,22.9500,7100
1475866080,22.9500,22.9600,22.9489,22.9500,16800
1475866140,22.9600,22.9600,22.9400,22.9400,11200
1475866259,22.9800,22.9800,22.9500,22.9600,12500
1475866319,22.9800,22.9800,22.9700,22.9750,22200
1475866376,22.9900,22.9900,22.9700,22.9700,7200
1475866437,22.9850,23.0000,22.9800,22.9900,21100
1475866441,23.0100,23.0100,22.9860,22.9900,15600
1475866558,23.0100,23.0100,23.0000,23.0090,4700
1475866560,23.0150,23.0200,23.0000,23.0100,17900
1475866673,23.0170,23.0200,23.0100,23.0100,6500
1475866685,23.0000,23.0199,23.0000,23.0100,9100
1475866792,23.0100,23.0150,23.0000,23.0060,10000
1475866803,23.0200,23.0250,23.0100,23.0100,49100
1475866915,23.0000,23.0200,23.0000,23.0200,15300
1475866978,23.0000,23.0100,23.0000,23.0011,5400
1475866983,23.0000,23.0100,23.0000,23.0000,7800
1475867040,23.0000,23.0090,23.0000,23.0050,9200
1475867159,23.0050,23.0053,23.0000,23.0000,6400
1475867219,23.0100,23.0101,23.0000,23.0000,27700
1475867278,23.0100,23.0200,23.0100,23.0100,7400
1475867331,23.0100,23.0200,23.0100,23.0100,2600
1475867395,23.0150,23.0200,23.0100,23.0100,6500
1475867457,23.0111,23.0200,23.0100,23.0100,8400
1475867511,23.0200,23.0200,23.0100,23.0200,1800
1475867578,23.0150,23.0200,23.0100,23.0100,3200
1475867639,23.0400,23.0400,23.0100,23.0100,23400
1475867646,23.0500,23.0500,23.0300,23.0300,16700
1475867759,23.0500,23.0500,23.0400,23.0500,4400
1475867817,23.0400,23.0500,23.0300,23.0500,24500
1475867868,23.0399,23.0400,23.0300,23.0300,20100
1475867932,23.0400,23.0400,23.0300,23.0400,7800
1475867998,23.0350,23.0400,23.0300,23.0400,9900
1475868055,23.0400,23.0400,23.0300,23.0350,6500
1475868114,23.0500,23.0500,23.0300,23.0400,12700
1475868178,23.0450,23.0500,23.0400,23.0450,3800
1475868239,23.0550,23.0550,23.0400,23.0492,21100
1475868299,23.0750,23.0750,23.0500,23.0550,27000
1475868357,23.0700,23.0800,23.0600,23.0735,23800
1475868419,23.0900,23.0900,23.0700,23.0700,13300
1475868478,23.0900,23.1000,23.0800,23.0801,15400
1475868531,23.1100,23.1200,23.0800,23.0950,93300
1475868587,23.1207,23.1400,23.1123,23.1123,30000
1475868659,23.2000,23.2100,23.1200,23.1299,102300
1475868719,23.1700,23.2050,23.1500,23.2050,61500
1475868721,23.1900,23.1900,23.1600,23.1634,35900
1475868834,23.2000,23.2000,23.1800,23.1800,27200
1475868899,23.2300,23.2300,23.1950,23.2000,51600
1475868958,23.2890,23.2890,23.2200,23.2300,131600
1475869019,23.2900,23.3200,23.2720,23.2800,81600
1475869078,23.2800,23.3200,23.2800,23.2901,68500
1475869139,23.2900,23.2900,23.2800,23.2810,39200
1475869140,23.2900,23.2900,23.2800,23.2850,41700
1475869256,23.2900,23.2900,23.2800,23.2900,21800
1475869319,23.2900,23.2900,23.2800,23.2900,39900
1475869376,23.2433,23.2850,23.2200,23.2850,120000
1475869439,23.2800,23.2800,23.2500,23.2500,24200
1475869442,23.2700,23.2800,23.2601,23.2705,40300
1475869557,23.2453,23.2500,23.2400,23.2410,13400
1475869617,23.2150,23.2600,23.2150,23.2400,33900
1475869678,23.2115,23.2200,23.1800,23.2100,64000
1475869684,23.2010,23.2299,23.1800,23.2200,36100
1475869794,23.1900,23.2200,23.1900,23.2170,44700
1475869859,23.1800,23.2099,23.1800,23.2000,76500
1475869860,23.1900,23.1900,23.1750,23.1886,54300
1475869974,23.1950,23.2100,23.1850,23.1900,54000
1475870037,23.2250,23.2300,23.1950,23.1950,52900
1475870098,23.2150,23.2200,23.2100,23.2150,31000
1475870106,23.2000,23.2100,23.1700,23.1900,166300
1475870217,23.1950,23.2100,23.1900,23.2050,60500
1475870278,23.1850,23.1950,23.1800,23.1900,147300
1475870337,23.1834,23.2000,23.1800,23.1962,126800
1475870341,23.1600,23.1900,23.1500,23.1850,192500
1475870400,23.1600,23.1600,23.1600,23.1600,138700
