uri:/instrument/1.0/SCHB/chartdata;type=quote;range=1d/csv
ticker:schb
Company-Name:Schwab U.S. Broad Market ETF
Exchange-Name:PCX
unit:MIN
timezone:EDT
currency:USD
gmtoffset:-14400
previous_close:52.1200
Timestamp:1475847000,1475870400
labels:1475848800,1475852400,1475856000,1475859600,1475863200,1475866800,1475870400
values:Timestamp,close,high,low,open,volume
close:51.7400,52.2300
high:51.7500,52.2300
low:51.7269,52.2300
open:51.7269,52.2300
volume:0,37900
1475847000,52.2200,52.2200,52.1800,52.1800,14000
1475847107,52.1810,52.1810,52.1810,52.1810,2500
1475847127,52.1600,52.1600,52.1600,52.1600,3300
1475847190,52.2300,52.2300,52.2300,52.2300,100
1475847247,52.1500,52.1800,52.1500,52.1800,300
1475847348,52.1400,52.1400,52.1000,52.1300,5200
1475847362,52.1000,52.1156,52.1000,52.1156,2500
1475847459,52.1220,52.1220,52.1184,52.1184,300
1475847486,52.1100,52.1100,52.1100,52.1100,500
1475847549,52.1600,52.1600,52.1168,52.1168,2000
1475847651,52.1200,52.1300,52.1200,52.1300,600
1475847749,52.1000,52.1200,52.1000,52.1104,400
1475847846,52.0400,52.0700,52.0400,52.0700,2800
1475847995,52.0200,52.0400,52.0200,52.0400,700
1475848038,51.9800,52.0100,51.9800,52.0100,1200
1475848122,52.0200,52.0200,52.0200,52.0200,2300
1475848198,51.9800,51.9800,51.9700,51.9800,1500
1475848216,51.9680,51.9680,51.9540,51.9540,200
1475848260,52.0000,52.0000,51.9820,51.9900,1700
1475848382,52.0158,52.0297,52.0100,52.0297,800
1475848441,52.0300,52.0300,52.0100,52.0100,1000
1475848542,52.0400,52.0400,52.0400,52.0400,100
1475848611,52.0000,52.0000,52.0000,52.0000,1000
1475848706,52.0120,52.0120,52.0120,52.0120,400
1475848944,52.0201,52.0499,52.0201,52.0499,1600
1475848982,52.0200,52.0200,52.0000,52.0000,200
1475849242,52.0399,52.0399,52.0399,52.0399,1000
1475849336,52.0400,52.0600,52.0400,52.0600,1100
1475849386,52.0600,52.0600,52.0300,52.0300,300
1475849480,52.0700,52.0700,52.0700,52.0700,300
1475849577,52.0701,52.0880,52.0701,52.0880,400
1475849604,52.0804,52.0890,52.0804,52.0890,400
1475849676,52.0740,52.0740,52.0740,52.0740,100
1475849745,52.0700,52.0700,52.0700,52.0700,3100
1475849905,52.0399,52.0440,52.0100,52.0440,2200
1475849946,52.0416,52.0416,52.0316,52.0316,500
1475850003,52.0300,52.0340,52.0200,52.0340,3200
1475850065,52.0300,52.0300,52.0300,52.0300,200
1475850155,52.0200,52.0395,52.0200,52.0395,600
1475850254,52.0201,52.0409,52.0201,52.0409,1100
1475850487,52.0320,52.0500,52.0320,52.0500,800
1475850763,52.0200,52.0200,52.0200,52.0200,100
1475850794,52.0218,52.0218,52.0218,52.0218,800
1475850845,52.0099,52.0099,52.0000,52.0000,600
1475850907,51.9900,51.9900,51.9900,51.9900,600
1475851078,51.9800,51.9900,51.9800,51.9900,600
1475851085,52.0200,52.0200,51.9800,51.9800,600
1475851155,52.0200,52.0200,52.0120,52.0120,600
1475851266,52.0400,52.0410,52.0400,52.0410,700
1475851335,52.0599,52.0599,52.0584,52.0584,700
1475851474,52.0300,52.0401,52.0300,52.0401,1600
1475851613,52.0300,52.0300,52.0160,52.0160,400
1475851645,52.0299,52.0299,52.0299,52.0299,900
1475851729,52.0204,52.0204,52.0204,52.0204,700
1475851827,52.0484,52.0484,52.0484,52.0484,900
1475851993,52.0299,52.0299,52.0200,52.0200,300
1475852061,52.0300,52.0300,52.0300,52.0300,400
1475852126,51.9999,51.9999,51.9904,51.9904,6300
1475852470,51.9720,51.9800,51.9720,51.9800,600
1475852605,51.9804,51.9804,51.9804,51.9804,100
1475852681,51.9700,51.9700,51.9690,51.9690,400
1475852834,51.9800,51.9800,51.9800,51.9800,1600
1475852940,51.9940,51.9940,51.9940,51.9940,200
1475853037,52.0000,52.0000,52.0000,52.0000,200
1475853152,52.0080,52.0080,51.9960,51.9960,1100
1475853297,52.0000,52.0000,52.0000,52.0000,400
1475853333,51.9920,52.0004,51.9880,52.0004,3400
1475853468,52.0124,52.0200,52.0120,52.0180,500
1475853495,52.0200,52.0200,52.0200,52.0200,100
1475853552,52.0200,52.0200,52.0200,52.0200,1000
1475853729,52.0160,52.0160,52.0160,52.0160,500
1475853797,52.0200,52.0200,52.0200,52.0200,100
1475853936,52.0010,52.0010,52.0000,52.0000,2100
1475853964,51.9970,51.9970,51.9970,51.9970,200
1475854024,51.9900,51.9900,51.9900,51.9900,500
1475854169,51.9852,51.9852,51.9852,51.9852,300
1475854276,52.0000,52.0000,52.0000,52.0000,2300
1475854320,51.9610,51.9800,51.9610,51.9800,900
1475854431,51.9600,51.9600,51.9600,51.9600,100
1475854491,51.9200,51.9500,51.9100,51.9500,1700
1475854508,51.9100,51.9100,51.9100,51.9100,400
1475854574,51.8900,51.9000,51.8900,51.9000,4700
1475854660,51.8800,51.8800,51.8800,51.8800,100
1475854711,51.8500,51.8760,51.8500,51.8720,700
1475854799,51.8510,51.8590,51.8510,51.8540,5100
1475854892,51.8500,51.8500,51.8500,51.8500,200
1475854939,51.8300,51.8300,51.8300,51.8300,200
1475855039,51.8180,51.8200,51.8180,51.8200,400
1475855081,51.8000,51.8200,51.8000,51.8160,1000
1475855157,51.7800,51.8000,51.7800,51.8000,2500
1475855173,51.7500,51.7760,51.7400,51.7760,1300
1475855342,51.7500,51.7500,51.7352,51.7500,1300
1475855437,51.7400,51.7500,51.7400,51.7500,1500
1475855579,51.7600,51.7600,51.7269,51.7269,300
1475855580,51.7700,51.7700,51.7700,51.7700,2100
1475855645,51.7804,51.7900,51.7804,51.7900,2900
1475855741,51.7900,51.7900,51.7900,51.7900,700
1475855861,51.8000,51.8000,51.8000,51.8000,100
1475855883,51.8016,51.8100,51.8016,51.8100,1300
1475855975,51.7880,51.8000,51.7781,51.7920,700
1475856020,51.8900,51.8900,51.8200,51.8200,2300
1475856076,51.8500,51.8600,51.8500,51.8520,1600
1475856159,51.8190,51.8190,51.8190,51.8190,700
1475856363,51.8000,51.8000,51.7780,51.7800,4500
1475856442,51.8000,51.8100,51.8000,51.8100,1300
1475856511,51.8200,51.8200,51.8200,51.8200,200
1475856668,51.8000,51.8000,51.8000,51.8000,100
1475856757,51.7800,51.7800,51.7800,51.7800,200
1475856810,51.8000,51.8000,51.8000,51.8000,100
1475856841,51.8100,51.8100,51.8100,51.8100,1200
1475857076,51.7800,51.7800,51.7800,51.7800,100
1475857111,51.7800,51.7800,51.7700,51.7750,8300
1475857255,51.7690,51.7690,51.7690,51.7690,200
1475857260,51.7681,51.7681,51.7600,51.7600,1400
1475857378,51.8000,51.8000,51.8000,51.8000,400
1475857407,51.7800,51.8000,51.7700,51.8000,1400
1475857483,51.7620,51.7719,51.7620,51.7719,1400
1475857509,51.7600,51.7600,51.7600,51.7600,1300
1475857586,51.7752,51.7752,51.7752,51.7752,800
1475857691,51.7700,51.7700,51.7700,51.7700,100
1475857831,51.7900,51.7900,51.7900,51.7900,200
1475857906,51.7900,51.8020,51.7900,51.7900,2900
1475857963,51.7820,51.7820,51.7700,51.7800,900
1475858061,51.8000,51.8000,51.8000,51.8000,1500
1475858123,51.7700,51.7700,51.7700,51.7700,200
1475858269,51.7800,51.7800,51.7800,51.7800,400
1475858285,51.7800,51.7800,51.7800,51.7800,1400
1475858366,51.7505,51.7600,51.7500,51.7600,500
1475858420,51.7700,51.7700,51.7700,51.7700,2700
1475858520,51.7620,51.7620,51.7620,51.7620,100
1475858614,51.7590,51.7590,51.7590,51.7590,300
1475858643,51.7640,51.7640,51.7600,51.7600,2700
1475858732,51.7660,51.7700,51.7660,51.7661,500
1475858799,51.7900,51.7900,51.7700,51.7700,3400
1475858822,51.8100,51.8100,51.8100,51.8100,800
1475858923,51.8300,51.8300,51.8300,51.8300,200
1475859098,51.8148,51.8200,51.8148,51.8200,400
1475859149,51.8180,51.8180,51.8180,51.8180,100
1475859228,51.8280,51.8280,51.8280,51.8280,900
1475859320,51.8300,51.8300,51.8160,51.8160,400
1475859375,51.8100,51.8160,51.8100,51.8160,500
1475859521,51.8148,51.8148,51.8148,51.8148,100
1475859563,51.8200,51.8250,51.8200,51.8250,1000
1475859659,51.8280,51.8280,51.8280,51.8280,200
1475859671,51.8052,51.8200,51.8052,51.8120,3300
1475859742,51.7920,51.8010,51.7920,51.8000,700
1475859796,51.7800,51.7800,51.7800,51.7800,300
1475860008,51.8000,51.8020,51.8000,51.8020,1300
1475860106,51.8000,51.8000,51.8000,51.8000,400
1475860244,51.8260,51.8260,51.8196,51.8196,600
1475860369,51.8061,51.8180,51.8061,51.8180,300
1475860384,51.8100,51.8100,51.8100,51.8100,300
1475860502,51.8000,51.8000,51.8000,51.8000,100
1475860690,51.8100,51.8100,51.8100,51.8100,300
1475860836,51.8200,51.8200,51.8200,51.8200,300
1475860863,51.8190,51.8190,51.8190,51.8190,500
1475861111,51.8100,51.8100,51.8100,51.8100,1000
1475861216,51.8600,51.8600,51.8400,51.8400,1600
1475861311,51.8900,51.8900,51.8800,51.8800,500
1475861419,51.9100,51.9100,51.9100,51.9100,200
1475861468,51.9100,51.9200,51.9100,51.9140,1700
1475861613,51.9499,51.9500,51.9499,51.9500,900
1475861665,51.9600,51.9600,51.9600,51.9600,1100
1475861816,51.9604,51.9604,51.9604,51.9604,100
1475861839,51.9566,51.9566,51.9566,51.9566,3000
1475861938,51.9800,51.9800,51.9700,51.9700,500
1475861973,51.9740,51.9740,51.9740,51.9740,100
1475862058,52.0144,52.0144,51.9900,51.9900,2600
1475862080,52.0100,52.0100,52.0100,52.0100,300
1475862183,51.9890,51.9890,51.9800,51.9800,200
1475862274,51.9818,51.9818,51.9818,51.9818,100
1475862513,51.9700,51.9700,51.9700,51.9700,400
1475862587,51.9900,51.9900,51.9900,51.9900,100
1475862601,51.9848,51.9900,51.9848,51.9900,300
1475862818,51.9680,51.9680,51.9680,51.9680,1100
1475862934,51.9700,51.9700,51.9700,51.9700,400
1475863329,51.9860,51.9860,51.9860,51.9860,300
1475863652,51.9540,51.9562,51.9540,51.9562,200
1475863730,51.9500,51.9530,51.9500,51.9530,3500
1475863740,51.9340,51.9500,51.9340,51.9500,900
1475863800,51.9516,51.9516,51.9516,51.9516,100
1475863877,52.0000,52.0000,51.9901,51.9901,400
1475863920,52.0090,52.0090,52.0090,52.0090,1200
1475864086,52.0100,52.0100,52.0100,52.0100,200
1475864150,51.9910,51.9910,51.9910,51.9910,300
1475864272,51.9650,51.9900,51.9602,51.9900,1000
1475864315,51.9780,51.9780,51.9780,51.9780,100
1475864363,51.9800,51.9800,51.9760,51.9760,600
1475864456,51.9710,51.9820,51.9710,51.9820,4600
1475864484,51.9920,51.9920,51.9920,51.9920,200
1475864524,51.9960,52.0000,51.9960,52.0000,1700
1475864593,51.9810,51.9810,51.9810,51.9810,600
1475864652,51.9852,51.9852,51.9852,51.9852,400
1475864931,52.0000,52.0000,52.0000,52.0000,100
1475864953,51.9937,51.9963,51.9937,51.9963,700
1475865008,52.0000,52.0000,51.9900,51.9900,2300
1475865150,52.0000,52.0000,52.0000,52.0000,400
1475865180,52.0100,52.0100,52.0100,52.0100,600
1475865336,52.0180,52.0180,52.0180,52.0180,100
1475865431,51.9990,51.9990,51.9901,51.9901,400
1475865491,52.0099,52.0099,52.0099,52.0099,500
1475865604,52.0200,52.0200,52.0200,52.0200,300
1475865663,52.0100,52.0190,52.0048,52.0048,4300
1475865751,52.0000,52.0100,52.0000,52.0090,900
1475865785,52.0000,52.0000,52.0000,52.0000,100
1475865845,52.0042,52.0100,52.0042,52.0100,300
1475865948,52.0298,52.0298,52.0298,52.0298,18400
1475865962,52.0300,52.0300,52.0300,52.0300,1600
1475866081,52.0000,52.0360,52.0000,52.0360,4200
1475866161,52.0000,52.0000,51.9940,52.0000,3100
1475866220,52.0100,52.0100,52.0100,52.0100,1100
1475866285,52.0039,52.0039,52.0000,52.0000,27400
1475866409,52.0060,52.0200,52.0060,52.0200,700
1475866497,52.0100,52.0100,51.9920,52.0052,2100
1475866528,52.0100,52.0100,52.0040,52.0040,300
1475866601,52.0300,52.0300,52.0220,52.0252,3500
1475866679,52.0300,52.0400,52.0200,52.0300,2400
1475866738,52.0200,52.0300,52.0200,52.0300,4300
1475866742,52.0200,52.0200,52.0200,52.0200,200
1475866815,52.0300,52.0300,52.0100,52.0100,37900
1475866885,52.0200,52.0250,52.0200,52.0200,600
1475866994,51.9980,51.9980,51.9980,51.9980,200
1475867065,52.0024,52.0024,52.0024,52.0024,100
1475867124,52.0000,52.0000,52.0000,52.0000,500
1475867173,52.0050,52.0100,52.0000,52.0000,5100
1475867254,52.0010,52.0100,52.0010,52.0090,4600
1475867337,51.9900,52.0100,51.9900,52.0000,12000
1475867353,51.9800,51.9800,51.9800,51.9800,200
1475867440,51.9900,51.9968,51.9800,51.9800,1000
1475867509,51.9952,51.9952,51.9952,51.9952,100
1475867688,51.9848,51.9900,51.9810,51.9860,600
1475867706,51.9890,51.9890,51.9890,51.9890,100
1475867781,51.9900,51.9900,51.9900,51.9900,400
1475868421,51.9860,51.9860,51.9860,51.9860,400
1475868522,52.0000,52.0000,52.0000,52.0000,200
1475868605,52.0200,52.0200,52.0100,52.0100,600
1475868853,51.9910,51.9910,51.9910,51.9910,1100
1475868939,52.0000,52.0000,51.9923,51.9923,4100
1475868985,52.0057,52.0057,51.9999,51.9999,300
1475869075,52.0090,52.0090,52.0090,52.0090,100
1475869123,51.9900,52.0000,51.9900,52.0000,200
1475869226,51.9920,51.9920,51.9914,51.9914,500
1475869345,51.9940,51.9940,51.9940,51.9940,600
1475869551,51.9720,51.9799,51.9720,51.9799,300
1475869612,51.9804,51.9804,51.9700,51.9700,1300
1475869645,51.9800,51.9800,51.9720,51.9720,300
1475869727,51.9740,51.9740,51.9740,51.9740,600
1475869830,51.9900,51.9900,51.9900,51.9900,100
1475870038,52.0000,52.0000,52.0000,52.0000,1300
1475870081,51.9900,51.9900,51.9900,51.9900,200
1475870153,52.0000,52.0000,52.0000,52.0000,800
1475870173,51.9980,52.0100,51.9900,52.0100,1200
1475870279,52.0200,52.0200,52.0110,52.0110,1100
1475870320,52.0100,52.0200,52.0100,52.0200,1200
1475870340,51.9500,52.0000,51.9500,52.0000,3400
1475870400,51.9600,51.9600,51.9600,51.9600,0
