uri:/instrument/1.0/ACWI/chartdata;type=quote;range=1d/csv
ticker:acwi
Company-Name:iShares MSCI ACWI Index Fund
Exchange-Name:NGM
unit:MIN
timezone:EDT
currency:USD
gmtoffset:-14400
previous_close:58.7400
Timestamp:1475674200,1475697600
labels:1475676000,1475679600,1475683200,1475686800,1475690400,1475694000,1475697600
values:Timestamp,close,high,low,open,volume
close:58.9700,59.1900
high:58.9800,59.1900
low:58.9700,59.1900
open:58.9710,59.1900
volume:0,98100
1475674231,59.0300,59.0300,59.0200,59.0200,10500
1475674275,59.0300,59.0300,59.0200,59.0300,800
1475674419,59.0100,59.0400,59.0000,59.0400,4100
1475674499,59.0300,59.0400,59.0100,59.0100,4300
1475674544,59.0500,59.0600,59.0289,59.0289,1100
1475674618,59.0580,59.0650,59.0580,59.0600,1700
1475674671,59.0500,59.0600,59.0400,59.0600,2100
1475674731,59.0500,59.0600,59.0500,59.0600,400
1475674763,59.0500,59.0500,59.0500,59.0500,100
1475674851,59.0500,59.0500,59.0400,59.0500,700
1475674907,59.0600,59.0600,59.0500,59.0500,600
1475674978,59.0400,59.0500,59.0400,59.0500,3800
1475675016,59.0600,59.0600,59.0500,59.0500,700
1475675045,59.0600,59.0600,59.0600,59.0600,600
1475675101,59.0700,59.0800,59.0700,59.0700,2900
1475675219,59.0600,59.0700,59.0600,59.0700,600
1475675240,59.0500,59.0500,59.0500,59.0500,500
1475675339,59.0600,59.0800,59.0600,59.0800,6500
1475675432,59.0700,59.0700,59.0700,59.0700,1400
1475675472,59.0600,59.0600,59.0600,59.0600,2700
1475675578,59.0600,59.0600,59.0500,59.0500,2100
1475675637,59.0700,59.0700,59.0600,59.0600,3200
1475675663,59.0600,59.0700,59.0600,59.0700,600
1475675709,59.0400,59.0593,59.0400,59.0593,500
1475675815,59.0400,59.0500,59.0400,59.0500,2200
1475675862,59.0450,59.0500,59.0450,59.0500,300
1475675932,59.0550,59.0550,59.0500,59.0500,200
1475675974,59.0600,59.0600,59.0500,59.0500,1100
1475676049,59.0300,59.0800,59.0101,59.0700,12600
1475676072,59.0300,59.0300,58.9950,59.0100,4700
1475676176,59.0100,59.0100,58.9800,59.0000,3000
1475676227,59.0101,59.0101,59.0000,59.0100,1900
1475676245,59.0400,59.0400,59.0300,59.0300,1700
1475676349,59.0500,59.0600,59.0500,59.0600,500
1475676414,59.0700,59.0700,59.0500,59.0500,900
1475676469,59.0850,59.0900,59.0800,59.0900,2200
1475676518,59.0900,59.1000,59.0800,59.0800,1000
1475676599,59.0700,59.0800,59.0700,59.0800,1500
1475676602,59.0700,59.0750,59.0700,59.0750,1200
1475676695,59.0800,59.0800,59.0700,59.0700,10600
1475676724,59.0600,59.0800,59.0600,59.0800,4100
1475676825,59.0500,59.0600,59.0500,59.0600,7600
1475676872,59.0500,59.0500,59.0500,59.0500,1200
1475676948,59.0500,59.0500,59.0400,59.0400,1500
1475677011,59.0300,59.0500,59.0300,59.0500,700
1475677069,59.0200,59.0400,59.0200,59.0400,1900
1475677135,59.0300,59.0300,59.0100,59.0200,2500
1475677186,58.9900,59.0200,58.9900,59.0200,2600
1475677256,58.9900,58.9900,58.9800,58.9900,11400
1475677275,58.9800,58.9900,58.9800,58.9900,1300
1475677352,58.9900,58.9900,58.9900,58.9900,900
1475677424,58.9800,58.9800,58.9800,58.9800,100
1475677488,58.9800,58.9800,58.9710,58.9710,7700
1475677549,59.0100,59.0100,58.9900,58.9900,900
1475677581,59.0200,59.0200,59.0100,59.0100,1300
1475677679,59.0200,59.0200,59.0200,59.0200,200
1475677733,59.0337,59.0337,59.0200,59.0200,900
1475677798,59.0500,59.0500,59.0300,59.0300,2100
1475677801,59.0500,59.0500,59.0275,59.0400,3300
1475677894,59.0490,59.0500,59.0490,59.0500,900
1475677979,58.9900,59.0300,58.9900,59.0300,1400
1475677986,59.0300,59.0300,59.0000,59.0000,1500
1475678140,59.0600,59.0600,59.0301,59.0400,1200
1475678162,59.0600,59.0600,59.0600,59.0600,600
1475678248,59.0800,59.0800,59.0700,59.0700,1200
1475678305,59.0700,59.0800,59.0700,59.0800,900
1475678344,59.0700,59.0700,59.0600,59.0700,700
1475678513,59.0700,59.0800,59.0700,59.0800,500
1475678559,59.0400,59.0700,59.0400,59.0700,1200
1475678639,59.0300,59.0300,59.0200,59.0200,2200
1475678688,59.0100,59.0200,58.9900,59.0200,2800
1475678735,59.0100,59.0100,59.0000,59.0000,1100
1475678761,59.0100,59.0100,59.0100,59.0100,100
1475678874,59.0200,59.0300,59.0200,59.0300,400
1475678898,59.0200,59.0200,59.0100,59.0100,400
1475678997,58.9700,59.0100,58.9700,59.0100,2700
1475679000,59.0000,59.0000,58.9800,58.9800,700
1475679074,59.0100,59.0100,59.0100,59.0100,100
1475679135,59.0100,59.0100,59.0100,59.0100,100
1475679228,59.0300,59.0300,59.0200,59.0200,1500
1475679241,59.0300,59.0300,59.0300,59.0300,100
1475679320,59.0300,59.0300,59.0200,59.0300,300
1475679473,59.0400,59.0400,59.0400,59.0400,200
1475679495,59.0300,59.0400,59.0300,59.0400,2500
1475679579,59.0500,59.0500,59.0500,59.0500,1000
1475679609,59.0400,59.0400,59.0300,59.0400,1200
1475679699,59.0400,59.0400,59.0400,59.0400,4000
1475679779,59.0600,59.0600,59.0500,59.0500,1600
1475679825,59.0500,59.0500,59.0500,59.0500,800
1475679931,59.0800,59.0800,59.0700,59.0700,3000
1475679962,59.0900,59.0900,59.0800,59.0800,1200
1475680060,59.0900,59.0900,59.0900,59.0900,500
1475680115,59.0800,59.0900,59.0800,59.0900,1000
1475680184,59.1100,59.1100,59.0804,59.0804,2700
1475680200,59.0900,59.1100,59.0900,59.1100,1300
1475680293,59.0862,59.0900,59.0862,59.0900,500
1475680378,59.1000,59.1000,59.0900,59.0900,2300
1475680438,59.0900,59.1000,59.0900,59.1000,300
1475680487,59.0800,59.0800,59.0800,59.0800,200
1475680502,59.0900,59.0900,59.0900,59.0900,300
1475680580,59.0900,59.0900,59.0900,59.0900,100
1475680642,59.0900,59.1000,59.0900,59.0950,2500
1475680694,59.0800,59.0900,59.0800,59.0900,1500
1475680784,59.0700,59.0800,59.0700,59.0800,7400
1475680857,59.0700,59.0700,59.0700,59.0700,500
1475680882,59.0700,59.0700,59.0700,59.0700,400
1475680960,59.0700,59.0700,59.0700,59.0700,1100
1475681020,59.0600,59.0600,59.0600,59.0600,400
1475681062,59.0600,59.0600,59.0600,59.0600,200
1475681125,59.0511,59.0600,59.0500,59.0600,7900
1475681210,59.0700,59.0700,59.0700,59.0700,6300
1475681265,59.0700,59.0700,59.0700,59.0700,700
1475681333,59.0758,59.0758,59.0758,59.0758,500
1475681455,59.1000,59.1000,59.0900,59.0900,500
1475681514,59.0900,59.1000,59.0900,59.1000,1500
1475681639,59.0899,59.0899,59.0899,59.0899,800
1475681698,59.0800,59.0800,59.0700,59.0800,800
1475681723,59.0900,59.0900,59.0900,59.0900,400
1475681819,59.0650,59.0800,59.0650,59.0800,1800
1475681852,59.0600,59.0600,59.0600,59.0600,400
1475681895,59.0800,59.0800,59.0800,59.0800,100
1475681998,59.0700,59.0800,59.0700,59.0800,1500
1475682000,59.0700,59.0700,59.0700,59.0700,100
1475682110,59.0600,59.0700,59.0500,59.0700,4800
1475682182,59.0750,59.0762,59.0750,59.0762,1000
1475682253,59.0800,59.0800,59.0800,59.0800,100
1475682304,59.0900,59.1000,59.0900,59.0900,4700
1475682362,59.0900,59.0900,59.0800,59.0900,1200
1475682471,59.1000,59.1000,59.0950,59.0950,8900
1475682511,59.0951,59.1100,59.0951,59.1000,1700
1475682557,59.1000,59.1000,59.1000,59.1000,100
1475682655,59.1014,59.1014,59.1000,59.1000,1900
1475682681,59.1050,59.1050,59.1050,59.1050,200
1475682764,59.1000,59.1000,59.1000,59.1000,400
1475682810,59.0859,59.0900,59.0859,59.0900,400
1475682841,59.0900,59.0900,59.0851,59.0851,2000
1475682932,59.1000,59.1000,59.0937,59.1000,600
1475682968,59.0900,59.0900,59.0900,59.0900,100
1475683077,59.0900,59.0900,59.0800,59.0801,1600
1475683139,59.0700,59.0700,59.0700,59.0700,600
1475683195,59.0800,59.0800,59.0800,59.0800,200
1475683200,59.0800,59.0900,59.0800,59.0900,400
1475683274,59.0800,59.0800,59.0800,59.0800,100
1475683377,59.0900,59.0900,59.0850,59.0900,400
1475683385,59.0980,59.0980,59.0980,59.0980,600
1475683476,59.0900,59.0955,59.0900,59.0955,1100
1475683537,59.1350,59.1350,59.1000,59.1000,2400
1475683576,59.1200,59.1300,59.1200,59.1300,800
1475683659,59.1100,59.1100,59.1100,59.1100,800
1475683699,59.1100,59.1100,59.1100,59.1100,100
1475683751,59.1000,59.1000,59.1000,59.1000,200
1475683863,59.1200,59.1200,59.1100,59.1100,300
1475683937,59.1200,59.1200,59.1200,59.1200,1000
1475683980,59.1200,59.1200,59.1200,59.1200,200
1475684079,59.1100,59.1100,59.1100,59.1100,1000
1475684156,59.1150,59.1150,59.1150,59.1150,100
1475684182,59.1100,59.1100,59.1100,59.1100,100
1475684338,59.1100,59.1100,59.1100,59.1100,200
1475684394,59.1100,59.1100,59.1100,59.1100,400
1475684436,59.1000,59.1100,59.1000,59.1100,400
1475684573,59.1000,59.1100,59.1000,59.1100,700
1475684625,59.1000,59.1000,59.1000,59.1000,500
1475684685,59.1000,59.1000,59.0900,59.1000,800
1475684751,59.1000,59.1000,59.1000,59.1000,100
1475684786,59.0908,59.1000,59.0900,59.1000,1000
1475684874,59.1100,59.1100,59.1052,59.1052,4000
1475684990,59.1000,59.1000,59.1000,59.1000,200
1475685058,59.1050,59.1050,59.1000,59.1000,700
1475685095,59.1000,59.1000,59.1000,59.1000,500
1475685176,59.1000,59.1000,59.1000,59.1000,600
1475685237,59.0900,59.1000,59.0900,59.1000,2800
1475685265,59.0901,59.1000,59.0900,59.0900,1400
1475685347,59.0900,59.0958,59.0900,59.0958,400
1475685416,59.0800,59.0900,59.0800,59.0900,1300
1475685441,59.0825,59.0900,59.0800,59.0800,7500
1475685539,59.0815,59.0900,59.0815,59.0900,1000
1475685569,59.0900,59.0900,59.0900,59.0900,900
1475685646,59.1090,59.1090,59.1000,59.1000,3200
1475685712,59.1000,59.1000,59.1000,59.1000,600
1475685776,59.1000,59.1000,59.1000,59.1000,700
1475685788,59.0950,59.0990,59.0925,59.0990,700
1475685897,59.0950,59.0950,59.0950,59.0950,500
1475685958,59.0950,59.0950,59.0950,59.0950,500
1475686016,59.0950,59.1000,59.0907,59.0907,700
1475686062,59.1100,59.1100,59.1000,59.1000,900
1475686132,59.0900,59.1000,59.0900,59.1000,500
1475686187,59.1000,59.1000,59.0900,59.0900,1000
1475686248,59.1015,59.1025,59.1000,59.1000,700
1475686310,59.1000,59.1000,59.1000,59.1000,300
1475686377,59.1015,59.1100,59.1015,59.1100,500
1475686439,59.1015,59.1015,59.1015,59.1015,500
1475686499,59.1015,59.1100,59.1015,59.1015,600
1475686537,59.1000,59.1015,59.1000,59.1007,3800
1475686592,59.1000,59.1050,59.1000,59.1000,600
1475686674,59.0900,59.0950,59.0900,59.0900,500
1475686734,59.0900,59.0900,59.0900,59.0900,800
1475686798,59.0950,59.1000,59.0900,59.0955,900
1475686856,59.1050,59.1050,59.0915,59.0915,2500
1475686883,59.1100,59.1100,59.1099,59.1100,900
1475686978,59.1115,59.1115,59.1115,59.1115,400
1475687036,59.1350,59.1400,59.1175,59.1200,18200
1475687099,59.1350,59.1350,59.1300,59.1300,500
1475687131,59.1300,59.1400,59.1300,59.1400,2200
1475687191,59.1300,59.1300,59.1200,59.1200,2400
1475687255,59.1407,59.1500,59.1407,59.1425,500
1475687334,59.1350,59.1407,59.1300,59.1407,400
1475687398,59.1315,59.1315,59.1300,59.1315,500
1475687454,59.1307,59.1307,59.1300,59.1300,1100
1475687493,59.1300,59.1350,59.1300,59.1350,600
1475687575,59.1200,59.1300,59.1200,59.1300,300
1475687635,59.1000,59.1200,59.1000,59.1200,1300
1475687693,59.1000,59.1100,59.1000,59.1100,1300
1475687710,59.0925,59.1000,59.0925,59.1000,900
1475687795,59.1001,59.1001,59.1000,59.1000,600
1475687879,59.1050,59.1050,59.1025,59.1025,400
1475687915,59.1050,59.1050,59.1007,59.1007,400
1475687975,59.1107,59.1163,59.1050,59.1050,2100
1475688049,59.1107,59.1150,59.1107,59.1150,300
1475688119,59.1050,59.1100,59.1050,59.1100,1500
1475688178,59.1150,59.1150,59.1100,59.1100,1000
1475688229,59.1100,59.1200,59.1100,59.1107,500
1475688293,59.1000,59.1100,59.1000,59.1100,500
1475688355,59.1050,59.1050,59.1025,59.1025,500
1475688417,59.1000,59.1030,59.1000,59.1000,700
1475688475,59.0900,59.1000,59.0900,59.1000,1500
1475688498,59.1000,59.1000,59.1000,59.1000,900
1475688580,59.1050,59.1100,59.1007,59.1100,500
1475688642,59.1000,59.1000,59.1000,59.1000,100
1475688678,59.1000,59.1000,59.1000,59.1000,200
1475688899,59.1200,59.1200,59.1200,59.1200,200
1475688903,59.1193,59.1193,59.1100,59.1100,3800
1475689004,59.1100,59.1100,59.1100,59.1100,100
1475689041,59.1200,59.1200,59.1150,59.1200,1200
1475689132,59.1300,59.1300,59.1237,59.1237,200
1475689151,59.1200,59.1300,59.1200,59.1300,1100
1475689200,59.1200,59.1200,59.1200,59.1200,4400
1475689281,59.1300,59.1300,59.1300,59.1300,100
1475689357,59.1300,59.1300,59.1300,59.1300,400
1475689396,59.1400,59.1400,59.1400,59.1400,600
1475689451,59.1400,59.1400,59.1400,59.1400,200
1475689516,59.1400,59.1400,59.1400,59.1400,1800
1475689606,59.1200,59.1200,59.1200,59.1200,100
1475689658,59.1200,59.1200,59.1200,59.1200,100
1475689681,59.1300,59.1300,59.1300,59.1300,600
1475689838,59.1500,59.1500,59.1400,59.1400,700
1475689916,59.1500,59.1500,59.1500,59.1500,400
1475689949,59.1600,59.1600,59.1500,59.1500,700
1475690025,59.1600,59.1600,59.1550,59.1600,400
1475690046,59.1650,59.1700,59.1650,59.1700,3900
1475690125,59.1700,59.1700,59.1700,59.1700,100
1475690215,59.1700,59.1800,59.1700,59.1700,1400
1475690226,59.1700,59.1700,59.1650,59.1650,1100
1475690342,59.1700,59.1700,59.1700,59.1700,100
1475690516,59.1600,59.1600,59.1600,59.1600,100
1475690561,59.1600,59.1600,59.1600,59.1600,1700
1475690580,59.1537,59.1537,59.1537,59.1537,200
1475690672,59.1500,59.1500,59.1500,59.1500,300
1475690776,59.1400,59.1500,59.1400,59.1500,400
1475690855,59.1350,59.1400,59.1350,59.1400,300
1475690998,59.1300,59.1350,59.1300,59.1350,300
1475691023,59.1300,59.1300,59.1300,59.1300,100
1475691114,59.1300,59.1300,59.1300,59.1300,500
1475691183,59.1400,59.1400,59.1341,59.1400,1300
1475691286,59.1300,59.1500,59.1300,59.1500,800
1475691305,59.1400,59.1400,59.1400,59.1400,100
1475691475,59.1400,59.1500,59.1400,59.1500,200
1475691493,59.1500,59.1500,59.1400,59.1400,4000
1475691568,59.1500,59.1500,59.1500,59.1500,300
1475691649,59.1600,59.1600,59.1500,59.1500,700
1475691714,59.1519,59.1519,59.1519,59.1519,500
1475691777,59.1500,59.1501,59.1500,59.1501,900
1475691825,59.1500,59.1500,59.1500,59.1500,100
1475691947,59.1537,59.1537,59.1537,59.1537,100
1475692027,59.1500,59.1600,59.1500,59.1600,400
1475692082,59.1500,59.1500,59.1500,59.1500,400
1475692144,59.1350,59.1400,59.1350,59.1400,2000
1475692233,59.1400,59.1400,59.1400,59.1400,100
1475692280,59.1500,59.1500,59.1500,59.1500,6300
1475692366,59.1400,59.1400,59.1350,59.1400,300
1475692381,59.1400,59.1400,59.1400,59.1400,200
1475692472,59.1400,59.1400,59.1400,59.1400,200
1475692518,59.1265,59.1300,59.1265,59.1300,1300
1475692679,59.1300,59.1300,59.1200,59.1200,400
1475692682,59.1299,59.1299,59.1299,59.1299,100
1475692797,59.1300,59.1300,59.1300,59.1300,500
1475692855,59.1500,59.1600,59.1301,59.1301,5200
1475692879,59.1500,59.1500,59.1500,59.1500,300
1475692955,59.1500,59.1500,59.1500,59.1500,100
1475693026,59.1400,59.1500,59.1400,59.1500,1700
1475693085,59.1400,59.1450,59.1400,59.1400,400
1475693141,59.1500,59.1500,59.1450,59.1450,3400
1475693172,59.1500,59.1500,59.1500,59.1500,500
1475693257,59.1400,59.1452,59.1400,59.1420,1800
1475693322,59.1500,59.1500,59.1500,59.1500,200
1475693456,59.1600,59.1600,59.1600,59.1600,45200
1475693472,59.1500,59.1500,59.1500,59.1500,700
1475693526,59.1500,59.1500,59.1500,59.1500,200
1475693598,59.1500,59.1550,59.1500,59.1550,1400
1475693684,59.1400,59.1500,59.1400,59.1500,1500
1475693720,59.1400,59.1400,59.1400,59.1400,2100
1475693818,59.1500,59.1500,59.1500,59.1500,200
1475693866,59.1550,59.1550,59.1500,59.1500,400
1475693880,59.1500,59.1500,59.1500,59.1500,100
1475693978,59.1600,59.1650,59.1600,59.1600,500
1475694057,59.1657,59.1700,59.1600,59.1600,3900
1475694075,59.1700,59.1700,59.1700,59.1700,300
1475694164,59.1800,59.1899,59.1800,59.1850,600
1475694235,59.1900,59.1900,59.1800,59.1800,1200
1475694279,59.1900,59.1900,59.1900,59.1900,2400
1475694342,59.1800,59.1900,59.1800,59.1900,3000
1475694392,59.1800,59.1850,59.1800,59.1850,300
1475694479,59.1900,59.1900,59.1800,59.1800,700
1475694522,59.1900,59.1900,59.1800,59.1900,1500
1475694587,59.1800,59.1899,59.1800,59.1800,900
1475694603,59.1800,59.1830,59.1800,59.1800,1300
1475694713,59.1800,59.1850,59.1800,59.1850,1400
1475694754,59.1750,59.1800,59.1750,59.1800,600
1475694828,59.1800,59.1800,59.1750,59.1750,600
1475694882,59.1650,59.1750,59.1650,59.1750,1200
1475694941,59.1650,59.1700,59.1650,59.1700,500
1475695000,59.1400,59.1600,59.1400,59.1600,2500
1475695079,59.1200,59.1400,59.1150,59.1400,5200
1475695127,59.1200,59.1200,59.1200,59.1200,100
1475695175,59.1250,59.1250,59.1250,59.1250,200
1475695202,59.1200,59.1200,59.0900,59.1200,2900
1475695308,59.1100,59.1100,59.1100,59.1100,100
1475695375,59.1000,59.1100,59.1000,59.1100,500
1475695391,59.1000,59.1000,59.0950,59.0950,600
1475695475,59.1100,59.1100,59.1100,59.1100,300
1475695533,59.1000,59.1100,59.1000,59.1050,600
1475695592,59.1050,59.1100,59.1000,59.1000,400
1475695676,59.1000,59.1150,59.1000,59.1100,1800
1475695700,59.0800,59.0900,59.0800,59.0900,1000
1475695779,59.0800,59.0800,59.0800,59.0800,300
1475695803,59.0900,59.0900,59.0700,59.0700,1900
1475695915,59.1000,59.1000,59.0896,59.0896,1800
1475695973,59.1000,59.1000,59.1000,59.1000,600
1475695984,59.1000,59.1000,59.0950,59.0950,1500
1475696099,59.1100,59.1100,59.1050,59.1050,4000
1475696143,59.1100,59.1100,59.1000,59.1100,400
1475696195,59.1050,59.1100,59.1000,59.1000,1900
1475696273,59.1100,59.1150,59.1050,59.1050,600
1475696293,59.1000,59.1100,59.1000,59.1100,900
1475696351,59.1050,59.1050,59.1000,59.1000,500
1475696449,59.0900,59.1050,59.0900,59.1050,2300
1475696488,59.1001,59.1001,59.0900,59.0900,500
1475696567,59.0950,59.1050,59.0950,59.1050,1500
1475696636,59.1200,59.1200,59.0900,59.0900,6500
1475696695,59.1200,59.1200,59.1200,59.1200,2600
1475696755,59.1000,59.1100,59.1000,59.1100,2100
1475696792,59.1000,59.1000,59.0950,59.0950,2200
1475696865,59.1000,59.1000,59.0950,59.1000,1300
1475696935,59.0900,59.0985,59.0850,59.0900,5900
1475696940,59.0900,59.1000,59.0850,59.0850,1600
1475697045,59.0992,59.1000,59.0950,59.0950,4700
1475697117,59.1000,59.1099,59.1000,59.1089,11800
1475697175,59.1000,59.1050,59.1000,59.1000,600
1475697234,59.0850,59.1000,59.0800,59.1000,3100
1475697254,59.0800,59.0800,59.0800,59.0800,300
1475697311,59.0900,59.0900,59.0750,59.0800,6300
1475697418,59.1000,59.1000,59.0900,59.0900,4400
1475697460,59.1000,59.1050,59.1000,59.1000,5400
1475697485,59.1200,59.1200,59.1000,59.1000,4200
1475697540,59.1050,59.1200,59.0950,59.1200,98100
1475697600,59.0900,59.0900,59.0900,59.0900,0
