uri:/instrument/1.0/VIA/chartdata;type=quote;range=1d/csv
ticker:via
Company-Name:Viacom Inc.
Exchange-Name:NMS
unit:MIN
timezone:EDT
currency:USD
gmtoffset:-14400
previous_close:42.5200
Timestamp:1475242200,1475265600
labels:1475244000,1475247600,1475251200,1475254800,1475258400,1475262000,1475265600
values:Timestamp,close,high,low,open,volume
close:42.4200,43.0999
high:42.4200,43.0999
low:42.4100,43.0999
open:42.4200,43.0999
volume:100,6500
1475242558,42.8000,42.8000,42.8000,42.8000,1600
1475242572,42.8000,42.8000,42.8000,42.8000,300
1475242638,42.7640,42.7640,42.7640,42.7640,300
1475242713,42.5501,42.6600,42.5501,42.6600,900
1475242749,42.6300,42.6300,42.4200,42.4200,500
1475242878,42.5700,42.5700,42.5700,42.5700,500
1475243111,42.8000,42.8000,42.8000,42.8000,100
1475243231,42.7700,42.7800,42.7700,42.7700,700
1475243394,42.6501,42.6501,42.6501,42.6501,100
1475243622,42.6500,42.6500,42.6500,42.6500,300
1475243816,42.5901,42.5901,42.5901,42.5901,100
1475243841,42.5900,42.6600,42.5900,42.6600,300
1475243935,42.4556,42.5000,42.4100,42.5000,800
1475243940,42.4200,42.4200,42.4200,42.4200,100
1475244022,42.6500,42.7500,42.5200,42.5200,4300
1475244333,42.6300,42.6300,42.6300,42.6300,300
1475244424,42.5900,42.5900,42.5900,42.5900,200
1475244537,42.5500,42.5700,42.5500,42.5700,400
1475244653,42.5000,42.5100,42.5000,42.5100,300
1475244712,42.4401,42.4401,42.4401,42.4401,100
1475244955,42.4410,42.4410,42.4410,42.4410,200
1475244999,42.4400,42.4800,42.4400,42.4800,200
1475245042,42.5900,42.5900,42.4700,42.4800,2800
1475245156,42.4900,42.4900,42.4900,42.4900,100
1475245257,42.4900,42.4900,42.4900,42.4900,100
1475245437,42.5400,42.5400,42.5400,42.5400,100
1475245454,42.5500,42.5500,42.5500,42.5500,200
1475245749,42.5200,42.5300,42.5200,42.5300,500
1475245805,42.5300,42.5300,42.5300,42.5300,100
1475245965,42.5100,42.5100,42.5100,42.5100,200
1475245986,42.5300,42.5300,42.5300,42.5300,100
1475246268,42.4501,42.4501,42.4501,42.4501,100
1475246481,42.5060,42.5060,42.5060,42.5060,1000
1475246536,42.5400,42.5400,42.5400,42.5400,400
1475246589,42.5083,42.5083,42.5083,42.5083,100
1475246669,42.4965,42.4965,42.4550,42.4550,800
1475246756,42.5000,42.5000,42.4965,42.4965,700
1475246827,42.4810,42.5000,42.4810,42.5000,200
1475246933,42.4500,42.4500,42.4500,42.4500,300
1475246959,42.5000,42.5000,42.5000,42.5000,1300
1475247177,42.5540,42.5540,42.5540,42.5540,100
1475247406,42.4601,42.4601,42.4601,42.4601,100
1475247519,42.5400,42.5400,42.5400,42.5400,100
1475247589,42.4856,42.4856,42.4856,42.4856,100
1475247836,42.5500,42.5500,42.5300,42.5300,700
1475247870,42.6600,42.6600,42.5800,42.5800,700
1475248005,42.5900,42.5900,42.5900,42.5900,200
1475248034,42.5496,42.5496,42.4300,42.5100,2400
1475248675,42.6100,42.6100,42.6100,42.6100,100
1475249037,42.5600,42.5600,42.5600,42.5600,1000
1475249143,42.5600,42.5600,42.5400,42.5400,500
1475249291,42.5300,42.5300,42.5300,42.5300,300
1475249447,42.4900,42.4900,42.4900,42.4900,100
1475249470,42.5500,42.5500,42.5500,42.5500,400
1475249986,42.4501,42.4501,42.4501,42.4501,100
1475250705,42.5100,42.5100,42.5100,42.5100,100
1475250818,42.4783,42.4783,42.4783,42.4783,300
1475250860,42.4900,42.4900,42.4900,42.4900,300
1475251241,42.4350,42.4350,42.4350,42.4350,100
1475251301,42.4800,42.4800,42.4800,42.4800,100
1475251356,42.5900,42.5900,42.5200,42.5200,400
1475251487,42.6000,42.6200,42.6000,42.6000,800
1475251527,42.6100,42.6100,42.5800,42.5800,300
1475252205,42.6100,42.6100,42.5800,42.5900,700
1475252327,42.5801,42.5801,42.5801,42.5801,100
1475252528,42.5701,42.5701,42.5701,42.5701,100
1475252754,42.6000,42.6000,42.6000,42.6000,100
1475252766,42.6000,42.6000,42.6000,42.6000,200
1475252932,42.5900,42.6000,42.5900,42.6000,300
1475252998,42.6000,42.6000,42.6000,42.6000,300
1475253114,42.6200,42.6200,42.6200,42.6200,100
1475253177,42.6600,42.6600,42.6200,42.6200,1800
1475253378,42.6920,42.7900,42.6920,42.7000,1300
1475253512,42.7800,42.7800,42.7800,42.7800,100
1475253744,42.7650,42.7700,42.7600,42.7600,1600
1475253790,42.7800,42.7800,42.7800,42.7800,300
1475254045,42.8509,42.8509,42.8509,42.8509,100
1475255034,42.7900,42.8016,42.7700,42.7950,1900
1475255083,42.7750,42.7950,42.7750,42.7950,200
1475255161,42.8100,42.8100,42.7550,42.7550,300
1475255329,42.8400,42.8400,42.8300,42.8300,300
1475255567,42.8750,42.9100,42.8750,42.9100,200
1475255627,42.8850,42.8850,42.8850,42.8850,100
1475255654,42.9100,42.9100,42.8850,42.9100,1900
1475255721,42.9250,42.9250,42.9100,42.9200,600
1475255820,42.8900,42.9000,42.8900,42.9000,300
1475255983,42.8700,42.9000,42.8700,42.9000,300
1475256002,42.9000,42.9000,42.8550,42.8700,900
1475256376,42.8800,42.8800,42.8800,42.8800,100
1475256836,42.8900,42.8900,42.8600,42.8600,700
1475256857,42.8000,42.8100,42.8000,42.8100,500
1475257132,42.9100,42.9100,42.9100,42.9100,400
1475257210,42.9100,42.9100,42.8750,42.9100,700
1475257528,42.9900,42.9900,42.9800,42.9800,2000
1475257831,43.0999,43.0999,43.0999,43.0999,100
1475257914,43.0850,43.0850,43.0850,43.0850,100
1475258272,43.0799,43.0799,43.0799,43.0799,200
1475258287,43.0800,43.0800,43.0800,43.0800,100
1475258381,43.0500,43.0500,43.0500,43.0500,100
1475258417,43.0841,43.0841,43.0841,43.0841,100
1475258575,43.0250,43.0250,43.0200,43.0200,200
1475258697,43.0500,43.0500,43.0500,43.0500,100
1475259134,43.0305,43.0305,43.0305,43.0305,100
1475259193,43.0400,43.0400,43.0152,43.0152,200
1475259289,43.0100,43.0100,43.0100,43.0100,400
1475259386,43.0400,43.0400,43.0050,43.0050,400
1475259505,43.0400,43.0400,43.0400,43.0400,300
1475260036,43.0107,43.0107,43.0101,43.0101,700
1475260191,42.9600,42.9600,42.9600,42.9600,400
1475260225,43.0300,43.0300,43.0300,43.0300,100
1475260358,43.0800,43.0800,43.0650,43.0800,700
1475260536,43.0500,43.0500,43.0500,43.0500,500
1475260607,43.0550,43.0550,43.0550,43.0550,100
1475260658,43.0500,43.0500,43.0500,43.0500,200
1475260763,43.0400,43.0400,43.0250,43.0400,1200
1475260965,43.0500,43.0500,43.0500,43.0500,200
1475261124,43.0600,43.0600,43.0600,43.0600,300
1475261210,43.0450,43.0699,43.0450,43.0450,600
1475261226,43.0500,43.0500,43.0500,43.0500,1000
1475261358,43.0500,43.0500,43.0500,43.0500,1300
1475261404,43.0700,43.0700,43.0550,43.0550,700
1475261615,43.0600,43.0600,43.0500,43.0500,400
1475261728,42.9950,43.0400,42.9950,43.0400,200
1475261869,42.9500,42.9500,42.9500,42.9500,300
1475262143,42.9501,42.9501,42.9501,42.9501,100
1475262320,42.9785,42.9785,42.9785,42.9785,100
1475262647,42.9915,42.9915,42.9915,42.9915,100
1475263039,42.9101,42.9600,42.9101,42.9600,500
1475263210,43.0050,43.0050,42.9700,42.9700,500
1475263559,42.9200,42.9200,42.9200,42.9200,100
1475263561,42.9400,42.9400,42.9400,42.9400,100
1475263787,42.9400,42.9400,42.9400,42.9400,200
1475263848,42.9800,42.9800,42.9100,42.9100,400
1475264013,42.9600,42.9600,42.9600,42.9600,300
1475264116,42.9700,43.0054,42.9700,43.0054,1500
1475264206,42.9200,42.9200,42.9200,42.9200,100
1475264273,42.9100,42.9200,42.9100,42.9200,600
1475264379,42.8400,42.9000,42.8400,42.9000,1300
1475264459,42.8400,42.8700,42.8400,42.8700,2900
1475264482,42.8800,42.8800,42.8500,42.8500,2300
1475264522,42.8900,42.8900,42.8900,42.8900,700
1475264597,42.9000,42.9000,42.8740,42.8740,2200
1475264713,42.9000,42.9000,42.8666,42.8666,1800
1475264860,42.9000,42.9000,42.9000,42.9000,100
1475264896,42.9100,42.9100,42.9050,42.9100,400
1475264991,42.9100,42.9100,42.9100,42.9100,400
1475265000,42.9000,42.9100,42.9000,42.9100,900
1475265258,42.8300,42.8300,42.8300,42.8300,100
1475265316,42.8600,42.8600,42.8400,42.8400,700
1475265391,42.8050,42.8400,42.8050,42.8400,1300
1475265421,42.8032,42.8300,42.8032,42.8300,1400
1475265516,42.7600,42.7600,42.7600,42.7600,200
1475265566,42.8800,42.8800,42.7600,42.7600,6500
1475265600,42.8200,42.8200,42.8200,42.8200,4500
