uri:/instrument/1.0/PFE/chartdata;type=quote;range=1d/csv
ticker:pfe
Company-Name:Pfizer, Inc. Common Stock
Exchange-Name:NYQ
unit:MIN
timezone:EDT
currency:USD
gmtoffset:-14400
previous_close:33.3200
Timestamp:1475242200,1475265600
labels:1475244000,1475247600,1475251200,1475254800,1475258400,1475262000,1475265600
values:Timestamp,close,high,low,open,volume
close:33.4300,34.0200
high:33.4600,34.0200
low:33.4050,34.0100
open:33.4300,34.0200
volume:1100,508600
1475242257,33.5000,33.5200,33.4500,33.5100,416800
1475242319,33.4700,33.5500,33.4700,33.4980,44800
1475242320,33.4300,33.4750,33.4050,33.4750,36300
1475242438,33.4550,33.4600,33.4200,33.4300,36900
1475242495,33.4800,33.5200,33.4550,33.4560,41500
1475242559,33.4650,33.5100,33.4500,33.4800,197800
1475242619,33.5000,33.5000,33.4600,33.4700,75300
1475242677,33.4847,33.5100,33.4800,33.5000,42400
1475242738,33.4700,33.5100,33.4700,33.4800,25600
1475242792,33.4837,33.5000,33.4675,33.4800,39700
1475242800,33.4800,33.5000,33.4600,33.4900,66200
1475242919,33.4400,33.4800,33.4400,33.4700,64400
1475242979,33.4910,33.5000,33.4400,33.4400,73600
1475242980,33.4900,33.5000,33.4750,33.5000,20300
1475243044,33.4900,33.5200,33.4900,33.4900,46500
1475243159,33.5100,33.5400,33.4800,33.4900,86300
1475243160,33.5400,33.5500,33.4950,33.5100,103900
1475243279,33.5400,33.5500,33.5050,33.5300,184800
1475243280,33.5700,33.5700,33.5400,33.5400,39300
1475243399,33.5800,33.5800,33.5600,33.5700,47700
1475243459,33.5850,33.6000,33.5700,33.5750,130000
1475243460,33.5710,33.6000,33.5710,33.5900,81100
1475243568,33.5600,33.5800,33.5500,33.5700,40800
1475243582,33.5550,33.5700,33.5500,33.5600,64900
1475243699,33.5450,33.5600,33.5400,33.5550,46100
1475243754,33.6000,33.6000,33.5400,33.5450,119200
1475243817,33.6101,33.6101,33.5900,33.6000,88200
1475243824,33.6050,33.6159,33.6024,33.6159,28200
1475243938,33.6300,33.6400,33.5900,33.6100,66600
1475243999,33.6300,33.6450,33.6300,33.6300,210900
1475244059,33.6900,33.6900,33.6300,33.6300,188400
1475244119,33.6864,33.6900,33.6800,33.6900,37700
1475244178,33.6936,33.7100,33.6900,33.6900,67900
1475244238,33.7000,33.7000,33.6800,33.6966,38900
1475244299,33.7200,33.7200,33.6900,33.6950,50800
1475244300,33.7000,33.7300,33.6900,33.7110,76200
1475244361,33.6900,33.7100,33.6900,33.7000,41900
1475244479,33.6800,33.7100,33.6650,33.6800,110800
1475244539,33.7000,33.7099,33.6850,33.6850,32500
1475244540,33.7300,33.7301,33.6950,33.6950,66900
1475244600,33.7700,33.7700,33.7350,33.7364,184000
1475244719,33.8000,33.8000,33.7700,33.7700,366700
1475244779,33.8200,33.8200,33.7900,33.8000,163900
1475244782,33.8300,33.8300,33.8042,33.8150,62400
1475244841,33.8250,33.8400,33.8200,33.8300,84900
1475244901,33.8101,33.8300,33.8000,33.8256,71900
1475244963,33.8200,33.8200,33.8100,33.8160,47500
1475245023,33.8200,33.8200,33.8100,33.8200,30800
1475245082,33.8500,33.8500,33.8190,33.8200,157300
1475245141,33.8550,33.8600,33.8400,33.8500,69000
1475245200,33.8550,33.8700,33.8500,33.8566,52600
1475245319,33.8500,33.8660,33.8500,33.8550,50400
1475245320,33.8198,33.8552,33.8100,33.8500,57800
1475245383,33.8400,33.8400,33.8100,33.8200,32400
1475245442,33.8300,33.8400,33.8300,33.8350,5700
1475245504,33.8209,33.8350,33.8100,33.8300,47800
1475245619,33.8400,33.8400,33.8100,33.8200,63600
1475245679,33.8500,33.8600,33.8300,33.8400,89900
1475245680,33.8450,33.8600,33.8400,33.8543,257200
1475245799,33.8764,33.8800,33.8400,33.8400,105700
1475245859,33.9100,33.9100,33.8750,33.8750,70100
1475245919,33.9100,33.9200,33.9000,33.9050,41700
1475245921,33.9200,33.9250,33.9100,33.9100,42000
1475246030,33.9100,33.9200,33.9100,33.9150,15900
1475246099,33.8800,33.9200,33.8800,33.9190,46800
1475246101,33.8850,33.8853,33.8700,33.8800,43700
1475246218,33.8900,33.9000,33.8800,33.8838,37700
1475246220,33.9090,33.9100,33.8900,33.8900,14500
1475246281,33.9000,33.9200,33.9000,33.9100,55300
1475246340,33.8650,33.9150,33.8600,33.9150,62300
1475246459,33.8500,33.8700,33.8500,33.8700,50300
1475246519,33.8750,33.8800,33.8500,33.8550,22200
1475246526,33.8898,33.8899,33.8700,33.8735,23600
1475246639,33.8500,33.8850,33.8400,33.8850,53000
1475246697,33.8550,33.8550,33.8300,33.8499,33400
1475246702,33.8798,33.8800,33.8600,33.8600,27200
1475246819,33.8700,33.8800,33.8600,33.8700,56600
1475246821,33.8700,33.8800,33.8600,33.8700,37700
1475246881,33.8700,33.8700,33.8600,33.8700,30800
1475246943,33.8500,33.8698,33.8400,33.8600,45200
1475247059,33.8400,33.8600,33.8400,33.8525,32700
1475247060,33.8550,33.8600,33.8350,33.8400,48000
1475247121,33.9000,33.9000,33.8510,33.8600,63300
1475247236,33.9000,33.9100,33.8900,33.9000,95000
1475247297,33.8900,33.9000,33.8800,33.8900,35900
1475247300,33.8799,33.8999,33.8799,33.8900,19300
1475247361,33.8650,33.8800,33.8650,33.8750,33800
1475247477,33.8400,33.8650,33.8400,33.8600,58600
1475247538,33.8750,33.8800,33.8450,33.8450,61900
1475247597,33.8950,33.9000,33.8700,33.8750,24900
1475247601,33.8800,33.9100,33.8800,33.8901,54400
1475247670,33.8600,33.8841,33.8600,33.8841,26000
1475247779,33.8650,33.8700,33.8600,33.8600,34200
1475247839,33.8850,33.8850,33.8600,33.8650,73000
1475247840,33.8850,33.9000,33.8800,33.8850,45000
1475247959,33.8900,33.9000,33.8800,33.8900,43000
1475248019,33.8900,33.9000,33.8700,33.8900,45600
1475248079,33.8860,33.8965,33.8800,33.8900,19600
1475248082,33.9000,33.9050,33.8800,33.8850,37100
1475248142,33.9200,33.9200,33.9000,33.9050,29600
1475248207,33.9450,33.9600,33.9250,33.9300,97500
1475248317,33.9400,33.9500,33.9350,33.9400,47500
1475248374,33.9500,33.9600,33.9350,33.9400,68100
1475248381,33.9500,33.9600,33.9400,33.9401,19100
1475248497,33.9650,33.9700,33.9500,33.9500,46200
1475248557,33.9661,33.9800,33.9500,33.9800,95200
1475248619,33.9600,33.9700,33.9600,33.9650,21300
1475248678,33.9500,33.9690,33.9500,33.9600,16000
1475248738,33.9500,33.9700,33.9500,33.9511,43900
1475248799,33.9750,33.9750,33.9500,33.9599,34300
1475248855,33.9850,33.9900,33.9700,33.9750,92100
1475248918,33.9850,33.9900,33.9800,33.9800,22800
1475248921,33.9700,33.9900,33.9600,33.9800,113500
1475249038,33.9864,33.9900,33.9700,33.9700,43500
1475249099,33.9950,34.0000,33.9801,33.9900,36400
1475249158,33.9950,34.0000,33.9900,33.9900,23400
1475249162,33.9900,34.0000,33.9900,33.9950,26500
1475249221,33.9900,34.0000,33.9800,33.9950,68500
1475249280,33.9950,34.0000,33.9820,33.9900,34700
1475249399,33.9900,34.0000,33.9900,33.9950,21700
1475249400,34.0000,34.0000,33.9900,33.9900,18700
1475249519,34.0100,34.0200,33.9900,34.0000,105700
1475249520,33.9800,34.0190,33.9800,34.0190,42100
1475249585,34.0000,34.0000,33.9800,33.9801,45300
1475249641,33.9900,34.0000,33.9700,34.0000,69200
1475249700,33.9899,33.9990,33.9800,33.9950,33700
1475249819,33.9900,33.9900,33.9800,33.9810,18400
1475249879,33.9700,33.9900,33.9700,33.9900,42100
1475249939,33.9650,33.9790,33.9500,33.9750,97800
1475249999,33.9500,33.9700,33.9500,33.9700,81300
1475250005,33.9650,33.9700,33.9500,33.9550,75800
1475250119,33.9600,33.9700,33.9600,33.9658,60600
1475250177,33.9670,33.9700,33.9600,33.9650,10100
1475250183,33.9650,33.9700,33.9600,33.9600,7500
1475250298,33.9600,33.9700,33.9600,33.9650,31100
1475250300,33.9900,33.9900,33.9600,33.9650,60700
1475250419,33.9995,34.0000,33.9800,33.9900,25300
1475250421,33.9850,34.0000,33.9750,33.9901,283000
1475250481,33.9850,33.9900,33.9800,33.9800,17400
1475250593,33.9900,34.0000,33.9800,33.9800,26900
1475250601,34.0000,34.0100,33.9900,33.9950,47300
1475250716,33.9936,34.0100,33.9900,34.0000,33500
1475250778,33.9600,34.0000,33.9600,33.9900,74500
1475250831,33.9600,33.9700,33.9600,33.9600,73000
1475250840,33.9847,33.9900,33.9600,33.9650,78800
1475250958,33.9800,34.0000,33.9800,33.9865,46300
1475250960,33.9750,33.9890,33.9600,33.9890,48100
1475251072,33.9650,33.9800,33.9600,33.9800,55300
1475251080,33.9675,33.9800,33.9600,33.9650,43200
1475251193,33.9766,33.9800,33.9650,33.9699,36600
1475251201,33.9500,33.9765,33.9500,33.9700,80300
1475251261,33.9550,33.9600,33.9500,33.9550,12700
1475251379,33.9650,33.9800,33.9500,33.9500,39100
1475251383,33.9800,33.9800,33.9600,33.9600,13300
1475251499,33.9700,33.9900,33.9700,33.9800,86000
1475251500,33.9750,33.9800,33.9700,33.9800,24800
1475251618,33.9750,33.9800,33.9700,33.9750,17200
1475251679,33.9750,33.9800,33.9700,33.9800,18500
1475251739,33.9650,33.9800,33.9600,33.9700,89500
1475251798,33.9850,34.0000,33.9650,33.9700,133500
1475251801,33.9800,33.9900,33.9700,33.9900,53100
1475251917,33.9790,33.9900,33.9700,33.9800,19900
1475251979,33.9800,33.9900,33.9700,33.9750,39100
1475252037,33.9745,33.9800,33.9700,33.9800,33400
1475252099,33.9800,33.9900,33.9700,33.9700,52200
1475252159,33.9850,33.9900,33.9800,33.9800,7200
1475252218,33.9900,33.9900,33.9800,33.9800,11800
1475252279,33.9731,33.9900,33.9700,33.9850,37800
1475252339,33.9700,33.9750,33.9600,33.9700,50200
1475252340,33.9850,33.9900,33.9600,33.9600,31700
1475252459,33.9500,33.9850,33.9500,33.9850,41800
1475252460,33.9450,33.9550,33.9400,33.9500,13800
1475252577,33.9600,33.9600,33.9400,33.9450,28100
1475252639,33.9500,33.9600,33.9400,33.9600,51200
1475252699,33.9600,33.9650,33.9400,33.9500,37600
1475252759,33.9534,33.9600,33.9500,33.9600,9500
1475252818,33.9600,33.9700,33.9500,33.9500,31000
1475252877,33.9555,33.9650,33.9500,33.9600,28500
1475252934,33.9500,33.9650,33.9500,33.9550,37800
1475252940,33.9598,33.9598,33.9500,33.9500,21300
1475253058,33.9400,33.9598,33.9350,33.9500,63000
1475253117,33.9400,33.9498,33.9400,33.9400,5500
1475253121,33.9450,33.9500,33.9400,33.9450,12300
1475253239,33.9562,33.9600,33.9400,33.9450,29100
1475253243,33.9500,33.9600,33.9400,33.9550,37800
1475253303,33.9450,33.9598,33.9400,33.9550,27200
1475253419,33.9500,33.9500,33.9300,33.9400,43300
1475253479,33.9700,33.9700,33.9400,33.9455,53500
1475253539,33.9800,33.9800,33.9600,33.9700,27900
1475253543,33.9850,33.9900,33.9700,33.9750,50000
1475253658,33.9850,33.9900,33.9800,33.9900,15900
1475253717,33.9600,33.9850,33.9550,33.9800,50400
1475253720,33.9700,33.9700,33.9500,33.9500,21500
1475253784,33.9600,33.9700,33.9600,33.9650,16000
1475253845,33.9700,33.9700,33.9500,33.9600,18100
1475253953,33.9650,33.9700,33.9600,33.9700,2400
1475254019,33.9600,33.9700,33.9550,33.9600,61600
1475254078,33.9640,33.9700,33.9538,33.9600,23600
1475254080,33.9700,33.9700,33.9600,33.9600,40000
1475254199,33.9800,33.9900,33.9600,33.9650,29800
1475254258,33.9600,33.9900,33.9600,33.9900,40900
1475254318,33.9750,33.9800,33.9600,33.9650,21600
1475254379,33.9850,33.9900,33.9601,33.9700,60000
1475254382,33.9900,33.9900,33.9800,33.9800,7300
1475254442,33.9900,33.9900,33.9800,33.9850,7400
1475254557,33.9950,34.0000,33.9800,33.9831,40400
1475254619,34.0000,34.0000,33.9850,33.9950,40400
1475254679,33.9900,34.0000,33.9900,33.9950,28000
1475254738,33.9834,33.9947,33.9800,33.9900,10500
1475254742,33.9850,34.0000,33.9800,33.9850,39500
1475254802,33.9850,33.9900,33.9800,33.9800,37700
1475254861,33.9900,33.9900,33.9800,33.9800,15800
1475254979,34.0050,34.0100,33.9900,33.9900,113200
1475254980,34.0050,34.0200,34.0000,34.0050,47100
1475255099,34.0170,34.0200,34.0100,34.0100,26500
1475255101,34.0128,34.0200,34.0100,34.0200,7700
1475255218,34.0150,34.0200,34.0100,34.0100,34200
1475255220,34.0150,34.0200,34.0050,34.0100,52100
1475255338,34.0100,34.0200,34.0100,34.0150,32200
1475255398,34.0200,34.0200,34.0100,34.0150,9100
1475255400,34.0101,34.0200,34.0100,34.0150,15000
1475255515,34.0200,34.0200,34.0100,34.0200,6900
1475255575,34.0100,34.0200,34.0100,34.0150,20400
1475255639,34.0100,34.0200,34.0100,34.0150,12700
1475255699,34.0100,34.0200,34.0100,34.0100,16400
1475255700,34.0100,34.0200,34.0050,34.0100,94100
1475255819,34.0095,34.0100,34.0000,34.0100,32000
1475255879,34.0000,34.0100,34.0000,34.0000,14800
1475255880,34.0000,34.0100,34.0000,34.0000,8600
1475255995,34.0050,34.0100,34.0000,34.0050,41500
1475256001,34.0000,34.0100,34.0000,34.0100,7200
1475256063,34.0050,34.0100,33.9950,34.0000,74500
1475256122,34.0065,34.0100,34.0000,34.0000,14900
1475256238,34.0000,34.0053,34.0000,34.0000,5600
1475256240,33.9900,34.0090,33.9900,34.0000,39500
1475256356,33.9900,34.0000,33.9900,34.0000,7000
1475256362,33.9900,34.0000,33.9900,33.9945,9300
1475256478,33.9600,33.9990,33.9600,33.9900,48100
1475256480,33.9400,33.9600,33.9400,33.9565,20300
1475256597,33.9450,33.9500,33.9400,33.9500,7300
1475256600,33.9400,33.9498,33.9400,33.9400,8000
1475256719,33.9350,33.9500,33.9350,33.9400,36500
1475256721,33.9400,33.9400,33.9200,33.9350,47100
1475256782,33.9400,33.9400,33.9200,33.9300,26400
1475256841,33.9301,33.9400,33.9300,33.9400,11400
1475256901,33.9400,33.9500,33.9300,33.9347,35300
1475257018,33.9300,33.9399,33.9300,33.9350,27200
1475257020,33.9300,33.9400,33.9200,33.9300,16200
1475257087,33.9500,33.9500,33.9200,33.9299,22500
1475257142,33.9550,33.9650,33.9440,33.9500,64500
1475257258,33.9750,33.9750,33.9500,33.9550,57600
1475257315,33.9629,33.9800,33.9600,33.9750,16800
1475257379,33.9700,33.9700,33.9620,33.9650,12200
1475257436,33.9800,33.9800,33.9650,33.9650,12700
1475257441,33.9900,34.0000,33.9800,33.9800,29600
1475257550,33.9950,34.0000,33.9850,33.9900,46800
1475257616,33.9800,33.9950,33.9800,33.9950,39100
1475257622,33.9827,33.9900,33.9800,33.9800,7000
1475257682,33.9849,33.9900,33.9800,33.9800,7200
1475257797,33.9800,33.9900,33.9800,33.9899,10400
1475257801,33.9800,33.9900,33.9800,33.9850,18400
1475257862,33.9800,33.9900,33.9800,33.9800,7800
1475257975,33.9850,33.9900,33.9800,33.9800,16800
1475258037,33.9850,33.9900,33.9800,33.9900,9000
1475258099,33.9900,34.0000,33.9800,33.9900,76000
1475258158,33.9550,33.9950,33.9500,33.9900,46000
1475258164,33.9700,33.9700,33.9550,33.9550,22200
1475258226,33.9658,33.9700,33.9500,33.9650,43600
1475258334,33.9650,33.9700,33.9600,33.9650,97100
1475258399,33.9833,33.9900,33.9700,33.9700,43100
1475258400,33.9700,33.9900,33.9700,33.9850,29100
1475258519,33.9700,33.9800,33.9650,33.9700,32700
1475258579,33.9750,33.9800,33.9600,33.9700,22300
1475258639,33.9750,33.9800,33.9701,33.9799,9300
1475258642,33.9800,33.9800,33.9700,33.9750,7200
1475258701,33.9850,33.9900,33.9700,33.9800,37300
1475258819,33.9900,33.9900,33.9835,33.9900,10200
1475258820,34.0000,34.0000,33.9840,33.9900,79700
1475258936,33.9900,34.0000,33.9900,33.9999,31900
1475258999,33.9950,34.0000,33.9900,33.9950,36000
1475259059,33.9850,34.0000,33.9800,33.9953,44000
1475259060,33.9900,33.9950,33.9800,33.9850,34200
1475259120,33.9930,34.0000,33.9800,33.9899,19500
1475259181,33.9900,34.0000,33.9900,33.9945,27700
1475259299,33.9900,34.0000,33.9900,33.9950,12400
1475259300,33.9998,34.0000,33.9900,33.9900,22700
1475259419,33.9900,34.0000,33.9900,33.9900,25300
1475259479,33.9800,34.0000,33.9700,33.9900,53700
1475259537,33.9650,33.9800,33.9600,33.9700,33100
1475259594,33.9700,33.9800,33.9600,33.9600,32300
1475259600,33.9800,33.9900,33.9750,33.9750,25200
1475259719,33.9550,33.9900,33.9550,33.9850,77900
1475259720,33.9750,33.9790,33.9500,33.9550,46300
1475259780,33.9700,33.9800,33.9700,33.9750,12200
1475259840,33.9601,33.9750,33.9600,33.9700,24500
1475259956,33.9750,33.9800,33.9641,33.9700,35600
1475259960,34.0000,34.0000,33.9701,33.9800,54900
1475260076,33.9950,34.0000,33.9900,34.0000,9900
1475260139,34.0000,34.0000,33.9900,34.0000,15800
1475260199,34.0000,34.0000,33.9900,34.0000,17800
1475260201,33.9950,34.0000,33.9900,34.0000,26800
1475260261,33.9950,34.0000,33.9900,33.9950,15200
1475260379,33.9900,34.0000,33.9900,34.0000,40300
1475260438,33.9850,33.9900,33.9700,33.9900,76500
1475260497,33.9850,34.0000,33.9800,33.9850,47400
1475260501,33.9750,33.9900,33.9700,33.9850,53200
1475260618,33.9700,33.9800,33.9600,33.9700,52900
1475260679,33.9750,33.9800,33.9650,33.9700,43100
1475260681,33.9900,34.0000,33.9700,33.9750,40200
1475260799,33.9890,34.0000,33.9800,33.9900,32400
1475260802,33.9900,33.9900,33.9810,33.9850,9800
1475260918,33.9900,33.9900,33.9810,33.9900,13700
1475260920,33.9950,34.0000,33.9900,33.9900,70200
1475261039,33.9850,34.0000,33.9800,33.9966,58600
1475261040,33.9800,33.9900,33.9800,33.9850,10900
1475261100,33.9814,33.9900,33.9800,33.9800,33500
1475261162,33.9834,33.9900,33.9800,33.9850,23200
1475261220,33.9750,33.9875,33.9700,33.9800,32200
1475261329,33.9850,33.9850,33.9700,33.9750,30800
1475261398,33.9790,33.9875,33.9700,33.9875,26900
1475261459,33.9700,33.9800,33.9700,33.9700,13000
1475261518,33.9600,33.9775,33.9600,33.9775,31100
1475261520,33.9599,33.9699,33.9500,33.9600,45000
1475261636,33.9648,33.9700,33.9550,33.9550,13700
1475261699,33.9400,33.9688,33.9400,33.9688,39000
1475261759,33.9350,33.9500,33.9300,33.9450,68000
1475261817,33.9410,33.9500,33.9300,33.9350,28300
1475261823,33.9500,33.9500,33.9400,33.9500,19000
1475261880,33.9450,33.9500,33.9400,33.9500,13300
1475261999,33.9400,33.9500,33.9400,33.9500,27500
1475262059,33.9610,33.9700,33.9400,33.9450,73100
1475262119,33.9800,33.9800,33.9600,33.9700,29500
1475262124,33.9700,33.9800,33.9600,33.9750,74300
1475262239,33.9650,33.9700,33.9600,33.9650,16500
1475262299,33.9650,33.9700,33.9600,33.9635,23500
1475262359,33.9650,33.9700,33.9600,33.9650,23600
1475262419,33.9600,33.9700,33.9600,33.9650,18300
1475262479,33.9600,33.9700,33.9600,33.9650,52400
1475262539,33.9400,33.9700,33.9400,33.9600,67800
1475262540,33.9250,33.9500,33.9200,33.9400,50100
1475262600,33.9250,33.9300,33.9200,33.9200,43300
1475262660,33.9400,33.9500,33.9200,33.9299,119600
1475262720,33.9300,33.9500,33.9300,33.9450,39700
1475262839,33.9300,33.9400,33.9300,33.9300,26400
1475262898,33.9450,33.9500,33.9300,33.9300,62300
1475262900,33.9450,33.9500,33.9400,33.9450,35200
1475263019,33.9650,33.9700,33.9435,33.9450,80100
1475263079,33.9500,33.9700,33.9300,33.9650,90900
1475263139,33.9550,33.9600,33.9400,33.9450,37400
1475263199,33.9600,33.9600,33.9534,33.9541,23200
1475263259,33.9558,33.9600,33.9500,33.9550,27600
1475263319,33.9600,33.9600,33.9542,33.9600,37300
1475263320,33.9600,33.9600,33.9500,33.9600,36300
1475263439,33.9600,33.9700,33.9600,33.9600,34700
1475263497,33.9550,33.9700,33.9500,33.9700,83000
1475263559,33.9554,33.9600,33.9500,33.9550,29600
1475263619,33.9550,33.9600,33.9500,33.9600,39900
1475263620,33.9550,33.9600,33.9500,33.9550,23000
1475263739,33.9450,33.9600,33.9400,33.9600,65700
1475263799,33.9350,33.9500,33.9300,33.9450,45600
1475263859,33.9400,33.9400,33.9310,33.9350,21200
1475263861,33.9700,33.9700,33.9350,33.9400,60500
1475263979,33.9700,33.9750,33.9622,33.9700,64500
1475263980,33.9700,33.9700,33.9600,33.9641,26700
1475264099,33.9250,33.9700,33.9200,33.9700,234900
1475264159,33.9300,33.9300,33.9227,33.9250,36100
1475264160,33.9250,33.9300,33.9200,33.9250,44800
1475264279,33.9300,33.9300,33.9200,33.9300,48600
1475264339,33.9300,33.9300,33.9238,33.9300,77700
1475264340,33.9300,33.9300,33.9200,33.9300,347700
1475264457,33.9250,33.9300,33.9200,33.9300,34000
1475264519,33.9400,33.9400,33.9201,33.9260,119900
1475264520,33.9500,33.9500,33.9400,33.9400,28600
1475264639,33.9250,33.9550,33.9200,33.9500,286400
1475264699,33.9150,33.9300,33.9100,33.9300,153600
1475264700,33.9100,33.9300,33.8950,33.9199,306700
1475264819,33.9000,33.9100,33.8900,33.9050,135700
1475264879,33.8900,33.9000,33.8900,33.9000,74200
1475264880,33.8950,33.9000,33.8900,33.8950,179000
1475264999,33.9100,33.9100,33.8910,33.8950,131600
1475265000,33.9050,33.9200,33.9000,33.9085,211200
1475265119,33.9050,33.9100,33.8900,33.9050,213400
1475265120,33.9050,33.9100,33.9000,33.9050,51000
1475265180,33.9050,33.9100,33.9000,33.9050,136400
1475265241,33.9050,33.9100,33.9000,33.9000,125500
1475265359,33.8850,33.9100,33.8600,33.9000,477400
1475265419,33.8900,33.8900,33.8700,33.8800,319400
1475265479,33.8700,33.8900,33.8644,33.8850,376600
1475265480,33.8900,33.9000,33.8600,33.8650,368000
1475265599,33.8600,33.9000,33.8500,33.8900,508600
1475265600,33.8600,33.8600,33.8600,33.8600,1100
