uri:/instrument/1.0/DIS/chartdata;type=quote;range=1d/csv
ticker:dis
Company-Name:Walt Disney Company (The) Commo
Exchange-Name:NYQ
unit:MIN
timezone:EDT
currency:USD
gmtoffset:-14400
previous_close:92.4500
Timestamp:1475760600,1475784000
labels:1475762400,1475766000,1475769600,1475773200,1475776800,1475780400,1475784000
values:Timestamp,close,high,low,open,volume
close:92.4200,93.4714
high:92.5200,93.5800
low:92.3900,93.4600
open:92.4200,93.4900
volume:100,460700
1475760618,92.6600,92.6900,92.6400,92.6800,27400
1475760673,92.6800,92.6900,92.6000,92.6000,165100
1475760721,92.6400,92.7000,92.6400,92.6900,8900
1475760837,92.7100,92.7500,92.6400,92.6400,10300
1475760899,92.6000,92.8500,92.6000,92.7249,31800
1475760957,92.5400,92.7100,92.5100,92.6000,46400
1475761019,92.4200,92.5300,92.3900,92.5300,30600
1475761020,92.5200,92.5200,92.3900,92.4200,17600
1475761081,92.5200,92.5800,92.4700,92.5700,20400
1475761140,92.5600,92.5900,92.4600,92.5100,24900
1475761200,92.5200,92.5600,92.5000,92.5600,24400
1475761260,92.6200,92.6400,92.5100,92.5100,26800
1475761379,92.6700,92.7800,92.6100,92.6100,36100
1475761381,92.7400,92.7800,92.6600,92.6700,31200
1475761497,92.8600,92.8900,92.7400,92.7450,24500
1475761500,92.7900,92.8700,92.7800,92.8700,21300
1475761564,92.7353,92.7900,92.7100,92.7800,10500
1475761622,92.7216,92.7400,92.7150,92.7300,21500
1475761737,92.7768,92.8100,92.7200,92.7200,17500
1475761797,92.8500,92.8600,92.7900,92.7900,11100
1475761801,92.7000,92.8400,92.6800,92.8400,28100
1475761860,92.7000,92.7500,92.7000,92.7100,7600
1475761978,92.6800,92.7300,92.6800,92.6950,13300
1475761980,92.7100,92.7100,92.6650,92.6800,9100
1475762098,92.6900,92.7300,92.6900,92.7200,7000
1475762158,92.6300,92.6900,92.5600,92.6900,18900
1475762219,92.6600,92.6800,92.6300,92.6300,22000
1475762275,92.6500,92.6650,92.6400,92.6600,10100
1475762281,92.7031,92.7050,92.6700,92.6700,9900
1475762348,92.7000,92.7384,92.7000,92.7050,9500
1475762455,92.6750,92.7100,92.6750,92.7000,13200
1475762460,92.6600,92.6900,92.6500,92.6800,15100
1475762521,92.6500,92.6850,92.6500,92.6600,11300
1475762581,92.6700,92.6700,92.6400,92.6400,5000
1475762643,92.6700,92.6950,92.6650,92.6650,18800
1475762701,92.6700,92.6800,92.6597,92.6700,14000
1475762766,92.6800,92.7000,92.6501,92.6600,14500
1475762820,92.6634,92.6800,92.6600,92.6800,7800
1475762881,92.6600,92.7000,92.6600,92.6600,11400
1475762995,92.7007,92.7100,92.6600,92.6600,11700
1475763000,92.7700,92.7700,92.6900,92.7043,18900
1475763118,92.8000,92.8000,92.7600,92.7650,17000
1475763179,92.8799,92.8800,92.7961,92.7961,20600
1475763238,92.9400,92.9400,92.8750,92.8750,21800
1475763241,92.9800,92.9800,92.9200,92.9400,30800
1475763359,92.9950,93.0000,92.9800,92.9900,33000
1475763361,93.1000,93.1000,92.9900,92.9900,36000
1475763479,93.2350,93.2400,93.1000,93.1100,60700
1475763539,93.3500,93.4200,93.2000,93.2400,136300
1475763599,93.4714,93.4900,93.3500,93.3500,55100
1475763657,93.4000,93.4900,93.3500,93.4900,80500
1475763719,93.4000,93.4300,93.3900,93.4000,28600
1475763720,93.4600,93.4600,93.3900,93.4000,41600
1475763839,93.3450,93.4800,93.3300,93.4600,54400
1475763841,93.4000,93.4000,93.3400,93.3500,20400
1475763900,93.3650,93.4150,93.3500,93.4100,35500
1475763965,93.3500,93.3800,93.3500,93.3700,40300
1475764079,93.3900,93.4050,93.3500,93.3500,32400
1475764080,93.4500,93.4650,93.3900,93.3900,51100
1475764199,93.4600,93.5800,93.4600,93.4600,75400
1475764200,93.2400,93.4600,93.2200,93.4600,59900
1475764262,93.1700,93.3100,93.1700,93.2490,48000
1475764377,93.2200,93.2400,93.1600,93.1700,25300
1475764381,93.2000,93.2300,93.1800,93.2100,19700
1475764499,93.2500,93.2500,93.2000,93.2100,19500
1475764500,93.3050,93.3050,93.2500,93.2600,37500
1475764560,93.2700,93.3050,93.2400,93.3050,22700
1475764622,93.3200,93.3300,93.2700,93.2750,30200
1475764737,93.3000,93.3100,93.2800,93.3100,11800
1475764740,93.3400,93.3400,93.2800,93.3000,24500
1475764800,93.2900,93.3500,93.2900,93.3400,14800
1475764860,93.2950,93.3100,93.2800,93.2900,19800
1475764921,93.2400,93.3100,93.2400,93.3000,32200
1475765039,93.3000,93.3000,93.2250,93.2350,15500
1475765041,93.2950,93.3100,93.2900,93.2953,21300
1475765100,93.2700,93.3000,93.2650,93.2950,16500
1475765219,93.2958,93.3000,93.2550,93.2800,10100
1475765221,93.2700,93.3050,93.2700,93.2938,14100
1475765283,93.2600,93.2700,93.2400,93.2700,9500
1475765340,93.3000,93.3050,93.2500,93.2600,13300
1475765404,93.2600,93.3000,93.2600,93.3000,7100
1475765460,93.2000,93.2600,93.2000,93.2564,23400
1475765527,93.1300,93.2000,93.0800,93.2000,63200
1475765580,93.1800,93.2000,93.1200,93.1200,21100
1475765699,93.1300,93.1800,93.1200,93.1700,26600
1475765759,93.0599,93.1200,93.0300,93.1200,13900
1475765818,93.0500,93.0700,93.0250,93.0500,17200
1475765879,93.0454,93.0950,93.0400,93.0599,12000
1475765880,93.0100,93.0500,93.0100,93.0300,12700
1475765943,92.9850,93.0200,92.9614,93.0200,13900
1475766001,92.9400,92.9900,92.9200,92.9900,17100
1475766068,92.9400,92.9500,92.9300,92.9500,9100
1475766124,92.9799,92.9800,92.9250,92.9500,12200
1475766184,92.9950,92.9950,92.9500,92.9800,19200
1475766249,92.9950,93.0200,92.9900,92.9950,16200
1475766304,92.9900,92.9950,92.9800,92.9900,8500
1475766366,93.0100,93.0200,92.9900,92.9900,16000
1475766477,92.9250,93.0300,92.9250,93.0200,31600
1475766481,92.8200,92.9300,92.7900,92.9200,46200
1475766540,92.8000,92.8400,92.7800,92.8000,24500
1475766602,92.8500,92.8700,92.7900,92.7900,12700
1475766665,92.8100,92.8450,92.8000,92.8400,12400
1475766777,92.8235,92.8300,92.8000,92.8100,15700
1475766839,92.8199,92.8199,92.7950,92.8100,13000
1475766898,92.7910,92.8200,92.7800,92.8200,18400
1475766901,92.8492,92.8500,92.7900,92.7900,36400
1475766961,92.8300,92.8456,92.8300,92.8350,11300
1475767076,92.8400,92.8400,92.8200,92.8300,11200
1475767081,92.8050,92.8500,92.8050,92.8410,11100
1475767143,92.7900,92.8000,92.7500,92.8000,31400
1475767200,92.8150,92.8299,92.7900,92.7900,15000
1475767262,92.8070,92.8250,92.8000,92.8151,10200
1475767326,92.8100,92.8100,92.7850,92.8000,10300
1475767385,92.8200,92.8400,92.8000,92.8050,12300
1475767444,92.9000,92.9020,92.8200,92.8200,9600
1475767556,92.9750,92.9900,92.8950,92.8950,34200
1475767563,92.9200,92.9800,92.9200,92.9800,8000
1475767620,92.9199,92.9300,92.9000,92.9200,19900
1475767682,92.9150,92.9150,92.8900,92.9100,7100
1475767799,92.9300,92.9500,92.8900,92.9200,27400
1475767800,92.8700,92.9500,92.8400,92.9300,21400
1475767861,92.9300,92.9300,92.8650,92.8800,11700
1475767926,92.8800,92.9450,92.8800,92.9300,9700
1475767985,92.8780,92.8950,92.8771,92.8862,5100
1475768043,92.8400,92.9000,92.8400,92.8800,12100
1475768101,92.8662,92.8800,92.8445,92.8445,11000
1475768218,92.8900,92.8900,92.8550,92.8600,10700
1475768222,92.8400,92.8900,92.8400,92.8900,8300
1475768282,92.8600,92.8650,92.8400,92.8500,10800
1475768399,92.8900,92.8900,92.8400,92.8665,11100
1475768402,92.8900,92.9000,92.8800,92.8950,6500
1475768495,92.8500,92.8962,92.8350,92.8962,8100
1475768579,92.8420,92.8792,92.8400,92.8600,6400
1475768581,92.8350,92.8500,92.8300,92.8400,3500
1475768699,92.8400,92.8500,92.8300,92.8350,10400
1475768700,92.8652,92.8954,92.8400,92.8400,11600
1475768764,92.8600,92.8700,92.8400,92.8700,5600
1475768879,92.9700,93.0050,92.8700,92.8700,50000
1475768939,93.0400,93.1100,92.9690,92.9700,65000
1475768940,93.0400,93.0800,93.0400,93.0400,10800
1475769059,93.1100,93.1350,93.0455,93.0500,15800
1475769061,93.1400,93.1900,93.0950,93.1000,13700
1475769179,93.1000,93.1500,93.0800,93.1450,14900
1475769181,93.1500,93.1600,93.1100,93.1100,26700
1475769241,93.1400,93.1510,93.1200,93.1500,8400
1475769301,93.1600,93.1768,93.1200,93.1400,12100
1475769418,93.1900,93.1900,93.1540,93.1600,11800
1475769420,93.1800,93.1900,93.1710,93.1900,9000
1475769489,93.1500,93.2053,93.1500,93.1900,17700
1475769546,93.1400,93.1500,93.1000,93.1400,38400
1475769650,93.1500,93.1900,93.1450,93.1500,8400
1475769667,93.2000,93.2100,93.1600,93.1600,16700
1475769721,93.2250,93.2250,93.2000,93.2050,10700
1475769783,93.2300,93.2400,93.2250,93.2300,6500
1475769843,93.2600,93.2600,93.2400,93.2400,19900
1475769909,93.2600,93.2639,93.2400,93.2500,14700
1475770019,93.2900,93.3600,93.2600,93.2600,18500
1475770020,93.2750,93.3000,93.2500,93.3000,13800
1475770137,93.2200,93.2800,93.2200,93.2750,13200
1475770197,93.2250,93.2700,93.2150,93.2266,8600
1475770256,93.1900,93.2400,93.1800,93.2300,11100
1475770262,93.1852,93.2000,93.1600,93.1800,4800
1475770332,93.1669,93.1700,93.1500,93.1669,2600
1475770383,93.1700,93.1700,93.1600,93.1700,4300
1475770443,93.1404,93.1600,93.1350,93.1600,4000
1475770500,93.1350,93.1500,93.1300,93.1400,3200
1475770619,93.0800,93.1300,93.0800,93.1300,8700
1475770620,93.0750,93.0900,93.0500,93.0800,9900
1475770696,93.0400,93.0900,93.0400,93.0800,8100
1475770741,93.0400,93.0600,93.0350,93.0400,5100
1475770802,93.0400,93.0500,93.0200,93.0400,7300
1475770911,93.0450,93.0500,93.0300,93.0330,3800
1475770921,93.0932,93.0932,93.0400,93.0463,8100
1475770985,93.0900,93.1000,93.0700,93.0900,11200
1475771056,93.0800,93.1000,93.0700,93.0900,4400
1475771156,93.0700,93.0800,93.0534,93.0800,3600
1475771170,93.1000,93.1000,93.0646,93.0700,7000
1475771221,93.0600,93.1000,93.0600,93.1000,13300
1475771338,93.0450,93.0590,93.0400,93.0500,4600
1475771393,93.0600,93.0800,93.0417,93.0426,10300
1475771400,93.0800,93.0950,93.0600,93.0600,5100
1475771518,93.1201,93.1300,93.0700,93.0700,7500
1475771520,93.1100,93.1300,93.1000,93.1300,6300
1475771583,93.1100,93.1150,93.0910,93.1056,5900
1475771697,93.0900,93.1061,93.0800,93.1061,7000
1475771759,93.0960,93.1000,93.0900,93.1000,3600
1475771818,93.0738,93.0950,93.0600,93.0900,11700
1475771820,93.0500,93.0850,93.0500,93.0800,5300
1475771939,93.0400,93.0500,93.0150,93.0500,10900
1475771996,93.0250,93.0500,93.0150,93.0500,7800
1475772000,93.0300,93.0400,93.0200,93.0200,8300
1475772064,93.0700,93.0800,93.0200,93.0200,6400
1475772123,93.0800,93.0900,93.0647,93.0700,4700
1475772238,93.0762,93.0800,93.0600,93.0800,6100
1475772242,93.0550,93.0862,93.0550,93.0756,4800
1475772301,93.0600,93.0761,93.0550,93.0600,6300
1475772416,93.0300,93.0600,93.0250,93.0600,3800
1475772420,93.0400,93.0500,93.0350,93.0400,5400
1475772481,93.0390,93.0500,93.0350,93.0439,5700
1475772545,93.0400,93.0400,93.0243,93.0350,6300
1475772659,93.0500,93.0700,93.0500,93.0500,14500
1475772719,93.0556,93.0600,93.0499,93.0500,6100
1475772776,93.0800,93.0900,93.0554,93.0600,6300
1475772780,93.0800,93.0934,93.0739,93.0900,14300
1475772853,93.1000,93.1200,93.0750,93.0750,9200
1475772902,93.0900,93.1000,93.0800,93.1000,6500
1475773017,93.0500,93.1000,93.0500,93.0900,3000
1475773020,93.0600,93.0650,93.0500,93.0566,11700
1475773139,93.0150,93.0548,93.0100,93.0548,11800
1475773140,93.0156,93.0254,93.0100,93.0150,6500
1475773200,92.9850,93.0200,92.9800,93.0100,13400
1475773260,93.0050,93.0100,92.9811,92.9850,12600
1475773327,93.0250,93.0400,93.0000,93.0050,14300
1475773381,93.0150,93.0193,93.0100,93.0100,2800
1475773499,92.9650,93.0150,92.9600,93.0138,15800
1475773500,92.9550,92.9700,92.9500,92.9700,6800
1475773617,92.9400,92.9600,92.9400,92.9500,5700
1475773678,92.9200,92.9450,92.9200,92.9401,8500
1475773683,92.9200,92.9250,92.9000,92.9250,11000
1475773741,92.8858,92.9200,92.8800,92.9150,5600
1475773802,92.8844,92.8900,92.8600,92.8900,12200
1475773863,92.8500,92.8800,92.8500,92.8800,7700
1475773923,92.8550,92.8600,92.8500,92.8500,7400
1475774036,92.8600,92.8800,92.8550,92.8600,14000
1475774040,92.8650,92.8700,92.8550,92.8635,8000
1475774100,92.9090,92.9100,92.8650,92.8700,10300
1475774164,92.9090,92.9100,92.9000,92.9000,6300
1475774277,92.8850,92.9100,92.8750,92.9001,8800
1475774280,92.8600,92.8900,92.8600,92.8850,10400
1475774340,92.8446,92.8699,92.8350,92.8699,18400
1475774459,92.8500,92.8500,92.8350,92.8500,13700
1475774462,92.8300,92.8550,92.8200,92.8500,14800
1475774520,92.8300,92.8400,92.8200,92.8350,9600
1475774580,92.8150,92.8335,92.8100,92.8335,2700
1475774646,92.8150,92.8200,92.8000,92.8200,4900
1475774754,92.8250,92.8300,92.8199,92.8200,7700
1475774819,92.8750,92.8800,92.8300,92.8300,9300
1475774821,92.8950,92.8965,92.8700,92.8799,4900
1475774935,92.9100,92.9200,92.8950,92.8950,6600
1475774946,92.9200,92.9274,92.9200,92.9200,3400
1475775055,92.9447,92.9450,92.9200,92.9200,9000
1475775062,92.9200,92.9400,92.9100,92.9400,8400
1475775130,92.9300,92.9300,92.9239,92.9267,1900
1475775237,92.9390,92.9499,92.9300,92.9300,9400
1475775240,92.9050,92.9500,92.9010,92.9400,14100
1475775301,92.9000,92.9100,92.8846,92.9000,8500
1475775419,92.8800,92.9100,92.8800,92.9000,3800
1475775420,92.8700,92.8785,92.8700,92.8725,4700
1475775539,92.8400,92.8800,92.8300,92.8700,30600
1475775540,92.8700,92.8700,92.8350,92.8400,7200
1475775602,92.8750,92.8800,92.8750,92.8800,6600
1475775675,92.8900,92.8950,92.8750,92.8750,7700
1475775721,92.9081,92.9100,92.8948,92.9000,3200
1475775791,92.9200,92.9200,92.8900,92.9050,13600
1475775847,92.9450,92.9495,92.9300,92.9300,2900
1475775906,92.9500,93.0000,92.9500,92.9500,206200
1475775970,92.9500,92.9500,92.9200,92.9400,7400
1475776026,92.9446,92.9500,92.9446,92.9500,4000
1475776138,92.9800,92.9800,92.9450,92.9450,8000
1475776199,92.9665,92.9750,92.9650,92.9700,5200
1475776201,92.9900,92.9950,92.9600,92.9650,14600
1475776260,93.0246,93.0246,92.9900,93.0000,460700
1475776378,93.0400,93.0400,93.0200,93.0300,7800
1475776437,93.0250,93.0600,93.0250,93.0385,10500
1475776442,93.0530,93.0800,93.0240,93.0240,14900
1475776512,93.0650,93.0650,93.0400,93.0500,4700
1475776618,93.0500,93.0700,93.0489,93.0600,6500
1475776626,93.0300,93.0500,93.0300,93.0439,8400
1475776682,93.0550,93.0600,93.0300,93.0300,13700
1475776741,93.0500,93.0600,93.0400,93.0550,7100
1475776804,93.0500,93.0700,93.0400,93.0500,7700
1475776914,93.0850,93.0850,93.0500,93.0500,4000
1475776974,93.0700,93.0834,93.0500,93.0800,6700
1475776982,93.0539,93.0750,93.0400,93.0700,8000
1475777097,93.0500,93.0650,93.0400,93.0600,8900
1475777100,93.0400,93.0650,93.0400,93.0600,4900
1475777161,93.0400,93.0400,93.0300,93.0400,3100
1475777220,93.0350,93.0400,93.0300,93.0400,4000
1475777337,93.0400,93.0498,93.0327,93.0327,2300
1475777342,93.0400,93.0450,93.0200,93.0450,8600
1475777410,93.0500,93.0500,93.0300,93.0400,9500
1475777464,93.0640,93.0750,93.0500,93.0500,13300
1475777520,93.0600,93.0690,93.0600,93.0600,5000
1475777584,93.0850,93.0850,93.0600,93.0600,7900
1475777645,93.0843,93.0843,93.0650,93.0710,6900
1475777705,93.0568,93.0850,93.0500,93.0850,5100
1475777761,93.0423,93.0554,93.0390,93.0550,9000
1475777826,93.0525,93.0600,93.0425,93.0425,2800
1475777884,93.0361,93.0600,93.0300,93.0600,11200
1475777944,93.0350,93.0400,93.0350,93.0354,10800
1475778004,93.0463,93.0463,93.0350,93.0400,10800
1475778073,93.0350,93.0500,93.0346,93.0466,13700
1475778175,93.0301,93.0400,93.0300,93.0348,5600
1475778184,93.0600,93.0650,93.0350,93.0350,6500
1475778244,93.0499,93.0550,93.0400,93.0500,5400
1475778303,93.0410,93.0500,93.0400,93.0460,4400
1475778369,93.0753,93.0800,93.0500,93.0500,10600
1475778433,93.1100,93.1100,93.0650,93.0756,23000
1475778538,93.1200,93.1300,93.1100,93.1100,38700
1475778593,93.1100,93.1300,93.1100,93.1254,6700
1475778601,93.1100,93.1150,93.0950,93.1150,11700
1475778665,93.1100,93.1100,93.1031,93.1054,1700
1475778723,93.0700,93.1000,93.0700,93.1000,9500
1475778783,93.0501,93.0800,93.0500,93.0700,3400
1475778841,93.0400,93.0600,93.0400,93.0546,2700
1475778902,93.0300,93.0546,93.0300,93.0500,11500
1475779019,93.0100,93.0400,93.0100,93.0366,5600
1475779020,93.0200,93.0200,93.0000,93.0152,5600
1475779082,93.0500,93.0500,93.0200,93.0200,4500
1475779140,93.0200,93.0500,93.0200,93.0461,12200
1475779256,93.0300,93.0300,93.0100,93.0300,7600
1475779260,93.0380,93.0380,93.0200,93.0200,2900
1475779323,93.0300,93.0400,93.0300,93.0399,3300
1475779433,93.0500,93.0550,93.0354,93.0354,8800
1475779446,93.0375,93.0700,93.0375,93.0500,7700
1475779503,93.0100,93.0490,93.0100,93.0400,10700
1475779618,93.0120,93.0200,93.0000,93.0200,8200
1475779676,92.9950,93.0200,92.9850,93.0200,9300
1475779686,93.0100,93.0100,92.9950,92.9950,5100
1475779745,93.0100,93.0100,93.0000,93.0100,3100
1475779802,93.0245,93.0250,92.9933,93.0100,13700
1475779862,93.0100,93.0290,93.0000,93.0290,8400
1475779975,93.0302,93.0350,93.0100,93.0200,6300
1475779982,93.0039,93.0400,93.0000,93.0300,11000
1475780045,93.0200,93.0300,93.0039,93.0039,5600
1475780154,93.0250,93.0300,93.0200,93.0300,3700
1475780161,93.0090,93.0400,93.0000,93.0299,9200
1475780229,92.9900,93.0090,92.9900,93.0090,3500
1475780292,92.9950,93.0200,92.9900,92.9910,8800
1475780395,92.9979,93.0000,92.9700,92.9900,9400
1475780400,92.9950,93.0100,92.9950,93.0000,12600
1475780461,92.9753,92.9900,92.9700,92.9900,5000
1475780534,93.0100,93.0100,92.9700,92.9700,11500
1475780580,92.9900,93.0300,92.9800,93.0200,14500
1475780689,93.0000,93.0095,93.0000,93.0000,3700
1475780700,93.0000,93.0200,93.0000,93.0050,15000
1475780763,93.0042,93.0295,93.0000,93.0100,6400
1475780828,93.0050,93.0100,92.9950,93.0000,14000
1475780937,92.9900,93.0100,92.9850,93.0000,28200
1475780944,92.9700,92.9968,92.9700,92.9900,6800
1475781001,92.9554,92.9800,92.9500,92.9700,8100
1475781060,92.9500,92.9600,92.9400,92.9500,8300
1475781179,92.9347,92.9553,92.9300,92.9500,8000
1475781182,92.9300,92.9400,92.9100,92.9300,16400
1475781240,92.9300,92.9390,92.9200,92.9300,8200
1475781303,92.9450,92.9450,92.9200,92.9333,11500
1475781366,92.9700,92.9790,92.9500,92.9500,13400
1475781471,92.9100,92.9600,92.9100,92.9600,13500
1475781538,92.9200,92.9300,92.9100,92.9100,6300
1475781542,92.9000,92.9298,92.8850,92.9298,16200
1475781604,92.9245,92.9297,92.9050,92.9100,3300
1475781716,92.9300,92.9350,92.9212,92.9290,4000
1475781777,92.9300,92.9400,92.9238,92.9300,14400
1475781783,92.9350,92.9354,92.9100,92.9300,16300
1475781841,92.9500,92.9500,92.9300,92.9399,6000
1475781905,92.9400,92.9500,92.9400,92.9400,5300
1475782019,92.9650,92.9750,92.9500,92.9500,21000
1475782020,92.9690,92.9800,92.9650,92.9700,20700
1475782137,92.9900,92.9965,92.9700,92.9700,18900
1475782198,92.9900,93.0000,92.9800,92.9900,22800
1475782200,92.9500,92.9900,92.9400,92.9900,35500
1475782319,92.9750,92.9800,92.9500,92.9600,19700
1475782320,93.0000,93.0067,92.9700,92.9800,21300
1475782381,93.0261,93.0261,92.9925,93.0000,16500
1475782446,93.0250,93.0300,93.0200,93.0300,15300
1475782500,93.0150,93.0300,93.0100,93.0300,14800
1475782619,93.0200,93.0300,93.0100,93.0200,12000
1475782621,93.0454,93.0500,93.0200,93.0300,15000
1475782683,93.0666,93.0800,93.0425,93.0425,29400
1475782741,93.0650,93.0700,93.0600,93.0693,4900
1475782859,93.0300,93.0750,93.0300,93.0600,35900
1475782919,93.0300,93.0500,93.0200,93.0370,23700
1475782979,93.0225,93.0300,93.0100,93.0300,11100
1475783039,92.9800,93.0258,92.9800,93.0258,20700
1475783098,92.9900,93.0000,92.9800,92.9801,31500
1475783101,92.9800,92.9850,92.9500,92.9600,30700
1475783219,92.9900,93.0000,92.9700,92.9800,21000
1475783274,93.0200,93.0200,92.9850,92.9850,15400
1475783280,92.9500,93.0200,92.9500,93.0150,24500
1475783399,92.9550,92.9800,92.9500,92.9500,21200
1475783400,92.9400,92.9575,92.9200,92.9500,19400
1475783460,92.9250,92.9400,92.9100,92.9400,12700
1475783579,92.9200,92.9358,92.9100,92.9200,17400
1475783639,92.9150,92.9400,92.9100,92.9300,21500
1475783640,92.9000,92.9200,92.8800,92.9150,51300
1475783759,92.8800,92.9000,92.8800,92.9000,30800
1475783819,92.8550,92.8850,92.8500,92.8850,47400
1475783879,92.8400,92.8600,92.8300,92.8500,42700
1475783880,92.8100,92.8600,92.8100,92.8300,70900
1475783999,92.8300,92.8600,92.7800,92.8100,171100
1475784000,92.8300,92.8300,92.8300,92.8300,100
