uri:/instrument/1.0/GDX/chartdata;type=quote;range=1d/csv
ticker:gdx
Company-Name:VanEck Vectors Gold Miners ETF
Exchange-Name:PCX
unit:MIN
timezone:EDT
currency:USD
gmtoffset:-14400
previous_close:26.4300
Timestamp:1475501400,1475524800
labels:1475503200,1475506800,1475510400,1475514000,1475517600,1475521200,1475524800
values:Timestamp,close,high,low,open,volume
close:25.6500,26.5600
high:25.6700,26.5700
low:25.6500,26.5200
open:25.6600,26.5600
volume:7200,31888800
1475501418,26.3900,26.4350,26.3900,26.3950,573000
1475501508,26.4600,26.4700,26.3700,26.3800,116900
1475501578,26.4300,26.4600,26.4300,26.4500,86800
1475501639,26.5100,26.5100,26.4500,26.4500,90800
1475501699,26.4900,26.5300,26.4900,26.5000,73300
1475501759,26.5200,26.5300,26.4900,26.4900,52700
1475501819,26.5600,26.5600,26.5200,26.5200,40000
1475501820,26.5100,26.5700,26.4900,26.5600,47900
1475501939,26.4500,26.5200,26.4429,26.5200,62200
1475501996,26.4400,26.4800,26.4400,26.4578,30100
1475502059,26.4900,26.5100,26.4400,26.4400,61300
1475502118,26.4800,26.5000,26.4500,26.4900,87000
1475502179,26.4800,26.4900,26.4700,26.4800,45800
1475502239,26.4700,26.4900,26.4650,26.4800,32100
1475502299,26.4608,26.4800,26.4600,26.4800,20400
1475502356,26.4399,26.4700,26.4300,26.4700,33200
1475502360,26.3800,26.4353,26.3400,26.4353,59200
1475502478,26.3000,26.4099,26.2950,26.3750,98300
1475502539,26.3600,26.3700,26.2992,26.2992,91300
1475502599,26.3500,26.3750,26.3267,26.3600,81500
1475502658,26.3400,26.3600,26.3250,26.3500,45600
1475502717,26.3300,26.3600,26.3300,26.3300,56400
1475502777,26.3600,26.3600,26.3200,26.3200,38900
1475502839,26.3800,26.4100,26.3550,26.3550,137400
1475502899,26.3500,26.3850,26.3400,26.3850,59900
1475502958,26.3050,26.3700,26.3000,26.3514,58100
1475503019,26.3000,26.3275,26.2800,26.3047,76400
1475503071,26.3000,26.3000,26.2800,26.2901,47900
1475503131,26.2800,26.3005,26.2700,26.3005,35800
1475503140,26.3250,26.3300,26.2800,26.2800,45600
1475503259,26.2800,26.3200,26.2600,26.3200,110800
1475503318,26.2900,26.3100,26.2700,26.2800,157800
1475503379,26.2865,26.3150,26.2700,26.2950,166800
1475503439,26.2100,26.2900,26.2100,26.2900,114100
1475503498,26.1911,26.2200,26.1800,26.2120,94800
1475503502,26.1600,26.2050,26.1400,26.1900,124600
1475503619,26.1550,26.1650,26.1300,26.1600,57600
1475503679,26.2000,26.2100,26.1600,26.1662,78600
1475503739,26.1600,26.2100,26.1500,26.1900,33800
1475503799,26.1600,26.1700,26.1450,26.1600,16800
1475503859,26.1800,26.2000,26.1600,26.1600,38800
1475503919,26.1900,26.2200,26.1800,26.1900,38900
1475503920,26.1553,26.2000,26.1550,26.1900,58100
1475504039,26.1200,26.1600,26.1000,26.1500,58900
1475504094,26.0865,26.1195,26.0800,26.1195,61100
1475504159,26.0900,26.1200,26.0800,26.0950,54700
1475504218,26.0300,26.0800,26.0300,26.0800,133100
1475504279,26.0200,26.0500,26.0100,26.0300,47000
1475504280,26.0600,26.0800,26.0100,26.0211,66800
1475504398,26.0900,26.1050,26.0650,26.0650,51100
1475504457,26.0911,26.1100,26.0750,26.0900,42000
1475504517,26.0638,26.0900,26.0500,26.0900,32300
1475504579,26.0850,26.0950,26.0400,26.0665,94800
1475504639,26.1000,26.1100,26.0700,26.0800,30000
1475504699,26.1250,26.1250,26.0850,26.0900,45700
1475504701,26.1050,26.1250,26.1000,26.1200,24400
1475504811,26.0900,26.1100,26.0900,26.1010,26100
1475504879,26.0500,26.0850,26.0500,26.0800,27600
1475504880,26.1000,26.1000,26.0400,26.0550,38400
1475504940,26.1000,26.1050,26.0850,26.1000,50200
1475505059,26.1400,26.1700,26.0900,26.1000,55700
1475505108,26.1400,26.1600,26.1200,26.1400,40300
1475505177,26.1200,26.1500,26.1100,26.1300,50000
1475505238,26.1100,26.1400,26.1100,26.1300,20400
1475505241,26.1100,26.1100,26.0900,26.1100,30900
1475505359,26.1000,26.1100,26.0900,26.1001,46000
1475505418,26.1200,26.1400,26.0900,26.1050,77200
1475505479,26.1600,26.1600,26.1050,26.1100,24100
1475505528,26.1450,26.1700,26.1400,26.1600,22200
1475505599,26.1200,26.1390,26.1100,26.1350,42200
1475505656,26.0750,26.1244,26.0750,26.1200,26300
1475505717,26.0700,26.0800,26.0600,26.0700,58600
1475505779,26.1000,26.1000,26.0699,26.0699,32300
1475505780,26.1200,26.1200,26.0900,26.1000,22700
1475505897,26.1700,26.1700,26.1200,26.1200,29700
1475505951,26.1700,26.1900,26.1500,26.1635,43000
1475506019,26.1400,26.1800,26.1400,26.1700,32200
1475506079,26.1200,26.1400,26.1050,26.1300,32100
1475506137,26.1000,26.1250,26.1000,26.1200,18100
1475506199,26.1000,26.1100,26.0850,26.1000,11600
1475506259,26.1850,26.1900,26.1000,26.1000,64200
1475506316,26.1300,26.1900,26.1300,26.1850,33600
1475506379,26.1000,26.1390,26.0950,26.1300,37200
1475506436,26.1000,26.1100,26.0900,26.0950,40300
1475506499,26.1000,26.1200,26.0900,26.1000,32500
1475506559,26.1150,26.1300,26.1000,26.1000,25100
1475506617,26.1100,26.1135,26.0900,26.1135,45400
1475506666,26.0850,26.1100,26.0850,26.1000,38900
1475506739,26.0700,26.0899,26.0600,26.0850,51000
1475506799,26.0650,26.0800,26.0400,26.0700,73400
1475506859,26.0900,26.0999,26.0600,26.0700,51800
1475506917,26.0873,26.1100,26.0850,26.0900,35100
1475506971,26.0800,26.0900,26.0600,26.0900,35500
1475507030,26.0450,26.0768,26.0350,26.0768,41900
1475507099,26.0350,26.0500,26.0350,26.0400,51500
1475507150,26.0350,26.0500,26.0300,26.0400,40400
1475507219,26.0261,26.0400,26.0200,26.0400,72600
1475507279,25.9950,26.0237,25.9800,26.0200,97800
1475507280,26.0300,26.0400,25.9800,25.9950,88200
1475507397,26.0200,26.0300,26.0100,26.0300,30500
1475507457,26.0300,26.0400,26.0150,26.0200,28900
1475507519,26.0350,26.0500,26.0100,26.0200,24600
1475507579,26.0300,26.0600,26.0300,26.0500,38400
1475507635,26.0300,26.0400,26.0200,26.0300,32700
1475507699,26.0100,26.0400,26.0000,26.0400,80400
1475507756,26.0000,26.0100,25.9900,26.0000,92900
1475507811,26.0200,26.0300,25.9900,26.0000,62100
1475507874,26.0000,26.0200,25.9700,26.0150,212500
1475507936,26.0200,26.0200,25.9950,26.0000,94600
1475507940,26.0350,26.0400,26.0100,26.0200,28200
1475508059,26.0700,26.0700,26.0300,26.0400,106900
1475508107,26.0600,26.0800,26.0550,26.0600,44300
1475508179,26.0950,26.1000,26.0600,26.0600,63000
1475508236,26.0800,26.1000,26.0700,26.1000,33800
1475508298,26.0600,26.0850,26.0600,26.0850,39300
1475508353,26.0400,26.0600,26.0400,26.0550,17700
1475508419,26.0650,26.0800,26.0400,26.0400,26800
1475508467,26.0750,26.0900,26.0650,26.0650,27500
1475508534,26.0700,26.0950,26.0700,26.0750,38300
1475508596,26.0600,26.0800,26.0600,26.0750,24300
1475508602,26.0550,26.0750,26.0500,26.0650,25100
1475508715,26.0750,26.0800,26.0500,26.0500,21900
1475508776,26.0900,26.0950,26.0700,26.0700,37800
1475508835,26.0600,26.0900,26.0500,26.0800,34900
1475508899,26.0500,26.0700,26.0500,26.0600,14200
1475508951,26.0350,26.0600,26.0350,26.0500,23300
1475509019,26.0400,26.0500,26.0350,26.0400,35000
1475509077,26.0450,26.0500,26.0350,26.0450,17700
1475509129,26.0200,26.0400,26.0150,26.0400,70600
1475509189,26.0100,26.0100,25.9947,26.0100,38200
1475509202,26.0000,26.0100,25.9900,26.0050,28600
1475509267,25.9900,26.0031,25.9800,26.0000,79900
1475509379,26.0250,26.0300,25.9900,25.9950,53300
1475509438,26.0600,26.0600,26.0250,26.0250,34400
1475509495,26.0490,26.0600,26.0450,26.0550,27200
1475509558,26.0200,26.0400,26.0200,26.0400,43200
1475509563,26.0000,26.0300,26.0000,26.0300,43600
1475509620,25.9950,26.0100,25.9900,26.0000,59400
1475509738,26.0100,26.0100,25.9950,26.0000,57900
1475509795,26.0000,26.0100,26.0000,26.0050,31000
1475509856,25.9700,26.0000,25.9650,26.0000,102300
1475509860,25.9700,25.9800,25.9600,25.9700,44500
1475509922,26.0100,26.0200,25.9700,25.9853,65000
1475510027,26.0000,26.0100,25.9950,26.0100,22100
1475510098,25.9600,25.9950,25.9600,25.9950,62700
1475510154,25.9750,25.9750,25.9442,25.9500,132500
1475510219,25.9900,26.0000,25.9700,25.9800,37300
1475510221,26.0000,26.0000,25.9800,25.9900,40900
1475510338,26.0200,26.0400,25.9900,26.0000,82400
1475510398,25.9800,26.0100,25.9700,26.0100,62100
1475510459,26.0000,26.0000,25.9650,25.9800,53400
1475510517,26.0100,26.0100,25.9800,25.9950,58000
1475510571,25.9900,26.0100,25.9800,26.0099,46900
1475510635,25.9963,26.0100,25.9850,25.9850,30100
1475510698,25.9800,25.9900,25.9750,25.9800,15400
1475510752,25.9800,25.9900,25.9700,25.9800,24700
1475510764,26.0050,26.0100,25.9850,25.9900,32400
1475510873,25.9940,26.0100,25.9900,26.0100,7200
1475510939,26.0000,26.0000,25.9800,25.9900,24700
1475510994,26.0200,26.0300,25.9900,26.0000,24500
1475511057,25.9950,26.0100,25.9950,26.0100,96700
1475511118,26.0100,26.0100,25.9800,26.0000,25500
1475511179,25.9800,26.0100,25.9700,26.0000,33100
1475511236,25.9750,25.9900,25.9700,25.9900,28900
1475511295,25.9400,25.9900,25.9400,25.9850,57200
1475511359,25.9350,25.9400,25.9150,25.9400,73200
1475511417,25.9200,25.9400,25.9150,25.9300,44500
1475511479,25.9200,25.9300,25.9100,25.9200,45900
1475511534,25.9400,25.9450,25.9200,25.9200,46700
1475511588,25.9400,25.9500,25.9200,25.9300,31300
1475511653,25.9200,25.9400,25.9150,25.9300,65000
1475511718,25.8700,25.9200,25.8700,25.9200,120200
1475511779,25.8500,25.8800,25.8450,25.8736,105300
1475511839,25.8200,25.8500,25.8200,25.8500,92900
1475511843,25.8400,25.8500,25.8150,25.8295,65600
1475511959,25.8400,25.8500,25.8300,25.8400,54500
1475512016,25.8300,25.8500,25.8200,25.8400,88800
1475512079,25.8250,25.8400,25.8150,25.8250,80000
1475512138,25.7900,25.8300,25.7800,25.8250,194400
1475512199,25.8300,25.8400,25.7800,25.7900,61600
1475512200,25.7900,25.8350,25.7900,25.8300,71000
1475512317,25.7700,25.8000,25.7500,25.7850,113300
1475512379,25.8100,25.8200,25.7700,25.7750,66400
1475512438,25.7800,25.8100,25.7800,25.8058,38400
1475512497,25.7400,25.7850,25.7201,25.7850,109300
1475512558,25.7600,25.7700,25.7300,25.7400,40500
1475512618,25.7500,25.7750,25.7500,25.7600,61100
1475512673,25.8050,25.8100,25.7350,25.7500,83500
1475512739,25.8100,25.8200,25.7900,25.7900,42600
1475512799,25.7900,25.8100,25.7850,25.8100,29800
1475512858,25.8190,25.8200,25.7900,25.8000,42700
1475512918,25.7500,25.8100,25.7450,25.8100,127100
1475512979,25.7150,25.7500,25.6900,25.7500,113500
1475513034,25.7100,25.7200,25.7000,25.7100,55500
1475513099,25.7600,25.7700,25.7000,25.7000,63300
1475513158,25.7300,25.7601,25.7300,25.7600,57100
1475513161,25.7600,25.7600,25.7300,25.7400,52900
1475513278,25.7300,25.7700,25.7300,25.7600,58300
1475513338,25.7417,25.7450,25.7300,25.7300,47100
1475513399,25.7550,25.7600,25.7400,25.7400,39700
1475513402,25.7650,25.7800,25.7400,25.7500,83600
1475513518,25.7850,25.7950,25.7700,25.7800,35500
1475513578,25.8000,25.8300,25.7850,25.7850,90100
1475513580,25.7750,25.8050,25.7600,25.8050,103300
1475513697,25.7600,25.7799,25.7600,25.7700,45400
1475513759,25.7400,25.7700,25.7300,25.7650,45300
1475513817,25.7400,25.7700,25.7200,25.7400,90000
1475513879,25.7550,25.7650,25.7400,25.7400,35600
1475513939,25.7650,25.7800,25.7600,25.7600,51900
1475513941,25.7800,25.7900,25.7400,25.7650,92900
1475514059,25.7750,25.8000,25.7650,25.7900,47700
1475514116,25.7800,25.7900,25.7600,25.7800,28100
1475514178,25.7800,25.8000,25.7700,25.7733,46500
1475514239,25.7800,25.7950,25.7750,25.7800,38500
1475514292,25.7750,25.8100,25.7650,25.7800,36800
1475514300,25.7800,25.8000,25.7750,25.7800,36200
1475514415,25.7875,25.8000,25.7750,25.7750,38400
1475514479,25.7600,25.7850,25.7600,25.7800,23800
1475514537,25.7542,25.7600,25.7400,25.7600,51000
1475514599,25.7400,25.7700,25.7350,25.7600,40600
1475514658,25.7100,25.7500,25.7050,25.7400,99300
1475514714,25.7100,25.7270,25.7025,25.7100,32200
1475514773,25.7300,25.7301,25.7050,25.7100,56500
1475514839,25.7394,25.7400,25.7100,25.7200,55900
1475514891,25.7600,25.7700,25.7350,25.7400,62100
1475514948,25.7500,25.7600,25.7400,25.7600,39100
1475515018,25.7150,25.7300,25.7100,25.7300,41700
1475515079,25.7150,25.7200,25.7000,25.7100,44700
1475515139,25.7150,25.7300,25.7000,25.7100,43400
1475515196,25.7150,25.7275,25.7100,25.7175,24900
1475515258,25.7300,25.7300,25.7000,25.7150,76700
1475515262,25.7500,25.7600,25.7150,25.7250,56900
1475515379,25.7400,25.7550,25.7201,25.7550,29700
1475515438,25.7300,25.7500,25.7300,25.7400,25000
1475515499,25.7100,25.7400,25.6950,25.7300,71600
1475515500,25.6789,25.7100,25.6700,25.7050,65600
1475515619,25.6800,25.7100,25.6750,25.6750,65800
1475515675,25.6850,25.7000,25.6800,25.6800,71400
1475515735,25.6900,25.7000,25.6800,25.6990,40100
1475515796,25.7100,25.7300,25.6900,25.6950,71300
1475515856,25.7300,25.7300,25.7100,25.7100,26700
1475515918,25.7700,25.7700,25.7300,25.7300,68600
1475515979,25.7400,25.7700,25.7400,25.7700,34300
1475516036,25.7600,25.7700,25.7400,25.7400,77000
1475516094,25.7700,25.7766,25.7500,25.7650,47400
1475516101,25.7800,25.7900,25.7700,25.7772,53000
1475516160,25.7800,25.7900,25.7750,25.7800,32600
1475516279,25.7600,25.7850,25.7600,25.7800,31400
1475516337,25.7600,25.7700,25.7500,25.7600,17800
1475516389,25.7500,25.7600,25.7500,25.7600,25900
1475516455,25.8061,25.8100,25.7550,25.7550,63100
1475516518,25.7700,25.8100,25.7700,25.8000,43400
1475516577,25.7850,25.7900,25.7700,25.7700,26400
1475516636,25.7900,25.8200,25.7800,25.7900,62600
1475516698,25.7600,25.7950,25.7600,25.7900,68000
1475516754,25.8000,25.8100,25.7600,25.7600,61300
1475516819,25.8150,25.8300,25.8000,25.8000,58700
1475516877,25.8211,25.8400,25.8150,25.8185,51500
1475516880,25.8050,25.8300,25.8000,25.8250,44900
1475516997,25.7900,25.8100,25.7900,25.8050,41600
1475517053,25.8000,25.8000,25.7750,25.7900,38000
1475517112,25.7650,25.8000,25.7600,25.8000,63100
1475517176,25.7550,25.7700,25.7500,25.7650,65100
1475517239,25.7400,25.7750,25.7400,25.7600,24400
1475517298,25.7400,25.7600,25.7400,25.7500,25800
1475517359,25.7400,25.7600,25.7400,25.7500,37300
1475517419,25.7500,25.7600,25.7300,25.7400,57800
1475517479,25.7800,25.7800,25.7500,25.7599,43300
1475517535,25.7700,25.7947,25.7700,25.7800,24900
1475517599,25.8000,25.8050,25.7700,25.7750,41300
1475517658,25.7882,25.8100,25.7800,25.8100,33900
1475517718,25.7930,25.8000,25.7700,25.7899,42500
1475517778,25.8000,25.8050,25.7800,25.7990,35400
1475517837,25.8250,25.8300,25.7900,25.7900,41400
1475517896,25.8500,25.8500,25.8200,25.8250,58500
1475517955,25.8100,25.8500,25.8100,25.8450,38500
1475518019,25.7900,25.8100,25.7900,25.8100,63300
1475518078,25.7900,25.8000,25.7800,25.7900,69900
1475518139,25.7450,25.7900,25.7450,25.7900,85900
1475518140,25.7700,25.7800,25.7400,25.7450,106400
1475518259,25.7400,25.7700,25.7400,25.7700,91000
1475518319,25.7500,25.7600,25.7400,25.7400,21900
1475518378,25.7100,25.7500,25.7100,25.7500,75100
1475518439,25.7050,25.7400,25.7050,25.7200,98500
1475518499,25.7100,25.7250,25.7000,25.7050,154000
1475518558,25.6850,25.7200,25.6800,25.7100,168200
1475518560,25.6700,25.7000,25.6600,25.6850,96400
1475518678,25.6800,25.6850,25.6650,25.6700,85300
1475518738,25.6700,25.6800,25.6600,25.6800,67900
1475518797,25.6500,25.6700,25.6500,25.6700,58800
1475518850,25.6600,25.6750,25.6500,25.6600,123300
1475518919,25.6600,25.6900,25.6500,25.6600,41300
1475518972,25.6750,25.6800,25.6600,25.6700,57100
1475519039,25.7000,25.7200,25.6700,25.6700,49000
1475519098,25.7500,25.7500,25.7000,25.7000,45800
1475519159,25.7600,25.7800,25.7400,25.7400,43200
1475519219,25.7600,25.7800,25.7500,25.7550,45100
1475519278,25.7700,25.7700,25.7500,25.7600,69800
1475519329,25.7450,25.7700,25.7400,25.7652,50300
1475519397,25.7500,25.7600,25.7400,25.7405,41700
1475519457,25.7382,25.7500,25.7300,25.7450,62900
1475519517,25.6950,25.7311,25.6900,25.7300,202200
1475519577,25.7000,25.7100,25.6900,25.6950,29000
1475519639,25.7200,25.7300,25.7000,25.7050,39900
1475519698,25.7300,25.7400,25.7200,25.7200,46300
1475519759,25.7250,25.7400,25.7250,25.7300,29100
1475519760,25.6950,25.7200,25.6900,25.7200,69000
1475519879,25.6850,25.7000,25.6700,25.7000,52100
1475519884,25.6911,25.7000,25.6800,25.6900,42300
1475519997,25.7000,25.7100,25.6900,25.6900,24500
1475520057,25.7000,25.7050,25.6900,25.7050,23400
1475520119,25.7300,25.7300,25.7000,25.7058,57100
1475520177,25.7400,25.7500,25.7200,25.7250,41300
1475520187,25.7300,25.7500,25.7300,25.7500,29800
1475520299,25.7300,25.7399,25.7300,25.7300,7800
1475520358,25.6900,25.7350,25.6800,25.7350,85000
1475520417,25.6900,25.7000,25.6800,25.6900,47100
1475520479,25.7000,25.7200,25.6900,25.7000,84500
1475520480,25.7250,25.7300,25.7050,25.7050,35000
1475520599,25.7100,25.7250,25.7100,25.7250,33300
1475520656,25.7200,25.7300,25.7100,25.7159,44200
1475520665,25.7150,25.7250,25.7050,25.7200,24200
1475520776,25.7199,25.7300,25.7100,25.7160,32100
1475520838,25.7100,25.7200,25.7100,25.7100,20000
1475520898,25.7150,25.7200,25.7100,25.7100,20300
1475520955,25.6900,25.7100,25.6900,25.7100,58400
1475521018,25.6850,25.7000,25.6800,25.6900,40400
1475521021,25.6850,25.6900,25.6800,25.6800,65500
1475521138,25.6950,25.7100,25.6850,25.6900,47700
1475521198,25.7250,25.7300,25.6900,25.6950,70500
1475521259,25.7950,25.8000,25.7250,25.7250,83000
1475521319,25.7700,25.8000,25.7600,25.7950,64600
1475521378,25.7400,25.7700,25.7400,25.7700,56500
1475521439,25.7501,25.7600,25.7400,25.7450,63300
1475521499,25.7300,25.7600,25.7250,25.7550,21300
1475521500,25.7300,25.7400,25.7200,25.7250,48100
1475521618,25.7389,25.7400,25.7250,25.7335,43800
1475521678,25.7350,25.7400,25.7200,25.7300,45100
1475521739,25.7600,25.7600,25.7300,25.7400,71500
1475521795,25.7562,25.7600,25.7500,25.7550,26100
1475521858,25.7450,25.7550,25.7300,25.7550,34900
1475521919,25.7600,25.7600,25.7400,25.7400,42400
1475521976,25.7400,25.7750,25.7400,25.7650,68200
1475522038,25.7550,25.7600,25.7400,25.7499,46000
1475522099,25.7700,25.7700,25.7550,25.7550,38900
1475522159,25.8100,25.8200,25.7842,25.7850,139800
1475522219,25.8000,25.8100,25.7900,25.8050,42700
1475522278,25.7750,25.8000,25.7700,25.7950,41100
1475522337,25.7800,25.7800,25.7700,25.7750,32800
1475522399,25.7800,25.8000,25.7700,25.7800,38200
1475522459,25.8100,25.8100,25.7800,25.7850,59600
1475522517,25.8200,25.8200,25.8000,25.8000,66200
1475522579,25.8050,25.8200,25.8000,25.8200,55500
1475522586,25.8250,25.8400,25.8010,25.8099,35100
1475522699,25.8259,25.8350,25.8200,25.8200,61400
1475522755,25.8100,25.8400,25.8100,25.8300,62400
1475522819,25.8500,25.8500,25.8100,25.8200,73200
1475522824,25.8450,25.8500,25.8200,25.8400,64100
1475522937,25.8400,25.8700,25.8400,25.8450,60300
1475522940,25.8800,25.8900,25.8300,25.8400,85100
1475523059,25.8650,25.8800,25.8500,25.8750,53100
1475523119,25.8615,25.8800,25.8600,25.8700,49100
1475523177,25.8800,25.8850,25.8550,25.8600,67700
1475523239,25.8900,25.8900,25.8701,25.8800,71300
1475523240,25.9050,25.9200,25.8900,25.8950,58100
1475523358,25.8900,25.9050,25.8800,25.9050,69700
1475523419,25.8957,25.9000,25.8800,25.8900,41400
1475523477,25.9350,25.9400,25.8900,25.8900,89300
1475523539,25.9400,25.9500,25.9300,25.9350,95400
1475523598,25.9450,25.9850,25.9400,25.9500,124500
1475523659,25.9250,25.9400,25.9100,25.9400,81000
1475523711,25.9300,25.9390,25.9100,25.9200,97200
1475523777,25.9200,25.9300,25.9100,25.9250,51900
1475523838,25.9300,25.9300,25.9100,25.9200,96200
1475523898,25.9000,25.9250,25.9000,25.9250,40600
1475523959,25.9600,25.9600,25.9100,25.9250,210200
1475523960,25.9200,25.9650,25.9200,25.9600,118500
1475524079,25.9150,25.9290,25.9100,25.9150,78300
1475524139,25.8850,25.9200,25.8850,25.9150,92000
1475524140,25.8750,25.8900,25.8600,25.8850,69500
1475524259,25.9001,25.9100,25.8700,25.8700,106300
1475524260,25.8800,25.9100,25.8800,25.9000,82200
1475524320,25.8900,25.9300,25.8800,25.8850,109000
1475524439,25.8950,25.9000,25.8800,25.8950,96800
1475524440,25.8900,25.9000,25.8700,25.8900,97600
1475524559,25.9000,25.9100,25.8900,25.8900,132700
1475524619,25.9250,25.9300,25.8900,25.9000,215700
1475524679,25.9400,25.9500,25.9300,25.9350,282100
1475524739,25.9500,25.9500,25.9300,25.9500,258200
1475524746,25.9600,25.9800,25.9350,25.9550,31888800
1475524800,25.9600,25.9600,25.9600,25.9600,11285000
