uri:/instrument/1.0/GDX/chartdata;type=quote;range=1d/csv
ticker:gdx
Company-Name:VanEck Vectors Gold Miners ETF
Exchange-Name:PCX
unit:MIN
timezone:EDT
currency:USD
gmtoffset:-14400
previous_close:23.4000
Timestamp:1475674200,1475697600
labels:1475676000,1475679600,1475683200,1475686800,1475690400,1475694000,1475697600
values:Timestamp,close,high,low,open,volume
close:22.9350,23.9700
high:22.9874,23.9800
low:22.9300,23.9400
open:22.9400,23.9700
volume:13600,26345300
1475674259,23.8600,23.9100,23.8500,23.9000,1521100
1475674264,23.7600,23.8599,23.7300,23.8400,247400
1475674379,23.6623,23.7700,23.6500,23.7600,351400
1475674439,23.7400,23.7600,23.6100,23.6600,547500
1475674499,23.6900,23.7600,23.6800,23.7400,2179200
1475674559,23.6600,23.7200,23.6500,23.6900,240200
1475674619,23.6600,23.6900,23.6400,23.6600,183000
1475674678,23.7760,23.7900,23.6536,23.6650,214900
1475674739,23.7364,23.8000,23.7359,23.7800,174600
1475674799,23.7300,23.7400,23.6900,23.7360,96400
1475674858,23.7400,23.7600,23.7400,23.7400,65800
1475674919,23.7960,23.8000,23.7250,23.7400,130500
1475674920,23.7900,23.8300,23.7800,23.8000,155300
1475675039,23.8070,23.8070,23.7700,23.7900,130700
1475675098,23.8100,23.8300,23.7900,23.8100,121300
1475675155,23.8600,23.8800,23.8100,23.8200,151000
1475675215,23.8150,23.8700,23.8050,23.8636,179400
1475675277,23.8050,23.8243,23.7800,23.8150,87800
1475675338,23.7800,23.8100,23.7800,23.8015,172400
1475675399,23.7700,23.7900,23.7550,23.7800,117300
1475675456,23.7800,23.7850,23.7500,23.7800,154600
1475675519,23.8000,23.8000,23.7700,23.7800,76000
1475675577,23.8400,23.8500,23.7850,23.8000,108000
1475675639,23.9700,23.9700,23.8401,23.8401,251900
1475675699,23.9000,23.9800,23.8950,23.9700,183000
1475675759,23.9200,23.9600,23.9000,23.9000,172900
1475675760,23.9000,23.9200,23.8750,23.9200,70100
1475675821,23.9300,23.9375,23.8910,23.9000,64300
1475675939,23.9500,23.9500,23.9200,23.9200,48200
1475675940,23.9500,23.9700,23.9400,23.9450,327100
1475676059,23.6900,23.9550,23.6850,23.9550,549200
1475676119,23.6400,23.6958,23.6200,23.6900,335300
1475676179,23.5200,23.6450,23.4900,23.6400,368000
1475676239,23.6200,23.6250,23.5000,23.5100,275200
1475676298,23.6290,23.6600,23.5700,23.6150,162700
1475676300,23.5500,23.6500,23.5400,23.6300,179600
1475676419,23.5850,23.6000,23.5300,23.5400,109100
1475676477,23.6300,23.6500,23.5850,23.5900,124700
1475676539,23.5700,23.6600,23.5600,23.6370,152500
1475676598,23.5390,23.5700,23.4900,23.5700,174200
1475676659,23.4400,23.5300,23.4300,23.5300,281300
1475676719,23.4400,23.4700,23.4200,23.4450,247900
1475676779,23.3465,23.4500,23.3300,23.4450,263200
1475676839,23.3965,23.4200,23.3000,23.3400,346300
1475676899,23.2900,23.4000,23.2700,23.3950,421700
1475676959,23.3000,23.3000,23.2500,23.2900,192100
1475677019,23.2900,23.3650,23.2700,23.3000,314400
1475677021,23.2000,23.2900,23.1800,23.2900,269100
1475677139,23.2800,23.3250,23.1800,23.2000,291800
1475677199,23.2300,23.3075,23.1900,23.2800,398100
1475677200,23.2550,23.2700,23.2000,23.2300,111800
1475677260,23.3000,23.3200,23.2250,23.2500,187700
1475677379,23.2800,23.3100,23.2600,23.3000,103000
1475677439,23.2200,23.2900,23.2150,23.2858,79500
1475677499,23.2100,23.2400,23.1700,23.2250,103700
1475677559,23.2211,23.2300,23.1600,23.2200,141900
1475677619,23.2300,23.2400,23.2000,23.2300,71400
1475677677,23.2150,23.2300,23.2000,23.2250,82600
1475677738,23.2393,23.2450,23.2041,23.2150,164400
1475677799,23.3000,23.3000,23.2390,23.2400,221600
1475677858,23.2800,23.3100,23.2500,23.3000,228000
1475677918,23.2750,23.3300,23.2700,23.2850,161700
1475677979,23.1900,23.2800,23.1900,23.2750,159600
1475678038,23.2050,23.2300,23.1800,23.1950,95500
1475678099,23.2111,23.2200,23.1700,23.2200,112900
1475678159,23.2500,23.2600,23.1900,23.2100,120100
1475678219,23.3150,23.3200,23.2400,23.2450,122200
1475678279,23.3100,23.3400,23.2850,23.3150,97000
1475678338,23.4000,23.4000,23.3000,23.3100,114400
1475678399,23.3400,23.4000,23.3200,23.3900,242700
1475678459,23.3200,23.3400,23.3175,23.3301,61700
1475678519,23.3263,23.3600,23.3250,23.3250,64400
1475678579,23.2500,23.3300,23.2500,23.3250,96200
1475678639,23.2700,23.2700,23.2050,23.2500,108300
1475678699,23.2600,23.2800,23.2150,23.2700,162100
1475678757,23.2300,23.2600,23.2200,23.2600,59800
1475678819,23.2550,23.2700,23.2300,23.2400,47300
1475678820,23.2300,23.2700,23.2300,23.2600,67600
1475678939,23.2300,23.2400,23.2100,23.2300,162600
1475678997,23.2300,23.2600,23.2200,23.2300,121700
1475679059,23.2400,23.2650,23.2300,23.2400,34400
1475679118,23.2299,23.2500,23.2200,23.2400,40300
1475679179,23.2000,23.2300,23.1850,23.2200,82600
1475679182,23.2300,23.2300,23.1950,23.2000,86700
1475679243,23.2201,23.2400,23.2100,23.2250,76400
1475679359,23.1900,23.2300,23.1900,23.2224,57400
1475679419,23.1750,23.2134,23.1700,23.1900,59200
1475679479,23.1400,23.1900,23.1300,23.1800,207700
1475679539,23.1600,23.1600,23.1250,23.1400,79600
1475679599,23.1400,23.1700,23.1299,23.1600,70000
1475679659,23.1788,23.1900,23.1350,23.1350,84700
1475679660,23.1999,23.2000,23.1520,23.1800,123400
1475679776,23.1664,23.2000,23.1600,23.1962,89400
1475679839,23.1350,23.1700,23.1350,23.1600,84800
1475679898,23.1200,23.1400,23.1100,23.1300,52000
1475679959,23.1700,23.1700,23.1100,23.1200,121400
1475680018,23.1650,23.1900,23.1500,23.1650,69200
1475680020,23.2050,23.2200,23.1650,23.1700,67000
1475680139,23.2600,23.2600,23.2100,23.2100,71700
1475680199,23.3136,23.3200,23.2500,23.2559,109800
1475680258,23.2501,23.3100,23.2400,23.3100,88900
1475680316,23.2900,23.3000,23.2400,23.2500,60100
1475680378,23.2850,23.2900,23.2550,23.2900,45200
1475680438,23.2799,23.2900,23.2600,23.2800,58600
1475680440,23.2700,23.2800,23.2600,23.2750,62500
1475680556,23.2750,23.3200,23.2650,23.2750,90000
1475680619,23.2500,23.2800,23.2400,23.2750,106300
1475680678,23.2500,23.2800,23.2500,23.2500,72500
1475680738,23.2300,23.2600,23.2250,23.2550,53700
1475680797,23.2123,23.2250,23.2000,23.2230,96300
1475680858,23.2050,23.2200,23.2000,23.2150,36300
1475680916,23.1950,23.2100,23.1900,23.2090,44200
1475680921,23.2000,23.2050,23.1800,23.1901,63100
1475681038,23.2200,23.2300,23.1950,23.2000,91800
1475681099,23.2100,23.2400,23.1950,23.2200,173200
1475681103,23.2350,23.2400,23.1850,23.2100,59800
1475681218,23.2550,23.2600,23.2300,23.2350,64200
1475681279,23.3050,23.3200,23.2500,23.2600,102400
1475681336,23.2600,23.3050,23.2500,23.3035,63400
1475681395,23.2900,23.2900,23.2600,23.2650,56200
1475681458,23.2850,23.3100,23.2800,23.2900,135100
1475681519,23.3150,23.3300,23.3000,23.3000,63700
1475681578,23.3035,23.3156,23.2800,23.3150,67600
1475681636,23.3195,23.3400,23.3100,23.3100,91200
1475681699,23.2900,23.3200,23.2700,23.3150,43600
1475681752,23.2637,23.3000,23.2500,23.2900,44800
1475681819,23.2401,23.2700,23.2401,23.2650,35600
1475681879,23.2450,23.2750,23.2350,23.2500,111900
1475681936,23.2800,23.2950,23.2400,23.2500,49900
1475681997,23.2650,23.2900,23.2600,23.2900,31500
1475682058,23.2900,23.3000,23.2600,23.2604,77100
1475682118,23.3058,23.3058,23.2700,23.2850,37800
1475682179,23.2700,23.3100,23.2700,23.3000,41000
1475682180,23.2600,23.2800,23.2550,23.2700,40000
1475682298,23.2700,23.2850,23.2550,23.2600,69900
1475682359,23.2350,23.2750,23.2300,23.2700,73200
1475682361,23.2299,23.2400,23.2100,23.2300,64400
1475682475,23.2250,23.2300,23.2150,23.2300,35200
1475682538,23.2200,23.2500,23.2200,23.2300,55300
1475682599,23.1950,23.2300,23.1850,23.2300,102700
1475682658,23.2297,23.2300,23.1850,23.1950,101000
1475682719,23.1900,23.2250,23.1800,23.2200,50000
1475682777,23.1900,23.2100,23.1800,23.1900,34800
1475682835,23.2050,23.2100,23.1800,23.1801,48500
1475682841,23.1965,23.2150,23.1800,23.2100,55100
1475682959,23.2077,23.2077,23.1900,23.2000,23100
1475683016,23.2100,23.2300,23.2000,23.2100,56400
1475683075,23.2300,23.2300,23.2000,23.2000,27200
1475683138,23.2400,23.2400,23.2100,23.2200,84200
1475683198,23.2268,23.2400,23.2100,23.2338,73800
1475683259,23.1700,23.2250,23.1500,23.2200,119800
1475683319,23.1458,23.1800,23.1400,23.1670,63700
1475683379,23.1400,23.1700,23.1400,23.1500,26100
1475683439,23.1208,23.1500,23.1200,23.1400,59200
1475683499,23.1200,23.1400,23.1100,23.1200,57100
1475683500,23.1310,23.1400,23.1100,23.1150,104300
1475683619,23.1150,23.1500,23.1100,23.1350,155000
1475683677,23.1300,23.1300,23.1150,23.1200,87300
1475683686,23.1126,23.1300,23.1100,23.1200,54000
1475683798,23.1150,23.1300,23.1100,23.1100,66800
1475683857,23.1150,23.1300,23.1100,23.1200,109000
1475683919,23.1150,23.1200,23.1100,23.1101,128300
1475683979,23.0505,23.1200,23.0500,23.1150,303100
1475684039,23.0600,23.0600,23.0300,23.0539,176300
1475684099,23.0550,23.0600,23.0200,23.0500,138400
1475684159,23.0650,23.0800,23.0550,23.0550,98600
1475684219,23.0633,23.0700,23.0400,23.0600,80700
1475684220,23.0900,23.0900,23.0400,23.0650,67500
1475684338,23.0750,23.1100,23.0750,23.0900,54500
1475684399,23.0700,23.0900,23.0600,23.0800,42100
1475684459,23.0500,23.0700,23.0500,23.0650,103300
1475684517,23.0500,23.0600,23.0450,23.0500,112200
1475684578,23.0550,23.0600,23.0450,23.0500,91700
1475684637,23.0600,23.0700,23.0500,23.0600,141200
1475684698,23.0242,23.0650,23.0200,23.0650,67800
1475684759,23.0200,23.0300,23.0100,23.0200,139300
1475684760,22.9899,23.0210,22.9800,23.0150,181600
1475684877,22.9892,22.9900,22.9700,22.9900,183200
1475684939,22.9700,22.9900,22.9600,22.9850,98200
1475684999,22.9350,22.9900,22.9300,22.9737,86000
1475685059,22.9862,22.9874,22.9400,22.9400,100400
1475685116,23.0100,23.0100,22.9800,22.9850,64700
1475685178,23.0450,23.0500,23.0100,23.0100,78900
1475685235,23.0110,23.0500,23.0000,23.0500,57800
1475685240,23.0100,23.0200,23.0000,23.0100,30800
1475685300,23.0300,23.0400,23.0050,23.0100,48500
1475685418,23.0700,23.0800,23.0200,23.0300,59300
1475685479,23.1250,23.1399,23.0700,23.0800,90700
1475685539,23.0900,23.1400,23.0850,23.1300,91500
1475685540,23.0600,23.0950,23.0550,23.0950,112000
1475685656,23.0792,23.0800,23.0500,23.0600,59600
1475685719,23.0899,23.0900,23.0700,23.0800,69100
1475685778,23.0550,23.0830,23.0500,23.0800,31000
1475685838,23.0111,23.0600,23.0100,23.0600,38900
1475685899,23.0250,23.0300,23.0100,23.0111,50300
1475685958,23.0300,23.0500,23.0250,23.0300,32800
1475686017,23.0300,23.0500,23.0300,23.0300,23800
1475686078,23.0510,23.0700,23.0300,23.0399,68800
1475686137,23.0300,23.0600,23.0300,23.0500,55700
1475686199,23.0450,23.0700,23.0350,23.0350,67200
1475686256,23.0500,23.0600,23.0300,23.0544,49900
1475686317,23.0250,23.0600,23.0200,23.0500,35200
1475686378,23.0137,23.0300,23.0100,23.0300,32000
1475686382,23.0100,23.0300,23.0000,23.0199,40900
1475686444,23.0221,23.0300,23.0000,23.0138,32000
1475686501,23.0100,23.0300,23.0000,23.0200,29200
1475686615,23.0001,23.0100,23.0000,23.0063,13600
1475686677,23.0100,23.0200,22.9900,23.0050,75800
1475686739,23.0168,23.0200,23.0000,23.0100,34600
1475686797,23.0400,23.0500,23.0100,23.0100,47100
1475686858,23.0545,23.0700,23.0250,23.0385,86100
1475686919,23.0400,23.0600,23.0300,23.0600,38900
1475686977,23.0559,23.0600,23.0400,23.0400,34700
1475686985,23.0648,23.0700,23.0500,23.0500,31100
1475687096,23.0800,23.0800,23.0600,23.0600,24600
1475687157,23.1200,23.1237,23.0732,23.0800,103800
1475687218,23.1631,23.1800,23.1200,23.1200,162900
1475687279,23.1311,23.1700,23.1250,23.1700,44100
1475687339,23.1150,23.1400,23.1100,23.1400,38600
1475687387,23.1150,23.1300,23.1100,23.1200,23700
1475687455,23.1134,23.1300,23.1100,23.1200,25900
1475687517,23.0999,23.1200,23.0950,23.1100,41100
1475687579,23.1200,23.1200,23.0800,23.1000,30600
1475687639,23.1350,23.1400,23.1100,23.1118,60700
1475687699,23.1400,23.1550,23.1300,23.1350,49100
1475687759,23.1650,23.1700,23.1400,23.1500,64200
1475687819,23.1500,23.1650,23.1350,23.1600,65600
1475687820,23.1350,23.1600,23.1250,23.1550,34500
1475687939,23.1899,23.1900,23.1350,23.1350,39500
1475687999,23.2701,23.2800,23.1850,23.1900,205000
1475688000,23.2264,23.2800,23.2200,23.2800,74300
1475688119,23.3100,23.3150,23.2000,23.2200,175600
1475688179,23.2850,23.3100,23.2700,23.3100,120400
1475688180,23.2500,23.2900,23.2200,23.2862,78500
1475688291,23.2450,23.2600,23.2400,23.2500,46100
1475688359,23.2399,23.2400,23.2200,23.2400,31700
1475688361,23.2200,23.2300,23.2100,23.2300,86700
1475688479,23.2347,23.2400,23.2100,23.2200,103200
1475688538,23.2200,23.2400,23.2100,23.2400,42500
1475688540,23.1790,23.2300,23.1700,23.2250,81800
1475688657,23.2000,23.2055,23.1750,23.1750,52200
1475688719,23.2600,23.2600,23.2000,23.2000,50700
1475688778,23.2800,23.2800,23.2510,23.2600,90200
1475688839,23.2850,23.2900,23.2700,23.2800,73600
1475688898,23.2775,23.2900,23.2700,23.2900,73200
1475688957,23.2650,23.2800,23.2600,23.2800,55200
1475689018,23.3100,23.3100,23.2600,23.2685,48300
1475689021,23.3100,23.3400,23.2900,23.3000,178500
1475689139,23.2999,23.3100,23.2900,23.3100,61800
1475689199,23.2700,23.3000,23.2700,23.3000,47800
1475689201,23.2400,23.2700,23.2350,23.2650,81500
1475689315,23.2350,23.2400,23.2100,23.2300,71600
1475689377,23.2600,23.2700,23.2350,23.2400,31500
1475689438,23.2814,23.3000,23.2650,23.2650,30400
1475689498,23.2870,23.3000,23.2800,23.2800,26600
1475689559,23.3300,23.3300,23.2800,23.2800,89600
1475689619,23.3063,23.3300,23.3050,23.3300,51100
1475689679,23.2900,23.3100,23.2900,23.3100,49600
1475689733,23.3037,23.3150,23.2850,23.2900,54200
1475689798,23.4050,23.4300,23.3050,23.3100,244700
1475689858,23.3700,23.4200,23.3650,23.4000,83500
1475689919,23.4250,23.4300,23.3700,23.3700,96500
1475689979,23.4800,23.5100,23.4250,23.4266,190300
1475690039,23.4600,23.4900,23.4500,23.4800,132200
1475690099,23.4800,23.4800,23.4550,23.4550,88100
1475690159,23.5300,23.5300,23.4750,23.4800,113100
1475690219,23.4850,23.5600,23.4800,23.5300,104200
1475690279,23.5457,23.5457,23.4850,23.4900,94700
1475690339,23.5400,23.5750,23.5300,23.5400,102700
1475690399,23.5300,23.5500,23.5300,23.5400,34400
1475690459,23.4900,23.5400,23.4900,23.5300,86600
1475690517,23.4700,23.5000,23.4700,23.4900,29700
1475690579,23.5350,23.5350,23.4700,23.4700,62300
1475690638,23.5101,23.5500,23.5101,23.5400,68400
1475690699,23.5000,23.5200,23.4900,23.5147,60100
1475690758,23.5701,23.5800,23.4900,23.5000,119600
1475690818,23.5300,23.5900,23.5300,23.5701,115200
1475690878,23.5500,23.5600,23.5300,23.5350,67300
1475690937,23.5400,23.5500,23.5300,23.5500,83200
1475690997,23.5200,23.5500,23.5200,23.5300,130800
1475691002,23.5400,23.5400,23.5100,23.5200,53100
1475691119,23.5400,23.5500,23.5300,23.5400,96100
1475691179,23.5350,23.5400,23.5000,23.5350,113500
1475691238,23.5800,23.5800,23.5400,23.5400,108700
1475691298,23.5700,23.5900,23.5600,23.5900,60200
1475691359,23.5950,23.6000,23.5700,23.5700,97200
1475691419,23.6000,23.6100,23.5900,23.5950,100900
1475691420,23.5900,23.6100,23.5800,23.6000,127300
1475691539,23.5950,23.5972,23.5800,23.5900,47900
1475691598,23.5900,23.6000,23.5850,23.5900,50300
1475691600,23.5800,23.6000,23.5800,23.5900,30000
1475691718,23.5600,23.5900,23.5500,23.5900,117300
1475691779,23.5566,23.5800,23.5500,23.5650,91100
1475691838,23.5201,23.5570,23.5200,23.5500,51100
1475691898,23.5600,23.5700,23.5200,23.5250,47900
1475691959,23.5750,23.5800,23.5600,23.5600,33400
1475692019,23.5500,23.5800,23.5400,23.5701,43800
1475692079,23.5000,23.5500,23.5000,23.5400,83000
1475692139,23.5300,23.5400,23.5000,23.5000,43700
1475692198,23.5344,23.5500,23.5100,23.5400,68700
1475692259,23.5150,23.5300,23.5100,23.5300,64700
1475692319,23.5250,23.5300,23.5150,23.5150,71400
1475692379,23.5200,23.5300,23.5100,23.5200,61800
1475692438,23.5500,23.5500,23.5150,23.5200,60700
1475692499,23.5800,23.5900,23.5400,23.5500,97100
1475692559,23.5950,23.6000,23.5600,23.5800,64500
1475692619,23.5850,23.6000,23.5800,23.5950,60800
1475692679,23.6000,23.6100,23.5800,23.5900,95600
1475692739,23.6350,23.6350,23.5900,23.6050,107500
1475692799,23.6690,23.6800,23.6350,23.6400,138700
1475692859,23.6850,23.6950,23.6600,23.6600,95800
1475692919,23.6900,23.7150,23.6750,23.7000,121600
1475692979,23.6750,23.6900,23.6650,23.6850,81100
1475693039,23.6500,23.6900,23.6500,23.6800,63600
1475693099,23.6700,23.6700,23.6500,23.6550,53600
1475693159,23.6050,23.6700,23.6012,23.6700,87000
1475693217,23.6000,23.6063,23.5800,23.6050,81100
1475693278,23.5750,23.6000,23.5750,23.5950,45800
1475693285,23.5600,23.5750,23.5500,23.5700,74800
1475693394,23.6050,23.6100,23.5650,23.5700,74300
1475693400,23.6050,23.6200,23.5900,23.6050,95300
1475693517,23.6000,23.6050,23.5800,23.6050,41500
1475693578,23.5900,23.5990,23.5744,23.5950,40200
1475693638,23.5899,23.5900,23.5600,23.5850,40900
1475693687,23.5900,23.6000,23.5750,23.5860,36500
1475693759,23.6100,23.6200,23.5900,23.5900,66200
1475693819,23.6450,23.6450,23.6100,23.6150,109300
1475693879,23.6250,23.6500,23.6200,23.6350,29900
1475693939,23.6100,23.6400,23.6000,23.6250,61000
1475693997,23.5700,23.6200,23.5700,23.6000,77000
1475694055,23.5700,23.6000,23.5600,23.5700,78000
1475694119,23.6000,23.6100,23.5700,23.5799,38900
1475694177,23.6300,23.6300,23.5950,23.6000,71100
1475694238,23.6600,23.6650,23.6300,23.6300,64300
1475694298,23.6950,23.7000,23.6400,23.6600,85100
1475694357,23.6900,23.7000,23.6550,23.6901,100600
1475694418,23.7000,23.7100,23.6900,23.6900,102800
1475694478,23.7100,23.7100,23.6900,23.7050,44600
1475694538,23.7400,23.7450,23.7050,23.7050,89000
1475694594,23.7200,23.7600,23.7150,23.7396,177500
1475694606,23.7300,23.7400,23.7200,23.7240,37000
1475694716,23.7000,23.7350,23.6936,23.7239,89800
1475694779,23.7200,23.7200,23.6900,23.7099,50800
1475694837,23.7000,23.7200,23.6950,23.7152,46100
1475694897,23.6900,23.7200,23.6900,23.7000,40200
1475694959,23.6800,23.7000,23.6600,23.6900,95600
1475695018,23.6500,23.6800,23.6200,23.6800,305800
1475695022,23.6600,23.6600,23.6400,23.6500,51700
1475695139,23.6450,23.6800,23.6400,23.6600,72000
1475695197,23.6450,23.6700,23.6300,23.6400,80400
1475695259,23.6310,23.6500,23.6200,23.6500,72600
1475695318,23.6800,23.6900,23.6200,23.6350,73400
1475695376,23.6550,23.6800,23.6550,23.6782,44200
1475695437,23.6500,23.6600,23.6400,23.6550,71700
1475695497,23.6600,23.6600,23.6300,23.6550,70300
1475695500,23.6600,23.6800,23.6600,23.6600,56300
1475695618,23.7000,23.7000,23.6600,23.6699,84200
1475695674,23.6600,23.7000,23.6549,23.7000,49700
1475695739,23.6100,23.6700,23.6100,23.6601,79200
1475695799,23.5800,23.6115,23.5650,23.6100,103700
1475695858,23.5700,23.6000,23.5400,23.5700,145200
1475695919,23.6050,23.6200,23.5600,23.5700,68500
1475695978,23.6000,23.6100,23.5800,23.6100,58200
1475696039,23.6000,23.6000,23.5800,23.5950,71800
1475696040,23.5850,23.6100,23.5850,23.5900,42900
1475696157,23.5800,23.5900,23.5500,23.5900,85900
1475696219,23.5500,23.5750,23.5450,23.5749,75800
1475696279,23.5750,23.5900,23.5500,23.5500,51800
1475696339,23.5850,23.6100,23.5750,23.5800,76500
1475696398,23.5800,23.6000,23.5650,23.5850,65500
1475696459,23.5700,23.5900,23.5700,23.5800,119100
1475696519,23.5700,23.5799,23.5500,23.5700,65100
1475696579,23.5900,23.6000,23.5700,23.5750,117500
1475696639,23.5950,23.6000,23.5750,23.5900,107700
1475696698,23.5700,23.6000,23.5700,23.5950,124000
1475696759,23.5700,23.6000,23.5700,23.5700,91300
1475696819,23.5650,23.5800,23.5650,23.5750,52400
1475696879,23.5500,23.5750,23.5300,23.5700,168100
1475696938,23.5300,23.5600,23.5200,23.5500,91600
1475696998,23.5350,23.5400,23.5100,23.5250,131000
1475697059,23.5302,23.5500,23.5300,23.5400,119500
1475697118,23.5400,23.5400,23.5200,23.5300,118300
1475697179,23.5500,23.5600,23.5200,23.5334,145300
1475697239,23.5500,23.5600,23.5300,23.5400,121000
1475697299,23.5400,23.5500,23.5300,23.5500,136600
1475697358,23.5550,23.5700,23.5500,23.5500,138500
1475697419,23.5400,23.5700,23.5300,23.5600,118300
1475697479,23.5737,23.5900,23.5400,23.5400,172500
1475697539,23.5750,23.5850,23.5650,23.5800,278600
1475697540,23.5600,23.5750,23.5500,23.5750,26345300
1475697600,23.5800,23.5800,23.5800,23.5800,22699000
