uri:/instrument/1.0/PFE/chartdata;type=quote;range=1d/csv
ticker:pfe
Company-Name:Pfizer, Inc. Common Stock
Exchange-Name:NYQ
unit:MIN
timezone:EDT
currency:USD
gmtoffset:-14400
previous_close:33.6500
Timestamp:1475847000,1475870400
labels:1475848800,1475852400,1475856000,1475859600,1475863200,1475866800,1475870400
values:Timestamp,close,high,low,open,volume
close:33.4200,33.8750
high:33.4398,33.9500
low:33.4200,33.7900
open:33.4200,33.8700
volume:200,471700
1475847013,33.8750,33.9500,33.7000,33.8600,449600
1475847119,33.8000,33.8800,33.7900,33.8700,41600
1475847178,33.7900,33.8350,33.7800,33.8000,78000
1475847180,33.8000,33.8400,33.7850,33.7900,24700
1475847242,33.7350,33.7950,33.7150,33.7950,47300
1475847358,33.6800,33.7500,33.6700,33.7500,60500
1475847419,33.6900,33.6900,33.6500,33.6800,18400
1475847420,33.6800,33.6900,33.6500,33.6900,47100
1475847538,33.6800,33.6900,33.6600,33.6750,46100
1475847597,33.6600,33.7000,33.6600,33.6700,83200
1475847659,33.6601,33.6900,33.6531,33.6600,18800
1475847661,33.6870,33.7100,33.6600,33.6650,73200
1475847778,33.6800,33.7000,33.6750,33.6800,25200
1475847780,33.6800,33.6900,33.6700,33.6800,23200
1475847898,33.6400,33.6800,33.6400,33.6800,19600
1475847959,33.6500,33.6600,33.6400,33.6400,30500
1475848019,33.6300,33.6500,33.6100,33.6500,160000
1475848020,33.6200,33.6400,33.6150,33.6300,44400
1475848092,33.5700,33.6300,33.5650,33.6250,304600
1475848144,33.5350,33.5785,33.5300,33.5700,24000
1475848259,33.5400,33.5600,33.5200,33.5350,79900
1475848260,33.5500,33.5600,33.5300,33.5400,183000
1475848379,33.5450,33.5500,33.5400,33.5400,54800
1475848432,33.5450,33.5500,33.5400,33.5446,46500
1475848440,33.5460,33.5600,33.5400,33.5400,158400
1475848557,33.5400,33.5500,33.5300,33.5400,83700
1475848564,33.5300,33.5500,33.5200,33.5500,39700
1475848623,33.5450,33.5500,33.5200,33.5300,44400
1475848680,33.5500,33.5500,33.5300,33.5400,17500
1475848799,33.5250,33.5500,33.5200,33.5500,38000
1475848856,33.5800,33.5800,33.5300,33.5300,54100
1475848861,33.5450,33.6000,33.5400,33.5800,132400
1475848979,33.5500,33.5600,33.5300,33.5400,38800
1475849039,33.5550,33.5700,33.5400,33.5450,61100
1475849041,33.5467,33.5600,33.5400,33.5600,15800
1475849155,33.5500,33.5500,33.5400,33.5450,78100
1475849162,33.5400,33.5600,33.5400,33.5500,140400
1475849274,33.5500,33.5500,33.5400,33.5400,2500
1475849280,33.5400,33.5500,33.5400,33.5450,59800
1475849399,33.5500,33.5600,33.5400,33.5432,106500
1475849403,33.5500,33.5550,33.5400,33.5450,102100
1475849519,33.5410,33.5500,33.5400,33.5450,7000
1475849520,33.5500,33.5500,33.5400,33.5500,13600
1475849581,33.5500,33.5500,33.5400,33.5400,3200
1475849693,33.5450,33.5500,33.5400,33.5450,50500
1475849759,33.5600,33.5700,33.5400,33.5498,86300
1475849819,33.5500,33.5500,33.5400,33.5400,12400
1475849820,33.5400,33.5500,33.5400,33.5500,17800
1475849939,33.5350,33.5500,33.5200,33.5400,69900
1475849996,33.5500,33.5600,33.5366,33.5399,64900
1475850059,33.5400,33.5500,33.5350,33.5500,28000
1475850119,33.5434,33.5500,33.5400,33.5500,55400
1475850179,33.5400,33.5500,33.5350,33.5500,23000
1475850239,33.5400,33.5500,33.5400,33.5500,10700
1475850298,33.5500,33.5500,33.5400,33.5450,87300
1475850358,33.5501,33.5900,33.5500,33.5500,471100
1475850361,33.5590,33.5600,33.5500,33.5550,9900
1475850471,33.5500,33.5600,33.5500,33.5500,10600
1475850486,33.5600,33.5600,33.5500,33.5600,13000
1475850541,33.5550,33.5600,33.5500,33.5555,7100
1475850612,33.5700,33.5700,33.5550,33.5550,17900
1475850717,33.6000,33.6100,33.5650,33.5650,60100
1475850776,33.6001,33.6100,33.5900,33.6000,41700
1475850782,33.5950,33.6100,33.5900,33.6050,8500
1475850898,33.5800,33.5900,33.5700,33.5900,15700
1475850957,33.5900,33.5900,33.5700,33.5799,13000
1475851018,33.5701,33.5900,33.5701,33.5800,28400
1475851078,33.5700,33.5800,33.5700,33.5710,23800
1475851081,33.5850,33.6000,33.5650,33.5690,29800
1475851199,33.6300,33.6300,33.5900,33.5900,31100
1475851254,33.6100,33.6400,33.6100,33.6300,16100
1475851318,33.6285,33.6300,33.6100,33.6166,52800
1475851320,33.6100,33.6300,33.6100,33.6200,11100
1475851436,33.6100,33.6400,33.6100,33.6139,87800
1475851498,33.5850,33.6150,33.5850,33.6150,11600
1475851559,33.5900,33.5900,33.5800,33.5900,16000
1475851562,33.5950,33.5950,33.5800,33.5900,5900
1475851679,33.5967,33.6000,33.5900,33.5952,8800
1475851686,33.5800,33.5950,33.5800,33.5950,5800
1475851795,33.5800,33.5864,33.5700,33.5864,14600
1475851801,33.5900,33.6000,33.5700,33.5750,15500
1475851861,33.5850,33.5950,33.5800,33.5900,6200
1475851920,33.5550,33.5850,33.5515,33.5800,52100
1475851981,33.5510,33.5600,33.5500,33.5550,11600
1475852041,33.5550,33.5600,33.5500,33.5550,10700
1475852159,33.5500,33.5581,33.5400,33.5550,27200
1475852160,33.5500,33.5550,33.5400,33.5500,22400
1475852220,33.5250,33.5550,33.5200,33.5510,68300
1475852339,33.5100,33.5300,33.5000,33.5200,76500
1475852341,33.4998,33.5100,33.4900,33.5100,82000
1475852457,33.4750,33.4999,33.4700,33.4999,30400
1475852519,33.4800,33.4800,33.4600,33.4790,49300
1475852575,33.4900,33.4900,33.4800,33.4800,25500
1475852637,33.4900,33.4900,33.4800,33.4900,18800
1475852645,33.4935,33.5000,33.4800,33.4800,24100
1475852701,33.4950,33.5000,33.4900,33.4950,7200
1475852812,33.4950,33.5000,33.4900,33.4900,7500
1475852823,33.5000,33.5000,33.4900,33.4950,6600
1475852881,33.4950,33.5000,33.4900,33.5000,5300
1475852944,33.5200,33.5200,33.4900,33.5000,14100
1475853052,33.5061,33.5190,33.5000,33.5110,16800
1475853111,33.4950,33.5071,33.4900,33.5000,20200
1475853167,33.4946,33.5000,33.4946,33.4990,6400
1475853237,33.4848,33.4951,33.4800,33.4900,15400
1475853240,33.4800,33.4850,33.4750,33.4850,14200
1475853359,33.4800,33.4800,33.4700,33.4750,19100
1475853360,33.4850,33.4860,33.4700,33.4700,32900
1475853479,33.4850,33.4900,33.4800,33.4800,25500
1475853539,33.4886,33.4900,33.4800,33.4800,13300
1475853598,33.5000,33.5000,33.4817,33.4850,74700
1475853600,33.4900,33.5000,33.4800,33.4901,28100
1475853660,33.4885,33.5000,33.4850,33.4900,39400
1475853779,33.5100,33.5100,33.4850,33.4884,33000
1475853781,33.5062,33.5100,33.5000,33.5100,16900
1475853899,33.5000,33.5100,33.5000,33.5000,25900
1475853959,33.5200,33.5200,33.5000,33.5000,17800
1475853960,33.5090,33.5150,33.5000,33.5150,9300
1475854075,33.5200,33.5200,33.5050,33.5050,15600
1475854081,33.5122,33.5300,33.5000,33.5101,46600
1475854199,33.5200,33.5300,33.5100,33.5200,15200
1475854259,33.5400,33.5400,33.5200,33.5200,14700
1475854319,33.5550,33.5600,33.5401,33.5500,13400
1475854320,33.5500,33.5600,33.5400,33.5550,13200
1475854436,33.5400,33.5600,33.5400,33.5450,23500
1475854497,33.5250,33.5400,33.5200,33.5400,23300
1475854559,33.5250,33.5300,33.5200,33.5250,3300
1475854560,33.5050,33.5250,33.5000,33.5250,16700
1475854621,33.4825,33.5100,33.4800,33.5000,101100
1475854739,33.4800,33.4900,33.4750,33.4800,10200
1475854744,33.4900,33.4900,33.4750,33.4800,22400
1475854859,33.4800,33.4900,33.4700,33.4800,108400
1475854860,33.4799,33.4900,33.4700,33.4850,8100
1475854920,33.4790,33.4800,33.4700,33.4753,4600
1475854986,33.4800,33.4800,33.4700,33.4800,16400
1475855041,33.4710,33.4800,33.4710,33.4799,5500
1475855103,33.4750,33.4800,33.4700,33.4789,11500
1475855161,33.4650,33.4800,33.4500,33.4700,35700
1475855220,33.4700,33.4700,33.4500,33.4600,35400
1475855335,33.4800,33.4800,33.4652,33.4700,50800
1475855399,33.4800,33.4800,33.4650,33.4800,24700
1475855459,33.4750,33.4800,33.4600,33.4800,11800
1475855518,33.4800,33.4800,33.4500,33.4700,165600
1475855579,33.4850,33.4900,33.4600,33.4800,36000
1475855632,33.4750,33.4850,33.4750,33.4850,9000
1475855696,33.4850,33.4900,33.4700,33.4800,84900
1475855700,33.4850,33.4900,33.4750,33.4800,20900
1475855819,33.4800,33.4850,33.4700,33.4800,12500
1475855878,33.4800,33.4800,33.4700,33.4790,8200
1475855881,33.4700,33.4850,33.4700,33.4800,43500
1475855999,33.4700,33.4800,33.4700,33.4750,21500
1475856058,33.5200,33.5300,33.4600,33.4700,73000
1475856060,33.4900,33.5250,33.4800,33.5200,36500
1475856179,33.4900,33.5000,33.4800,33.4900,14800
1475856238,33.4900,33.5000,33.4800,33.4850,17400
1475856241,33.4700,33.4950,33.4600,33.4900,22000
1475856359,33.4700,33.4800,33.4700,33.4750,34000
1475856419,33.4750,33.4800,33.4500,33.4700,21300
1475856476,33.4744,33.4800,33.4733,33.4743,2200
1475856532,33.4800,33.4800,33.4700,33.4700,2200
1475856542,33.4700,33.4759,33.4600,33.4700,24100
1475856605,33.4700,33.4800,33.4700,33.4750,9400
1475856716,33.4683,33.4800,33.4600,33.4700,14900
1475856779,33.4500,33.4600,33.4300,33.4600,86300
1475856780,33.4500,33.4572,33.4410,33.4450,14400
1475856899,33.4400,33.4600,33.4400,33.4600,32000
1475856900,33.4436,33.4500,33.4300,33.4500,12000
1475856960,33.4334,33.4400,33.4300,33.4400,6500
1475857079,33.4400,33.4400,33.4300,33.4300,7400
1475857084,33.4400,33.4500,33.4300,33.4400,20300
1475857143,33.4500,33.4500,33.4350,33.4500,13100
1475857259,33.4300,33.4500,33.4200,33.4401,12700
1475857319,33.4500,33.4500,33.4250,33.4300,17000
1475857379,33.4500,33.4600,33.4400,33.4500,15400
1475857385,33.4400,33.4500,33.4355,33.4500,11600
1475857495,33.4400,33.4400,33.4300,33.4300,7700
1475857558,33.4450,33.4450,33.4300,33.4366,7000
1475857619,33.4500,33.4500,33.4400,33.4450,8800
1475857679,33.4550,33.4550,33.4300,33.4400,12900
1475857738,33.4540,33.4600,33.4500,33.4500,11100
1475857745,33.4620,33.4638,33.4500,33.4550,10600
1475857801,33.4550,33.4699,33.4500,33.4699,17500
1475857918,33.4662,33.4800,33.4500,33.4550,20700
1475857978,33.4650,33.4700,33.4600,33.4680,4500
1475857985,33.4681,33.4700,33.4500,33.4650,14400
1475858043,33.4500,33.4800,33.4500,33.4650,19900
1475858102,33.4600,33.4600,33.4500,33.4550,4800
1475858165,33.4700,33.4700,33.4550,33.4600,12400
1475858220,33.4550,33.4700,33.4550,33.4650,11600
1475858291,33.4599,33.4600,33.4500,33.4555,3400
1475858396,33.4450,33.4600,33.4450,33.4500,17300
1475858459,33.4600,33.4600,33.4500,33.4500,20800
1475858460,33.4500,33.4650,33.4400,33.4550,18400
1475858527,33.4400,33.4550,33.4400,33.4550,10100
1475858582,33.4500,33.4500,33.4350,33.4465,11300
1475858643,33.4510,33.4600,33.4500,33.4500,14700
1475858704,33.4600,33.4600,33.4500,33.4500,5400
1475858817,33.4800,33.4800,33.4600,33.4600,13100
1475858820,33.5000,33.5000,33.4800,33.4800,13100
1475858885,33.5000,33.5100,33.4900,33.5000,32500
1475858945,33.4950,33.5000,33.4900,33.4950,3500
1475859059,33.4800,33.4956,33.4800,33.4950,25900
1475859061,33.4750,33.4890,33.4700,33.4800,19900
1475859126,33.4750,33.4800,33.4700,33.4750,7000
1475859239,33.4700,33.4900,33.4700,33.4800,44400
1475859240,33.4700,33.4796,33.4700,33.4747,7400
1475859309,33.4800,33.4800,33.4700,33.4750,14900
1475859362,33.4700,33.4800,33.4700,33.4800,12000
1475859476,33.4600,33.4750,33.4600,33.4700,3200
1475859539,33.4700,33.4700,33.4600,33.4600,21800
1475859598,33.4600,33.4700,33.4600,33.4700,7000
1475859654,33.4643,33.4689,33.4600,33.4600,3800
1475859719,33.4600,33.4900,33.4500,33.4600,188600
1475859779,33.4248,33.4670,33.4200,33.4670,61000
1475859839,33.4300,33.4400,33.4200,33.4250,29100
1475859899,33.4200,33.4400,33.4200,33.4300,26600
1475859959,33.4300,33.4398,33.4200,33.4200,48300
1475859960,33.4400,33.4450,33.4200,33.4300,34300
1475860078,33.4400,33.4500,33.4300,33.4450,11600
1475860138,33.4447,33.4500,33.4400,33.4450,21200
1475860143,33.4489,33.4500,33.4400,33.4500,12500
1475860200,33.4500,33.4600,33.4400,33.4500,20500
1475860278,33.4600,33.4600,33.4500,33.4500,3800
1475860368,33.4550,33.4600,33.4500,33.4600,6600
1475860388,33.4600,33.4600,33.4500,33.4550,4200
1475860499,33.4300,33.4600,33.4300,33.4550,103800
1475860559,33.4600,33.4600,33.4350,33.4350,43300
1475860619,33.4700,33.4750,33.4600,33.4600,43500
1475860620,33.4699,33.4700,33.4600,33.4650,23500
1475860685,33.4600,33.4700,33.4500,33.4700,30000
1475860755,33.4599,33.4600,33.4542,33.4600,500
1475860800,33.4566,33.4650,33.4500,33.4550,26600
1475860918,33.4450,33.4600,33.4450,33.4501,14000
1475860970,33.4400,33.4462,33.4300,33.4400,49000
1475860983,33.4550,33.4600,33.4450,33.4500,14400
1475861046,33.4450,33.4600,33.4450,33.4500,5400
1475861111,33.4600,33.4650,33.4500,33.4500,10900
1475861219,33.4900,33.4900,33.4600,33.4600,96000
1475861278,33.4900,33.5000,33.4850,33.4900,13800
1475861280,33.5000,33.5100,33.4900,33.4900,63300
1475861350,33.5058,33.5100,33.5000,33.5000,50500
1475861406,33.5100,33.5150,33.5000,33.5000,10300
1475861462,33.5200,33.5245,33.5100,33.5100,10400
1475861573,33.5261,33.5261,33.5200,33.5250,13900
1475861584,33.5499,33.5600,33.5200,33.5290,37300
1475861643,33.5600,33.5700,33.5500,33.5500,13800
1475861700,33.5700,33.5800,33.5650,33.5650,12000
1475861814,33.5600,33.5700,33.5546,33.5700,18000
1475861820,33.5650,33.5699,33.5600,33.5630,4800
1475861882,33.5700,33.5729,33.5550,33.5600,26400
1475861988,33.5610,33.5730,33.5601,33.5601,10700
1475862055,33.5900,33.5900,33.5700,33.5700,26100
1475862061,33.5800,33.5850,33.5800,33.5800,2200
1475862123,33.5700,33.5850,33.5700,33.5850,10200
1475862231,33.5750,33.5790,33.5700,33.5753,5200
1475862240,33.5700,33.5900,33.5700,33.5800,24600
1475862300,33.5750,33.5867,33.5700,33.5800,10500
1475862363,33.5900,33.5900,33.5758,33.5800,11200
1475862434,33.5799,33.5900,33.5700,33.5800,10500
1475862538,33.5753,33.5800,33.5700,33.5700,8300
1475862540,33.5800,33.5800,33.5700,33.5700,4100
1475862657,33.5500,33.5800,33.5400,33.5750,108700
1475862714,33.5600,33.5600,33.5500,33.5500,4800
1475862779,33.5500,33.5600,33.5400,33.5550,19600
1475862839,33.5400,33.5500,33.5400,33.5450,5300
1475862897,33.5233,33.5490,33.5233,33.5400,22700
1475862902,33.5300,33.5300,33.5200,33.5300,10600
1475863012,33.5400,33.5400,33.5200,33.5300,16400
1475863078,33.5350,33.5400,33.5300,33.5400,5300
1475863082,33.5300,33.5400,33.5300,33.5300,9400
1475863142,33.5300,33.5301,33.5000,33.5301,104000
1475863206,33.5490,33.5500,33.5250,33.5250,13900
1475863317,33.5450,33.5500,33.5400,33.5500,4500
1475863322,33.5450,33.5500,33.5400,33.5400,2800
1475863380,33.5400,33.5500,33.5400,33.5500,7900
1475863498,33.5300,33.5500,33.5200,33.5400,26700
1475863501,33.5100,33.5260,33.5100,33.5200,17900
1475863619,33.5000,33.5200,33.4900,33.5100,85800
1475863679,33.4900,33.5000,33.4900,33.4950,28700
1475863680,33.4950,33.5000,33.4800,33.4950,69200
1475863799,33.4950,33.5050,33.4901,33.4950,80800
1475863857,33.5200,33.5300,33.5000,33.5000,51200
1475863915,33.5300,33.5500,33.5250,33.5250,28300
1475863979,33.5500,33.5600,33.5300,33.5350,32000
1475864033,33.5500,33.5570,33.5350,33.5500,15700
1475864098,33.5500,33.5500,33.5400,33.5454,7700
1475864100,33.5550,33.5600,33.5500,33.5500,7000
1475864214,33.5700,33.5750,33.5500,33.5500,30700
1475864276,33.5555,33.5700,33.5500,33.5662,17300
1475864337,33.5500,33.5650,33.5400,33.5500,23400
1475864399,33.5600,33.5700,33.5550,33.5600,9100
1475864457,33.5601,33.5700,33.5550,33.5600,14000
1475864516,33.5799,33.5800,33.5620,33.5700,37100
1475864526,33.5700,33.5800,33.5700,33.5700,5700
1475864580,33.5500,33.5700,33.5500,33.5700,21000
1475864641,33.5550,33.5590,33.5500,33.5500,7100
1475864757,33.5447,33.5600,33.5447,33.5500,18600
1475864763,33.5450,33.5500,33.5401,33.5450,20800
1475864820,33.5500,33.5600,33.5400,33.5400,37600
1475864939,33.5400,33.5500,33.5400,33.5500,15200
1475864942,33.5350,33.5499,33.5300,33.5400,6300
1475865059,33.5300,33.5400,33.5300,33.5300,20000
1475865117,33.5300,33.5400,33.5300,33.5350,10100
1475865179,33.5400,33.5400,33.5300,33.5300,11300
1475865180,33.5600,33.5600,33.5350,33.5400,44500
1475865240,33.5550,33.5600,33.5500,33.5600,5900
1475865309,33.5590,33.5600,33.5500,33.5500,4300
1475865360,33.5400,33.5600,33.5300,33.5500,32000
1475865422,33.5400,33.5500,33.5400,33.5407,4900
1475865539,33.5401,33.5452,33.5400,33.5450,4600
1475865540,33.5400,33.5500,33.5400,33.5400,4400
1475865654,33.5475,33.5500,33.5400,33.5400,17800
1475865718,33.5450,33.5500,33.5400,33.5400,10400
1475865779,33.5500,33.5500,33.5400,33.5450,7100
1475865780,33.5434,33.5500,33.5400,33.5400,15900
1475865848,33.5400,33.5500,33.5400,33.5434,3100
1475865959,33.5400,33.5500,33.5300,33.5450,104900
1475866019,33.5700,33.5790,33.5300,33.5400,92600
1475866075,33.5800,33.5800,33.5700,33.5771,9900
1475866081,33.5800,33.5900,33.5700,33.5900,10200
1475866143,33.5800,33.5800,33.5710,33.5800,15600
1475866200,33.5800,33.5850,33.5728,33.5800,9800
1475866265,33.5752,33.5850,33.5710,33.5850,10900
1475866376,33.5800,33.5800,33.5700,33.5700,4300
1475866438,33.5600,33.5800,33.5600,33.5750,4300
1475866495,33.5550,33.5600,33.5501,33.5600,13500
1475866552,33.5550,33.5600,33.5500,33.5550,6800
1475866616,33.5650,33.5700,33.5547,33.5600,19200
1475866678,33.5700,33.5700,33.5600,33.5600,4900
1475866739,33.5700,33.5700,33.5600,33.5700,11600
1475866740,33.5800,33.5900,33.5700,33.5700,33100
1475866803,33.6100,33.6100,33.5800,33.5800,51200
1475866919,33.5950,33.6100,33.5900,33.6100,22300
1475866920,33.5800,33.6000,33.5700,33.5900,28500
1475867000,33.5850,33.5900,33.5800,33.5900,4000
1475867040,33.5850,33.5900,33.5800,33.5800,11600
1475867102,33.5900,33.5900,33.5801,33.5810,7900
1475867213,33.6000,33.6000,33.5900,33.5900,13000
1475867274,33.5952,33.6000,33.5900,33.5960,7400
1475867339,33.5900,33.5950,33.5800,33.5900,22000
1475867397,33.5700,33.5900,33.5700,33.5900,18400
1475867458,33.5810,33.5900,33.5700,33.5800,18700
1475867519,33.5900,33.5900,33.5810,33.5850,10200
1475867520,33.5810,33.5900,33.5800,33.5850,8400
1475867638,33.5712,33.5850,33.5700,33.5850,14300
1475867698,33.5600,33.5800,33.5600,33.5780,123900
1475867759,33.5800,33.5800,33.5600,33.5650,27200
1475867818,33.5800,33.5900,33.5760,33.5800,11300
1475867820,33.5849,33.5855,33.5750,33.5800,19300
1475867937,33.5842,33.5900,33.5842,33.5900,5100
1475867943,33.5800,33.5900,33.5800,33.5850,24300
1475868058,33.5800,33.5900,33.5800,33.5900,6000
1475868119,33.5800,33.5900,33.5800,33.5850,13500
1475868174,33.5800,33.5900,33.5800,33.5800,6900
1475868239,33.5850,33.5900,33.5800,33.5800,6800
1475868240,33.5950,33.6000,33.5800,33.5800,40300
1475868301,33.6000,33.6000,33.5950,33.6000,4400
1475868417,33.5950,33.6000,33.5900,33.6000,10800
1475868479,33.6100,33.6100,33.5900,33.5950,18600
1475868539,33.6050,33.6100,33.6000,33.6039,13200
1475868598,33.6050,33.6100,33.6000,33.6000,5800
1475868657,33.6400,33.6400,33.6050,33.6050,53600
1475868663,33.6400,33.6400,33.6300,33.6400,8600
1475868771,33.6268,33.6400,33.6250,33.6400,28400
1475868837,33.6200,33.6300,33.6200,33.6250,15900
1475868899,33.6200,33.6300,33.6100,33.6201,29800
1475868903,33.6200,33.6200,33.6100,33.6100,29900
1475868961,33.6100,33.6200,33.6100,33.6200,78100
1475869020,33.6100,33.6200,33.6000,33.6100,46600
1475869131,33.6145,33.6200,33.6100,33.6100,55700
1475869199,33.6000,33.6200,33.6000,33.6175,22300
1475869259,33.6050,33.6100,33.6000,33.6000,28200
1475869260,33.6099,33.6100,33.6000,33.6099,19500
1475869379,33.6000,33.6100,33.6000,33.6050,9400
1475869439,33.6100,33.6100,33.6000,33.6000,23000
1475869498,33.5940,33.6050,33.5900,33.6000,21800
1475869558,33.5900,33.6000,33.5900,33.5950,64700
1475869619,33.6000,33.6000,33.5800,33.5900,91300
1475869679,33.6000,33.6000,33.5900,33.6000,33200
1475869737,33.5900,33.6000,33.5900,33.6000,15700
1475869799,33.5900,33.6000,33.5900,33.5950,18300
1475869800,33.6300,33.6300,33.5900,33.5900,81000
1475869860,33.6200,33.6300,33.6110,33.6300,85500
1475869920,33.6200,33.6200,33.6100,33.6150,49500
1475869980,33.6400,33.6400,33.6150,33.6200,67700
1475870099,33.6101,33.6400,33.6100,33.6350,50700
1475870101,33.6400,33.6400,33.6100,33.6150,83900
1475870219,33.6200,33.6300,33.6200,33.6200,101400
1475870220,33.6250,33.6300,33.6200,33.6250,46000
1475870339,33.6050,33.6300,33.5950,33.6250,200300
1475870399,33.5600,33.6100,33.5500,33.6050,471700
1475870400,33.5600,33.5600,33.5600,33.5600,200
