uri:/instrument/1.0/RE/chartdata;type=quote;range=1d/csv
ticker:re
Company-Name:Everest Re Group, Ltd. Common S
Exchange-Name:NYQ
unit:MIN
timezone:EDT
currency:USD
gmtoffset:-14400
previous_close:185.6300
Timestamp:1475760600,1475784000
labels:1475762400,1475766000,1475769600,1475773200,1475776800,1475780400,1475784000
values:Timestamp,close,high,low,open,volume
close:183.1800,185.7700
high:183.3400,185.8800
low:183.0400,185.7700
open:183.2400,185.7700
volume:100,13500
1475760600,185.7700,185.7700,185.7700,185.7700,2100
1475760694,185.6400,185.8800,185.6300,185.7300,2200
1475760763,185.7500,185.7500,185.7500,185.7500,100
1475760834,185.5500,185.7400,185.5500,185.7400,500
1475760842,185.3900,185.5300,185.3900,185.5300,2100
1475760935,184.5100,184.7100,184.2900,184.2900,2300
1475761041,184.4950,184.4950,184.4950,184.4950,100
1475761135,185.1600,185.1600,184.4900,184.4900,1600
1475761154,184.8450,184.8450,184.8450,184.8450,300
1475761202,184.7100,184.8200,184.5800,184.8200,1200
1475761309,184.5900,184.6660,184.5900,184.6660,200
1475761376,184.6000,184.7121,184.6000,184.7121,600
1475761558,184.7800,184.9400,184.7800,184.9400,200
1475761619,184.8000,185.1800,184.8000,185.1800,200
1475761673,184.6500,184.8850,184.6000,184.8001,1700
1475761684,184.9700,184.9700,184.9700,184.9700,100
1475761759,185.1000,185.3600,184.8000,184.9900,1800
1475761839,185.2100,185.2100,184.8900,185.0000,900
1475761954,185.1550,185.1550,184.9100,184.9100,600
1475762145,184.8600,184.8600,184.8600,184.8600,100
1475762184,184.9700,184.9700,184.9200,184.9200,400
1475762251,184.9200,185.1200,184.9200,185.1200,900
1475762329,184.8800,185.1000,184.8800,185.1000,1100
1475762465,184.9100,185.0600,184.9000,184.9000,600
1475762609,184.9900,185.0005,184.8700,185.0005,800
1475762647,184.9300,185.0200,184.9300,185.0200,600
1475762757,185.0900,185.1100,184.9400,185.0600,1400
1475762761,184.8900,185.1800,184.8000,185.0900,8500
1475762872,184.8100,185.0100,184.5900,184.9900,6700
1475762886,184.5800,184.6650,184.4900,184.5500,1700
1475762997,184.6400,184.6400,184.5400,184.5400,1000
1475763059,184.8500,184.9600,184.7000,184.7000,3700
1475763065,184.9000,184.9800,184.8800,184.9700,1600
1475763177,184.7600,184.7600,184.7600,184.7600,100
1475763353,184.7800,184.7800,184.7800,184.7800,100
1475763365,184.8600,184.8600,184.8600,184.8600,200
1475763494,184.7500,184.7700,184.7500,184.7700,200
1475763554,184.9600,184.9600,184.8500,184.8500,1300
1475763603,184.9800,185.0800,184.9800,185.0100,1400
1475763672,184.8300,184.9950,184.8300,184.9950,1800
1475763778,184.7240,184.7240,184.7240,184.7240,100
1475763884,184.8300,184.9000,184.8300,184.9000,200
1475763972,184.7700,184.7700,184.7700,184.7700,100
1475764032,184.7900,184.7900,184.7500,184.7500,600
1475764192,184.7400,184.7400,184.7400,184.7400,100
1475764218,184.7200,184.7200,184.7200,184.7200,200
1475764351,184.7200,184.7850,184.7200,184.7200,800
1475764415,184.6900,184.7500,184.6850,184.7200,1400
1475764493,184.8650,184.8900,184.6900,184.7400,3000
1475764502,184.7900,184.7900,184.7900,184.7900,100
1475764568,185.0000,185.0000,185.0000,185.0000,100
1475764657,184.9100,185.0050,184.8100,184.9400,3000
1475764728,184.7900,184.9400,184.7800,184.9400,2300
1475764745,184.8500,184.8500,184.8500,184.8500,100
1475764847,184.7800,184.8000,184.7700,184.7700,800
1475765039,184.9000,184.9000,184.8000,184.8650,1200
1475765150,184.8500,185.0100,184.8300,184.9000,6100
1475765195,184.8200,184.8200,184.7700,184.8200,800
1475765428,184.6900,184.6900,184.6800,184.6800,400
1475765515,184.5965,184.5965,184.5965,184.5965,200
1475765639,184.6000,184.6000,184.5200,184.5200,800
1475765699,184.7500,184.7500,184.5500,184.6000,5300
1475765753,184.6650,184.6800,184.4600,184.6800,4400
1475765814,184.3800,184.7500,184.3800,184.7500,2700
1475765869,184.6000,184.6700,184.4900,184.4900,2100
1475765899,184.5900,184.7400,184.5900,184.6600,2400
1475765955,184.5000,184.5500,184.4100,184.5500,3600
1475766059,184.6200,184.6600,184.5100,184.5100,1600
1475766117,184.5100,184.6200,184.4400,184.5900,2500
1475766178,184.5400,184.5900,184.3000,184.5900,3900
1475766223,184.4800,184.5600,184.3600,184.5600,1400
1475766268,184.4000,184.4000,184.4000,184.4000,300
1475766406,184.5050,184.5050,184.4500,184.4500,300
1475766445,184.3200,184.5050,184.3200,184.5050,900
1475766525,184.3800,184.3800,184.3800,184.3800,200
1475766592,184.3400,184.4000,184.3400,184.4000,200
1475766603,184.4100,184.5300,184.3750,184.4000,2400
1475766676,184.3750,184.3750,184.2900,184.2900,800
1475766776,184.5100,184.5100,184.5100,184.5100,100
1475766825,184.4750,184.4750,184.3950,184.4100,1700
1475766886,184.4050,184.4050,184.4050,184.4050,200
1475766956,184.3900,184.4050,184.3900,184.4050,1000
1475767036,184.3200,184.3900,184.3200,184.3900,700
1475767089,184.4300,184.4300,184.4300,184.4300,200
1475767156,184.2900,184.3800,184.1900,184.3800,1800
1475767262,184.0700,184.2100,184.0700,184.2000,1000
1475767331,184.0600,184.0600,184.0600,184.0600,400
1475767403,184.0100,184.3500,184.0100,184.2400,5500
1475767440,183.9200,184.0400,183.7400,183.9600,3100
1475767542,184.0600,184.2900,183.8600,183.8600,1400
1475767574,184.0900,184.0900,184.0900,184.0900,200
1475767677,183.7650,184.0300,183.7650,184.0300,700
1475767704,183.9100,184.0400,183.9000,183.9000,800
1475767801,184.0250,184.1700,184.0200,184.1700,700
1475767973,184.0500,184.0500,184.0500,184.0500,200
1475768072,184.0300,184.0300,184.0300,184.0300,100
1475768144,184.0800,184.0900,184.0250,184.0900,1100
1475768196,184.0300,184.0350,183.7800,183.9900,1700
1475768255,183.9350,183.9350,183.9350,183.9350,100
1475768289,183.9300,183.9300,183.9300,183.9300,300
1475768397,183.9250,183.9325,183.9250,183.9250,400
1475768422,183.9850,184.1500,183.9475,183.9475,1100
1475768490,183.9600,183.9850,183.9000,183.9850,1600
1475768556,183.9300,183.9300,183.9300,183.9300,200
1475768672,183.9600,183.9700,183.8950,183.9700,500
1475768861,184.3500,184.3500,184.3500,184.3500,200
1475768896,184.3750,184.4690,184.2100,184.2100,400
1475768963,184.1900,184.3800,184.1900,184.3800,1200
1475769074,184.5400,184.5400,184.5400,184.5400,200
1475769138,184.5650,184.6800,184.5250,184.5250,400
1475769208,184.4300,184.4300,184.4300,184.4300,100
1475769288,184.5300,184.5400,184.4250,184.5200,900
1475769352,184.3900,184.6000,184.3900,184.6000,2000
1475769397,184.2200,184.3900,184.2200,184.3900,1700
1475769425,184.2600,184.2600,184.2500,184.2500,200
1475769583,183.9100,184.2500,183.7700,184.2500,6700
1475769655,183.9700,183.9700,183.9400,183.9600,600
1475769662,184.0800,184.0900,183.8400,183.8400,1100
1475769732,184.0900,184.1600,184.0100,184.0700,800
1475769817,184.0700,184.0700,184.0700,184.0700,200
1475769872,183.9600,184.1800,183.9600,184.1200,700
1475769953,184.0900,184.0900,183.9500,183.9500,400
1475769973,184.0500,184.2300,184.0500,184.1300,1400
1475770118,184.1700,184.1700,184.1300,184.1300,600
1475770220,183.9800,184.0100,183.9800,184.0100,500
1475770317,183.9500,184.0200,183.9500,184.0200,500
1475770321,183.7600,183.9608,183.7301,183.9608,1500
1475770500,183.9400,184.1600,183.8800,183.9400,8100
1475770603,184.0150,184.0150,183.9800,184.0100,300
1475770680,184.1850,184.1850,184.0900,184.0900,400
1475770764,183.9400,184.1850,183.9400,184.1400,2300
1475770832,183.7700,183.7700,183.7700,183.7700,100
1475770901,183.7800,183.7800,183.7800,183.7800,100
1475770979,184.0200,184.0200,183.8700,183.8700,1000
1475771039,183.8600,183.9450,183.8600,183.8600,800
1475771088,183.9000,184.0000,183.8600,183.8600,1000
1475771159,183.8000,183.9100,183.7600,183.8900,1600
1475771161,183.8000,183.8000,183.6600,183.8000,1300
1475771277,183.8400,183.8400,183.7300,183.7300,800
1475771280,183.6700,183.7300,183.6700,183.7300,800
1475771389,183.7400,183.7400,183.7200,183.7200,600
1475771439,183.5600,183.7300,183.5400,183.7100,700
1475771462,183.5600,183.7000,183.5600,183.6300,900
1475771546,183.5600,183.6350,183.5500,183.6350,400
1475771621,183.5400,183.6200,183.5400,183.5400,400
1475771682,183.4100,183.5600,183.2800,183.5400,5600
1475771703,183.3300,183.4900,183.3300,183.4900,1000
1475771760,183.2900,183.4700,183.2900,183.4600,2800
1475771839,183.3500,183.3500,183.3500,183.3500,200
1475771924,183.3900,183.4400,183.3300,183.4400,1800
1475771995,183.3000,183.4500,183.3000,183.3900,2300
1475772009,183.4300,183.4800,183.3800,183.4400,1600
1475772073,183.4600,183.5300,183.4600,183.5300,300
1475772166,183.4700,183.6200,183.4700,183.6200,200
1475772230,183.6200,183.6200,183.5350,183.5350,200
1475772247,183.4700,183.4700,183.4700,183.4700,100
1475772322,183.4600,183.5900,183.4600,183.5250,300
1475772415,183.5800,183.5800,183.5100,183.5100,300
1475772483,183.5450,183.5450,183.5450,183.5450,300
1475772598,183.5900,183.6200,183.5100,183.5450,1600
1475772602,183.5400,183.6500,183.5400,183.6300,1900
1475772688,183.4895,183.4895,183.4895,183.4895,600
1475772725,183.4400,183.4550,183.4100,183.4300,2300
1475772795,183.3600,183.4600,183.3000,183.4500,2200
1475772866,183.4000,183.4500,183.4000,183.4200,1900
1475772902,183.4700,183.5900,183.4700,183.4900,400
1475773135,183.4900,183.5000,183.4900,183.5000,500
1475773142,183.5000,183.5600,183.5000,183.5600,700
1475773251,183.5200,183.5200,183.5200,183.5200,200
1475773307,183.6350,183.6350,183.5200,183.5200,1400
1475773356,183.7100,183.7300,183.7100,183.7100,400
1475773380,183.6900,183.6900,183.6900,183.6900,2000
1475773442,183.6900,183.6900,183.6000,183.6900,500
1475773547,183.7500,183.7500,183.6300,183.6300,800
1475773673,183.7700,183.8500,183.7500,183.7600,2600
1475773720,183.7700,183.8450,183.7700,183.8450,200
1475773796,183.8550,183.8550,183.8500,183.8500,200
1475773841,183.6700,183.8800,183.6700,183.8800,1800
1475773866,183.7200,183.7200,183.6300,183.7150,300
1475773926,183.7000,183.8000,183.7000,183.7200,500
1475774036,183.9400,184.0000,183.8300,183.8400,900
1475774053,183.9400,184.0000,183.9400,184.0000,300
1475774166,184.0000,184.0550,184.0000,184.0550,600
1475774272,183.9600,183.9600,183.9600,183.9600,100
1475774337,184.0800,184.0800,184.0800,184.0800,200
1475774342,184.1400,184.1400,184.1000,184.1000,400
1475774405,184.0300,184.0800,184.0300,184.0800,500
1475774519,184.0800,184.2200,184.0300,184.1200,2600
1475774523,183.9800,184.0300,183.9800,184.0300,400
1475774580,183.9550,184.0200,183.9100,184.0200,600
1475774735,183.9300,184.0000,183.9300,183.9800,1100
1475774763,183.8900,183.9700,183.8900,183.9700,700
1475774898,184.0200,184.0200,183.9600,183.9600,800
1475774958,183.9820,184.0500,183.9820,184.0200,700
1475775019,184.0000,184.0200,183.9700,184.0200,1500
1475775080,183.9800,183.9800,183.9700,183.9700,600
1475775131,183.9400,183.9500,183.9200,183.9200,900
1475775214,184.0000,184.0200,183.9800,183.9800,1100
1475775253,184.0350,184.0350,184.0300,184.0300,300
1475775356,183.8800,183.9500,183.8800,183.9500,1700
1475775368,183.8700,183.9200,183.8700,183.8800,300
1475775583,183.8700,183.8700,183.8600,183.8600,500
1475775716,183.8200,183.8200,183.8200,183.8200,100
1475775720,183.8600,183.8700,183.8000,183.8000,1400
1475775812,183.9350,183.9350,183.8900,183.9100,300
1475775843,183.9300,183.9550,183.8800,183.9300,1200
1475775939,183.9800,183.9800,183.9300,183.9300,400
1475776011,183.8900,183.9200,183.8900,183.9200,700
1475776091,183.8600,183.8600,183.8600,183.8600,100
1475776165,183.8600,183.8600,183.8600,183.8600,100
1475776234,183.8850,183.8850,183.8850,183.8850,200
1475776437,183.8900,183.9300,183.8750,183.9300,2200
1475776442,184.0700,184.0700,183.9000,183.9000,1700
1475776540,183.9500,184.0000,183.9500,184.0000,600
1475776594,183.7800,183.8900,183.7800,183.8900,800
1475776661,183.6200,183.7500,183.6200,183.7500,1100
1475776729,183.9200,183.9200,183.7100,183.7100,1600
1475776743,183.7500,183.8600,183.7500,183.8600,900
1475776801,183.9100,183.9400,183.8400,183.8400,900
1475776983,184.0300,184.0400,183.9500,183.9700,1700
1475777051,183.8100,184.0450,183.8100,184.0300,3800
1475777142,183.8700,183.8700,183.8200,183.8200,1400
1475777163,183.9450,183.9700,183.9200,183.9200,1100
1475777260,183.9300,183.9600,183.9300,183.9600,400
1475777338,184.0100,184.0200,183.9400,183.9900,3000
1475777389,183.9600,184.0550,183.9450,183.9450,1900
1475777402,184.0200,184.0400,184.0100,184.0400,400
1475777483,183.9600,184.0000,183.9200,184.0000,1200
1475777536,183.9600,183.9600,183.9600,183.9600,100
1475777601,183.9200,184.0400,183.9100,184.0000,3700
1475777655,183.7800,183.8650,183.7800,183.8650,700
1475777714,183.8400,183.8400,183.8400,183.8400,100
1475777811,183.8200,183.8300,183.7400,183.7900,3700
1475777833,183.5200,183.8600,183.5200,183.8600,2300
1475777902,183.5800,183.5800,183.5800,183.5800,100
1475777940,183.6500,183.6500,183.5700,183.5700,1800
1475778055,183.3600,183.7700,183.2600,183.7500,5900
1475778063,183.2800,183.3900,183.2800,183.3900,500
1475778128,183.3700,183.3700,183.3700,183.3700,200
1475778203,183.7100,183.7100,183.3800,183.3900,2300
1475778255,183.4200,183.6600,183.3400,183.6600,4000
1475778307,183.3000,183.5600,183.0400,183.5600,6300
1475778403,183.1800,183.3400,183.1800,183.2400,2800
1475778421,183.4400,183.4900,183.2650,183.2650,1300
1475778495,183.3000,183.5050,183.3000,183.4400,1300
1475778602,183.5000,183.5000,183.3500,183.4300,1600
1475778699,183.5700,183.5700,183.5700,183.5700,100
1475778776,183.3700,183.6600,183.3700,183.5700,3000
1475778780,183.4700,183.6900,183.4700,183.4900,3400
1475778872,183.4600,183.5500,183.4600,183.5500,200
1475779014,183.4600,183.4600,183.4600,183.4600,300
1475779037,183.4250,183.4500,183.4250,183.4500,600
1475779106,183.5300,183.5300,183.4100,183.4200,1000
1475779156,183.5200,183.5700,183.5200,183.5600,1100
1475779231,183.4300,183.4700,183.4300,183.4700,200
1475779290,183.5400,183.5800,183.4700,183.4700,1600
1475779388,183.6000,183.6000,183.4500,183.4900,1700
1475779536,183.6100,183.7250,183.6100,183.7250,2400
1475779604,183.3800,183.4700,183.3800,183.4700,700
1475779703,183.4300,183.4400,183.4300,183.4400,500
1475779812,183.5100,183.5100,183.5100,183.5100,100
1475779863,183.6100,183.6100,183.5500,183.5500,900
1475779939,183.6500,183.6500,183.5950,183.6500,500
1475779985,183.7000,183.7000,183.7000,183.7000,100
1475780054,183.6600,183.7450,183.6600,183.7100,2500
1475780176,183.7000,183.7000,183.7000,183.7000,200
1475780255,183.6200,183.6700,183.6200,183.6400,800
1475780345,183.5600,183.6550,183.5600,183.6100,1400
1475780457,183.7500,183.7500,183.6300,183.6300,2300
1475780461,183.8200,183.8500,183.7400,183.7400,1200
1475780553,183.8900,183.9100,183.8800,183.8800,400
1475780580,183.9300,183.9900,183.8800,183.8800,1500
1475780680,184.0100,184.0100,183.9200,183.9200,900
1475780715,183.8800,184.0300,183.8800,184.0300,1300
1475780761,183.8700,183.8700,183.8400,183.8599,1800
1475780852,183.8900,183.8900,183.8600,183.8600,700
1475780949,183.7200,183.8000,183.7000,183.8000,1200
1475781050,183.6300,183.7350,183.6300,183.7350,2300
1475781066,183.6450,183.6450,183.6200,183.6200,400
1475781172,183.5400,183.6100,183.4500,183.6100,1500
1475781225,183.5800,183.6700,183.5700,183.5700,900
1475781257,183.5900,183.6100,183.5900,183.6100,200
1475781349,183.6400,183.6400,183.6200,183.6200,700
1475781367,183.6900,183.6900,183.6900,183.6900,100
1475781440,183.6400,183.7200,183.6400,183.7200,1200
1475781494,183.6700,183.6700,183.5900,183.5900,1300
1475781549,183.6700,183.6700,183.6400,183.6500,300
1475781623,183.7900,183.8100,183.7200,183.7200,1000
1475781712,183.8300,183.8300,183.8300,183.8300,300
1475781732,183.8800,183.8800,183.8000,183.8400,1300
1475781876,183.9100,183.9100,183.8900,183.8900,300
1475781929,183.9700,183.9700,183.9600,183.9600,300
1475782015,184.0500,184.0500,184.0320,184.0320,300
1475782029,184.0400,184.0500,183.9800,184.0500,900
1475782118,184.0358,184.0358,184.0100,184.0100,200
1475782140,184.0400,184.0400,183.9900,184.0100,700
1475782202,184.0500,184.0500,183.9900,184.0200,2100
1475782264,184.1400,184.1800,184.0500,184.0500,2500
1475782335,184.1500,184.1800,184.1500,184.1800,300
1475782385,184.3500,184.3500,184.2100,184.2100,2900
1475782445,184.3000,184.3600,184.3000,184.3500,1500
1475782500,184.3900,184.3900,184.3200,184.3200,1500
1475782561,184.2900,184.3900,184.2900,184.3600,3000
1475782673,184.4400,184.4400,184.2600,184.2600,900
1475782680,184.4900,184.5000,184.4500,184.4500,800
1475782745,184.5300,184.5300,184.4900,184.4900,2100
1475782803,184.5100,184.5600,184.4900,184.5400,2500
1475782861,184.5300,184.5300,184.4900,184.5200,1500
1475782935,184.6800,184.7200,184.5300,184.5300,2600
1475783008,184.7100,184.7100,184.6800,184.6800,300
1475783058,184.6750,184.7000,184.6500,184.6800,800
1475783100,184.6000,184.7400,184.6000,184.7100,4900
1475783188,184.6200,184.6200,184.5900,184.5900,500
1475783271,184.6200,184.6200,184.6000,184.6000,1200
1475783287,184.5400,184.5950,184.5200,184.5700,2500
1475783357,184.3700,184.5200,184.3700,184.5200,2400
1475783458,184.2950,184.4000,184.2500,184.3700,1900
1475783518,184.2300,184.3400,184.2300,184.3300,4400
1475783574,184.2100,184.2900,184.1900,184.1900,1800
1475783580,184.1300,184.2900,184.1300,184.2000,5100
1475783640,184.1900,184.2600,184.1900,184.2400,6400
1475783700,184.1650,184.2000,184.0650,184.1600,5300
1475783767,184.1775,184.2200,184.1350,184.1800,4700
1475783821,184.2700,184.2700,184.1300,184.1750,4700
1475783939,184.2900,184.2900,184.2100,184.2750,5400
1475783940,184.2300,184.3000,184.0300,184.3000,13500
1475784000,184.1950,184.1950,184.1950,184.1950,100
