uri:/instrument/1.0/GOGL/chartdata;type=quote;range=1d/csv
ticker:gogl
Company-Name:Golden Ocean Group Limited
Exchange-Name:NMS
unit:MIN
timezone:EDT
currency:USD
gmtoffset:-14400
previous_close:4.0700
Timestamp:1475587800,1475611200
labels:1475589600,1475593200,1475596800,1475600400,1475604000,1475607600,1475611200
values:Timestamp,close,high,low,open,volume
close:4.1300,4.2200
high:4.1310,4.2200
low:4.1300,4.2200
open:4.1310,4.2200
volume:100,4700
1475588029,4.1900,4.1900,4.1900,4.1900,4700
1475588161,4.2100,4.2100,4.2100,4.2100,100
1475588349,4.1800,4.1800,4.1800,4.1800,100
1475588427,4.2000,4.2000,4.2000,4.2000,400
1475588711,4.1700,4.1700,4.1700,4.1700,100
1475588951,4.1900,4.1900,4.1700,4.1900,500
1475589178,4.1900,4.1900,4.1900,4.1900,100
1475589419,4.1900,4.1900,4.1900,4.1900,100
1475589449,4.1800,4.1800,4.1800,4.1800,200
1475589680,4.1500,4.1500,4.1500,4.1500,100
1475589934,4.1699,4.1699,4.1600,4.1600,1100
1475590018,4.1790,4.1790,4.1700,4.1700,200
1475590253,4.1900,4.1900,4.1900,4.1900,100
1475590719,4.1800,4.1800,4.1800,4.1800,700
1475590876,4.1700,4.2000,4.1700,4.1801,2000
1475590999,4.2000,4.2000,4.2000,4.2000,100
1475591806,4.2200,4.2200,4.2000,4.2000,300
1475592186,4.1900,4.1900,4.1900,4.1900,400
1475592549,4.2092,4.2092,4.2092,4.2092,200
1475592879,4.1930,4.1930,4.1930,4.1930,100
1475593362,4.1800,4.2000,4.1800,4.2000,300
1475594150,4.1900,4.1900,4.1900,4.1900,100
1475595599,4.2100,4.2100,4.1950,4.1950,400
1475596068,4.2100,4.2100,4.1800,4.1951,3400
1475596091,4.2100,4.2100,4.2100,4.2100,100
1475596309,4.2200,4.2200,4.2200,4.2200,100
1475596694,4.2200,4.2200,4.2200,4.2200,100
1475596914,4.2200,4.2200,4.2200,4.2200,100
1475597304,4.2052,4.2052,4.2052,4.2052,200
1475598156,4.1900,4.2200,4.1900,4.2200,300
1475598658,4.2000,4.2000,4.2000,4.2000,200
1475598910,4.2100,4.2100,4.2100,4.2100,100
1475599931,4.1900,4.2100,4.1700,4.2000,1500
1475601532,4.1800,4.1800,4.1800,4.1800,200
1475603480,4.1600,4.1600,4.1600,4.1600,200
1475603665,4.1800,4.1800,4.1800,4.1800,100
1475604578,4.1900,4.1900,4.1900,4.1900,100
1475605370,4.2000,4.2000,4.1900,4.1900,200
1475605422,4.1300,4.1900,4.1300,4.1800,3500
1475606013,4.1700,4.1700,4.1700,4.1700,100
1475606392,4.1500,4.1500,4.1500,4.1500,100
1475607394,4.1600,4.1600,4.1600,4.1600,100
1475607714,4.1600,4.1600,4.1600,4.1600,100
1475608389,4.1401,4.1401,4.1401,4.1401,500
1475608613,4.1700,4.1700,4.1700,4.1700,100
1475609231,4.1300,4.1310,4.1300,4.1310,600
1475609616,4.1450,4.1456,4.1300,4.1456,1500
1475610171,4.1500,4.1500,4.1500,4.1500,200
1475610414,4.1400,4.1400,4.1400,4.1400,600
1475610423,4.1400,4.1400,4.1400,4.1400,400
1475610564,4.1700,4.1700,4.1700,4.1700,100
1475610627,4.1500,4.1500,4.1500,4.1500,100
1475610698,4.1400,4.1400,4.1400,4.1400,100
1475610878,4.1500,4.1500,4.1400,4.1400,200
1475611041,4.1400,4.1400,4.1400,4.1400,100
1475611048,4.1400,4.1400,4.1400,4.1400,100
1475611200,4.1400,4.1400,4.1400,4.1400,100
