uri:/instrument/1.0/MDLZ/chartdata;type=quote;range=1d/csv
ticker:mdlz
Company-Name:Mondelez International, Inc.
Exchange-Name:NMS
unit:MIN
timezone:EDT
currency:USD
gmtoffset:-14400
previous_close:43.0300
Timestamp:1475760600,1475784000
labels:1475762400,1475766000,1475769600,1475773200,1475776800,1475780400,1475784000
values:Timestamp,close,high,low,open,volume
close:42.6700,43.1100
high:42.6800,43.1100
low:42.6599,43.0950
open:42.6700,43.1050
volume:100,235000
1475760650,42.9800,42.9900,42.9000,42.9000,47900
1475760719,42.8600,43.0000,42.8600,42.9650,27800
1475760720,42.7900,42.8700,42.7800,42.8600,13200
1475760786,42.7900,42.8000,42.7600,42.7900,13600
1475760899,42.7100,42.8100,42.7100,42.8000,10300
1475760956,42.7600,42.7600,42.7100,42.7100,14500
1475760962,42.6750,42.7700,42.6700,42.7550,12000
1475761020,42.7100,42.7200,42.6800,42.6800,7400
1475761083,42.6700,42.7001,42.6600,42.7001,14700
1475761195,42.7100,42.7100,42.6600,42.6700,14500
1475761202,42.7350,42.7400,42.7050,42.7200,13400
1475761268,42.7500,42.7550,42.6900,42.7300,20200
1475761373,42.7850,42.8030,42.7600,42.7600,12600
1475761439,42.8000,42.8100,42.7800,42.7900,10100
1475761498,42.8000,42.8000,42.7500,42.7900,8100
1475761500,42.7600,42.8100,42.7500,42.8000,6600
1475761619,42.8050,42.8050,42.7700,42.7700,2900
1475761621,42.8100,42.8300,42.7800,42.8100,9700
1475761685,42.8200,42.8300,42.8000,42.8100,6400
1475761796,42.8200,42.8200,42.7950,42.8200,8700
1475761854,42.7800,42.8153,42.7700,42.8153,53300
1475761917,42.8100,42.8100,42.7850,42.7900,14000
1475761979,42.8600,42.8600,42.8100,42.8100,17300
1475761986,42.8700,42.9000,42.8630,42.8630,18100
1475762097,42.8600,42.9050,42.8600,42.8800,10700
1475762158,42.8550,42.8700,42.8250,42.8700,15200
1475762217,42.8300,42.8700,42.8300,42.8700,13700
1475762279,42.8650,42.8700,42.8350,42.8400,4700
1475762339,42.8450,42.8750,42.8450,42.8700,7000
1475762399,42.8300,42.8500,42.8250,42.8450,10200
1475762400,42.8400,42.8400,42.8200,42.8200,3700
1475762511,42.8200,42.8400,42.8200,42.8400,10100
1475762524,42.7750,42.8300,42.7700,42.8250,19800
1475762639,42.7800,42.7900,42.7700,42.7800,11700
1475762699,42.7800,42.7900,42.7600,42.7700,12000
1475762707,42.8050,42.8100,42.7800,42.7800,16400
1475762819,42.8100,42.8300,42.8000,42.8100,14700
1475762820,42.8100,42.8200,42.8000,42.8000,6100
1475762895,42.8400,42.8400,42.8100,42.8200,6900
1475762998,42.8150,42.8500,42.8150,42.8400,11700
1475763003,42.8400,42.8400,42.8130,42.8130,7100
1475763086,42.8400,42.8450,42.8400,42.8400,4300
1475763178,42.8400,42.8500,42.8308,42.8450,13000
1475763183,42.8700,42.8700,42.8400,42.8400,7500
1475763294,42.8800,42.8800,42.8600,42.8700,8100
1475763302,42.8800,42.8900,42.8750,42.8900,4600
1475763361,42.8300,42.8850,42.8300,42.8850,7100
1475763425,42.8300,42.8400,42.8300,42.8300,4500
1475763484,42.8200,42.8400,42.8130,42.8350,13300
1475763596,42.8400,42.8400,42.8100,42.8300,9100
1475763600,42.8300,42.8500,42.8300,42.8500,2400
1475763664,42.8500,42.8550,42.8200,42.8300,8100
1475763729,42.8600,42.8650,42.8400,42.8400,2600
1475763811,42.8650,42.8700,42.8650,42.8700,3300
1475763895,42.8190,42.8700,42.8190,42.8700,15200
1475763900,42.8100,42.8200,42.8100,42.8200,2500
1475764015,42.8200,42.8200,42.7900,42.8100,45800
1475764025,42.8350,42.8400,42.8100,42.8100,12200
1475764133,42.8400,42.8400,42.8300,42.8350,6100
1475764199,42.8400,42.8400,42.8300,42.8400,7700
1475764252,42.8000,42.8350,42.7800,42.8350,36200
1475764286,42.7936,42.8100,42.7900,42.8000,17000
1475764378,42.7600,42.7900,42.7600,42.7900,13900
1475764382,42.7700,42.7800,42.7500,42.7600,10800
1475764442,42.7700,42.7800,42.7641,42.7641,9100
1475764558,42.7800,42.7800,42.7600,42.7700,2600
1475764563,42.7730,42.7850,42.7700,42.7757,8300
1475764624,42.7900,42.7900,42.7800,42.7800,5700
1475764735,42.8000,42.8000,42.7850,42.7900,6600
1475764740,42.8000,42.8100,42.7900,42.8000,9600
1475764800,42.8000,42.8100,42.8000,42.8000,4600
1475764860,42.8001,42.8050,42.7850,42.7900,11900
1475764921,42.7900,42.8100,42.7900,42.8100,5800
1475764992,42.7800,42.7800,42.7750,42.7800,4600
1475765096,42.7950,42.7950,42.7800,42.7800,2900
1475765102,42.8050,42.8050,42.7950,42.8000,5700
1475765216,42.8100,42.8200,42.8000,42.8100,5500
1475765277,42.8100,42.8200,42.8100,42.8150,2400
1475765282,42.7900,42.8100,42.7800,42.8100,5900
1475765353,42.8000,42.8000,42.7875,42.7900,9100
1475765400,42.7900,42.8000,42.7900,42.8000,8300
1475765511,42.7900,42.7900,42.7800,42.7861,5500
1475765521,42.7900,42.7900,42.7900,42.7900,1400
1475765581,42.7650,42.7900,42.7650,42.7900,4700
1475765641,42.7660,42.7700,42.7650,42.7700,2100
1475765700,42.7650,42.7700,42.7650,42.7700,8900
1475765818,42.7800,42.7800,42.7600,42.7700,4600
1475765825,42.7800,42.8000,42.7708,42.7750,7500
1475765894,42.7800,42.7800,42.7700,42.7800,2600
1475765999,42.7800,42.7900,42.7700,42.7800,6000
1475766000,42.7900,42.7900,42.7650,42.7700,6900
1475766062,42.7900,42.7900,42.7900,42.7900,6100
1475766139,42.7700,42.7800,42.7650,42.7800,10500
1475766225,42.7800,42.7800,42.7742,42.7800,5000
1475766243,42.8000,42.8000,42.7738,42.7738,4500
1475766307,42.7850,42.8000,42.7800,42.8000,4300
1475766363,42.7800,42.7900,42.7800,42.7850,5600
1475766420,42.7600,42.7700,42.7550,42.7700,7000
1475766480,42.7300,42.7700,42.7300,42.7550,22200
1475766593,42.7100,42.7400,42.7100,42.7300,10100
1475766600,42.7100,42.7200,42.7000,42.7100,12500
1475766668,42.7000,42.7100,42.6900,42.7000,12300
1475766778,42.7050,42.7100,42.6900,42.7000,7000
1475766786,42.7000,42.7100,42.7000,42.7000,4200
1475766896,42.6900,42.7100,42.6900,42.7100,10600
1475766901,42.6700,42.7000,42.6600,42.7000,18200
1475767014,42.6738,42.6800,42.6599,42.6700,6500
1475767023,42.6900,42.6900,42.6700,42.6800,5100
1475767080,42.6800,42.7013,42.6800,42.6900,10600
1475767141,42.6850,42.6850,42.6700,42.6800,9700
1475767217,42.6900,42.7000,42.6800,42.6800,4600
1475767315,42.6900,42.7000,42.6800,42.6900,4400
1475767326,42.6900,42.6950,42.6820,42.6950,5700
1475767386,42.6900,42.6900,42.6800,42.6900,5200
1475767472,42.6900,42.6950,42.6800,42.6950,4400
1475767500,42.7350,42.7400,42.6850,42.6900,6000
1475767618,42.7300,42.7450,42.7300,42.7350,3700
1475767623,42.7350,42.7400,42.7300,42.7400,1700
1475767739,42.7350,42.7400,42.7200,42.7350,7900
1475767797,42.7450,42.7450,42.7200,42.7300,9500
1475767856,42.7450,42.7650,42.7450,42.7500,5600
1475767860,42.7600,42.7640,42.7500,42.7600,6600
1475767933,42.7550,42.7600,42.7500,42.7600,3000
1475768033,42.7500,42.7600,42.7500,42.7600,7600
1475768045,42.7300,42.7500,42.7300,42.7500,10900
1475768157,42.7350,42.7400,42.7300,42.7300,3200
1475768160,42.7400,42.7500,42.7369,42.7369,5900
1475768232,42.7500,42.7500,42.7400,42.7400,3400
1475768284,42.7150,42.7400,42.7150,42.7400,5000
1475768394,42.7200,42.7200,42.7110,42.7200,4800
1475768406,42.7400,42.7400,42.7250,42.7300,2400
1475768464,42.7100,42.7400,42.7018,42.7400,8400
1475768523,42.7200,42.7200,42.7100,42.7100,1500
1475768631,42.7100,42.7200,42.7100,42.7107,4500
1475768640,42.7136,42.7150,42.7100,42.7100,6000
1475768711,42.7200,42.7300,42.7100,42.7200,4900
1475768818,42.7150,42.7300,42.7100,42.7200,6400
1475768879,42.7800,42.7900,42.7137,42.7150,26200
1475768881,42.7900,42.8100,42.7800,42.7850,18600
1475768946,42.7911,42.8000,42.7850,42.7850,6600
1475769004,42.8000,42.8100,42.7700,42.7900,17100
1475769062,42.8200,42.8300,42.8000,42.8050,10800
1475769171,42.8000,42.8200,42.7900,42.8131,13600
1475769180,42.8100,42.8100,42.7950,42.8000,18100
1475769288,42.8200,42.8200,42.8000,42.8100,12100
1475769355,42.8200,42.8200,42.8150,42.8150,9300
1475769411,42.8557,42.8557,42.8200,42.8300,13700
1475769433,42.8600,42.8600,42.8500,42.8500,2000
1475769539,42.8600,42.8700,42.8600,42.8600,7600
1475769553,42.8600,42.8601,42.8500,42.8600,4700
1475769657,42.8750,42.8900,42.8600,42.8700,13400
1475769718,42.8200,42.8800,42.8100,42.8700,45000
1475769778,42.8100,42.8300,42.8000,42.8300,69900
1475769780,42.8200,42.8300,42.8100,42.8100,11300
1475769842,42.8200,42.8300,42.8150,42.8200,12200
1475769909,42.8501,42.8501,42.8150,42.8200,7500
1475770014,42.9000,42.9000,42.8507,42.8600,6000
1475770056,42.8750,42.9000,42.8750,42.9000,2100
1475770086,42.8858,42.9000,42.8781,42.8781,5300
1475770199,42.8690,42.8900,42.8600,42.8850,3900
1475770200,42.8550,42.8700,42.8550,42.8600,3800
1475770316,42.8600,42.8600,42.8300,42.8500,12700
1475770325,42.8700,42.8800,42.8500,42.8500,2700
1475770439,42.8450,42.8800,42.8400,42.8800,4500
1475770497,42.8690,42.8690,42.8450,42.8489,3000
1475770502,42.8648,42.8700,42.8600,42.8600,4300
1475770619,42.8700,42.8800,42.8650,42.8700,4500
1475770624,42.8700,42.8700,42.8575,42.8700,3600
1475770681,42.9000,42.9000,42.8700,42.8800,4600
1475770740,42.9000,42.9000,42.8900,42.9000,5300
1475770801,42.8900,42.9000,42.8800,42.9000,7500
1475770870,42.9190,42.9200,42.9000,42.9000,4200
1475770979,42.9500,42.9500,42.9150,42.9200,6100
1475770980,42.9560,42.9560,42.9400,42.9500,4900
1475771046,42.9500,42.9700,42.9500,42.9600,6200
1475771100,42.9510,42.9600,42.9347,42.9500,8100
1475771212,42.9300,42.9700,42.9300,42.9600,36700
1475771225,42.9350,42.9400,42.9300,42.9350,6200
1475771329,42.9150,42.9350,42.9150,42.9350,20400
1475771399,42.9300,42.9400,42.9150,42.9193,16300
1475771402,42.9348,42.9348,42.9100,42.9200,9800
1475771516,42.9600,42.9600,42.9300,42.9300,12200
1475771520,42.9650,42.9800,42.9550,42.9700,7800
1475771639,42.9550,42.9700,42.9500,42.9650,3400
1475771641,42.9550,42.9600,42.9500,42.9550,2300
1475771759,42.9550,42.9600,42.9500,42.9500,1200
1475771786,42.9500,42.9550,42.9500,42.9500,400
1475771821,42.9350,42.9550,42.9300,42.9500,22800
1475771938,42.9000,42.9350,42.9000,42.9350,99200
1475771997,42.9230,42.9230,42.8950,42.9100,23600
1475772052,42.9250,42.9400,42.9100,42.9200,12200
1475772109,42.9400,42.9400,42.9200,42.9300,22900
1475772121,42.9400,42.9400,42.9301,42.9350,3600
1475772234,42.9500,42.9600,42.9350,42.9400,11200
1475772246,42.9450,42.9600,42.9400,42.9600,13900
1475772333,42.9545,42.9600,42.9400,42.9500,7800
1475772363,42.9456,42.9600,42.9456,42.9600,5400
1475772469,42.9600,42.9600,42.9450,42.9500,5100
1475772483,42.9450,42.9600,42.9450,42.9600,5100
1475772597,42.9500,42.9500,42.9400,42.9400,5500
1475772601,42.9450,42.9500,42.9450,42.9450,33700
1475772715,42.9450,42.9650,42.9400,42.9500,8100
1475772779,42.9800,42.9800,42.9650,42.9650,3900
1475772822,42.9850,42.9850,42.9750,42.9800,2500
1475772844,43.0050,43.0050,42.9801,42.9878,6800
1475772919,43.0150,43.0150,43.0000,43.0000,2700
1475773015,43.0050,43.0100,43.0050,43.0100,5200
1475773023,42.9950,43.0150,42.9950,43.0100,15200
1475773086,43.0000,43.0100,42.9950,42.9950,9300
1475773196,43.0050,43.0050,43.0050,43.0050,100
1475773204,43.0200,43.0200,43.0050,43.0050,7400
1475773315,43.0250,43.0300,43.0100,43.0200,6500
1475773320,43.0050,43.0300,43.0050,43.0200,16400
1475773396,43.0050,43.0050,43.0000,43.0050,1500
1475773482,43.0050,43.0050,43.0036,43.0050,1000
1475773552,43.0000,43.0100,43.0000,43.0050,3600
1475773619,43.0300,43.0300,43.0050,43.0100,13300
1475773620,43.0250,43.0400,43.0239,43.0300,19500
1475773739,43.0000,43.0300,43.0000,43.0300,13900
1475773797,43.0100,43.0100,43.0000,43.0050,5900
1475773859,42.9948,43.0100,42.9900,43.0100,6400
1475773885,42.9950,43.0000,42.9900,42.9950,1100
1475773976,43.0050,43.0050,42.9932,42.9950,8300
1475774039,43.0300,43.0300,43.0100,43.0100,19800
1475774084,43.0150,43.0300,43.0100,43.0200,2800
1475774115,43.0250,43.0300,43.0150,43.0150,3500
1475774214,43.0300,43.0300,43.0200,43.0200,3200
1475774221,43.0150,43.0300,43.0100,43.0300,5500
1475774292,43.0300,43.0400,43.0100,43.0150,5400
1475774399,43.0500,43.0500,43.0300,43.0306,20200
1475774456,43.0650,43.0650,43.0500,43.0500,11900
1475774518,43.0700,43.0700,43.0600,43.0655,2700
1475774524,43.0700,43.0700,43.0690,43.0690,3300
1475774637,43.0800,43.0900,43.0550,43.0700,19600
1475774645,43.0900,43.0900,43.0850,43.0850,3600
1475774702,43.0850,43.0900,43.0800,43.0900,8200
1475774760,43.0850,43.0900,43.0800,43.0850,4000
1475774878,43.0800,43.0900,43.0800,43.0850,2800
1475774939,43.1100,43.1100,43.0850,43.0850,4700
1475774941,43.0950,43.1100,43.0950,43.1050,7800
1475775059,43.0900,43.1000,43.0843,43.0900,22900
1475775118,43.0800,43.0900,43.0700,43.0900,5000
1475775120,43.0700,43.0800,43.0700,43.0800,600
1475775187,43.0700,43.0700,43.0700,43.0700,200
1475775291,43.0650,43.0800,43.0650,43.0750,5900
1475775359,43.0400,43.0685,43.0400,43.0600,6000
1475775419,43.0450,43.0500,43.0400,43.0500,2400
1475775473,43.0500,43.0500,43.0400,43.0450,6100
1475775480,43.0350,43.0450,43.0350,43.0450,3600
1475775545,43.0350,43.0400,43.0300,43.0350,1300
1475775642,43.0150,43.0350,43.0100,43.0350,7200
1475775710,43.0150,43.0200,43.0136,43.0136,1500
1475775775,43.0200,43.0400,43.0100,43.0100,20600
1475775837,43.0400,43.0400,43.0150,43.0150,6100
1475775841,43.0450,43.0500,43.0400,43.0400,4100
1475775952,43.0500,43.0500,43.0500,43.0500,3500
1475775964,43.0450,43.0550,43.0400,43.0500,12200
1475776025,43.0500,43.0500,43.0400,43.0400,1200
1475776098,43.0450,43.0500,43.0450,43.0450,7600
1475776197,43.0350,43.0450,43.0300,43.0400,12700
1475776253,43.0500,43.0500,43.0321,43.0321,4600
1475776260,43.0500,43.0550,43.0450,43.0500,11200
1475776324,43.0500,43.0500,43.0430,43.0450,2600
1475776439,43.0450,43.0550,43.0450,43.0500,12200
1475776441,43.0600,43.0600,43.0400,43.0450,5500
1475776518,43.0350,43.0600,43.0300,43.0600,10200
1475776561,43.0250,43.0300,43.0200,43.0300,2600
1475776676,43.0252,43.0300,43.0200,43.0300,1200
1475776689,43.0400,43.0500,43.0300,43.0300,9100
1475776746,43.0300,43.0400,43.0300,43.0400,2400
1475776805,43.0300,43.0300,43.0250,43.0300,1500
1475776863,43.0300,43.0350,43.0250,43.0300,7600
1475776921,43.0255,43.0300,43.0200,43.0300,2900
1475777000,43.0250,43.0300,43.0243,43.0300,1900
1475777089,43.0050,43.0250,43.0000,43.0223,14600
1475777108,43.0200,43.0200,43.0050,43.0050,4100
1475777217,43.0300,43.0300,43.0200,43.0298,8200
1475777221,43.0200,43.0400,43.0200,43.0300,5000
1475777339,43.0200,43.0200,43.0100,43.0200,600
1475777395,43.0100,43.0300,43.0000,43.0150,13000
1475777459,42.9950,43.0000,42.9800,43.0000,21900
1475777460,43.0000,43.0000,42.9850,42.9950,22900
1475777572,43.0050,43.0100,43.0000,43.0000,18200
1475777639,43.0200,43.0200,43.0000,43.0000,19300
1475777641,43.0200,43.0200,43.0100,43.0200,26000
1475777759,43.0050,43.0300,43.0000,43.0250,10400
1475777766,42.9900,43.0070,42.9900,43.0000,2400
1475777826,42.9862,42.9862,42.9750,42.9800,6900
1475777899,42.9900,43.0000,42.9900,42.9900,3100
1475777943,42.9800,43.0000,42.9800,42.9910,4800
1475778007,42.9900,42.9900,42.9775,42.9800,3900
1475778061,42.9900,42.9950,42.9800,42.9878,6000
1475778121,42.9810,43.0000,42.9810,43.0000,2200
1475778239,42.9950,43.0000,42.9800,42.9900,5900
1475778298,42.9900,42.9900,42.9850,42.9900,3700
1475778353,43.0000,43.0000,42.9850,42.9900,8300
1475778411,43.0200,43.0200,43.0000,43.0000,4100
1475778420,43.0200,43.0300,43.0200,43.0200,6700
1475778505,43.0100,43.0200,43.0050,43.0200,9100
1475778588,43.0200,43.0200,43.0100,43.0100,1800
1475778645,43.0150,43.0200,43.0100,43.0150,1400
1475778671,43.0200,43.0200,43.0150,43.0150,2300
1475778723,43.0150,43.0200,43.0100,43.0100,4500
1475778837,43.0200,43.0200,43.0102,43.0200,3000
1475778897,43.0200,43.0200,43.0100,43.0100,1600
1475778959,43.0050,43.0200,43.0000,43.0200,5900
1475779010,43.0100,43.0100,43.0040,43.0100,4500
1475779078,43.0200,43.0200,43.0050,43.0050,6600
1475779130,43.0200,43.0300,43.0110,43.0200,4800
1475779198,43.0200,43.0400,43.0200,43.0300,8800
1475779254,43.0050,43.0200,43.0050,43.0200,3600
1475779318,43.0150,43.0150,43.0000,43.0050,12700
1475779378,43.0050,43.0200,43.0044,43.0200,8000
1475779382,43.0050,43.0100,43.0031,43.0100,6200
1475779442,43.0200,43.0200,43.0148,43.0150,2400
1475779507,43.0000,43.0200,43.0000,43.0200,12200
1475779618,43.0044,43.0100,43.0000,43.0000,6100
1475779620,43.0050,43.0100,43.0050,43.0050,4200
1475779739,43.0100,43.0100,43.0008,43.0062,11400
1475779793,43.0099,43.0100,43.0050,43.0050,2100
1475779803,43.0200,43.0200,43.0050,43.0050,5600
1475779910,43.0100,43.0200,43.0100,43.0200,9200
1475779976,43.0100,43.0100,42.9950,43.0100,18100
1475779980,43.0199,43.0200,43.0050,43.0050,5900
1475780042,43.0150,43.0200,43.0137,43.0137,1600
1475780159,43.0200,43.0200,43.0150,43.0200,2300
1475780219,43.0200,43.0200,43.0152,43.0200,2600
1475780276,43.0200,43.0200,43.0136,43.0136,3200
1475780336,43.0200,43.0200,43.0136,43.0200,3100
1475780341,43.0150,43.0200,43.0150,43.0200,6300
1475780400,43.0150,43.0200,43.0148,43.0150,4500
1475780470,43.0150,43.0200,43.0100,43.0100,2900
1475780575,43.0200,43.0200,43.0110,43.0150,4900
1475780581,43.0150,43.0200,43.0100,43.0200,2900
1475780697,43.0150,43.0200,43.0100,43.0200,39300
1475780758,43.0200,43.0200,43.0135,43.0200,10100
1475780760,43.0150,43.0200,43.0150,43.0200,3000
1475780823,43.0200,43.0200,43.0150,43.0200,4300
1475780939,43.0200,43.0200,43.0150,43.0150,3800
1475780940,43.0200,43.0200,43.0150,43.0200,4500
1475781002,43.0150,43.0200,43.0100,43.0200,9700
1475781061,43.0200,43.0200,43.0100,43.0200,12400
1475781179,43.0050,43.0100,43.0000,43.0100,11300
1475781239,43.0050,43.0050,43.0000,43.0050,14100
1475781297,43.0000,43.0100,43.0000,43.0050,5400
1475781304,43.0100,43.0100,43.0000,43.0050,5200
1475781409,43.0000,43.0100,43.0000,43.0050,2200
1475781478,42.9900,43.0100,42.9900,43.0000,17400
1475781538,42.9900,42.9950,42.9900,42.9900,2200
1475781599,42.9600,42.9950,42.9600,42.9902,13100
1475781600,42.9650,42.9700,42.9600,42.9600,16700
1475781715,42.9650,42.9700,42.9600,42.9650,4800
1475781779,42.9600,42.9700,42.9600,42.9650,3300
1475781782,42.9600,42.9700,42.9600,42.9650,5700
1475781899,42.9700,42.9700,42.9600,42.9700,1600
1475781953,42.9550,42.9700,42.9500,42.9600,26700
1475781961,42.9550,42.9600,42.9550,42.9600,4000
1475782078,42.9600,42.9600,42.9500,42.9550,2400
1475782080,42.9528,42.9600,42.9500,42.9550,3400
1475782145,42.9563,42.9600,42.9500,42.9550,4200
1475782259,42.9400,42.9550,42.9300,42.9550,15100
1475782260,42.9600,42.9600,42.9300,42.9300,30400
1475782324,42.9550,42.9600,42.9500,42.9600,4900
1475782380,42.9600,42.9600,42.9550,42.9550,12300
1475782441,42.9699,42.9700,42.9550,42.9600,19000
1475782500,42.9700,42.9700,42.9600,42.9700,10900
1475782616,42.9600,42.9700,42.9600,42.9700,11400
1475782622,42.9600,42.9600,42.9550,42.9550,5900
1475782680,42.9550,42.9600,42.9500,42.9600,7200
1475782799,42.9600,42.9600,42.9500,42.9550,23500
1475782858,42.9700,42.9700,42.9501,42.9600,17400
1475782916,42.9650,42.9700,42.9650,42.9700,7600
1475782975,42.9650,42.9700,42.9600,42.9650,10100
1475782980,42.9700,42.9700,42.9600,42.9650,10900
1475783099,42.9550,42.9700,42.9501,42.9636,24800
1475783101,42.9550,42.9600,42.9400,42.9500,16700
1475783208,42.9600,42.9600,42.9500,42.9543,4100
1475783278,42.9550,42.9600,42.9500,42.9600,4500
1475783280,42.9500,42.9600,42.9450,42.9550,18300
1475783399,42.9600,42.9600,42.9400,42.9400,23200
1475783400,42.9700,42.9700,42.9500,42.9600,14500
1475783517,42.9600,42.9700,42.9600,42.9650,5500
1475783579,42.9700,42.9700,42.9600,42.9600,8300
1475783638,42.9900,43.0000,42.9600,42.9700,37800
1475783699,42.9900,43.0000,42.9800,42.9900,63100
1475783758,42.9850,42.9900,42.9800,42.9900,33200
1475783817,42.9600,42.9850,42.9600,42.9800,42700
1475783820,42.9800,42.9900,42.9600,42.9600,44200
1475783880,43.0000,43.0000,42.9700,42.9800,23800
1475783999,43.0100,43.0100,42.9800,43.0000,56000
1475784000,43.0100,43.0100,43.0100,43.0100,235000
