uri:/instrument/1.0/MDLZ/chartdata;type=quote;range=1d/csv
ticker:mdlz
Company-Name:Mondelez International, Inc.
Exchange-Name:NMS
unit:MIN
timezone:EDT
currency:USD
gmtoffset:-14400
previous_close:43.1600
Timestamp:1475674200,1475697600
labels:1475676000,1475679600,1475683200,1475686800,1475690400,1475694000,1475697600
values:Timestamp,close,high,low,open,volume
close:42.9500,43.4300
high:42.9800,43.4500
low:42.9500,43.4100
open:42.9500,43.4300
volume:200,518300
1475674258,43.2800,43.2800,43.2146,43.2146,60500
1475674268,43.3400,43.3400,43.2800,43.2800,1300
1475674376,43.2800,43.3700,43.1950,43.3700,27700
1475674439,43.2900,43.3000,43.2600,43.2601,6000
1475674497,43.2500,43.2800,43.2164,43.2800,7900
1475674558,43.2800,43.2900,43.2400,43.2400,13700
1475674619,43.3700,43.3800,43.2800,43.2800,9800
1475674672,43.4000,43.4100,43.3500,43.3600,11400
1475674736,43.4097,43.4500,43.4000,43.4200,8600
1475674797,43.4300,43.4400,43.4100,43.4100,9300
1475674858,43.3700,43.4300,43.3500,43.4300,15600
1475674918,43.3700,43.3900,43.3550,43.3600,9800
1475674979,43.3500,43.3800,43.3500,43.3700,8700
1475675039,43.3700,43.3700,43.3500,43.3500,7400
1475675098,43.3700,43.3900,43.3600,43.3800,13400
1475675108,43.3800,43.3900,43.3700,43.3700,10100
1475675219,43.3200,43.3700,43.3200,43.3700,8100
1475675279,43.3300,43.3300,43.3100,43.3100,15300
1475675337,43.3065,43.3500,43.3001,43.3200,25100
1475675397,43.3100,43.3300,43.2950,43.3100,15800
1475675458,43.3800,43.3900,43.3100,43.3100,28600
1475675519,43.3300,43.3800,43.3300,43.3800,14700
1475675575,43.3100,43.3425,43.3000,43.3425,5600
1475675584,43.2750,43.3350,43.2700,43.3100,9600
1475675650,43.2600,43.2800,43.2600,43.2700,4000
1475675755,43.3000,43.3000,43.2600,43.2700,8400
1475675818,43.3100,43.3200,43.3000,43.3000,4700
1475675820,43.3200,43.3300,43.3100,43.3100,9100
1475675939,43.2800,43.3150,43.2750,43.3150,16700
1475675999,43.3150,43.3250,43.2800,43.2800,14400
1475676000,43.3200,43.3400,43.2800,43.3200,12800
1475676083,43.3500,43.3500,43.3150,43.3150,9800
1475676176,43.3300,43.3400,43.3000,43.3400,9000
1475676236,43.3200,43.3300,43.3000,43.3300,11700
1475676299,43.3200,43.3250,43.3100,43.3200,16200
1475676357,43.3300,43.3300,43.3250,43.3300,10800
1475676418,43.3150,43.3400,43.3150,43.3300,15500
1475676476,43.3450,43.3500,43.3150,43.3200,18400
1475676486,43.3600,43.3800,43.3500,43.3500,9400
1475676593,43.3300,43.3600,43.3300,43.3600,15000
1475676605,43.3150,43.3400,43.3109,43.3400,5700
1475676664,43.3150,43.3200,43.3100,43.3200,6700
1475676730,43.3100,43.3150,43.3000,43.3100,10000
1475676802,43.3100,43.3100,43.3000,43.3100,5100
1475676842,43.2800,43.3100,43.2750,43.3000,11100
1475676903,43.3100,43.3100,43.2850,43.2900,12400
1475676965,43.2800,43.3150,43.2800,43.3100,15100
1475677022,43.2600,43.2800,43.2600,43.2800,8100
1475677135,43.2500,43.2600,43.2400,43.2500,7900
1475677140,43.2350,43.2600,43.2350,43.2502,3700
1475677202,43.2400,43.2400,43.2250,43.2250,4800
1475677270,43.2450,43.2500,43.2400,43.2500,10600
1475677365,43.2300,43.2500,43.2250,43.2500,7700
1475677439,43.2400,43.2400,43.2300,43.2350,7400
1475677440,43.2300,43.2400,43.2200,43.2400,15700
1475677526,43.2400,43.2500,43.2300,43.2400,7900
1475677562,43.2600,43.2600,43.2400,43.2500,8200
1475677677,43.2500,43.2600,43.2500,43.2600,3500
1475677680,43.2600,43.2600,43.2500,43.2550,4500
1475677743,43.2600,43.2600,43.2500,43.2600,3900
1475677802,43.2650,43.2700,43.2500,43.2600,14800
1475677918,43.2500,43.2700,43.2400,43.2700,10200
1475677979,43.1900,43.2550,43.1900,43.2550,18600
1475677980,43.2050,43.2100,43.1900,43.2000,13200
1475678053,43.2000,43.2100,43.2000,43.2050,10700
1475678100,43.2100,43.2200,43.2000,43.2000,24100
1475678174,43.2200,43.2200,43.2050,43.2100,6500
1475678277,43.2350,43.2400,43.2200,43.2300,10100
1475678334,43.2400,43.2400,43.2300,43.2400,6800
1475678342,43.2000,43.2400,43.2000,43.2300,12100
1475678459,43.2100,43.2100,43.2000,43.2000,4600
1475678460,43.2100,43.2200,43.2050,43.2050,10900
1475678526,43.1900,43.2200,43.1800,43.2200,6100
1475678639,43.2000,43.2000,43.1800,43.1900,6600
1475678640,43.1800,43.1950,43.1700,43.1900,8500
1475678756,43.1950,43.2000,43.1775,43.1800,23500
1475678816,43.2200,43.2300,43.2000,43.2000,4800
1475678835,43.1910,43.2250,43.1900,43.2250,6200
1475678883,43.1850,43.1900,43.1800,43.1900,5600
1475678998,43.1400,43.1850,43.1400,43.1800,12000
1475679000,43.1600,43.1600,43.1500,43.1500,16000
1475679062,43.1600,43.1650,43.1500,43.1500,11400
1475679122,43.1501,43.1600,43.1500,43.1600,1900
1475679239,43.1600,43.1600,43.1500,43.1500,8500
1475679240,43.1437,43.1650,43.1434,43.1600,15400
1475679354,43.1400,43.1600,43.1400,43.1500,11900
1475679362,43.1500,43.1600,43.1400,43.1500,8600
1475679469,43.1550,43.1600,43.1500,43.1550,3700
1475679488,43.1450,43.1600,43.1400,43.1550,14500
1475679595,43.1550,43.1625,43.1400,43.1500,15500
1475679601,43.1600,43.1650,43.1500,43.1600,30100
1475679718,43.1550,43.1600,43.1400,43.1600,8700
1475679723,43.1800,43.1800,43.1500,43.1500,14900
1475679781,43.1900,43.2000,43.1700,43.1800,9800
1475679845,43.2300,43.2400,43.1900,43.2000,9500
1475679952,43.2700,43.2700,43.2300,43.2400,8500
1475680017,43.2500,43.2750,43.2400,43.2700,16000
1475680069,43.2100,43.2500,43.1900,43.2500,127700
1475680098,43.2250,43.2350,43.2100,43.2100,9400
1475680143,43.2100,43.2300,43.2000,43.2300,12300
1475680259,43.1850,43.2200,43.1800,43.2200,11200
1475680262,43.1800,43.1859,43.1800,43.1850,6000
1475680320,43.1650,43.1899,43.1600,43.1850,18100
1475680380,43.1550,43.1697,43.1500,43.1650,2700
1475680496,43.1550,43.1550,43.1350,43.1500,6300
1475680500,43.1700,43.1900,43.1600,43.1600,17100
1475680617,43.1650,43.1700,43.1600,43.1600,5600
1475680620,43.1750,43.1800,43.1600,43.1600,11500
1475680681,43.1650,43.1750,43.1500,43.1750,6300
1475680751,43.1700,43.1766,43.1700,43.1700,5500
1475680802,43.1570,43.1800,43.1570,43.1700,9400
1475680919,43.1750,43.1900,43.1550,43.1600,17500
1475680920,43.1500,43.1800,43.1500,43.1700,7500
1475680990,43.1600,43.1800,43.1500,43.1500,10600
1475681099,43.1744,43.1744,43.1650,43.1650,6600
1475681158,43.1500,43.1750,43.1400,43.1750,8600
1475681160,43.1550,43.1600,43.1400,43.1450,6400
1475681267,43.1500,43.1600,43.1500,43.1500,3500
1475681295,43.1538,43.1600,43.1500,43.1500,4400
1475681395,43.1750,43.1900,43.1500,43.1544,31000
1475681453,43.1703,43.1750,43.1700,43.1750,2200
1475681466,43.1700,43.1800,43.1700,43.1700,5100
1475681579,43.1750,43.1799,43.1700,43.1750,3000
1475681639,43.1700,43.1800,43.1700,43.1700,8200
1475681698,43.1700,43.1750,43.1550,43.1750,15900
1475681753,43.1750,43.1800,43.1700,43.1700,6700
1475681767,43.1550,43.1800,43.1550,43.1750,16300
1475681823,43.1500,43.1550,43.1450,43.1550,4400
1475681882,43.1800,43.1900,43.1500,43.1500,15200
1475681989,43.1800,43.1800,43.1700,43.1800,2600
1475682051,43.1775,43.1800,43.1700,43.1800,3200
1475682115,43.1700,43.1800,43.1650,43.1800,7000
1475682173,43.1750,43.1800,43.1750,43.1757,5200
1475682181,43.1550,43.1850,43.1550,43.1750,11000
1475682296,43.1700,43.1710,43.1600,43.1600,17600
1475682356,43.1700,43.1800,43.1600,43.1700,33400
1475682419,43.1600,43.1700,43.1550,43.1700,13800
1475682436,43.1588,43.1600,43.1501,43.1550,2900
1475682539,43.1500,43.1600,43.1350,43.1600,123300
1475682544,43.1400,43.1450,43.1400,43.1450,800
1475682602,43.1453,43.1500,43.1350,43.1450,3500
1475682716,43.1600,43.1700,43.1500,43.1500,7700
1475682720,43.1650,43.1800,43.1600,43.1600,11000
1475682839,43.1550,43.1650,43.1501,43.1650,9200
1475682840,43.1550,43.1600,43.1500,43.1600,4300
1475682958,43.1500,43.1600,43.1400,43.1550,60500
1475682960,43.1550,43.1700,43.1500,43.1500,28700
1475683042,43.1500,43.1550,43.1500,43.1550,800
1475683096,43.1300,43.1562,43.1300,43.1562,5600
1475683162,43.1500,43.1500,43.1350,43.1400,6900
1475683255,43.1500,43.1600,43.1500,43.1550,3500
1475683312,43.1550,43.1600,43.1550,43.1550,6900
1475683354,43.1550,43.1600,43.1501,43.1501,5000
1475683380,43.1664,43.1700,43.1500,43.1550,7800
1475683494,43.1800,43.1800,43.1600,43.1700,11200
1475683559,43.1885,43.1900,43.1700,43.1800,35600
1475683619,43.1700,43.1900,43.1650,43.1800,21100
1475683678,43.1600,43.1700,43.1500,43.1650,96000
1475683687,43.1500,43.1600,43.1400,43.1600,7300
1475683745,43.1600,43.1600,43.1350,43.1400,15100
1475683858,43.2050,43.2100,43.1600,43.1600,16900
1475683860,43.1850,43.2100,43.1800,43.2052,27900
1475683930,43.1700,43.1850,43.1700,43.1850,6200
1475684006,43.1650,43.1800,43.1600,43.1700,7000
1475684048,43.1300,43.1650,43.1300,43.1650,9800
1475684100,43.1700,43.1700,43.1250,43.1300,19700
1475684164,43.1750,43.1900,43.1700,43.1800,13700
1475684220,43.1700,43.1700,43.1600,43.1700,6900
1475684339,43.1650,43.1700,43.1650,43.1700,10500
1475684397,43.1600,43.1700,43.1600,43.1700,1200
1475684401,43.1700,43.1800,43.1600,43.1650,13100
1475684462,43.1750,43.1800,43.1750,43.1790,4700
1475684576,43.1700,43.1800,43.1700,43.1800,5000
1475684625,43.1700,43.1800,43.1600,43.1748,8100
1475684642,43.1750,43.1800,43.1650,43.1700,5700
1475684759,43.1750,43.1750,43.1700,43.1700,700
1475684813,43.1500,43.1700,43.1350,43.1700,35000
1475684820,43.1450,43.1500,43.1310,43.1400,10700
1475684938,43.1500,43.1500,43.1500,43.1500,2400
1475684950,43.1500,43.1600,43.1450,43.1500,7000
1475685005,43.1600,43.1600,43.1600,43.1600,3600
1475685060,43.1600,43.1600,43.1550,43.1600,2200
1475685170,43.1600,43.1600,43.1550,43.1600,6100
1475685230,43.1550,43.1600,43.1550,43.1600,8300
1475685244,43.1550,43.1600,43.1500,43.1600,102900
1475685347,43.1600,43.1750,43.1600,43.1600,17500
1475685365,43.1600,43.1700,43.1500,43.1600,20700
1475685426,43.1500,43.1600,43.1500,43.1600,4900
1475685496,43.1400,43.1600,43.1400,43.1500,7300
1475685542,43.1450,43.1500,43.1400,43.1400,2700
1475685602,43.1500,43.1552,43.1450,43.1500,3400
1475685671,43.1600,43.1600,43.1500,43.1599,3600
1475685746,43.1600,43.1600,43.1600,43.1600,400
1475685838,43.1500,43.1600,43.1500,43.1600,2100
1475685843,43.1550,43.1590,43.1500,43.1500,1300
1475685900,43.1550,43.1600,43.1500,43.1500,4600
1475686019,43.1700,43.1700,43.1500,43.1500,11600
1475686020,43.1600,43.1700,43.1600,43.1700,5900
1475686139,43.1500,43.1600,43.1400,43.1600,27000
1475686197,43.1500,43.1500,43.1400,43.1452,4800
1475686259,43.1500,43.1600,43.1457,43.1457,17700
1475686316,43.1400,43.1500,43.1300,43.1450,6800
1475686376,43.1500,43.1500,43.1450,43.1450,1500
1475686438,43.1450,43.1500,43.1400,43.1400,1600
1475686440,43.1550,43.1550,43.1452,43.1500,5800
1475686552,43.1400,43.1600,43.1350,43.1550,7200
1475686616,43.1267,43.1400,43.1267,43.1400,2500
1475686667,43.1200,43.1300,43.1200,43.1200,2600
1475686680,43.1400,43.1400,43.1200,43.1250,5900
1475686747,43.1350,43.1400,43.1300,43.1400,1400
1475686804,43.1400,43.1400,43.1350,43.1400,2900
1475686917,43.1350,43.1400,43.1343,43.1350,2500
1475686920,43.1400,43.1400,43.1400,43.1400,3200
1475686984,43.1400,43.1450,43.1350,43.1400,9400
1475687093,43.1350,43.1400,43.1338,43.1400,2800
1475687100,43.1200,43.1450,43.1100,43.1400,21700
1475687171,43.1250,43.1300,43.1250,43.1300,7900
1475687279,43.1150,43.1300,43.1150,43.1250,4600
1475687280,43.1250,43.1250,43.1100,43.1100,5400
1475687347,43.1200,43.1300,43.1200,43.1253,4700
1475687449,43.1000,43.1200,43.1000,43.1200,65200
1475687509,43.1100,43.1100,43.1000,43.1000,5400
1475687527,43.1100,43.1200,43.1100,43.1100,3400
1475687630,43.1100,43.1250,43.1100,43.1150,8700
1475687693,43.1000,43.1100,43.1000,43.1100,91200
1475687701,43.1050,43.1050,43.1000,43.1000,1700
1475687767,43.1200,43.1200,43.1000,43.1000,8000
1475687875,43.1200,43.1300,43.1100,43.1200,59500
1475687886,43.1250,43.1400,43.1200,43.1200,12700
1475687942,43.1250,43.1300,43.1243,43.1243,1900
1475688005,43.1000,43.1300,43.1000,43.1300,21700
1475688114,43.1150,43.1200,43.1050,43.1100,24600
1475688174,43.1150,43.1250,43.1120,43.1200,9500
1475688239,43.1150,43.1200,43.1100,43.1150,36500
1475688299,43.1100,43.1200,43.1100,43.1150,3000
1475688358,43.1150,43.1200,43.1148,43.1200,5800
1475688415,43.1100,43.1200,43.1100,43.1150,25400
1475688478,43.1150,43.1150,43.1100,43.1150,2800
1475688480,43.1150,43.1200,43.1100,43.1150,7200
1475688598,43.1100,43.1200,43.1100,43.1150,3600
1475688656,43.1130,43.1200,43.1100,43.1150,7100
1475688660,43.1100,43.1200,43.1000,43.1150,28800
1475688778,43.1000,43.1100,43.1000,43.1000,1400
1475688780,43.1050,43.1100,43.1000,43.1050,3400
1475688899,43.1100,43.1100,43.1000,43.1050,3400
1475688959,43.1200,43.1200,43.1050,43.1100,14700
1475689019,43.1150,43.1200,43.1100,43.1150,3800
1475689020,43.1150,43.1200,43.1100,43.1150,4100
1475689084,43.1150,43.1300,43.1000,43.1148,40500
1475689153,43.1050,43.1150,43.1000,43.1150,5300
1475689241,43.1050,43.1100,43.1000,43.1000,2700
1475689319,43.1000,43.1100,43.1000,43.1100,4700
1475689320,43.0850,43.1100,43.0800,43.1050,44200
1475689385,43.0850,43.0899,43.0800,43.0850,4100
1475689440,43.0850,43.0900,43.0800,43.0850,3300
1475689500,43.1300,43.1300,43.0801,43.0900,20600
1475689563,43.1100,43.1350,43.1000,43.1300,37900
1475689678,43.1001,43.1150,43.1000,43.1100,20000
1475689682,43.1100,43.1150,43.1000,43.1000,10000
1475689797,43.1050,43.1100,43.1001,43.1100,5900
1475689854,43.1200,43.1200,43.1037,43.1100,6400
1475689863,43.1101,43.1250,43.1100,43.1200,37100
1475689920,43.1150,43.1200,43.1150,43.1150,3500
1475690037,43.1150,43.1200,43.1130,43.1200,5300
1475690097,43.1200,43.1300,43.1100,43.1200,26300
1475690157,43.1150,43.1250,43.1100,43.1200,15400
1475690215,43.1300,43.1300,43.1150,43.1200,33100
1475690270,43.1250,43.1300,43.1231,43.1300,1300
1475690280,43.1400,43.1450,43.1250,43.1250,19100
1475690341,43.1400,43.1500,43.1300,43.1400,13300
1475690445,43.1400,43.1450,43.1300,43.1400,8300
1475690519,43.1400,43.1400,43.1302,43.1350,6000
1475690577,43.1400,43.1400,43.1350,43.1400,5100
1475690580,43.1350,43.1400,43.1300,43.1400,7600
1475690688,43.1200,43.1350,43.1150,43.1350,14800
1475690700,43.1100,43.1200,43.1100,43.1200,9000
1475690763,43.1100,43.1150,43.1000,43.1150,7300
1475690821,43.0950,43.1000,43.0950,43.1000,3400
1475690880,43.1000,43.1000,43.0900,43.0950,4400
1475690940,43.0900,43.1000,43.0900,43.1000,4800
1475691009,43.0950,43.1000,43.0900,43.0900,15200
1475691105,43.0890,43.0900,43.0850,43.0900,7200
1475691179,43.1100,43.1100,43.0900,43.0900,7200
1475691181,43.1100,43.1100,43.1000,43.1100,4600
1475691240,43.1000,43.1100,43.0950,43.1100,10400
1475691347,43.1200,43.1200,43.1000,43.1000,5300
1475691417,43.1171,43.1200,43.1100,43.1200,11900
1475691422,43.0900,43.1200,43.0900,43.1166,15100
1475691482,43.0750,43.1000,43.0700,43.0900,13300
1475691542,43.0766,43.0800,43.0700,43.0750,15900
1475691659,43.0700,43.0800,43.0700,43.0750,6100
1475691664,43.0900,43.1000,43.0700,43.0750,118500
1475691729,43.0800,43.0900,43.0800,43.0850,7300
1475691833,43.0600,43.0700,43.0550,43.0700,9100
1475691840,43.0900,43.0950,43.0550,43.0550,14200
1475691900,43.0900,43.0900,43.0850,43.0899,600
1475692019,43.0900,43.0900,43.0850,43.0900,3400
1475692076,43.0850,43.0950,43.0800,43.0900,10600
1475692080,43.0631,43.0900,43.0631,43.0900,9700
1475692144,43.0800,43.0800,43.0600,43.0600,6100
1475692259,43.1000,43.1000,43.0800,43.0800,5600
1475692319,43.1000,43.1050,43.0950,43.1000,18800
1475692320,43.1000,43.1050,43.0900,43.1000,17600
1475692383,43.0950,43.1000,43.0900,43.1000,7300
1475692453,43.0950,43.1000,43.0900,43.0999,10000
1475692522,43.1050,43.1150,43.0900,43.0950,11200
1475692619,43.1000,43.1000,43.0900,43.1000,10400
1475692673,43.1000,43.1050,43.0921,43.1000,14100
1475692681,43.1000,43.1000,43.0950,43.1000,2900
1475692743,43.0950,43.1100,43.0950,43.0950,13000
1475692855,43.1000,43.1050,43.0950,43.0950,23900
1475692917,43.1000,43.1000,43.0950,43.1000,4900
1475692923,43.0900,43.1000,43.0900,43.1000,7900
1475692988,43.0800,43.0900,43.0800,43.0900,4300
1475693070,43.0850,43.0900,43.0850,43.0850,2000
1475693152,43.1000,43.1000,43.0800,43.0850,10400
1475693219,43.0900,43.0950,43.0800,43.0934,10100
1475693220,43.0850,43.0900,43.0850,43.0850,9800
1475693285,43.0850,43.0900,43.0800,43.0900,20100
1475693399,43.0900,43.0900,43.0600,43.0850,30000
1475693400,43.0899,43.1100,43.0800,43.0900,36000
1475693518,43.0800,43.0800,43.0737,43.0800,9400
1475693526,43.1050,43.1200,43.0800,43.0800,17000
1475693586,43.1000,43.1100,43.1000,43.1075,3700
1475693640,43.0800,43.1000,43.0800,43.1000,10400
1475693759,43.0800,43.0900,43.0750,43.0800,8400
1475693760,43.0900,43.0900,43.0750,43.0750,5800
1475693876,43.1050,43.1050,43.0850,43.0900,5800
1475693880,43.1000,43.1100,43.0950,43.1100,6900
1475693940,43.1000,43.1100,43.1000,43.1000,8700
1475694002,43.1200,43.1200,43.1000,43.1100,8400
1475694119,43.1200,43.1200,43.1100,43.1200,4400
1475694120,43.1350,43.1500,43.1200,43.1200,14100
1475694185,43.1450,43.1450,43.1300,43.1350,4600
1475694249,43.1500,43.1500,43.1450,43.1450,3000
1475694356,43.1500,43.1600,43.1450,43.1500,10600
1475694411,43.1453,43.1500,43.1400,43.1500,11000
1475694422,43.1600,43.1600,43.1430,43.1490,6300
1475694486,43.1600,43.1600,43.1550,43.1600,2600
1475694540,43.1550,43.1600,43.1500,43.1600,6000
1475694658,43.1500,43.1600,43.1500,43.1500,7300
1475694714,43.1000,43.1600,43.0900,43.1550,24300
1475694779,43.0800,43.1100,43.0800,43.1000,9500
1475694839,43.0700,43.0850,43.0700,43.0800,9100
1475694840,43.0650,43.0790,43.0530,43.0790,35900
1475694902,43.0600,43.0700,43.0600,43.0600,7500
1475694963,43.0400,43.0700,43.0400,43.0700,14300
1475695020,43.0300,43.0499,43.0100,43.0438,39400
1475695139,43.0190,43.0300,43.0000,43.0200,11900
1475695195,43.0050,43.0161,43.0000,43.0161,9500
1475695257,43.0100,43.0100,42.9800,43.0050,33000
1475695317,42.9900,43.0050,42.9900,43.0000,8700
1475695379,42.9750,43.0000,42.9750,43.0000,10300
1475695380,42.9800,42.9800,42.9600,42.9700,13600
1475695499,42.9950,42.9950,42.9700,42.9700,19400
1475695557,43.0050,43.0100,42.9900,42.9900,26500
1475695619,43.0000,43.0100,43.0000,43.0050,4900
1475695679,42.9900,43.0100,42.9900,43.0050,19600
1475695680,42.9500,42.9800,42.9500,42.9800,10100
1475695798,42.9800,42.9800,42.9500,42.9500,23200
1475695800,42.9900,42.9900,42.9700,42.9800,14900
1475695919,43.0000,43.0000,42.9800,42.9800,8200
1475695979,43.0100,43.0100,42.9900,42.9900,9900
1475696039,43.0400,43.0400,43.0100,43.0100,17900
1475696099,43.0400,43.0500,43.0300,43.0400,7700
1475696100,43.0200,43.0450,43.0200,43.0445,16600
1475696219,43.0150,43.0200,43.0125,43.0200,7600
1475696279,43.0200,43.0250,43.0100,43.0200,10300
1475696337,43.0050,43.0250,43.0000,43.0200,18700
1475696399,43.0200,43.0200,43.0046,43.0100,14700
1475696401,43.0250,43.0300,43.0200,43.0200,12000
1475696517,43.0250,43.0300,43.0200,43.0300,10100
1475696520,43.0400,43.0400,43.0250,43.0300,12600
1475696581,43.0700,43.0700,43.0350,43.0400,17100
1475696698,43.0450,43.0700,43.0400,43.0700,19800
1475696758,43.0250,43.0450,43.0200,43.0450,23400
1475696763,43.0300,43.0300,43.0200,43.0200,7700
1475696879,43.0300,43.0300,43.0250,43.0300,9800
1475696880,43.0300,43.0300,43.0200,43.0250,17400
1475696940,43.0250,43.0300,43.0200,43.0250,22100
1475697055,43.0300,43.0350,43.0250,43.0350,33600
1475697060,43.0300,43.0300,43.0207,43.0250,14200
1475697179,43.0350,43.0400,43.0300,43.0300,25200
1475697237,43.0200,43.0400,43.0200,43.0350,34100
1475697244,43.0100,43.0400,43.0100,43.0300,31100
1475697356,43.0150,43.0200,42.9900,43.0000,47300
1475697418,43.0550,43.1000,43.0150,43.0200,84500
1475697479,43.0550,43.0600,43.0500,43.0550,32200
1475697539,43.0550,43.0600,43.0500,43.0600,40700
1475697541,43.0200,43.0650,43.0100,43.0500,518300
1475697600,43.0250,43.0250,43.0250,43.0250,200
