uri:/instrument/1.0/IBM/chartdata;type=quote;range=1d/csv
ticker:ibm
Company-Name:International Business Machines
Exchange-Name:NYQ
unit:MIN
timezone:EDT
currency:USD
gmtoffset:-14400
previous_close:157.0800
Timestamp:1475760600,1475784000
labels:1475762400,1475766000,1475769600,1475773200,1475776800,1475780400,1475784000
values:Timestamp,close,high,low,open,volume
close:155.8900,157.3100
high:156.0300,157.4300
low:155.8900,157.2700
open:155.9400,157.3300
volume:100,93600
1475760613,156.8500,156.8699,156.7300,156.7500,55100
1475760679,156.9800,157.0600,156.8000,157.0000,5400
1475760720,156.9500,156.9900,156.8800,156.9800,2200
1475760795,156.7000,156.9125,156.6900,156.8800,3400
1475760846,156.6900,156.8000,156.6900,156.7700,4700
1475760900,156.4500,156.5900,156.4500,156.5600,5400
1475760975,156.4697,156.6197,156.2700,156.4900,12500
1475761034,156.4000,156.6397,156.4000,156.4900,2300
1475761087,156.4700,156.6597,156.4700,156.5100,1200
1475761140,156.5300,156.6597,156.5100,156.5600,3700
1475761210,156.5000,156.5200,156.3700,156.5200,4800
1475761267,156.5797,156.5797,156.5000,156.5000,1700
1475761334,156.4700,156.5350,156.4700,156.5300,2400
1475761387,156.3100,156.5700,156.3100,156.4900,8100
1475761448,156.6097,156.6097,156.2700,156.3300,3900
1475761510,156.4100,156.5200,156.4000,156.5200,2200
1475761564,156.4000,156.4400,156.3400,156.3900,1400
1475761635,156.3654,156.3700,156.3500,156.3600,1300
1475761682,156.3700,156.3700,156.2700,156.3200,4100
1475761747,156.2200,156.3600,156.2200,156.3600,2200
1475761802,156.1550,156.2700,156.1100,156.2500,4900
1475761882,156.0000,156.1500,156.0000,156.1500,6100
1475761920,155.9500,156.0300,155.8900,155.9800,4900
1475761980,155.8900,156.0900,155.8900,155.9400,7500
1475762097,156.1000,156.1000,155.9400,155.9400,13400
1475762159,156.1000,156.1300,156.0000,156.0817,15400
1475762219,156.2000,156.3200,156.1000,156.1000,13600
1475762220,156.2350,156.2900,156.1700,156.1800,9900
1475762335,156.3100,156.3100,156.2500,156.2700,11100
1475762344,156.4200,156.4200,156.3300,156.3300,4100
1475762447,156.4000,156.4500,156.2800,156.3700,5600
1475762519,156.3600,156.4119,156.2800,156.4100,8400
1475762529,156.4000,156.4400,156.3690,156.3690,1700
1475762584,156.6100,156.6100,156.4200,156.4500,10100
1475762699,156.6300,156.7020,156.6200,156.6500,6200
1475762702,156.6100,156.6600,156.5600,156.6300,7700
1475762761,156.4700,156.6200,156.4700,156.6200,4200
1475762821,156.4700,156.5400,156.4551,156.4800,3400
1475762886,156.4600,156.5300,156.4400,156.5000,2900
1475762944,156.5500,156.6000,156.4800,156.4800,5300
1475763058,156.5700,156.6600,156.5500,156.5500,5000
1475763060,156.6300,156.6401,156.5700,156.5700,5000
1475763126,156.6200,156.6900,156.6200,156.6400,3600
1475763184,156.6600,156.6600,156.6200,156.6600,1400
1475763240,156.7500,156.7600,156.6900,156.7100,4700
1475763306,156.7400,156.7700,156.7200,156.7500,2300
1475763361,156.8000,156.8000,156.7300,156.7400,2900
1475763430,156.7700,156.8300,156.7700,156.8299,1700
1475763482,156.7800,156.8300,156.7700,156.7700,4300
1475763599,156.8500,156.8500,156.8100,156.8200,2400
1475763611,156.8100,156.8474,156.7873,156.8474,2400
1475763662,156.8500,156.8600,156.8000,156.8100,4100
1475763743,156.8400,156.8700,156.8400,156.8601,5600
1475763788,156.8700,156.8700,156.8200,156.8400,1200
1475763848,156.8600,156.8700,156.8000,156.8700,2800
1475763929,156.8500,156.8700,156.8500,156.8700,2000
1475763991,156.8200,156.8700,156.8200,156.8400,800
1475764022,156.8200,156.8200,156.7700,156.8200,3600
1475764088,156.8500,156.8500,156.8350,156.8350,600
1475764198,156.8800,156.8800,156.8600,156.8600,1200
1475764206,156.8700,156.9000,156.8300,156.9000,3300
1475764266,156.8600,156.8800,156.8300,156.8600,3600
1475764377,156.7900,156.8500,156.7600,156.8500,6200
1475764381,156.7200,156.7900,156.6800,156.7900,2900
1475764444,156.7700,156.7700,156.7100,156.7200,1800
1475764528,156.7400,156.7700,156.7400,156.7700,1300
1475764562,156.8100,156.8300,156.7800,156.7800,3800
1475764622,156.9200,156.9500,156.8300,156.8300,4000
1475764687,156.9200,157.0000,156.9200,156.9500,2500
1475764751,156.9100,156.9350,156.8800,156.9000,2800
1475764806,156.9300,156.9300,156.9100,156.9100,800
1475764911,156.9200,156.9400,156.9100,156.9100,1600
1475764923,156.8600,156.9200,156.8500,156.9200,4000
1475764980,156.8700,156.8700,156.8100,156.8500,2200
1475765050,156.9019,156.9100,156.9000,156.9100,700
1475765157,156.9550,156.9600,156.9200,156.9200,1400
1475765165,156.9000,156.9400,156.8900,156.9400,4900
1475765222,156.8700,156.9150,156.8700,156.9049,1500
1475765310,156.8550,156.8610,156.8300,156.8310,2100
1475765395,156.8900,156.9200,156.8700,156.8700,3300
1475765401,156.8500,156.9100,156.8500,156.8900,2900
1475765466,156.9423,156.9600,156.8600,156.8800,1600
1475765524,156.9436,156.9600,156.9436,156.9600,2700
1475765592,156.9800,157.0100,156.9400,156.9400,5000
1475765672,156.9400,156.9400,156.9400,156.9400,200
1475765758,156.8800,156.9770,156.8800,156.9600,4900
1475765763,156.9100,156.9200,156.8650,156.8800,3800
1475765822,156.9600,156.9600,156.9100,156.9100,1400
1475765881,156.9500,156.9500,156.9300,156.9500,1100
1475765943,156.9800,156.9800,156.8600,156.9600,5600
1475766058,156.9500,157.0000,156.9400,156.9500,5400
1475766061,156.9100,156.9800,156.8900,156.9800,5500
1475766121,156.8400,156.9200,156.7900,156.9200,2300
1475766237,156.7700,156.8400,156.7500,156.8200,2200
1475766241,156.8100,156.8100,156.7400,156.7669,3700
1475766300,156.8100,156.8300,156.8100,156.8300,2200
1475766368,156.8200,156.8200,156.7800,156.8100,2600
1475766434,156.6600,156.8200,156.6600,156.8200,3000
1475766491,156.5800,156.6700,156.5600,156.6500,3700
1475766549,156.5526,156.6100,156.5400,156.6100,1200
1475766600,156.6100,156.6100,156.5000,156.5100,3600
1475766673,156.5400,156.5900,156.5400,156.5900,2400
1475766725,156.6000,156.6500,156.5550,156.5550,5900
1475766792,156.5200,156.5600,156.5100,156.5600,4100
1475766841,156.5600,156.5600,156.5300,156.5350,1200
1475766907,156.5000,156.5800,156.5000,156.5800,4300
1475767019,156.4900,156.5100,156.4400,156.5100,5100
1475767025,156.4800,156.4900,156.4800,156.4900,600
1475767090,156.4400,156.5200,156.4200,156.5100,6900
1475767162,156.4700,156.4800,156.4500,156.4600,5500
1475767202,156.4700,156.4900,156.4700,156.4800,8900
1475767264,156.4700,156.4900,156.4600,156.4694,2000
1475767378,156.5100,156.5100,156.4600,156.4804,2800
1475767382,156.4749,156.5100,156.4600,156.5037,8200
1475767497,156.5400,156.5400,156.4700,156.4700,3500
1475767507,156.6400,156.7000,156.5400,156.5400,7200
1475767563,156.6600,156.6700,156.6600,156.6700,700
1475767622,156.6400,156.6850,156.6400,156.6799,2700
1475767720,156.6700,156.6750,156.6400,156.6400,1800
1475767799,156.7600,156.7600,156.6700,156.7000,6800
1475767800,156.6800,156.7600,156.6800,156.7600,3000
1475767861,156.7100,156.7200,156.6900,156.7100,1500
1475767931,156.6000,156.7000,156.6000,156.7000,3300
1475767985,156.5500,156.6099,156.5400,156.6099,2800
1475768043,156.4900,156.5800,156.4900,156.5800,4600
1475768102,156.5245,156.5500,156.5100,156.5100,3000
1475768164,156.4800,156.5200,156.4800,156.5200,2100
1475768221,156.5200,156.5200,156.4900,156.5000,3500
1475768302,156.5000,156.5500,156.5000,156.5320,9000
1475768374,156.5300,156.5300,156.5200,156.5300,700
1475768456,156.5500,156.5600,156.5400,156.5600,1600
1475768460,156.4800,156.5500,156.4800,156.5410,2500
1475768529,156.4768,156.5100,156.4768,156.4900,3900
1475768588,156.4400,156.4710,156.4400,156.4710,2000
1475768640,156.4800,156.4800,156.4190,156.4300,1800
1475768702,156.5200,156.5400,156.4700,156.4700,4300
1475768768,156.5400,156.5400,156.5050,156.5050,3100
1475768821,156.8700,156.8700,156.5450,156.5450,4800
1475768939,156.9000,157.0400,156.8800,156.8900,15700
1475768999,156.9100,156.9300,156.8700,156.8900,7100
1475769000,156.9800,156.9900,156.8900,156.9200,16500
1475769064,157.0300,157.0700,156.9600,156.9900,11900
1475769139,157.0800,157.0900,157.0300,157.0600,5300
1475769180,157.1100,157.1100,157.0300,157.1000,1300
1475769241,157.1064,157.1190,157.0900,157.1100,1600
1475769308,157.0600,157.0900,157.0500,157.0900,2200
1475769360,157.0200,157.0600,157.0000,157.0400,3800
1475769421,157.0700,157.0700,157.0100,157.0100,1400
1475769539,157.0400,157.1100,157.0400,157.0400,3000
1475769548,157.0400,157.0600,157.0000,157.0200,3700
1475769600,157.1100,157.1200,157.0600,157.0600,2600
1475769670,157.1900,157.2300,157.1100,157.1100,6700
1475769728,157.1100,157.2000,157.1100,157.1900,2000
1475769780,157.1039,157.1100,157.0800,157.1100,1300
1475769840,157.1700,157.1700,157.1100,157.1200,1900
1475769904,157.2423,157.2500,157.1800,157.1800,3400
1475770017,157.3100,157.4300,157.2100,157.2300,8900
1475770061,157.2500,157.3400,157.2500,157.3300,1700
1475770136,157.2469,157.2900,157.2300,157.2500,2100
1475770141,157.1500,157.2400,157.1500,157.2200,1400
1475770200,157.1200,157.2000,157.0600,157.1900,3900
1475770281,157.0700,157.1200,157.0700,157.1200,1600
1475770328,157.0500,157.0900,157.0100,157.0900,4200
1475770436,157.0200,157.0500,157.0100,157.0500,2400
1475770494,157.0000,157.0400,157.0000,157.0100,2000
1475770557,157.0100,157.0200,157.0100,157.0100,3000
1475770564,156.9900,157.0300,156.9900,157.0300,1800
1475770621,156.9600,156.9800,156.9300,156.9700,2400
1475770690,157.0200,157.0300,156.9900,156.9900,1800
1475770748,156.9300,157.0100,156.9100,157.0100,2700
1475770806,156.9265,156.9400,156.8600,156.9000,2200
1475770867,156.9400,156.9400,156.8700,156.9000,3200
1475770921,156.8700,156.9500,156.8700,156.9500,6000
1475771039,156.8500,156.8600,156.8400,156.8500,14700
1475771096,156.8800,156.9000,156.8400,156.8500,6900
1475771157,156.8700,156.8800,156.8500,156.8527,7300
1475771163,156.9100,156.9100,156.8500,156.8700,8200
1475771221,156.9199,156.9500,156.9000,156.9200,2500
1475771283,156.9050,156.9200,156.8900,156.9000,2700
1475771351,156.9400,156.9900,156.9200,156.9200,2100
1475771458,156.9800,157.0000,156.9424,156.9424,1500
1475771461,157.0000,157.0000,156.9500,156.9800,2900
1475771520,157.0500,157.0699,157.0200,157.0200,1800
1475771583,157.0700,157.0900,157.0500,157.0699,3700
1475771643,157.0800,157.0900,157.0500,157.0600,4900
1475771702,157.0765,157.0900,157.0600,157.0900,3300
1475771814,157.0000,157.0700,156.9900,157.0700,4200
1475771873,157.0000,157.0250,157.0000,157.0200,1800
1475771922,156.9200,156.9900,156.8800,156.9900,2700
1475771940,156.9000,156.9609,156.9000,156.9600,1200
1475772000,156.9000,156.9100,156.8900,156.8900,2900
1475772063,156.8900,156.9200,156.8900,156.9100,4800
1475772124,156.8300,156.8700,156.8300,156.8700,3700
1475772187,156.8350,156.8500,156.8300,156.8450,5600
1475772294,156.7600,156.8300,156.7500,156.8300,2300
1475772302,156.8792,156.8792,156.7550,156.7550,3600
1475772414,156.8499,156.8900,156.8300,156.8900,2600
1475772425,156.8500,156.9000,156.8500,156.8500,1800
1475772524,156.7700,156.8500,156.7500,156.8500,3900
1475772543,156.8500,156.8500,156.7801,156.8000,3500
1475772600,156.8600,156.8900,156.8440,156.8440,4200
1475772671,156.8100,156.8500,156.8100,156.8300,3600
1475772723,156.8300,156.8560,156.8200,156.8200,2200
1475772782,156.7800,156.8299,156.7640,156.8000,2700
1475772852,156.8900,156.8900,156.8000,156.8000,1700
1475772902,156.9300,156.9300,156.8850,156.8850,4100
1475772962,156.9300,156.9499,156.9100,156.9200,3100
1475773024,156.9500,156.9600,156.9100,156.9200,33400
1475773138,156.8000,156.9500,156.8000,156.9500,3400
1475773193,156.9000,156.9000,156.7700,156.7900,3500
1475773203,156.8925,156.9200,156.8800,156.9050,3700
1475773261,156.8800,156.9000,156.8800,156.9000,1300
1475773331,156.9000,156.9000,156.8800,156.8800,2500
1475773404,156.9000,156.9000,156.9000,156.9000,800
1475773445,156.8800,156.8900,156.8700,156.8900,2000
1475773502,156.8800,156.9199,156.8700,156.8700,3200
1475773561,156.9419,156.9419,156.8800,156.8800,1000
1475773635,156.9799,156.9799,156.9600,156.9600,1600
1475773683,156.9700,156.9700,156.9450,156.9500,6000
1475773744,156.9500,156.9800,156.9500,156.9800,2300
1475773801,156.9600,156.9600,156.9000,156.9487,4200
1475773883,156.9400,156.9500,156.9400,156.9500,1300
1475773976,156.9600,156.9600,156.9400,156.9400,700
1475774036,156.9600,156.9930,156.9400,156.9900,4100
1475774092,156.9600,156.9700,156.9600,156.9700,800
1475774100,157.0400,157.0600,156.9700,156.9700,5400
1475774174,157.0200,157.0300,157.0200,157.0300,500
1475774225,156.9800,156.9900,156.9800,156.9900,500
1475774334,156.9900,157.0200,156.9761,156.9761,4300
1475774340,156.9900,156.9900,156.9600,156.9701,2100
1475774402,156.9800,157.0000,156.9800,157.0000,1600
1475774463,157.0200,157.0200,156.9800,156.9900,3800
1475774579,157.0600,157.0600,157.0300,157.0400,3200
1475774584,157.0500,157.0800,157.0200,157.0600,4000
1475774651,157.0268,157.0500,157.0268,157.0500,1200
1475774702,157.0100,157.0500,157.0100,157.0500,2000
1475774786,156.9900,156.9900,156.9800,156.9900,1900
1475774853,156.9920,157.0100,156.9920,157.0100,800
1475774918,157.0000,157.0000,156.9900,156.9900,500
1475774943,156.9699,156.9900,156.9699,156.9900,1200
1475775002,156.9900,156.9900,156.9500,156.9600,3600
1475775062,156.9700,156.9700,156.9700,156.9700,600
1475775179,156.9800,156.9800,156.9700,156.9733,3200
1475775181,156.9800,157.0000,156.9700,156.9700,4500
1475775299,156.9000,156.9800,156.8900,156.9800,5100
1475775300,156.9100,156.9200,156.9000,156.9000,5000
1475775370,156.9100,156.9200,156.9100,156.9100,1500
1475775442,156.8900,156.9000,156.8900,156.9000,1000
1475775494,156.8500,156.9000,156.8400,156.9000,1800
1475775596,156.8600,156.8899,156.8405,156.8405,2100
1475775659,156.8700,156.8700,156.8700,156.8700,1600
1475775663,156.8600,156.8800,156.8600,156.8700,2200
1475775723,156.8800,156.8900,156.8700,156.8800,1300
1475775811,156.8600,156.8600,156.8400,156.8600,1100
1475775847,156.9100,156.9100,156.8900,156.8900,2200
1475775953,156.9400,156.9800,156.9200,156.9200,3800
1475775966,156.9300,156.9300,156.9300,156.9300,500
1475776022,156.9100,156.9360,156.9100,156.9300,1900
1475776135,157.0300,157.0300,156.9300,156.9300,4100
1475776140,157.0000,157.0366,157.0000,157.0366,2400
1475776202,157.0199,157.0199,157.0000,157.0000,2800
1475776261,157.0200,157.0200,156.9600,157.0000,4400
1475776323,157.0300,157.0500,157.0200,157.0200,2000
1475776384,157.0400,157.0700,157.0400,157.0500,3000
1475776442,157.1500,157.1500,157.0400,157.0500,3400
1475776511,157.1209,157.1209,157.1100,157.1200,1100
1475776575,157.1190,157.1200,157.1190,157.1200,1400
1475776621,157.0400,157.1100,157.0400,157.1100,2600
1475776682,157.0600,157.0600,157.0200,157.0300,2500
1475776740,157.0300,157.0600,157.0300,157.0600,1600
1475776803,157.1200,157.1200,157.0500,157.0500,3200
1475776918,157.1800,157.1800,157.1100,157.1200,2800
1475776922,157.1100,157.1700,157.1100,157.1600,2500
1475776984,157.1300,157.1300,157.0900,157.1000,2100
1475777043,157.1300,157.2100,157.1300,157.1400,4200
1475777100,157.1900,157.2340,157.1600,157.1600,6500
1475777168,157.1200,157.1800,157.1200,157.1800,1400
1475777220,157.1000,157.1400,157.1000,157.1300,2100
1475777292,157.1466,157.1508,157.1100,157.1100,2100
1475777346,157.1500,157.1700,157.1300,157.1400,2100
1475777403,157.1378,157.1600,157.1000,157.1600,3200
1475777464,157.1700,157.1700,157.1400,157.1400,900
1475777525,157.1000,157.1713,157.1000,157.1713,3900
1475777593,157.1500,157.1500,157.1101,157.1200,3200
1475777641,157.1800,157.2000,157.1500,157.1500,2500
1475777700,157.1700,157.2000,157.1700,157.1900,3100
1475777806,157.1300,157.1500,157.1200,157.1500,1200
1475777827,157.0800,157.1100,157.0604,157.1100,2700
1475777887,157.0900,157.0900,157.0754,157.0800,1200
1475777993,157.0801,157.0900,157.0700,157.0800,2200
1475778002,157.0500,157.0900,157.0500,157.0820,4400
1475778060,157.0239,157.0600,157.0239,157.0500,4500
1475778125,157.0600,157.0600,157.0100,157.0200,3400
1475778237,157.1400,157.1400,157.0500,157.0500,1900
1475778298,157.1171,157.1300,157.0900,157.1200,2200
1475778302,157.1600,157.1600,157.1200,157.1300,2400
1475778361,157.2800,157.2900,157.1400,157.1400,5700
1475778430,157.2400,157.2500,157.2400,157.2500,1200
1475778538,157.1887,157.2700,157.1887,157.2541,1900
1475778543,157.1900,157.1900,157.1600,157.1800,1200
1475778656,157.1900,157.2000,157.1700,157.2000,3100
1475778660,157.1900,157.2100,157.1800,157.1800,1000
1475778761,157.1800,157.2000,157.1800,157.1800,600
1475778833,157.2000,157.2100,157.1800,157.2000,1500
1475778840,157.1600,157.1900,157.1500,157.1900,2500
1475778921,157.1599,157.1983,157.1300,157.1900,3500
1475778998,157.1400,157.1600,157.1400,157.1600,600
1475779035,157.1900,157.2100,157.1300,157.1500,3100
1475779081,157.2600,157.2600,157.2100,157.2100,3400
1475779154,157.2100,157.2550,157.2100,157.2400,2800
1475779218,157.2000,157.2392,157.1980,157.2392,1700
1475779264,157.1900,157.2100,157.1900,157.2100,1500
1475779329,157.1500,157.1800,157.1500,157.1800,1900
1475779436,157.1800,157.2000,157.1600,157.1600,2600
1475779493,157.1699,157.1900,157.1600,157.1900,1500
1475779502,157.0800,157.1700,157.0800,157.1600,3200
1475779615,157.0400,157.0900,157.0200,157.0900,1800
1475779631,157.0700,157.0700,157.0500,157.0500,900
1475779739,157.0500,157.0700,157.0400,157.0679,2200
1475779758,157.0409,157.0500,157.0300,157.0300,1300
1475779807,157.0616,157.0800,157.0434,157.0434,1900
1475779862,157.1000,157.1129,157.0800,157.0800,1800
1475779940,157.0900,157.1000,157.0800,157.0910,1900
1475779989,157.1300,157.1400,157.1000,157.1000,3400
1475780062,157.1500,157.1500,157.1300,157.1500,1500
1475780159,157.1700,157.1700,157.1306,157.1500,1100
1475780218,157.1500,157.1700,157.1500,157.1700,1500
1475780222,157.1400,157.1500,157.1400,157.1500,1200
1475780284,157.1400,157.1450,157.1300,157.1300,5800
1475780398,157.1700,157.1900,157.1300,157.1500,23800
1475780400,157.2300,157.2300,157.1800,157.1800,3200
1475780460,157.2200,157.2400,157.2100,157.2400,2100
1475780528,157.2700,157.2700,157.2100,157.2250,1900
1475780583,157.2500,157.2900,157.2300,157.2900,2600
1475780696,157.2499,157.2800,157.2400,157.2600,1600
1475780700,157.2701,157.3200,157.2350,157.2450,7800
1475780818,157.2700,157.3050,157.2700,157.3000,1500
1475780820,157.2700,157.2700,157.2700,157.2700,200
1475780886,157.2000,157.2600,157.2000,157.2600,4100
1475780952,157.2100,157.2100,157.1900,157.2000,2400
1475781016,157.1800,157.2000,157.1800,157.2000,1700
1475781077,157.1700,157.1900,157.1700,157.1900,2200
1475781176,157.1653,157.1653,157.1300,157.1400,1700
1475781180,157.1500,157.1700,157.1500,157.1500,2000
1475781250,157.1300,157.1550,157.1300,157.1550,1200
1475781310,157.1828,157.1828,157.1190,157.1600,10100
1475781366,157.2000,157.2000,157.2000,157.2000,1800
1475781473,157.1400,157.2200,157.1300,157.2100,5900
1475781481,157.1500,157.1600,157.1200,157.1200,2200
1475781599,157.0500,157.1400,157.0500,157.1400,3000
1475781602,157.1400,157.1400,157.0500,157.0700,2400
1475781670,157.1300,157.1300,157.1100,157.1200,2100
1475781733,157.1600,157.1700,157.1500,157.1500,1200
1475781783,157.1400,157.1500,157.1300,157.1500,3300
1475781846,157.1500,157.1800,157.1395,157.1500,2400
1475781911,157.1400,157.1400,157.1101,157.1300,1500
1475782010,157.1400,157.1700,157.1300,157.1700,1900
1475782020,157.1299,157.1400,157.1200,157.1400,2100
1475782105,157.1000,157.1200,157.0900,157.1200,2500
1475782160,157.0700,157.1100,157.0700,157.1100,3700
1475782257,156.9700,157.0700,156.9500,157.0700,7500
1475782262,156.9900,157.0200,156.9500,156.9666,6000
1475782321,157.0300,157.0300,156.9900,156.9900,3700
1475782395,157.0800,157.0800,157.0300,157.0400,2800
1475782442,157.1100,157.1100,157.0700,157.0900,7700
1475782509,157.1100,157.1100,157.0910,157.1000,2700
1475782566,157.1100,157.1500,157.1100,157.1300,5200
1475782633,157.1600,157.1900,157.1200,157.1200,3100
1475782695,157.1600,157.1800,157.1500,157.1700,2900
1475782744,157.1700,157.1700,157.1400,157.1500,2700
1475782859,157.0900,157.1700,157.0900,157.1700,6200
1475782868,157.1300,157.1500,157.0850,157.0900,4600
1475782923,157.1500,157.1500,157.1300,157.1400,3700
1475783038,157.1500,157.1500,157.1300,157.1500,4500
1475783041,157.1300,157.1500,157.1000,157.1400,7300
1475783159,157.0700,157.1200,157.0700,157.1200,12400
1475783219,157.0300,157.0700,157.0300,157.0700,8800
1475783220,157.0200,157.0300,156.9700,157.0300,11100
1475783338,157.0100,157.0400,156.9918,157.0400,5300
1475783390,156.9700,157.0100,156.9600,157.0100,3900
1475783459,156.9900,157.0100,156.9600,156.9700,21700
1475783518,157.0100,157.0190,156.9550,157.0000,12000
1475783579,156.9600,157.0000,156.9450,157.0000,12300
1475783580,156.9700,156.9800,156.9600,156.9800,9600
1475783699,156.9700,156.9800,156.9350,156.9750,18000
1475783755,156.9685,156.9900,156.9600,156.9700,23900
1475783760,156.8842,156.9600,156.8800,156.9600,16100
1475783820,156.9100,156.9400,156.8800,156.8800,17000
1475783883,156.8550,156.9200,156.8500,156.9100,23100
1475783999,156.8800,156.9000,156.7300,156.8600,93600
1475784000,156.8600,156.8600,156.8600,156.8600,100
