uri:/instrument/1.0/ACWI/chartdata;type=quote;range=1d/csv
ticker:acwi
Company-Name:iShares MSCI ACWI Index Fund
Exchange-Name:NGM
unit:MIN
timezone:EDT
currency:USD
gmtoffset:-14400
previous_close:59.0900
Timestamp:1475760600,1475784000
labels:1475762400,1475766000,1475769600,1475773200,1475776800,1475780400,1475784000
values:Timestamp,close,high,low,open,volume
close:58.7700,59.0500
high:58.7700,59.0500
low:58.7700,59.0300
open:58.7700,59.0400
volume:100,150300
1475760631,58.9300,58.9300,58.9100,58.9200,10900
1475760719,58.9300,58.9500,58.9200,58.9500,42800
1475760769,58.9000,58.9300,58.9000,58.9300,11900
1475760838,58.9100,58.9100,58.9000,58.9100,2500
1475760898,58.8600,58.9000,58.8600,58.9000,900
1475760946,58.8500,58.8800,58.8500,58.8500,5100
1475761015,58.8300,58.8700,58.8200,58.8700,3700
1475761068,58.8600,58.8600,58.8400,58.8400,2000
1475761126,58.8600,58.8600,58.8500,58.8600,1200
1475761193,58.8500,58.8600,58.8500,58.8600,2300
1475761252,58.8200,58.8500,58.8200,58.8500,18000
1475761316,58.8500,58.8550,58.8500,58.8500,5500
1475761374,58.8700,58.8700,58.8600,58.8600,3000
1475761437,58.8700,58.8800,58.8600,58.8600,3400
1475761481,58.8800,58.8800,58.8700,58.8700,1700
1475761557,58.8800,58.8950,58.8800,58.8800,1800
1475761618,58.8800,58.8800,58.8800,58.8800,500
1475761669,58.8800,58.8800,58.8800,58.8800,1500
1475761726,58.8900,58.8900,58.8700,58.8700,3600
1475761792,58.8800,58.8850,58.8800,58.8800,700
1475761859,58.8400,58.8700,58.8400,58.8700,3400
1475761876,58.8500,58.8500,58.8500,58.8500,1000
1475761973,58.8600,58.8650,58.8600,58.8600,1200
1475762033,58.8500,58.8600,58.8500,58.8600,800
1475762089,58.8400,58.8500,58.8400,58.8500,3000
1475762133,58.8300,58.8400,58.8300,58.8400,1700
1475762217,58.8500,58.8500,58.8300,58.8350,2000
1475762277,58.8600,58.8650,58.8500,58.8500,1300
1475762335,58.8700,58.8700,58.8600,58.8600,1700
1475762348,58.8700,58.8850,58.8700,58.8800,3000
1475762458,58.8700,58.8700,58.8675,58.8700,7600
1475762511,58.8700,58.8700,58.8600,58.8700,4800
1475762567,58.8800,58.8800,58.8700,58.8700,2100
1475762626,58.8800,58.8800,58.8800,58.8800,800
1475762698,58.9000,58.9000,58.8900,58.8900,2800
1475762755,58.8800,58.9000,58.8800,58.9000,2400
1475762817,58.8700,58.8800,58.8700,58.8800,600
1475762876,58.8700,58.8750,58.8700,58.8700,2200
1475762936,58.8600,58.8700,58.8600,58.8700,800
1475762999,58.8600,58.8800,58.8600,58.8600,3600
1475763059,58.8800,58.8800,58.8600,58.8600,1500
1475763113,58.8700,58.8800,58.8700,58.8800,2400
1475763172,58.8600,58.8800,58.8600,58.8700,5200
1475763238,58.8500,58.8500,58.8457,58.8457,1600
1475763283,58.8600,58.8600,58.8500,58.8500,3700
1475763357,58.8600,58.8750,58.8600,58.8750,1600
1475763415,58.8600,58.8600,58.8500,58.8500,800
1475763472,58.8600,58.8700,58.8600,58.8600,6000
1475763539,58.8700,58.8700,58.8600,58.8600,2100
1475763572,58.8750,58.8800,58.8750,58.8800,400
1475763628,58.8800,58.8900,58.8800,58.8900,2900
1475763676,58.8700,58.8700,58.8700,58.8700,300
1475763720,58.8500,58.8600,58.8500,58.8600,4000
1475763833,58.8700,58.8700,58.8600,58.8600,2800
1475763899,58.8800,58.8800,58.8700,58.8750,1600
1475763948,58.8700,58.8800,58.8700,58.8800,800
1475764000,58.8600,58.8600,58.8600,58.8600,6100
1475764071,58.8700,58.8700,58.8600,58.8600,900
1475764127,58.8800,58.8800,58.8700,58.8700,400
1475764140,58.8800,58.8850,58.8800,58.8800,3500
1475764257,58.8600,58.8600,58.8575,58.8600,1100
1475764272,58.8600,58.8600,58.8600,58.8600,300
1475764379,58.8400,58.8600,58.8400,58.8600,2500
1475764417,58.8200,58.8300,58.8200,58.8300,300
1475764491,58.8300,58.8400,58.8300,58.8300,500
1475764535,58.8300,58.8300,58.8300,58.8300,500
1475764588,58.8400,58.8400,58.8400,58.8400,1600
1475764679,58.8600,58.8600,58.8400,58.8500,1500
1475764735,58.8600,58.8600,58.8500,58.8600,1800
1475764792,58.8600,58.8600,58.8500,58.8500,600
1475764854,58.8600,58.8600,58.8600,58.8600,1200
1475764954,58.8600,58.8600,58.8600,58.8600,700
1475765025,58.8500,58.8500,58.8468,58.8500,3800
1475765071,58.8700,58.8799,58.8700,58.8700,1400
1475765141,58.8750,58.8750,58.8700,58.8700,500
1475765218,58.8800,58.8800,58.8700,58.8750,2500
1475765264,58.8700,58.8700,58.8700,58.8700,4500
1475765338,58.8600,58.8700,58.8600,58.8700,600
1475765393,58.8700,58.8700,58.8700,58.8700,200
1475765406,58.8700,58.8700,58.8700,58.8700,100
1475765502,58.8800,58.8850,58.8700,58.8700,2900
1475765567,58.8700,58.8800,58.8700,58.8800,400
1475765632,58.8700,58.8701,58.8700,58.8700,800
1475765683,58.8600,58.8600,58.8600,58.8600,600
1475765746,58.8500,58.8600,58.8500,58.8600,9500
1475765809,58.8500,58.8550,58.8500,58.8500,11200
1475765859,58.8700,58.8700,58.8700,58.8700,300
1475765911,58.8700,58.8700,58.8700,58.8700,400
1475765958,58.8600,58.8600,58.8600,58.8600,1900
1475766049,58.8600,58.8600,58.8500,58.8500,1900
1475766144,58.8500,58.8550,58.8475,58.8500,2300
1475766214,58.8500,58.8500,58.8500,58.8500,400
1475766290,58.8475,58.8475,58.8400,58.8400,800
1475766359,58.8400,58.8450,58.8400,58.8400,5200
1475766390,58.8300,58.8400,58.8300,58.8400,600
1475766478,58.8100,58.8300,58.8100,58.8300,1200
1475766500,58.7900,58.8045,58.7900,58.8000,1700
1475766563,58.7700,58.7800,58.7700,58.7800,500
1475766618,58.7799,58.7800,58.7700,58.7700,9600
1475766674,58.7700,58.7700,58.7700,58.7700,400
1475766776,58.7900,58.7900,58.7700,58.7700,3200
1475766816,58.7700,58.7800,58.7700,58.7800,300
1475766956,58.7800,58.7800,58.7700,58.7700,1000
1475767009,58.7726,58.7726,58.7700,58.7700,2500
1475767076,58.7900,58.7900,58.7800,58.7800,500
1475767131,58.8000,58.8050,58.7900,58.8050,2700
1475767175,58.7900,58.8000,58.7900,58.8000,400
1475767252,58.8000,58.8000,58.7900,58.7900,1400
1475767263,58.8050,58.8050,58.8000,58.8000,200
1475767337,58.8100,58.8150,58.8100,58.8100,1000
1475767433,58.8100,58.8100,58.8100,58.8100,1500
1475767497,58.8200,58.8200,58.8200,58.8200,600
1475767507,58.8700,58.8700,58.8300,58.8300,9500
1475767568,58.8600,58.8700,58.8600,58.8700,700
1475767739,58.8600,58.8600,58.8500,58.8500,500
1475767742,58.8800,58.8800,58.8700,58.8700,800
1475767857,58.8750,58.8950,58.8750,58.8900,1300
1475767864,58.8800,58.8800,58.8800,58.8800,700
1475767948,58.8700,58.8800,58.8700,58.8800,200
1475767986,58.8700,58.8700,58.8700,58.8700,100
1475768094,58.8400,58.8700,58.8400,58.8700,1600
1475768134,58.8500,58.8500,58.8400,58.8400,2300
1475768217,58.8400,58.8400,58.8300,58.8300,700
1475768256,58.8400,58.8400,58.8400,58.8400,100
1475768293,58.8400,58.8401,58.8400,58.8401,700
1475768397,58.8500,58.8500,58.8500,58.8500,900
1475768424,58.8500,58.8550,58.8500,58.8550,3400
1475768563,58.8350,58.8400,58.8350,58.8400,3500
1475768619,58.8300,58.8300,58.8300,58.8300,300
1475768690,58.8400,58.8400,58.8400,58.8400,100
1475768711,58.8400,58.8599,58.8400,58.8400,1400
1475768819,58.8500,58.8500,58.8500,58.8500,800
1475768879,58.9300,58.9300,58.8700,58.8700,2500
1475768939,58.9500,58.9795,58.9400,58.9400,7600
1475768994,58.9600,58.9600,58.9500,58.9500,10900
1475769052,58.9800,58.9800,58.9500,58.9500,4600
1475769117,59.0100,59.0300,58.9700,58.9800,14900
1475769121,59.0100,59.0100,59.0100,59.0100,3300
1475769190,59.0000,59.0100,59.0000,59.0100,1200
1475769241,58.9900,59.0000,58.9900,59.0000,3000
1475769350,58.9800,58.9800,58.9800,58.9800,100
1475769418,58.9900,58.9900,58.9800,58.9800,3500
1475769470,58.9900,58.9900,58.9900,58.9900,500
1475769521,59.0000,59.0000,58.9900,58.9900,800
1475769540,58.9600,58.9900,58.9600,58.9900,3100
1475769645,58.9900,58.9900,58.9800,58.9800,1900
1475769704,59.0000,59.0000,58.9900,58.9900,500
1475769774,58.9900,59.0050,58.9900,59.0000,1400
1475769792,58.9900,58.9900,58.9900,58.9900,200
1475769886,59.0000,59.0050,59.0000,59.0050,600
1475769945,59.0101,59.0150,59.0100,59.0150,2300
1475770002,59.0500,59.0500,59.0150,59.0200,2400
1475770041,59.0300,59.0400,59.0300,59.0400,700
1475770118,59.0100,59.0200,59.0100,59.0200,300
1475770185,59.0000,59.0100,59.0000,59.0100,1300
1475770248,58.9910,59.0000,58.9900,59.0000,2500
1475770286,59.0000,59.0050,59.0000,59.0000,800
1475770346,58.9900,58.9900,58.9900,58.9900,500
1475770435,58.9900,58.9950,58.9900,58.9900,17600
1475770551,58.9900,58.9900,58.9900,58.9900,2500
1475770619,58.9800,58.9900,58.9800,58.9900,1400
1475770641,58.9800,58.9800,58.9800,58.9800,600
1475770720,58.9900,58.9900,58.9800,58.9800,12900
1475770753,58.9900,58.9900,58.9900,58.9900,1600
1475770836,58.9800,58.9850,58.9800,58.9850,1300
1475770900,58.9774,58.9800,58.9774,58.9800,2000
1475770941,58.9800,58.9800,58.9800,58.9800,300
1475771007,58.9800,58.9800,58.9800,58.9800,3600
1475771065,59.0000,59.0000,58.9900,58.9900,2100
1475771155,59.0000,59.0000,58.9900,58.9900,900
1475771166,59.0000,59.0000,58.9900,59.0000,3800
1475771259,59.0100,59.0140,59.0100,59.0140,300
1475771284,58.9900,59.0000,58.9900,59.0000,500
1475771365,59.0100,59.0150,59.0000,59.0000,2300
1475771428,59.0000,59.0000,59.0000,59.0000,200
1475771516,59.0200,59.0200,59.0050,59.0100,1200
1475771607,59.0250,59.0250,59.0250,59.0250,300
1475771651,59.0200,59.0200,59.0200,59.0200,400
1475771710,59.0168,59.0168,59.0168,59.0168,200
1475771762,59.0100,59.0100,59.0100,59.0100,800
1475771820,59.0000,59.0100,59.0000,59.0100,600
1475771886,59.0000,59.0050,59.0000,59.0000,1600
1475771980,58.9900,58.9900,58.9900,58.9900,100
1475772027,58.9886,58.9886,58.9886,58.9886,500
1475772114,59.0000,59.0050,58.9900,58.9900,1300
1475772171,59.0000,59.0000,59.0000,59.0000,500
1475772191,59.0000,59.0000,59.0000,59.0000,100
1475772274,58.9800,58.9950,58.9800,58.9900,6400
1475772354,59.0050,59.0050,59.0000,59.0000,1100
1475772386,58.9993,59.0050,58.9993,59.0050,200
1475772441,59.0000,59.0000,59.0000,59.0000,3000
1475772489,59.0000,59.0050,59.0000,59.0050,600
1475772566,59.0000,59.0000,59.0000,59.0000,100
1475772608,59.0048,59.0048,59.0048,59.0048,100
1475772776,59.0150,59.0150,59.0100,59.0100,400
1475772813,59.0100,59.0100,59.0100,59.0100,300
1475772873,59.0200,59.0200,59.0100,59.0100,500
1475772918,59.0300,59.0300,59.0300,59.0300,100
1475772993,59.0200,59.0350,59.0199,59.0350,900
1475773031,59.0300,59.0300,59.0300,59.0300,100
1475773095,59.0000,59.0200,59.0000,59.0200,1100
1475773211,58.9900,58.9950,58.9900,58.9950,500
1475773307,58.9950,58.9950,58.9950,58.9950,1200
1475773346,59.0000,59.0000,58.9950,59.0000,800
1475773406,58.9900,58.9950,58.9900,58.9950,600
1475773498,58.9801,58.9950,58.9800,58.9950,1600
1475773545,58.9900,58.9901,58.9900,58.9900,3500
1475773617,58.9900,58.9900,58.9900,58.9900,600
1475773639,59.0000,59.0100,59.0000,59.0000,1700
1475773710,59.0000,59.0000,59.0000,59.0000,1000
1475773745,58.9900,58.9950,58.9900,58.9950,1100
1475773836,58.9803,58.9803,58.9750,58.9800,4200
1475773880,58.9800,58.9850,58.9800,58.9850,400
1475773976,58.9800,58.9800,58.9700,58.9750,1800
1475774031,58.9900,58.9900,58.9900,58.9900,3500
1475774087,58.9968,58.9968,58.9950,58.9950,500
1475774140,59.0000,59.0064,58.9910,58.9910,4000
1475774184,58.9900,59.0064,58.9900,59.0000,1500
1475774249,58.9900,58.9924,58.9900,58.9924,1800
1475774333,59.0000,59.0050,59.0000,59.0000,1300
1475774382,58.9900,59.0000,58.9900,59.0000,1400
1475774517,58.9900,58.9900,58.9900,58.9900,2200
1475774520,58.9960,58.9960,58.9960,58.9960,3600
1475774622,58.9950,58.9950,58.9900,58.9900,900
1475774727,58.9950,58.9950,58.9950,58.9950,600
1475774805,58.9907,59.0000,58.9900,58.9900,500
1475774829,58.9900,58.9950,58.9900,58.9950,1200
1475774919,59.0000,59.0050,59.0000,59.0000,2900
1475774984,59.0050,59.0050,59.0000,59.0000,400
1475775051,59.0100,59.0100,59.0000,59.0000,4200
1475775108,59.0090,59.0200,59.0090,59.0100,3100
1475775155,59.0001,59.0050,59.0000,59.0000,500
1475775199,59.0100,59.0100,59.0050,59.0100,1100
1475775266,59.0200,59.0250,59.0200,59.0200,1100
1475775348,59.0000,59.0100,59.0000,59.0100,1700
1475775419,59.0000,59.0100,59.0000,59.0100,500
1475775475,59.0100,59.0100,59.0000,59.0000,2300
1475775506,59.0000,59.0050,59.0000,59.0050,600
1475775550,58.9900,58.9900,58.9900,58.9900,1300
1475775638,58.9800,58.9900,58.9800,58.9900,1400
1475775777,58.9850,58.9850,58.9800,58.9850,1900
1475775787,58.9800,58.9800,58.9700,58.9800,7400
1475775877,58.9900,58.9900,58.9900,58.9900,200
1475775950,58.9900,58.9950,58.9900,58.9900,2400
1475775977,59.0000,59.0000,58.9900,58.9950,1100
1475776058,58.9950,58.9950,58.9950,58.9950,200
1475776138,59.0000,59.0000,58.9900,58.9900,2400
1475776188,58.9900,59.0000,58.9900,59.0000,2900
1475776230,58.9801,58.9801,58.9800,58.9800,2000
1475776293,58.9800,58.9800,58.9800,58.9800,1400
1475776350,59.0000,59.0000,58.9900,58.9900,1500
1475776386,59.0050,59.0050,59.0000,59.0000,1300
1475776490,59.0200,59.0300,59.0100,59.0100,5600
1475776530,59.0100,59.0200,59.0100,59.0200,400
1475776568,59.0000,59.0100,59.0000,59.0100,1500
1475776674,59.0000,59.0050,59.0000,59.0050,1000
1475776690,59.0000,59.0100,59.0000,59.0000,2200
1475776794,58.9900,58.9900,58.9900,58.9900,400
1475776857,59.0000,59.0000,58.9900,58.9900,2600
1475776898,59.0000,59.0000,59.0000,59.0000,900
1475776960,59.0000,59.0050,59.0000,59.0050,300
1475776988,59.0001,59.0001,59.0000,59.0000,800
1475777043,59.0100,59.0200,59.0100,59.0100,2900
1475777130,59.0100,59.0100,59.0100,59.0100,1100
1475777268,59.0100,59.0150,59.0100,59.0150,1400
1475777327,59.0100,59.0100,59.0000,59.0050,1600
1475777421,58.9900,58.9900,58.9900,58.9900,1200
1475777464,59.0000,59.0000,59.0000,59.0000,1600
1475777530,59.0050,59.0050,59.0000,59.0001,1800
1475777595,59.0000,59.0000,59.0000,59.0000,1400
1475777698,59.0100,59.0100,59.0061,59.0100,1400
1475777736,59.0100,59.0100,59.0020,59.0100,2400
1475777770,59.0000,59.0050,59.0000,59.0000,2900
1475777829,58.9900,58.9900,58.9800,58.9900,2600
1475777923,58.9900,58.9900,58.9900,58.9900,1500
1475777940,58.9900,59.0000,58.9900,58.9975,2600
1475778010,58.9900,58.9900,58.9900,58.9900,500
1475778114,58.9950,59.0000,58.9950,59.0000,1900
1475778168,58.9900,59.0000,58.9900,59.0000,1000
1475778236,59.0150,59.0150,59.0000,59.0000,3700
1475778282,59.0000,59.0100,59.0000,59.0100,400
1475778316,59.0100,59.0100,59.0000,59.0000,1900
1475778412,59.0300,59.0350,59.0100,59.0100,5300
1475778462,59.0300,59.0300,59.0300,59.0300,1100
1475778487,59.0300,59.0300,59.0200,59.0300,1000
1475778579,59.0200,59.0200,59.0200,59.0200,600
1475778612,59.0250,59.0250,59.0250,59.0250,400
1475778681,59.0250,59.0250,59.0250,59.0250,800
1475778769,59.0250,59.0250,59.0200,59.0250,900
1475778796,59.0300,59.0300,59.0200,59.0200,2800
1475778880,59.0200,59.0300,59.0200,59.0300,1700
1475778959,59.0200,59.0250,59.0200,59.0250,1600
1475778976,59.0165,59.0200,59.0165,59.0200,1700
1475779078,59.0100,59.0100,59.0100,59.0100,700
1475779137,59.0200,59.0200,59.0200,59.0200,3300
1475779189,59.0250,59.0250,59.0200,59.0200,600
1475779243,59.0100,59.0200,59.0100,59.0200,1000
1475779343,59.0100,59.0150,59.0100,59.0150,1700
1475779438,59.0200,59.0200,59.0200,59.0200,2000
1475779470,59.0200,59.0200,59.0200,59.0200,300
1475779540,59.0000,59.0100,59.0000,59.0100,2800
1475779579,58.9800,58.9800,58.9800,58.9800,1900
1475779721,58.9701,58.9701,58.9700,58.9700,1400
1475779768,58.9755,58.9800,58.9755,58.9800,800
1475779842,58.9800,58.9800,58.9700,58.9700,2600
1475779867,58.9900,58.9900,58.9850,58.9850,900
1475779955,58.9800,58.9850,58.9800,58.9850,500
1475779983,58.9950,59.0000,58.9900,58.9900,1900
1475780077,58.9950,58.9950,58.9934,58.9934,900
1475780120,58.9900,58.9950,58.9900,58.9950,1700
1475780165,58.9900,58.9900,58.9850,58.9850,800
1475780257,58.9850,58.9900,58.9800,58.9800,3700
1475780346,58.9700,58.9800,58.9700,58.9800,3200
1475780447,58.9800,58.9800,58.9800,58.9800,2000
1475780462,58.9850,58.9850,58.9850,58.9850,100
1475780579,58.9900,58.9900,58.9801,58.9850,1600
1475780612,58.9850,58.9850,58.9800,58.9850,1900
1475780689,58.9800,58.9900,58.9800,58.9850,800
1475780759,59.0000,59.0050,58.9900,58.9900,3700
1475780766,59.0000,59.0000,59.0000,59.0000,2100
1475780837,58.9950,58.9950,58.9950,58.9950,400
1475780933,58.9950,59.0000,58.9950,59.0000,2100
1475780986,58.9900,58.9950,58.9900,58.9950,300
1475781043,58.9850,58.9950,58.9850,58.9900,10000
1475781118,58.9800,58.9850,58.9800,58.9850,500
1475781174,58.9750,58.9800,58.9700,58.9800,4600
1475781231,58.9750,58.9800,58.9700,58.9750,2400
1475781287,58.9750,58.9793,58.9750,58.9750,500
1475781350,58.9800,58.9800,58.9700,58.9800,4800
1475781407,59.0000,59.0000,58.9900,58.9900,3500
1475781420,58.9800,59.0000,58.9800,59.0000,6700
1475781599,58.9600,58.9710,58.9550,58.9700,3700
1475781659,58.9700,58.9700,58.9600,58.9600,2300
1475781709,58.9700,58.9700,58.9700,58.9700,1700
1475781776,58.9650,58.9700,58.9650,58.9700,400
1475781833,58.9650,58.9700,58.9600,58.9700,2300
1475781847,58.9800,58.9800,58.9650,58.9700,4500
1475781959,58.9750,58.9800,58.9700,58.9800,2500
1475782013,58.9800,58.9800,58.9700,58.9701,10900
1475782078,58.9700,58.9800,58.9700,58.9750,6100
1475782134,58.9650,58.9701,58.9650,58.9700,2800
1475782144,58.9650,58.9650,58.9600,58.9650,1200
1475782259,58.9500,58.9650,58.9500,58.9650,7400
1475782303,58.9600,58.9600,58.9500,58.9500,2300
1475782322,58.9600,58.9600,58.9600,58.9600,2900
1475782435,58.9800,58.9800,58.9600,58.9700,6200
1475782449,58.9900,58.9900,58.9900,58.9900,1500
1475782517,58.9800,58.9950,58.9800,58.9900,4100
1475782616,58.9850,58.9900,58.9800,58.9900,1600
1475782679,58.9900,58.9900,58.9800,58.9850,1200
1475782736,58.9850,58.9900,58.9800,58.9850,1600
1475782754,58.9850,58.9900,58.9800,58.9850,3800
1475782858,58.9900,58.9950,58.9850,58.9850,6800
1475782919,58.9900,58.9900,58.9850,58.9858,600
1475782969,58.9900,58.9900,58.9800,58.9850,3600
1475783039,58.9950,59.0000,58.9900,59.0000,3900
1475783093,58.9850,58.9900,58.9850,58.9900,4600
1475783147,58.9800,58.9800,58.9750,58.9800,4300
1475783206,58.9750,58.9800,58.9750,58.9800,300
1475783276,58.9800,58.9800,58.9700,58.9750,7400
1475783337,58.9850,58.9900,58.9850,58.9900,1900
1475783399,58.9800,58.9900,58.9800,58.9850,7400
1475783450,58.9800,58.9800,58.9707,58.9800,5900
1475783513,58.9800,58.9800,58.9700,58.9750,8700
1475783563,58.9900,58.9900,58.9800,58.9800,5100
1475783638,58.9850,58.9900,58.9800,58.9900,5000
1475783699,58.9800,58.9850,58.9800,58.9850,4100
1475783759,58.9750,58.9801,58.9750,58.9800,8900
1475783819,58.9700,58.9800,58.9650,58.9700,15900
1475783874,58.9700,58.9750,58.9650,58.9650,11900
1475783882,58.9800,58.9800,58.9700,58.9700,5400
1475783942,58.9900,58.9900,58.9800,58.9800,56800
1475784000,59.0000,59.0000,59.0000,59.0000,150300
