uri:/instrument/1.0/Y/chartdata;type=quote;range=1d/csv
ticker:y
Company-Name:Alleghany Corporation Common St
Exchange-Name:NYQ
unit:MIN
timezone:EDT
currency:USD
gmtoffset:-14400
previous_close:525.0700
Timestamp:1475847000,1475870400
labels:1475848800,1475852400,1475856000,1475859600,1475863200,1475866800,1475870400
values:Timestamp,close,high,low,open,volume
close:523.2900,529.4600
high:523.7400,529.7700
low:523.2900,529.4600
open:523.6400,529.4980
volume:100,7800
1475848530,523.9850,523.9850,523.9850,523.9850,1900
1475849020,524.3800,524.3800,524.3800,524.3800,100
1475849222,523.7850,524.4800,523.7850,524.4000,700
1475849573,526.8000,526.8000,525.9900,525.9900,300
1475849747,527.9300,527.9300,527.4200,527.4200,500
1475849781,527.5600,527.5600,527.5600,527.5600,300
1475850601,526.2100,526.2100,526.2100,526.2100,100
1475850706,527.0000,527.0000,526.8900,526.8900,300
1475850818,528.1500,528.1500,528.1500,528.1500,100
1475850888,528.3500,529.0550,528.3500,528.3600,800
1475850900,528.5300,529.0800,528.5300,529.0800,200
1475851019,529.4300,529.4300,529.4300,529.4300,300
1475851203,529.4600,529.7700,529.4600,529.4980,2700
1475851295,528.3200,528.9200,528.3200,528.9200,600
1475851334,529.0600,529.0600,529.0600,529.0600,100
1475851585,528.3300,528.5500,528.3300,528.5400,1500
1475851795,528.2500,528.2500,528.0800,528.0800,200
1475852088,528.0993,528.0993,528.0850,528.0900,500
1475852106,527.9200,527.9850,527.7000,527.7000,300
1475852218,527.6000,527.6000,527.6000,527.6000,200
1475852275,527.0100,527.9900,527.0100,527.6000,2100
1475852339,528.5000,528.5000,527.8400,527.8400,800
1475852366,528.4000,528.4000,528.4000,528.4000,500
1475852432,528.0000,528.0000,528.0000,528.0000,600
1475852468,528.0000,528.1700,527.5600,528.1700,1100
1475852525,528.2000,528.2000,527.5500,527.5500,800
1475852590,527.9500,528.0000,527.7000,528.0000,1200
1475852691,527.7000,527.7000,527.7000,527.7000,700
1475852756,523.2900,527.3300,523.2900,527.3300,1000
1475852773,526.0625,526.1100,525.4300,526.0995,500
1475852908,527.0900,527.0900,525.7300,525.7300,1200
1475852945,526.1000,526.2300,525.9000,525.9000,900
1475853026,526.0050,526.1000,525.7300,525.7300,1000
1475853065,526.6000,526.6000,526.1500,526.1500,900
1475853198,527.0100,527.0100,527.0100,527.0100,100
1475853260,526.4500,527.7000,526.4500,527.2400,1000
1475853328,526.6500,526.6500,526.6500,526.6500,200
1475853414,526.8000,526.8000,526.7100,526.7100,300
1475853585,526.3000,526.3000,526.2200,526.3000,1500
1475853610,526.3000,526.3000,526.3000,526.3000,1200
1475853747,526.2999,526.2999,525.7000,525.7000,1100
1475853943,526.2500,526.2500,526.2500,526.2500,100
1475854378,525.4400,525.4400,525.4400,525.4400,100
1475854388,525.3600,525.3600,525.3600,525.3600,100
1475854645,525.4100,525.4100,525.4100,525.4100,300
1475855464,523.7400,523.7400,523.6400,523.6400,500
1475855521,524.1600,524.1600,524.1600,524.1600,100
1475855622,523.8700,523.8700,523.8700,523.8700,200
1475855680,525.9800,525.9800,525.8800,525.8800,400
1475856069,526.2993,526.2993,526.2850,526.2850,200
1475856208,524.5950,525.1500,524.5000,525.1500,500
1475856873,524.5350,524.5350,524.5350,524.5350,100
1475857351,525.3000,525.3000,525.3000,525.3000,100
1475857731,525.1500,525.1500,525.1500,525.1500,100
1475857961,524.2600,524.2600,524.2600,524.2600,100
1475859158,524.4700,524.4700,524.4700,524.4700,100
1475859204,526.0300,526.6950,525.0100,525.0100,800
1475859250,525.7400,525.7400,525.7400,525.7400,200
1475861218,525.2600,525.2600,525.2400,525.2400,300
1475861464,526.7550,526.7550,526.7550,526.7550,100
1475862053,526.3800,526.3800,526.3800,526.3800,100
1475863069,524.8100,524.8100,524.8100,524.8100,100
1475863298,525.8100,525.8100,525.8100,525.8100,300
1475864102,525.0700,525.8100,525.0700,525.8100,500
1475864568,525.4094,525.4094,525.4094,525.4094,200
1475864794,525.9700,525.9700,525.9700,525.9700,200
1475865143,525.7300,525.7300,525.7300,525.7300,100
1475865284,525.7650,525.7983,525.7650,525.7983,200
1475865398,525.1100,525.9050,525.1100,525.4900,1100
1475867247,526.5700,526.5700,526.5000,526.5000,600
1475867360,526.0800,526.5300,526.0800,526.3000,400
1475867792,527.4850,527.4850,526.3950,526.3950,1100
1475868794,526.9015,526.9300,526.9015,526.9300,400
1475869433,527.4499,527.4499,526.5800,527.3400,500
1475869500,526.4900,526.6200,526.4900,526.6200,1000
1475869747,526.2500,526.2500,526.2500,526.2500,200
1475870074,526.4400,526.4400,525.6600,525.6600,300
1475870140,525.7400,525.7400,525.7400,525.7400,100
1475870266,525.8000,526.4099,525.8000,526.3200,600
1475870331,525.9100,525.9100,525.9100,525.9100,800
1475870342,526.1800,526.1800,526.1800,526.1800,1500
1475870400,525.3800,525.3800,525.3800,525.3800,7800
