uri:/instrument/1.0/GOGL/chartdata;type=quote;range=1d/csv
ticker:gogl
Company-Name:Golden Ocean Group Limited
Exchange-Name:NMS
unit:MIN
timezone:EDT
currency:USD
gmtoffset:-14400
previous_close:3.9900
Timestamp:1475242200,1475265600
labels:1475244000,1475247600,1475251200,1475254800,1475258400,1475262000,1475265600
values:Timestamp,close,high,low,open,volume
close:3.9200,4.0800
high:3.9200,4.0899
low:3.9200,4.0800
open:3.9200,4.0800
volume:0,5500
1475242240,4.0000,4.0000,4.0000,4.0000,200
1475242396,3.9920,3.9920,3.9920,3.9920,100
1475242597,3.9900,3.9916,3.9900,3.9916,1100
1475242636,3.9900,3.9900,3.9900,3.9900,300
1475242703,3.9900,3.9900,3.9900,3.9900,600
1475242778,4.0000,4.0000,3.9800,3.9800,400
1475242858,3.9800,3.9800,3.9800,3.9800,100
1475243112,3.9500,3.9500,3.9500,3.9500,300
1475243523,3.9800,3.9800,3.9800,3.9800,100
1475245049,3.9900,3.9900,3.9900,3.9900,100
1475245128,3.9800,3.9800,3.9800,3.9800,100
1475245626,4.0000,4.0000,4.0000,4.0000,200
1475245699,3.9600,3.9600,3.9600,3.9600,100
1475245782,3.9900,3.9900,3.9900,3.9900,100
1475246041,3.9999,3.9999,3.9550,3.9550,500
1475246121,3.9500,3.9500,3.9500,3.9500,100
1475246200,3.9500,3.9500,3.9500,3.9500,100
1475246757,3.9800,3.9800,3.9800,3.9800,2800
1475246819,3.9600,3.9600,3.9500,3.9500,800
1475246913,3.9800,3.9800,3.9600,3.9600,300
1475246958,3.9500,3.9500,3.9500,3.9500,200
1475247025,3.9500,3.9500,3.9500,3.9500,200
1475247309,3.9400,3.9400,3.9400,3.9400,100
1475247822,3.9200,3.9200,3.9200,3.9200,100
1475248129,3.9500,3.9500,3.9500,3.9500,200
1475248241,3.9500,3.9500,3.9500,3.9500,100
1475248300,3.9500,3.9500,3.9500,3.9500,100
1475248329,3.9600,3.9600,3.9600,3.9600,200
1475248772,3.9900,3.9900,3.9900,3.9900,100
1475248848,3.9700,3.9700,3.9700,3.9700,100
1475249431,3.9640,3.9640,3.9640,3.9640,100
1475249635,3.9800,3.9800,3.9525,3.9790,500
1475249653,3.9600,3.9600,3.9600,3.9600,100
1475249722,3.9500,3.9500,3.9500,3.9500,100
1475249794,3.9600,3.9600,3.9600,3.9600,100
1475250740,3.9800,3.9800,3.9800,3.9800,100
1475251970,3.9800,3.9800,3.9800,3.9800,100
1475252737,3.9756,3.9756,3.9756,3.9756,200
1475252815,3.9600,3.9600,3.9600,3.9600,200
1475252888,3.9600,3.9600,3.9600,3.9600,100
1475253310,3.9600,3.9600,3.9600,3.9600,100
1475253426,3.9600,3.9600,3.9600,3.9600,100
1475253519,3.9900,3.9900,3.9900,3.9900,100
1475254199,3.9800,3.9800,3.9800,3.9800,100
1475254206,3.9800,3.9800,3.9800,3.9800,100
1475254778,3.9900,3.9900,3.9900,3.9900,300
1475254852,3.9700,3.9900,3.9700,3.9900,200
1475255378,3.9800,3.9800,3.9800,3.9800,100
1475255452,3.9700,3.9700,3.9700,3.9700,100
1475255467,3.9700,3.9700,3.9700,3.9700,100
1475255731,3.9700,3.9700,3.9700,3.9700,200
1475255803,3.9600,3.9600,3.9600,3.9600,100
1475255857,3.9600,3.9600,3.9600,3.9600,200
1475255926,3.9500,3.9500,3.9500,3.9500,100
1475256206,3.9500,3.9800,3.9500,3.9600,5500
1475256275,3.9500,3.9500,3.9500,3.9500,1300
1475256350,3.9700,3.9700,3.9700,3.9700,400
1475256424,3.9700,3.9700,3.9700,3.9700,300
1475256496,3.9700,3.9800,3.9700,3.9800,200
1475256570,3.9700,3.9700,3.9700,3.9700,100
1475256647,3.9700,3.9700,3.9700,3.9700,100
1475256910,3.9900,3.9900,3.9900,3.9900,100
1475257750,4.0000,4.0000,4.0000,4.0000,100
1475258090,4.0000,4.0000,4.0000,4.0000,100
1475258169,3.9800,3.9800,3.9800,3.9800,200
1475258951,4.0000,4.0000,4.0000,4.0000,100
1475259025,3.9800,3.9800,3.9800,3.9800,100
1475260070,3.9950,3.9950,3.9950,3.9950,200
1475260142,3.9900,3.9900,3.9900,3.9900,200
1475260739,4.0000,4.0000,4.0000,4.0000,100
1475260818,3.9900,3.9900,3.9900,3.9900,100
1475260906,4.0000,4.0000,4.0000,4.0000,1100
1475260963,3.9969,4.0000,3.9969,4.0000,600
1475261042,4.0100,4.0100,3.9900,3.9900,300
1475261112,3.9900,3.9900,3.9900,3.9900,100
1475261184,3.9900,3.9900,3.9900,3.9900,100
1475261323,4.0000,4.0050,4.0000,4.0050,300
1475261391,4.0000,4.0000,4.0000,4.0000,100
1475261627,4.0180,4.0180,4.0180,4.0180,200
1475261706,4.0000,4.0000,4.0000,4.0000,100
1475261821,4.0100,4.0100,4.0100,4.0100,100
1475261960,4.0000,4.0100,4.0000,4.0031,800
1475262036,3.9900,3.9900,3.9900,3.9900,100
1475262109,3.9900,3.9900,3.9900,3.9900,200
1475262186,3.9900,3.9900,3.9900,3.9900,100
1475262584,4.0000,4.0200,4.0000,4.0200,200
1475262663,4.0000,4.0000,4.0000,4.0000,100
1475263291,4.0100,4.0200,4.0050,4.0100,1300
1475263362,4.0100,4.0100,4.0100,4.0100,200
1475263486,4.0200,4.0200,4.0100,4.0200,1000
1475263724,4.0200,4.0200,4.0200,4.0200,200
1475263919,4.0500,4.0500,4.0500,4.0500,100
1475264318,4.0400,4.0400,4.0400,4.0400,200
1475264535,4.0300,4.0500,4.0300,4.0500,200
1475264874,4.0556,4.0556,4.0556,4.0556,400
1475264952,4.0500,4.0500,4.0500,4.0500,100
1475265058,4.0800,4.0899,4.0600,4.0800,900
1475265071,4.0799,4.0800,4.0600,4.0800,300
1475265151,4.0800,4.0800,4.0600,4.0600,200
1475265209,4.0800,4.0800,4.0800,4.0800,100
1475265392,4.0700,4.0700,4.0700,4.0700,2400
1475265552,4.0500,4.0550,4.0400,4.0550,2000
1475265600,4.0500,4.0500,4.0500,4.0500,0
