uri:/instrument/1.0/PGP/chartdata;type=quote;range=1d/csv
ticker:pgp
Company-Name:Pimco Global Stocksplus & Incom
Exchange-Name:NYQ
unit:MIN
timezone:EDT
currency:USD
gmtoffset:-14400
previous_close:17.6000
Timestamp:1475760600,1475784000
labels:1475762400,1475766000,1475769600,1475773200,1475776800,1475780400,1475784000
values:Timestamp,close,high,low,open,volume
close:17.4700,17.7500
high:17.4700,17.8000
low:17.4700,17.7500
open:17.4700,17.7536
volume:100,7800
1475760647,17.6100,17.6100,17.6100,17.6100,300
1475760681,17.6450,17.6450,17.6450,17.6450,300
1475760859,17.6000,17.6500,17.6000,17.6500,500
1475760940,17.5822,17.5900,17.5822,17.5900,1900
1475760996,17.6240,17.8000,17.6240,17.6500,2900
1475761398,17.7315,17.7315,17.7315,17.7315,100
1475761442,17.6200,17.6200,17.6200,17.6200,100
1475761714,17.6385,17.6385,17.6385,17.6385,1800
1475761831,17.6100,17.6100,17.6100,17.6100,100
1475761912,17.6550,17.7080,17.6550,17.7080,2300
1475761948,17.7100,17.8000,17.6550,17.6550,7800
1475762091,17.7001,17.7001,17.7001,17.7001,400
1475762124,17.7000,17.7000,17.7000,17.7000,100
1475762301,17.6700,17.6700,17.6700,17.6700,100
1475762481,17.6700,17.6700,17.6700,17.6700,100
1475762689,17.7000,17.7000,17.6700,17.6700,2200
1475762740,17.7020,17.7020,17.7020,17.7020,200
1475762793,17.7000,17.7000,17.7000,17.7000,1000
1475762845,17.7000,17.7000,17.7000,17.7000,500
1475763186,17.7100,17.7100,17.7100,17.7100,700
1475763273,17.6100,17.6500,17.6100,17.6500,200
1475763382,17.6200,17.6500,17.6200,17.6500,400
1475764435,17.6200,17.6200,17.6200,17.6200,600
1475764516,17.5800,17.6100,17.5800,17.6100,900
1475764707,17.5000,17.5000,17.5000,17.5000,800
1475764793,17.5300,17.5400,17.4905,17.5300,1900
1475764856,17.4700,17.4700,17.4700,17.4700,400
1475765457,17.5305,17.6200,17.5305,17.6100,1900
1475765467,17.5000,17.5000,17.5000,17.5000,100
1475765576,17.6200,17.6200,17.6100,17.6100,1100
1475765759,17.6200,17.6200,17.6200,17.6200,500
1475765818,17.5800,17.6200,17.5800,17.6200,1000
1475766022,17.6200,17.6200,17.6200,17.6200,200
1475766387,17.6200,17.6200,17.6200,17.6200,1700
1475766446,17.6100,17.6200,17.6100,17.6200,300
1475766920,17.6150,17.6150,17.6150,17.6150,100
1475767015,17.6199,17.6199,17.6199,17.6199,200
1475767470,17.6200,17.6200,17.6200,17.6200,300
1475767537,17.6200,17.6200,17.6200,17.6200,1200
1475768223,17.6100,17.6100,17.6100,17.6100,100
1475768983,17.6161,17.6200,17.6161,17.6200,1100
1475769054,17.6200,17.6200,17.6150,17.6200,1200
1475769061,17.6100,17.6100,17.6100,17.6100,300
1475769139,17.6100,17.6100,17.6100,17.6100,200
1475769232,17.6200,17.6200,17.6200,17.6200,200
1475769362,17.6200,17.6200,17.6200,17.6200,400
1475769625,17.6200,17.6200,17.6200,17.6200,1200
1475769669,17.7070,17.7500,17.6900,17.6900,2600
1475769873,17.6400,17.6400,17.6400,17.6400,100
1475770596,17.6965,17.7000,17.6965,17.7000,500
1475770688,17.6500,17.6500,17.6500,17.6500,200
1475771581,17.6600,17.6600,17.6600,17.6600,200
1475771900,17.6670,17.6670,17.6670,17.6670,1800
1475772045,17.6500,17.6500,17.6500,17.6500,100
1475772233,17.6576,17.6576,17.6576,17.6576,800
1475772643,17.6401,17.6401,17.6401,17.6401,1200
1475772678,17.6900,17.6900,17.6600,17.6600,1000
1475772937,17.6799,17.6799,17.6799,17.6799,200
1475773534,17.6400,17.6400,17.6400,17.6400,100
1475775240,17.6531,17.6531,17.6531,17.6531,500
1475775375,17.6900,17.6900,17.6800,17.6800,3100
1475775494,17.6900,17.6900,17.6900,17.6900,400
1475775764,17.6900,17.6900,17.6900,17.6900,100
1475776047,17.6900,17.6966,17.6700,17.6900,3300
1475776399,17.7000,17.7000,17.7000,17.7000,100
1475776582,17.7034,17.7500,17.7034,17.7500,1000
1475777154,17.7200,17.7200,17.7200,17.7200,500
1475777464,17.7200,17.7200,17.7200,17.7200,1000
1475779220,17.7400,17.7400,17.7400,17.7400,500
1475779481,17.7500,17.7500,17.7500,17.7500,100
1475779515,17.7500,17.7500,17.7500,17.7500,1500
1475779830,17.7500,17.7536,17.7500,17.7536,700
1475780479,17.7400,17.7400,17.7400,17.7400,200
1475780537,17.7403,17.7403,17.7201,17.7201,600
1475782109,17.7200,17.7200,17.7200,17.7200,400
1475782156,17.6900,17.7000,17.6900,17.7000,600
1475782436,17.6600,17.6600,17.6600,17.6600,100
1475782677,17.6999,17.6999,17.6999,17.6999,100
1475782704,17.6500,17.6500,17.6500,17.6500,700
1475782957,17.6300,17.6300,17.6300,17.6300,100
1475783012,17.6400,17.6400,17.6400,17.6400,2300
1475783127,17.6300,17.6300,17.6300,17.6300,200
1475783212,17.6400,17.6400,17.6400,17.6400,1900
1475783305,17.6400,17.6400,17.6400,17.6400,200
1475783387,17.6699,17.6699,17.6400,17.6400,200
1475783533,17.6599,17.6599,17.6599,17.6599,1000
1475783929,17.6600,17.6600,17.6600,17.6600,200
1475784000,17.7500,17.7500,17.7500,17.7500,500
