uri:/instrument/1.0/DIS/chartdata;type=quote;range=1d/csv
ticker:dis
Company-Name:Walt Disney Company (The) Commo
Exchange-Name:NYQ
unit:MIN
timezone:EDT
currency:USD
gmtoffset:-14400
previous_close:92.4900
Timestamp:1475587800,1475611200
labels:1475589600,1475593200,1475596800,1475600400,1475604000,1475607600,1475611200
values:Timestamp,close,high,low,open,volume
close:92.1400,92.9800
high:92.1458,92.9900
low:92.1200,92.9555
open:92.1400,92.9700
volume:2300,330600
1475587831,92.5800,92.5900,92.4000,92.4000,109100
1475587876,92.7300,92.7500,92.6500,92.7100,14600
1475587937,92.6000,92.7000,92.5900,92.7000,8800
1475588039,92.6097,92.6400,92.5900,92.5900,4100
1475588040,92.5480,92.5900,92.5400,92.5900,5400
1475588117,92.6000,92.6000,92.5000,92.5100,14700
1475588219,92.5700,92.6500,92.5500,92.6000,9000
1475588238,92.5284,92.5680,92.4900,92.5680,11600
1475588280,92.5200,92.5499,92.4800,92.5301,8700
1475588399,92.4900,92.5400,92.4500,92.5100,10600
1475588402,92.4450,92.5300,92.4400,92.5200,15300
1475588461,92.4936,92.5250,92.4600,92.4700,14900
1475588579,92.4200,92.4930,92.3900,92.4900,15000
1475588637,92.4300,92.4400,92.3850,92.4000,18700
1475588640,92.4500,92.4600,92.4199,92.4400,13800
1475588759,92.5550,92.5600,92.4600,92.4600,13700
1475588760,92.6000,92.6350,92.5500,92.5500,10000
1475588879,92.5900,92.6400,92.5900,92.5900,6700
1475588880,92.6100,92.6400,92.5900,92.6000,7300
1475588997,92.7000,92.7299,92.6100,92.6100,16600
1475589059,92.8200,92.8200,92.6901,92.6901,18400
1475589116,92.8091,92.8200,92.7650,92.8200,11400
1475589176,92.8200,92.8400,92.8100,92.8100,8000
1475589182,92.7200,92.8231,92.7200,92.8231,24600
1475589241,92.7300,92.7700,92.7100,92.7300,11400
1475589311,92.7200,92.7422,92.7070,92.7400,8600
1475589369,92.7800,92.7800,92.7100,92.7100,23200
1475589439,92.8100,92.8200,92.7600,92.7700,10200
1475589539,92.8100,92.8200,92.7800,92.8100,7900
1475589599,92.8700,92.8800,92.8050,92.8100,20000
1475589655,92.7700,92.8600,92.7700,92.8600,20700
1475589718,92.8300,92.8500,92.7700,92.7700,17400
1475589723,92.8700,92.8850,92.8100,92.8100,13500
1475589839,92.8700,92.8750,92.8300,92.8700,14900
1475589897,92.8740,92.8800,92.8400,92.8750,5800
1475589900,92.8300,92.8800,92.8200,92.8700,7700
1475589960,92.8100,92.8400,92.8050,92.8300,11000
1475590022,92.8000,92.8199,92.7800,92.8199,16300
1475590139,92.8300,92.8300,92.7750,92.8000,6700
1475590140,92.7650,92.8300,92.7600,92.8300,9100
1475590201,92.7100,92.7700,92.7100,92.7550,11200
1475590260,92.6400,92.6900,92.6100,92.6700,27200
1475590322,92.4992,92.6300,92.4700,92.6300,35700
1475590380,92.5200,92.5400,92.4950,92.4950,14400
1475590440,92.5000,92.5400,92.4900,92.5100,17200
1475590505,92.4000,92.5050,92.3900,92.5048,23000
1475590560,92.4200,92.4200,92.3400,92.4000,14300
1475590620,92.3900,92.4250,92.3700,92.4250,33900
1475590680,92.3800,92.3850,92.3297,92.3850,34700
1475590797,92.3600,92.3950,92.3400,92.3664,23200
1475590859,92.3600,92.3900,92.3400,92.3600,28400
1475590860,92.4010,92.4300,92.3600,92.3650,22200
1475590925,92.3800,92.4258,92.3600,92.4000,27600
1475590982,92.4500,92.4700,92.3800,92.3800,27100
1475591094,92.4350,92.4590,92.4200,92.4400,14500
1475591158,92.4200,92.4400,92.4100,92.4150,7700
1475591219,92.4400,92.4450,92.4061,92.4100,7400
1475591279,92.4400,92.4499,92.4200,92.4400,7000
1475591338,92.3950,92.4500,92.3868,92.4490,6100
1475591341,92.4310,92.4700,92.3900,92.3950,8600
1475591400,92.4700,92.4700,92.4300,92.4329,11600
1475591460,92.4800,92.5000,92.4700,92.4700,23000
1475591521,92.4900,92.5050,92.4750,92.4800,7700
1475591582,92.5100,92.5100,92.4800,92.4900,10400
1475591699,92.5000,92.5400,92.5000,92.5100,8800
1475591700,92.5148,92.5200,92.4750,92.5000,10000
1475591763,92.5200,92.5200,92.4900,92.5200,9800
1475591820,92.5500,92.5700,92.5200,92.5200,8500
1475591881,92.6700,92.6700,92.5600,92.5600,15600
1475591940,92.7500,92.7800,92.6640,92.6640,21100
1475592001,92.8400,92.8400,92.7400,92.7489,15800
1475592060,92.8600,92.8820,92.8260,92.8400,13400
1475592120,92.8900,92.9000,92.8800,92.8800,22900
1475592181,92.8300,92.9600,92.8300,92.9000,18700
1475592259,92.8900,92.9000,92.8600,92.8700,4800
1475592301,92.9080,92.9100,92.8800,92.9000,8100
1475592361,92.8950,92.9120,92.8900,92.9120,9600
1475592420,92.9400,92.9400,92.8900,92.8900,5800
1475592480,92.9650,92.9650,92.9400,92.9400,5500
1475592545,92.9600,92.9700,92.9500,92.9600,15500
1475592602,92.9500,92.9650,92.9400,92.9600,21200
1475592667,92.9800,92.9900,92.9555,92.9600,26000
1475592779,92.9500,92.9800,92.9400,92.9700,10300
1475592780,92.9638,92.9700,92.9300,92.9465,14600
1475592883,92.9410,92.9650,92.9410,92.9650,8600
1475592902,92.9200,92.9450,92.9000,92.9400,19900
1475592961,92.9250,92.9500,92.9100,92.9200,28800
1475593021,92.9092,92.9250,92.8800,92.9250,11200
1475593084,92.9200,92.9200,92.8901,92.9050,7100
1475593140,92.9200,92.9400,92.9100,92.9300,11500
1475593254,92.8800,92.9300,92.8500,92.9150,11800
1475593319,92.8968,92.9000,92.8800,92.8900,4600
1475593323,92.7599,92.9150,92.7100,92.9000,29400
1475593396,92.7500,92.7650,92.7200,92.7500,14100
1475593499,92.6300,92.7299,92.6300,92.7250,31100
1475593507,92.6300,92.6500,92.6050,92.6365,10900
1475593565,92.6700,92.6800,92.6300,92.6300,6500
1475593676,92.6300,92.6900,92.6300,92.6800,14400
1475593687,92.6375,92.6600,92.6300,92.6400,18800
1475593799,92.6100,92.6600,92.6100,92.6350,9900
1475593859,92.5500,92.6100,92.5200,92.6100,18000
1475593861,92.5900,92.6000,92.5700,92.5700,10900
1475593922,92.5775,92.5964,92.5462,92.5964,7700
1475594035,92.5650,92.5900,92.5400,92.5750,9300
1475594040,92.5112,92.5600,92.5112,92.5600,6000
1475594158,92.4100,92.5150,92.3900,92.5150,15000
1475594179,92.4000,92.4400,92.3800,92.3950,31100
1475594223,92.4085,92.4600,92.3900,92.3900,20000
1475594282,92.4500,92.4701,92.4000,92.4000,7000
1475594341,92.4400,92.4700,92.4000,92.4502,10200
1475594417,92.4500,92.4600,92.4340,92.4500,5000
1475594518,92.5100,92.5200,92.4400,92.4400,9400
1475594523,92.5100,92.5300,92.4800,92.5000,9600
1475594590,92.6200,92.6200,92.5200,92.5350,10200
1475594658,92.5900,92.6200,92.5900,92.6200,3900
1475594700,92.6100,92.6200,92.5950,92.6000,6700
1475594760,92.6501,92.6550,92.6158,92.6158,4000
1475594820,92.6720,92.7000,92.6200,92.6700,30000
1475594880,92.7036,92.7100,92.6700,92.6750,12400
1475594957,92.6600,92.7034,92.6300,92.7000,9000
1475595000,92.6393,92.7150,92.6300,92.6700,25900
1475595060,92.5900,92.6300,92.5500,92.6300,7600
1475595120,92.5700,92.6000,92.5600,92.6000,4800
1475595233,92.5800,92.6000,92.5700,92.5700,5500
1475595298,92.5900,92.6100,92.5550,92.6000,12000
1475595301,92.6700,92.6800,92.6000,92.6000,8100
1475595419,92.6390,92.6950,92.6390,92.6400,16000
1475595420,92.7265,92.7450,92.6350,92.6366,24600
1475595481,92.6401,92.7500,92.6401,92.7400,11600
1475595558,92.4600,92.5999,92.4600,92.5700,23000
1475595656,92.6300,92.6650,92.5200,92.5200,25600
1475595660,92.5100,92.6650,92.5000,92.6000,23100
1475595721,92.5350,92.6000,92.5000,92.5200,12600
1475595785,92.5600,92.5700,92.4900,92.5400,15600
1475595897,92.5800,92.6100,92.5201,92.5500,10700
1475595900,92.6700,92.6700,92.5600,92.5600,17500
1475596018,92.6200,92.6300,92.5560,92.6200,16300
1475596020,92.5550,92.6300,92.5000,92.6200,13800
1475596139,92.5700,92.5900,92.5200,92.5600,14400
1475596199,92.5500,92.6100,92.5500,92.5700,11200
1475596200,92.5500,92.5500,92.4800,92.5400,21000
1475596319,92.5700,92.6100,92.5200,92.5400,14700
1475596378,92.5200,92.5700,92.5100,92.5700,12700
1475596438,92.3800,92.5150,92.3735,92.5100,27200
1475596499,92.4050,92.4100,92.3400,92.3400,22700
1475596559,92.4200,92.4740,92.3685,92.4036,14000
1475596618,92.3700,92.4262,92.3400,92.4262,10700
1475596622,92.3600,92.4100,92.3500,92.3850,7600
1475596739,92.3900,92.4100,92.3400,92.3500,14500
1475596799,92.4100,92.4400,92.3684,92.3800,7100
1475596858,92.4300,92.4600,92.3800,92.4100,13700
1475596861,92.4100,92.4400,92.4100,92.4300,5200
1475596930,92.3900,92.4400,92.3700,92.3900,15300
1475596982,92.4100,92.4200,92.3650,92.3900,12800
1475597097,92.3700,92.4000,92.3600,92.4000,9500
1475597158,92.4000,92.4200,92.3800,92.3800,16900
1475597160,92.3600,92.4350,92.3600,92.4000,23700
1475597279,92.3600,92.3700,92.3200,92.3550,33300
1475597282,92.3200,92.3600,92.3200,92.3600,5800
1475597340,92.3200,92.3400,92.3000,92.3200,20000
1475597459,92.2989,92.3100,92.2600,92.3050,52400
1475597462,92.2400,92.2992,92.2107,92.2992,12900
1475597525,92.2000,92.2300,92.2000,92.2300,10400
1475597585,92.1500,92.1800,92.1500,92.1500,25500
1475597642,92.1900,92.1900,92.1500,92.1600,13900
1475597701,92.2050,92.2200,92.1800,92.1927,11100
1475597819,92.1948,92.2100,92.1700,92.2050,19800
1475597820,92.1800,92.2000,92.1700,92.1900,7100
1475597938,92.2600,92.2600,92.1700,92.1800,34000
1475597942,92.3000,92.3700,92.3000,92.3000,25900
1475598002,92.3200,92.3266,92.2700,92.3000,31300
1475598060,92.3670,92.3800,92.3000,92.3100,17000
1475598122,92.3568,92.3650,92.3400,92.3637,12100
1475598183,92.3450,92.3600,92.3400,92.3500,12200
1475598240,92.3500,92.3700,92.3300,92.3400,9000
1475598307,92.3800,92.4100,92.3354,92.3400,9500
1475598365,92.3700,92.3800,92.3700,92.3800,6300
1475598477,92.3800,92.3850,92.3700,92.3850,2800
1475598480,92.3500,92.4050,92.3300,92.3800,12400
1475598542,92.3550,92.3600,92.3500,92.3509,3300
1475598603,92.3200,92.3600,92.3200,92.3550,10000
1475598719,92.3299,92.3350,92.2800,92.2800,15100
1475598723,92.3500,92.3500,92.3100,92.3200,7200
1475598787,92.3300,92.3400,92.3100,92.3400,10000
1475598842,92.3250,92.3300,92.3160,92.3200,4900
1475598901,92.3500,92.3550,92.3300,92.3300,4800
1475598960,92.3800,92.3800,92.3500,92.3580,2800
1475599020,92.4000,92.4000,92.3750,92.3766,8400
1475599139,92.4800,92.4800,92.3700,92.3950,15100
1475599141,92.4200,92.4750,92.4200,92.4700,30800
1475599201,92.4299,92.4300,92.4100,92.4200,10300
1475599262,92.4400,92.4400,92.4100,92.4200,3400
1475599323,92.4700,92.4800,92.4400,92.4500,6500
1475599385,92.4500,92.4650,92.4500,92.4646,6000
1475599444,92.4450,92.4750,92.4400,92.4600,3900
1475599559,92.4500,92.4600,92.4337,92.4500,15300
1475599618,92.4300,92.4550,92.4300,92.4400,13000
1475599621,92.3700,92.4300,92.3700,92.4300,7300
1475599685,92.3800,92.3900,92.3750,92.3800,4500
1475599745,92.3800,92.3900,92.3650,92.3900,12300
1475599859,92.3960,92.4101,92.3900,92.3900,5300
1475599860,92.3500,92.3940,92.3300,92.3940,16800
1475599921,92.3200,92.3544,92.3200,92.3500,12200
1475599986,92.3400,92.3400,92.3200,92.3320,6300
1475600099,92.3669,92.3700,92.3400,92.3400,9100
1475600145,92.3500,92.3700,92.3500,92.3700,6000
1475600160,92.3600,92.3600,92.3200,92.3300,10800
1475600274,92.3450,92.3500,92.3300,92.3500,4400
1475600281,92.3700,92.3700,92.3500,92.3500,7000
1475600342,92.3800,92.3800,92.3344,92.3600,4200
1475600402,92.3600,92.3700,92.3501,92.3700,5400
1475600468,92.3900,92.3900,92.3500,92.3560,6700
1475600530,92.4000,92.4000,92.3600,92.3700,5900
1475600586,92.4000,92.4050,92.3800,92.4000,5800
1475600644,92.3400,92.3945,92.3400,92.3945,14400
1475600700,92.3701,92.3800,92.3400,92.3400,5100
1475600769,92.3600,92.3800,92.3400,92.3800,4300
1475600820,92.2400,92.3500,92.2200,92.3500,14700
1475600880,92.2360,92.2500,92.2000,92.2500,7200
1475600942,92.1800,92.2500,92.1800,92.2400,17700
1475601002,92.2150,92.2550,92.1875,92.1900,11600
1475601118,92.2400,92.2500,92.2200,92.2300,4200
1475601125,92.2536,92.2600,92.2300,92.2300,9500
1475601238,92.2850,92.2900,92.2500,92.2500,7400
1475601241,92.2900,92.3100,92.2800,92.2850,10400
1475601300,92.2900,92.3000,92.2700,92.3000,10400
1475601364,92.3090,92.3090,92.2700,92.2800,5000
1475601426,92.3140,92.3200,92.3000,92.3000,5000
1475601532,92.2700,92.3200,92.2700,92.3100,18600
1475601540,92.3300,92.3300,92.2800,92.2800,12500
1475601600,92.3050,92.3391,92.3000,92.3300,12500
1475601662,92.2500,92.2850,92.2300,92.2850,12600
1475601722,92.1800,92.2600,92.1700,92.2590,26200
1475601785,92.1500,92.1900,92.1300,92.1850,14800
1475601846,92.1400,92.1458,92.1200,92.1458,6600
1475601901,92.1700,92.1700,92.1200,92.1400,22700
1475601961,92.2200,92.2200,92.1700,92.1700,6700
1475602079,92.2100,92.2300,92.1900,92.2200,10300
1475602083,92.2120,92.2120,92.1900,92.2063,5600
1475602195,92.2400,92.2400,92.2100,92.2100,7700
1475602200,92.2200,92.2500,92.2100,92.2500,9800
1475602318,92.2250,92.2300,92.2000,92.2300,6300
1475602379,92.2700,92.2700,92.2100,92.2200,9000
1475602381,92.2701,92.3000,92.2550,92.2700,12600
1475602443,92.2700,92.2800,92.2550,92.2700,6600
1475602509,92.3100,92.3100,92.2700,92.2800,7200
1475602563,92.3061,92.3250,92.3000,92.3100,7100
1475602632,92.2950,92.2989,92.2800,92.2989,5400
1475602693,92.3150,92.3200,92.2900,92.3000,4000
1475602798,92.2900,92.3100,92.2700,92.3100,5900
1475602811,92.2899,92.2900,92.2600,92.2850,7300
1475602867,92.2900,92.2900,92.2650,92.2800,6300
1475602923,92.2800,92.3100,92.2800,92.3000,12300
1475602984,92.2600,92.2899,92.2600,92.2700,10200
1475603053,92.2700,92.2800,92.2600,92.2759,6000
1475603117,92.2700,92.2700,92.2600,92.2661,3000
1475603168,92.2800,92.2800,92.2600,92.2700,4300
1475603238,92.2900,92.2900,92.2750,92.2800,4800
1475603287,92.3100,92.3200,92.2989,92.2989,9500
1475603347,92.3100,92.3200,92.3066,92.3091,6900
1475603403,92.3200,92.3600,92.3200,92.3600,4300
1475603468,92.3100,92.3400,92.3100,92.3250,7200
1475603521,92.3550,92.3550,92.2901,92.2901,6600
1475603580,92.3700,92.3800,92.3550,92.3565,5000
1475603643,92.3600,92.3600,92.3451,92.3600,3700
1475603700,92.3600,92.3700,92.3500,92.3600,6500
1475603763,92.4000,92.4000,92.3550,92.3700,5700
1475603820,92.3400,92.3850,92.3400,92.3845,6800
1475603888,92.3500,92.3500,92.3350,92.3400,2300
1475603942,92.3700,92.3700,92.3500,92.3500,5500
1475604059,92.3201,92.3650,92.3200,92.3650,9500
1475604061,92.3100,92.3500,92.3100,92.3300,8500
1475604124,92.3600,92.3800,92.3200,92.3200,9800
1475604182,92.3810,92.3850,92.3600,92.3600,3900
1475604244,92.4100,92.4100,92.3600,92.3800,5500
1475604306,92.4400,92.4400,92.4100,92.4100,8200
1475604362,92.3900,92.4400,92.3900,92.4350,9300
1475604432,92.4400,92.4400,92.4000,92.4000,9200
1475604534,92.4242,92.4500,92.4100,92.4400,7700
1475604599,92.3970,92.4300,92.3900,92.4300,10100
1475604657,92.3900,92.4100,92.3800,92.3800,15400
1475604661,92.4200,92.4200,92.3800,92.3845,9100
1475604731,92.4000,92.4200,92.4000,92.4100,4600
1475604839,92.3950,92.4200,92.3900,92.4162,5400
1475604842,92.4100,92.4100,92.3900,92.4000,7200
1475604959,92.4300,92.4300,92.3900,92.4099,9600
1475604960,92.3700,92.4200,92.3690,92.4200,4700
1475605022,92.3900,92.3900,92.3600,92.3800,13300
1475605081,92.4100,92.4100,92.3900,92.3900,17700
1475605199,92.3600,92.4000,92.3400,92.4000,12600
1475605202,92.3800,92.3839,92.3500,92.3600,6400
1475605271,92.3900,92.4050,92.3800,92.3899,7100
1475605320,92.3500,92.3900,92.3430,92.3800,6300
1475605383,92.3100,92.3700,92.3000,92.3700,8800
1475605498,92.4000,92.4000,92.3150,92.3150,11900
1475605559,92.3400,92.3950,92.3300,92.3950,8300
1475605560,92.3690,92.3690,92.3200,92.3345,3800
1475605678,92.3164,92.3700,92.3100,92.3700,10500
1475605680,92.3500,92.3700,92.3200,92.3200,9900
1475605740,92.3800,92.3800,92.3358,92.3450,5000
1475605800,92.3900,92.4100,92.3800,92.3900,11900
1475605919,92.4000,92.4100,92.3700,92.3800,12600
1475605978,92.4000,92.4100,92.3800,92.4067,5100
1475605983,92.4200,92.4350,92.4000,92.4050,9100
1475606040,92.4450,92.4500,92.4100,92.4300,10200
1475606104,92.4300,92.4680,92.4300,92.4400,9500
1475606161,92.3900,92.4200,92.3900,92.4200,6000
1475606221,92.3950,92.4100,92.3800,92.3900,6000
1475606284,92.3900,92.4200,92.3800,92.3919,6900
1475606399,92.4300,92.4300,92.3900,92.3900,8800
1475606452,92.4150,92.4200,92.4000,92.4200,7200
1475606460,92.4100,92.4300,92.4087,92.4200,9700
1475606529,92.4300,92.4350,92.3800,92.3800,11000
1475606593,92.4100,92.4400,92.4000,92.4250,7100
1475606697,92.4100,92.4200,92.3900,92.4000,4600
1475606700,92.4200,92.4300,92.4101,92.4160,9400
1475606772,92.4150,92.4150,92.3600,92.4100,8900
1475606879,92.4000,92.4200,92.4000,92.4000,5000
1475606881,92.3900,92.4200,92.3800,92.4050,9200
1475606945,92.3800,92.4100,92.3600,92.3900,8300
1475607000,92.3900,92.3900,92.3500,92.3700,7500
1475607065,92.3600,92.3900,92.3400,92.3900,11300
1475607124,92.3700,92.3700,92.3600,92.3600,5300
1475607180,92.4000,92.4260,92.3700,92.3700,13000
1475607241,92.4100,92.4100,92.3750,92.3942,6700
1475607313,92.3600,92.3700,92.3450,92.3700,9800
1475607415,92.3200,92.3600,92.3200,92.3500,8400
1475607421,92.3500,92.3500,92.3168,92.3168,9800
1475607539,92.3250,92.3500,92.3200,92.3500,13600
1475607543,92.2900,92.3250,92.2600,92.3200,14400
1475607608,92.3500,92.3500,92.2835,92.2900,13200
1475607662,92.3450,92.3700,92.3200,92.3435,11500
1475607777,92.3100,92.3500,92.3000,92.3400,23000
1475607783,92.2953,92.3200,92.2850,92.3112,7000
1475607842,92.3400,92.3400,92.2800,92.3000,9000
1475607904,92.3400,92.3490,92.3200,92.3300,14100
1475608018,92.3300,92.3800,92.3300,92.3400,16700
1475608020,92.3100,92.3390,92.3100,92.3262,11100
1475608139,92.3300,92.3400,92.3100,92.3200,10400
1475608141,92.3800,92.3800,92.3400,92.3400,12000
1475608202,92.3900,92.3900,92.3650,92.3800,14400
1475608319,92.4050,92.4050,92.3500,92.3900,16900
1475608379,92.3900,92.3900,92.3700,92.3900,11600
1475608438,92.3700,92.3900,92.3650,92.3750,11500
1475608499,92.4100,92.4250,92.3700,92.3700,10000
1475608559,92.4160,92.4160,92.3850,92.4100,13900
1475608615,92.4300,92.4400,92.4100,92.4100,18700
1475608622,92.4000,92.4300,92.4000,92.4300,6600
1475608683,92.4300,92.4300,92.3962,92.4148,9100
1475608742,92.4368,92.4400,92.4200,92.4300,11700
1475608804,92.4650,92.4800,92.4500,92.4700,28700
1475608874,92.4580,92.4600,92.4400,92.4600,6700
1475608925,92.4460,92.4800,92.4300,92.4800,23400
1475608984,92.4530,92.4600,92.4350,92.4500,9200
1475609041,92.4900,92.5000,92.4600,92.4600,25000
1475609106,92.4999,92.5200,92.4850,92.4900,17100
1475609161,92.5140,92.5200,92.4900,92.4989,10800
1475609222,92.5300,92.5400,92.4900,92.5100,23100
1475609280,92.5500,92.5569,92.5200,92.5300,18900
1475609341,92.6000,92.6000,92.5200,92.5500,19500
1475609459,92.5800,92.5900,92.5550,92.5900,12500
1475609516,92.5700,92.5800,92.5500,92.5800,23200
1475609520,92.5885,92.6000,92.5700,92.5800,17000
1475609582,92.6100,92.6100,92.5700,92.5900,20700
1475609698,92.6600,92.6700,92.6199,92.6362,65400
1475609700,92.6300,92.6700,92.6200,92.6600,14400
1475609760,92.6500,92.6500,92.6300,92.6300,11400
1475609879,92.6599,92.6600,92.6342,92.6500,15100
1475609881,92.6700,92.6800,92.6500,92.6550,28800
1475609940,92.7100,92.7100,92.6700,92.6700,39600
1475610059,92.6950,92.7400,92.6800,92.7200,26100
1475610060,92.6900,92.7200,92.6800,92.6950,35200
1475610179,92.7100,92.7200,92.7000,92.7000,77800
1475610239,92.7050,92.7400,92.7000,92.7100,19400
1475610240,92.7150,92.7300,92.7038,92.7038,23600
1475610359,92.6950,92.7300,92.6800,92.7200,48100
1475610419,92.7000,92.7300,92.6885,92.6900,23800
1475610478,92.7100,92.7200,92.6850,92.7000,22200
1475610480,92.7050,92.7200,92.6900,92.7166,16100
1475610598,92.6650,92.7200,92.6600,92.7000,18700
1475610659,92.7000,92.7000,92.6100,92.6600,54000
1475610662,92.6700,92.6900,92.6401,92.6900,23200
1475610726,92.7101,92.7101,92.6800,92.6900,28200
1475610838,92.7200,92.7200,92.6800,92.6800,17400
1475610897,92.7700,92.7800,92.7100,92.7200,26600
1475610959,92.7100,92.7700,92.6800,92.7700,52400
1475610967,92.6750,92.7100,92.6750,92.7050,40400
1475611078,92.6700,92.6900,92.6489,92.6732,41000
1475611138,92.6200,92.6600,92.6000,92.6600,59100
1475611140,92.5800,92.6100,92.5600,92.6000,101800
1475611200,92.5900,92.5900,92.5900,92.5900,330600
