uri:/instrument/1.0/AVY/chartdata;type=quote;range=1d/csv
ticker:avy
Company-Name:Avery Dennison Corporation Comm
Exchange-Name:NYQ
unit:MIN
timezone:EDT
currency:USD
gmtoffset:-14400
previous_close:76.0500
Timestamp:1475760600,1475784000
labels:1475762400,1475766000,1475769600,1475773200,1475776800,1475780400,1475784000
values:Timestamp,close,high,low,open,volume
close:75.7800,77.3400
high:75.9100,77.3600
low:75.7800,77.3300
open:75.8375,77.3500
volume:100,26300
1475760847,76.0800,76.1100,76.0200,76.0900,3900
1475760947,76.0500,76.2500,76.0500,76.0800,2800
1475760960,75.9800,76.0500,75.9700,76.0400,1700
1475761033,76.0300,76.0900,76.0300,76.0300,900
1475761188,75.7800,75.9400,75.7800,75.8900,600
1475761205,75.9300,75.9300,75.8600,75.9300,1200
1475761303,75.9810,75.9810,75.9450,75.9450,200
1475761329,75.9300,75.9350,75.9000,75.9000,400
1475761387,75.9800,75.9800,75.9600,75.9700,600
1475761516,75.9900,76.0500,75.9900,76.0500,500
1475761673,75.9900,76.0000,75.9500,75.9700,1900
1475761712,75.9900,76.0400,75.9850,76.0100,900
1475761859,75.8500,75.9300,75.8500,75.9300,1000
1475761913,75.9500,75.9500,75.9200,75.9300,600
1475761922,76.0014,76.0600,75.9900,75.9900,1000
1475762014,75.8700,75.9200,75.8700,75.9200,200
1475762102,75.9000,75.9400,75.8900,75.8900,1100
1475762191,75.9070,75.9100,75.9070,75.9100,400
1475762258,75.9500,75.9500,75.9500,75.9500,200
1475762395,75.8900,75.9800,75.8900,75.9800,1300
1475762458,75.9800,76.0200,75.8375,75.8375,3600
1475762479,75.9200,75.9600,75.9050,75.9600,3000
1475762560,76.0400,76.0900,76.0000,76.0000,1300
1475762607,76.0710,76.1100,76.0600,76.0600,2600
1475762695,76.0900,76.1200,76.0550,76.0550,2300
1475762730,76.0700,76.0900,76.0700,76.0900,800
1475762818,76.0500,76.0600,76.0400,76.0500,1300
1475762864,76.0100,76.0300,76.0100,76.0300,500
1475762939,75.9500,76.0000,75.9500,76.0000,1200
1475762975,76.0500,76.0500,75.9700,75.9800,1500
1475763046,76.0400,76.0700,76.0400,76.0500,1000
1475763114,76.0500,76.0500,76.0500,76.0500,100
1475763161,76.0100,76.0500,76.0100,76.0500,200
1475763220,76.0900,76.0900,76.0200,76.0200,1200
1475763279,76.1880,76.1880,76.1600,76.1600,400
1475763337,76.1000,76.1300,76.1000,76.1300,300
1475763416,76.0900,76.0900,76.0900,76.0900,300
1475763450,76.1100,76.1100,76.1100,76.1100,200
1475763517,76.1200,76.1200,76.1200,76.1200,100
1475763545,76.1900,76.1900,76.1400,76.1400,800
1475763605,76.1300,76.2000,76.1300,76.2000,1800
1475763711,76.1100,76.1100,76.1000,76.1000,300
1475763727,76.0950,76.0950,76.0950,76.0950,300
1475763812,76.1400,76.1400,76.1000,76.1000,1100
1475763845,76.1625,76.1625,76.1625,76.1625,200
1475763957,76.1300,76.1400,76.1300,76.1400,600
1475763966,76.1100,76.1250,76.1100,76.1202,900
1475764058,76.1700,76.1700,76.1200,76.1200,1300
1475764093,76.2200,76.2200,76.2200,76.2200,400
1475764160,76.1800,76.2300,76.1800,76.2300,1000
1475764252,76.1650,76.2000,76.1650,76.1900,1800
1475764282,76.1800,76.1900,76.1650,76.1650,500
1475764346,76.2000,76.2300,76.2000,76.2100,2000
1475764419,76.1500,76.1500,76.1500,76.1500,300
1475764468,76.1600,76.1800,76.1600,76.1700,1400
1475764529,76.2100,76.2100,76.1700,76.1900,1700
1475764600,76.2200,76.2200,76.2000,76.2000,500
1475764641,76.2600,76.2600,76.2600,76.2600,300
1475764756,76.2800,76.2800,76.2800,76.2800,200
1475764825,76.3000,76.3000,76.3000,76.3000,400
1475764882,76.3000,76.3000,76.3000,76.3000,200
1475764967,76.2900,76.2900,76.2900,76.2900,100
1475765033,76.2900,76.2900,76.2900,76.2900,200
1475765100,76.2950,76.2950,76.2950,76.2950,100
1475765213,76.3400,76.3400,76.2800,76.2800,26300
1475765225,76.2900,76.3700,76.2900,76.3100,4400
1475765315,76.3500,76.3500,76.3300,76.3300,300
1475765353,76.3500,76.3500,76.3500,76.3500,400
1475765626,76.4000,76.4200,76.3700,76.4200,2100
1475765790,76.4250,76.4250,76.3950,76.3950,1600
1475765828,76.4400,76.4600,76.4350,76.4500,2500
1475765897,76.4150,76.4400,76.4150,76.4400,900
1475765986,76.4400,76.4700,76.4200,76.4200,900
1475766114,76.4700,76.4700,76.4600,76.4600,1000
1475766150,76.4500,76.4700,76.4500,76.4700,900
1475766228,76.4400,76.4400,76.4400,76.4400,100
1475766267,76.4500,76.4500,76.4300,76.4400,800
1475766320,76.4500,76.4500,76.4500,76.4500,200
1475766362,76.4000,76.4500,76.4000,76.4500,2800
1475766463,76.4000,76.4000,76.4000,76.4000,300
1475766491,76.3400,76.3500,76.3200,76.3400,1300
1475766622,76.3500,76.3500,76.3500,76.3500,200
1475766705,76.3600,76.3600,76.3400,76.3400,900
1475766947,76.3100,76.3600,76.3100,76.3600,1000
1475767001,76.2800,76.2900,76.2800,76.2900,500
1475767041,76.2900,76.2900,76.2900,76.2900,200
1475767104,76.3200,76.3200,76.3100,76.3100,800
1475767157,76.3400,76.3400,76.3400,76.3400,100
1475767250,76.3100,76.3300,76.3100,76.3300,500
1475767268,76.3700,76.4000,76.3100,76.3100,10900
1475767396,76.3700,76.4100,76.3700,76.4040,2300
1475767507,76.4700,76.4900,76.4000,76.4000,2000
1475767575,76.4500,76.4500,76.4500,76.4500,100
1475767682,76.4900,76.5000,76.4800,76.4800,700
1475767798,76.4800,76.4900,76.4800,76.4900,600
1475767999,76.5600,76.5700,76.5300,76.5300,500
1475768063,76.5600,76.5700,76.5400,76.5700,2300
1475768268,76.5300,76.5304,76.5300,76.5304,600
1475768295,76.5200,76.5200,76.5200,76.5200,300
1475768340,76.5700,76.5700,76.5500,76.5500,400
1475768422,76.6000,76.6200,76.6000,76.6200,300
1475768483,76.5900,76.6000,76.5900,76.6000,1300
1475768561,76.5700,76.5700,76.5700,76.5700,100
1475768630,76.5500,76.5700,76.5500,76.5700,400
1475768690,76.5700,76.5800,76.5700,76.5700,500
1475768707,76.5500,76.5700,76.5500,76.5700,700
1475768876,76.7000,76.7000,76.6200,76.6300,1100
1475768905,76.7200,76.7750,76.7100,76.7750,800
1475768963,76.7200,76.7200,76.7200,76.7200,100
1475769024,76.7100,76.7200,76.7100,76.7200,400
1475769161,76.8200,76.8358,76.8200,76.8200,1000
1475769266,76.8200,76.8200,76.8200,76.8200,800
1475769329,76.7600,76.8100,76.7600,76.8100,1300
1475769422,76.7900,76.7900,76.7800,76.7800,500
1475769555,76.8180,76.8180,76.8180,76.8180,100
1475769614,76.8300,76.8300,76.8000,76.8000,1300
1475769816,76.8900,76.9000,76.8900,76.9000,1300
1475769870,76.8850,76.8850,76.8850,76.8850,200
1475769956,76.9000,76.9000,76.8900,76.8900,300
1475769976,76.9500,76.9500,76.8900,76.8900,900
1475770030,76.9400,76.9600,76.9400,76.9400,1300
1475770085,76.9200,76.9300,76.9200,76.9300,1000
1475770192,76.8800,76.8800,76.8800,76.8800,400
1475770346,76.8600,76.8600,76.8600,76.8600,100
1475770386,76.8800,76.8900,76.8800,76.8900,600
1475770443,76.8700,76.8700,76.8700,76.8700,500
1475770512,76.8968,76.8999,76.8968,76.8999,700
1475770646,76.8700,76.8700,76.8700,76.8700,300
1475770696,76.9100,76.9100,76.8900,76.8900,400
1475770851,76.9000,76.9100,76.8900,76.9100,1200
1475770904,76.9050,76.9100,76.8600,76.8900,10800
1475770931,76.9400,76.9400,76.9050,76.9050,2500
1475770981,77.0200,77.0200,76.9700,76.9700,2700
1475771044,77.0000,77.0200,77.0000,77.0200,2300
1475771147,77.0200,77.0200,77.0200,77.0200,100
1475771165,77.0200,77.0200,77.0200,77.0200,300
1475771355,77.0400,77.0400,77.0244,77.0244,300
1475771492,77.1100,77.1100,77.0700,77.0700,800
1475771534,77.1400,77.1400,77.1283,77.1350,1000
1475771637,77.1000,77.1100,77.1000,77.1100,600
1475771699,77.1100,77.1100,77.1100,77.1100,100
1475771700,77.1100,77.1200,77.1100,77.1200,500
1475771784,77.0700,77.0800,77.0700,77.0800,900
1475771889,77.0400,77.0400,77.0400,77.0400,600
1475771981,77.0268,77.0268,77.0268,77.0268,300
1475772006,77.0500,77.0500,77.0300,77.0300,800
1475772083,77.0900,77.0900,77.0600,77.0700,1100
1475772155,77.0850,77.0900,77.0800,77.0900,1400
1475772405,77.0800,77.0850,77.0800,77.0850,300
1475772430,77.0900,77.0900,77.0800,77.0800,400
1475772498,77.0850,77.0900,77.0850,77.0900,600
1475772550,77.0800,77.0800,77.0700,77.0700,600
1475772640,77.0800,77.0900,77.0800,77.0900,1500
1475772675,77.0900,77.0900,77.0900,77.0900,200
1475772783,77.1100,77.1150,77.1100,77.1100,800
1475772880,77.1100,77.1100,77.1000,77.1000,200
1475772918,77.1300,77.1300,77.1300,77.1300,100
1475772964,77.1700,77.1700,77.1400,77.1400,900
1475773031,77.1600,77.1650,77.1600,77.1650,200
1475773128,77.1250,77.1600,77.1250,77.1600,2000
1475773153,77.1400,77.1400,77.1265,77.1265,1300
1475773230,77.1400,77.1500,77.1400,77.1450,600
1475773268,77.1400,77.1400,77.1400,77.1400,100
1475773369,77.1600,77.1600,77.1600,77.1600,500
1475773382,77.1400,77.1500,77.1400,77.1500,500
1475773472,77.1300,77.1300,77.1200,77.1200,200
1475773548,77.1200,77.1200,77.1200,77.1200,200
1475773563,77.1500,77.1550,77.1200,77.1200,3300
1475773639,77.1700,77.1700,77.1700,77.1700,100
1475773690,77.2100,77.2100,77.2100,77.2100,1100
1475773789,77.1950,77.2300,77.1950,77.2300,1400
1475773845,77.1700,77.1900,77.1700,77.1900,800
1475773862,77.1400,77.1700,77.1400,77.1700,1300
1475773974,77.1900,77.1900,77.1500,77.1500,1300
1475773982,77.2000,77.2100,77.2000,77.2000,1300
1475774112,77.2100,77.2100,77.2100,77.2100,800
1475774333,77.2500,77.2600,77.2400,77.2400,2900
1475774349,77.2400,77.2500,77.2400,77.2500,500
1475774448,77.2100,77.2400,77.2100,77.2400,1700
1475774499,77.2200,77.2350,77.2200,77.2200,2600
1475774539,77.2300,77.2300,77.2200,77.2200,1100
1475774589,77.2200,77.2300,77.2100,77.2100,2100
1475774710,77.1400,77.2100,77.1400,77.2100,1300
1475774760,77.1100,77.1300,77.1100,77.1300,500
1475774857,77.1100,77.1300,77.1100,77.1200,1700
1475774998,77.1000,77.1000,77.1000,77.1000,300
1475775028,77.1200,77.1300,77.1200,77.1200,700
1475775063,77.1550,77.1550,77.1400,77.1400,200
1475775273,77.1950,77.2100,77.1900,77.2100,2300
1475775320,77.1750,77.1900,77.1750,77.1900,500
1475775362,77.1600,77.1700,77.1600,77.1700,400
1475775461,77.1450,77.1500,77.1450,77.1500,1600
1475775511,77.1300,77.1300,77.1300,77.1300,100
1475775619,77.1350,77.1350,77.1350,77.1350,200
1475775707,77.1400,77.1400,77.1400,77.1400,100
1475775773,77.1000,77.1600,77.1000,77.1500,2700
1475775788,77.1000,77.1000,77.1000,77.1000,1100
1475775847,77.1200,77.1200,77.1100,77.1100,800
1475775940,77.1300,77.1400,77.1200,77.1300,1200
1475775962,77.1100,77.1100,77.1000,77.1100,500
1475776062,77.1200,77.1200,77.1200,77.1200,200
1475776131,77.1250,77.1300,77.1250,77.1300,400
1475776196,77.1250,77.1250,77.1250,77.1250,300
1475776220,77.1350,77.1400,77.1250,77.1250,500
1475776266,77.1200,77.1400,77.1050,77.1350,2900
1475776338,77.1300,77.1300,77.1300,77.1300,300
1475776392,77.1500,77.1500,77.1500,77.1500,600
1475776442,77.1900,77.2000,77.1600,77.1600,2100
1475776500,77.1850,77.1850,77.1850,77.1850,100
1475776566,77.1400,77.1700,77.1400,77.1700,600
1475776663,77.1400,77.1400,77.1400,77.1400,100
1475776707,77.1400,77.1400,77.1300,77.1300,900
1475776748,77.1300,77.1300,77.1300,77.1300,300
1475776801,77.1200,77.1200,77.1200,77.1200,200
1475776877,77.1500,77.1500,77.1500,77.1500,800
1475776925,77.1600,77.1600,77.1500,77.1600,300
1475776990,77.1400,77.1600,77.1400,77.1600,1200
1475777086,77.1100,77.1300,77.1100,77.1300,700
1475777159,77.1250,77.1250,77.0900,77.0900,2500
1475777185,77.1200,77.1200,77.1200,77.1200,100
1475777230,77.1000,77.1150,77.1000,77.1150,1300
1475777292,77.0900,77.0950,77.0900,77.0950,300
1475777346,77.0700,77.0900,77.0700,77.0900,400
1475777422,77.0400,77.0700,77.0400,77.0700,900
1475777464,77.0250,77.0300,77.0250,77.0300,500
1475777530,77.0350,77.0350,77.0350,77.0350,100
1475777593,77.0600,77.0600,77.0400,77.0400,3000
1475777692,77.1000,77.1000,77.0600,77.0600,1100
1475777702,77.1200,77.1200,77.1100,77.1100,2700
1475777779,77.1000,77.1000,77.1000,77.1000,300
1475777868,77.0900,77.0900,77.0900,77.0900,100
1475777915,77.0900,77.0900,77.0900,77.0900,200
1475777950,77.0800,77.0900,77.0700,77.0900,800
1475778045,77.0800,77.0800,77.0700,77.0700,700
1475778070,77.1000,77.1000,77.0760,77.0760,500
1475778124,77.0700,77.0800,77.0700,77.0800,600
1475778203,77.1200,77.1200,77.0800,77.0800,1100
1475778244,77.1100,77.1100,77.1100,77.1100,1000
1475778316,77.1000,77.1000,77.0900,77.0900,500
1475778368,77.1500,77.1500,77.1000,77.1000,1500
1475778429,77.1800,77.1800,77.1600,77.1600,1100
1475778537,77.2000,77.2000,77.1900,77.2000,800
1475778544,77.1800,77.1900,77.1800,77.1900,500
1475778606,77.1536,77.1800,77.1536,77.1800,1700
1475778731,77.1850,77.1850,77.1700,77.1700,1700
1475778790,77.1800,77.1800,77.1700,77.1700,400
1475778863,77.1800,77.1800,77.1800,77.1800,800
1475778959,77.1300,77.1700,77.1300,77.1700,1800
1475778975,77.1100,77.1300,77.1100,77.1300,500
1475779033,77.1200,77.1200,77.1100,77.1100,500
1475779084,77.1500,77.1500,77.1100,77.1100,1200
1475779141,77.1700,77.1700,77.1690,77.1690,400
1475779317,77.1700,77.1900,77.1700,77.1900,1200
1475779367,77.1800,77.1800,77.1800,77.1800,1400
1475779382,77.2000,77.2000,77.1700,77.1700,2500
1475779470,77.1750,77.2000,77.1750,77.2000,1500
1475779514,77.1500,77.1700,77.1500,77.1700,400
1475779570,77.1400,77.1400,77.1400,77.1400,100
1475779667,77.1000,77.1200,77.1000,77.1200,800
1475779697,77.1400,77.1400,77.1000,77.1000,1700
1475779773,77.1500,77.1500,77.1500,77.1500,100
1475779809,77.1400,77.1400,77.1300,77.1300,1200
1475779869,77.1300,77.1421,77.1300,77.1300,1700
1475779973,77.1250,77.1250,77.1200,77.1200,200
1475779989,77.1500,77.1500,77.1250,77.1300,1600
1475780098,77.1500,77.1600,77.1500,77.1600,300
1475780101,77.1700,77.1700,77.1400,77.1500,2600
1475780196,77.1750,77.1800,77.1701,77.1701,700
1475780231,77.1800,77.1900,77.1800,77.1900,2200
1475780336,77.1600,77.1800,77.1600,77.1800,1000
1475780349,77.1500,77.1600,77.1400,77.1600,600
1475780415,77.1600,77.1600,77.1500,77.1500,1100
1475780513,77.1700,77.1700,77.1700,77.1700,100
1475780579,77.1950,77.1950,77.1800,77.1800,900
1475780580,77.1750,77.2100,77.1700,77.1950,2200
1475780669,77.1990,77.1990,77.1800,77.1800,400
1475780709,77.2500,77.2500,77.2000,77.2000,1600
1475780768,77.2500,77.2500,77.2450,77.2500,1500
1475780842,77.2200,77.2400,77.2200,77.2400,700
1475780884,77.3000,77.3090,77.2300,77.2300,2700
1475780972,77.3200,77.3200,77.2900,77.2900,3800
1475781059,77.2800,77.3150,77.2500,77.3100,8900
1475781119,77.2600,77.3100,77.2500,77.2800,8200
1475781121,77.3100,77.3100,77.2600,77.2700,5200
1475781190,77.3400,77.3400,77.3200,77.3200,4100
1475781298,77.3400,77.3600,77.3300,77.3300,9800
1475781300,77.3300,77.3500,77.3000,77.3500,15000
1475781362,77.3000,77.3600,77.3000,77.3200,11100
1475781479,77.1910,77.3000,77.1910,77.3000,3900
1475781509,77.2200,77.2200,77.2200,77.2200,300
1475781566,77.1700,77.2150,77.1700,77.2100,2000
1475781664,77.1900,77.1900,77.1800,77.1800,400
1475781721,77.1600,77.1900,77.1600,77.1900,3300
1475781784,77.1600,77.1600,77.1600,77.1600,200
1475781842,77.1700,77.1700,77.1600,77.1600,1000
1475781934,77.2000,77.2000,77.1950,77.1994,300
1475781960,77.2200,77.2200,77.2100,77.2100,1800
1475782063,77.1900,77.2100,77.1900,77.2100,1600
1475782150,77.2000,77.2150,77.1970,77.2000,3900
1475782206,77.2000,77.2100,77.1900,77.1900,10800
1475782268,77.2400,77.2400,77.2300,77.2300,800
1475782360,77.2400,77.2400,77.2400,77.2400,300
1475782436,77.2800,77.2800,77.2400,77.2400,1300
1475782440,77.2700,77.2800,77.2700,77.2800,2800
1475782534,77.2600,77.2690,77.2500,77.2690,2900
1475782562,77.2650,77.2650,77.2500,77.2600,1800
1475782625,77.3000,77.3000,77.2500,77.2500,2600
1475782726,77.3000,77.3000,77.2900,77.3000,6400
1475782744,77.3200,77.3200,77.3000,77.3000,2000
1475782827,77.3100,77.3200,77.3100,77.3200,1700
1475782895,77.3150,77.3150,77.3000,77.3100,1200
1475782934,77.3400,77.3400,77.3100,77.3100,2400
1475783015,77.3300,77.3450,77.3300,77.3400,2700
1475783057,77.3200,77.3500,77.3200,77.3300,4300
1475783104,77.2800,77.3000,77.2700,77.2900,3900
1475783213,77.2800,77.2800,77.2600,77.2600,1600
1475783220,77.2800,77.2800,77.2600,77.2800,2400
1475783280,77.2600,77.2800,77.2450,77.2800,1900
1475783368,77.2600,77.2800,77.2600,77.2700,3100
1475783412,77.2500,77.2600,77.2400,77.2500,2000
1475783518,77.2500,77.2600,77.2300,77.2600,2700
1475783520,77.2500,77.2600,77.2500,77.2500,2000
1475783629,77.2600,77.2600,77.2550,77.2575,2700
1475783640,77.2300,77.2600,77.2300,77.2550,4700
1475783700,77.2400,77.2500,77.2400,77.2400,3700
1475783762,77.2200,77.2400,77.2100,77.2400,5900
1475783820,77.2000,77.2300,77.1800,77.2200,8200
1475783884,77.2300,77.2300,77.1900,77.1900,7000
1475783998,77.2100,77.2200,77.1800,77.2200,10600
1475784000,77.2100,77.2100,77.2100,77.2100,100
