uri:/instrument/1.0/NDAQ/chartdata;type=quote;range=1d/csv
ticker:ndaq
Company-Name:Nasdaq, Inc.
Exchange-Name:NMS
unit:MIN
timezone:EDT
currency:USD
gmtoffset:-14400
previous_close:67.4800
Timestamp:1475242200,1475265600
labels:1475244000,1475247600,1475251200,1475254800,1475258400,1475262000,1475265600
values:Timestamp,close,high,low,open,volume
close:67.3700,67.9900
high:67.3850,68.0800
low:67.3600,67.9300
open:67.3650,67.9850
volume:100,148100
1475242336,67.9900,67.9900,67.8500,67.8500,7300
1475242389,67.9100,68.0800,67.9100,67.9850,6200
1475242451,67.6900,67.9900,67.6650,67.8200,1900
1475242525,67.8200,67.8300,67.7700,67.8000,3300
1475242608,67.9300,67.9700,67.8800,67.8800,2100
1475242623,67.7900,67.9300,67.7900,67.9300,4000
1475242681,67.7700,67.7776,67.7500,67.7700,1200
1475242741,67.8100,67.8500,67.7700,67.7900,3400
1475242816,67.7400,67.8350,67.7400,67.8100,1600
1475242917,67.7500,67.7500,67.7200,67.7300,2000
1475242925,67.7500,67.7500,67.7500,67.7500,500
1475243037,67.9000,67.9300,67.8600,67.8800,2300
1475243041,67.8700,67.8900,67.8600,67.8800,2200
1475243102,67.9400,67.9400,67.8700,67.8700,1700
1475243161,67.8500,67.9100,67.8300,67.9100,1300
1475243279,67.8500,67.8600,67.8300,67.8400,1300
1475243281,67.8400,67.8400,67.8400,67.8400,300
1475243386,67.9400,67.9400,67.9100,67.9100,400
1475243404,67.9300,67.9400,67.9300,67.9400,600
1475243464,67.9300,68.0000,67.9300,67.9500,1800
1475243521,67.9200,67.9500,67.9200,67.9400,1400
1475243619,67.9200,67.9500,67.9200,67.9500,700
1475243696,67.7800,67.9299,67.7700,67.8800,2900
1475243700,67.8300,67.8300,67.7500,67.7700,2000
1475243777,67.8900,67.8900,67.8130,67.8130,500
1475243828,67.9000,67.9100,67.8700,67.8800,4600
1475243881,67.9050,67.9050,67.8501,67.9000,2600
1475243940,67.9100,67.9600,67.8950,67.8950,4200
1475244009,67.9100,67.9100,67.8700,67.8900,1200
1475244066,67.9150,67.9400,67.9100,67.9132,3000
1475244124,67.9200,67.9600,67.9000,67.9400,3600
1475244186,67.8500,67.9399,67.8400,67.8800,3400
1475244323,67.9200,67.9200,67.9200,67.9200,400
1475244380,67.9000,67.9200,67.9000,67.9200,300
1475244424,67.9000,67.9000,67.8900,67.9000,700
1475244497,67.8700,67.9299,67.8600,67.9299,2200
1475244560,67.9000,67.9000,67.8500,67.8600,2200
1475244600,67.8500,67.9100,67.8400,67.9100,2200
1475244716,67.8400,67.8700,67.8400,67.8600,900
1475244720,67.8500,67.8500,67.7700,67.8400,2000
1475244781,67.8250,67.8400,67.8250,67.8400,1000
1475244867,67.8500,67.8500,67.8000,67.8494,3400
1475244909,67.8075,67.8700,67.8075,67.8700,1400
1475245014,67.7725,67.7725,67.7600,67.7700,700
1475245046,67.6300,67.7604,67.6300,67.7500,3700
1475245134,67.6300,67.6300,67.6300,67.6300,100
1475245140,67.6400,67.6400,67.6200,67.6200,800
1475245249,67.6500,67.6600,67.6500,67.6500,700
1475245272,67.6200,67.6425,67.6200,67.6400,600
1475245341,67.5900,67.6225,67.5900,67.6200,800
1475245385,67.5700,67.5700,67.5700,67.5700,500
1475245472,67.5500,67.6000,67.5400,67.6000,1700
1475245542,67.5400,67.5700,67.5400,67.5400,1100
1475245610,67.5500,67.5800,67.5500,67.5800,3800
1475245675,67.5200,67.5300,67.4900,67.5300,2200
1475245681,67.5200,67.5250,67.5000,67.5000,900
1475245797,67.5100,67.5300,67.5100,67.5300,500
1475245801,67.5300,67.5500,67.5100,67.5200,2600
1475245879,67.5200,67.5600,67.5200,67.5500,1100
1475245935,67.5500,67.5600,67.5100,67.5100,1000
1475245997,67.5500,67.5700,67.5400,67.5460,1400
1475246053,67.5200,67.5500,67.5100,67.5500,1300
1475246114,67.5200,67.5200,67.5000,67.5125,1700
1475246218,67.4800,67.5100,67.4800,67.5100,1000
1475246221,67.4700,67.4900,67.4600,67.4900,2000
1475246337,67.4800,67.4800,67.4750,67.4750,600
1475246397,67.4900,67.4900,67.4400,67.4700,1900
1475246401,67.5000,67.5000,67.4928,67.5000,300
1475246481,67.5000,67.5000,67.5000,67.5000,700
1475246560,67.5150,67.5150,67.4900,67.5000,1300
1475246607,67.4600,67.5100,67.4600,67.5100,2700
1475246668,67.4400,67.4500,67.4400,67.4500,500
1475246705,67.4800,67.4800,67.4500,67.4500,1300
1475246763,67.4600,67.4800,67.4600,67.4700,1100
1475246825,67.4300,67.4700,67.4250,67.4700,2000
1475246893,67.4500,67.4600,67.4300,67.4300,2700
1475246950,67.4400,67.4400,67.4200,67.4300,1200
1475247116,67.4200,67.4600,67.4200,67.4600,2200
1475247120,67.4200,67.4300,67.4100,67.4100,900
1475247188,67.4100,67.4200,67.3900,67.4100,2800
1475247248,67.3700,67.4000,67.3700,67.3800,1300
1475247344,67.3800,67.3900,67.3600,67.3650,1100
1475247365,67.4500,67.4500,67.3900,67.3900,1400
1475247445,67.4650,67.4650,67.4500,67.4500,700
1475247484,67.4700,67.4700,67.4700,67.4700,400
1475247550,67.5300,67.5500,67.4700,67.4700,3200
1475247601,67.5400,67.5400,67.5300,67.5300,600
1475247719,67.5400,67.5650,67.5400,67.5650,1000
1475247776,67.5400,67.5400,67.5300,67.5400,1100
1475247784,67.6000,67.6000,67.5300,67.5450,1500
1475247844,67.6400,67.6400,67.6123,67.6123,600
1475247945,67.6500,67.6600,67.6500,67.6500,600
1475247969,67.5901,67.6600,67.5901,67.6600,1900
1475248058,67.6250,67.6250,67.6250,67.6250,200
1475248103,67.5800,67.6100,67.5800,67.6100,700
1475248157,67.5950,67.5950,67.5750,67.5800,1100
1475248201,67.6600,67.6700,67.6200,67.6200,1800
1475248328,67.7000,67.7200,67.7000,67.7000,1000
1475248412,67.6800,67.6800,67.6800,67.6800,800
1475248440,67.7400,67.7400,67.6700,67.6900,900
1475248504,67.7350,67.7800,67.7200,67.7500,2200
1475248578,67.7400,67.7500,67.7400,67.7400,600
1475248625,67.7300,67.7570,67.7300,67.7500,1900
1475248738,67.6700,67.7100,67.6700,67.7100,500
1475248751,67.6800,67.7000,67.6800,67.6900,600
1475248858,67.7000,67.7200,67.6800,67.6800,3600
1475248860,67.6900,67.7000,67.6900,67.7000,400
1475248935,67.6500,67.6900,67.6400,67.6900,2900
1475248991,67.6200,67.6400,67.5900,67.6400,2400
1475249092,67.5950,67.6100,67.5801,67.6100,1100
1475249153,67.5300,67.5800,67.5300,67.5800,1400
1475249213,67.5200,67.5400,67.5000,67.5000,1400
1475249235,67.5200,67.5200,67.5200,67.5200,100
1475249297,67.4900,67.5075,67.4900,67.5075,400
1475249342,67.5100,67.5200,67.5000,67.5025,1500
1475249404,67.5775,67.5800,67.5100,67.5100,2200
1475249468,67.5800,67.5900,67.5600,67.5900,2900
1475249527,67.5650,67.5650,67.5500,67.5600,500
1475249647,67.5650,67.5700,67.5500,67.5500,800
1475249759,67.5500,67.5700,67.5500,67.5650,3000
1475249761,67.4900,67.5500,67.4900,67.5400,1400
1475249829,67.5000,67.5000,67.5000,67.5000,200
1475249937,67.4750,67.5000,67.4700,67.4900,1800
1475249965,67.4100,67.4800,67.4100,67.4600,1900
1475250023,67.4150,67.4200,67.4150,67.4200,500
1475250085,67.4000,67.4100,67.3900,67.4100,1000
1475250128,67.3900,67.4000,67.3800,67.3800,1600
1475250239,67.3850,67.3850,67.3850,67.3850,100
1475250241,67.3800,67.3900,67.3800,67.3900,1000
1475250356,67.4100,67.4100,67.3900,67.3900,1300
1475250368,67.4050,67.4100,67.4050,67.4100,500
1475250430,67.3950,67.4100,67.3950,67.4100,900
1475250523,67.3950,67.3950,67.3950,67.3950,700
1475250594,67.4200,67.4200,67.3950,67.4000,2700
1475250659,67.4500,67.4500,67.4200,67.4200,1600
1475250667,67.4600,67.4600,67.4500,67.4500,1000
1475250725,67.5162,67.5200,67.4800,67.4800,1100
1475250814,67.5250,67.5300,67.5200,67.5200,600
1475250842,67.5700,67.5700,67.5400,67.5400,400
1475250908,67.5900,67.5950,67.5800,67.5800,1400
1475251013,67.5950,67.6100,67.5900,67.6000,1900
1475251021,67.5300,67.5900,67.5300,67.5900,3500
1475251110,67.4925,67.5200,67.4900,67.5200,700
1475251172,67.5100,67.5100,67.5100,67.5100,100
1475251247,67.5100,67.5200,67.5100,67.5200,500
1475251315,67.5300,67.5450,67.5050,67.5050,2900
1475251322,67.5300,67.5350,67.5300,67.5350,800
1475251403,67.5200,67.5200,67.5200,67.5200,100
1475251467,67.5200,67.5200,67.5200,67.5200,200
1475251553,67.5400,67.5500,67.5300,67.5350,900
1475251618,67.6000,67.6000,67.5600,67.5600,1000
1475251621,67.6200,67.6200,67.6000,67.6000,700
1475251712,67.6550,67.6550,67.6400,67.6400,400
1475251771,67.7100,67.7100,67.6800,67.6800,600
1475251806,67.7200,67.7200,67.7000,67.7000,1000
1475251861,67.7225,67.7225,67.7200,67.7200,200
1475251964,67.6600,67.7300,67.6600,67.7275,3400
1475252003,67.6900,67.6900,67.6750,67.6750,400
1475252107,67.7300,67.7300,67.6900,67.6900,1500
1475252196,67.6900,67.7200,67.6900,67.7200,1400
1475252222,67.6700,67.6900,67.6700,67.6700,1900
1475252280,67.6200,67.6600,67.6200,67.6600,1900
1475252396,67.6000,67.6200,67.5800,67.6200,2500
1475252454,67.5800,67.5950,67.5800,67.5950,1500
1475252483,67.5900,67.5900,67.5700,67.5800,1500
1475252567,67.5800,67.6050,67.5800,67.6000,2400
1475252587,67.5100,67.5800,67.5100,67.5700,1400
1475252696,67.5050,67.5050,67.4800,67.5000,1500
1475252700,67.5400,67.5400,67.5075,67.5100,1600
1475252814,67.5050,67.5500,67.5050,67.5500,2000
1475252831,67.4900,67.4900,67.4900,67.4900,800
1475252888,67.4900,67.5025,67.4900,67.5025,1200
1475252998,67.4850,67.4900,67.4700,67.4900,2000
1475253000,67.5500,67.5500,67.4750,67.4750,2100
1475253083,67.5600,67.5650,67.5600,67.5650,300
1475253170,67.5999,67.6000,67.5800,67.5900,2400
1475253180,67.5800,67.6100,67.5800,67.6000,300
1475253279,67.5850,67.5850,67.5850,67.5850,100
1475253344,67.5500,67.5970,67.5400,67.5900,2700
1475253403,67.5400,67.5500,67.5400,67.5500,400
1475253445,67.5900,67.5900,67.5600,67.5700,1900
1475253534,67.5700,67.6150,67.5700,67.6150,2200
1475253544,67.5925,67.5925,67.5800,67.5900,1100
1475253605,67.5900,67.5950,67.5900,67.5950,800
1475253702,67.5300,67.5800,67.5300,67.5800,1400
1475253721,67.5400,67.5400,67.5200,67.5200,400
1475253806,67.5400,67.5600,67.5400,67.5600,700
1475253891,67.5500,67.5600,67.5400,67.5400,400
1475253904,67.5600,67.5600,67.5500,67.5600,800
1475253979,67.5575,67.5575,67.5575,67.5575,200
1475254058,67.5600,67.5650,67.5600,67.5650,200
1475254113,67.5050,67.5600,67.5050,67.5600,2500
1475254196,67.5100,67.5200,67.5000,67.5000,1100
1475254223,67.5100,67.5400,67.5100,67.5400,1300
1475254335,67.5050,67.5050,67.5050,67.5050,100
1475254384,67.5200,67.5336,67.5200,67.5250,1500
1475254493,67.5200,67.5225,67.5100,67.5225,600
1475254502,67.5600,67.5600,67.5300,67.5300,1400
1475254577,67.5300,67.5700,67.5300,67.5700,1600
1475254638,67.5425,67.5425,67.5300,67.5300,500
1475254687,67.5400,67.5450,67.5400,67.5450,1100
1475254757,67.5100,67.5525,67.5100,67.5500,1800
1475254855,67.5300,67.5300,67.5100,67.5150,1500
1475254861,67.5400,67.5400,67.5300,67.5400,900
1475254924,67.5400,67.5400,67.5300,67.5400,1300
1475254985,67.5500,67.5600,67.5500,67.5500,700
1475255048,67.5200,67.5500,67.5150,67.5450,2200
1475255100,67.5100,67.5250,67.5020,67.5200,1000
1475255180,67.5020,67.5020,67.5020,67.5020,300
1475255240,67.5000,67.5125,67.5000,67.5110,500
1475255290,67.4900,67.5000,67.4800,67.5000,1100
1475255363,67.4800,67.4900,67.4800,67.4800,700
1475255403,67.5075,67.5100,67.4900,67.4900,2800
1475255498,67.5200,67.5200,67.5200,67.5200,400
1475255573,67.5200,67.5700,67.5200,67.5300,2600
1475255638,67.5100,67.5200,67.5000,67.5200,2000
1475255693,67.5200,67.5300,67.5000,67.5000,1300
1475255724,67.5125,67.5200,67.5100,67.5200,500
1475255770,67.5000,67.5000,67.5000,67.5000,900
1475255825,67.4709,67.4900,67.4600,67.4800,1000
1475255885,67.5000,67.5000,67.4900,67.4900,600
1475255996,67.5100,67.5200,67.5000,67.5100,800
1475256006,67.5200,67.5400,67.5050,67.5050,1500
1475256076,67.5300,67.5300,67.5300,67.5300,200
1475256128,67.5350,67.5350,67.5300,67.5300,400
1475256193,67.5300,67.5300,67.5300,67.5300,500
1475256254,67.5000,67.5225,67.5000,67.5200,1000
1475256329,67.5000,67.5000,67.5000,67.5000,500
1475256414,67.5000,67.5000,67.5000,67.5000,200
1475256426,67.5100,67.5100,67.5000,67.5050,1300
1475256509,67.4700,67.4800,67.4600,67.4800,900
1475256561,67.4700,67.4700,67.4700,67.4700,200
1475256664,67.4650,67.4700,67.4600,67.4700,300
1475256728,67.4600,67.4600,67.4600,67.4600,300
1475256885,67.4700,67.4700,67.4700,67.4700,100
1475256904,67.4763,67.4800,67.4700,67.4800,1800
1475256965,67.4700,67.4700,67.4700,67.4700,600
1475257075,67.4600,67.4700,67.4600,67.4600,3100
1475257133,67.4900,67.4900,67.4650,67.4700,1400
1475257140,67.4850,67.4900,67.4800,67.4900,1200
1475257249,67.4720,67.4900,67.4700,67.4700,800
1475257271,67.4700,67.4800,67.4600,67.4700,1700
1475257332,67.4525,67.4550,67.4500,67.4550,500
1475257399,67.4650,67.4800,67.4500,67.4500,2100
1475257447,67.5000,67.5000,67.4900,67.4900,800
1475257556,67.5500,67.5500,67.4900,67.5000,2700
1475257560,67.4901,67.5400,67.4900,67.5400,1900
1475257620,67.5200,67.5200,67.5050,67.5050,700
1475257700,67.5100,67.5100,67.5100,67.5100,500
1475257760,67.5100,67.5100,67.5100,67.5100,200
1475257818,67.5200,67.5400,67.5200,67.5200,2100
1475257879,67.5350,67.5350,67.5200,67.5200,400
1475257979,67.5300,67.5300,67.5300,67.5300,200
1475257981,67.5400,67.5400,67.5350,67.5400,700
1475258080,67.5300,67.5400,67.5300,67.5300,3100
1475258106,67.5200,67.5400,67.5200,67.5300,1000
1475258171,67.5300,67.5300,67.5200,67.5300,800
1475258275,67.5300,67.5300,67.5300,67.5300,1000
1475258324,67.5400,67.5400,67.5300,67.5300,400
1475258344,67.5300,67.5400,67.5200,67.5300,900
1475258402,67.5400,67.5400,67.5202,67.5400,4500
1475258473,67.5500,67.5500,67.5400,67.5500,600
1475258526,67.5400,67.5400,67.5400,67.5400,600
1475258636,67.5500,67.5500,67.5400,67.5450,1200
1475258667,67.5550,67.5550,67.5400,67.5400,1000
1475258707,67.5500,67.5550,67.5350,67.5500,3800
1475258774,67.5600,67.5650,67.5500,67.5600,3100
1475258844,67.5700,67.5700,67.5700,67.5700,700
1475258896,67.5700,67.5750,67.5700,67.5750,900
1475258973,67.5700,67.5700,67.5700,67.5700,700
1475259058,67.5900,67.6100,67.5650,67.5650,9300
1475259069,67.6100,67.6200,67.6050,67.6050,3300
1475259126,67.6400,67.6400,67.6100,67.6100,1500
1475259191,67.6950,67.6950,67.6500,67.6500,1700
1475259250,67.7000,67.7000,67.6900,67.7000,1800
1475259302,67.7300,67.7300,67.7099,67.7099,1100
1475259360,67.7300,67.7432,67.7299,67.7299,2100
1475259430,67.7000,67.7200,67.7000,67.7200,1400
1475259491,67.6800,67.7000,67.6800,67.7000,900
1475259582,67.6800,67.6850,67.6800,67.6850,400
1475259600,67.6850,67.6900,67.6800,67.6850,3700
1475259670,67.6800,67.6850,67.6800,67.6850,400
1475259734,67.6800,67.6800,67.6800,67.6800,1400
1475259781,67.6600,67.6850,67.6600,67.6850,2600
1475259846,67.6600,67.6600,67.6500,67.6600,1300
1475259911,67.6600,67.6700,67.6600,67.6650,1000
1475260005,67.6750,67.6750,67.6650,67.6700,1300
1475260076,67.6850,67.6850,67.6750,67.6750,1300
1475260081,67.6910,67.7000,67.6850,67.6850,1000
1475260179,67.6750,67.7050,67.6600,67.7000,8700
1475260253,67.6850,67.6900,67.6750,67.6750,1500
1475260302,67.7100,67.7100,67.7000,67.7000,1100
1475260375,67.7200,67.7200,67.7150,67.7150,900
1475260436,67.7200,67.7200,67.7000,67.7100,2300
1475260441,67.7250,67.7400,67.7200,67.7300,2600
1475260505,67.6750,67.7400,67.6500,67.7400,14400
1475260584,67.6750,67.6750,67.6750,67.6750,200
1475260649,67.6700,67.6800,67.6700,67.6700,1200
1475260724,67.6600,67.6700,67.6600,67.6600,800
1475260760,67.6550,67.6650,67.6545,67.6600,1400
1475260854,67.6150,67.6500,67.6100,67.6500,2000
1475260860,67.6250,67.6250,67.6150,67.6150,1800
1475260974,67.6400,67.6400,67.6250,67.6300,1100
1475261034,67.6300,67.6400,67.6200,67.6400,4200
1475261048,67.6350,67.6500,67.6250,67.6250,4000
1475261153,67.6100,67.6400,67.5950,67.6350,3100
1475261161,67.5900,67.6100,67.5900,67.6100,700
1475261254,67.6050,67.6050,67.6050,67.6050,100
1475261288,67.6100,67.6100,67.6050,67.6050,400
1475261348,67.6300,67.6300,67.6150,67.6150,1100
1475261405,67.6200,67.6400,67.6200,67.6350,2900
1475261505,67.6100,67.6150,67.6100,67.6100,900
1475261521,67.5800,67.6100,67.5800,67.6100,1800
1475261637,67.5800,67.5801,67.5700,67.5800,3100
1475261642,67.6003,67.6050,67.5800,67.5800,1500
1475261711,67.5900,67.6000,67.5900,67.5900,1900
1475261797,67.5901,67.5901,67.5800,67.5900,2700
1475261843,67.5950,67.5950,67.5900,67.5900,300
1475261883,67.6000,67.6000,67.5800,67.5900,2100
1475261964,67.6000,67.6050,67.5800,67.6000,1200
1475262035,67.6100,67.6100,67.6100,67.6100,400
1475262068,67.6500,67.6500,67.6300,67.6300,1200
1475262126,67.6600,67.6600,67.6500,67.6500,2300
1475262190,67.6750,67.6750,67.6600,67.6600,3500
1475262296,67.6800,67.6800,67.6700,67.6700,200
1475262303,67.6700,67.6779,67.6550,67.6700,5900
1475262394,67.6600,67.6700,67.6600,67.6700,5400
1475262428,67.6500,67.6650,67.6500,67.6650,1000
1475262536,67.6500,67.6500,67.6450,67.6450,800
1475262545,67.6400,67.6600,67.6350,67.6550,2900
1475262657,67.6450,67.6600,67.6400,67.6400,3300
1475262660,67.6500,67.6500,67.6350,67.6400,3500
1475262778,67.6600,67.6700,67.6600,67.6700,1400
1475262780,67.6600,67.6650,67.6600,67.6650,500
1475262844,67.6900,67.6900,67.6650,67.6650,4000
1475262922,67.6900,67.6950,67.6900,67.6900,600
1475262971,67.7200,67.7300,67.6950,67.6950,2400
1475263041,67.7100,67.7100,67.6975,67.7100,2200
1475263080,67.7100,67.7238,67.7050,67.7150,2500
1475263193,67.7100,67.7100,67.7100,67.7100,400
1475263202,67.7010,67.7200,67.6950,67.7100,2500
1475263313,67.7150,67.7150,67.7150,67.7150,600
1475263332,67.7000,67.7000,67.7000,67.7000,200
1475263437,67.6810,67.7000,67.6800,67.6900,5900
1475263444,67.7000,67.7100,67.6850,67.6850,2500
1475263538,67.6900,67.6900,67.6900,67.6900,300
1475263606,67.7050,67.7100,67.6950,67.7000,1600
1475263623,67.6864,67.7050,67.6810,67.7050,3300
1475263722,67.6900,67.7000,67.6810,67.6900,1500
1475263793,67.6900,67.6900,67.6900,67.6900,400
1475263803,67.6800,67.6800,67.6700,67.6800,2500
1475263905,67.6850,67.6900,67.6800,67.6900,600
1475263942,67.6850,67.6850,67.6800,67.6800,1000
1475264029,67.6750,67.6850,67.6750,67.6850,2000
1475264099,67.6300,67.6700,67.6300,67.6700,2100
1475264140,67.6200,67.6400,67.6200,67.6400,4200
1475264174,67.6300,67.6300,67.6200,67.6200,300
1475264221,67.6500,67.6500,67.6250,67.6250,2500
1475264329,67.6550,67.6550,67.6500,67.6500,500
1475264397,67.6400,67.6500,67.6300,67.6500,3800
1475264444,67.6300,67.6400,67.6200,67.6400,3500
1475264465,67.7100,67.7100,67.6400,67.6400,6200
1475264573,67.7300,67.7300,67.7100,67.7100,1200
1475264581,67.7100,67.7300,67.7100,67.7300,1500
1475264650,67.7050,67.7200,67.7000,67.7100,2500
1475264757,67.7050,67.7100,67.7000,67.7100,4900
1475264760,67.6800,67.7100,67.6800,67.7100,2400
1475264879,67.6600,67.6900,67.6600,67.6800,3100
1475264880,67.6400,67.6700,67.6300,67.6700,4500
1475264957,67.6550,67.6550,67.6400,67.6500,1800
1475265000,67.6850,67.6900,67.6600,67.6600,6500
1475265061,67.7100,67.7100,67.6850,67.6900,3500
1475265120,67.7100,67.7100,67.7050,67.7100,1700
1475265180,67.7000,67.7400,67.7000,67.7100,15200
1475265246,67.6900,67.7000,67.6800,67.6900,4400
1475265359,67.6250,67.6800,67.6200,67.6800,8700
1475265361,67.5900,67.6300,67.5900,67.6300,9400
1475265478,67.5600,67.5993,67.5500,67.5993,6200
1475265488,67.5700,67.5800,67.5600,67.5700,13500
1475265540,67.5300,67.6000,67.5000,67.5710,31900
1475265600,67.5400,67.5400,67.5400,67.5400,148100
