uri:/instrument/1.0/VEA/chartdata;type=quote;range=1d/csv
ticker:vea
Company-Name:Vanguard FTSE Developed Markets
Exchange-Name:PCX
unit:MIN
timezone:EDT
currency:USD
gmtoffset:-14400
previous_close:37.4300
Timestamp:1475760600,1475784000
labels:1475762400,1475766000,1475769600,1475773200,1475776800,1475780400,1475784000
values:Timestamp,close,high,low,open,volume
close:37.1250,37.2700
high:37.1300,37.2800
low:37.1249,37.2600
open:37.1250,37.2650
volume:100,197400
1475760606,37.2400,37.2500,37.2300,37.2300,93700
1475760712,37.2300,37.2550,37.2300,37.2500,28200
1475760772,37.2162,37.2262,37.2100,37.2110,9800
1475760781,37.2134,37.2200,37.2000,37.2110,8000
1475760850,37.1900,37.2200,37.1900,37.2200,25700
1475760926,37.1900,37.1900,37.1900,37.1900,11400
1475760961,37.1900,37.2000,37.1741,37.2000,8900
1475761068,37.2100,37.2100,37.1900,37.1900,7200
1475761138,37.2100,37.2150,37.2000,37.2150,1900
1475761190,37.2000,37.2100,37.2000,37.2100,5400
1475761259,37.2000,37.2000,37.1801,37.2000,10800
1475761269,37.2000,37.2100,37.2000,37.2100,5900
1475761334,37.2100,37.2150,37.2010,37.2050,3600
1475761439,37.2200,37.2295,37.2127,37.2200,14100
1475761451,37.2200,37.2200,37.2200,37.2200,4200
1475761545,37.2267,37.2300,37.2200,37.2300,3400
1475761618,37.2200,37.2200,37.2100,37.2200,3100
1475761627,37.2147,37.2200,37.2147,37.2200,2300
1475761700,37.2200,37.2200,37.2099,37.2100,3900
1475761792,37.2200,37.2264,37.2200,37.2200,5500
1475761807,37.2000,37.2150,37.2000,37.2150,3200
1475761870,37.2057,37.2057,37.1900,37.1900,1200
1475761927,37.2150,37.2199,37.2100,37.2100,3500
1475762038,37.2100,37.2190,37.2100,37.2100,4200
1475762040,37.2008,37.2185,37.2000,37.2100,3600
1475762106,37.1999,37.2000,37.1900,37.2000,3900
1475762218,37.2000,37.2000,37.2000,37.2000,100
1475762279,37.2080,37.2100,37.1941,37.1941,2900
1475762335,37.2100,37.2100,37.2025,37.2100,7000
1475762342,37.2166,37.2200,37.2150,37.2200,3000
1475762459,37.2200,37.2200,37.2100,37.2100,1800
1475762471,37.2164,37.2200,37.2093,37.2100,78100
1475762566,37.2200,37.2200,37.2200,37.2200,1400
1475762629,37.2350,37.2365,37.2300,37.2300,9400
1475762645,37.2400,37.2400,37.2390,37.2400,8200
1475762755,37.2300,37.2400,37.2200,37.2400,4600
1475762795,37.2200,37.2200,37.2134,37.2200,1100
1475762829,37.2169,37.2250,37.2169,37.2200,2600
1475762889,37.2200,37.2200,37.2200,37.2200,2600
1475762955,37.2293,37.2375,37.2293,37.2300,9600
1475763041,37.2265,37.2300,37.2265,37.2300,1600
1475763113,37.2200,37.2250,37.2200,37.2250,300
1475763127,37.2050,37.2300,37.2050,37.2259,17100
1475763232,37.2000,37.2100,37.2000,37.2100,11800
1475763298,37.2150,37.2150,37.2000,37.2030,6900
1475763325,37.2100,37.2150,37.2100,37.2110,9400
1475763371,37.2099,37.2099,37.2000,37.2000,1300
1475763420,37.2050,37.2138,37.2020,37.2100,4500
1475763504,37.2100,37.2200,37.2100,37.2100,5200
1475763555,37.2200,37.2200,37.2162,37.2200,13700
1475763614,37.2101,37.2270,37.2100,37.2270,3500
1475763673,37.2100,37.2199,37.2100,37.2156,2500
1475763737,37.2050,37.2050,37.2050,37.2050,600
1475763782,37.2150,37.2200,37.2100,37.2100,9600
1475763851,37.2200,37.2300,37.2100,37.2200,21200
1475763904,37.2100,37.2299,37.2100,37.2270,12400
1475763962,37.2050,37.2090,37.2000,37.2090,3700
1475764021,37.2100,37.2200,37.2000,37.2000,8100
1475764086,37.2199,37.2199,37.2100,37.2100,1100
1475764144,37.2153,37.2200,37.2110,37.2147,1500
1475764214,37.2030,37.2100,37.2020,37.2100,3100
1475764271,37.2100,37.2160,37.2100,37.2100,15800
1475764321,37.1900,37.2199,37.1900,37.2199,5800
1475764384,37.1900,37.1900,37.1800,37.1900,7300
1475764475,37.1847,37.1900,37.1847,37.1850,1800
1475764519,37.1838,37.1868,37.1800,37.1868,2900
1475764573,37.1900,37.1950,37.1801,37.1850,17400
1475764645,37.2059,37.2059,37.2000,37.2000,7400
1475764737,37.2000,37.2000,37.2000,37.2000,1500
1475764762,37.1900,37.2000,37.1900,37.1950,5100
1475764801,37.2000,37.2000,37.1900,37.1989,6500
1475764868,37.2090,37.2090,37.2000,37.2000,2700
1475764923,37.1901,37.2050,37.1901,37.2000,10800
1475764995,37.2050,37.2050,37.2000,37.2000,3900
1475765051,37.2053,37.2100,37.2050,37.2100,1800
1475765119,37.2100,37.2150,37.2100,37.2150,1200
1475765195,37.2100,37.2100,37.2066,37.2100,2400
1475765238,37.2100,37.2100,37.2100,37.2100,500
1475765290,37.2065,37.2100,37.2000,37.2098,7800
1475765356,37.2090,37.2160,37.2050,37.2100,4300
1475765408,37.2050,37.2099,37.2044,37.2099,1200
1475765470,37.2199,37.2199,37.2100,37.2100,11700
1475765530,37.2100,37.2200,37.2100,37.2200,6600
1475765581,37.2094,37.2200,37.2094,37.2100,20800
1475765642,37.1950,37.2099,37.1900,37.2000,15700
1475765700,37.1900,37.2000,37.1900,37.2000,3400
1475765763,37.1866,37.1989,37.1866,37.1900,2300
1475765826,37.2050,37.2050,37.1900,37.1900,9400
1475765881,37.2000,37.2050,37.1948,37.2000,6500
1475765944,37.2099,37.2099,37.1901,37.2060,6800
1475766059,37.2050,37.2100,37.1900,37.1966,8800
1475766060,37.2000,37.2098,37.1900,37.2050,14200
1475766133,37.2000,37.2050,37.1935,37.2000,5800
1475766181,37.1900,37.2090,37.1900,37.2090,5300
1475766256,37.1900,37.1950,37.1841,37.1859,11800
1475766322,37.1900,37.1900,37.1850,37.1900,3200
1475766364,37.1850,37.1900,37.1800,37.1801,6700
1475766420,37.1700,37.1880,37.1700,37.1800,6700
1475766495,37.1500,37.1600,37.1500,37.1600,7800
1475766546,37.1400,37.1500,37.1400,37.1500,3900
1475766603,37.1458,37.1500,37.1400,37.1400,1600
1475766668,37.1400,37.1459,37.1338,37.1459,7800
1475766737,37.1500,37.1599,37.1400,37.1499,16100
1475766783,37.1300,37.1400,37.1300,37.1400,2800
1475766849,37.1250,37.1300,37.1249,37.1300,1600
1475766900,37.1301,37.1400,37.1250,37.1250,8200
1475766989,37.1500,37.1500,37.1306,37.1400,105600
1475767030,37.1562,37.1599,37.1500,37.1500,3100
1475767093,37.1600,37.1600,37.1501,37.1550,5500
1475767143,37.1500,37.1600,37.1500,37.1600,2400
1475767238,37.1600,37.1699,37.1600,37.1600,2200
1475767260,37.1650,37.1700,37.1600,37.1600,19300
1475767320,37.1790,37.1800,37.1700,37.1700,13800
1475767388,37.1750,37.1800,37.1700,37.1799,4700
1475767455,37.1800,37.1800,37.1701,37.1800,33300
1475767501,37.2000,37.2100,37.1800,37.1800,10200
1475767570,37.1900,37.2049,37.1900,37.2049,6900
1475767624,37.1900,37.2000,37.1900,37.1900,4600
1475767680,37.1900,37.1999,37.1900,37.1900,9500
1475767743,37.2050,37.2094,37.2000,37.2000,17500
1475767800,37.1900,37.2100,37.1900,37.2100,6600
1475767861,37.2061,37.2061,37.1950,37.2000,3900
1475767930,37.1900,37.2050,37.1900,37.2000,2900
1475768000,37.1900,37.1900,37.1830,37.1830,1000
1475768048,37.1600,37.1900,37.1600,37.1900,4600
1475768113,37.1548,37.1699,37.1548,37.1600,6900
1475768163,37.1600,37.1600,37.1500,37.1500,8400
1475768237,37.1650,37.1700,37.1620,37.1620,1600
1475768289,37.1699,37.1699,37.1500,37.1601,11600
1475768342,37.1700,37.1700,37.1568,37.1600,6100
1475768405,37.1650,37.1750,37.1600,37.1750,1500
1475768461,37.1500,37.1699,37.1500,37.1620,6200
1475768521,37.1500,37.1550,37.1400,37.1489,11400
1475768580,37.1450,37.1599,37.1450,37.1500,9200
1475768645,37.1500,37.1550,37.1410,37.1450,5200
1475768702,37.1600,37.1700,37.1450,37.1500,13400
1475768768,37.1600,37.1600,37.1400,37.1600,8300
1475768827,37.2030,37.2030,37.1667,37.1667,8300
1475768883,37.2200,37.2300,37.2100,37.2100,16200
1475768952,37.2142,37.2200,37.2140,37.2150,1900
1475769012,37.2200,37.2299,37.2139,37.2139,3400
1475769062,37.2500,37.2600,37.2250,37.2250,10300
1475769125,37.2500,37.2500,37.2499,37.2500,3800
1475769180,37.2400,37.2550,37.2400,37.2550,10300
1475769240,37.2300,37.2400,37.2300,37.2400,2200
1475769326,37.2200,37.2300,37.2200,37.2200,7800
1475769376,37.2350,37.2350,37.2200,37.2200,2700
1475769426,37.2400,37.2499,37.2399,37.2400,2200
1475769539,37.2400,37.2499,37.2395,37.2395,5200
1475769541,37.2120,37.2400,37.2120,37.2350,21800
1475769600,37.2333,37.2400,37.2200,37.2200,8100
1475769707,37.2400,37.2475,37.2301,37.2380,4000
1475769720,37.2400,37.2482,37.2400,37.2400,6800
1475769821,37.2366,37.2366,37.2300,37.2300,4700
1475769842,37.2400,37.2400,37.2400,37.2400,3800
1475769914,37.2500,37.2500,37.2500,37.2500,900
1475769963,37.2700,37.2800,37.2550,37.2600,34800
1475770030,37.2534,37.2610,37.2501,37.2610,1800
1475770102,37.2450,37.2585,37.2450,37.2550,7300
1475770157,37.2400,37.2550,37.2400,37.2450,9500
1475770248,37.2400,37.2400,37.2300,37.2400,2000
1475770304,37.2400,37.2478,37.2400,37.2400,5300
1475770378,37.2450,37.2450,37.2300,37.2400,15000
1475770421,37.2480,37.2480,37.2421,37.2474,1300
1475770492,37.2400,37.2450,37.2300,37.2400,6000
1475770520,37.2410,37.2410,37.2300,37.2300,3100
1475770619,37.2400,37.2450,37.2400,37.2401,4400
1475770622,37.2350,37.2400,37.2300,37.2350,4300
1475770738,37.2480,37.2480,37.2400,37.2400,26300
1475770782,37.2338,37.2480,37.2338,37.2450,4200
1475770819,37.2350,37.2400,37.2300,37.2300,1400
1475770881,37.2400,37.2400,37.2300,37.2350,1300
1475770929,37.2399,37.2399,37.2399,37.2399,600
1475771030,37.2315,37.2385,37.2300,37.2300,14200
1475771085,37.2400,37.2450,37.2320,37.2339,8500
1475771104,37.2400,37.2480,37.2369,37.2369,6400
1475771204,37.2550,37.2550,37.2500,37.2500,900
1475771222,37.2500,37.2590,37.2500,37.2501,1900
1475771284,37.2400,37.2490,37.2400,37.2400,2300
1475771390,37.2500,37.2550,37.2500,37.2500,12700
1475771412,37.2450,37.2500,37.2400,37.2500,2000
1475771520,37.2556,37.2600,37.2500,37.2600,4500
1475771592,37.2550,37.2600,37.2500,37.2550,2300
1475771644,37.2500,37.2600,37.2500,37.2600,3400
1475771703,37.2500,37.2566,37.2500,37.2566,5100
1475771763,37.2401,37.2500,37.2401,37.2450,2000
1475771825,37.2450,37.2500,37.2400,37.2499,2500
1475771885,37.2400,37.2450,37.2300,37.2450,4100
1475771945,37.2235,37.2400,37.2235,37.2350,8700
1475772003,37.2300,37.2358,37.2231,37.2300,13800
1475772082,37.2400,37.2450,37.2300,37.2300,2800
1475772171,37.2400,37.2400,37.2353,37.2357,4200
1475772188,37.2374,37.2400,37.2350,37.2364,2500
1475772297,37.2350,37.2400,37.2300,37.2300,1800
1475772309,37.2450,37.2450,37.2320,37.2350,5400
1475772363,37.2350,37.2457,37.2350,37.2450,3500
1475772431,37.2463,37.2463,37.2350,37.2400,7100
1475772485,37.2500,37.2500,37.2344,37.2400,6100
1475772586,37.2490,37.2490,37.2350,37.2450,2600
1475772646,37.2430,37.2490,37.2430,37.2490,2300
1475772684,37.2500,37.2500,37.2441,37.2441,1500
1475772723,37.2500,37.2550,37.2500,37.2500,4600
1475772833,37.2480,37.2488,37.2447,37.2447,1600
1475772884,37.2563,37.2600,37.2420,37.2420,2400
1475772959,37.2650,37.2690,37.2600,37.2600,20300
1475772960,37.2500,37.2660,37.2500,37.2650,3900
1475773106,37.2500,37.2550,37.2500,37.2500,2400
1475773192,37.2400,37.2450,37.2338,37.2450,2800
1475773245,37.2320,37.2360,37.2320,37.2348,2200
1475773266,37.2400,37.2400,37.2310,37.2380,4500
1475773329,37.2360,37.2360,37.2350,37.2350,200
1475773382,37.2300,37.2350,37.2300,37.2314,1600
1475773491,37.2250,37.2250,37.2250,37.2250,100
1475773554,37.2350,37.2399,37.2241,37.2241,5600
1475773596,37.2390,37.2390,37.2300,37.2350,600
1475773632,37.2364,37.2400,37.2301,37.2301,2400
1475773725,37.2400,37.2400,37.2300,37.2400,31500
1475773797,37.2400,37.2400,37.2320,37.2400,2200
1475773813,37.2400,37.2400,37.2300,37.2350,6900
1475773864,37.2290,37.2400,37.2248,37.2400,8500
1475773944,37.2300,37.2300,37.2201,37.2300,3200
1475774000,37.2352,37.2400,37.2352,37.2400,600
1475774040,37.2357,37.2400,37.2352,37.2352,2700
1475774140,37.2461,37.2461,37.2315,37.2350,1700
1475774192,37.2457,37.2457,37.2401,37.2410,4000
1475774236,37.2448,37.2450,37.2400,37.2400,1600
1475774296,37.2400,37.2455,37.2400,37.2450,5000
1475774341,37.2400,37.2499,37.2400,37.2499,2500
1475774405,37.2400,37.2400,37.2400,37.2400,1400
1475774491,37.2309,37.2350,37.2309,37.2350,2400
1475774574,37.2320,37.2400,37.2300,37.2352,2600
1475774639,37.2343,37.2350,37.2343,37.2350,2500
1475774672,37.2301,37.2320,37.2301,37.2320,5400
1475774700,37.2472,37.2472,37.2400,37.2400,4400
1475774877,37.2350,37.2500,37.2350,37.2500,44500
1475774881,37.2467,37.2500,37.2400,37.2400,6400
1475774998,37.2400,37.2480,37.2400,37.2480,3500
1475775015,37.2450,37.2450,37.2400,37.2400,4000
1475775071,37.2350,37.2469,37.2350,37.2400,5100
1475775147,37.2400,37.2400,37.2339,37.2339,1300
1475775238,37.2443,37.2495,37.2400,37.2400,1900
1475775299,37.2450,37.2500,37.2400,37.2500,1500
1475775313,37.2399,37.2450,37.2399,37.2450,1800
1475775419,37.2300,37.2399,37.2300,37.2330,9900
1475775465,37.2300,37.2350,37.2300,37.2350,1800
1475775535,37.2300,37.2361,37.2250,37.2350,2800
1475775599,37.2290,37.2290,37.2290,37.2290,800
1475775601,37.2200,37.2257,37.2200,37.2250,5100
1475775663,37.2250,37.2300,37.2224,37.2300,400
1475775723,37.2272,37.2300,37.2237,37.2248,7600
1475775782,37.2200,37.2257,37.2143,37.2200,6900
1475775860,37.2300,37.2390,37.2261,37.2290,25100
1475775923,37.2350,37.2400,37.2325,37.2362,6500
1475776021,37.2350,37.2357,37.2350,37.2350,5400
1475776082,37.2359,37.2400,37.2301,37.2350,14600
1475776147,37.2350,37.2400,37.2300,37.2400,8300
1475776217,37.2300,37.2390,37.2300,37.2390,10500
1475776270,37.2350,37.2350,37.2300,37.2300,7400
1475776328,37.2357,37.2357,37.2300,37.2300,2000
1475776387,37.2365,37.2400,37.2335,37.2400,12100
1475776444,37.2400,37.2500,37.2400,37.2400,17200
1475776507,37.2438,37.2500,37.2400,37.2500,40400
1475776576,37.2400,37.2490,37.2400,37.2490,3000
1475776640,37.2300,37.2400,37.2300,37.2350,39600
1475776689,37.2400,37.2400,37.2257,37.2257,11900
1475776798,37.2299,37.2300,37.2250,37.2300,6000
1475776800,37.2270,37.2300,37.2250,37.2250,2300
1475776874,37.2390,37.2390,37.2201,37.2280,4900
1475776920,37.2251,37.2355,37.2251,37.2355,4400
1475776986,37.2299,37.2299,37.2299,37.2299,1400
1475777081,37.2300,37.2400,37.2300,37.2300,7200
1475777101,37.2350,37.2350,37.2250,37.2264,14300
1475777213,37.2399,37.2400,37.2350,37.2350,1400
1475777220,37.2400,37.2400,37.2350,37.2400,2300
1475777281,37.2320,37.2400,37.2320,37.2350,2300
1475777348,37.2300,37.2399,37.2300,37.2399,23900
1475777403,37.2238,37.2400,37.2200,37.2400,8600
1475777464,37.2300,37.2350,37.2300,37.2300,2000
1475777538,37.2395,37.2395,37.2300,37.2339,2200
1475777637,37.2300,37.2350,37.2300,37.2350,4400
1475777640,37.2480,37.2480,37.2390,37.2400,11500
1475777709,37.2364,37.2490,37.2339,37.2456,9800
1475777779,37.2250,37.2300,37.2250,37.2300,7400
1475777835,37.2250,37.2291,37.2201,37.2291,7300
1475777889,37.2265,37.2265,37.2250,37.2250,2000
1475777943,37.2285,37.2290,37.2200,37.2250,197400
1475778006,37.2250,37.2300,37.2248,37.2250,13500
1475778061,37.2250,37.2300,37.2200,37.2235,11800
1475778121,37.2250,37.2300,37.2210,37.2250,22000
1475778189,37.2350,37.2350,37.2200,37.2245,33000
1475778251,37.2301,37.2400,37.2300,37.2350,30300
1475778306,37.2399,37.2400,37.2350,37.2350,10300
1475778368,37.2600,37.2600,37.2400,37.2400,6800
1475778439,37.2500,37.2592,37.2500,37.2550,2300
1475778500,37.2550,37.2600,37.2500,37.2500,4700
1475778544,37.2500,37.2550,37.2500,37.2550,2300
1475778614,37.2510,37.2510,37.2510,37.2510,400
1475778680,37.2510,37.2599,37.2500,37.2542,4800
1475778723,37.2500,37.2550,37.2410,37.2550,4300
1475778837,37.2500,37.2596,37.2500,37.2500,5400
1475778840,37.2550,37.2550,37.2500,37.2500,1200
1475778905,37.2500,37.2585,37.2500,37.2550,5800
1475778971,37.2500,37.2500,37.2410,37.2420,8500
1475779033,37.2401,37.2450,37.2401,37.2401,700
1475779137,37.2550,37.2550,37.2442,37.2442,11900
1475779141,37.2500,37.2555,37.2500,37.2500,8900
1475779222,37.2400,37.2470,37.2400,37.2400,3100
1475779280,37.2457,37.2500,37.2457,37.2500,1800
1475779323,37.2500,37.2500,37.2420,37.2500,4800
1475779392,37.2600,37.2600,37.2432,37.2500,9000
1475779444,37.2450,37.2550,37.2400,37.2500,11000
1475779507,37.2235,37.2465,37.2220,37.2450,13300
1475779562,37.2170,37.2299,37.2127,37.2265,12600
1475779649,37.2200,37.2200,37.2131,37.2166,1900
1475779687,37.2200,37.2200,37.2150,37.2150,3800
1475779750,37.2200,37.2200,37.2151,37.2200,1000
1475779832,37.2156,37.2200,37.2110,37.2142,1200
1475779870,37.2261,37.2261,37.2200,37.2200,22900
1475779925,37.2250,37.2250,37.2242,37.2242,1500
1475779982,37.2250,37.2300,37.2250,37.2256,2400
1475780050,37.2300,37.2300,37.2201,37.2234,1700
1475780105,37.2152,37.2299,37.2152,37.2200,5200
1475780165,37.2130,37.2200,37.2130,37.2200,5000
1475780260,37.2195,37.2200,37.2195,37.2200,1200
1475780294,37.2199,37.2199,37.2101,37.2138,13000
1475780344,37.2000,37.2150,37.2000,37.2150,25800
1475780407,37.2101,37.2200,37.2075,37.2100,17800
1475780463,37.2180,37.2180,37.2100,37.2132,2500
1475780535,37.2150,37.2150,37.2101,37.2101,10700
1475780581,37.2200,37.2200,37.2110,37.2200,3300
1475780642,37.2190,37.2190,37.2136,37.2136,1800
1475780718,37.2200,37.2289,37.2110,37.2110,24200
1475780766,37.2220,37.2300,37.2220,37.2250,1300
1475780852,37.2200,37.2299,37.2200,37.2299,3800
1475780891,37.2266,37.2266,37.2201,37.2220,800
1475780945,37.2238,37.2299,37.2200,37.2299,2400
1475781053,37.2200,37.2262,37.2200,37.2250,9600
1475781060,37.2142,37.2200,37.2142,37.2200,6200
1475781121,37.2150,37.2199,37.2100,37.2110,15300
1475781180,37.2190,37.2190,37.2148,37.2150,1000
1475781242,37.2165,37.2165,37.2100,37.2100,3700
1475781302,37.2153,37.2153,37.2101,37.2150,14800
1475781366,37.2200,37.2200,37.2110,37.2200,9100
1475781438,37.2150,37.2270,37.2150,37.2225,6000
1475781482,37.2142,37.2190,37.2100,37.2150,2300
1475781545,37.2050,37.2150,37.2050,37.2120,11300
1475781617,37.2100,37.2100,37.2000,37.2000,5500
1475781685,37.2065,37.2100,37.2034,37.2034,2400
1475781734,37.2100,37.2100,37.2005,37.2050,6500
1475781806,37.2065,37.2100,37.2001,37.2052,6800
1475781847,37.2001,37.2100,37.2000,37.2000,1400
1475781964,37.2100,37.2100,37.2090,37.2100,700
1475782078,37.2020,37.2100,37.2001,37.2050,2500
1475782081,37.2100,37.2165,37.2100,37.2100,5500
1475782148,37.2200,37.2200,37.2100,37.2150,900
1475782201,37.2100,37.2101,37.2000,37.2100,47800
1475782275,37.2100,37.2100,37.2015,37.2100,6400
1475782322,37.2130,37.2150,37.2005,37.2100,3800
1475782410,37.2200,37.2200,37.2137,37.2137,12300
1475782445,37.2300,37.2350,37.2210,37.2266,27100
1475782503,37.2250,37.2300,37.2250,37.2300,7200
1475782567,37.2275,37.2300,37.2200,37.2201,2500
1475782627,37.2300,37.2300,37.2200,37.2200,6000
1475782708,37.2350,37.2383,37.2210,37.2210,6900
1475782757,37.2390,37.2390,37.2300,37.2300,500
1475782828,37.2300,37.2364,37.2300,37.2364,3200
1475782860,37.2300,37.2400,37.2242,37.2300,31200
1475782927,37.2365,37.2387,37.2300,37.2300,6500
1475782998,37.2362,37.2400,37.2300,37.2300,7200
1475783091,37.2257,37.2300,37.2201,37.2300,1100
1475783100,37.2200,37.2250,37.2125,37.2200,28400
1475783172,37.2158,37.2200,37.2100,37.2130,12200
1475783226,37.2300,37.2300,37.2144,37.2200,18900
1475783282,37.2270,37.2383,37.2253,37.2300,12600
1475783345,37.2300,37.2300,37.2200,37.2300,3900
1475783404,37.2200,37.2300,37.2200,37.2300,10100
1475783463,37.2300,37.2300,37.2250,37.2300,7200
1475783521,37.2300,37.2400,37.2300,37.2358,13700
1475783635,37.2300,37.2400,37.2300,37.2350,12300
1475783642,37.2250,37.2400,37.2250,37.2300,22600
1475783759,37.2250,37.2300,37.2250,37.2250,6300
1475783764,37.2200,37.2262,37.2150,37.2200,40100
1475783878,37.2200,37.2300,37.2200,37.2200,3400
1475783939,37.2315,37.2400,37.2200,37.2200,32400
1475783999,37.2400,37.2400,37.2300,37.2350,69400
1475784000,37.2300,37.2300,37.2300,37.2300,14500
