uri:/instrument/1.0/VIA/chartdata;type=quote;range=1d/csv
ticker:via
Company-Name:Viacom Inc.
Exchange-Name:NMS
unit:MIN
timezone:EDT
currency:USD
gmtoffset:-14400
previous_close:42.7100
Timestamp:1475760600,1475784000
labels:1475762400,1475766000,1475769600,1475773200,1475776800,1475780400,1475784000
values:Timestamp,close,high,low,open,volume
close:41.3100,42.1000
high:41.3100,42.1000
low:41.3100,42.1000
open:41.3100,42.1000
volume:0,3300
1475760895,42.1000,42.1000,42.1000,42.1000,600
1475760975,42.0100,42.0100,42.0100,42.0100,200
1475761149,41.9500,42.0800,41.9500,42.0200,1600
1475761234,41.8100,41.8700,41.8100,41.8700,1000
1475761279,41.8225,41.8225,41.8225,41.8225,600
1475761635,42.0120,42.0120,42.0120,42.0120,100
1475761846,42.0700,42.0700,42.0700,42.0700,100
1475761872,42.0100,42.0100,42.0100,42.0100,300
1475762047,42.0100,42.0100,42.0100,42.0100,200
1475762222,41.8600,41.8600,41.8600,41.8600,400
1475762308,41.9300,41.9300,41.9300,41.9300,400
1475762749,42.0000,42.0000,41.9200,41.9200,800
1475762798,42.0090,42.0090,42.0090,42.0090,500
1475763519,41.9600,41.9600,41.9600,41.9600,100
1475764015,41.8600,41.8600,41.8500,41.8600,500
1475764236,41.8400,41.8500,41.8300,41.8500,1000
1475764273,41.8800,41.8800,41.8049,41.8600,600
1475764331,41.8800,41.8800,41.8800,41.8800,200
1475764497,41.8800,41.8800,41.8800,41.8800,200
1475764631,41.9300,41.9300,41.9300,41.9300,100
1475764710,41.8700,41.8700,41.8700,41.8700,200
1475764776,42.0400,42.0400,42.0400,42.0400,100
1475765035,42.0200,42.0200,41.9408,42.0100,700
1475765311,41.9440,41.9440,41.9440,41.9440,300
1475765793,41.8800,41.8800,41.8800,41.8800,700
1475766054,41.6400,41.6500,41.6400,41.6500,300
1475766065,41.6100,41.6100,41.6100,41.6100,300
1475766208,41.5100,41.5100,41.5100,41.5100,600
1475766515,41.4400,41.4400,41.4400,41.4400,200
1475767045,41.4100,41.4100,41.4100,41.4100,500
1475767616,41.5800,41.5800,41.5500,41.5500,200
1475767647,41.6100,41.6100,41.5900,41.5900,300
1475767689,41.6200,41.6200,41.6200,41.6200,100
1475768008,41.6244,41.6244,41.6244,41.6244,300
1475768859,41.8000,41.8000,41.8000,41.8000,100
1475769116,41.9200,41.9500,41.9200,41.9500,1400
1475769228,41.9100,41.9100,41.9100,41.9100,300
1475769589,41.7200,41.7200,41.7100,41.7100,300
1475770058,41.8000,41.8000,41.8000,41.8000,200
1475770572,41.6700,41.6700,41.6700,41.6700,100
1475770731,41.6000,41.6000,41.6000,41.6000,100
1475770771,41.5400,41.5400,41.5400,41.5400,100
1475770913,41.5200,41.5200,41.5200,41.5200,400
1475771091,41.5951,41.5951,41.5951,41.5951,100
1475771202,41.6500,41.6500,41.6500,41.6500,200
1475771380,41.6700,41.6700,41.6700,41.6700,100
1475771872,41.7020,41.7020,41.7020,41.7020,200
1475772217,41.6180,41.6500,41.6180,41.6500,300
1475772402,41.5700,41.5700,41.5500,41.5500,300
1475772428,41.6600,41.6600,41.6400,41.6400,500
1475772729,41.6910,41.6910,41.6910,41.6910,500
1475773978,41.5700,41.5700,41.5700,41.5700,300
1475774266,41.6000,41.6000,41.5500,41.5500,300
1475774899,41.6000,41.6000,41.5500,41.5500,200
1475775556,41.6900,41.6900,41.5900,41.6000,1000
1475776581,41.6600,41.6600,41.6600,41.6600,100
1475776850,41.6400,41.6400,41.6400,41.6400,500
1475777615,41.6399,41.6399,41.6399,41.6399,100
1475777993,41.6000,41.6000,41.6000,41.6000,200
1475778072,41.6400,41.6400,41.6400,41.6400,200
1475778246,41.6600,41.6600,41.6500,41.6500,600
1475778681,41.6000,41.6400,41.6000,41.6300,3300
1475778721,41.5500,41.5500,41.5500,41.5500,300
1475778861,41.6000,41.6000,41.6000,41.6000,100
1475779872,41.5000,41.5000,41.4900,41.5000,1200
1475780005,41.4600,41.4800,41.4600,41.4800,300
1475780409,41.4500,41.4500,41.4500,41.4500,400
1475780879,41.3800,41.3800,41.3800,41.3800,200
1475780918,41.4364,41.4364,41.4364,41.4364,100
1475781046,41.4600,41.4600,41.4600,41.4600,100
1475781089,41.4200,41.4200,41.4200,41.4200,100
1475781141,41.3300,41.3900,41.3300,41.3900,500
1475781441,41.3100,41.3100,41.3100,41.3100,100
1475781599,41.3600,41.3600,41.3500,41.3500,200
1475781719,41.4000,41.4000,41.3200,41.3200,500
1475781893,41.3600,41.3600,41.3600,41.3600,100
1475782164,41.3600,41.3700,41.3600,41.3700,300
1475782206,41.3200,41.3200,41.3200,41.3200,300
1475782291,41.3400,41.3600,41.3400,41.3600,300
1475782592,41.4000,41.4000,41.4000,41.4000,900
1475782641,41.3510,41.3510,41.3510,41.3510,200
1475782681,41.3500,41.3500,41.3500,41.3500,300
1475782875,41.3500,41.3500,41.3500,41.3500,100
1475782941,41.3600,41.4000,41.3600,41.4000,500
1475783176,41.4000,41.4000,41.3400,41.3400,1200
1475783559,41.4200,41.4200,41.4100,41.4100,200
1475783612,41.4200,41.4200,41.4000,41.4200,700
1475783646,41.4025,41.4025,41.4025,41.4025,100
1475783807,41.3900,41.3900,41.3900,41.3900,700
1475783842,41.3600,41.4200,41.3600,41.4200,400
1475783889,41.3600,41.3600,41.3600,41.3600,200
1475783974,41.3600,41.3600,41.3500,41.3500,1600
1475784000,41.3700,41.3700,41.3700,41.3700,0
