uri:/instrument/1.0/VIA/chartdata;type=quote;range=1d/csv
ticker:via
Company-Name:Viacom Inc.
Exchange-Name:NMS
unit:MIN
timezone:EDT
currency:USD
gmtoffset:-14400
previous_close:42.5000
Timestamp:1475587800,1475611200
labels:1475589600,1475593200,1475596800,1475600400,1475604000,1475607600,1475611200
values:Timestamp,close,high,low,open,volume
close:42.3800,42.8800
high:42.3900,42.8800
low:42.3800,42.8800
open:42.3900,42.8800
volume:100,4800
1475587981,42.5300,42.5300,42.5300,42.5300,4800
1475588067,42.5600,42.5600,42.5600,42.5600,400
1475588117,42.3800,42.5100,42.3800,42.5100,1600
1475588542,42.4900,42.4900,42.4900,42.4900,300
1475588597,42.4700,42.4700,42.4600,42.4600,300
1475588698,42.4700,42.4700,42.4700,42.4700,100
1475588770,42.3901,42.3901,42.3901,42.3901,200
1475589120,42.7300,42.7300,42.7000,42.7000,300
1475589626,42.7350,42.7350,42.7350,42.7350,300
1475589861,42.8460,42.8460,42.8460,42.8460,300
1475589979,42.8800,42.8800,42.8800,42.8800,400
1475590374,42.5981,42.5981,42.5981,42.5981,200
1475590395,42.6300,42.7100,42.6300,42.6600,1200
1475590615,42.6115,42.6115,42.6115,42.6115,200
1475590824,42.5600,42.5600,42.5600,42.5600,100
1475590928,42.5080,42.5080,42.5080,42.5080,1300
1475591155,42.6100,42.6100,42.6100,42.6100,100
1475591540,42.5900,42.5900,42.5900,42.5900,100
1475591919,42.6600,42.6600,42.6600,42.6600,100
1475592157,42.6700,42.6700,42.6700,42.6700,400
1475592995,42.6600,42.6600,42.6600,42.6600,100
1475593335,42.6600,42.6600,42.6600,42.6600,600
1475593880,42.5400,42.5400,42.5400,42.5400,1000
1475594130,42.5300,42.5300,42.5300,42.5300,100
1475594286,42.5100,42.5200,42.5090,42.5090,1300
1475595798,42.5800,42.7700,42.5800,42.6896,900
1475596141,42.6101,42.6101,42.6101,42.6101,100
1475596632,42.5100,42.5100,42.4800,42.4800,400
1475596893,42.4800,42.4900,42.4800,42.4900,2000
1475596984,42.5400,42.5400,42.4400,42.4600,400
1475597096,42.4900,42.4900,42.4900,42.4900,100
1475597242,42.5000,42.5000,42.5000,42.5000,200
1475597282,42.5399,42.5399,42.5300,42.5300,400
1475597984,42.5100,42.5100,42.5100,42.5100,100
1475598069,42.5000,42.5000,42.5000,42.5000,300
1475598303,42.5900,42.5900,42.5900,42.5900,200
1475599175,42.6400,42.6400,42.6400,42.6400,300
1475601219,42.4300,42.4300,42.4300,42.4300,400
1475601542,42.4899,42.4899,42.4899,42.4899,200
1475601748,42.3900,42.3900,42.3900,42.3900,200
1475602059,42.4100,42.4100,42.4100,42.4100,300
1475602449,42.4730,42.4730,42.4300,42.4300,200
1475602757,42.4207,42.4207,42.4207,42.4207,400
1475603638,42.5500,42.6000,42.5500,42.6000,300
1475603765,42.6600,42.6600,42.5800,42.5800,300
1475604202,42.6700,42.6700,42.5900,42.5900,600
1475605453,42.5900,42.5900,42.5900,42.5900,200
1475605593,42.6100,42.6100,42.6100,42.6100,100
1475605669,42.5900,42.5900,42.5900,42.5900,100
1475606083,42.6700,42.6700,42.6700,42.6700,100
1475606328,42.5100,42.6170,42.5100,42.6170,1300
1475606552,42.5980,42.5980,42.5980,42.5980,700
1475608941,42.4600,42.4600,42.4600,42.4600,100
1475609189,42.5200,42.5200,42.5200,42.5200,100
1475609358,42.6100,42.6100,42.5400,42.6100,900
1475609402,42.5800,42.5800,42.5800,42.5800,100
1475609547,42.6600,42.6700,42.6600,42.6700,600
1475609816,42.6000,42.6000,42.5800,42.5900,700
1475609820,42.6000,42.6000,42.6000,42.6000,300
1475610273,42.6000,42.6000,42.6000,42.6000,200
1475610328,42.6400,42.6400,42.6400,42.6400,200
1475610468,42.6000,42.6100,42.6000,42.6100,200
1475610532,42.4700,42.6000,42.4700,42.6000,1100
1475610541,42.5200,42.5200,42.5200,42.5200,100
1475610637,42.5000,42.5000,42.5000,42.5000,100
1475610665,42.5100,42.5100,42.4500,42.5000,600
1475610764,42.6000,42.6000,42.5500,42.5550,900
1475610798,42.6000,42.6000,42.6000,42.6000,200
1475610895,42.6000,42.6100,42.6000,42.6000,500
1475610906,42.5700,42.6000,42.5700,42.6000,800
1475610961,42.5900,42.5900,42.5500,42.5700,2700
1475611070,42.5900,42.6100,42.5800,42.6100,1600
1475611134,42.5300,42.5900,42.5300,42.5900,2200
1475611140,42.4900,42.5600,42.4900,42.5500,2200
1475611200,42.4900,42.4900,42.4900,42.4900,1000
