uri:/instrument/1.0/HSY/chartdata;type=quote;range=1d/csv
ticker:hsy
Company-Name:The Hershey Company Common Stoc
Exchange-Name:NYQ
unit:MIN
timezone:EST
currency:USD
gmtoffset:-18000
previous_close:96.2800
Timestamp:1480689000,1480712400
labels:1480690800,1480694400,1480698000,1480701600,1480705200,1480708800,1480712400
values:Timestamp,close,high,low,open,volume
close:96.2000,97.5500
high:96.2100,97.6400
low:96.2000,97.5000
open:96.2000,97.6100
volume:100,41400
1480689024,96.9200,96.9200,96.9200,96.9200,9400
1480689252,97.1400,97.1900,97.0300,97.0400,4500
1480689404,97.5200,97.5200,97.2500,97.3700,1900
1480689431,97.2500,97.4200,97.1100,97.3500,4000
1480689537,97.4800,97.4800,97.3450,97.3700,2700
1480689558,97.4900,97.4900,97.4141,97.4141,600
1480689659,97.5000,97.6100,97.5000,97.6100,1200
1480689660,97.5000,97.5300,97.4000,97.5000,3400
1480689729,97.5500,97.6400,97.5000,97.5000,1800
1480689785,97.5000,97.5450,97.5000,97.5450,300
1480689843,97.0600,97.5300,97.0300,97.4400,6500
1480689957,97.3000,97.3000,97.1750,97.2800,1600
1480689965,97.2700,97.3400,97.1200,97.1900,1700
1480690028,97.1100,97.3200,97.1100,97.2700,3400
1480690121,97.2800,97.2800,97.1500,97.1600,600
1480690167,97.1000,97.2500,97.1000,97.1800,500
1480690211,97.1450,97.2500,97.0700,97.1000,5900
1480690262,97.1100,97.2400,97.1100,97.2400,2900
1480690390,97.1600,97.1600,97.0000,97.1400,2600
1480690495,97.3400,97.3400,97.0400,97.0700,16400
1480690512,97.2250,97.2800,97.2250,97.2800,1400
1480690619,97.2000,97.2600,97.2000,97.2400,1600
1480690679,97.0600,97.2080,96.9500,97.2080,14800
1480690680,97.1728,97.1728,97.0200,97.0600,2000
1480690797,96.8600,97.0900,96.8600,97.0900,2700
1480690803,96.8900,97.0450,96.8900,96.9700,2000
1480690895,96.9700,97.0100,96.9700,96.9800,400
1480690921,96.9675,97.0300,96.9675,96.9700,2600
1480690983,96.8900,96.9400,96.8900,96.9400,200
1480691054,96.8100,96.8600,96.8100,96.8600,1000
1480691110,96.7300,96.8200,96.7300,96.7801,2300
1480691177,96.8900,96.8900,96.6800,96.6800,1200
1480691240,96.8700,96.8900,96.8300,96.8800,1400
1480691281,96.9800,96.9800,96.9000,96.9000,200
1480691346,96.8800,96.9500,96.8800,96.9500,3000
1480691461,96.8300,96.8800,96.8300,96.8800,1500
1480691530,96.8100,96.8300,96.8100,96.8300,200
1480691589,96.7900,96.7900,96.7900,96.7900,100
1480691659,96.7800,96.7800,96.7100,96.7800,2700
1480691762,96.7700,96.8300,96.7700,96.8100,3200
1480691826,96.8200,96.8700,96.8200,96.8200,2100
1480691986,96.7700,96.8166,96.7400,96.8100,6600
1480692047,96.8200,96.8900,96.8000,96.8000,1100
1480692070,96.8700,96.8700,96.8500,96.8500,1000
1480692197,96.8100,96.9435,96.8100,96.8800,2500
1480692300,96.7900,96.8350,96.7900,96.8100,2800
1480692360,96.8000,96.8300,96.7800,96.8000,2700
1480692437,96.7800,96.8000,96.7700,96.8000,2900
1480692495,96.8700,96.8700,96.8200,96.8200,3000
1480692580,96.8850,96.9700,96.8400,96.8400,1200
1480692606,96.8200,96.8900,96.8000,96.8500,1100
1480692660,96.7700,96.8100,96.7700,96.7900,1500
1480692736,96.8500,96.8500,96.7850,96.8000,2200
1480692828,96.7700,96.7800,96.7700,96.7800,200
1480692845,96.7300,96.8100,96.7300,96.7600,1200
1480692904,96.7650,96.8200,96.7650,96.7900,600
1480693008,96.7650,96.8000,96.7400,96.7400,400
1480693072,96.7100,96.7900,96.7100,96.7400,3600
1480693084,96.7000,96.7350,96.7000,96.7350,500
1480693144,96.7584,96.7584,96.7100,96.7300,1600
1480693208,96.7200,96.7200,96.7200,96.7200,500
1480693289,96.7400,96.7600,96.7300,96.7300,3400
1480693373,96.6950,96.7500,96.6800,96.7262,1300
1480693430,96.6950,96.7300,96.6950,96.7300,600
1480693456,96.7600,96.7800,96.7300,96.7500,3600
1480693522,96.7100,96.7900,96.6800,96.7900,3300
1480693619,96.6800,96.7400,96.6800,96.7200,2600
1480693623,96.8300,96.8300,96.6800,96.6800,2400
1480693689,96.7300,96.7900,96.7300,96.7900,800
1480693772,96.7000,96.7600,96.6900,96.7200,3900
1480693826,96.6900,96.7000,96.6900,96.7000,400
1480693916,96.7500,96.7500,96.6900,96.6900,1600
1480693938,96.7400,96.7400,96.7400,96.7400,100
1480694036,96.8600,96.8600,96.8600,96.8600,100
1480694075,96.8800,96.8800,96.8600,96.8600,500
1480694151,96.8700,96.8700,96.8100,96.8100,500
1480694170,96.8700,96.9000,96.8700,96.9000,700
1480694248,96.8900,96.8900,96.8900,96.8900,300
1480694296,96.9150,96.9150,96.9100,96.9100,400
1480694395,96.9700,96.9700,96.9700,96.9700,400
1480694400,97.0000,97.0200,96.9600,96.9700,3000
1480694468,97.0100,97.0100,97.0100,97.0100,1300
1480694527,96.8201,97.0100,96.8201,97.0000,2800
1480694626,96.9100,96.9100,96.8300,96.8300,2700
1480694650,96.8650,96.8650,96.8650,96.8650,200
1480694759,96.8600,96.8600,96.8200,96.8200,400
1480694778,96.8400,96.9000,96.8400,96.8600,5000
1480694873,96.8650,96.8650,96.8300,96.8400,1900
1480694908,96.9100,96.9100,96.8600,96.8900,2100
1480694945,96.9050,96.9300,96.8850,96.8850,4600
1480695035,96.9100,96.9300,96.9000,96.9000,600
1480695119,96.9550,96.9600,96.8900,96.8900,6200
1480695121,97.0050,97.0050,96.9550,96.9900,2700
1480695235,97.0000,97.0800,96.9400,96.9500,9400
1480695241,96.9935,97.0500,96.9800,97.0000,2100
1480695300,96.9700,96.9900,96.9600,96.9600,2800
1480695410,96.9850,97.0200,96.9850,97.0100,400
1480695421,96.9500,97.0199,96.9500,97.0199,700
1480695490,97.0750,97.0750,96.9500,96.9500,5900
1480695565,97.0700,97.1200,97.0100,97.0100,1200
1480695657,97.1150,97.1150,97.0900,97.0900,200
1480695664,97.2100,97.2100,97.1400,97.1400,500
1480695772,97.2000,97.2000,97.1400,97.1750,1400
1480695793,97.1200,97.1500,97.1200,97.1300,300
1480695878,97.1700,97.1700,97.1700,97.1700,300
1480695926,97.1400,97.1400,97.1400,97.1400,300
1480696008,97.0300,97.1000,97.0300,97.1000,1400
1480696072,96.9800,97.0200,96.9800,97.0200,500
1480696082,96.9975,97.0100,96.9500,96.9500,2500
1480696142,96.9200,96.9900,96.8800,96.9800,3900
1480696200,96.9800,96.9800,96.9200,96.9400,1400
1480696363,96.8500,96.9000,96.8500,96.9000,700
1480696421,96.8400,96.8400,96.8400,96.8400,300
1480696441,96.8200,96.8300,96.8200,96.8300,300
1480696523,96.8300,96.8960,96.8300,96.8960,600
1480696604,96.8450,96.8500,96.8200,96.8200,400
1480696649,96.8200,96.8200,96.8200,96.8200,300
1480696694,96.8200,96.8200,96.8200,96.8200,200
1480696761,96.7500,96.7900,96.7500,96.7900,700
1480696821,96.7300,96.7300,96.7300,96.7300,200
1480696871,96.8400,96.8400,96.7450,96.7600,1600
1480696940,96.8400,96.8400,96.8100,96.8100,300
1480696993,96.8300,96.8400,96.8100,96.8100,800
1480697109,96.8400,96.8400,96.8400,96.8400,800
1480697248,96.8500,96.8800,96.8100,96.8100,1600
1480697328,96.8100,96.8100,96.8100,96.8100,100
1480697346,96.7900,96.7900,96.7900,96.7900,100
1480697435,96.8000,96.8000,96.8000,96.8000,200
1480697477,96.8700,96.9300,96.8600,96.8600,800
1480697523,96.8800,96.8900,96.8800,96.8900,200
1480697627,96.8800,96.8800,96.8800,96.8800,100
1480697693,96.8800,96.8800,96.8800,96.8800,600
1480697705,96.8600,96.9100,96.8600,96.9100,300
1480697804,96.8300,96.8500,96.8300,96.8500,300
1480697821,96.8300,96.8300,96.8000,96.8000,1100
1480697974,96.8600,96.8600,96.8600,96.8600,100
1480698059,96.8500,96.8500,96.8500,96.8500,200
1480698076,96.8620,96.8620,96.8620,96.8620,400
1480698128,96.9300,96.9300,96.8500,96.8501,1800
1480698263,96.9244,96.9300,96.8900,96.9300,1400
1480698328,96.9000,96.9000,96.9000,96.9000,200
1480698414,96.9000,96.9216,96.9000,96.9216,500
1480698476,96.8300,96.9400,96.8300,96.9000,2000
1480698536,96.9100,96.9600,96.8200,96.8200,3600
1480698598,96.9300,97.0300,96.9300,96.9300,3500
1480698604,96.9300,96.9300,96.9200,96.9200,500
1480698723,97.0400,97.0400,96.9400,96.9400,800
1480698850,97.0050,97.0400,96.9600,96.9600,600
1480698944,96.9600,97.0100,96.9600,96.9800,1300
1480699017,96.9550,96.9650,96.9500,96.9650,1000
1480699069,97.0000,97.0300,96.9400,96.9670,1900
1480699126,96.9700,97.0100,96.9700,97.0000,1000
1480699144,96.9600,96.9600,96.9000,96.9500,1100
1480699281,96.9600,96.9600,96.9600,96.9600,400
1480699355,96.9750,96.9900,96.9200,96.9900,1800
1480699413,96.9200,96.9200,96.8800,96.9000,1700
1480699444,96.9600,96.9600,96.9600,96.9600,500
1480699666,96.9100,96.9318,96.9100,96.9318,700
1480699733,97.0100,97.0100,96.8900,96.9100,2100
1480699763,97.0000,97.0100,97.0000,97.0100,600
1480699847,96.9800,97.0000,96.9800,97.0000,7900
1480699918,97.0000,97.0000,96.9750,97.0000,300
1480699966,96.9950,97.0100,96.9550,96.9750,4700
1480699991,97.0400,97.0400,97.0400,97.0400,300
1480700041,96.9400,97.0100,96.9400,97.0000,700
1480700214,96.9900,96.9900,96.9450,96.9900,900
1480700231,96.9900,97.0100,96.9600,96.9900,2100
1480700295,97.0300,97.0300,97.0100,97.0100,400
1480700486,96.9900,96.9900,96.9900,96.9900,300
1480700569,96.9850,96.9850,96.9700,96.9700,200
1480700599,96.9900,97.0000,96.9600,96.9600,700
1480700757,97.0000,97.0200,96.9800,97.0200,1100
1480700761,96.9500,97.0000,96.9500,96.9800,1100
1480700865,96.8500,96.9400,96.8500,96.9400,1100
1480700887,96.8900,96.8900,96.8100,96.8500,1700
1480700946,96.8300,96.8700,96.8300,96.8700,800
1480701059,96.8300,96.8700,96.8300,96.8700,1100
1480701069,96.7900,96.8000,96.7300,96.8000,1000
1480701131,96.8300,96.8300,96.7700,96.7700,700
1480701207,96.7500,96.7700,96.7500,96.7700,500
1480701356,96.7500,96.7500,96.7500,96.7500,400
1480701398,96.7250,96.7400,96.6800,96.7340,1300
1480701497,96.7300,96.7300,96.7000,96.7195,1700
1480701590,96.8100,96.8100,96.7600,96.7600,400
1480701631,96.8800,96.8800,96.8800,96.8800,100
1480701750,96.8200,96.8200,96.7600,96.8000,700
1480701788,96.8200,96.8400,96.7500,96.7500,1000
1480701896,96.8700,96.8700,96.8300,96.8300,400
1480701916,96.8584,96.8700,96.8300,96.8300,500
1480701975,96.8400,96.8400,96.8100,96.8100,500
1480702066,96.8400,96.8400,96.8300,96.8300,500
1480702081,96.8400,96.8400,96.8400,96.8400,200
1480702182,96.8300,96.8400,96.8300,96.8400,200
1480702222,96.8300,96.8500,96.8200,96.8200,700
1480702318,96.8500,96.8500,96.8500,96.8500,100
1480702377,96.8400,96.8400,96.8200,96.8400,800
1480702432,96.7800,96.8400,96.7800,96.8400,1200
1480702442,96.7809,96.7999,96.7800,96.7800,1100
1480702543,96.7700,96.8100,96.7600,96.8100,800
1480702573,96.8200,96.8200,96.8200,96.8200,100
1480702656,96.8000,96.8000,96.8000,96.8000,200
1480702692,96.7300,96.7666,96.7300,96.7300,500
1480702788,96.7300,96.7300,96.7300,96.7300,100
1480702826,96.7800,96.7800,96.7800,96.7800,100
1480702874,96.7300,96.7800,96.7300,96.7800,800
1480702978,96.7500,96.7500,96.7500,96.7500,200
1480703003,96.7300,96.7300,96.7300,96.7300,200
1480703056,96.7000,96.7400,96.7000,96.7300,400
1480703121,96.6800,96.6900,96.6800,96.6900,400
1480703195,96.6000,96.6500,96.6000,96.6500,800
1480703260,96.5900,96.5900,96.5700,96.5700,800
1480703334,96.5700,96.5700,96.5700,96.5700,100
1480703344,96.5700,96.5700,96.5700,96.5700,400
1480703458,96.5200,96.5500,96.5100,96.5500,300
1480703502,96.5100,96.5350,96.5100,96.5350,400
1480703560,96.5600,96.5600,96.5200,96.5200,1700
1480703590,96.5300,96.5700,96.5300,96.5700,600
1480703672,96.5584,96.5584,96.5584,96.5584,100
1480703702,96.5750,96.6200,96.5417,96.5417,2100
1480703800,96.6400,96.6400,96.5890,96.6200,400
1480703858,96.5800,96.5839,96.5800,96.5839,300
1480703893,96.6000,96.6400,96.6000,96.6400,300
1480703949,96.5900,96.6400,96.5800,96.6400,1700
1480704009,96.6000,96.6000,96.5800,96.5900,1100
1480704077,96.6000,96.6000,96.6000,96.6000,100
1480704164,96.6300,96.6300,96.6300,96.6300,100
1480704187,96.6500,96.6600,96.6200,96.6200,1400
1480704254,96.7300,96.7500,96.6800,96.6800,2000
1480704309,96.6700,96.7135,96.6700,96.7135,1700
1480704419,96.7100,96.7100,96.6500,96.6600,1200
1480704464,96.6600,96.6600,96.6600,96.6600,200
1480704530,96.6500,96.6500,96.6500,96.6500,300
1480704567,96.5800,96.6400,96.5800,96.6400,1400
1480704656,96.7500,96.7500,96.5800,96.6200,9000
1480704682,96.7600,96.8000,96.6900,96.7000,1500
1480704738,96.7100,96.7100,96.7100,96.7100,400
1480704786,96.7284,96.7500,96.7000,96.7000,1600
1480704868,96.8100,96.8100,96.7600,96.7600,1000
1480704941,96.7400,96.7400,96.7400,96.7400,100
1480705007,96.7450,96.7800,96.7400,96.7400,4700
1480705044,96.7400,96.7500,96.6900,96.7100,1400
1480705118,96.7100,96.7100,96.7100,96.7100,100
1480705144,96.7100,96.7500,96.7000,96.7000,900
1480705259,96.6700,96.7600,96.6700,96.7500,800
1480705303,96.6800,96.6800,96.6800,96.6800,200
1480705326,96.7500,96.7500,96.6709,96.6800,1200
1480705387,96.7350,96.7400,96.7300,96.7300,900
1480705458,96.7000,96.7500,96.6900,96.7100,1600
1480705523,96.7500,96.7600,96.6900,96.6900,2900
1480705561,96.7500,96.7600,96.6900,96.7000,3700
1480705638,96.7700,96.7700,96.7700,96.7700,100
1480705707,96.7000,96.7000,96.7000,96.7000,300
1480705750,96.7250,96.7500,96.7250,96.7500,2400
1480705895,96.7204,96.7588,96.7100,96.7100,2200
1480705931,96.7000,96.7400,96.7000,96.7000,800
1480706034,96.5300,96.7300,96.4000,96.6800,29300
1480706097,96.3700,96.5300,96.2700,96.4500,8600
1480706114,96.3250,96.3250,96.2490,96.2700,1300
1480706215,96.2500,96.2600,96.2500,96.2580,400
1480706237,96.2000,96.2100,96.2000,96.2100,400
1480706281,96.2500,96.2600,96.2000,96.2000,1600
1480706396,96.2900,96.2900,96.2000,96.2000,3100
1480706412,96.3400,96.3900,96.3100,96.3100,1400
1480706493,96.4300,96.4300,96.4300,96.4300,100
1480706546,96.4600,96.4600,96.4100,96.4300,2000
1480706611,96.5300,96.5300,96.4700,96.4700,1500
1480706650,96.5200,96.5300,96.4900,96.5050,1100
1480706736,96.5300,96.5300,96.4900,96.4900,800
1480706766,96.5000,96.5400,96.5000,96.5400,400
1480706861,96.5600,96.5600,96.5500,96.5500,700
1480706912,96.5650,96.5650,96.5650,96.5650,200
1480706999,96.5700,96.5800,96.5550,96.5800,500
1480707003,96.5200,96.5700,96.5200,96.5700,1700
1480707087,96.5150,96.5300,96.5150,96.5300,2000
1480707150,96.5000,96.5150,96.5000,96.5150,400
1480707190,96.5500,96.5500,96.5200,96.5200,1200
1480707260,96.5500,96.5650,96.5400,96.5400,3100
1480707346,96.5450,96.5580,96.5400,96.5580,700
1480707385,96.5450,96.5450,96.5450,96.5450,100
1480707428,96.5500,96.5500,96.5200,96.5400,2000
1480707538,96.5700,96.5700,96.5600,96.5600,1100
1480707553,96.5800,96.5800,96.5750,96.5750,200
1480707603,96.5800,96.6000,96.5700,96.5900,1500
1480707670,96.5500,96.5800,96.5400,96.5800,2100
1480707740,96.5200,96.5300,96.5200,96.5300,1100
1480707797,96.5400,96.5400,96.5200,96.5200,1000
1480707849,96.5700,96.5700,96.5500,96.5600,1400
1480707923,96.5700,96.5700,96.5600,96.5600,300
1480707977,96.5200,96.5500,96.5200,96.5500,1000
1480708024,96.5250,96.5300,96.5100,96.5100,2400
1480708094,96.5500,96.5500,96.4900,96.5000,300
1480708174,96.5250,96.5250,96.4900,96.4900,300
1480708202,96.5300,96.5400,96.5000,96.5400,1200
1480708298,96.5300,96.5300,96.5100,96.5100,200
1480708342,96.5382,96.5400,96.5100,96.5200,1000
1480708392,96.5950,96.6000,96.5300,96.5300,2300
1480708470,96.6900,96.6900,96.6000,96.6100,1000
1480708554,96.6500,96.6800,96.6500,96.6500,900
1480708587,96.6400,96.6800,96.6400,96.6500,1100
1480708631,96.7000,96.7000,96.6400,96.6400,1600
1480708682,96.6850,96.6850,96.6401,96.6401,300
1480708756,96.6400,96.6400,96.6400,96.6400,200
1480708805,96.6650,96.6700,96.6650,96.6700,500
1480708901,96.6400,96.6400,96.6400,96.6400,100
1480708978,96.6600,96.6900,96.6600,96.6650,1000
1480708981,96.6800,96.6900,96.6650,96.6800,2000
1480709046,96.6800,96.6800,96.6800,96.6800,300
1480709103,96.6800,96.6900,96.6400,96.6800,4000
1480709163,96.7000,96.7000,96.6900,96.6900,300
1480709254,96.7000,96.7000,96.6800,96.6800,700
1480709289,96.6500,96.6800,96.6500,96.6800,1800
1480709384,96.6400,96.6720,96.6400,96.6500,500
1480709430,96.6600,96.6900,96.6550,96.6550,1200
1480709464,96.6750,96.6750,96.6500,96.6500,400
1480709539,96.6750,96.6750,96.6600,96.6600,200
1480709589,96.6655,96.6800,96.6600,96.6600,2600
1480709693,96.6800,96.6800,96.6700,96.6700,200
1480709703,96.6800,96.6900,96.6800,96.6900,600
1480709760,96.7000,96.7000,96.6700,96.6800,3000
1480709868,96.7400,96.7600,96.7000,96.7100,3800
1480709939,96.7900,96.7900,96.7400,96.7400,1900
1480709997,96.8400,96.8400,96.7900,96.7900,3300
1480710004,96.8400,96.8700,96.8300,96.8400,1000
1480710115,96.8500,96.8500,96.8500,96.8500,100
1480710151,96.8800,96.8800,96.8700,96.8800,500
1480710181,96.8700,96.8900,96.8500,96.8500,3000
1480710295,96.8800,96.8900,96.8600,96.8700,1000
1480710330,96.8800,96.8800,96.8600,96.8800,1500
1480710368,96.8600,96.8750,96.8600,96.8750,200
1480710427,96.8900,96.8900,96.8600,96.8750,700
1480710490,96.8800,96.8800,96.8600,96.8675,2200
1480710543,96.9100,96.9200,96.8900,96.8900,2800
1480710609,96.9000,96.9100,96.8900,96.9100,5400
1480710662,96.9800,96.9800,96.8800,96.8900,9500
1480710721,96.9250,96.9900,96.9000,96.9900,3600
1480710792,96.9500,96.9500,96.9300,96.9300,1300
1480710889,96.9500,96.9726,96.9400,96.9600,2500
1480710903,96.9600,96.9600,96.9500,96.9600,700
1480710987,96.9587,96.9600,96.9400,96.9400,1000
1480711023,96.9203,96.9600,96.9200,96.9500,6600
1480711081,96.9250,96.9500,96.9100,96.9300,10000
1480711142,96.9400,96.9500,96.9400,96.9400,1200
1480711201,96.9500,96.9500,96.9400,96.9500,2500
1480711276,96.9500,96.9500,96.9400,96.9500,2100
1480711323,96.9400,96.9600,96.9250,96.9450,8300
1480711403,96.9500,96.9500,96.9300,96.9400,2800
1480711455,96.9600,96.9600,96.9400,96.9500,2700
1480711500,97.0000,97.0000,96.9600,96.9700,8900
1480711575,96.9900,97.0000,96.9900,97.0000,2800
1480711630,96.9625,96.9900,96.9600,96.9900,6500
1480711698,96.9100,96.9600,96.9100,96.9600,6400
1480711741,96.9500,96.9500,96.8800,96.9150,7200
1480711803,96.9800,96.9800,96.9300,96.9300,2600
1480711860,96.9650,97.0000,96.9600,96.9800,2500
1480711977,96.9400,96.9800,96.8900,96.9700,5300
1480712037,96.9100,96.9400,96.8900,96.9300,4300
1480712044,96.9100,96.9200,96.9000,96.9200,6400
1480712159,97.0300,97.0300,96.8900,96.9100,8300
1480712160,97.0170,97.0350,97.0100,97.0300,5200
1480712220,97.0100,97.0300,97.0000,97.0200,5800
1480712280,97.1500,97.1500,97.0100,97.0100,41400
1480712399,97.0800,97.1700,97.0500,97.1400,25200
1480712400,97.0800,97.0800,97.0800,97.0800,100
