uri:/instrument/1.0/PRGO/chartdata;type=quote;range=1d/csv
ticker:prgo
Company-Name:Perrigo Company plc Ordinary Sh
Exchange-Name:NYQ
unit:MIN
timezone:EST
currency:USD
gmtoffset:-18000
previous_close:85.8000
Timestamp:1480689000,1480712400
labels:1480690800,1480694400,1480698000,1480701600,1480705200,1480708800,1480712400
values:Timestamp,close,high,low,open,volume
close:85.0300,86.1000
high:85.0400,86.2000
low:85.0200,86.0200
open:85.0400,86.1500
volume:100,36800
1480689157,86.0000,86.0000,85.9350,85.9350,6000
1480689183,85.9600,86.0000,85.8100,86.0000,1200
1480689259,86.0500,86.0550,85.8100,85.8700,2400
1480689343,85.6200,86.0050,85.6100,86.0050,2500
1480689413,85.6600,85.8100,85.6500,85.7300,2600
1480689423,85.8700,85.8700,85.5800,85.6000,2600
1480689519,85.7900,85.7900,85.7900,85.7900,200
1480689595,86.0000,86.0000,85.8200,85.9100,1000
1480689650,86.0300,86.0300,86.0000,86.0000,2200
1480689717,86.1000,86.1300,86.0200,86.0500,14600
1480689775,85.8700,86.2000,85.8600,86.1500,4900
1480689780,85.7100,85.9800,85.7100,85.9400,2800
1480689897,85.6300,85.8350,85.5600,85.7500,8600
1480689902,85.4600,85.6000,85.3500,85.6000,8600
1480690001,85.6000,85.6300,85.5500,85.5500,1700
1480690029,85.6200,85.6500,85.6100,85.6100,2000
1480690101,85.7100,85.7100,85.6200,85.6200,2400
1480690196,85.8200,85.8200,85.7101,85.7300,3200
1480690258,85.7800,85.8700,85.7100,85.8450,2700
1480690261,85.6400,85.7300,85.5800,85.7100,1400
1480690340,85.8100,85.8100,85.6800,85.6800,2000
1480690436,85.9500,85.9500,85.7700,85.8300,13000
1480690496,85.7200,85.8700,85.6350,85.8700,9300
1480690502,85.8100,85.8100,85.6800,85.7600,5200
1480690568,85.6900,85.8100,85.6800,85.8000,4500
1480690729,85.8000,85.8000,85.6900,85.7300,2600
1480690799,85.8100,85.8300,85.6700,85.7800,4000
1480690800,85.5500,85.8500,85.5200,85.8200,8200
1480690877,85.5100,85.5700,85.5100,85.5700,900
1480690975,85.5900,85.6100,85.5000,85.5000,2700
1480691033,85.6000,85.6200,85.5200,85.5900,9200
1480691052,85.5500,85.6300,85.5000,85.5800,3500
1480691133,85.6050,85.6050,85.6050,85.6050,300
1480691165,85.6400,85.6700,85.4600,85.6000,4500
1480691224,85.6000,85.6800,85.5900,85.6200,2900
1480691294,85.6400,85.6600,85.5600,85.6250,2700
1480691346,85.7000,85.7075,85.6400,85.6400,6900
1480691405,85.5900,85.6900,85.5500,85.6800,8600
1480691516,85.5300,85.6200,85.4800,85.5550,6500
1480691552,85.4600,85.5500,85.4300,85.5300,3200
1480691584,85.5000,85.5300,85.4900,85.5200,2200
1480691699,85.4300,85.5400,85.4000,85.5100,13400
1480691700,85.4200,85.5200,85.4200,85.4600,8400
1480691761,85.2700,85.4400,85.2700,85.4100,5600
1480691826,85.3700,85.3700,85.2850,85.3000,1900
1480691881,85.3900,85.3900,85.3200,85.3700,2300
1480691998,85.3500,85.4500,85.2600,85.4100,12200
1480692000,85.4500,85.5000,85.3700,85.3700,7500
1480692063,85.4500,85.4900,85.3900,85.4400,6700
1480692121,85.5400,85.5400,85.4600,85.4600,1800
1480692181,85.2900,85.4900,85.2900,85.4900,1200
1480692248,85.3550,85.3550,85.3550,85.3550,100
1480692347,85.3600,85.3600,85.3450,85.3450,800
1480692369,85.2500,85.2500,85.2500,85.2500,200
1480692424,85.3900,85.4100,85.3200,85.3600,3300
1480692490,85.3100,85.3900,85.3100,85.3700,1600
1480692613,85.2500,85.2900,85.2500,85.2500,600
1480692664,85.2600,85.3100,85.2100,85.3100,2200
1480692731,85.2100,85.2500,85.2100,85.2500,1600
1480692826,85.1900,85.2300,85.1500,85.2100,3600
1480692841,85.2600,85.3200,85.2500,85.2500,1600
1480692923,85.3800,85.4100,85.3400,85.3400,6600
1480693019,85.4500,85.4600,85.3900,85.4500,3700
1480693074,85.4700,85.4900,85.4300,85.4550,4500
1480693086,85.3900,85.4500,85.3900,85.4500,3000
1480693168,85.3400,85.3500,85.3300,85.3500,900
1480693222,85.3400,85.4000,85.3400,85.3400,3000
1480693316,85.5000,85.5000,85.3400,85.3400,10400
1480693320,85.4000,85.4700,85.3500,85.4700,3600
1480693383,85.3500,85.4200,85.3500,85.3500,6500
1480693441,85.4800,85.4800,85.3650,85.3800,8200
1480693556,85.3700,85.5000,85.3700,85.5000,4100
1480693617,85.3700,85.4000,85.3500,85.4000,1800
1480693671,85.3700,85.4400,85.3400,85.3900,5200
1480693680,85.3400,85.3700,85.3200,85.3700,1400
1480693767,85.3200,85.3599,85.2900,85.3599,1100
1480693852,85.2800,85.3600,85.2800,85.3300,1900
1480693862,85.2900,85.2900,85.2900,85.2900,100
1480693924,85.1600,85.2900,85.1600,85.2900,2000
1480693980,85.2100,85.2400,85.1600,85.2100,4100
1480694061,85.1100,85.1800,85.1100,85.1800,1200
1480694107,85.1300,85.1400,85.0800,85.1100,2600
1480694160,85.1000,85.1300,85.1000,85.1200,1400
1480694226,85.1500,85.1900,85.1300,85.1400,3400
1480694291,85.0900,85.1500,85.0600,85.1500,2600
1480694340,85.0800,85.1600,85.0800,85.1200,1200
1480694458,85.0300,85.0900,85.0200,85.0700,1900
1480694465,85.0400,85.0400,85.0200,85.0400,1000
1480694520,85.2200,85.2200,85.0600,85.0600,3700
1480694639,85.1900,85.2800,85.1700,85.2200,10100
1480694661,85.2800,85.2800,85.1750,85.1750,1800
1480694710,85.2500,85.2500,85.2000,85.2400,3300
1480694819,85.2500,85.3400,85.2400,85.3223,3000
1480694878,85.3000,85.4000,85.2300,85.2500,6100
1480694938,85.3100,85.3100,85.2000,85.2900,3100
1480694999,85.3000,85.3600,85.2000,85.3100,6900
1480695000,85.2540,85.2900,85.2050,85.2900,3000
1480695114,85.2467,85.2700,85.1925,85.2300,3200
1480695176,85.2000,85.2700,85.2000,85.2200,4400
1480695238,85.1050,85.1600,85.0900,85.1600,7200
1480695245,85.1100,85.2000,85.0900,85.0900,10100
1480695306,85.2000,85.2000,85.1250,85.1250,1100
1480695417,85.1500,85.2050,85.1300,85.1500,4000
1480695420,85.2100,85.2300,85.1700,85.1800,2400
1480695539,85.1500,85.2400,85.1500,85.2300,5300
1480695540,85.1600,85.2000,85.1500,85.1500,3200
1480695657,85.1250,85.1900,85.0900,85.1800,4800
1480695665,85.1300,85.2000,85.1000,85.1000,3700
1480695752,85.1400,85.1600,85.1300,85.1400,2200
1480695826,85.1900,85.1900,85.1450,85.1450,2600
1480695936,85.2100,85.2100,85.2100,85.2100,500
1480695967,85.1400,85.1800,85.1300,85.1800,3000
1480696078,85.1250,85.1700,85.1200,85.1600,2600
1480696139,85.1600,85.1700,85.1500,85.1500,2200
1480696196,85.1850,85.1850,85.1850,85.1850,100
1480696232,85.1700,85.1900,85.1700,85.1800,1700
1480696262,85.2326,85.2500,85.1800,85.1800,5300
1480696369,85.3500,85.4200,85.2600,85.2800,3300
1480696386,85.3250,85.3700,85.3250,85.3700,800
1480696459,85.2350,85.3000,85.2100,85.3000,1800
1480696553,85.2600,85.2600,85.2450,85.2600,2000
1480696604,85.2500,85.2750,85.2500,85.2750,300
1480696630,85.3138,85.3200,85.2500,85.2700,4800
1480696733,85.2500,85.3100,85.2300,85.3100,3100
1480696815,85.2800,85.3050,85.2800,85.2800,3400
1480696861,85.2850,85.3100,85.2800,85.2900,2200
1480696973,85.2600,85.3000,85.2400,85.3000,2300
1480696980,85.1900,85.2200,85.1900,85.2100,1100
1480697149,85.0410,85.1600,85.0410,85.1600,2800
1480697215,85.1700,85.1700,85.0800,85.1100,4800
1480697232,85.2200,85.2400,85.1900,85.1900,800
1480697287,85.1900,85.2200,85.1900,85.2200,2000
1480697347,85.1640,85.1640,85.1100,85.1377,700
1480697457,85.1700,85.2000,85.1650,85.1650,2600
1480697519,85.1900,85.2200,85.1100,85.1400,4800
1480697575,85.2100,85.2325,85.2000,85.2100,2200
1480697629,85.1300,85.2100,85.1300,85.2100,1900
1480697673,85.2000,85.2100,85.1600,85.1600,2500
1480697736,85.1900,85.2000,85.1700,85.2000,1300
1480697816,85.1600,85.1800,85.1600,85.1800,300
1480697856,85.1300,85.1800,85.1100,85.1800,2000
1480697908,85.1600,85.1600,85.1500,85.1500,1200
1480697981,85.1100,85.1500,85.1100,85.1500,1000
1480698008,85.2150,85.2150,85.1000,85.1000,4500
1480698116,85.3000,85.3000,85.2250,85.2400,2000
1480698136,85.2450,85.3000,85.2450,85.3000,2800
1480698201,85.2500,85.2500,85.2500,85.2500,600
1480698280,85.1800,85.2100,85.1800,85.2100,1500
1480698300,85.2900,85.3000,85.2000,85.2000,5400
1480698395,85.2300,85.2900,85.2300,85.2900,1700
1480698451,85.2250,85.2500,85.2250,85.2500,600
1480698491,85.1200,85.2400,85.1200,85.2250,1300
1480698554,85.1800,85.2100,85.0667,85.0667,4200
1480698710,85.1800,85.2050,85.1700,85.2000,2000
1480698720,85.2750,85.3000,85.1700,85.1700,7700
1480698793,85.2900,85.3000,85.2600,85.2600,4500
1480698888,85.3050,85.3800,85.2900,85.3100,4900
1480698953,85.3044,85.3400,85.3000,85.3300,2300
1480698975,85.3400,85.3400,85.2300,85.3400,5000
1480699028,85.3000,85.3400,85.3000,85.3400,900
1480699139,85.3900,85.4500,85.3600,85.3600,3200
1480699192,85.4200,85.4200,85.3900,85.3900,2100
1480699256,85.4000,85.4600,85.3900,85.4200,3600
1480699306,85.4500,85.4500,85.4000,85.4000,2200
1480699363,85.4100,85.4700,85.4100,85.4600,1100
1480699386,85.3950,85.4100,85.3800,85.4100,2400
1480699483,85.3900,85.4200,85.3900,85.4000,2500
1480699503,85.4100,85.4200,85.3400,85.3800,3100
1480699581,85.4500,85.4500,85.4400,85.4400,500
1480699640,85.4150,85.4300,85.3900,85.4100,1900
1480699742,85.3500,85.4200,85.3350,85.4200,3500
1480699807,85.3500,85.3500,85.3500,85.3500,100
1480699901,85.3500,85.3500,85.3500,85.3500,200
1480699920,85.3900,85.3900,85.2700,85.3500,6700
1480700004,85.4000,85.4500,85.3900,85.4196,2500
1480700096,85.3800,85.4000,85.3700,85.4000,300
1480700114,85.2850,85.3800,85.2600,85.3800,3600
1480700214,85.2900,85.3100,85.2600,85.2600,1100
1480700273,85.1700,85.2800,85.1700,85.2700,2200
1480700335,85.1950,85.2300,85.1100,85.1300,4200
1480700340,85.2200,85.2200,85.1500,85.1800,2200
1480700420,85.2700,85.2700,85.2200,85.2200,2700
1480700519,85.3200,85.3200,85.3000,85.3200,1700
1480700520,85.3000,85.3300,85.2500,85.3100,6100
1480700635,85.2700,85.3200,85.2300,85.2848,4400
1480700679,85.3000,85.3200,85.2550,85.3000,4100
1480700739,85.2700,85.3300,85.2700,85.3100,3400
1480700772,85.2800,85.3000,85.2800,85.2900,1000
1480700876,85.3900,85.3900,85.3100,85.3100,1800
1480700909,85.3200,85.3700,85.3100,85.3700,2100
1480700964,85.3200,85.3268,85.2800,85.3268,1800
1480701015,85.3100,85.3100,85.3000,85.3000,400
1480701117,85.3600,85.3700,85.3100,85.3200,3300
1480701120,85.3400,85.3400,85.2900,85.3300,1800
1480701231,85.3200,85.3400,85.3200,85.3400,200
1480701260,85.3900,85.3900,85.3450,85.3450,2400
1480701351,85.4300,85.4500,85.4000,85.4000,4100
1480701413,85.2900,85.4200,85.2900,85.4100,2600
1480701466,85.3500,85.3600,85.2900,85.3000,2700
1480701509,85.3545,85.3545,85.3545,85.3545,1000
1480701599,85.3000,85.3500,85.2800,85.3500,2000
1480701616,85.3000,85.3000,85.3000,85.3000,300
1480701741,85.3600,85.4000,85.3000,85.3000,8700
1480701781,85.3800,85.4300,85.3500,85.3594,4900
1480701897,85.3650,85.3700,85.3600,85.3700,900
1480701900,85.3500,85.4100,85.3150,85.3800,9400
1480702012,85.4200,85.4200,85.3300,85.3600,4000
1480702022,85.4900,85.4900,85.3900,85.4000,2700
1480702125,85.4100,85.5400,85.3700,85.4800,3700
1480702193,85.3700,85.4000,85.2700,85.4000,3100
1480702259,85.3950,85.4800,85.3900,85.3900,5700
1480702264,85.3800,85.4400,85.3500,85.4000,3300
1480702379,85.3700,85.3800,85.3550,85.3700,1100
1480702416,85.4000,85.4100,85.3700,85.3700,2400
1480702498,85.3300,85.4600,85.2900,85.4100,7700
1480702502,85.3300,85.3300,85.2800,85.2800,500
1480702678,85.3600,85.3900,85.3400,85.3500,3000
1480702736,85.3400,85.4100,85.3400,85.3900,1000
1480702744,85.4000,85.4500,85.4000,85.4000,1900
1480702851,85.4300,85.4300,85.3500,85.3800,1900
1480702887,85.4100,85.4300,85.4100,85.4300,700
1480702966,85.3800,85.4600,85.3200,85.4600,2300
1480702990,85.3900,85.4300,85.3900,85.4000,1400
1480703055,85.1200,85.3800,85.1200,85.3300,6500
1480703159,85.2200,85.2400,85.1700,85.1800,4700
1480703161,85.2800,85.2800,85.2000,85.2000,700
1480703243,85.3100,85.3100,85.2600,85.2900,3800
1480703336,85.2500,85.2600,85.2500,85.2600,700
1480703350,85.2500,85.2800,85.2400,85.2600,3100
1480703457,85.3500,85.3500,85.2600,85.2600,1400
1480703492,85.3800,85.3800,85.3135,85.3800,300
1480703564,85.3200,85.3400,85.2200,85.3400,2300
1480703590,85.4100,85.4100,85.3200,85.3200,1400
1480703680,85.3500,85.4200,85.3500,85.4200,1700
1480703706,85.3800,85.3900,85.3500,85.3700,1600
1480703813,85.3200,85.3700,85.3100,85.3600,2200
1480703822,85.3900,85.3900,85.3000,85.3000,900
1480703920,85.3800,85.3850,85.3500,85.3800,1900
1480703991,85.4200,85.4200,85.4000,85.4000,2900
1480704027,85.4000,85.4200,85.3800,85.4200,1900
1480704109,85.3900,85.3900,85.3900,85.3900,600
1480704134,85.3600,85.4000,85.3300,85.3900,3600
1480704223,85.2500,85.3800,85.2400,85.3200,4400
1480704299,85.1900,85.3100,85.1900,85.2900,2800
1480704306,85.2000,85.2100,85.1200,85.2100,3100
1480704383,85.3000,85.3000,85.2700,85.2700,300
1480704454,85.3000,85.3000,85.3000,85.3000,100
1480704532,85.1900,85.3000,85.1900,85.3000,3400
1480704553,85.3000,85.3000,85.1900,85.1900,2000
1480704649,85.3300,85.3800,85.3300,85.3300,1100
1480704666,85.3000,85.4000,85.3000,85.3600,3500
1480704775,85.3800,85.3800,85.3500,85.3500,600
1480704825,85.4100,85.4100,85.4000,85.4000,400
1480704883,85.3100,85.4300,85.3100,85.4300,3400
1480704959,85.4000,85.4100,85.3500,85.3600,3000
1480704989,85.4400,85.4400,85.4400,85.4400,300
1480705060,85.4300,85.4700,85.3700,85.4700,2400
1480705092,85.4000,85.4000,85.3900,85.4000,1900
1480705183,85.2400,85.4000,85.2400,85.3800,4300
1480705200,85.3300,85.3300,85.2500,85.3200,1500
1480705274,85.4000,85.4400,85.3670,85.3900,1200
1480705345,85.4300,85.4300,85.4200,85.4200,500
1480705434,85.4050,85.4300,85.4000,85.4300,2700
1480705448,85.4000,85.4300,85.3500,85.4000,3400
1480705559,85.4000,85.4200,85.3900,85.3900,1000
1480705562,85.3800,85.4100,85.3700,85.4000,2200
1480705625,85.3800,85.4000,85.3400,85.3800,1600
1480705680,85.3600,85.4100,85.3000,85.3800,4300
1480705742,85.4000,85.4000,85.3600,85.3600,900
1480705808,85.4800,85.4800,85.4300,85.4300,600
1480705864,85.4300,85.4600,85.4100,85.4564,5100
1480705975,85.4100,85.4100,85.3500,85.4000,1600
1480705986,85.4900,85.4900,85.4200,85.4200,300
1480706093,85.4800,85.4900,85.4506,85.4900,1800
1480706126,85.5000,85.5000,85.4600,85.4600,1800
1480706164,85.5300,85.5400,85.4900,85.5300,3300
1480706222,85.6300,85.6300,85.5300,85.5300,1100
1480706291,85.6275,85.6500,85.6275,85.6500,700
1480706342,85.6900,85.6900,85.6700,85.6700,800
1480706413,85.5400,85.6800,85.5400,85.6800,6400
1480706497,85.6000,85.6000,85.5700,85.5700,1400
1480706520,85.5800,85.6100,85.5650,85.6100,2100
1480706627,85.6500,85.6500,85.6100,85.6100,600
1480706698,85.6300,85.6350,85.5500,85.6350,4300
1480706753,85.5100,85.6100,85.4700,85.6100,6200
1480706764,85.6200,85.6200,85.4700,85.4700,3300
1480706879,85.5900,85.6400,85.4900,85.6400,4000
1480706881,85.6200,85.6200,85.5900,85.5900,1400
1480706948,85.6700,85.6700,85.6600,85.6600,200
1480707019,85.6700,85.6700,85.6600,85.6600,200
1480707111,85.5100,85.6550,85.5100,85.6400,3000
1480707126,85.5900,85.5900,85.5400,85.5600,3700
1480707197,85.6200,85.6400,85.6000,85.6000,2200
1480707241,85.6800,85.6800,85.6200,85.6200,2700
1480707359,85.7900,85.7900,85.6900,85.6900,2100
1480707360,85.8300,85.8500,85.7600,85.7700,3700
1480707464,85.8400,85.8400,85.8100,85.8100,1800
1480707480,85.9300,85.9300,85.8500,85.8500,700
1480707596,85.8300,85.9400,85.8100,85.9400,6300
1480707602,85.7800,85.8200,85.7700,85.7900,1400
1480707660,85.7800,85.7900,85.7800,85.7900,700
1480707767,85.7900,85.8200,85.7600,85.8000,3100
1480707788,85.7500,85.7900,85.6900,85.7900,2200
1480707882,85.7700,85.7700,85.6900,85.6900,1800
1480707946,85.8700,85.8700,85.7700,85.7700,1100
1480707964,85.8700,85.9100,85.8631,85.8631,2700
1480708026,85.9300,85.9300,85.8700,85.8800,1400
1480708088,85.8900,85.9150,85.8700,85.9100,3700
1480708159,85.7350,85.8650,85.7350,85.8650,1600
1480708251,85.8200,85.8300,85.7300,85.7300,7100
1480708260,85.8350,85.8400,85.8100,85.8100,1300
1480708340,85.7900,85.8300,85.7900,85.8200,2900
1480708385,85.8400,85.8400,85.7700,85.7700,7200
1480708444,85.8700,85.8700,85.8100,85.8400,2200
1480708519,85.6900,85.8800,85.6600,85.8600,6300
1480708618,85.6700,85.7500,85.6700,85.7400,2600
1480708642,85.7200,85.7200,85.6700,85.6700,1300
1480708683,85.7000,85.7500,85.6400,85.7100,5600
1480708792,85.6600,85.7150,85.6600,85.7000,2200
1480708858,85.8199,85.8199,85.6700,85.6700,5000
1480708901,85.7300,85.8000,85.7300,85.8000,2200
1480708974,85.8344,85.8344,85.7700,85.7700,1400
1480708983,85.8300,85.8400,85.8100,85.8200,3000
1480709055,85.8100,85.8400,85.7600,85.8400,3400
1480709128,85.8500,85.8500,85.8200,85.8200,1100
1480709218,85.9200,85.9300,85.8700,85.8700,1500
1480709235,85.9000,85.9300,85.9000,85.9200,4100
1480709300,85.8600,85.8600,85.7900,85.7900,1800
1480709345,85.8500,85.8900,85.8000,85.8800,5100
1480709402,85.8000,85.8400,85.7000,85.8400,2000
1480709481,85.7500,85.8500,85.7300,85.7800,5200
1480709575,85.7800,85.7800,85.7300,85.7300,2900
1480709585,85.8000,85.8000,85.7500,85.7500,1900
1480709698,85.7700,85.8200,85.7019,85.8200,7200
1480709700,85.6200,85.7500,85.6000,85.7400,8500
1480709762,85.6100,85.6200,85.5200,85.6200,3000
1480709859,85.6000,85.6100,85.6000,85.6050,400
1480709939,85.6000,85.6400,85.6000,85.6100,3400
1480709940,85.5300,85.6200,85.5300,85.6200,2400
1480710041,85.5300,85.5800,85.5300,85.5550,2000
1480710110,85.5900,85.6200,85.5600,85.5600,3200
1480710179,85.5500,85.5950,85.5200,85.5950,4800
1480710215,85.5900,85.5900,85.5500,85.5500,1300
1480710240,85.5300,85.6000,85.5200,85.6000,4000
1480710355,85.6700,85.6900,85.5700,85.5700,3800
1480710360,85.6600,85.7300,85.6400,85.6900,4600
1480710471,85.6500,85.6800,85.6500,85.6500,2400
1480710533,85.7170,85.7170,85.6900,85.6900,2200
1480710543,85.8700,85.8700,85.7100,85.7200,8100
1480710601,85.7295,85.8600,85.7295,85.8600,4900
1480710661,85.8300,85.8300,85.7100,85.7100,4100
1480710721,85.8300,85.8500,85.8100,85.8500,1400
1480710791,85.8800,85.9000,85.8200,85.8500,5000
1480710840,85.7400,85.8700,85.7400,85.8700,5700
1480710928,85.8200,85.8200,85.7850,85.7900,700
1480711002,85.8300,85.8400,85.7900,85.8400,4600
1480711066,85.8400,85.8400,85.8100,85.8100,2100
1480711083,85.8250,85.8500,85.8250,85.8500,3100
1480711183,85.7900,85.8300,85.7200,85.8300,5300
1480711201,85.7800,85.8100,85.7700,85.7900,3600
1480711271,85.8050,85.8200,85.8000,85.8000,3300
1480711323,85.8500,85.8500,85.8200,85.8200,2000
1480711397,85.8200,85.8400,85.7900,85.8400,4800
1480711444,85.8200,85.8300,85.8100,85.8300,3000
1480711500,85.8100,85.8700,85.7700,85.8300,8400
1480711615,85.8300,85.8400,85.7900,85.8400,11200
1480711623,85.8700,85.8750,85.8200,85.8200,5100
1480711738,85.8100,85.9000,85.8000,85.8800,8300
1480711741,85.8600,85.8600,85.7800,85.7800,8100
1480711800,85.8700,85.9000,85.8500,85.8600,13000
1480711860,85.8200,85.8900,85.8100,85.8800,4800
1480711978,85.8000,85.8400,85.7700,85.8300,10400
1480712037,85.8050,85.8050,85.7800,85.7900,5700
1480712040,85.7900,85.8100,85.7500,85.8000,10900
1480712158,85.8500,85.8700,85.8200,85.8200,8100
1480712162,85.8700,85.8800,85.8400,85.8600,11500
1480712221,85.8500,85.9000,85.8300,85.8750,13600
1480712282,85.8700,85.9200,85.8575,85.8575,18600
1480712340,85.9100,85.9900,85.8200,85.9100,36800
1480712400,85.9100,85.9100,85.9100,85.9100,200
