uri:/instrument/1.0/SCHB/chartdata;type=quote;range=1d/csv
ticker:schb
Company-Name:Schwab U.S. Broad Market ETF
Exchange-Name:PCX
unit:MIN
timezone:EST
currency:USD
gmtoffset:-18000
previous_close:53.2300
Timestamp:1480689000,1480712400
labels:1480690800,1480694400,1480698000,1480701600,1480705200,1480708800,1480712400
values:Timestamp,close,high,low,open,volume
close:53.1810,53.4180
high:53.1810,53.4201
low:53.1800,53.4180
open:53.1800,53.4200
volume:100,27600
1480689034,53.2500,53.2500,53.2300,53.2400,25200
1480689089,53.2201,53.2201,53.2201,53.2201,100
1480689174,53.2280,53.2280,53.2200,53.2200,1100
1480689187,53.2300,53.2300,53.2200,53.2200,10400
1480689272,53.2201,53.2300,53.2200,53.2240,7600
1480689337,53.2600,53.2600,53.2500,53.2500,400
1480689361,53.2600,53.2600,53.2590,53.2590,2700
1480689462,53.3000,53.3000,53.2600,53.2600,12300
1480689504,53.3068,53.3068,53.3001,53.3001,200
1480689568,53.3400,53.3400,53.3200,53.3200,2000
1480689601,53.3401,53.3501,53.3401,53.3501,700
1480689673,53.3481,53.3481,53.3481,53.3481,200
1480689839,53.3130,53.3421,53.3130,53.3421,300
1480689863,53.2900,53.3000,53.2900,53.3000,1000
1480689989,53.2919,53.3000,53.2919,53.3000,1100
1480690047,53.2810,53.2810,53.2810,53.2810,100
1480690085,53.3099,53.3099,53.3099,53.3099,200
1480690299,53.2900,53.2900,53.2900,53.2900,400
1480690432,53.3119,53.3119,53.2999,53.3000,700
1480690476,53.3020,53.3098,53.3020,53.3098,4900
1480690726,53.3400,53.3400,53.3300,53.3300,2900
1480690780,53.3340,53.3340,53.3340,53.3340,400
1480690801,53.3600,53.3720,53.3500,53.3500,2000
1480690934,53.3599,53.3600,53.3501,53.3600,2400
1480690980,53.3499,53.3600,53.3444,53.3600,1300
1480691049,53.3600,53.3600,53.3490,53.3490,600
1480691102,53.3399,53.3499,53.3399,53.3399,1000
1480691164,53.3500,53.3500,53.3400,53.3400,1700
1480691226,53.3480,53.3500,53.3480,53.3500,8500
1480691299,53.3700,53.3700,53.3401,53.3401,2500
1480691363,53.3600,53.3600,53.3600,53.3600,300
1480691402,53.3200,53.3599,53.3200,53.3590,7300
1480691461,53.3100,53.3199,53.3100,53.3100,4000
1480691545,53.2880,53.2880,53.2880,53.2880,900
1480691614,53.2900,53.3012,53.2900,53.3012,4100
1480691651,53.3099,53.3099,53.3099,53.3099,500
1480691705,53.2999,53.2999,53.2901,53.2901,600
1480691782,53.2600,53.2950,53.2600,53.2950,500
1480691832,53.2800,53.2800,53.2700,53.2700,3000
1480691902,53.2900,53.2900,53.2900,53.2900,2400
1480691949,53.2900,53.2900,53.2900,53.2900,1600
1480692005,53.3001,53.3001,53.2990,53.2990,2000
1480692061,53.3000,53.3099,53.3000,53.3099,2500
1480692192,53.2540,53.2700,53.2500,53.2700,1600
1480692270,53.2656,53.2656,53.2656,53.2656,100
1480692303,53.2800,53.2999,53.2690,53.2690,7200
1480692381,53.2799,53.2899,53.2700,53.2899,700
1480692438,53.3000,53.3000,53.2900,53.2900,1400
1480692498,53.2900,53.2900,53.2900,53.2900,100
1480692546,53.2820,53.2971,53.2820,53.2971,800
1480692620,53.3100,53.3100,53.3000,53.3000,4800
1480692719,53.3200,53.3299,53.3100,53.3100,3200
1480692720,53.3299,53.3299,53.3200,53.3200,2800
1480692782,53.3199,53.3199,53.3099,53.3100,5200
1480692856,53.2932,53.3000,53.2932,53.3000,1100
1480692921,53.3000,53.3099,53.3000,53.3000,6800
1480692960,53.3100,53.3100,53.3000,53.3099,4100
1480693028,53.3299,53.3299,53.3139,53.3139,1200
1480693081,53.3299,53.3300,53.3110,53.3200,2500
1480693161,53.3400,53.3400,53.3300,53.3300,4000
1480693232,53.3400,53.3500,53.3400,53.3500,600
1480693300,53.3512,53.3600,53.3512,53.3600,600
1480693438,53.3600,53.3600,53.3340,53.3400,400
1480693494,53.3700,53.3700,53.3500,53.3507,700
1480693554,53.3840,53.4000,53.3840,53.3900,2200
1480693566,53.3899,53.3899,53.3899,53.3899,100
1480693640,53.3600,53.3600,53.3600,53.3600,300
1480693689,53.3400,53.3600,53.3400,53.3600,700
1480693767,53.3500,53.3500,53.3500,53.3500,1000
1480693916,53.3699,53.3699,53.3660,53.3660,200
1480693924,53.3600,53.3600,53.3600,53.3600,500
1480694018,53.3520,53.3520,53.3500,53.3500,700
1480694040,53.3420,53.3500,53.3401,53.3500,1700
1480694119,53.3401,53.3401,53.3401,53.3401,600
1480694241,53.3500,53.3500,53.3500,53.3500,2300
1480694306,53.3525,53.3525,53.3501,53.3501,200
1480694351,53.3600,53.3600,53.3600,53.3600,1400
1480694404,53.3680,53.3680,53.3500,53.3500,900
1480694690,53.3712,53.3712,53.3560,53.3560,1500
1480694714,53.3800,53.3800,53.3800,53.3800,2200
1480694801,53.3800,53.3800,53.3800,53.3800,300
1480694896,53.4000,53.4000,53.4000,53.4000,3000
1480694998,53.4080,53.4100,53.4080,53.4100,500
1480695047,53.3900,53.3900,53.3900,53.3900,400
1480695096,53.4000,53.4000,53.3900,53.3900,1800
1480695136,53.3900,53.4000,53.3900,53.4000,4400
1480695190,53.4000,53.4000,53.4000,53.4000,1100
1480695294,53.4099,53.4099,53.3940,53.3940,600
1480695408,53.3900,53.3999,53.3900,53.3990,800
1480695426,53.3920,53.3920,53.3900,53.3900,1400
1480695499,53.4000,53.4000,53.3969,53.4000,3300
1480695569,53.4002,53.4002,53.4002,53.4002,1000
1480695656,53.4100,53.4110,53.4100,53.4110,1100
1480695674,53.4180,53.4201,53.4180,53.4200,1900
1480695741,53.4168,53.4199,53.4100,53.4100,6200
1480695806,53.4080,53.4080,53.4000,53.4000,1200
1480695877,53.4099,53.4099,53.4000,53.4000,400
1480695920,53.4000,53.4000,53.4000,53.4000,200
1480696030,53.4100,53.4100,53.4100,53.4100,300
1480696112,53.4090,53.4090,53.4000,53.4001,1200
1480696196,53.4000,53.4100,53.4000,53.4100,200
1480696204,53.3960,53.3960,53.3960,53.3960,400
1480696317,53.3921,53.3921,53.3921,53.3921,200
1480696419,53.3700,53.3800,53.3700,53.3800,500
1480696499,53.3799,53.3799,53.3799,53.3799,100
1480696502,53.3800,53.3800,53.3790,53.3790,1800
1480696625,53.3690,53.3700,53.3616,53.3700,1800
1480696768,53.3700,53.3700,53.3700,53.3700,100
1480696840,53.3700,53.3700,53.3700,53.3700,1000
1480696892,53.3700,53.3700,53.3700,53.3700,300
1480696973,53.3700,53.3700,53.3700,53.3700,600
1480697032,53.3501,53.3679,53.3501,53.3679,300
1480697047,53.3590,53.3640,53.3590,53.3640,900
1480697125,53.3599,53.3599,53.3599,53.3599,2000
1480697220,53.3560,53.3560,53.3481,53.3481,400
1480697372,53.3500,53.3500,53.3500,53.3500,200
1480697496,53.3434,53.3434,53.3434,53.3434,300
1480697656,53.3500,53.3500,53.3460,53.3460,1000
1480697891,53.3500,53.3500,53.3499,53.3499,200
1480697955,53.3400,53.3440,53.3400,53.3440,2200
1480698014,53.3365,53.3365,53.3365,53.3365,100
1480698109,53.3400,53.3400,53.3240,53.3319,3200
1480698223,53.3200,53.3286,53.3200,53.3200,1500
1480698331,53.3204,53.3204,53.3204,53.3204,700
1480698363,53.3218,53.3218,53.3218,53.3218,1400
1480698434,53.3244,53.3244,53.3199,53.3199,1600
1480698515,53.3000,53.3000,53.3000,53.3000,100
1480698560,53.2940,53.2940,53.2900,53.2900,300
1480698629,53.2900,53.2900,53.2900,53.2900,700
1480698709,53.2900,53.2900,53.2900,53.2900,200
1480698725,53.3000,53.3000,53.3000,53.3000,2100
1480698808,53.2912,53.2912,53.2912,53.2912,100
1480698858,53.3000,53.3000,53.3000,53.3000,1000
1480698938,53.3100,53.3100,53.2982,53.2982,1200
1480698983,53.3000,53.3000,53.3000,53.3000,200
1480699069,53.3059,53.3059,53.2999,53.3000,500
1480699086,53.3079,53.3079,53.3079,53.3079,200
1480699198,53.3100,53.3100,53.3099,53.3100,2800
1480699281,53.3190,53.3190,53.3190,53.3190,200
1480699353,53.3162,53.3162,53.3162,53.3162,100
1480699471,53.3000,53.3100,53.3000,53.3100,27600
1480699524,53.3026,53.3026,53.3000,53.3000,400
1480699684,53.3118,53.3118,53.3000,53.3000,300
1480699921,53.2700,53.2710,53.2700,53.2700,1200
1480700030,53.2899,53.2899,53.2899,53.2899,1000
1480700042,53.2900,53.2900,53.2812,53.2812,400
1480700172,53.2714,53.2714,53.2699,53.2699,600
1480700243,53.2456,53.2645,53.2456,53.2645,200
1480700334,53.2520,53.2520,53.2520,53.2520,200
1480700509,53.2700,53.2700,53.2700,53.2700,900
1480700541,53.2759,53.2759,53.2750,53.2750,300
1480700649,53.2600,53.2700,53.2600,53.2610,13600
1480700720,53.2712,53.2712,53.2712,53.2712,1800
1480700792,53.2899,53.2899,53.2899,53.2899,100
1480700936,53.2956,53.2956,53.2956,53.2956,700
1480700997,53.2955,53.2990,53.2955,53.2960,600
1480701039,53.3059,53.3059,53.3059,53.3059,1000
1480701176,53.3100,53.3100,53.3100,53.3100,100
1480701241,53.3159,53.3159,53.3112,53.3112,400
1480701310,53.3400,53.3500,53.3200,53.3200,2100
1480701476,53.3275,53.3290,53.3140,53.3150,1500
1480701489,53.3300,53.3300,53.3246,53.3279,2700
1480701579,53.3300,53.3331,53.3300,53.3331,3000
1480701640,53.3236,53.3236,53.3236,53.3236,200
1480701733,53.3159,53.3159,53.3159,53.3159,200
1480701864,53.3100,53.3100,53.3100,53.3100,1600
1480701948,53.2911,53.2911,53.2911,53.2911,700
1480701988,53.2900,53.2900,53.2900,53.2900,200
1480702056,53.2700,53.2700,53.2700,53.2700,1000
1480702149,53.2518,53.2518,53.2507,53.2507,500
1480702283,53.2729,53.2729,53.2729,53.2729,200
1480702341,53.2300,53.2500,53.2300,53.2500,1500
1480702434,53.2100,53.2100,53.2100,53.2100,100
1480702449,53.2199,53.2200,53.2100,53.2200,2400
1480702522,53.2141,53.2141,53.2141,53.2141,700
1480702580,53.2190,53.2190,53.2001,53.2001,700
1480702762,53.2200,53.2200,53.2200,53.2200,100
1480702800,53.2200,53.2200,53.2200,53.2200,600
1480703049,53.2244,53.2244,53.2244,53.2244,200
1480703143,53.2210,53.2210,53.2200,53.2200,1300
1480703220,53.2200,53.2200,53.2200,53.2200,200
1480703339,53.2000,53.2001,53.1900,53.2000,3300
1480703343,53.2049,53.2099,53.2049,53.2099,400
1480703466,53.2010,53.2010,53.2010,53.2010,300
1480703833,53.2200,53.2200,53.2200,53.2200,100
1480703885,53.2100,53.2100,53.2100,53.2100,300
1480703961,53.2199,53.2199,53.2156,53.2159,500
1480704057,53.2204,53.2280,53.2200,53.2200,1700
1480704078,53.2299,53.2299,53.2299,53.2299,100
1480704192,53.2279,53.2279,53.2279,53.2279,100
1480704252,53.2201,53.2201,53.2201,53.2201,200
1480704317,53.2330,53.2330,53.2330,53.2330,300
1480704491,53.2200,53.2299,53.2200,53.2299,600
1480704604,53.2201,53.2218,53.2201,53.2218,600
1480704819,53.2159,53.2159,53.2159,53.2159,200
1480704910,53.2256,53.2256,53.2256,53.2256,100
1480705061,53.2118,53.2118,53.2118,53.2118,200
1480705116,53.2016,53.2016,53.2016,53.2016,100
1480705175,53.2199,53.2199,53.2199,53.2199,200
1480705326,53.1900,53.1999,53.1900,53.1900,500
1480705400,53.1999,53.1999,53.1999,53.1999,400
1480705525,53.2056,53.2056,53.2056,53.2056,200
1480705590,53.2099,53.2099,53.2010,53.2010,1100
1480705667,53.1999,53.1999,53.1999,53.1999,200
1480705751,53.1810,53.1810,53.1810,53.1810,500
1480705825,53.1877,53.1877,53.1800,53.1800,1400
1480705860,53.1810,53.1810,53.1801,53.1801,300
1480705920,53.1920,53.1920,53.1920,53.1920,700
1480706141,53.2000,53.2000,53.2000,53.2000,100
1480706213,53.2090,53.2099,53.2090,53.2099,300
1480706333,53.2169,53.2169,53.2102,53.2102,600
1480706356,53.2199,53.2199,53.2090,53.2090,600
1480706672,53.2399,53.2399,53.2300,53.2300,1000
1480706754,53.2100,53.2100,53.2100,53.2100,400
1480706771,53.2112,53.2112,53.2112,53.2112,200
1480706937,53.2285,53.2290,53.2190,53.2190,5200
1480706972,53.2200,53.2299,53.2200,53.2299,4000
1480707062,53.2200,53.2300,53.2200,53.2263,1300
1480707150,53.2110,53.2187,53.2110,53.2187,300
1480707248,53.2300,53.2300,53.2200,53.2200,800
1480707308,53.2270,53.2270,53.2270,53.2270,600
1480707394,53.2359,53.2399,53.2320,53.2399,3100
1480707472,53.2356,53.2356,53.2356,53.2356,300
1480707491,53.2400,53.2400,53.2400,53.2400,1200
1480707781,53.2259,53.2259,53.2259,53.2259,300
1480708032,53.2300,53.2300,53.2300,53.2300,800
1480708132,53.2356,53.2380,53.2356,53.2380,500
1480708144,53.2282,53.2399,53.2282,53.2300,700
1480708378,53.2320,53.2320,53.2200,53.2200,1000
1480708428,53.2290,53.2290,53.2290,53.2290,100
1480708504,53.2265,53.2265,53.2265,53.2265,1400
1480708600,53.2290,53.2299,53.2290,53.2299,500
1480708692,53.2200,53.2200,53.2200,53.2200,200
1480708788,53.2200,53.2200,53.2200,53.2200,400
1480708818,53.2120,53.2120,53.2120,53.2120,1800
1480708929,53.2199,53.2199,53.2199,53.2199,1300
1480709063,53.2300,53.2300,53.2300,53.2300,500
1480709234,53.2299,53.2318,53.2299,53.2318,1600
1480709348,53.2312,53.2312,53.2290,53.2290,1000
1480709408,53.2101,53.2265,53.2101,53.2265,3600
1480709484,53.2220,53.2290,53.2220,53.2290,2700
1480709671,53.2162,53.2200,53.2162,53.2200,1300
1480709868,53.2200,53.2200,53.2200,53.2200,100
1480709938,53.2159,53.2159,53.2110,53.2110,300
1480710019,53.2200,53.2256,53.2200,53.2200,5100
1480710087,53.2300,53.2300,53.2201,53.2201,500
1480710157,53.2265,53.2265,53.2265,53.2265,200
1480710180,53.2200,53.2200,53.2200,53.2200,800
1480710242,53.2210,53.2210,53.2210,53.2210,100
1480710303,53.2310,53.2310,53.2200,53.2300,5400
1480710364,53.2390,53.2400,53.2341,53.2400,600
1480710530,53.2400,53.2400,53.2400,53.2400,600
1480710550,53.2600,53.2600,53.2500,53.2500,4500
1480710651,53.2600,53.2600,53.2600,53.2600,200
1480710719,53.2900,53.2900,53.2700,53.2700,2500
1480710773,53.2980,53.2980,53.2900,53.2900,2800
1480710790,53.3100,53.3100,53.3000,53.3000,8400
1480710890,53.3100,53.3100,53.3100,53.3100,1300
1480710953,53.3050,53.3095,53.3050,53.3090,10200
1480710985,53.3000,53.3000,53.2960,53.2960,2400
1480711131,53.2800,53.2900,53.2800,53.2900,20000
1480711155,53.2760,53.2760,53.2760,53.2760,100
1480711227,53.2799,53.2799,53.2799,53.2799,400
1480711419,53.2800,53.2800,53.2800,53.2800,1400
1480711501,53.2790,53.2800,53.2790,53.2800,1800
1480711585,53.2700,53.2800,53.2700,53.2700,800
1480711700,53.2500,53.2590,53.2500,53.2590,600
1480711783,53.2590,53.2590,53.2590,53.2590,400
1480711856,53.2640,53.2700,53.2600,53.2600,3700
1480711861,53.2600,53.2790,53.2600,53.2700,700
1480711954,53.2460,53.2599,53.2460,53.2599,1200
1480712006,53.2490,53.2490,53.2490,53.2490,500
1480712107,53.2800,53.2800,53.2600,53.2600,1200
1480712196,53.2656,53.2656,53.2656,53.2656,300
1480712271,53.2500,53.2540,53.2500,53.2500,900
1480712323,53.2501,53.2700,53.2500,53.2500,3700
1480712396,53.2700,53.2700,53.2500,53.2699,2300
1480712400,53.3000,53.3000,53.3000,53.3000,1200
