uri:/instrument/1.0/AAPL/chartdata;type=quote;range=1d/csv
ticker:aapl
Company-Name:Apple Inc.
Exchange-Name:NMS
unit:MIN
timezone:EST
currency:USD
gmtoffset:-18000
previous_close:113.3000
Timestamp:1481639400,1481662800
labels:1481641200,1481644800,1481648400,1481652000,1481655600,1481659200,1481662800
values:Timestamp,close,high,low,open,volume
close:113.9350,115.8800
high:113.9500,115.9200
low:113.7500,115.8500
open:113.7600,115.8750
volume:100,2958000
1481639400,113.9399,113.9500,113.7600,113.7600,652500
1481639466,113.9350,113.9500,113.7500,113.8600,114500
1481639520,114.0682,114.1700,113.9347,113.9347,356400
1481639580,114.0950,114.1746,113.9800,114.0600,182500
1481639641,113.9700,114.1136,113.9500,114.1000,247600
1481639700,113.9600,114.0183,113.9500,113.9800,134100
1481639760,113.9500,114.0000,113.9000,113.9700,117500
1481639820,114.0200,114.0700,113.9200,113.9557,127100
1481639880,114.2500,114.2550,114.0200,114.0300,275500
1481639940,114.2750,114.3300,114.2200,114.2450,207400
1481640000,114.5300,114.5300,114.2707,114.2800,342300
1481640060,114.6910,114.7300,114.5000,114.5200,238300
1481640179,114.7950,114.8400,114.6701,114.7000,306700
1481640239,114.8701,114.8900,114.7600,114.8000,287400
1481640240,114.8000,114.9500,114.7700,114.8700,198200
1481640300,114.7450,114.8100,114.7100,114.8100,182600
1481640360,114.6800,114.8500,114.6800,114.7487,194900
1481640420,114.7910,114.7993,114.6800,114.6900,107600
1481640539,114.7790,114.8100,114.6937,114.7900,126200
1481640540,114.7400,114.7800,114.6300,114.7800,142700
1481640600,114.9100,114.9700,114.7492,114.7500,365400
1481640660,114.9800,114.9800,114.9100,114.9200,168400
1481640720,114.9900,115.0000,114.9400,114.9640,173600
1481640780,115.1000,115.2000,114.9700,114.9850,973400
1481640840,115.0900,115.2300,115.0710,115.1100,192900
1481640900,115.0600,115.1100,114.9100,115.0836,205800
1481640960,115.0600,115.1107,115.0200,115.0700,126100
1481641020,115.1050,115.1600,115.0500,115.0500,139600
1481641139,115.0910,115.1100,115.0500,115.1000,118500
1481641140,115.0934,115.1200,115.0200,115.1000,138000
1481641200,114.9800,115.1097,114.9300,115.0973,149000
1481641319,114.9957,115.0400,114.9400,114.9900,121000
1481641320,115.0350,115.0400,114.9300,114.9950,102100
1481641382,114.9700,115.0500,114.9300,115.0339,96000
1481641441,114.8900,114.9982,114.8699,114.9800,112100
1481641500,114.9000,114.9300,114.8400,114.8800,139300
1481641561,115.0100,115.0500,114.8700,114.8900,144100
1481641620,115.0250,115.0500,115.0000,115.0058,176600
1481641680,114.9700,115.0800,114.9300,115.0300,159400
1481641740,115.1200,115.1200,114.9500,114.9750,186300
1481641859,115.1143,115.1800,115.0700,115.1284,248900
1481641860,115.1350,115.1494,115.0800,115.1184,135500
1481641921,115.3150,115.3200,115.1305,115.1400,259100
1481641980,115.3000,115.3700,115.2500,115.3100,212900
1481642040,115.2600,115.3300,115.1800,115.2900,157500
1481642100,115.2800,115.3200,115.2300,115.2657,128400
1481642161,115.2900,115.3500,115.2250,115.2750,146600
1481642220,115.2600,115.3100,115.2300,115.2837,92200
1481642281,115.1500,115.2500,115.0400,115.2500,142400
1481642340,115.0402,115.1600,115.0400,115.1452,115400
1481642400,114.9750,115.0600,114.9100,115.0420,249300
1481642460,114.9300,114.9800,114.9100,114.9800,171100
1481642520,114.9750,115.0100,114.9000,114.9400,160000
1481642581,115.0300,115.0500,114.9609,114.9800,161300
1481642640,115.0000,115.0500,114.9500,115.0400,95800
1481642759,115.1398,115.1398,114.9900,115.0100,168800
1481642819,115.0700,115.1700,115.0284,115.1400,184600
1481642820,114.9700,115.1000,114.9500,115.0750,150200
1481642881,115.0200,115.0650,114.9500,114.9500,108100
1481642940,115.0748,115.0800,115.0200,115.0300,115300
1481643000,115.0700,115.1200,115.0700,115.0700,110800
1481643060,115.1000,115.1100,114.9800,115.0800,113900
1481643120,115.1800,115.3000,115.1000,115.1100,239700
1481643180,115.1310,115.1900,115.0500,115.1850,105300
1481643240,115.0000,115.1400,114.9900,115.1400,79800
1481643359,114.9510,115.0400,114.9500,114.9900,70700
1481643360,114.9600,115.0301,114.9100,114.9500,139400
1481643420,115.0300,115.0700,114.9300,114.9643,90500
1481643481,115.1000,115.1300,115.0400,115.0500,115800
1481643540,115.0900,115.0950,115.0401,115.0900,55900
1481643602,115.1800,115.1800,115.0740,115.0800,76800
1481643661,115.0600,115.2200,115.0501,115.1730,91000
1481643720,115.0200,115.1200,115.0200,115.0700,61800
1481643781,115.0200,115.0604,114.9900,115.0300,68000
1481643841,115.0000,115.0500,115.0000,115.0300,48500
1481643902,114.9901,115.0400,114.9500,114.9900,77900
1481643961,115.0300,115.0480,114.9500,114.9950,132000
1481644021,114.8700,115.0400,114.8200,115.0400,143400
1481644080,114.9800,115.0000,114.8760,114.8760,72400
1481644140,114.9800,115.0400,114.9600,114.9900,105800
1481644259,114.9680,115.0000,114.9600,114.9875,55100
1481644260,114.9800,114.9900,114.9300,114.9600,45300
1481644321,114.9900,115.0400,114.9600,114.9900,105700
1481644439,114.9100,115.0200,114.9000,114.9850,74900
1481644441,115.0347,115.0347,114.9000,114.9200,119300
1481644502,115.0000,115.0800,114.9800,115.0301,65200
1481644562,114.9600,115.0000,114.9260,114.9959,97700
1481644622,114.9800,114.9932,114.9350,114.9500,52000
1481644739,114.9800,115.1400,114.9700,114.9850,142100
1481644740,114.9600,115.0000,114.9400,114.9875,71400
1481644800,114.9300,115.0100,114.9000,114.9650,71500
1481644861,114.9800,115.0000,114.9200,114.9200,44900
1481644922,114.9100,115.0000,114.9100,114.9900,66800
1481644982,114.9500,114.9560,114.8900,114.9000,56300
1481645099,114.9249,114.9750,114.9000,114.9600,45800
1481645100,114.9600,114.9600,114.9050,114.9232,56700
1481645219,114.9840,114.9999,114.9501,114.9550,43300
1481645220,114.9900,115.0673,114.9710,114.9900,123000
1481645283,114.9800,115.0000,114.9700,115.0000,46600
1481645341,114.9700,115.0000,114.9400,114.9750,88200
1481645400,115.0141,115.0200,114.9750,114.9750,31200
1481645518,115.0449,115.0900,115.0125,115.0125,60500
1481645520,115.1600,115.1600,115.0500,115.0500,80200
1481645638,115.1635,115.1700,115.1250,115.1550,74200
1481645640,115.1800,115.1850,115.1408,115.1600,81500
1481645700,115.1400,115.1900,115.1200,115.1850,76200
1481645760,115.0950,115.1500,115.0800,115.1450,77900
1481645879,115.1500,115.1500,115.0300,115.0900,1470800
1481645880,115.1900,115.2300,115.1450,115.1450,130100
1481645941,115.1747,115.1900,115.1401,115.1865,68300
1481646000,115.1800,115.1800,115.1200,115.1800,77100
1481646060,115.2400,115.2500,115.1700,115.1700,124500
1481646120,115.2100,115.3150,115.2100,115.2500,139600
1481646182,115.2459,115.2600,115.1950,115.2150,86800
1481646240,115.2200,115.2500,115.1700,115.2400,113800
1481646359,115.2795,115.3100,115.2200,115.2300,89200
1481646360,115.3066,115.3400,115.2600,115.2800,114800
1481646422,115.3740,115.3800,115.2800,115.3000,140600
1481646538,115.3360,115.3900,115.3200,115.3700,73200
1481646599,115.4400,115.4400,115.3150,115.3300,119800
1481646600,115.4300,115.4700,115.3600,115.4300,119100
1481646719,115.4382,115.4500,115.4100,115.4350,61500
1481646720,115.4500,115.4800,115.4200,115.4363,83000
1481646839,115.4900,115.4900,115.4300,115.4450,61400
1481646840,115.5000,115.5000,115.4600,115.4800,138100
1481646959,115.5101,115.5550,115.4700,115.4937,211300
1481647019,115.4667,115.5200,115.4500,115.5150,102200
1481647020,115.5000,115.5000,115.4400,115.4649,113900
1481647080,115.4400,115.4950,115.4200,115.4950,66900
1481647144,115.4600,115.4700,115.4100,115.4300,85000
1481647200,115.4607,115.5300,115.4542,115.4542,75400
1481647260,115.5200,115.5300,115.4400,115.4689,70600
1481647320,115.5400,115.5400,115.4500,115.5350,61700
1481647380,115.5400,115.5500,115.5240,115.5500,52000
1481647441,115.5100,115.5900,115.4800,115.5450,81700
1481647501,115.4700,115.5149,115.3850,115.5149,128400
1481647562,115.4806,115.4900,115.4200,115.4760,67900
1481647676,115.5040,115.5400,115.4800,115.4800,58200
1481647681,115.5311,115.5500,115.5100,115.5100,60800
1481647740,115.5500,115.5500,115.5100,115.5400,61900
1481647802,115.5850,115.6000,115.5400,115.5400,60500
1481647860,115.6400,115.6600,115.5840,115.5900,83800
1481647979,115.5900,115.6701,115.5900,115.6500,97400
1481648039,115.6194,115.6200,115.5400,115.6000,52300
1481648040,115.6600,115.6700,115.6200,115.6200,104500
1481648100,115.6800,115.7100,115.6400,115.6583,99800
1481648162,115.7300,115.7400,115.6500,115.6700,83800
1481648221,115.7422,115.7500,115.6800,115.7365,99200
1481648280,115.7635,115.7900,115.7400,115.7500,111300
1481648343,115.7900,115.8500,115.7700,115.7700,97100
1481648403,115.7300,115.7950,115.7200,115.7800,75500
1481648461,115.6615,115.7361,115.6400,115.7352,98400
1481648579,115.7099,115.7100,115.6550,115.6616,75100
1481648580,115.6850,115.7950,115.6700,115.7100,80600
1481648641,115.6800,115.7200,115.6650,115.6894,57800
1481648700,115.6350,115.6900,115.6250,115.6750,144800
1481648760,115.5200,115.6400,115.5100,115.6400,155000
1481648820,115.5700,115.6600,115.5162,115.5162,91400
1481648880,115.5400,115.6000,115.5400,115.5800,82300
1481648943,115.5200,115.5700,115.5100,115.5432,46100
1481649059,115.5700,115.5786,115.5100,115.5300,44500
1481649060,115.5951,115.6100,115.5700,115.5800,58500
1481649121,115.5900,115.6400,115.5600,115.6041,38300
1481649184,115.6100,115.6200,115.5800,115.6000,48600
1481649298,115.6200,115.6381,115.5800,115.6091,23200
1481649300,115.6700,115.6700,115.5700,115.6252,53700
1481649419,115.6950,115.7291,115.6700,115.6800,62900
1481649420,115.6440,115.7400,115.6348,115.7000,78000
1481649480,115.6200,115.6850,115.5900,115.6500,65900
1481649598,115.6202,115.6550,115.6201,115.6300,29400
1481649600,115.6365,115.6400,115.6100,115.6300,39300
1481649661,115.6550,115.6700,115.6200,115.6384,62800
1481649779,115.7150,115.7200,115.6508,115.6542,42100
1481649781,115.6800,115.7400,115.6800,115.7200,79200
1481649898,115.7050,115.7050,115.6300,115.6742,33900
1481649900,115.6700,115.7500,115.6700,115.7000,41600
1481649960,115.7300,115.7390,115.6699,115.6699,36600
1481650022,115.6100,115.7340,115.5900,115.7340,52600
1481650139,115.5510,115.6200,115.5510,115.6010,60600
1481650198,115.5575,115.5850,115.5400,115.5540,43900
1481650200,115.5750,115.5950,115.5500,115.5600,49200
1481650261,115.5300,115.5800,115.5000,115.5713,161700
1481650321,115.5300,115.5500,115.5000,115.5333,45900
1481650380,115.5100,115.5500,115.4500,115.5500,53600
1481650487,115.5190,115.5200,115.5100,115.5200,22700
1481651009,115.4900,115.5100,115.4800,115.4900,541200
1481651040,115.5772,115.6100,115.4900,115.4999,74700
1481651103,115.5650,115.6200,115.5460,115.5701,54400
1481651217,115.6499,115.6600,115.5693,115.5693,51100
1481651220,115.6452,115.6500,115.6000,115.6500,29200
1481651280,115.6550,115.6600,115.6150,115.6500,52600
1481651341,115.5989,115.6600,115.5800,115.6535,45400
1481651402,115.6400,115.6600,115.6000,115.6000,25300
1481651460,115.6300,115.6500,115.6200,115.6450,39100
1481651521,115.6300,115.6400,115.6200,115.6400,37400
1481651636,115.6212,115.6300,115.5900,115.6200,20900
1481651699,115.6901,115.7000,115.6240,115.6240,105700
1481651700,115.6800,115.7000,115.6500,115.7000,36500
1481651760,115.6540,115.7000,115.6400,115.6900,42000
1481651821,115.6300,115.6568,115.5800,115.6500,49400
1481651882,115.6000,115.6600,115.6000,115.6350,29200
1481651999,115.6001,115.6400,115.5800,115.5900,25100
1481652000,115.6200,115.6300,115.6000,115.6050,20600
1481652119,115.5300,115.6300,115.5300,115.6250,52200
1481652120,115.6300,115.6450,115.5308,115.5400,55100
1481652180,115.6750,115.7100,115.6200,115.6200,67900
1481652240,115.6600,115.6780,115.6100,115.6700,51300
1481652300,115.6900,115.7000,115.6400,115.6657,18200
1481652363,115.6500,115.7000,115.6400,115.7000,36000
1481652421,115.6200,115.6743,115.6000,115.6563,38600
1481652480,115.6007,115.6450,115.6007,115.6300,28800
1481652599,115.5936,115.6100,115.5900,115.6000,23300
1481652600,115.5600,115.6000,115.5600,115.5931,36600
1481652661,115.5600,115.5600,115.5100,115.5500,42200
1481652720,115.5912,115.6000,115.5250,115.5550,66800
1481652780,115.6350,115.6500,115.5800,115.5950,30300
1481652847,115.6250,115.6400,115.6100,115.6345,37900
1481652902,115.6100,115.6700,115.6100,115.6300,59600
1481652964,115.5900,115.6200,115.5800,115.6200,27400
1481653020,115.6850,115.6900,115.5749,115.5950,61100
1481653080,115.6900,115.7400,115.6600,115.6900,119400
1481653143,115.7500,115.7950,115.6900,115.7000,93500
1481653202,115.7800,115.7900,115.7448,115.7700,51700
1481653319,115.7559,115.8000,115.7400,115.7750,53300
1481653379,115.7932,115.8000,115.7400,115.7545,63700
1481653380,115.8000,115.8100,115.7543,115.7897,46700
1481653440,115.8400,115.8400,115.8000,115.8050,38900
1481653500,115.8150,115.8700,115.8000,115.8399,118600
1481653560,115.8100,115.8300,115.6900,115.8200,76600
1481653620,115.7700,115.8200,115.7500,115.8000,36800
1481653684,115.8700,115.8700,115.7740,115.7750,61900
1481653741,115.8528,115.8700,115.8300,115.8600,44900
1481653859,115.8156,115.8800,115.7700,115.8550,67600
1481653860,115.8100,115.8600,115.7638,115.8200,75900
1481653979,115.7930,115.8150,115.7800,115.8036,54100
1481653980,115.8211,115.8500,115.7900,115.7900,45000
1481654041,115.8800,115.8800,115.8200,115.8300,47500
1481654100,115.8600,115.9200,115.8500,115.8750,111700
1481654161,115.8700,115.8900,115.8200,115.8700,56500
1481654222,115.8550,115.8800,115.8200,115.8600,66700
1481654282,115.7500,115.8700,115.7300,115.8500,98200
1481654340,115.7350,115.7800,115.7200,115.7400,64100
1481654400,115.7600,115.7800,115.7300,115.7400,32300
1481654460,115.7800,115.7900,115.7300,115.7500,40300
1481654579,115.7200,115.7900,115.7000,115.7700,38600
1481654580,115.7800,115.8100,115.7200,115.7230,56700
1481654640,115.6800,115.7800,115.6800,115.7750,48500
1481654700,115.6461,115.6997,115.6300,115.6900,63800
1481654761,115.5542,115.6600,115.5500,115.6500,69100
1481654820,115.5875,115.6000,115.5500,115.5500,54800
1481654880,115.5208,115.5999,115.5020,115.5900,49800
1481654941,115.5697,115.5697,115.4700,115.5037,65800
1481655054,115.5839,115.6200,115.5450,115.5600,38100
1481655060,115.5842,115.5900,115.5500,115.5900,39200
1481655121,115.5200,115.5900,115.5100,115.5800,129500
1481655180,115.5750,115.5900,115.5000,115.5250,42900
1481655240,115.5550,115.5862,115.5100,115.5725,50900
1481655358,115.5845,115.6174,115.5500,115.5600,68400
1481655360,115.6100,115.6200,115.5800,115.5850,25300
1481655421,115.6100,115.6300,115.6000,115.6052,31800
1481655539,115.6250,115.6400,115.6010,115.6150,31800
1481655540,115.6550,115.6600,115.6220,115.6300,28600
1481655600,115.6300,115.6700,115.6100,115.6500,61700
1481655664,115.6390,115.6400,115.6000,115.6400,38500
1481655723,115.6100,115.6400,115.6057,115.6340,38100
1481655782,115.6900,115.6900,115.6000,115.6000,107000
1481655842,115.6900,115.7100,115.6800,115.6850,59500
1481655901,115.6550,115.6950,115.6400,115.6950,42500
1481655960,115.6500,115.6550,115.5950,115.6508,43500
1481656020,115.6800,115.6800,115.6250,115.6600,21500
1481656086,115.7002,115.7200,115.6801,115.6850,176400
1481656140,115.7165,115.7400,115.7000,115.7100,98500
1481656201,115.7466,115.7466,115.7150,115.7150,114800
1481656261,115.7539,115.7700,115.7100,115.7450,63300
1481656320,115.7540,115.7700,115.7450,115.7500,48700
1481656380,115.7950,115.8000,115.7450,115.7600,66000
1481656440,115.7300,115.8000,115.7100,115.8000,113900
1481656500,115.7645,115.7800,115.7200,115.7383,47400
1481656560,115.7750,115.8000,115.7500,115.7650,71100
1481656620,115.7800,115.8000,115.7500,115.7700,70700
1481656680,115.7300,115.7900,115.7100,115.7900,47200
1481656742,115.7745,115.7800,115.7100,115.7250,31900
1481656800,115.7150,115.7900,115.7000,115.7800,39800
1481656860,115.6800,115.7200,115.6500,115.7200,92500
1481656978,115.6869,115.7100,115.6700,115.6750,61600
1481656980,115.6900,115.7000,115.6650,115.6800,63800
1481657041,115.6136,115.7000,115.5700,115.7000,57300
1481657159,115.4925,115.6200,115.4900,115.6100,99600
1481657219,115.5075,115.5200,115.4700,115.4900,74400
1481657220,115.4900,115.5200,115.4700,115.5100,59900
1481657280,115.5500,115.5500,115.4600,115.4800,58500
1481657340,115.5351,115.5593,115.5300,115.5450,29600
1481657400,115.5500,115.5500,115.5000,115.5382,62500
1481657518,115.5810,115.6052,115.5200,115.5400,81500
1481657520,115.5659,115.6100,115.5601,115.5800,38600
1481657582,115.5800,115.5800,115.5200,115.5600,41800
1481657642,115.5450,115.6000,115.5400,115.5740,44400
1481657700,115.5836,115.5900,115.5000,115.5500,38400
1481657761,115.5800,115.6000,115.5580,115.5800,39200
1481657821,115.5800,115.5900,115.5500,115.5850,32500
1481657939,115.5568,115.6300,115.5500,115.5802,53400
1481657940,115.6050,115.6300,115.5300,115.5600,58600
1481658000,115.5600,115.6300,115.5600,115.6028,51600
1481658061,115.6200,115.6400,115.5500,115.5650,50000
1481658179,115.5735,115.6600,115.5700,115.6100,62400
1481658180,115.5900,115.6100,115.5000,115.5800,106300
1481658243,115.5500,115.6900,115.5400,115.6000,115800
1481658300,115.5100,115.6100,115.4000,115.5550,273600
1481658360,115.5700,115.6200,115.5199,115.5199,94200
1481658422,115.5200,115.5700,115.5200,115.5600,43900
1481658480,115.5700,115.5975,115.5000,115.5300,82100
1481658542,115.5800,115.6000,115.5600,115.5701,61300
1481658603,115.5810,115.5900,115.5500,115.5866,64700
1481658660,115.6100,115.6500,115.5890,115.5900,52400
1481658721,115.6000,115.6500,115.5610,115.6200,65300
1481658780,115.5600,115.6200,115.5500,115.5935,83800
1481658899,115.5781,115.5900,115.4700,115.5531,101700
1481658900,115.5100,115.5897,115.4800,115.5730,79000
1481658961,115.5487,115.5600,115.5100,115.5300,37900
1481659021,115.5400,115.5500,115.5200,115.5459,33600
1481659085,115.5101,115.5471,115.4800,115.5300,42400
1481659144,115.5000,115.5600,115.4700,115.5185,62400
1481659200,115.5500,115.5600,115.4900,115.5100,46300
1481659260,115.5500,115.5700,115.5400,115.5544,62600
1481659322,115.5900,115.6000,115.5200,115.5600,58400
1481659380,115.5525,115.6063,115.5500,115.5943,54700
1481659440,115.5900,115.5900,115.5535,115.5535,1037000
1481659500,115.6000,115.6100,115.5650,115.5893,68200
1481659619,115.6040,115.6200,115.5940,115.5940,42000
1481659621,115.6000,115.6100,115.5900,115.6000,55100
1481659680,115.6500,115.6500,115.5900,115.6050,85200
1481659741,115.6500,115.6700,115.6400,115.6540,60900
1481659802,115.6000,115.6460,115.5900,115.6452,55900
1481659860,115.6163,115.6265,115.6000,115.6040,27200
1481659920,115.6300,115.6700,115.6101,115.6200,89200
1481659981,115.5800,115.6270,115.5700,115.6200,82800
1481660099,115.5650,115.6200,115.5500,115.5759,62200
1481660100,115.6403,115.6500,115.5600,115.5600,116700
1481660160,115.7800,115.8000,115.6400,115.6450,305000
1481660221,115.7900,115.8200,115.7800,115.7900,133000
1481660280,115.7700,115.8000,115.7500,115.7950,72600
1481660342,115.7600,115.7700,115.7400,115.7600,61200
1481660402,115.7000,115.7644,115.6800,115.7601,158700
1481660518,115.7444,115.7700,115.6950,115.6950,79000
1481660520,115.7600,115.7700,115.7400,115.7500,64100
1481660580,115.7500,115.7650,115.7300,115.7550,285800
1481660642,115.7600,115.7600,115.7400,115.7401,65700
1481660702,115.7700,115.7700,115.7500,115.7510,55700
1481660760,115.7400,115.7800,115.7200,115.7650,106900
1481660820,115.7400,115.7500,115.7300,115.7300,57600
1481660881,115.7559,115.7680,115.7400,115.7500,61600
1481660940,115.7100,115.7650,115.7100,115.7500,65000
1481661000,115.7235,115.7300,115.6900,115.7140,100300
1481661061,115.6950,115.7250,115.6600,115.7250,114900
1481661120,115.7150,115.7250,115.6700,115.6900,82400
1481661180,115.7400,115.7400,115.7100,115.7200,83400
1481661299,115.7440,115.7700,115.7100,115.7350,131900
1481661300,115.7800,115.7950,115.7435,115.7450,110300
1481661360,115.7600,115.8000,115.7541,115.7760,96300
1481661420,115.7600,115.7800,115.7400,115.7650,64000
1481661480,115.7900,115.8000,115.7500,115.7700,119800
1481661542,115.7450,115.7900,115.7300,115.7843,71700
1481661600,115.7650,115.7900,115.7400,115.7500,113100
1481661660,115.7520,115.7850,115.7400,115.7700,66900
1481661720,115.7799,115.7800,115.7300,115.7600,77900
1481661781,115.7700,115.7900,115.7450,115.7800,74500
1481661840,115.7300,115.7750,115.7200,115.7750,91600
1481661900,115.7600,115.7700,115.6850,115.7350,95300
1481661960,115.7036,115.7900,115.6700,115.7700,112300
1481662020,115.6650,115.7090,115.6300,115.7050,136400
1481662081,115.6550,115.6700,115.6300,115.6700,113300
1481662140,115.5800,115.6600,115.5551,115.6600,129100
1481662200,115.5100,115.5800,115.5000,115.5700,156000
1481662260,115.5800,115.5800,115.5000,115.5000,138400
1481662379,115.4650,115.5900,115.4600,115.5900,143200
1481662380,115.4150,115.4700,115.3600,115.4700,200200
1481662440,115.3711,115.4200,115.3400,115.4200,186400
1481662559,115.3700,115.4000,115.3500,115.3700,154100
1481662619,115.1800,115.3900,115.1700,115.3650,305300
1481662620,115.2000,115.2400,115.1800,115.1850,246300
1481662680,115.1277,115.2099,115.0800,115.2099,254000
1481662740,115.1900,115.2000,115.0600,115.1300,2958000
1481662800,115.1950,115.1950,115.1950,115.1950,100
