uri:/instrument/1.0/RE/chartdata;type=quote;range=1d/csv
ticker:re
Company-Name:Everest Re Group, Ltd. Common S
Exchange-Name:NYQ
unit:MIN
timezone:EST
currency:USD
gmtoffset:-18000
previous_close:217.3500
Timestamp:1481639400,1481662800
labels:1481641200,1481644800,1481648400,1481652000,1481655600,1481659200,1481662800
values:Timestamp,close,high,low,open,volume
close:216.5300,218.5300
high:216.5700,218.6100
low:216.4800,218.4200
open:216.5450,218.4500
volume:100,34600
1481639656,218.4200,218.4200,218.4200,218.4200,1400
1481639700,218.5300,218.6100,217.9900,218.4500,600
1481639901,218.4200,218.4200,218.4200,218.4200,200
1481639949,218.1850,218.1850,218.1850,218.1850,100
1481640030,217.9100,218.1700,217.9100,218.1700,500
1481640072,217.9600,218.1600,217.9600,218.1600,200
1481640188,217.8250,218.1450,217.6300,218.1450,4100
1481640299,218.2850,218.4175,217.7700,217.8200,3400
1481640358,218.3350,218.3350,218.0500,218.2600,600
1481640401,217.8900,218.0800,217.8900,218.0600,800
1481640439,217.8200,217.8200,217.8200,217.8200,300
1481640491,218.1000,218.1550,217.9400,217.9400,600
1481640593,217.6600,217.6600,217.6600,217.6600,100
1481640602,217.4800,217.6500,217.4800,217.6500,500
1481640751,217.4600,217.4600,217.4600,217.4600,200
1481640802,217.4500,217.4500,217.3600,217.3700,1300
1481640967,217.1900,217.2100,217.0300,217.1900,900
1481641066,217.5600,217.5600,217.3500,217.3700,600
1481641144,217.8600,217.8600,217.4400,217.7600,1500
1481641241,217.9850,217.9850,217.9850,217.9850,100
1481641271,217.9200,217.9750,217.8300,217.8300,400
1481641340,217.8525,217.9900,217.8525,217.9400,400
1481641414,218.0100,218.0100,218.0100,218.0100,100
1481641483,218.0050,218.0050,217.9300,217.9300,200
1481641544,217.8650,217.9600,217.8650,217.9400,500
1481641560,218.0900,218.0950,217.8300,217.8700,2200
1481641672,218.1200,218.1200,218.1200,218.1200,100
1481641752,217.9750,217.9750,217.9750,217.9750,100
1481641845,218.1700,218.2600,218.0700,218.1000,3700
1481641905,217.7100,218.1700,217.7100,218.1700,4400
1481641974,217.9100,217.9100,217.8900,217.8900,600
1481642099,217.5450,217.9900,217.3300,217.9900,3500
1481642159,217.7300,217.9600,217.3800,217.5350,3000
1481642167,217.6800,217.7450,217.6000,217.7450,800
1481642277,217.6299,217.6299,217.3650,217.5900,1700
1481642324,217.6400,217.6400,217.6200,217.6350,800
1481642395,217.5950,217.6400,217.5950,217.6400,900
1481642400,217.8050,217.9400,217.6100,217.6650,2000
1481642475,217.6950,217.8700,217.6950,217.8700,200
1481642542,217.8300,217.8300,217.7500,217.7500,600
1481642640,217.6450,217.6500,217.5900,217.6500,700
1481642756,217.3700,217.5500,217.3700,217.5500,400
1481642865,217.2800,217.3950,217.2800,217.3950,600
1481642945,217.2500,217.3400,217.2500,217.3400,400
1481643116,217.0900,217.1900,217.0500,217.1600,1000
1481643208,216.9200,217.1100,216.9200,217.1100,800
1481643273,217.0700,217.2100,216.8150,216.8150,1900
1481643341,217.1600,217.1600,217.1600,217.1600,100
1481643493,217.3100,217.3100,217.1700,217.1700,5600
1481643626,217.2550,217.4650,217.2550,217.4650,3000
1481643689,217.5600,217.5700,217.3400,217.3400,1100
1481643804,217.5400,217.5400,217.5400,217.5400,200
1481643904,217.0100,217.4200,217.0100,217.4000,1400
1481643964,217.1700,217.1800,216.9600,216.9600,300
1481644059,217.0750,217.0750,217.0750,217.0750,100
1481644290,216.9900,217.0350,216.9000,217.0350,2500
1481644375,216.9800,216.9900,216.7900,216.9700,700
1481644394,216.8400,216.9000,216.8400,216.9000,200
1481644498,217.3500,217.3500,216.8950,216.9850,2400
1481644513,217.2800,217.2800,217.2650,217.2650,300
1481644707,217.0100,217.0300,217.0100,217.0300,300
1481644749,216.9100,217.0650,216.9100,217.0650,1400
1481644844,216.8200,216.9000,216.8200,216.9000,200
1481644907,216.8200,216.8200,216.8200,216.8200,100
1481644943,216.8750,216.8750,216.8750,216.8750,200
1481645040,216.8225,216.8550,216.8000,216.8100,1300
1481645121,216.7100,216.8050,216.7100,216.8050,700
1481645209,216.6200,216.7450,216.6200,216.7450,1000
1481645238,216.6200,216.6200,216.6200,216.6200,100
1481645287,216.6800,216.8000,216.6800,216.6800,1000
1481645370,216.9500,216.9500,216.8350,216.8600,1100
1481645458,217.0250,217.0250,216.7900,216.9600,4200
1481645518,216.9400,217.1850,216.9100,216.9700,4700
1481645523,216.9050,216.9100,216.8300,216.9100,1300
1481645591,217.1050,217.1350,216.7900,216.8950,3400
1481645707,217.1200,217.1200,217.0100,217.0100,900
1481645817,216.9800,217.0200,216.9200,216.9500,3100
1481645827,216.8900,217.1000,216.8900,217.0700,3400
1481645931,216.9500,216.9500,216.9500,216.9500,400
1481645940,216.9900,216.9900,216.9800,216.9800,500
1481646054,217.3670,217.4500,217.1200,217.1500,4300
1481646117,216.9500,217.5700,216.9500,217.4100,6700
1481646121,217.0300,217.3199,217.0300,217.1300,800
1481646293,217.0600,217.0600,217.0600,217.0600,100
1481646301,217.2400,217.2400,217.1700,217.1700,900
1481646417,217.3300,217.3500,217.2000,217.2300,3500
1481646479,217.3350,217.3800,217.2100,217.3300,4400
1481646481,217.3350,217.3350,217.2700,217.2700,400
1481646596,217.2800,217.3350,217.2800,217.2900,1500
1481646642,217.3000,217.3700,217.2700,217.3700,1900
1481646713,217.1700,217.1700,217.0600,217.0700,1200
1481646730,217.3000,217.3000,217.1500,217.1500,1100
1481646806,217.2100,217.3650,217.2100,217.3510,800
1481646858,217.0900,217.2200,217.0900,217.2200,900
1481646916,217.0900,217.1400,217.0900,217.1400,400
1481646960,217.0200,217.1600,217.0100,217.1100,1200
1481647079,216.9100,217.0200,216.8600,217.0200,2700
1481647112,216.7800,216.9450,216.7800,216.9000,1500
1481647148,216.7450,216.8500,216.6500,216.8500,800
1481647243,216.9100,216.9300,216.8100,216.8100,1400
1481647261,216.8400,216.9850,216.8400,216.9775,3400
1481647339,216.7400,216.7600,216.7000,216.7600,500
1481647439,216.9350,216.9400,216.7900,216.7900,2300
1481647451,216.8600,216.9450,216.8600,216.9450,1600
1481647503,216.8100,216.9400,216.8100,216.8200,1200
1481647601,216.9400,216.9400,216.8100,216.8100,800
1481647622,216.9300,216.9300,216.8500,216.8500,1200
1481647856,216.8700,217.0000,216.8700,216.9800,1200
1481647860,216.9500,216.9500,216.8500,216.8700,2200
1481647946,216.7600,216.8600,216.7600,216.8050,500
1481648073,217.0500,217.4199,216.8700,216.8700,4200
1481648103,217.0200,217.0900,217.0200,217.0500,1100
1481648215,216.9600,216.9600,216.9600,216.9600,100
1481648267,217.0000,217.0000,217.0000,217.0000,100
1481648496,216.9700,217.2100,216.9600,216.9600,1300
1481648532,217.0100,217.0100,217.0100,217.0100,100
1481648596,217.2000,217.2200,217.0500,217.0500,500
1481648643,217.1400,217.1600,217.1400,217.1600,800
1481648721,217.2450,217.2450,217.2450,217.2450,1500
1481648840,217.3500,217.3500,217.2100,217.2100,600
1481648896,217.2450,217.2600,217.2450,217.2600,400
1481649109,217.1400,217.2200,217.1400,217.2200,400
1481649146,217.1300,217.1900,217.1300,217.1900,200
1481649217,217.0950,217.2000,217.0950,217.2000,700
1481649247,217.1700,217.1700,217.1200,217.1200,200
1481649361,217.0300,217.1600,217.0300,217.1500,500
1481649454,217.0200,217.0400,217.0200,217.0400,300
1481649536,217.0000,217.1000,217.0000,217.1000,300
1481649588,216.9000,217.0300,216.8700,216.9500,1600
1481649736,216.9400,216.9599,216.8700,216.9000,1600
1481649831,217.0000,217.0000,216.9100,216.9200,1000
1481649871,216.8850,216.9550,216.8850,216.9500,1500
1481649927,217.0000,217.0000,216.9100,216.9100,1300
1481649963,216.9600,217.0100,216.9100,216.9900,3000
1481650032,216.9300,217.1600,216.9300,216.9500,3700
1481650128,216.9600,216.9600,216.8900,216.8900,800
1481650199,216.9300,217.0600,216.9300,217.0400,2300
1481650201,216.9700,217.0400,216.9200,216.9200,5900
1481650284,216.9400,217.0500,216.7500,217.0100,4600
1481650379,216.8800,216.9000,216.8200,216.8200,700
1481650423,216.9500,216.9500,216.8400,216.9000,1000
1481650495,216.9400,217.0000,216.8300,217.0000,1100
1481650545,216.5450,216.9400,216.5450,216.9400,5400
1481650584,216.5300,216.5700,216.5300,216.5700,700
1481650629,216.6600,216.6600,216.4800,216.6300,1200
1481650724,216.8300,216.8300,216.6600,216.7500,700
1481650768,216.8200,216.8200,216.7800,216.8200,500
1481650861,216.5500,216.8400,216.5500,216.7600,3900
1481650975,216.5400,216.6300,216.5400,216.5500,2700
1481651015,216.6100,216.6100,216.5450,216.5450,600
1481651096,216.5500,216.6200,216.5500,216.6200,800
1481651102,216.8500,216.8500,216.5500,216.5900,2300
1481651218,216.8400,216.8400,216.8400,216.8400,200
1481651230,216.7800,216.8400,216.7000,216.7300,1100
1481651284,216.6500,216.8000,216.6500,216.8000,2000
1481651374,216.5950,216.6200,216.5800,216.5800,800
1481651444,216.6700,216.7300,216.6300,216.6300,1600
1481651497,216.5500,216.7100,216.5500,216.6100,700
1481651579,216.5500,216.6800,216.5500,216.6500,800
1481651638,216.5700,216.5700,216.5700,216.5700,200
1481651660,216.6400,216.6400,216.5650,216.6400,600
1481651700,216.6400,216.6400,216.6400,216.6400,200
1481651760,216.7200,216.7200,216.7200,216.7200,100
1481651892,216.7000,216.7000,216.7000,216.7000,100
1481651993,216.6000,216.6100,216.6000,216.6100,500
1481652059,216.7000,216.7000,216.5800,216.5800,900
1481652119,216.9000,216.9000,216.7000,216.7400,1200
1481652162,216.9100,216.9100,216.8600,216.8600,300
1481652187,216.9400,216.9400,216.8300,216.8300,200
1481652257,217.0300,217.0300,217.0300,217.0300,100
1481652538,216.8100,216.8100,216.8100,216.8100,400
1481652541,216.8150,216.8348,216.8100,216.8100,400
1481652612,216.8800,216.8800,216.8800,216.8800,200
1481652839,216.8050,216.8600,216.8050,216.8500,500
1481652909,216.9300,216.9300,216.9300,216.9300,100
1481653007,216.8500,216.8500,216.8100,216.8300,900
1481653065,216.9400,216.9400,216.8800,216.8800,900
1481653100,217.0000,217.0000,217.0000,217.0000,100
1481653153,217.0000,217.0000,216.9400,216.9400,300
1481653259,217.0000,217.0000,216.9900,216.9900,200
1481653318,217.0400,217.0400,217.0000,217.0000,400
1481653333,216.9000,217.1600,216.9000,217.1600,1200
1481653437,216.8900,217.0900,216.8900,217.0900,400
1481653543,216.9400,217.0100,216.9400,217.0100,500
1481653611,217.1400,217.1700,216.9700,216.9800,1900
1481653677,217.3900,217.3900,217.0400,217.0400,4400
1481653742,217.1900,217.3500,217.1800,217.3500,1000
1481653934,217.1001,217.1001,217.1001,217.1001,100
1481654008,217.0400,217.1900,217.0400,217.1900,500
1481654170,217.1200,217.1200,217.1200,217.1200,200
1481654274,217.2400,217.2500,216.9900,217.0500,3500
1481654292,217.3200,217.4900,217.3000,217.3000,800
1481654601,217.0600,217.2050,217.0600,217.2050,900
1481654665,217.2400,217.2400,217.1450,217.1900,1000
1481654729,217.2200,217.2200,217.2200,217.2200,100
1481654838,217.2000,217.2000,217.1000,217.1800,500
1481654917,217.2300,217.2300,217.2300,217.2300,100
1481655001,217.1200,217.2300,217.1200,217.2300,700
1481655110,217.1700,217.1700,217.1700,217.1700,200
1481655293,216.9670,216.9670,216.9670,216.9670,200
1481655512,216.7400,216.7400,216.7400,216.7400,100
1481655636,216.7900,216.7900,216.7900,216.7900,100
1481655710,216.8800,216.8800,216.8800,216.8800,400
1481655773,216.8200,216.8200,216.7000,216.7000,500
1481655807,216.7700,216.7700,216.7600,216.7700,900
1481655869,216.8800,216.8800,216.7800,216.7800,300
1481655909,216.9300,216.9300,216.7800,216.8700,1000
1481656011,216.9400,216.9500,216.9300,216.9300,500
1481656020,217.0200,217.0200,217.0200,217.0200,100
1481656184,216.7700,216.8950,216.7700,216.8800,1200
1481656593,216.8100,216.8500,216.7000,216.7000,1500
1481656829,216.9400,216.9400,216.9400,216.9400,200
1481656872,216.8500,216.8500,216.8500,216.8500,300
1481656950,216.8100,216.8100,216.8100,216.8100,100
1481656993,216.9000,216.9000,216.8450,216.8450,600
1481657041,216.9100,217.0300,216.9100,216.9900,1000
1481657202,217.0600,217.0600,217.0200,217.0200,500
1481657393,216.9200,217.0100,216.9200,216.9400,900
1481657456,216.8700,216.9800,216.8600,216.9550,4900
1481657461,217.0250,217.1700,216.8750,216.9000,2800
1481657543,217.1100,217.1200,217.0200,217.0200,3000
1481657704,217.3000,217.3000,217.2500,217.2500,600
1481657795,217.1200,217.2000,217.1200,217.2000,1200
1481657825,217.0201,217.1800,217.0201,217.1800,300
1481657910,217.1000,217.1000,217.1000,217.1000,100
1481658023,217.2100,217.2100,217.1400,217.1400,700
1481658150,217.2800,217.2800,217.2800,217.2800,300
1481658207,217.1350,217.1900,217.1350,217.1900,300
1481658262,217.1900,217.1900,217.1900,217.1900,100
1481658344,217.1300,217.1800,217.1300,217.1800,200
1481658402,217.1700,217.1700,217.0800,217.0800,400
1481658458,217.2000,217.2000,217.1700,217.1700,700
1481658503,217.2400,217.2400,217.2400,217.2400,100
1481658581,217.0800,217.1200,217.0800,217.1200,800
1481658842,217.1400,217.1700,217.1250,217.1400,2500
1481658917,217.1450,217.1450,217.1300,217.1300,2000
1481658988,217.0200,217.1494,217.0200,217.1494,800
1481659165,216.8500,216.8800,216.8500,216.8800,400
1481659260,216.8800,216.8800,216.8800,216.8800,200
1481659353,216.8500,216.8500,216.8500,216.8500,400
1481659390,216.9000,216.9400,216.8700,216.8750,1800
1481659452,217.0300,217.0500,216.8900,216.8900,3800
1481659511,217.0700,217.0800,217.0600,217.0800,400
1481659576,217.0800,217.0800,217.0800,217.0800,300
1481659649,217.1300,217.1300,217.1300,217.1300,300
1481659794,217.2000,217.2400,217.0400,217.0400,2100
1481659822,217.2500,217.2500,217.1800,217.1800,400
1481659893,217.1500,217.1700,217.1500,217.1700,800
1481659977,217.1500,217.1500,217.1200,217.1200,400
1481660083,217.0600,217.0900,217.0600,217.0800,500
1481660106,217.0300,217.0300,217.0300,217.0300,300
1481660311,217.0000,217.1200,217.0000,217.0600,2600
1481660396,217.0300,217.1500,217.0300,217.1300,700
1481660401,217.0900,217.0900,217.0900,217.0900,100
1481660481,217.0900,217.1400,217.0900,217.1400,500
1481660616,217.1100,217.1100,217.1100,217.1100,200
1481660714,217.1300,217.1300,217.1200,217.1200,800
1481660778,217.1000,217.1400,217.1000,217.1400,700
1481660838,217.1800,217.1800,217.1800,217.1800,200
1481660880,217.1500,217.1800,217.1500,217.1800,300
1481660946,217.1600,217.2200,217.1600,217.1600,1400
1481661122,217.1100,217.1100,217.0900,217.0900,300
1481661188,217.1000,217.1000,217.0800,217.0800,800
1481661286,217.0500,217.0800,217.0300,217.0800,900
1481661348,217.0300,217.0300,217.0300,217.0300,1000
1481661391,217.0400,217.0400,217.0400,217.0400,300
1481661421,217.0800,217.0800,217.0400,217.0400,1800
1481661496,217.0800,217.0950,217.0800,217.0950,500
1481661576,217.0800,217.0800,217.0800,217.0800,800
1481661622,217.0700,217.1050,217.0700,217.1050,300
1481661706,217.0700,217.0700,217.0700,217.0700,500
1481661765,217.0800,217.0800,217.0800,217.0800,500
1481661800,217.1150,217.1400,217.1150,217.1400,500
1481661848,217.1150,217.1500,217.1150,217.1500,2200
1481661978,217.1900,217.1900,217.1600,217.1600,200
1481662030,217.1900,217.1900,217.1600,217.1600,3400
1481662095,217.2000,217.2050,217.1700,217.1700,1500
1481662158,217.2300,217.2300,217.2300,217.2300,1300
1481662248,217.0900,217.1700,217.0900,217.1700,1400
1481662265,217.0800,217.1600,217.0800,217.1600,900
1481662373,216.9900,217.0700,216.9900,217.0700,800
1481662439,216.8500,216.9700,216.8500,216.9700,1300
1481662459,216.8600,216.9800,216.8600,216.9600,1500
1481662504,216.9900,217.0050,216.8400,216.8400,5800
1481662563,216.9550,216.9550,216.9550,216.9550,2700
1481662623,217.0000,217.0500,216.9400,216.9400,2800
1481662699,217.0400,217.0400,217.0400,217.0400,1000
1481662798,216.8000,217.0000,216.7800,216.9600,5200
1481662800,216.8200,216.8200,216.8200,216.8200,34600
