uri:/instrument/1.0/PGP/chartdata;type=quote;range=1d/csv
ticker:pgp
Company-Name:Pimco Global Stocksplus & Incom
Exchange-Name:NYQ
unit:MIN
timezone:EST
currency:USD
gmtoffset:-18000
previous_close:14.4600
Timestamp:1482935400,1482958800
labels:1482937200,1482940800,1482944400,1482948000,1482951600,1482955200,1482958800
values:Timestamp,close,high,low,open,volume
close:14.1000,14.4480
high:14.1000,14.4480
low:14.1000,14.4480
open:14.1000,14.4480
volume:100,4000
1482935448,14.4216,14.4216,14.4216,14.4216,1500
1482935487,14.4250,14.4250,14.4001,14.4001,500
1482935772,14.4228,14.4228,14.4228,14.4228,500
1482935849,14.4480,14.4480,14.4480,14.4480,500
1482936134,14.4355,14.4355,14.4355,14.4355,500
1482936925,14.4300,14.4300,14.4300,14.4300,200
1482937593,14.4200,14.4355,14.4200,14.4355,1100
1482937794,14.4200,14.4291,14.4200,14.4291,900
1482937837,14.4200,14.4440,14.4200,14.4400,1500
1482938396,14.4299,14.4299,14.4299,14.4299,1000
1482938862,14.4262,14.4262,14.4262,14.4262,1000
1482939442,14.4331,14.4331,14.4331,14.4331,100
1482939633,14.4285,14.4285,14.4285,14.4285,200
1482939682,14.4290,14.4290,14.4290,14.4290,1000
1482940181,14.4200,14.4200,14.4200,14.4200,100
1482940364,14.4097,14.4097,14.4097,14.4097,1500
1482940463,14.3900,14.4000,14.3900,14.4000,1000
1482940916,14.3524,14.3524,14.3524,14.3524,1800
1482941233,14.3600,14.3838,14.3600,14.3838,1900
1482941857,14.3900,14.3900,14.3900,14.3900,600
1482941966,14.3850,14.3850,14.3850,14.3850,100
1482942036,14.3900,14.3900,14.3900,14.3900,1500
1482943229,14.3700,14.3900,14.3700,14.3900,1100
1482945093,14.3720,14.3720,14.3720,14.3720,600
1482945203,14.3700,14.3800,14.3700,14.3800,200
1482945240,14.3774,14.3774,14.3774,14.3774,300
1482945964,14.3819,14.3819,14.3819,14.3819,100
1482946424,14.3771,14.3771,14.3771,14.3771,400
1482946558,14.3793,14.3793,14.3793,14.3793,300
1482947422,14.3800,14.3900,14.3800,14.3900,800
1482947685,14.3900,14.3900,14.3900,14.3900,1100
1482948710,14.3700,14.3700,14.3700,14.3700,2400
1482948725,14.3600,14.3700,14.3600,14.3700,400
1482949056,14.3690,14.3690,14.3690,14.3690,1000
1482949086,14.3600,14.3650,14.3600,14.3650,300
1482949200,14.3600,14.3600,14.3600,14.3600,200
1482949799,14.3000,14.3500,14.3000,14.3500,2900
1482949833,14.2500,14.2500,14.2500,14.2500,200
1482949897,14.1888,14.2000,14.1888,14.2000,500
1482949933,14.1790,14.1790,14.1300,14.1300,300
1482950008,14.1300,14.1300,14.1300,14.1300,300
1482950098,14.1300,14.1400,14.1300,14.1300,400
1482950142,14.1300,14.1400,14.1300,14.1400,300
1482950187,14.1300,14.1400,14.1300,14.1400,300
1482950270,14.1390,14.1390,14.1300,14.1300,800
1482950324,14.1400,14.1400,14.1300,14.1300,800
1482950340,14.1400,14.1700,14.1300,14.1600,4000
1482950408,14.1000,14.1000,14.1000,14.1000,2000
1482950650,14.1000,14.1524,14.1000,14.1524,700
1482950803,14.1000,14.1423,14.1000,14.1002,3100
1482951020,14.1414,14.1414,14.1414,14.1414,500
1482951185,14.1700,14.1700,14.1600,14.1600,600
1482951303,14.2800,14.2800,14.2600,14.2800,700
1482951680,14.3000,14.3000,14.3000,14.3000,3300
1482951724,14.2110,14.2714,14.2110,14.2500,3000
1482951898,14.2600,14.2600,14.2600,14.2600,100
1482952145,14.2700,14.2900,14.2700,14.2900,200
1482952243,14.3500,14.3500,14.3000,14.3000,1800
1482952332,14.3499,14.3499,14.3499,14.3499,900
1482953015,14.3152,14.3152,14.3152,14.3152,200
1482953337,14.3100,14.3100,14.3100,14.3100,100
1482953457,14.2800,14.2800,14.2800,14.2800,200
1482953565,14.2800,14.2800,14.2800,14.2800,100
1482954198,14.3180,14.3180,14.3180,14.3180,400
1482955241,14.3298,14.3298,14.3298,14.3298,100
1482955386,14.3399,14.3399,14.3399,14.3399,1000
1482955820,14.2970,14.2970,14.2970,14.2970,100
1482957094,14.3000,14.3317,14.3000,14.3317,300
1482957372,14.2988,14.2988,14.2988,14.2988,3000
1482957773,14.3120,14.3120,14.3120,14.3120,2000
1482958237,14.3087,14.3087,14.3087,14.3087,100
1482958711,14.3000,14.3000,14.3000,14.3000,100
1482958770,14.3000,14.3000,14.3000,14.3000,100
1482958800,14.3000,14.3000,14.3000,14.3000,100
