uri:/instrument/1.0/AVY/chartdata;type=quote;range=1d/csv
ticker:avy
Company-Name:Avery Dennison Corporation Comm
Exchange-Name:NYQ
unit:MIN
timezone:EST
currency:USD
gmtoffset:-18000
previous_close:71.6900
Timestamp:1482935400,1482958800
labels:1482937200,1482940800,1482944400,1482948000,1482951600,1482955200,1482958800
values:Timestamp,close,high,low,open,volume
close:70.7400,72.1790
high:70.7500,72.1790
low:70.7300,72.1790
open:70.7400,72.1790
volume:0,6900
1482935614,72.0720,72.0720,72.0720,72.0720,4300
1482935660,72.1100,72.1100,71.8100,71.8100,400
1482935737,72.0600,72.0900,72.0600,72.0900,200
1482935786,72.1600,72.1600,72.0600,72.0600,1100
1482935841,72.1790,72.1790,72.1790,72.1790,100
1482935900,72.1200,72.1200,72.0850,72.0850,200
1482935970,72.0800,72.0800,72.0800,72.0800,300
1482936013,71.8700,72.0550,71.8700,72.0400,1700
1482936103,71.9300,71.9400,71.9300,71.9400,200
1482936157,71.9500,71.9500,71.9500,71.9500,200
1482936223,71.9200,71.9530,71.9200,71.9200,500
1482936299,72.0400,72.0400,71.9540,71.9540,1700
1482936301,71.9170,72.0100,71.9170,72.0100,900
1482936361,71.9000,71.9000,71.9000,71.9000,100
1482936456,71.9200,71.9200,71.9200,71.9200,100
1482936481,71.9100,71.9100,71.8900,71.9000,500
1482936583,71.8400,71.8400,71.8400,71.8400,200
1482936657,71.8850,71.8850,71.8850,71.8850,100
1482936716,71.7800,71.8700,71.7800,71.8700,1500
1482936777,71.8440,71.8440,71.8440,71.8440,100
1482936781,71.7401,71.7901,71.7401,71.7901,700
1482936870,71.7500,71.8000,71.7500,71.7700,400
1482936949,71.7101,71.8040,71.7100,71.8040,1100
1482936992,71.7600,71.7600,71.7600,71.7600,100
1482937045,71.8040,71.8040,71.7800,71.7800,400
1482937093,71.7900,71.7900,71.7800,71.7900,500
1482937169,71.7550,71.7550,71.7550,71.7550,100
1482937229,71.7300,71.7900,71.7300,71.7700,1400
1482937321,71.7000,71.7200,71.6700,71.7100,1700
1482937432,71.6600,71.6900,71.6500,71.6900,500
1482937441,71.6400,71.6700,71.6400,71.6700,200
1482937557,71.6400,71.6400,71.6400,71.6400,200
1482937607,71.6900,71.6900,71.6700,71.6700,500
1482937666,71.6900,71.6900,71.6500,71.6500,800
1482937701,71.7300,71.7300,71.7000,71.7000,900
1482937741,71.7150,71.7300,71.7150,71.7300,300
1482937801,71.7100,71.7300,71.7100,71.7200,1000
1482937882,71.7300,71.7300,71.7300,71.7300,400
1482937979,71.7400,71.7400,71.7250,71.7250,500
1482938030,71.6900,71.7400,71.6900,71.7250,1300
1482938051,71.7000,71.7100,71.6900,71.6900,600
1482938129,71.6900,71.6900,71.6900,71.6900,200
1482938162,71.7200,71.7300,71.6900,71.6900,800
1482938223,71.6401,71.7000,71.6401,71.7000,1100
1482938303,71.6000,71.6292,71.6000,71.6292,500
1482938414,71.5600,71.6370,71.5600,71.6370,1600
1482938518,71.5400,71.5700,71.5400,71.5700,400
1482938521,71.5000,71.5000,71.4800,71.4900,600
1482938621,71.4600,71.5000,71.4600,71.5000,600
1482938682,71.4650,71.4650,71.4650,71.4650,100
1482938727,71.4100,71.4450,71.4100,71.4450,500
1482938764,71.4150,71.4300,71.3900,71.3900,800
1482938838,71.4250,71.4400,71.4200,71.4400,600
1482938890,71.4300,71.4300,71.4300,71.4300,100
1482938968,71.4500,71.4500,71.4400,71.4400,900
1482939041,71.3700,71.4400,71.3700,71.4400,1200
1482939118,71.3600,71.4300,71.3600,71.4100,800
1482939179,71.3900,71.4100,71.3800,71.4000,700
1482939201,71.3600,71.3750,71.3600,71.3750,200
1482939262,71.4000,71.4000,71.3600,71.3700,400
1482939304,71.3700,71.4000,71.3700,71.4000,400
1482939363,71.3850,71.3850,71.3668,71.3668,1100
1482939465,71.4000,71.4000,71.3800,71.4000,1200
1482939502,71.3800,71.3800,71.3650,71.3650,800
1482939554,71.3950,71.3950,71.3900,71.3900,300
1482939654,71.3900,71.3900,71.3900,71.3900,400
1482939671,71.3550,71.3550,71.3300,71.3400,400
1482939771,71.3500,71.3500,71.3500,71.3500,100
1482939811,71.3600,71.3900,71.3600,71.3800,1600
1482939995,71.3200,71.3400,71.3200,71.3400,200
1482940020,71.3650,71.3700,71.3201,71.3201,1300
1482940128,71.3800,71.3800,71.3800,71.3800,300
1482940164,71.3700,71.3900,71.3600,71.3900,700
1482940259,71.3600,71.3600,71.3600,71.3600,600
1482940294,71.3700,71.3700,71.3600,71.3700,600
1482940356,71.3700,71.3800,71.3700,71.3750,600
1482940401,71.3500,71.3700,71.3500,71.3700,800
1482940490,71.3300,71.3500,71.3300,71.3500,200
1482940511,71.3500,71.3500,71.3500,71.3500,100
1482940616,71.3800,71.3800,71.3700,71.3700,500
1482940668,71.3750,71.3800,71.3700,71.3700,500
1482940735,71.3750,71.3900,71.3700,71.3900,600
1482940756,71.3900,71.3900,71.3700,71.3800,1000
1482940816,71.4600,71.4600,71.3900,71.3900,2700
1482940860,71.4500,71.4700,71.4500,71.4700,1100
1482940959,71.4800,71.4800,71.4600,71.4600,500
1482941094,71.5000,71.5000,71.5000,71.5000,200
1482941141,71.5000,71.5400,71.5000,71.5400,200
1482941181,71.5300,71.5300,71.5300,71.5300,200
1482941334,71.5600,71.5600,71.5600,71.5600,200
1482941417,71.5600,71.5600,71.5600,71.5600,200
1482941544,71.5200,71.5200,71.5200,71.5200,300
1482941627,71.4800,71.5000,71.4800,71.5000,1000
1482941714,71.4600,71.4700,71.4600,71.4650,500
1482941818,71.4100,71.4400,71.4100,71.4400,300
1482941832,71.4100,71.4100,71.4100,71.4100,200
1482941901,71.4100,71.4100,71.3900,71.3900,400
1482941977,71.4100,71.4100,71.4100,71.4100,100
1482942000,71.4150,71.4150,71.4150,71.4150,200
1482942101,71.4200,71.4200,71.4200,71.4200,500
1482942156,71.4500,71.4500,71.4500,71.4500,200
1482942205,71.4700,71.4700,71.4550,71.4550,200
1482942288,71.4600,71.4600,71.4600,71.4600,500
1482942344,71.4700,71.4700,71.4550,71.4550,200
1482942395,71.4900,71.4900,71.4900,71.4900,200
1482942523,71.5200,71.5300,71.5100,71.5200,400
1482942591,71.5500,71.5500,71.5200,71.5300,500
1482942623,71.5460,71.5460,71.5460,71.5460,100
1482942675,71.5500,71.5500,71.5300,71.5300,400
1482942752,71.5200,71.5500,71.5200,71.5500,400
1482942791,71.5400,71.5700,71.5400,71.5700,600
1482942960,71.5550,71.5550,71.5550,71.5550,600
1482943065,71.5300,71.5300,71.5300,71.5300,200
1482943097,71.5095,71.5197,71.5095,71.5100,1600
1482943195,71.4800,71.4800,71.4800,71.4800,100
1482943267,71.4800,71.5000,71.4800,71.5000,300
1482943376,71.4600,71.5000,71.4600,71.5000,500
1482943485,71.4600,71.4600,71.4600,71.4600,200
1482943650,71.4800,71.4800,71.4400,71.4800,400
1482943731,71.5000,71.5000,71.5000,71.5000,100
1482943762,71.5100,71.5100,71.4850,71.5100,300
1482943802,71.5000,71.5000,71.5000,71.5000,300
1482943937,71.5000,71.5183,71.5000,71.5183,500
1482944049,71.5000,71.5200,71.5000,71.5200,600
1482944105,71.4600,71.5200,71.4500,71.5000,1700
1482944249,71.4635,71.4800,71.4635,71.4700,1200
1482944372,71.4500,71.4500,71.4500,71.4500,100
1482944402,71.4300,71.4800,71.4300,71.4800,2400
1482944575,71.3700,71.3950,71.3700,71.3950,200
1482944761,71.3300,71.3850,71.3300,71.3850,600
1482944860,71.3370,71.3370,71.3200,71.3200,300
1482944927,71.3640,71.3640,71.3640,71.3640,100
1482945017,71.3100,71.3500,71.3100,71.3470,900
1482945111,71.3360,71.3360,71.3360,71.3360,300
1482945279,71.2300,71.2300,71.2300,71.2300,200
1482945330,71.2200,71.2200,71.2200,71.2200,300
1482945450,71.2200,71.2200,71.2100,71.2100,200
1482945510,71.2200,71.2200,71.2200,71.2200,200
1482945623,71.1970,71.2400,71.1900,71.2400,500
1482945690,71.1700,71.1700,71.1700,71.1700,400
1482945779,71.1780,71.1780,71.1600,71.1600,200
1482945808,71.1600,71.1600,71.1600,71.1600,500
1482945842,71.1200,71.1400,71.1200,71.1400,400
1482945986,71.1000,71.1200,71.1000,71.1200,200
1482946045,71.1500,71.1500,71.1400,71.1400,300
1482946099,71.1600,71.1600,71.1400,71.1444,600
1482946245,71.1700,71.1700,71.1700,71.1700,100
1482946357,71.1550,71.1550,71.1550,71.1550,100
1482946401,71.1400,71.1400,71.1400,71.1400,500
1482946521,71.1900,71.2100,71.1900,71.2100,400
1482946587,71.2160,71.2160,71.2160,71.2160,200
1482946645,71.2140,71.2140,71.2140,71.2140,100
1482946694,71.2250,71.2250,71.2000,71.2000,200
1482946763,71.1715,71.1715,71.1715,71.1715,200
1482946839,71.2340,71.2340,71.2000,71.2000,500
1482946912,71.1650,71.2150,71.1650,71.2000,300
1482946923,71.1900,71.1900,71.1800,71.1800,500
1482946999,71.1860,71.1860,71.1860,71.1860,100
1482947111,71.1800,71.1800,71.1800,71.1800,500
1482947195,71.1300,71.1500,71.1300,71.1500,500
1482947345,71.1350,71.1350,71.1350,71.1350,100
1482947449,71.1400,71.1400,71.1400,71.1400,500
1482947569,71.2040,71.2040,71.1639,71.1850,300
1482947624,71.1900,71.1900,71.1900,71.1900,300
1482947705,71.1608,71.1608,71.1608,71.1608,200
1482947776,71.1870,71.1870,71.1870,71.1870,100
1482947838,71.1780,71.1780,71.1780,71.1780,400
1482947921,71.1700,71.1700,71.1700,71.1700,100
1482947992,71.1650,71.1650,71.1650,71.1650,200
1482948051,71.1695,71.1700,71.1695,71.1700,300
1482948118,71.1500,71.1500,71.1500,71.1500,200
1482948124,71.1000,71.1500,71.1000,71.1500,500
1482948236,71.1426,71.1426,71.1300,71.1300,300
1482948249,71.2000,71.2000,71.1500,71.1500,2000
1482948335,71.1600,71.1900,71.1600,71.1900,600
1482948467,71.1600,71.1600,71.1600,71.1600,100
1482948503,71.1800,71.1800,71.1600,71.1600,300
1482948572,71.2100,71.2100,71.2100,71.2100,200
1482948641,71.2160,71.2160,71.2100,71.2100,200
1482948677,71.2100,71.2100,71.2100,71.2100,100
1482948747,71.2100,71.2100,71.2100,71.2100,100
1482948795,71.2300,71.2300,71.2300,71.2300,100
1482948891,71.2450,71.2450,71.2200,71.2200,300
1482948975,71.2000,71.2300,71.2000,71.2300,600
1482949081,71.1919,71.1919,71.1919,71.1919,100
1482949150,71.1800,71.2000,71.1800,71.2000,500
1482949209,71.2100,71.2100,71.2100,71.2100,100
1482949369,71.2000,71.2100,71.2000,71.2100,200
1482949394,71.1400,71.1900,71.1400,71.1900,1500
1482949456,71.1600,71.1600,71.1400,71.1400,700
1482949510,71.1650,71.1650,71.1650,71.1650,100
1482949612,71.1700,71.1700,71.1600,71.1600,200
1482949648,71.1600,71.1600,71.1600,71.1600,100
1482949750,71.1200,71.1500,71.1200,71.1500,1000
1482949802,71.1300,71.1300,71.1200,71.1200,1200
1482949909,71.1100,71.1100,71.1100,71.1100,100
1482949941,71.1400,71.1400,71.1400,71.1400,200
1482950026,71.1250,71.1250,71.1250,71.1250,100
1482950098,71.1400,71.1400,71.1400,71.1400,400
1482950316,71.1033,71.1185,71.1033,71.1185,300
1482950343,71.1075,71.1170,71.0900,71.0900,900
1482950508,71.0600,71.0986,71.0600,71.0986,1000
1482950558,71.0100,71.0500,71.0100,71.0500,400
1482950741,71.0350,71.0400,71.0350,71.0400,500
1482950781,71.0120,71.0120,71.0100,71.0100,400
1482950888,71.0100,71.0300,71.0100,71.0300,400
1482950942,70.9827,70.9900,70.9827,70.9900,600
1482951007,70.9900,70.9900,70.9800,70.9800,1200
1482951164,70.9971,70.9971,70.9971,70.9971,500
1482951246,70.9700,70.9800,70.9700,70.9700,500
1482951399,71.0100,71.0100,70.9900,70.9900,700
1482951445,71.0500,71.0500,71.0500,71.0500,100
1482951488,71.0600,71.0600,71.0500,71.0500,700
1482951659,71.0500,71.0500,71.0500,71.0500,200
1482951662,71.0600,71.0600,71.0600,71.0600,100
1482951720,71.0900,71.0900,71.0900,71.0900,200
1482951786,71.1200,71.1200,71.1200,71.1200,100
1482951876,71.1200,71.1200,71.1200,71.1200,300
1482951912,71.1300,71.1360,71.1300,71.1360,300
1482951970,71.1300,71.1300,71.1300,71.1300,300
1482952052,71.0900,71.1150,71.0900,71.1100,2100
1482952190,71.0900,71.0900,71.0900,71.0900,200
1482952269,71.0900,71.0900,71.0700,71.0700,400
1482952353,71.0600,71.0800,71.0600,71.0800,1200
1482952434,71.0700,71.0700,71.0700,71.0700,500
1482952503,71.0750,71.0750,71.0750,71.0750,300
1482952581,71.0600,71.0600,71.0600,71.0600,400
1482952635,71.0400,71.0660,71.0400,71.0660,200
1482952722,71.0400,71.0600,71.0400,71.0600,300
1482952769,71.0417,71.0417,71.0300,71.0300,2200
1482952880,71.0500,71.0500,71.0480,71.0480,500
1482952942,71.0500,71.0500,71.0500,71.0500,100
1482953003,71.0400,71.0400,71.0400,71.0400,300
1482953069,71.0250,71.0325,71.0250,71.0325,300
1482953101,71.0100,71.0370,71.0100,71.0226,600
1482953167,71.0400,71.0400,71.0400,71.0400,900
1482953291,71.0600,71.0600,71.0450,71.0450,400
1482953400,71.0700,71.0700,71.0200,71.0200,600
1482953481,71.0770,71.0770,71.0770,71.0770,100
1482953529,71.0500,71.0500,71.0370,71.0500,1200
1482953620,71.0570,71.0570,71.0570,71.0570,100
1482953656,71.0100,71.0500,71.0100,71.0300,2200
1482953701,70.9800,71.0000,70.9700,71.0000,1800
1482953798,70.9600,70.9700,70.9600,70.9600,300
1482953829,70.9800,70.9800,70.9800,70.9800,500
1482953889,70.9820,71.0000,70.9700,70.9900,1600
1482953957,70.9800,71.0000,70.9700,71.0000,500
1482954036,70.9900,70.9900,70.9700,70.9700,200
1482954070,70.9900,70.9900,70.9700,70.9700,400
1482954162,70.9600,70.9600,70.9600,70.9600,300
1482954181,70.9300,70.9300,70.9300,70.9300,500
1482954417,70.9600,70.9600,70.9200,70.9200,200
1482954429,70.9700,70.9700,70.9700,70.9700,500
1482954500,70.9500,70.9800,70.9500,70.9800,800
1482954583,70.9200,70.9500,70.9200,70.9500,800
1482954626,70.9200,70.9500,70.9200,70.9200,1900
1482954673,70.9300,70.9362,70.9300,70.9362,700
1482954724,70.9200,70.9200,70.9200,70.9200,400
1482954795,70.9100,70.9100,70.9100,70.9100,200
1482954942,70.9500,70.9500,70.9500,70.9500,100
1482954993,70.9600,70.9600,70.9600,70.9600,200
1482955021,70.9700,70.9700,70.9600,70.9600,200
1482955081,70.9600,70.9800,70.9600,70.9700,600
1482955162,70.9900,70.9900,70.9900,70.9900,400
1482955227,70.9500,70.9900,70.9500,70.9900,1100
1482955260,71.0100,71.0100,70.9600,70.9600,800
1482955337,71.0100,71.0100,71.0100,71.0100,300
1482955410,71.0300,71.0300,71.0150,71.0150,400
1482955441,71.0400,71.0400,71.0400,71.0400,100
1482955528,71.0400,71.0500,71.0350,71.0350,1600
1482955589,71.0550,71.0550,71.0550,71.0550,100
1482955632,71.0400,71.0600,71.0400,71.0550,1000
1482955698,71.0200,71.0300,71.0200,71.0300,1000
1482955747,71.0175,71.0200,71.0121,71.0121,500
1482955847,71.0100,71.0150,71.0050,71.0100,1600
1482955861,71.0000,71.0100,71.0000,71.0030,500
1482955952,71.0100,71.0100,71.0100,71.0100,100
1482955987,71.0100,71.0100,71.0100,71.0100,100
1482956078,71.0300,71.0300,71.0300,71.0300,100
1482956118,71.0200,71.0350,71.0200,71.0350,500
1482956175,71.0110,71.0200,71.0110,71.0200,200
1482956223,70.9700,71.0100,70.9700,71.0100,1700
1482956296,70.9700,70.9800,70.9700,70.9700,1000
1482956370,70.9900,70.9900,70.9800,70.9800,200
1482956432,70.9800,70.9900,70.9800,70.9900,0
1482956467,70.9500,70.9800,70.9500,70.9800,1900
1482956528,70.9500,70.9500,70.9500,70.9500,800
1482956597,70.9600,70.9700,70.9450,70.9450,800
1482956643,71.0000,71.0000,70.9700,70.9700,2100
1482956700,71.0200,71.0200,71.0000,71.0000,1700
1482956788,71.0300,71.0300,71.0200,71.0200,800
1482956830,71.0100,71.0300,71.0000,71.0300,1000
1482956939,70.9800,71.0100,70.9800,71.0100,1300
1482956976,70.9950,70.9950,70.9800,70.9800,500
1482957003,70.9800,71.0000,70.9800,70.9800,3700
1482957108,70.9550,70.9600,70.9550,70.9600,600
1482957145,70.9300,70.9500,70.9300,70.9500,1000
1482957238,70.9500,70.9500,70.9300,70.9337,1900
1482957241,70.9500,70.9550,70.9400,70.9400,900
1482957333,70.9300,70.9400,70.9300,70.9400,900
1482957391,70.9300,70.9300,70.9200,70.9300,800
1482957436,70.9200,70.9300,70.9200,70.9200,3200
1482957507,70.9000,70.9200,70.9000,70.9200,700
1482957563,70.8800,70.9000,70.8800,70.9000,1200
1482957601,70.8700,70.8800,70.8600,70.8800,3400
1482957664,70.8100,70.8600,70.8100,70.8600,2300
1482957776,70.7900,70.8100,70.7900,70.7900,3900
1482957839,70.7500,70.7900,70.7500,70.7900,2300
1482957890,70.7403,70.7600,70.7300,70.7500,2200
1482957925,70.7500,70.7700,70.7400,70.7700,1700
1482957970,70.7900,70.7900,70.7650,70.7700,5100
1482958026,70.7700,70.7900,70.7700,70.7800,1900
1482958136,70.7800,70.7900,70.7800,70.7800,2100
1482958155,70.7650,70.7900,70.7600,70.7900,2800
1482958201,70.7800,70.7900,70.7700,70.7700,3800
1482958316,70.7700,70.7800,70.7600,70.7800,3600
1482958328,70.7600,70.7700,70.7600,70.7600,2000
1482958439,70.7400,70.7500,70.7300,70.7400,1800
1482958499,70.8200,70.8200,70.7450,70.7500,5800
1482958555,70.7900,70.8400,70.7900,70.8200,4400
1482958560,70.7800,70.8000,70.7800,70.8000,2500
1482958676,70.8100,70.8100,70.7950,70.8000,3000
1482958680,70.8000,70.8100,70.7900,70.8100,5000
1482958740,70.7999,70.8400,70.7800,70.8000,6900
1482958800,70.7999,70.7999,70.7999,70.7999,100
