uri:/instrument/1.0/GOGL/chartdata;type=quote;range=1d/csv
ticker:gogl
Company-Name:Golden Ocean Group Limited
Exchange-Name:NMS
unit:MIN
timezone:EST
currency:USD
gmtoffset:-18000
previous_close:4.7800
Timestamp:1482935400,1482958800
labels:1482937200,1482940800,1482944400,1482948000,1482951600,1482955200,1482958800
values:Timestamp,close,high,low,open,volume
close:4.5800,4.6900
high:4.5800,4.6900
low:4.5800,4.6800
open:4.5800,4.6800
volume:100,5600
1482935672,4.6590,4.6590,4.6590,4.6590,5600
1482935731,4.6900,4.6900,4.6600,4.6600,2100
1482935905,4.6501,4.6501,4.6501,4.6501,200
1482936470,4.6510,4.6510,4.6510,4.6510,300
1482936527,4.6900,4.6900,4.6610,4.6610,500
1482936744,4.6800,4.6800,4.6800,4.6800,200
1482936792,4.6500,4.6600,4.6500,4.6600,500
1482936869,4.6400,4.6400,4.6400,4.6400,200
1482936965,4.6500,4.6500,4.6500,4.6500,200
1482937421,4.6400,4.6400,4.6400,4.6400,300
1482937550,4.6300,4.6300,4.6300,4.6300,100
1482937588,4.6200,4.6200,4.6100,4.6200,3200
1482937690,4.6168,4.6168,4.6168,4.6168,300
1482937813,4.6300,4.6300,4.6180,4.6180,300
1482938183,4.6100,4.6200,4.6100,4.6200,400
1482938263,4.6300,4.6300,4.6200,4.6300,1700
1482938380,4.6500,4.6600,4.6400,4.6600,900
1482938658,4.6301,4.6301,4.6301,4.6301,300
1482938733,4.6700,4.6700,4.6700,4.6700,100
1482938764,4.6301,4.6301,4.6301,4.6301,2000
1482939038,4.6720,4.6720,4.6700,4.6700,300
1482939120,4.6600,4.6600,4.6600,4.6600,400
1482939232,4.6674,4.6674,4.6674,4.6674,1000
1482939261,4.6600,4.6600,4.6500,4.6500,1300
1482939487,4.6500,4.6500,4.6500,4.6500,200
1482939625,4.6447,4.6447,4.6447,4.6447,300
1482939830,4.6400,4.6400,4.6400,4.6400,2000
1482939908,4.6700,4.6700,4.6700,4.6700,300
1482940235,4.6400,4.6400,4.6400,4.6400,3200
1482941188,4.6600,4.6600,4.6500,4.6500,800
1482941237,4.6536,4.6536,4.6500,4.6500,600
1482941301,4.6600,4.6600,4.6600,4.6600,100
1482941344,4.6500,4.6500,4.6500,4.6500,300
1482941887,4.6400,4.6400,4.6400,4.6400,100
1482941983,4.6600,4.6600,4.6600,4.6600,400
1482942685,4.6800,4.6800,4.6700,4.6700,400
1482942760,4.6710,4.6710,4.6710,4.6710,100
1482942875,4.6700,4.6700,4.6700,4.6700,300
1482943134,4.6518,4.6605,4.6518,4.6600,3300
1482943666,4.6500,4.6500,4.6500,4.6500,1300
1482943688,4.6400,4.6400,4.6400,4.6400,100
1482943848,4.6500,4.6500,4.6500,4.6500,300
1482944229,4.6600,4.6600,4.6600,4.6600,200
1482944399,4.6400,4.6400,4.6400,4.6400,300
1482944400,4.6400,4.6470,4.6400,4.6470,600
1482944682,4.6300,4.6300,4.6200,4.6200,200
1482945625,4.6100,4.6100,4.6100,4.6100,100
1482945836,4.6300,4.6300,4.6300,4.6300,200
1482946903,4.6200,4.6200,4.6200,4.6200,200
1482947386,4.6300,4.6300,4.6300,4.6300,300
1482947757,4.6100,4.6100,4.6100,4.6100,100
1482948593,4.6101,4.6101,4.6101,4.6101,600
1482949112,4.6120,4.6200,4.6100,4.6200,1600
1482949484,4.6300,4.6300,4.6300,4.6300,400
1482950114,4.6100,4.6100,4.6100,4.6100,400
1482951146,4.6170,4.6170,4.6170,4.6170,100
1482951316,4.6300,4.6300,4.6300,4.6300,100
1482951454,4.6200,4.6200,4.6100,4.6100,1200
1482952324,4.6100,4.6111,4.6100,4.6111,1000
1482952597,4.6090,4.6090,4.6090,4.6090,1000
1482952907,4.6300,4.6300,4.6300,4.6300,100
1482953833,4.6059,4.6059,4.6000,4.6000,1400
1482954074,4.6000,4.6000,4.6000,4.6000,400
1482954499,4.6300,4.6300,4.6300,4.6300,300
1482954589,4.6000,4.6150,4.6000,4.6150,1300
1482954959,4.5900,4.5900,4.5900,4.5900,100
1482955194,4.5940,4.5940,4.5940,4.5940,500
1482955507,4.6000,4.6000,4.5900,4.6000,1900
1482955919,4.5970,4.5992,4.5900,4.5989,700
1482955925,4.6000,4.6000,4.5992,4.5992,200
1482956137,4.5900,4.5900,4.5900,4.5900,100
1482956288,4.5999,4.5999,4.5999,4.5999,500
1482956414,4.6000,4.6000,4.6000,4.6000,800
1482957037,4.6001,4.6001,4.6001,4.6001,100
1482957111,4.6100,4.6100,4.6100,4.6100,200
1482957127,4.6000,4.6000,4.6000,4.6000,500
1482957804,4.5900,4.5900,4.5900,4.5900,2100
1482957882,4.5901,4.5901,4.5901,4.5901,100
1482957993,4.5850,4.5900,4.5850,4.5850,1400
1482958556,4.6000,4.6000,4.6000,4.6000,400
1482958619,4.5900,4.5900,4.5900,4.5900,400
1482958661,4.5950,4.5950,4.5950,4.5950,100
1482958682,4.6000,4.6000,4.6000,4.6000,1400
1482958740,4.5900,4.5900,4.5800,4.5800,500
1482958800,4.5800,4.5800,4.5800,4.5800,100
