uri:/instrument/1.0/GOOGL/chartdata;type=quote;range=1d/csv
ticker:googl
Company-Name:Alphabet Inc.
Exchange-Name:NMS
unit:MIN
timezone:EST
currency:USD
gmtoffset:-18000
previous_close:809.9300
Timestamp:1482935400,1482958800
labels:1482937200,1482940800,1482944400,1482948000,1482951600,1482955200,1482958800
values:Timestamp,close,high,low,open,volume
close:802.6100,812.0200
high:803.0400,812.1200
low:802.4400,811.5515
open:802.7800,812.0300
volume:0,46200
1482935426,811.3300,811.3300,811.3300,811.3300,29100
1482935545,811.9800,811.9800,811.2000,811.2000,6400
1482935584,811.5515,811.8000,811.5515,811.5800,2400
1482935661,812.0200,812.0200,811.3100,811.3100,2400
1482935759,810.5100,812.1200,810.5100,812.0300,4000
1482935761,810.1800,810.6500,809.6601,810.6500,12500
1482935826,810.4000,810.4200,810.1834,810.1834,2000
1482935881,810.5400,810.6300,810.2364,810.4800,1800
1482935941,810.0000,810.6000,809.7000,809.7000,7300
1482936014,809.5700,809.7700,809.2300,809.7500,3300
1482936116,809.1900,809.8100,809.0000,809.6400,3500
1482936120,808.6900,809.5000,808.6000,809.1338,3200
1482936190,807.8400,808.6200,807.7000,808.6200,4600
1482936245,807.4500,808.3200,807.1900,807.6500,5300
1482936359,807.3265,807.8700,807.1700,807.5500,4100
1482936362,806.8100,807.5500,806.8100,807.5500,3700
1482936449,807.7000,807.7000,806.6300,806.9900,3800
1482936489,807.9300,808.0600,807.3300,807.6535,2600
1482936599,807.7300,808.4300,807.6800,807.9200,3300
1482936611,807.2000,807.5950,807.0000,807.5950,2400
1482936664,807.1400,807.3900,806.9300,807.3900,2800
1482936722,806.3800,807.4800,806.3800,807.2600,6900
1482936781,806.1800,806.5600,806.1500,806.3400,4300
1482936842,806.2600,806.2820,806.0000,806.2820,3900
1482936918,806.0450,806.0450,805.6300,806.0000,5800
1482936961,805.8000,806.2300,805.6301,806.1900,4500
1482937021,804.7500,806.2200,804.7500,805.9400,6500
1482937098,804.9600,805.3100,804.8400,804.9900,4100
1482937198,805.4300,805.5800,804.7000,804.7000,7200
1482937200,805.2128,805.6300,805.0800,805.6300,5600
1482937263,806.0800,806.0800,805.3900,805.3900,5600
1482937379,806.5583,806.5583,805.9601,806.0900,5000
1482937389,806.0150,806.4550,806.0150,806.3600,600
1482937440,808.1400,808.5500,806.4200,806.4200,6900
1482937510,807.3028,807.3028,807.2500,807.2500,400
1482937564,806.3300,807.2500,806.3300,807.2000,1700
1482937635,806.0400,806.4700,806.0300,806.4700,1000
1482937694,806.4977,806.7250,806.0900,806.0900,1800
1482937754,805.6750,806.4750,805.1800,806.2200,2200
1482937804,804.7064,805.4200,804.7064,805.4200,6800
1482937863,805.6800,805.6800,804.3500,804.7262,3500
1482937922,806.3300,806.3300,805.5450,805.7000,2500
1482937994,806.1000,806.7600,806.1000,806.7300,1500
1482938056,805.2769,805.7700,805.0650,805.7700,2100
1482938110,805.5900,805.5900,805.2700,805.2700,2800
1482938164,806.2800,806.2800,805.7200,805.7200,2600
1482938253,806.8300,806.8300,806.4100,806.4100,600
1482938282,806.4100,806.5050,806.2700,806.5050,2400
1482938348,805.3100,806.0500,805.3000,805.4200,2000
1482938402,804.6700,805.7200,804.6700,805.3000,5700
1482938462,804.9200,805.2900,804.4900,804.4900,2300
1482938521,805.2700,805.2900,804.7900,804.9900,2500
1482938654,805.6200,805.6890,805.5000,805.6890,400
1482938700,805.3600,805.5600,805.3500,805.3500,3500
1482938771,805.6900,805.9600,805.1200,805.1200,3700
1482938822,805.2900,805.7300,805.2700,805.4100,2300
1482938920,805.6600,806.0450,805.6600,805.7800,1400
1482938956,805.6600,805.7050,805.3500,805.6200,3800
1482939047,805.9000,805.9000,805.9000,805.9000,600
1482939120,805.8500,806.0400,805.8500,806.0000,2600
1482939188,805.8800,805.9900,805.8800,805.9900,1000
1482939248,805.7300,805.7600,805.3700,805.7600,1100
1482939315,805.7700,805.7700,805.4400,805.6200,3200
1482939361,805.9200,806.0000,805.7080,805.7080,3200
1482939431,805.7800,806.1600,805.7800,806.1600,2000
1482939489,804.9505,806.0725,804.9505,806.0725,2400
1482939544,805.5400,805.6900,804.9600,804.9600,3300
1482939634,805.3112,805.3112,805.1434,805.2000,600
1482939666,805.1200,805.2300,804.8250,805.2300,2800
1482939743,805.3100,805.3200,804.8400,804.8700,3100
1482939807,804.8600,805.2600,804.8600,805.0900,800
1482939865,804.6750,804.7500,804.5000,804.7500,1200
1482939904,804.5050,804.6300,804.1400,804.5400,3500
1482939964,804.5800,804.6800,804.4500,804.6300,4100
1482940038,805.1000,805.1000,804.5300,804.5300,1900
1482940097,804.6900,804.9100,804.6900,804.9100,1000
1482940163,804.4100,804.6200,804.4100,804.6200,1600
1482940204,804.4200,804.5600,804.1600,804.3900,2900
1482940266,804.4200,804.4200,804.0400,804.1900,3100
1482940323,804.1200,804.4850,804.1200,804.4850,1900
1482940385,804.1800,804.1800,804.0100,804.1000,2900
1482940458,804.0500,804.1200,803.8800,804.1200,12800
1482940511,804.0800,804.4180,804.0700,804.2200,2700
1482940563,804.3600,804.5000,804.1131,804.3100,4600
1482940650,804.1900,804.3900,804.1900,804.3900,3300
1482940685,804.6600,804.8700,804.3900,804.3900,10300
1482940749,804.5700,804.7400,804.5700,804.5700,2000
1482940806,804.8600,804.8600,804.2900,804.4700,1500
1482940860,804.6400,805.1200,804.5900,805.1200,1500
1482940949,804.7200,805.0400,804.7200,804.9200,500
1482940996,804.7900,804.8800,804.7900,804.8800,1000
1482941042,805.0900,805.0900,804.7800,804.7800,2000
1482941120,805.2100,805.2100,805.0735,805.0735,500
1482941176,805.2700,805.2700,805.2700,805.2700,300
1482941226,805.1300,805.1700,804.7800,805.1400,2500
1482941294,804.9500,805.0800,804.9000,804.9000,800
1482941378,805.1700,805.1700,805.1300,805.1300,200
1482941428,804.7900,804.9300,804.7900,804.9300,1100
1482941466,805.2350,805.4400,804.7000,804.7000,2300
1482941564,805.3315,805.5100,805.2520,805.2520,1100
1482941632,805.9800,805.9800,805.4000,805.4300,5600
1482941645,806.1000,806.1500,805.9296,805.9900,4200
1482941712,805.9700,805.9700,805.9700,805.9700,500
1482941777,805.7400,805.7400,805.7400,805.7400,200
1482941837,805.8600,805.9300,805.7500,805.9300,1200
1482941904,805.7100,806.1300,805.7100,806.0000,2300
1482942009,806.0400,806.0400,805.5500,805.6200,3500
1482942066,806.4800,806.5100,805.8500,805.8500,4800
1482942120,806.3200,806.6600,806.1200,806.4600,16600
1482942182,806.7200,806.7200,806.3800,806.4600,6000
1482942281,806.7100,806.7199,806.4210,806.4210,800
1482942310,806.3400,806.5245,806.3400,806.4300,900
1482942361,806.3400,806.4550,806.3400,806.3500,1300
1482942435,806.4300,806.6500,806.3700,806.6500,400
1482942492,806.6400,806.6400,806.4400,806.5202,1800
1482942558,806.4300,806.6800,806.4300,806.6800,600
1482942603,806.5786,806.7100,806.4500,806.6700,2300
1482942664,806.3800,806.6800,806.3800,806.6668,3500
1482942772,806.1500,806.1500,806.1500,806.1500,100
1482942807,806.2450,806.3900,806.0900,806.0900,1900
1482942851,806.0000,806.1000,806.0000,806.1000,1100
1482942900,806.1150,806.3100,805.9400,806.1900,3700
1482942988,806.2300,806.2300,806.0200,806.1650,1200
1482943026,805.9600,806.2700,805.9600,806.0900,1300
1482943113,806.4500,806.4500,806.0500,806.1500,2500
1482943141,806.5331,806.5331,806.5331,806.5331,300
1482943204,806.3550,806.5350,806.2700,806.5350,1900
1482943328,806.2100,806.3550,806.1600,806.2400,1700
1482943383,805.5600,806.1000,805.5600,806.1000,1400
1482943440,805.7800,805.7800,805.6350,805.6350,1500
1482943537,805.8300,805.8300,805.7350,805.7350,1000
1482943563,805.8075,805.9600,805.8075,805.9200,600
1482943676,805.8600,805.8600,805.6500,805.7100,1200
1482943681,805.5800,805.7200,805.5800,805.6500,500
1482943773,805.8634,805.8634,805.8634,805.8634,500
1482943801,805.4200,805.5500,805.4200,805.5500,1700
1482943903,805.1700,805.1700,805.1500,805.1500,600
1482943924,805.5800,805.5800,805.2100,805.2100,1500
1482944041,805.0600,805.5699,805.0600,805.1110,1100
1482944105,805.0000,805.1100,804.7300,804.9800,1900
1482944189,804.9700,805.1300,804.8900,805.1000,2100
1482944232,805.1200,805.2300,804.8200,804.8800,2200
1482944402,804.8950,804.9300,804.7200,804.8100,1900
1482944460,804.4333,804.6900,804.4333,804.6900,1000
1482944559,804.1200,804.4750,804.0000,804.4750,2600
1482944592,804.5600,804.5600,804.2300,804.2300,1500
1482944761,804.4800,804.4800,804.4499,804.4499,1000
1482944851,804.5100,804.5400,804.4900,804.4900,1800
1482944936,804.4199,804.4199,804.2200,804.2200,1000
1482944940,804.3000,804.5000,804.1100,804.1100,1100
1482945061,804.3100,804.4400,804.3100,804.4200,1100
1482945160,804.3300,804.3300,804.3300,804.3300,1000
1482945193,803.8300,804.4500,803.8300,804.4500,6400
1482945249,803.4000,804.0100,803.4000,803.8000,2000
1482945313,803.7100,803.8899,803.4098,803.8600,2100
1482945361,803.8920,804.0400,803.5900,803.8900,4200
1482945434,804.3350,804.3350,804.0100,804.0100,2000
1482945480,804.4000,804.8200,804.3897,804.4700,3800
1482945540,804.3165,804.7600,804.2900,804.2900,6400
1482945609,804.4200,804.4200,804.2300,804.2300,2800
1482945661,804.5001,804.6900,804.3200,804.4900,3700
1482945779,804.6875,804.9700,804.5400,804.7350,3100
1482945783,805.0275,805.0800,804.1653,804.7000,4300
1482945850,804.8000,804.9000,804.7300,804.8400,4500
1482945908,804.7100,804.8600,804.7100,804.7100,3100
1482946011,804.9500,804.9500,804.6650,804.6650,1800
1482946074,804.8000,804.8000,804.8000,804.8000,200
1482946107,805.1650,805.2000,805.0200,805.0300,1500
1482946159,805.7859,805.7859,805.0200,805.0200,2100
1482946206,805.5000,805.5000,805.1400,805.4100,2700
1482946271,805.4200,805.5000,805.1400,805.4050,4600
1482946321,805.4800,805.4900,804.9300,805.4800,3000
1482946441,805.2700,805.4800,804.9000,805.1800,4800
1482946524,804.6900,804.6900,804.6900,804.6900,100
1482946573,804.7200,804.7200,804.7200,804.7200,100
1482946622,804.8250,804.8250,804.8160,804.8160,900
1482946712,804.4300,804.8500,804.4300,804.7050,2600
1482946784,804.5500,804.5500,804.4400,804.4500,700
1482946843,804.5100,804.5100,804.3800,804.3800,1000
1482946880,804.5700,804.5800,804.3900,804.4700,3800
1482946920,804.5900,804.8800,804.5300,804.6100,12200
1482946986,804.2500,804.6400,804.2000,804.4100,3200
1482947044,803.7900,804.2200,803.7900,804.1000,3500
1482947101,803.6400,803.9600,803.6000,803.7800,2700
1482947162,803.7500,803.7600,803.3300,803.3700,900
1482947222,803.4900,803.7300,803.4900,803.5800,1500
1482947302,803.5800,803.5800,803.5800,803.5800,700
1482947346,803.5369,803.8400,803.4209,803.4209,1600
1482947404,803.3500,803.7000,803.3300,803.5400,5200
1482947474,803.5300,803.5500,803.5000,803.5500,600
1482947535,803.6200,803.6400,803.3400,803.3500,2100
1482947587,803.8400,803.8400,803.5402,803.6300,3900
1482947697,804.1000,804.1000,804.1000,804.1000,100
1482947709,803.8400,804.1400,803.6700,803.9548,2300
1482947818,803.6200,803.6200,803.6200,803.6200,200
1482947848,803.6972,803.6972,803.6000,803.6000,700
1482947939,803.8600,803.8600,803.8550,803.8550,200
1482947940,803.7350,803.8400,803.6900,803.6900,2000
1482948002,803.7100,803.9400,803.7100,803.9300,900
1482948064,803.3300,803.6100,803.2000,803.6100,1200
1482948138,803.5266,803.5266,803.2000,803.2000,500
1482948180,803.5800,803.8600,803.2000,803.3806,2500
1482948246,803.8000,804.0600,803.5400,804.0500,8400
1482948300,803.4800,803.7700,803.2600,803.5700,6200
1482948360,803.6372,803.8800,803.4400,803.4400,2000
1482948424,803.8700,803.9100,803.7100,803.8200,3900
1482948489,804.2500,804.2500,803.8900,803.8900,2600
1482948541,804.4600,804.4600,804.1800,804.1800,1400
1482948603,804.7300,804.7300,804.3000,804.5000,4100
1482948671,804.2600,804.3900,803.9310,804.3500,9300
1482948734,804.1500,804.2500,804.1500,804.2500,600
1482948812,804.0300,804.3200,804.0300,804.2200,1700
1482948886,804.4200,804.4200,804.3600,804.3600,700
1482948914,804.4300,804.5700,804.3400,804.3500,1500
1482948960,804.2700,804.6100,804.2700,804.6100,1700
1482949038,804.5900,804.5900,804.4700,804.4700,800
1482949097,804.2800,804.4800,804.0600,804.4000,2500
1482949159,804.5000,804.6500,804.4700,804.4700,1100
1482949202,804.3200,804.6700,804.2700,804.6200,8200
1482949274,804.2500,804.3300,804.2500,804.3300,1200
1482949439,804.1700,804.1700,804.1700,804.1700,200
1482949480,804.4999,804.4999,804.4900,804.4900,200
1482949512,804.5299,804.5299,804.5299,804.5299,200
1482949566,804.9900,804.9900,804.4800,804.4800,3100
1482949627,805.0700,805.0700,804.8440,804.9000,4500
1482949709,804.5925,804.9600,804.5925,804.7600,1700
1482949777,804.4253,804.4900,804.4253,804.4900,200
1482949806,805.0000,805.0000,804.7000,804.7000,1200
1482949906,804.7945,804.7945,804.7945,804.7945,700
1482950081,804.6800,804.6800,804.2100,804.5900,2400
1482950119,804.2200,804.4900,804.2200,804.4900,300
1482950163,804.5000,804.6600,804.5000,804.5900,1000
1482950223,804.2650,804.4100,804.2300,804.3900,1900
1482950283,804.5163,804.5700,804.3400,804.3500,1100
1482950367,804.4750,804.4750,804.4750,804.4750,200
1482950400,804.8450,804.8450,804.8450,804.8450,400
1482950557,804.7700,804.7700,804.7700,804.7700,200
1482950594,804.6700,804.8800,804.6700,804.8300,1600
1482950672,804.6000,804.7375,804.6000,804.6000,1100
1482950707,804.5500,804.5600,804.5500,804.5600,500
1482950783,804.6700,804.6700,804.6700,804.6700,200
1482950840,804.6000,804.6499,804.4026,804.6400,1000
1482950922,804.5499,804.5700,804.5300,804.5700,1700
1482950950,804.3400,804.4800,804.1200,804.3500,7200
1482951005,804.2500,804.4400,804.2200,804.3200,4000
1482951065,804.4000,804.4700,804.2500,804.2700,2900
1482951147,804.2400,804.3400,804.2400,804.3400,300
1482951186,804.2400,804.3700,804.2400,804.2401,1300
1482951268,803.3800,804.0000,803.3800,804.0000,2300
1482951306,803.4400,803.8290,803.3700,803.8290,2600
1482951364,804.0391,804.0391,803.2500,803.4210,4000
1482951438,804.1300,804.2500,804.1300,804.2500,1500
1482951481,804.1100,804.1150,804.0900,804.1150,1400
1482951562,803.9000,803.9000,803.9000,803.9000,400
1482951621,804.2400,804.3200,804.0200,804.1300,2000
1482951662,804.3200,804.3200,804.3200,804.3200,200
1482951724,804.5600,804.5600,804.4800,804.4800,600
1482951834,804.5900,804.5900,804.5400,804.5400,500
1482951841,804.5800,804.7000,804.3700,804.6400,1300
1482951917,804.5400,804.5400,804.5400,804.5400,300
1482952001,804.2500,804.3000,804.2500,804.3000,1000
1482952079,804.1800,804.1800,804.1800,804.1800,100
1482952087,804.3200,804.3200,804.1700,804.1700,1500
1482952192,804.5400,804.5400,804.5400,804.5400,500
1482952275,804.2500,804.2600,804.2100,804.2600,2100
1482952353,804.1000,804.1000,804.1000,804.1000,1100
1482952387,804.1600,804.2300,804.0800,804.2300,1500
1482952489,804.0700,804.0700,804.0700,804.0700,300
1482952518,803.6800,803.8900,803.6800,803.8900,1400
1482952573,803.7500,803.8100,803.6550,803.6650,400
1482952626,803.2767,803.5300,803.2767,803.5150,2100
1482952695,803.2957,803.5300,803.2957,803.3500,1400
1482952768,803.5400,803.5400,803.4200,803.4200,2000
1482952827,803.5700,803.5700,803.3150,803.3150,900
1482952916,803.4648,803.4648,803.4648,803.4648,400
1482952954,803.4000,803.5900,803.4000,803.5900,1500
1482953031,803.4400,803.4400,803.3800,803.3800,300
1482953062,803.2600,803.2600,803.2600,803.2600,700
1482953106,803.4200,803.4700,803.2550,803.3946,2000
1482953218,803.5400,803.5400,803.5400,803.5400,100
1482953222,803.3000,803.3000,803.2600,803.2900,1300
1482953297,803.1700,803.2500,803.1700,803.2500,800
1482953391,803.9399,803.9399,803.3600,803.3600,3300
1482953403,804.1856,804.2163,803.7050,803.7050,1300
1482953461,804.0118,804.5400,804.0118,804.1500,2600
1482953533,804.1100,804.1100,804.0000,804.0800,1000
1482953580,804.5000,804.5000,804.0200,804.0500,2500
1482953645,804.2650,804.2650,804.2650,804.2650,100
1482953714,803.8939,804.1089,803.8939,804.1089,3900
1482953813,803.8500,803.8500,803.7100,803.7100,500
1482953820,803.6400,803.8000,803.6400,803.7000,1100
1482953900,803.5510,803.7500,803.5500,803.7500,2500
1482953973,803.7100,803.7100,803.6000,803.6000,700
1482954000,803.6300,803.8000,803.6300,803.7400,2300
1482954076,803.5600,803.6975,803.5600,803.6100,1300
1482954121,803.6200,803.7500,803.5300,803.5300,9200
1482954186,803.5000,803.7300,803.5000,803.5600,6300
1482954242,803.6500,803.7200,803.4350,803.7000,8200
1482954300,803.5500,803.7800,803.4300,803.7300,8600
1482954372,803.6900,803.7000,803.5000,803.5000,800
1482954456,803.5200,803.5200,803.5200,803.5200,100
1482954519,803.6500,803.6500,803.5400,803.5400,500
1482954565,803.5100,803.6400,803.5100,803.6400,300
1482954610,803.4500,803.5980,803.4500,803.4800,1600
1482954673,803.3800,803.5400,803.3800,803.5400,700
1482954736,803.2380,803.3450,803.2050,803.3450,700
1482954782,803.3400,803.3900,803.2000,803.2000,2600
1482954863,803.6100,803.6700,803.3800,803.3800,4200
1482954941,804.0400,804.0400,803.7350,803.7350,1200
1482954962,804.1550,804.1550,803.9400,804.1100,1100
1482955037,803.7300,803.9350,803.7300,803.9350,900
1482955126,803.9746,803.9746,803.9746,803.9746,200
1482955195,804.1800,804.1800,804.1200,804.1200,1700
1482955202,804.3600,804.4300,804.1300,804.1300,1300
1482955361,804.4000,804.4000,804.4000,804.4000,500
1482955412,804.6600,804.6600,804.5400,804.5400,1500
1482955531,804.8600,804.9690,804.8600,804.9690,500
1482955571,804.8250,804.9600,804.6180,804.6500,2500
1482955634,804.4300,804.8450,804.4300,804.8450,3000
1482955692,804.3300,804.5300,804.1500,804.3000,3600
1482955740,804.1600,804.4300,804.1600,804.3500,2300
1482955802,804.2700,804.3000,804.1800,804.1800,1400
1482955891,804.1300,804.2400,804.1300,804.2000,1200
1482955925,804.1150,804.1150,804.0000,804.0000,1700
1482956002,804.1900,804.3990,804.1200,804.1200,2100
1482956097,804.3600,804.3900,804.3300,804.3900,400
1482956107,804.5000,804.5000,804.1789,804.2900,3300
1482956179,804.2600,804.3580,804.2600,804.3580,500
1482956226,804.0150,804.5081,803.9500,804.5081,3500
1482956301,803.9394,804.0075,803.4500,803.8700,1000
1482956345,803.6100,804.0800,803.5000,804.0800,6200
1482956401,803.8400,804.0900,803.6800,803.6800,5800
1482956491,803.9800,803.9800,803.9500,803.9500,700
1482956520,804.2000,804.2900,804.1950,804.1950,1200
1482956580,804.0400,804.1790,804.0400,804.1600,1400
1482956677,804.1500,804.1500,804.1200,804.1200,800
1482956724,804.1500,804.1500,804.0000,804.0000,800
1482956785,803.9828,804.1700,803.8400,804.1600,1700
1482956832,803.9500,804.1300,803.9500,804.1300,700
1482956943,803.7300,803.8000,803.6100,803.8000,9600
1482957048,803.7100,803.7100,803.7100,803.7100,100
1482957084,803.5900,803.7750,803.5900,803.7750,2100
1482957150,803.3750,803.6900,803.3750,803.6900,1500
1482957191,803.7000,803.7000,803.2700,803.2700,5900
1482957240,803.8400,803.8500,803.6400,803.7750,7200
1482957301,803.5900,803.8500,803.5900,803.8000,4800
1482957372,803.6900,803.6900,803.6300,803.6550,1400
1482957421,803.6100,803.7800,803.5500,803.6450,4900
1482957485,803.5300,803.6900,803.5100,803.5100,900
1482957544,803.4300,803.6800,803.4300,803.4800,2500
1482957601,803.3600,803.4600,803.2600,803.3700,1500
1482957660,802.6100,803.4300,802.6047,803.2500,7100
1482957724,803.1100,803.1100,802.6800,802.7800,6600
1482957839,802.9500,803.2500,802.4400,803.2500,11800
1482957840,803.0400,803.0400,802.6900,802.9750,11400
1482957900,803.3100,803.3100,802.8600,802.9800,3300
1482957963,803.1400,803.5300,803.1400,803.1550,7300
1482958045,803.2850,803.5300,803.1200,803.1800,1900
1482958086,803.2550,803.4600,803.0500,803.2700,1400
1482958140,803.0500,803.3500,803.0500,803.1983,2700
1482958259,803.5600,803.7700,803.1700,803.2500,11400
1482958261,803.3610,803.8300,803.3610,803.3882,6300
1482958379,803.7250,803.8400,803.6000,803.6400,6700
1482958380,804.0300,804.0300,803.7350,803.7350,3600
1482958441,804.3100,804.4900,803.9550,804.1200,4600
1482958501,804.3900,804.6350,803.9600,804.4700,13100
1482958565,804.2700,804.4200,804.1400,804.3850,8300
1482958622,804.3300,804.4500,804.1900,804.2250,7400
1482958680,804.2850,804.3900,803.8800,804.3000,12100
1482958740,804.2700,804.2700,804.2700,804.2700,200
1482958799,804.5700,804.6800,803.8600,804.2700,46200
1482958800,804.5700,804.5700,804.5700,804.5700,0
