uri:/instrument/1.0/GOOGL/chartdata;type=quote;range=1d/csv
ticker:googl
Company-Name:Alphabet Inc.
Exchange-Name:NMS
unit:MIN
timezone:EST
currency:USD
gmtoffset:-18000
previous_close:802.8800
Timestamp:1483108200,1483131600
labels:1483110000,1483113600,1483117200,1483120800,1483124400,1483128000,1483131600
values:Timestamp,close,high,low,open,volume
close:789.6600,802.6552
high:789.9600,802.8500
low:789.6200,802.0300
open:789.8400,802.5100
volume:100,223600
1483108208,801.2300,802.5100,801.2300,802.5100,32500
1483108319,801.3200,802.4700,801.2200,801.3100,6300
1483108324,802.6552,802.6552,802.0300,802.1500,1600
1483108380,801.8766,802.8500,801.7300,802.3900,6500
1483108442,802.1150,802.6200,802.0000,802.1800,3000
1483108500,802.3150,802.3150,801.6700,801.6700,800
1483108596,801.0200,801.5452,801.0200,801.4000,800
1483108620,801.8300,801.8300,800.8400,800.8400,3500
1483108696,801.0400,801.8250,801.0200,801.4600,1700
1483108742,800.4400,801.2300,800.4400,801.0500,3200
1483108807,800.7100,801.3092,800.5100,800.6700,3300
1483108934,800.3100,800.7500,800.1500,800.7500,3200
1483108986,800.2800,800.7900,800.2300,800.7900,1500
1483109042,800.3100,800.3800,800.0900,800.0900,800
1483109158,799.8650,800.2800,799.8300,800.1800,4900
1483109160,800.6800,800.9400,799.8500,800.1400,3000
1483109236,800.1050,800.7200,800.1050,800.7200,1300
1483109305,800.4700,800.7300,800.4700,800.7300,600
1483109344,800.0600,800.5880,800.0600,800.3300,1100
1483109417,799.9799,800.2600,799.6400,800.2600,2600
1483109468,799.5703,799.8300,799.4400,799.8100,5600
1483109529,800.2350,800.6100,800.0000,800.0000,2600
1483109599,799.7150,800.1500,799.7150,800.1000,1300
1483109642,800.0400,800.0400,799.8400,799.9100,1100
1483109717,799.3950,799.6700,799.3650,799.5900,3500
1483109768,798.2700,799.4500,798.2000,799.3600,7900
1483109821,795.0600,798.2200,795.0600,798.2200,17100
1483109880,796.9043,797.0000,794.8200,795.0100,9000
1483109940,796.0600,797.4200,796.0600,797.0000,7300
1483110002,796.9150,796.9700,794.6712,795.6000,17400
1483110064,795.6400,797.0100,795.3500,796.9500,8500
1483110135,796.2550,796.2550,795.8100,795.8100,1100
1483110196,796.1311,796.6500,796.1311,796.6500,900
1483110256,795.5400,796.9700,795.5300,796.7100,5300
1483110301,796.2500,796.9900,795.7000,795.7500,6200
1483110360,796.2000,796.8300,795.6900,796.0350,3700
1483110432,795.0000,795.7400,795.0000,795.7400,2400
1483110485,795.8668,796.2000,794.3500,795.2451,14500
1483110543,796.0000,796.8190,796.0000,796.0000,7200
1483110602,795.8352,795.8352,795.5400,795.6100,1100
1483110667,795.8400,795.8400,795.7300,795.7300,700
1483110730,796.0903,796.1200,796.0903,796.1190,3800
1483110780,795.2900,795.9600,795.2900,795.9100,2200
1483110854,795.9900,796.2050,795.6200,795.9400,3000
1483110911,796.2700,796.2700,796.0200,796.0200,1800
1483110988,797.0000,797.0000,796.4168,796.4168,1200
1483111024,797.0000,797.6800,797.0000,797.4600,5000
1483111157,796.3700,796.7000,796.1000,796.5300,2000
1483111210,796.6000,796.8500,796.6000,796.8500,500
1483111303,796.7100,796.7220,796.4200,796.7220,500
1483111327,796.1900,796.5950,795.7700,796.5950,1600
1483111380,795.0000,796.0150,794.9500,795.7700,5600
1483111459,796.5150,796.5150,794.9400,794.9600,2900
1483111502,796.0400,796.1100,795.8300,796.0235,1400
1483111576,796.4900,796.4900,796.1900,796.1900,1000
1483111623,796.3300,796.5200,796.0700,796.5200,3900
1483111701,795.8810,796.3050,795.8810,796.1300,1900
1483111757,796.0000,796.4300,795.8300,795.8800,2900
1483111810,797.0000,797.0000,795.8800,795.9100,3200
1483111874,796.5200,797.2000,796.4400,797.2000,3900
1483111920,796.8300,797.2800,796.6100,796.9800,2800
1483111980,797.0800,797.4300,796.9300,797.3900,3400
1483112041,796.8600,797.7700,796.8500,797.2700,6500
1483112101,796.2800,796.6800,795.9000,796.6800,7500
1483112160,795.2100,796.0718,795.2100,796.0200,3900
1483112241,795.9400,795.9400,795.2500,795.2600,2000
1483112338,795.9200,795.9200,795.9200,795.9200,200
1483112340,795.9300,796.1300,795.8700,795.9100,2200
1483112432,796.2150,796.2150,795.9700,795.9900,1700
1483112462,795.5566,796.2200,795.3070,796.2200,2300
1483112525,795.5100,795.7300,795.5100,795.7200,1400
1483112632,795.6500,795.6500,795.5200,795.5200,1000
1483112642,794.9100,795.6300,794.9100,795.4500,8800
1483112722,794.4700,794.9599,793.6900,794.8600,15400
1483112764,794.4800,794.7600,794.4540,794.4540,1100
1483112827,795.4900,795.6000,794.7600,794.7600,2100
1483112880,795.1600,795.6100,794.8300,795.4100,2800
1483112952,795.0000,795.3400,794.7506,795.1200,2800
1483113009,794.9200,794.9500,794.5600,794.9500,1900
1483113060,794.7400,795.3100,794.1100,795.0000,17200
1483113122,794.8300,794.8300,794.4200,794.7500,9100
1483113183,794.7400,794.9846,794.6100,794.9700,6500
1483113244,794.2140,794.6200,794.2140,794.5600,3000
1483113313,794.1380,794.6600,794.0800,794.2551,7700
1483113384,794.4400,794.6558,794.4400,794.6558,1300
1483113442,794.3700,794.3800,794.2500,794.2910,700
1483113490,794.9500,794.9500,794.6200,794.6300,3100
1483113552,795.1200,795.6000,794.7000,794.9300,2300
1483113600,794.7700,795.2400,794.7500,795.2400,2500
1483113662,794.8050,794.8500,794.6400,794.6400,2200
1483113734,795.2400,795.2400,795.1700,795.1700,400
1483113800,794.8800,795.2600,794.7600,795.0400,5400
1483113857,794.9887,794.9887,794.8700,794.8700,500
1483113900,794.5500,794.9600,794.5500,794.8500,6500
1483114009,794.5600,794.5600,794.5600,794.5600,100
1483114024,794.2300,794.2900,794.0900,794.2900,700
1483114081,794.4900,794.4900,794.0300,794.0800,600
1483114140,794.1100,794.3140,794.0900,794.3140,1900
1483114207,794.3800,794.3800,794.1800,794.3400,3100
1483114283,794.2385,794.2385,794.2385,794.2385,300
1483114356,794.0532,794.2772,793.9300,794.2772,3700
1483114423,793.7900,793.7900,793.7900,793.7900,100
1483114446,793.8200,793.9674,793.8200,793.9674,600
1483114502,794.5100,794.5300,793.8550,793.9500,6300
1483114581,794.5000,794.5700,794.3300,794.5700,400
1483114636,794.4400,794.4700,794.4400,794.4700,500
1483114680,794.5100,794.8800,794.3300,794.4800,2600
1483114747,794.4000,794.6600,794.3000,794.5600,1800
1483114890,794.5100,794.9500,794.4900,794.7000,1700
1483114923,794.8950,794.9400,794.4900,794.6501,5900
1483115001,795.3400,795.3400,794.6078,794.6078,3800
1483115068,795.0500,795.3500,795.0400,795.3500,1600
1483115120,795.2700,795.2800,795.0900,795.2800,1000
1483115177,795.5000,795.9693,795.2200,795.5000,2700
1483115250,795.0250,795.4593,794.7900,795.1600,4800
1483115280,794.8800,795.3900,794.5700,795.0400,5400
1483115348,794.7000,795.0075,794.5200,794.8950,1400
1483115401,794.7500,794.7500,794.2300,794.3400,1300
1483115465,795.3440,795.4500,794.8200,794.8200,3400
1483115527,795.3500,795.5800,795.2850,795.3700,6200
1483115610,795.3900,795.5500,795.3300,795.5100,1100
1483115646,795.4500,795.6100,795.3600,795.4200,3100
1483115714,795.2200,795.4848,795.2200,795.4300,1800
1483115766,795.3813,795.4651,795.3813,795.4651,300
1483115820,794.7401,795.2900,794.7401,795.2900,2700
1483115901,794.7900,794.7900,794.7900,794.7900,200
1483115987,794.8200,795.0700,794.8200,795.0700,1400
1483116030,794.7500,795.0700,794.7500,794.7700,1000
1483116072,795.0400,795.1400,794.7200,794.7200,4700
1483116130,794.9100,795.2700,794.8800,794.8800,2600
1483116204,794.9400,795.1000,794.9000,795.1000,500
1483116242,794.3200,795.1100,794.3100,795.0228,4400
1483116300,794.7400,794.9600,794.5700,794.5700,2500
1483116365,794.9600,794.9600,794.6200,794.6900,2100
1483116429,794.8900,795.3000,794.7500,794.7500,4900
1483116494,794.8100,795.1300,794.8100,795.0300,1700
1483116597,794.7400,794.8200,794.7300,794.7300,1300
1483116601,794.9100,794.9300,794.6500,794.9300,2900
1483116676,794.7700,794.7700,794.7000,794.7300,1000
1483116729,794.7900,794.8400,794.6700,794.6700,1100
1483116797,794.8350,795.1300,794.7400,794.7600,4400
1483116840,794.5300,794.9200,794.5200,794.7896,2200
1483116954,794.6519,794.6519,794.6519,794.6519,300
1483117021,794.1800,794.5600,794.0427,794.5600,2900
1483117083,793.9491,794.1600,793.8400,794.1600,3200
1483117156,793.8900,794.0400,793.7900,793.8500,6600
1483117232,793.7120,793.8200,793.5600,793.8200,3700
1483117297,793.5640,793.7800,793.5000,793.5000,3000
1483117324,793.8100,794.0424,793.4900,793.5100,6000
1483117386,793.6900,793.8800,793.6100,793.8146,1700
1483117458,794.0000,794.2360,793.9900,794.2360,1500
1483117500,793.3100,793.9600,793.3100,793.9500,8600
1483117567,793.6800,793.8000,793.5800,793.6300,2800
1483117639,793.8385,793.8385,793.6000,793.6300,1100
1483117690,794.3299,794.3299,793.8900,793.9000,1800
1483117759,794.2100,794.2100,794.2100,794.2100,300
1483117802,793.9700,794.0550,793.7400,793.9400,2000
1483117879,794.2800,794.3200,793.5601,793.5601,4100
1483117960,794.0600,794.4400,794.0600,794.3900,2900
1483117981,794.1700,794.2300,794.0300,794.1200,2900
1483118077,794.1800,794.1800,794.1800,794.1800,200
1483118119,793.8900,794.2100,793.8900,794.1000,2100
1483118192,793.6300,793.8500,793.6300,793.7700,700
1483118232,793.9900,793.9900,793.5300,793.6710,3200
1483118281,793.9700,794.0200,793.7100,794.0200,1900
1483118355,794.0000,794.0000,793.5400,793.9584,3800
1483118466,793.9700,794.0100,793.9700,794.0100,700
1483118546,793.7800,793.8700,793.7800,793.8700,400
1483118580,793.9200,793.9300,793.9200,793.9300,400
1483118662,793.7800,793.9800,793.6200,793.9800,2100
1483118717,793.6447,793.7500,793.5300,793.7500,1200
1483118772,793.2700,793.5600,793.2700,793.5300,1200
1483118821,793.5300,793.7250,793.0500,793.3350,6100
1483118921,793.5300,793.7600,793.3478,793.3947,1200
1483118990,793.7566,793.7566,793.7566,793.7566,700
1483119040,793.5500,793.6100,793.5500,793.6100,1600
1483119069,794.0500,794.0500,793.5500,793.5700,1500
1483119139,793.8197,793.8700,793.6400,793.7400,1400
1483119203,794.0709,794.2300,793.8200,794.0500,2400
1483119264,794.0100,794.2200,793.9300,794.2200,2000
1483119324,794.0000,794.0000,794.0000,794.0000,600
1483119365,793.7626,793.9599,793.6300,793.8900,3200
1483119450,794.2190,794.2190,793.9500,793.9500,1500
1483119480,793.9500,794.2100,793.7200,793.9900,1900
1483119540,794.1833,794.2100,793.6200,794.1900,2400
1483119602,793.8600,794.0700,793.2900,793.9800,2600
1483119661,793.4600,793.7500,793.1700,793.3000,9100
1483119744,793.4300,793.5000,793.4300,793.5000,900
1483119786,793.3210,793.6900,793.1500,793.2100,1700
1483119857,793.8100,794.1600,793.5000,793.8700,12300
1483119900,793.2400,793.9150,793.2400,793.7900,9500
1483119960,793.6000,793.6800,793.1600,793.6200,9300
1483120021,793.7800,793.7800,793.4200,793.4600,7900
1483120120,793.9900,793.9900,793.9000,793.9000,1900
1483120155,793.9350,793.9350,793.7700,793.8105,1800
1483120209,793.5000,793.9300,793.2900,793.8458,3900
1483120266,792.5600,793.5900,792.5600,793.3953,7600
1483120322,792.4100,792.7100,792.3900,792.3900,2100
1483120384,793.1044,793.1044,792.4300,792.4400,1500
1483120450,793.7676,793.7676,792.8811,792.9679,2300
1483120506,793.0300,793.4900,793.0300,793.2500,900
1483120573,793.3000,793.4500,793.2800,793.2800,1800
1483120620,793.5300,793.5300,793.4000,793.4600,1100
1483120737,793.8054,793.8054,793.5600,793.6100,700
1483120740,793.6500,793.9133,793.5500,793.7000,2400
1483120807,793.2900,793.6500,793.2900,793.6000,2200
1483120881,793.4200,793.8099,793.1400,793.8099,2100
1483120927,793.1900,793.5000,793.1900,793.5000,1800
1483121034,793.2500,793.2800,793.2200,793.2800,400
1483121056,793.4093,793.4093,793.3017,793.3017,200
1483121102,793.5221,793.5500,793.3300,793.3300,1500
1483121165,793.4200,793.7950,793.4200,793.7100,1600
1483121220,793.2700,793.5700,793.2700,793.5700,1200
1483121316,793.2500,793.4376,793.2500,793.4376,600
1483121352,793.0600,793.3000,793.0000,793.2900,2500
1483121400,793.1100,793.3400,792.9000,793.0200,2200
1483121483,792.9575,792.9575,792.6600,792.6800,800
1483121540,793.4520,793.4520,793.4520,793.4520,300
1483121583,793.0500,793.0500,792.8500,793.0100,2600
1483121702,792.7800,793.0600,792.6000,792.8200,2000
1483121767,793.0300,793.1000,792.4100,792.6900,7100
1483121823,792.8000,792.8000,792.8000,792.8000,200
1483121887,793.0600,793.0800,792.8200,792.9200,2300
1483121940,793.0500,793.0500,793.0300,793.0400,600
1483122005,792.9482,793.0700,792.9200,792.9441,1600
1483122091,793.0000,793.0900,793.0000,793.0900,900
1483122139,793.1000,793.2600,793.1000,793.2300,700
1483122188,793.2419,793.3636,793.1300,793.3636,900
1483122245,793.3500,793.6700,793.3500,793.4800,1900
1483122339,793.7100,793.7100,793.7100,793.7100,400
1483122383,793.5900,793.7400,793.4300,793.7400,2400
1483122422,793.7100,793.7100,793.3800,793.3800,4000
1483122560,793.5000,793.5000,793.5000,793.5000,200
1483122604,793.9750,793.9750,793.5600,793.6700,1200
1483122698,793.7200,793.9300,793.6200,793.9000,2300
1483122744,793.5180,793.8968,793.5180,793.8200,1500
1483122780,793.5300,793.8200,793.3600,793.6800,2000
1483122857,793.5800,793.5800,793.3600,793.4000,1500
1483122901,793.6697,793.9350,793.4800,793.8000,500
1483122963,793.6700,794.1400,793.6700,793.9700,2300
1483123027,793.5300,793.5750,793.5300,793.5750,600
1483123100,793.6900,793.6900,793.5500,793.5500,800
1483123148,793.8750,793.9700,793.7700,793.8500,1000
1483123200,793.5000,793.9600,793.4000,793.9600,4500
1483123264,793.8150,793.8150,793.3400,793.4100,2100
1483123324,793.3600,793.6950,793.3600,793.6300,1400
1483123395,792.8300,793.3500,792.8300,793.3500,1200
1483123445,792.4000,793.0300,792.4000,792.8500,3400
1483123537,792.3500,792.6500,792.3500,792.6500,700
1483123616,792.3000,792.4680,792.2900,792.3300,1700
1483123624,792.2500,792.3900,792.0500,792.2900,5300
1483123687,792.0200,792.2700,791.8100,792.2700,4400
1483123750,792.0600,792.3100,792.0600,792.1500,2600
1483123804,792.3100,792.4300,791.9300,792.0200,14000
1483123860,792.5611,792.8610,792.3200,792.4000,7700
1483123941,792.3000,792.4500,792.2500,792.2500,1600
1483123981,792.6279,792.6279,792.2340,792.2500,2300
1483124057,792.6200,792.6200,792.5006,792.5006,200
1483124102,792.6300,792.6300,792.5167,792.5500,700
1483124172,792.2080,792.4000,792.0400,792.3200,3300
1483124234,791.9000,792.3200,791.9000,792.3200,2000
1483124283,791.9000,791.9000,791.8800,791.8800,500
1483124346,791.8600,792.1700,791.5501,792.1700,4600
1483124401,791.7500,791.9100,791.7500,791.8700,800
1483124477,792.1700,792.1700,791.8700,791.8900,2600
1483124529,791.5600,792.1100,791.5300,792.1100,2500
1483124615,791.2000,791.4000,791.2000,791.2100,1600
1483124650,791.3200,791.4900,790.9900,791.1500,5700
1483124702,791.0300,791.2900,791.0300,791.2900,5400
1483124788,791.0500,791.0500,790.9810,790.9810,700
1483124826,790.7700,791.2000,790.7700,791.2000,1100
1483124921,790.6900,790.6900,790.6900,790.6900,500
1483124960,790.5900,790.8900,790.5900,790.7100,2200
1483125002,790.5400,790.6400,790.3750,790.4500,5300
1483125067,790.4100,790.4400,790.2400,790.3236,3700
1483125137,790.5600,790.8200,790.3751,790.3751,1400
1483125191,790.7800,790.8000,790.5100,790.5500,2100
1483125247,790.7600,790.7700,790.5000,790.5400,1500
1483125306,790.7500,790.9390,790.6100,790.6100,2000
1483125389,791.0800,791.3200,790.9700,791.1700,2100
1483125424,790.4290,791.1000,790.4200,791.0900,5900
1483125481,790.6073,790.7200,790.4000,790.4000,900
1483125558,790.4201,790.7500,790.4201,790.7500,200
1483125601,790.5000,790.5700,790.4100,790.4500,1800
1483125661,790.2600,790.5000,790.2500,790.3800,4500
1483125726,790.2400,790.5400,790.1300,790.2700,10700
1483125783,790.4300,790.4500,790.0600,790.2056,1700
1483125872,790.1200,790.2500,790.1200,790.2500,1100
1483125900,790.3000,790.4400,790.0700,790.0700,2700
1483125963,790.3900,790.3900,790.1400,790.3076,1900
1483126043,790.1100,790.1200,790.0700,790.1200,1500
1483126127,790.2800,790.2900,790.0400,790.0400,1400
1483126160,790.0600,790.4300,790.0600,790.1100,2100
1483126202,789.6600,790.0400,789.6200,790.0300,12400
1483126275,789.7500,789.9600,789.7200,789.8400,1800
1483126338,790.2700,790.2700,789.8300,789.8500,4600
1483126405,790.3026,790.3026,790.3026,790.3026,300
1483126441,790.5900,790.9000,790.5600,790.5600,4400
1483126501,790.3011,790.6600,790.2500,790.2500,2300
1483126587,791.0205,791.0205,790.9000,790.9100,500
1483126621,791.0502,791.0502,790.7500,790.8500,3400
1483126681,790.9100,790.9100,790.8300,790.8300,1100
1483126753,791.1400,791.1400,790.7500,790.8400,1900
1483126831,791.0600,791.2253,791.0600,791.1300,2600
1483126878,791.1600,791.3300,791.0600,791.3300,900
1483126921,791.3200,791.4500,790.8802,791.0600,2800
1483126981,791.3100,791.3100,791.2265,791.2265,600
1483127060,791.1900,791.3048,791.1900,791.2500,1700
1483127104,790.8100,791.2000,790.8100,791.1400,3900
1483127165,790.9100,790.9200,790.6700,790.8900,3700
1483127270,790.7714,790.7714,790.7714,790.7714,200
1483127294,790.8500,790.8500,790.4500,790.7400,3000
1483127341,790.6600,790.7570,790.5500,790.6350,3200
1483127400,790.5500,790.9000,790.2000,790.4250,2900
1483127478,790.7401,790.9700,790.2950,790.2950,8200
1483127528,790.7400,790.8700,790.1510,790.6400,14900
1483127585,790.7150,790.7150,790.3100,790.3100,3200
1483127641,790.4900,790.6900,790.4801,790.5900,3700
1483127703,790.6000,790.8400,790.2000,790.5800,3300
1483127792,790.5000,790.6000,790.5000,790.5000,1100
1483127834,790.2500,790.2500,790.2300,790.2500,900
1483127902,790.5747,790.6100,790.4400,790.6100,1000
1483127940,790.8500,790.8500,790.5800,790.7100,2300
1483128026,790.6200,790.6200,790.6100,790.6100,400
1483128064,790.4888,790.6500,790.1100,790.6300,5400
1483128124,790.3500,790.3954,790.3500,790.3800,800
1483128196,790.9200,790.9200,790.2700,790.2700,3300
1483128281,790.7600,791.0000,790.7600,791.0000,2900
1483128301,790.8600,791.1000,790.8000,790.9600,1100
1483128363,790.9500,791.0900,790.6200,791.0900,5800
1483128464,791.6800,791.6900,791.1900,791.1900,2000
1483128487,791.3950,791.6800,791.1600,791.3183,2800
1483128556,791.4300,791.4300,791.1200,791.1500,1300
1483128619,791.1500,791.6500,791.1500,791.6300,6100
1483128662,791.3400,791.7000,791.2800,791.5600,5400
1483128734,791.4300,791.6300,791.2300,791.2300,2700
1483128783,791.6200,791.8500,791.4800,791.5755,11200
1483128840,792.1100,792.2300,791.8100,791.8100,11400
1483128903,792.4000,792.4000,791.8500,791.8800,8500
1483128963,792.5900,792.7700,792.2791,792.7100,3800
1483129024,792.2238,792.4350,792.2050,792.3500,3000
1483129139,792.3100,792.3700,792.0100,792.2100,3500
1483129140,792.6950,792.7900,792.3500,792.3500,7800
1483129202,792.4600,792.6400,792.4000,792.6400,4400
1483129269,792.6271,792.6271,792.2500,792.3000,4700
1483129335,793.0000,793.0000,792.4445,792.6300,4900
1483129391,793.1500,793.1500,792.9800,792.9800,1400
1483129444,793.1250,793.2500,792.9500,793.2300,3900
1483129518,793.4400,793.4400,792.9500,792.9500,2500
1483129585,793.4900,793.4900,793.2300,793.2300,1200
1483129644,793.4000,793.6800,793.4000,793.5000,4900
1483129680,793.7499,793.7500,793.3100,793.3100,1700
1483129740,793.9100,793.9100,793.4900,793.5750,4300
1483129802,793.8600,794.1000,793.8100,794.0000,8800
1483129863,793.7300,794.0000,793.6400,793.6800,7500
1483129922,793.6800,793.7950,793.5750,793.7250,2300
1483129980,794.3400,794.3400,793.4100,793.6200,5000
1483130040,794.1900,794.4100,793.7950,794.3900,8000
1483130104,793.6700,794.3000,793.6700,794.3000,3400
1483130167,794.0500,794.0500,793.7300,793.8800,1100
1483130223,793.8400,794.2800,793.8300,794.1400,4100
1483130285,793.6400,793.8200,793.5600,793.8100,3600
1483130340,793.4800,793.6780,793.3600,793.5300,13600
1483130402,793.4500,793.6400,793.4101,793.5100,7700
1483130460,793.5000,793.5800,793.2900,793.2900,2500
1483130521,793.0600,793.5950,793.0600,793.4900,4900
1483130595,792.9339,793.0900,792.8800,793.0800,2800
1483130644,792.8100,793.0900,792.7000,793.0900,3500
1483130701,792.7977,792.8500,792.2700,792.7300,9000
1483130775,793.0600,793.2309,792.8000,792.8000,3700
1483130821,793.1470,793.2254,792.5700,793.1000,6300
1483130887,792.8200,793.3350,792.8200,793.0200,2600
1483130940,792.2900,792.8500,792.2500,792.8500,2000
1483131000,791.5000,792.2600,791.5000,792.2600,19300
1483131060,791.5100,791.8500,791.3500,791.6600,11000
1483131120,790.9700,791.5617,790.9700,791.4500,10300
1483131181,791.3600,791.4900,790.9800,791.3340,8600
1483131240,791.2600,791.8300,791.2500,791.3900,9600
1483131300,792.4200,792.4800,791.5200,791.5200,17900
1483131360,792.2000,792.2000,791.5300,792.0800,15300
1483131420,793.3600,793.3800,791.9000,792.1600,18200
1483131480,793.0000,793.4900,792.6600,793.0900,24700
1483131540,793.0200,793.5000,792.5900,793.1300,60000
1483131600,792.4500,792.4500,792.4500,792.4500,223600
