uri:/instrument/1.0/KO/chartdata;type=quote;range=1d/csv
ticker:ko
Company-Name:Coca-Cola Company (The) Common 
Exchange-Name:NYQ
unit:MIN
timezone:EST
currency:USD
gmtoffset:-18000
previous_close:41.6000
Timestamp:1483108200,1483131600
labels:1483110000,1483113600,1483117200,1483120800,1483124400,1483128000,1483131600
values:Timestamp,close,high,low,open,volume
close:41.3600,41.8100
high:41.3698,41.8400
low:41.3500,41.7900
open:41.3600,41.8100
volume:500,2341600
1483108205,41.7700,41.7900,41.7200,41.7200,183900
1483108319,41.8100,41.8300,41.7765,41.7800,28700
1483108379,41.7800,41.8400,41.7700,41.8100,44800
1483108380,41.7000,41.7800,41.7000,41.7700,26100
1483108494,41.6800,41.7157,41.6600,41.7002,30900
1483108559,41.7426,41.7470,41.6850,41.6850,31800
1483108560,41.7724,41.7724,41.7400,41.7450,33400
1483108674,41.7900,41.7999,41.7600,41.7700,32400
1483108682,41.7357,41.7900,41.7300,41.7850,30800
1483108797,41.7250,41.7500,41.7200,41.7300,22500
1483108800,41.7250,41.7357,41.7100,41.7250,36200
1483108861,41.7350,41.7500,41.7150,41.7300,32800
1483108977,41.7350,41.7400,41.7200,41.7400,16200
1483109037,41.6990,41.7350,41.6900,41.7300,14400
1483109097,41.7200,41.7300,41.6950,41.7000,18200
1483109158,41.7150,41.7300,41.7100,41.7300,20500
1483109219,41.7200,41.7250,41.7100,41.7165,18200
1483109220,41.7150,41.7299,41.7100,41.7299,31000
1483109280,41.7100,41.7300,41.7100,41.7150,18400
1483109398,41.7150,41.7200,41.7050,41.7100,9500
1483109458,41.7050,41.7150,41.7000,41.7150,25100
1483109460,41.7300,41.7300,41.7000,41.7050,22800
1483109522,41.7236,41.7350,41.7200,41.7258,14800
1483109639,41.7450,41.7500,41.7229,41.7250,15700
1483109644,41.7500,41.7500,41.7450,41.7450,3500
1483109700,41.7650,41.7700,41.7500,41.7500,24200
1483109819,41.7850,41.7900,41.7600,41.7600,39700
1483109820,41.7800,41.7900,41.7700,41.7850,67400
1483109881,41.7700,41.7900,41.7650,41.7800,16000
1483109940,41.7850,41.7900,41.7700,41.7800,29500
1483110057,41.7550,41.7850,41.7300,41.7800,51700
1483110062,41.7900,41.7900,41.7543,41.7550,21700
1483110120,41.7850,41.8000,41.7850,41.7900,28500
1483110180,41.7800,41.7850,41.7743,41.7850,17900
1483110241,41.7750,41.7900,41.7700,41.7711,36300
1483110359,41.7700,41.7900,41.7600,41.7800,31400
1483110361,41.7800,41.7800,41.7640,41.7640,12400
1483110424,41.7750,41.7900,41.7700,41.7900,15800
1483110539,41.7900,41.7950,41.7700,41.7750,19900
1483110599,41.7850,41.8000,41.7800,41.7900,28000
1483110656,41.7882,41.7900,41.7750,41.7850,18500
1483110716,41.8000,41.8000,41.7900,41.7900,16300
1483110779,41.7782,41.8000,41.7700,41.8000,16800
1483110780,41.7900,41.7900,41.7700,41.7750,16500
1483110844,41.7950,41.8000,41.7800,41.7882,15600
1483110959,41.7600,41.7950,41.7600,41.7900,32600
1483111015,41.7500,41.7599,41.7500,41.7593,1700
1483111020,41.7300,41.7600,41.7300,41.7550,17100
1483111084,41.7300,41.7500,41.7250,41.7400,18500
1483111141,41.7300,41.7356,41.7200,41.7300,9400
1483111205,41.7200,41.7300,41.7200,41.7300,21400
1483111264,41.7300,41.7300,41.7200,41.7250,6600
1483111375,41.7225,41.7300,41.7200,41.7250,12900
1483111439,41.7000,41.7250,41.6900,41.7200,35200
1483111498,41.7050,41.7061,41.6933,41.6950,21600
1483111558,41.7050,41.7150,41.6900,41.7000,54500
1483111561,41.7200,41.7200,41.6900,41.7050,37800
1483111624,41.7150,41.7200,41.7100,41.7200,3700
1483111687,41.7300,41.7350,41.7100,41.7100,15800
1483111799,41.7150,41.7400,41.7100,41.7399,17900
1483111858,41.7200,41.7200,41.7100,41.7150,18200
1483111862,41.7100,41.7200,41.7100,41.7150,4200
1483111923,41.6910,41.7166,41.6900,41.7100,20500
1483112039,41.7007,41.7100,41.6900,41.6900,18900
1483112045,41.7050,41.7100,41.7000,41.7050,6500
1483112159,41.6750,41.7100,41.6750,41.7100,27200
1483112218,41.6600,41.6800,41.6600,41.6800,12700
1483112220,41.6500,41.6700,41.6500,41.6600,36100
1483112339,41.6550,41.6600,41.6500,41.6500,7400
1483112343,41.6450,41.6700,41.6400,41.6543,20600
1483112401,41.6450,41.6500,41.6400,41.6400,5900
1483112519,41.6350,41.6450,41.6300,41.6450,13400
1483112523,41.6350,41.6468,41.6350,41.6400,21500
1483112638,41.6250,41.6400,41.6200,41.6350,11100
1483112698,41.6150,41.6257,41.6100,41.6250,8900
1483112759,41.6200,41.6300,41.6100,41.6100,20500
1483112760,41.5950,41.6200,41.5900,41.6150,14600
1483112820,41.6010,41.6050,41.5900,41.5956,7500
1483112884,41.5950,41.6090,41.5900,41.6000,16900
1483112998,41.5900,41.6000,41.5900,41.5900,15400
1483113058,41.5850,41.6000,41.5800,41.6000,20800
1483113119,41.5700,41.5800,41.5600,41.5800,42700
1483113176,41.5700,41.5780,41.5700,41.5765,7200
1483113181,41.5900,41.5930,41.5700,41.5700,21900
1483113299,41.5650,41.5950,41.5643,41.5900,70300
1483113303,41.5700,41.5750,41.5600,41.5650,23100
1483113367,41.5790,41.5900,41.5700,41.5750,23700
1483113426,41.5950,41.6000,41.5737,41.5800,18300
1483113535,41.6073,41.6078,41.5950,41.6000,25900
1483113542,41.6050,41.6100,41.6000,41.6040,4700
1483113659,41.5935,41.6050,41.5900,41.6000,27600
1483113660,41.5900,41.6000,41.5900,41.5950,7600
1483113779,41.6050,41.6100,41.5900,41.5900,12900
1483113781,41.6100,41.6100,41.6000,41.6000,11700
1483113899,41.6050,41.6100,41.6000,41.6088,5600
1483113956,41.6000,41.6100,41.6000,41.6035,4800
1483113961,41.6050,41.6100,41.6000,41.6000,7400
1483114022,41.6000,41.6100,41.6000,41.6050,4900
1483114084,41.6158,41.6199,41.6000,41.6000,21000
1483114162,41.6250,41.6250,41.6133,41.6150,10500
1483114200,41.6100,41.6390,41.6100,41.6250,37700
1483114315,41.6168,41.6200,41.6100,41.6150,4900
1483114377,41.6100,41.6200,41.6100,41.6100,5400
1483114380,41.6250,41.6250,41.6100,41.6100,15100
1483114440,41.6050,41.6250,41.6000,41.6200,29600
1483114505,41.6150,41.6200,41.6000,41.6000,15200
1483114618,41.6109,41.6200,41.6100,41.6100,13100
1483114679,41.6000,41.6100,41.6000,41.6100,13300
1483114739,41.6000,41.6100,41.6000,41.6000,4100
1483114741,41.6000,41.6100,41.6000,41.6000,15700
1483114802,41.5850,41.6050,41.5800,41.6000,24700
1483114866,41.5800,41.5900,41.5800,41.5900,5300
1483114979,41.5800,41.5899,41.5800,41.5850,11600
1483115039,41.5850,41.5900,41.5800,41.5800,13100
1483115099,41.6050,41.6100,41.5850,41.5850,26500
1483115104,41.6200,41.6200,41.6000,41.6055,20600
1483115218,41.6253,41.6300,41.6150,41.6200,9400
1483115270,41.6200,41.6300,41.6100,41.6230,54700
1483115281,41.6050,41.6200,41.6000,41.6150,17900
1483115341,41.5900,41.6100,41.5900,41.6050,22100
1483115401,41.6000,41.6000,41.5850,41.5900,12400
1483115467,41.5900,41.6000,41.5900,41.6000,8300
1483115521,41.5900,41.6000,41.5900,41.5957,11300
1483115581,41.5900,41.6000,41.5900,41.5937,7300
1483115641,41.6000,41.6000,41.5900,41.5950,5900
1483115704,41.5900,41.6100,41.5900,41.6000,18900
1483115761,41.5807,41.5900,41.5800,41.5900,7600
1483115827,41.5850,41.5961,41.5850,41.5900,9300
1483115938,41.5800,41.5900,41.5800,41.5850,4900
1483115945,41.5800,41.5868,41.5800,41.5868,4600
1483116001,41.5950,41.5971,41.5800,41.5850,8400
1483116066,41.5950,41.6000,41.5900,41.6000,9000
1483116122,41.6190,41.6200,41.5900,41.5900,15200
1483116230,41.6200,41.6200,41.6100,41.6150,2300
1483116299,41.6041,41.6300,41.6000,41.6150,26700
1483116301,41.6050,41.6100,41.6000,41.6050,2700
1483116415,41.5850,41.6050,41.5800,41.6050,36100
1483116422,41.5700,41.5850,41.5700,41.5850,16900
1483116538,41.5750,41.5790,41.5700,41.5713,4400
1483116541,41.5850,41.5850,41.5700,41.5700,16600
1483116608,41.5850,41.5900,41.5800,41.5850,4200
1483116672,41.5800,41.5850,41.5800,41.5800,4400
1483116721,41.5759,41.5859,41.5700,41.5850,11200
1483116783,41.5800,41.5900,41.5700,41.5741,18700
1483116845,41.5723,41.5775,41.5700,41.5750,2200
1483116908,41.5798,41.5798,41.5700,41.5758,4700
1483116974,41.5667,41.5750,41.5600,41.5700,32700
1483117020,41.5700,41.5700,41.5600,41.5650,2100
1483117081,41.5657,41.5700,41.5600,41.5650,4800
1483117140,41.5700,41.5700,41.5600,41.5666,1100
1483117257,41.5500,41.5650,41.5450,41.5650,37200
1483117260,41.5450,41.5500,41.5400,41.5450,9200
1483117329,41.5400,41.5499,41.5400,41.5450,2100
1483117380,41.5300,41.5500,41.5200,41.5500,19600
1483117444,41.5400,41.5400,41.5200,41.5300,15700
1483117556,41.5370,41.5380,41.5201,41.5300,15800
1483117616,41.5400,41.5400,41.5300,41.5323,8500
1483117620,41.5350,41.5350,41.5300,41.5337,7900
1483117690,41.5310,41.5400,41.5300,41.5346,2900
1483117747,41.5400,41.5400,41.5300,41.5300,3200
1483117854,41.5350,41.5400,41.5300,41.5400,6900
1483117918,41.5500,41.5500,41.5300,41.5343,12800
1483117921,41.5350,41.5450,41.5323,41.5400,15700
1483117981,41.5350,41.5400,41.5300,41.5343,4400
1483118099,41.5500,41.5500,41.5300,41.5400,10000
1483118159,41.5599,41.5600,41.5500,41.5500,11400
1483118166,41.5500,41.5600,41.5500,41.5525,11100
1483118223,41.5500,41.5500,41.5350,41.5400,9300
1483118288,41.5450,41.5550,41.5400,41.5400,16300
1483118341,41.5430,41.5499,41.5400,41.5450,2400
1483118431,41.5501,41.5600,41.5450,41.5500,8400
1483118519,41.5565,41.5600,41.5500,41.5500,3600
1483118521,41.5600,41.5600,41.5500,41.5600,500
1483118639,41.5600,41.5650,41.5500,41.5590,12900
1483118640,41.5660,41.5700,41.5640,41.5650,6400
1483118710,41.5650,41.5700,41.5600,41.5600,3600
1483118760,41.5650,41.5700,41.5600,41.5650,5700
1483118879,41.5700,41.5800,41.5640,41.5650,10200
1483118893,41.5750,41.5800,41.5700,41.5700,3300
1483118947,41.5700,41.5800,41.5700,41.5750,9800
1483119007,41.5750,41.5800,41.5700,41.5750,3300
1483119061,41.5699,41.5800,41.5600,41.5800,10600
1483119178,41.5600,41.5659,41.5500,41.5650,11600
1483119239,41.5610,41.5650,41.5500,41.5570,12800
1483119242,41.5648,41.5759,41.5635,41.5645,7900
1483119305,41.5400,41.5650,41.5400,41.5600,17100
1483119363,41.5500,41.5500,41.5400,41.5467,15500
1483119420,41.5450,41.5500,41.5400,41.5450,11100
1483119533,41.5463,41.5500,41.5400,41.5500,2700
1483119540,41.5400,41.5600,41.5400,41.5450,15500
1483119600,41.5400,41.5400,41.5300,41.5301,3400
1483119662,41.5300,41.5400,41.5300,41.5300,11400
1483119729,41.5359,41.5500,41.5300,41.5350,34200
1483119792,41.5300,41.5400,41.5300,41.5350,2800
1483119846,41.5300,41.5400,41.5300,41.5400,4000
1483119906,41.5300,41.5400,41.5300,41.5334,13400
1483119962,41.5250,41.5250,41.5110,41.5250,23700
1483120033,41.5200,41.5260,41.5200,41.5200,5500
1483120139,41.5200,41.5300,41.5150,41.5286,4800
1483120140,41.5177,41.5200,41.5100,41.5150,5500
1483120202,41.5000,41.5150,41.4800,41.5100,55800
1483120318,41.4900,41.5000,41.4900,41.4950,7500
1483120320,41.4850,41.4900,41.4800,41.4900,4200
1483120439,41.5000,41.5000,41.4810,41.4843,6500
1483120445,41.4920,41.5000,41.4920,41.4950,3300
1483120508,41.4990,41.5000,41.4901,41.4927,1600
1483120614,41.5000,41.5050,41.4900,41.4950,14800
1483120623,41.5000,41.5000,41.4900,41.5000,2100
1483120739,41.4950,41.5000,41.4900,41.4965,1700
1483120799,41.5000,41.5050,41.4900,41.4950,11700
1483120800,41.5041,41.5068,41.5000,41.5050,6000
1483120870,41.5000,41.5200,41.5000,41.5100,12100
1483120926,41.5090,41.5100,41.5000,41.5068,1500
1483120981,41.5000,41.5100,41.5000,41.5031,6500
1483121055,41.4945,41.5050,41.4945,41.5000,15900
1483121100,41.4850,41.5000,41.4800,41.4950,9700
1483121219,41.4800,41.4900,41.4800,41.4850,8000
1483121273,41.4680,41.4856,41.4600,41.4856,16400
1483121281,41.4600,41.4600,41.4500,41.4600,14800
1483121341,41.4500,41.4600,41.4500,41.4550,6300
1483121401,41.4500,41.4600,41.4500,41.4550,4400
1483121461,41.4600,41.4600,41.4500,41.4550,4400
1483121524,41.4650,41.4650,41.4500,41.4600,19500
1483121599,41.4637,41.4659,41.4637,41.4650,800
1483121642,41.4700,41.4700,41.4640,41.4700,2200
1483121700,41.4700,41.4700,41.4600,41.4600,8800
1483121817,41.4861,41.4861,41.4600,41.4601,10100
1483121822,41.4900,41.4900,41.4802,41.4802,2400
1483121883,41.4950,41.5000,41.4800,41.4800,5400
1483121955,41.4950,41.5000,41.4900,41.5000,7600
1483122000,41.4850,41.4900,41.4800,41.4900,3700
1483122089,41.4900,41.4900,41.4800,41.4862,2000
1483122131,41.4800,41.4900,41.4732,41.4857,15600
1483122193,41.4847,41.4900,41.4800,41.4800,2300
1483122296,41.4900,41.5019,41.4800,41.4800,8900
1483122301,41.4750,41.4900,41.4700,41.4850,11100
1483122361,41.4600,41.4763,41.4600,41.4700,12000
1483122420,41.4700,41.4765,41.4500,41.4600,16400
1483122488,41.4634,41.4700,41.4600,41.4700,6400
1483122548,41.4642,41.4699,41.4600,41.4600,2200
1483122658,41.4700,41.4700,41.4600,41.4600,3500
1483122662,41.4661,41.4700,41.4600,41.4700,2600
1483122720,41.4700,41.4700,41.4640,41.4700,3700
1483122839,41.4900,41.4900,41.4650,41.4700,17600
1483122840,41.5000,41.5000,41.4850,41.4850,21400
1483122900,41.5000,41.5050,41.4900,41.5000,25000
1483122963,41.4950,41.5000,41.4900,41.4958,2500
1483123079,41.4800,41.4950,41.4710,41.4900,22000
1483123087,41.4700,41.4900,41.4700,41.4890,2900
1483123140,41.4750,41.4853,41.4700,41.4742,11900
1483123200,41.4800,41.4800,41.4700,41.4729,8600
1483123263,41.4767,41.4800,41.4700,41.4739,3000
1483123321,41.4750,41.4765,41.4700,41.4765,4800
1483123390,41.4750,41.4800,41.4700,41.4800,4800
1483123498,41.4550,41.4766,41.4500,41.4766,10200
1483123501,41.4700,41.4761,41.4550,41.4600,29800
1483123567,41.4700,41.4700,41.4600,41.4650,2100
1483123622,41.4800,41.4800,41.4635,41.4635,37400
1483123690,41.4650,41.4800,41.4630,41.4750,10900
1483123795,41.4600,41.4666,41.4550,41.4650,9100
1483123805,41.4550,41.4600,41.4500,41.4600,8800
1483123864,41.4600,41.4600,41.4500,41.4550,7200
1483123926,41.4650,41.4653,41.4500,41.4550,7900
1483123980,41.4800,41.4800,41.4665,41.4665,7700
1483124040,41.4650,41.4750,41.4600,41.4750,8700
1483124103,41.4650,41.4700,41.4650,41.4700,3300
1483124215,41.4510,41.4690,41.4500,41.4600,14100
1483124279,41.4500,41.4700,41.4500,41.4585,24000
1483124339,41.4550,41.4650,41.4500,41.4500,12900
1483124348,41.4500,41.4600,41.4450,41.4550,17600
1483124406,41.4650,41.4700,41.4450,41.4500,48300
1483124460,41.4600,41.4685,41.4600,41.4650,5200
1483124522,41.4500,41.4600,41.4400,41.4600,15800
1483124635,41.4350,41.4450,41.4300,41.4450,8600
1483124698,41.4300,41.4399,41.4300,41.4300,2200
1483124759,41.4200,41.4380,41.4200,41.4380,19900
1483124760,41.4299,41.4300,41.4200,41.4250,17300
1483124874,41.4250,41.4300,41.4200,41.4300,3800
1483124936,41.4100,41.4250,41.4000,41.4200,85000
1483124942,41.4300,41.4300,41.4100,41.4100,32900
1483125058,41.4250,41.4300,41.4200,41.4300,3800
1483125118,41.4100,41.4300,41.4100,41.4263,12400
1483125129,41.4000,41.4200,41.3950,41.4100,16000
1483125236,41.4112,41.4150,41.4031,41.4050,19200
1483125247,41.4100,41.4150,41.4000,41.4100,10300
1483125305,41.4150,41.4200,41.4000,41.4100,46100
1483125368,41.4200,41.4300,41.4136,41.4200,5200
1483125420,41.4250,41.4300,41.4200,41.4257,5000
1483125480,41.4150,41.4200,41.4100,41.4200,15300
1483125589,41.4150,41.4200,41.4100,41.4150,3400
1483125649,41.4150,41.4200,41.4100,41.4200,1600
1483125719,41.4150,41.4200,41.4100,41.4150,4100
1483125720,41.4150,41.4200,41.4100,41.4200,7600
1483125837,41.4200,41.4250,41.4100,41.4200,28000
1483125898,41.4300,41.4300,41.4250,41.4250,6600
1483125959,41.4250,41.4300,41.4210,41.4250,8100
1483125960,41.4150,41.4250,41.4100,41.4250,16200
1483126079,41.4200,41.4300,41.4100,41.4100,13400
1483126134,41.4250,41.4300,41.4159,41.4200,4900
1483126150,41.4350,41.4500,41.4200,41.4285,44500
1483126200,41.4150,41.4350,41.4147,41.4350,9800
1483126262,41.4150,41.4200,41.4100,41.4200,6300
1483126320,41.4350,41.4350,41.4100,41.4200,12800
1483126434,41.4200,41.4350,41.4200,41.4300,7200
1483126493,41.4250,41.4300,41.4200,41.4265,20900
1483126559,41.4290,41.4300,41.4200,41.4244,18400
1483126566,41.4450,41.4500,41.4250,41.4250,37700
1483126620,41.4400,41.4459,41.4400,41.4400,5200
1483126684,41.4500,41.4500,41.4400,41.4450,2400
1483126741,41.4450,41.4500,41.4400,41.4450,13800
1483126804,41.4400,41.4500,41.4250,41.4450,29200
1483126861,41.4300,41.4400,41.4300,41.4350,2700
1483126920,41.4346,41.4400,41.4200,41.4300,52200
1483127038,41.4208,41.4390,41.4200,41.4350,24400
1483127098,41.4400,41.4400,41.4100,41.4250,41100
1483127159,41.4350,41.4400,41.4200,41.4398,54800
1483127215,41.4147,41.4400,41.4100,41.4350,26300
1483127273,41.4100,41.4150,41.4000,41.4150,14500
1483127282,41.3950,41.4050,41.3900,41.4050,19500
1483127399,41.3800,41.3979,41.3700,41.3950,27500
1483127400,41.3800,41.3900,41.3700,41.3750,49700
1483127461,41.4050,41.4100,41.3850,41.3850,17900
1483127526,41.4000,41.4100,41.3900,41.4100,24000
1483127637,41.4037,41.4200,41.3900,41.4000,49300
1483127640,41.4000,41.4100,41.4000,41.4100,21200
1483127702,41.3700,41.4000,41.3700,41.4000,39900
1483127765,41.3600,41.3743,41.3500,41.3700,47500
1483127820,41.3700,41.3700,41.3500,41.3700,17700
1483127880,41.3900,41.3900,41.3650,41.3700,47600
1483127943,41.3850,41.3900,41.3834,41.3843,4500
1483128058,41.3800,41.3900,41.3800,41.3858,4400
1483128116,41.3700,41.3801,41.3632,41.3801,30100
1483128176,41.3800,41.3800,41.3650,41.3700,7700
1483128181,41.3700,41.3750,41.3601,41.3700,9400
1483128298,41.3900,41.3900,41.3700,41.3750,12300
1483128300,41.3750,41.3850,41.3700,41.3800,17900
1483128360,41.3700,41.3800,41.3700,41.3750,17900
1483128477,41.3750,41.3800,41.3700,41.3700,14900
1483128538,41.3700,41.3900,41.3700,41.3700,23500
1483128599,41.3650,41.3779,41.3600,41.3700,30400
1483128604,41.3650,41.3698,41.3600,41.3600,3900
1483128663,41.3658,41.3700,41.3600,41.3601,9400
1483128779,41.3600,41.3700,41.3600,41.3650,6000
1483128785,41.3850,41.3900,41.3600,41.3663,21900
1483128841,41.4010,41.4100,41.3850,41.3900,49500
1483128959,41.4250,41.4300,41.4100,41.4100,16000
1483128960,41.4079,41.4200,41.4034,41.4200,16800
1483129023,41.4050,41.4100,41.4000,41.4050,5500
1483129138,41.4050,41.4100,41.4000,41.4050,12300
1483129199,41.4000,41.4098,41.3900,41.4000,21200
1483129200,41.3950,41.4000,41.3900,41.3950,4700
1483129319,41.4000,41.4100,41.3900,41.3950,28300
1483129379,41.4159,41.4200,41.4050,41.4100,8200
1483129380,41.4250,41.4300,41.4150,41.4200,27100
1483129499,41.4050,41.4200,41.4000,41.4150,17200
1483129501,41.4250,41.4300,41.4050,41.4050,17800
1483129562,41.4400,41.4400,41.4200,41.4250,25100
1483129622,41.4375,41.4450,41.4300,41.4400,18600
1483129681,41.4250,41.4500,41.4200,41.4400,39700
1483129799,41.4500,41.4500,41.4250,41.4250,41500
1483129800,41.4500,41.4600,41.4310,41.4500,74400
1483129863,41.4300,41.4500,41.4300,41.4450,15800
1483129979,41.4150,41.4350,41.4139,41.4341,21200
1483129981,41.4300,41.4300,41.4113,41.4150,28600
1483130098,41.4250,41.4300,41.4200,41.4250,14800
1483130159,41.4150,41.4300,41.4100,41.4250,27900
1483130163,41.4000,41.4200,41.4000,41.4150,24000
1483130276,41.3950,41.4087,41.3900,41.4000,22700
1483130281,41.4100,41.4100,41.3950,41.4000,16900
1483130399,41.4000,41.4100,41.4000,41.4050,16400
1483130459,41.4100,41.4200,41.4000,41.4100,34000
1483130519,41.3900,41.4182,41.3900,41.4100,46600
1483130579,41.3950,41.4000,41.3800,41.3950,25800
1483130580,41.4100,41.4100,41.3900,41.3950,25300
1483130697,41.4100,41.4200,41.4050,41.4050,34800
1483130700,41.4080,41.4100,41.3900,41.4100,130100
1483130760,41.4000,41.4098,41.3900,41.4000,68500
1483130879,41.4000,41.4100,41.3900,41.4000,38000
1483130880,41.3900,41.4100,41.3900,41.4000,21500
1483130940,41.3900,41.4000,41.3900,41.3900,38100
1483131058,41.3800,41.4000,41.3800,41.3910,70200
1483131061,41.3899,41.4000,41.3800,41.3800,85200
1483131123,41.3900,41.4000,41.3800,41.3900,22900
1483131180,41.3900,41.4000,41.3900,41.3950,33600
1483131299,41.3900,41.4100,41.3900,41.3900,84300
1483131359,41.4300,41.4300,41.3950,41.4000,149900
1483131419,41.4300,41.4400,41.4100,41.4250,129900
1483131479,41.4600,41.4600,41.4300,41.4300,145700
1483131539,41.4900,41.4995,41.4501,41.4550,178200
1483131599,41.4700,41.5000,41.4500,41.5000,880300
1483131600,41.4600,41.4600,41.4600,41.4600,2341600
