uri:/instrument/1.0/VRX/chartdata;type=quote;range=1d/csv
ticker:vrx
Company-Name:Valeant Pharmaceuticals Interna
Exchange-Name:NYQ
unit:MIN
timezone:EST
currency:USD
gmtoffset:-18000
previous_close:14.1500
Timestamp:1483108200,1483131600
labels:1483110000,1483113600,1483117200,1483120800,1483124400,1483128000,1483131600
values:Timestamp,close,high,low,open,volume
close:14.2100,14.6540
high:14.2100,14.6700
low:14.1800,14.6200
open:14.1800,14.6599
volume:500,891900
1483108254,14.2100,14.2100,14.1800,14.1800,178900
1483108260,14.2468,14.2700,14.1960,14.1960,24700
1483108377,14.2700,14.3000,14.2100,14.2700,100700
1483108438,14.2782,14.3000,14.2500,14.2500,27600
1483108498,14.2200,14.2800,14.1900,14.2800,201000
1483108558,14.3000,14.3200,14.2174,14.2214,137700
1483108564,14.3000,14.3400,14.2800,14.3100,40400
1483108678,14.3100,14.3300,14.2900,14.3100,66900
1483108739,14.3100,14.3500,14.3000,14.3300,104500
1483108799,14.3000,14.3400,14.2939,14.3190,106200
1483108800,14.3104,14.3200,14.2700,14.3100,94600
1483108919,14.3900,14.3900,14.3101,14.3200,171300
1483108921,14.3499,14.4000,14.3100,14.3838,77600
1483108981,14.3286,14.3600,14.3126,14.3400,50400
1483109096,14.3190,14.3200,14.2900,14.3200,23100
1483109156,14.3150,14.3300,14.2900,14.3100,69400
1483109162,14.3100,14.3250,14.3000,14.3050,39600
1483109278,14.3500,14.3590,14.3000,14.3139,63300
1483109281,14.3500,14.3600,14.3459,14.3550,29000
1483109399,14.3600,14.3600,14.3400,14.3500,64700
1483109459,14.4100,14.4100,14.3600,14.3600,194600
1483109518,14.4300,14.4300,14.4100,14.4100,87700
1483109578,14.3900,14.4400,14.3900,14.4214,68900
1483109636,14.3900,14.4079,14.3700,14.3900,55600
1483109699,14.3900,14.4200,14.3800,14.3964,49000
1483109759,14.3450,14.4000,14.3210,14.3900,83500
1483109819,14.3300,14.3700,14.3150,14.3400,87700
1483109879,14.3200,14.3300,14.3100,14.3300,100800
1483109939,14.3350,14.3400,14.3100,14.3200,57900
1483109999,14.2900,14.3400,14.2900,14.3350,66300
1483110057,14.3562,14.3562,14.2800,14.2900,42400
1483110067,14.3799,14.3900,14.3500,14.3550,28900
1483110177,14.3800,14.3800,14.3500,14.3750,63800
1483110238,14.3700,14.3950,14.3700,14.3800,56300
1483110240,14.4101,14.4211,14.3600,14.3700,95500
1483110358,14.4850,14.4900,14.4150,14.4150,273800
1483110418,14.4900,14.4910,14.4600,14.4831,71600
1483110478,14.5000,14.5400,14.4725,14.4889,233900
1483110539,14.4600,14.5000,14.4430,14.4963,88300
1483110597,14.4700,14.5100,14.4400,14.4600,108500
1483110659,14.4900,14.4900,14.4600,14.4700,66900
1483110719,14.5300,14.5300,14.4800,14.5000,148400
1483110720,14.5700,14.5800,14.5200,14.5289,142900
1483110839,14.5850,14.5900,14.5700,14.5700,170400
1483110840,14.6292,14.6500,14.5700,14.5810,202700
1483110959,14.5200,14.6700,14.5200,14.6250,274800
1483110960,14.5900,14.6100,14.5200,14.5200,168800
1483111079,14.5600,14.6100,14.5300,14.5940,113900
1483111139,14.6010,14.6230,14.5200,14.5600,165000
1483111199,14.6199,14.6400,14.5900,14.6000,112400
1483111259,14.6100,14.6400,14.6000,14.6150,153400
1483111319,14.6540,14.6600,14.6000,14.6001,180600
1483111379,14.6050,14.6700,14.6000,14.6599,133600
1483111439,14.5700,14.6100,14.5300,14.6079,98000
1483111499,14.5850,14.6000,14.5500,14.5600,88200
1483111558,14.5700,14.5900,14.5500,14.5801,70300
1483111619,14.5500,14.5700,14.5400,14.5700,63000
1483111677,14.5240,14.5800,14.4900,14.5500,94300
1483111736,14.5100,14.5300,14.4900,14.5200,98500
1483111799,14.4900,14.5200,14.4700,14.5050,64500
1483111859,14.4300,14.4900,14.4200,14.4900,223100
1483111919,14.4378,14.4500,14.4300,14.4300,104900
1483111978,14.4247,14.4366,14.4100,14.4366,66500
1483112038,14.4900,14.5100,14.4173,14.4235,166800
1483112099,14.4900,14.5199,14.4801,14.4901,55800
1483112159,14.4600,14.4900,14.4550,14.4900,57600
1483112160,14.4000,14.4699,14.4000,14.4650,61900
1483112279,14.4200,14.4200,14.3800,14.4000,77000
1483112338,14.4840,14.4900,14.4100,14.4100,103000
1483112398,14.4630,14.4900,14.4600,14.4843,30400
1483112458,14.4500,14.4750,14.4500,14.4607,16800
1483112517,14.4900,14.5000,14.4500,14.4600,50600
1483112579,14.5600,14.5600,14.4900,14.4900,93500
1483112634,14.5207,14.5800,14.5207,14.5600,57900
1483112696,14.5300,14.5500,14.5200,14.5270,25300
1483112758,14.5200,14.5500,14.5000,14.5399,30500
1483112819,14.5030,14.5230,14.5017,14.5200,17200
1483112876,14.5200,14.5200,14.5100,14.5100,22100
1483112939,14.4601,14.5190,14.4600,14.5190,34500
1483112996,14.4301,14.4670,14.4300,14.4540,42000
1483113051,14.4570,14.4600,14.4389,14.4400,23000
1483113063,14.4275,14.4699,14.4275,14.4672,37900
1483113179,14.4600,14.4600,14.4210,14.4210,13000
1483113182,14.4499,14.4700,14.4400,14.4630,12100
1483113288,14.4300,14.4501,14.4300,14.4500,10500
1483113301,14.4457,14.4650,14.4400,14.4400,40400
1483113415,14.4300,14.4600,14.4150,14.4500,30400
1483113476,14.4300,14.4400,14.4100,14.4300,33500
1483113536,14.4300,14.4400,14.4142,14.4400,36000
1483113591,14.4500,14.4500,14.4300,14.4300,19800
1483113646,14.4382,14.4500,14.4300,14.4400,16900
1483113714,14.4240,14.4361,14.4220,14.4300,10300
1483113778,14.4200,14.4300,14.4100,14.4200,28000
1483113784,14.4000,14.4300,14.4000,14.4200,7700
1483113891,14.3969,14.4100,14.3900,14.4000,23600
1483113959,14.3902,14.4000,14.3900,14.3930,25400
1483114010,14.3900,14.4000,14.3800,14.3900,21600
1483114073,14.4000,14.4000,14.3800,14.3980,18700
1483114090,14.4200,14.4200,14.4000,14.4000,17200
1483114149,14.4250,14.4300,14.4100,14.4231,19500
1483114255,14.4331,14.4400,14.4200,14.4300,32400
1483114315,14.4499,14.4500,14.4224,14.4325,21500
1483114320,14.4600,14.4689,14.4400,14.4500,16500
1483114438,14.4601,14.4800,14.4600,14.4700,43800
1483114499,14.5000,14.5000,14.4601,14.4699,54600
1483114558,14.5101,14.5300,14.4900,14.4900,56200
1483114560,14.4900,14.5199,14.4850,14.5199,27900
1483114626,14.4700,14.4800,14.4600,14.4800,22400
1483114735,14.4800,14.4900,14.4600,14.4665,26300
1483114799,14.5000,14.5000,14.4800,14.4890,55400
1483114801,14.5200,14.5200,14.4939,14.4939,42400
1483114919,14.5050,14.5100,14.5000,14.5100,15700
1483114978,14.5350,14.5400,14.5100,14.5100,30400
1483114980,14.5500,14.5500,14.5300,14.5302,59200
1483115089,14.5400,14.5500,14.5400,14.5410,18800
1483115101,14.5790,14.5790,14.5400,14.5450,60500
1483115219,14.5900,14.6000,14.5700,14.5800,67300
1483115221,14.5800,14.6000,14.5700,14.6000,37100
1483115336,14.5801,14.5900,14.5700,14.5710,29900
1483115347,14.5723,14.5800,14.5700,14.5800,16400
1483115405,14.5958,14.6000,14.5700,14.5700,32200
1483115461,14.6099,14.6100,14.5901,14.6000,83100
1483115520,14.5900,14.6200,14.5800,14.6000,44800
1483115636,14.5760,14.5992,14.5740,14.5900,28100
1483115645,14.5950,14.5950,14.5700,14.5701,27500
1483115700,14.6150,14.6300,14.5900,14.6000,97400
1483115814,14.6107,14.6190,14.6000,14.6100,27100
1483115879,14.6001,14.6200,14.6000,14.6100,20500
1483115934,14.5940,14.6198,14.5900,14.6052,35500
1483115940,14.6101,14.6200,14.5932,14.5932,44700
1483116007,14.6200,14.6300,14.6100,14.6200,48600
1483116112,14.6100,14.6299,14.6100,14.6250,20400
1483116178,14.6150,14.6200,14.6100,14.6110,8800
1483116239,14.5940,14.6200,14.5800,14.6100,39500
1483116292,14.5900,14.6200,14.5900,14.6000,27900
1483116300,14.5900,14.6000,14.5900,14.6000,10500
1483116365,14.5910,14.5958,14.5836,14.5900,16700
1483116430,14.5500,14.5900,14.5500,14.5900,44100
1483116532,14.5700,14.5700,14.5400,14.5400,23000
1483116598,14.5340,14.5687,14.5300,14.5687,44600
1483116658,14.5200,14.5350,14.5200,14.5346,25800
1483116712,14.5253,14.5253,14.5100,14.5200,20100
1483116723,14.5100,14.5290,14.5100,14.5200,10000
1483116833,14.5300,14.5399,14.5000,14.5100,52700
1483116898,14.5700,14.5700,14.5400,14.5400,11200
1483116952,14.5600,14.5700,14.5500,14.5700,19800
1483117017,14.5900,14.5900,14.5650,14.5666,16700
1483117077,14.6200,14.6200,14.5801,14.5900,65100
1483117139,14.6100,14.6199,14.6001,14.6199,24700
1483117140,14.6100,14.6200,14.6100,14.6165,24200
1483117257,14.5937,14.6100,14.5899,14.6060,23300
1483117319,14.5800,14.6000,14.5800,14.5900,7500
1483117321,14.5700,14.5962,14.5700,14.5800,33700
1483117433,14.5700,14.5800,14.5650,14.5700,16400
1483117448,14.5430,14.5800,14.5400,14.5700,32500
1483117556,14.5250,14.5400,14.5200,14.5400,34200
1483117563,14.5600,14.5700,14.5250,14.5300,19200
1483117675,14.5512,14.5665,14.5500,14.5539,14200
1483117734,14.5441,14.5600,14.5401,14.5600,10900
1483117741,14.5500,14.5700,14.5450,14.5500,23700
1483117805,14.5648,14.5700,14.5500,14.5550,22100
1483117912,14.5500,14.5800,14.5500,14.5650,32000
1483117978,14.5432,14.5550,14.5400,14.5550,30100
1483118039,14.5400,14.5500,14.5300,14.5450,21400
1483118042,14.5300,14.5393,14.5300,14.5365,6600
1483118109,14.5301,14.5388,14.5300,14.5388,32000
1483118165,14.5250,14.5350,14.5200,14.5300,30300
1483118279,14.5147,14.5250,14.5100,14.5200,20600
1483118339,14.5200,14.5300,14.5100,14.5139,38200
1483118398,14.5200,14.5300,14.5200,14.5200,32200
1483118445,14.5400,14.5500,14.5235,14.5235,13100
1483118460,14.5300,14.5430,14.5200,14.5401,11100
1483118521,14.5400,14.5500,14.5336,14.5359,10300
1483118631,14.5400,14.5400,14.5350,14.5400,2600
1483118699,14.5398,14.5400,14.5327,14.5339,14900
1483118752,14.5400,14.5500,14.5300,14.5350,12800
1483118819,14.5440,14.5500,14.5400,14.5440,17500
1483118821,14.5400,14.5500,14.5400,14.5400,25700
1483118939,14.5500,14.5700,14.5400,14.5500,50000
1483118940,14.5700,14.5800,14.5500,14.5500,20200
1483119058,14.5800,14.5800,14.5600,14.5610,15500
1483119061,14.6000,14.6000,14.5800,14.5800,41000
1483119178,14.6100,14.6200,14.5901,14.5901,63300
1483119238,14.6199,14.6200,14.6050,14.6100,24000
1483119298,14.6092,14.6200,14.6000,14.6100,19200
1483119359,14.6253,14.6300,14.6000,14.6045,52700
1483119361,14.6200,14.6400,14.6100,14.6300,40800
1483119477,14.6300,14.6400,14.6200,14.6200,20900
1483119539,14.6000,14.6399,14.5950,14.6399,62300
1483119598,14.5937,14.6061,14.5850,14.6061,25400
1483119659,14.5850,14.5999,14.5741,14.5999,11700
1483119661,14.5737,14.5850,14.5700,14.5850,39400
1483119778,14.5700,14.6001,14.5600,14.5700,53800
1483119830,14.5859,14.5900,14.5600,14.5800,10800
1483119897,14.5851,14.6000,14.5800,14.5900,18000
1483119959,14.5590,14.5800,14.5590,14.5800,34900
1483119960,14.5700,14.5709,14.5500,14.5550,35600
1483120029,14.5501,14.5649,14.5501,14.5649,3200
1483120130,14.5599,14.5600,14.5593,14.5600,5300
1483120192,14.5500,14.5800,14.5500,14.5542,9000
1483120255,14.5400,14.5500,14.5300,14.5500,12600
1483120262,14.5500,14.5500,14.5300,14.5310,10600
1483120378,14.5500,14.5600,14.5400,14.5455,15700
1483120380,14.5450,14.5500,14.5400,14.5500,6400
1483120498,14.5600,14.5600,14.5400,14.5400,16400
1483120559,14.5236,14.5599,14.5200,14.5501,31100
1483120564,14.5225,14.5300,14.5127,14.5200,34800
1483120677,14.5100,14.5200,14.5100,14.5200,5600
1483120735,14.5300,14.5339,14.5100,14.5150,19100
1483120799,14.5400,14.5400,14.5210,14.5300,24700
1483120800,14.5350,14.5400,14.5301,14.5400,11900
1483120867,14.5100,14.5300,14.5010,14.5300,42500
1483120976,14.4800,14.5065,14.4750,14.5065,70300
1483121039,14.4575,14.4900,14.4500,14.4827,64800
1483121099,14.4500,14.4600,14.4500,14.4566,16600
1483121100,14.4439,14.4600,14.4400,14.4600,19400
1483121161,14.4510,14.4550,14.4400,14.4450,22000
1483121279,14.4500,14.4599,14.4400,14.4599,9800
1483121339,14.4464,14.4600,14.4464,14.4535,9500
1483121381,14.4300,14.4400,14.4300,14.4400,4900
1483121459,14.4439,14.4500,14.4300,14.4399,34100
1483121518,14.4600,14.4800,14.4300,14.4400,39900
1483121521,14.4642,14.4750,14.4500,14.4600,19100
1483121639,14.4710,14.4773,14.4550,14.4650,32300
1483121698,14.4700,14.4858,14.4700,14.4800,7000
1483121758,14.4900,14.5000,14.4650,14.4658,48800
1483121761,14.5207,14.5207,14.4850,14.4900,24400
1483121878,14.5200,14.5300,14.5100,14.5200,26200
1483121933,14.5160,14.5300,14.5059,14.5192,13100
1483121951,14.5400,14.5400,14.5150,14.5200,5300
1483122047,14.5200,14.5300,14.5200,14.5300,13700
1483122064,14.5199,14.5300,14.5150,14.5225,15300
1483122120,14.5170,14.5200,14.5100,14.5101,21600
1483122234,14.5400,14.5400,14.5100,14.5101,32400
1483122241,14.5400,14.5400,14.5300,14.5300,13000
1483122357,14.5180,14.5331,14.5100,14.5331,17700
1483122367,14.5135,14.5199,14.5100,14.5100,2500
1483122478,14.5000,14.5165,14.5000,14.5100,17300
1483122538,14.5100,14.5100,14.5000,14.5093,3700
1483122547,14.5000,14.5100,14.5000,14.5100,24000
1483122600,14.5100,14.5100,14.5000,14.5000,6900
1483122707,14.5000,14.5100,14.5000,14.5100,7800
1483122721,14.5301,14.5400,14.5000,14.5000,48500
1483122828,14.5299,14.5301,14.5200,14.5301,15700
1483122848,14.5000,14.5300,14.5000,14.5300,5700
1483122902,14.5234,14.5300,14.5100,14.5100,7800
1483123017,14.5350,14.5400,14.5300,14.5300,20000
1483123023,14.5370,14.5400,14.5350,14.5396,12700
1483123120,14.5315,14.5400,14.5315,14.5350,2900
1483123140,14.5352,14.5400,14.5300,14.5400,10300
1483123247,14.5400,14.5400,14.5300,14.5300,900
1483123318,14.5700,14.5700,14.5350,14.5400,59600
1483123320,14.5700,14.5700,14.5550,14.5699,29000
1483123427,14.5600,14.5700,14.5600,14.5657,5500
1483123497,14.5400,14.5600,14.5300,14.5600,33200
1483123557,14.5352,14.5390,14.5200,14.5300,4800
1483123619,14.5450,14.5600,14.5350,14.5350,5400
1483123667,14.5550,14.5600,14.5500,14.5500,2000
1483123738,14.5700,14.5750,14.5400,14.5562,27400
1483123740,14.5700,14.5800,14.5600,14.5750,38400
1483123833,14.5750,14.5800,14.5700,14.5700,3500
1483123914,14.5639,14.5750,14.5600,14.5700,8200
1483123979,14.5750,14.5800,14.5600,14.5659,15400
1483123983,14.5850,14.5900,14.5710,14.5796,14300
1483124043,14.5600,14.5850,14.5600,14.5800,19500
1483124158,14.5401,14.5650,14.5400,14.5650,34800
1483124218,14.5283,14.5450,14.5200,14.5439,14000
1483124226,14.5400,14.5444,14.5200,14.5200,13100
1483124294,14.5450,14.5500,14.5350,14.5350,17400
1483124389,14.5300,14.5400,14.5200,14.5400,22600
1483124402,14.5100,14.5284,14.5100,14.5239,11500
1483124470,14.5301,14.5301,14.5150,14.5150,10000
1483124521,14.5261,14.5300,14.5200,14.5300,14500
1483124591,14.5300,14.5300,14.5100,14.5250,7800
1483124640,14.5201,14.5300,14.5200,14.5200,13900
1483124758,14.5400,14.5400,14.5125,14.5259,11900
1483124808,14.5299,14.5357,14.5250,14.5357,8500
1483124878,14.5250,14.5400,14.5200,14.5250,33600
1483124937,14.5200,14.5300,14.5100,14.5200,11700
1483124998,14.5000,14.5198,14.5000,14.5150,21200
1483125057,14.4975,14.5099,14.4938,14.5000,33500
1483125060,14.4750,14.4950,14.4700,14.4910,38600
1483125178,14.4850,14.4900,14.4750,14.4800,30400
1483125239,14.4820,14.4990,14.4810,14.4861,37000
1483125241,14.4900,14.4900,14.4800,14.4810,7300
1483125352,14.4835,14.4900,14.4800,14.4800,4400
1483125368,14.4600,14.4850,14.4600,14.4850,31600
1483125420,14.4641,14.4700,14.4600,14.4650,17800
1483125534,14.4741,14.4800,14.4650,14.4690,12900
1483125586,14.4787,14.4800,14.4701,14.4750,19600
1483125600,14.4900,14.4900,14.4750,14.4784,17500
1483125713,14.4951,14.5000,14.4801,14.4801,17900
1483125766,14.5050,14.5100,14.5000,14.5000,18200
1483125831,14.4796,14.4900,14.4700,14.4900,12900
1483125894,14.4700,14.4800,14.4700,14.4800,13700
1483125908,14.4890,14.4900,14.4700,14.4750,8600
1483125967,14.4872,14.4900,14.4800,14.4850,7200
1483126028,14.4999,14.5000,14.4850,14.4900,34500
1483126137,14.4900,14.5000,14.4800,14.4941,6100
1483126140,14.4974,14.5000,14.4900,14.4900,15100
1483126211,14.4900,14.5000,14.4900,14.4999,4200
1483126319,14.5100,14.5100,14.4800,14.5000,30200
1483126320,14.5300,14.5400,14.5100,14.5100,28700
1483126381,14.5000,14.5400,14.4990,14.5400,26400
1483126450,14.5050,14.5098,14.4900,14.5030,7600
1483126548,14.5000,14.5100,14.5000,14.5000,4500
1483126611,14.5200,14.5200,14.5050,14.5050,12700
1483126675,14.5300,14.5300,14.5138,14.5200,14000
1483126735,14.5200,14.5300,14.5134,14.5299,31100
1483126799,14.5348,14.5350,14.5140,14.5142,29400
1483126858,14.5300,14.5300,14.5200,14.5300,39200
1483126913,14.5164,14.5300,14.5100,14.5300,19900
1483126976,14.5500,14.5500,14.5100,14.5150,31100
1483127030,14.5300,14.5500,14.5200,14.5459,27900
1483127097,14.5266,14.5400,14.5200,14.5201,19600
1483127156,14.5350,14.5400,14.5235,14.5262,8800
1483127219,14.5242,14.5350,14.5200,14.5350,25200
1483127277,14.5400,14.5400,14.5100,14.5200,25800
1483127339,14.5200,14.5400,14.5125,14.5301,60400
1483127340,14.5200,14.5200,14.5107,14.5200,7400
1483127456,14.4959,14.5200,14.4959,14.5200,20400
1483127518,14.4901,14.5000,14.4850,14.4900,12700
1483127579,14.5000,14.5000,14.4900,14.4900,4200
1483127638,14.5042,14.5100,14.4950,14.4950,16900
1483127696,14.5100,14.5100,14.5000,14.5000,2400
1483127756,14.4939,14.5100,14.4900,14.5041,28600
1483127819,14.5000,14.5000,14.4900,14.5000,32700
1483127874,14.4940,14.5000,14.4901,14.4961,11500
1483127938,14.4700,14.4950,14.4700,14.4900,25500
1483127941,14.4750,14.4800,14.4700,14.4800,11800
1483128059,14.4639,14.4800,14.4600,14.4700,40600
1483128118,14.4740,14.4800,14.4600,14.4650,39000
1483128179,14.4641,14.4800,14.4640,14.4800,36200
1483128239,14.4800,14.4800,14.4600,14.4600,22500
1483128297,14.4750,14.4800,14.4700,14.4750,18400
1483128301,14.5100,14.5100,14.4750,14.4750,45300
1483128418,14.5250,14.5250,14.5101,14.5200,14900
1483128420,14.5150,14.5300,14.5150,14.5239,31700
1483128495,14.5000,14.5200,14.5000,14.5200,17000
1483128598,14.4900,14.5100,14.4900,14.5059,21100
1483128600,14.5000,14.5000,14.4900,14.4990,6100
1483128715,14.4901,14.5100,14.4900,14.4992,35300
1483128778,14.4800,14.4959,14.4800,14.4900,17200
1483128786,14.4900,14.5000,14.4800,14.4850,31000
1483128892,14.4941,14.5000,14.4800,14.4950,38900
1483128954,14.5200,14.5200,14.4900,14.5000,47900
1483128961,14.5100,14.5200,14.5042,14.5101,38600
1483129031,14.5100,14.5200,14.5000,14.5000,20700
1483129135,14.5101,14.5150,14.5050,14.5150,12500
1483129199,14.5100,14.5150,14.5000,14.5150,21200
1483129259,14.4900,14.5100,14.4900,14.5099,33900
1483129309,14.5050,14.5100,14.4900,14.5000,25600
1483129365,14.5050,14.5100,14.5000,14.5000,18000
1483129385,14.5290,14.5300,14.5000,14.5000,68700
1483129499,14.5100,14.5299,14.5100,14.5200,18800
1483129558,14.5150,14.5200,14.5100,14.5100,25900
1483129561,14.4950,14.5199,14.4901,14.5100,38800
1483129620,14.5000,14.5099,14.4900,14.4985,40300
1483129739,14.5190,14.5200,14.5000,14.5050,15200
1483129794,14.5285,14.5300,14.5100,14.5100,24800
1483129849,14.5400,14.5400,14.5200,14.5200,72100
1483129861,14.5307,14.5400,14.5300,14.5343,7700
1483129977,14.5350,14.5400,14.5310,14.5358,8300
1483130039,14.5400,14.5400,14.5300,14.5350,7700
1483130099,14.5400,14.5500,14.5300,14.5399,56800
1483130155,14.5200,14.5400,14.5200,14.5400,27800
1483130219,14.5400,14.5400,14.5200,14.5250,40200
1483130278,14.5400,14.5400,14.5300,14.5350,10300
1483130339,14.5400,14.5400,14.5335,14.5400,13600
1483130399,14.5300,14.5400,14.5259,14.5400,46700
1483130458,14.5200,14.5300,14.5200,14.5201,29500
1483130461,14.5100,14.5299,14.5100,14.5250,37400
1483130576,14.5064,14.5150,14.5000,14.5145,47200
1483130639,14.5000,14.5100,14.5000,14.5099,23900
1483130697,14.5100,14.5100,14.5000,14.5000,23300
1483130758,14.5035,14.5100,14.5000,14.5000,49000
1483130819,14.5090,14.5100,14.5000,14.5000,45700
1483130879,14.5020,14.5150,14.5000,14.5000,86400
1483130936,14.5200,14.5200,14.5050,14.5100,96900
1483130940,14.4933,14.5200,14.4900,14.5200,62600
1483131059,14.4700,14.4900,14.4650,14.4900,117900
1483131119,14.4600,14.4700,14.4600,14.4631,24300
1483131120,14.4761,14.4800,14.4600,14.4700,91200
1483131239,14.4800,14.4800,14.4700,14.4800,37700
1483131240,14.4700,14.4800,14.4700,14.4700,38600
1483131358,14.4899,14.4900,14.4600,14.4700,114000
1483131360,14.5000,14.5000,14.4850,14.4900,891900
1483131421,14.5100,14.5100,14.4900,14.5000,642800
1483131480,14.5250,14.5290,14.5000,14.5093,254000
1483131540,14.5100,14.5300,14.5100,14.5250,157800
1483131600,14.5100,14.5100,14.5100,14.5100,500
