uri:/instrument/1.0/GOGL/chartdata;type=quote;range=1d/csv
ticker:gogl
Company-Name:Golden Ocean Group Limited
Exchange-Name:NMS
unit:MIN
timezone:EST
currency:USD
gmtoffset:-18000
previous_close:4.7400
Timestamp:1483108200,1483131600
labels:1483110000,1483113600,1483117200,1483120800,1483124400,1483128000,1483131600
values:Timestamp,close,high,low,open,volume
close:4.6800,4.8200
high:4.6900,4.8232
low:4.6800,4.8200
open:4.6900,4.8232
volume:100,22200
1483109111,4.8000,4.8000,4.8000,4.8000,12600
1483109384,4.8100,4.8100,4.8100,4.8100,700
1483109586,4.7963,4.7963,4.7963,4.7963,300
1483109900,4.8200,4.8200,4.8200,4.8200,400
1483110059,4.8122,4.8122,4.8122,4.8122,200
1483110534,4.8200,4.8200,4.8200,4.8200,700
1483110653,4.8200,4.8232,4.8200,4.8232,1400
1483110788,4.7600,4.8100,4.7400,4.8100,22200
1483110993,4.7700,4.7700,4.7700,4.7700,100
1483112596,4.7780,4.7780,4.7778,4.7778,200
1483112723,4.7700,4.7700,4.7700,4.7700,5100
1483113146,4.7772,4.7772,4.7772,4.7772,200
1483113674,4.7700,4.7700,4.7700,4.7700,1400
1483114054,4.7600,4.7600,4.7600,4.7600,600
1483114233,4.7500,4.7500,4.7500,4.7500,300
1483114421,4.7600,4.7600,4.7600,4.7600,500
1483114801,4.7545,4.7545,4.7545,4.7545,200
1483114917,4.7500,4.7500,4.7500,4.7500,400
1483115137,4.7500,4.7501,4.7500,4.7501,6700
1483115182,4.7570,4.7570,4.7570,4.7570,2600
1483115540,4.7400,4.7400,4.7400,4.7400,300
1483115906,4.7500,4.7500,4.7500,4.7500,100
1483116079,4.7400,4.7400,4.7400,4.7400,2200
1483118174,4.7300,4.7300,4.7300,4.7300,100
1483118264,4.7260,4.7260,4.7200,4.7200,200
1483118333,4.7300,4.7300,4.7300,4.7300,100
1483118379,4.7202,4.7202,4.7100,4.7202,800
1483118464,4.7105,4.7105,4.7100,4.7100,200
1483118775,4.7200,4.7200,4.7200,4.7200,1700
1483119239,4.7371,4.7371,4.7300,4.7300,400
1483120221,4.7100,4.7100,4.7100,4.7100,300
1483120383,4.7030,4.7030,4.7030,4.7030,200
1483121247,4.7050,4.7050,4.7050,4.7050,100
1483121867,4.7044,4.7044,4.7044,4.7044,100
1483122141,4.7100,4.7100,4.7100,4.7100,2500
1483122371,4.7124,4.7124,4.7124,4.7124,100
1483122436,4.7141,4.7141,4.7141,4.7141,100
1483122523,4.7299,4.7299,4.7299,4.7299,100
1483123292,4.7300,4.7300,4.7300,4.7300,400
1483124198,4.7278,4.7278,4.7000,4.7200,400
1483124440,4.7171,4.7171,4.7171,4.7171,200
1483124486,4.7400,4.7400,4.7400,4.7400,100
1483124825,4.7100,4.7100,4.7100,4.7100,200
1483124963,4.7100,4.7241,4.7100,4.7241,1100
1483125416,4.7399,4.7399,4.7399,4.7399,1400
1483126097,4.7100,4.7100,4.7100,4.7100,100
1483126837,4.7000,4.7000,4.7000,4.7000,600
1483127184,4.7170,4.7300,4.7170,4.7300,1100
1483127227,4.7400,4.7400,4.7400,4.7400,400
1483127488,4.7000,4.7400,4.7000,4.7203,1900
1483127527,4.6800,4.7310,4.6800,4.7300,4800
1483127592,4.7340,4.7340,4.7340,4.7340,500
1483127948,4.7200,4.7200,4.7200,4.7200,100
1483128010,4.7400,4.7400,4.7400,4.7400,400
1483128193,4.7200,4.7540,4.7200,4.7540,300
1483129196,4.7300,4.7301,4.7300,4.7300,1300
1483129206,4.7352,4.7352,4.7200,4.7200,1200
1483129309,4.7200,4.7200,4.7200,4.7200,300
1483129544,4.7242,4.7242,4.7100,4.7100,200
1483129580,4.7100,4.7100,4.7100,4.7100,200
1483129692,4.7120,4.7300,4.7100,4.7300,500
1483129798,4.7101,4.7101,4.7100,4.7100,1100
1483129842,4.7000,4.7153,4.7000,4.7100,1000
1483129885,4.7105,4.7200,4.7100,4.7200,600
1483129925,4.7162,4.7162,4.7162,4.7162,200
1483129986,4.7100,4.7131,4.7100,4.7131,1300
1483130042,4.7000,4.7000,4.7000,4.7000,100
1483130127,4.7100,4.7100,4.7100,4.7100,200
1483130208,4.7100,4.7100,4.7050,4.7050,200
1483130362,4.7200,4.7200,4.7200,4.7200,100
1483130465,4.7068,4.7090,4.7000,4.7090,400
1483130562,4.7100,4.7100,4.7100,4.7100,100
1483130837,4.7150,4.7200,4.7150,4.7200,400
1483130910,4.7100,4.7100,4.7100,4.7100,200
1483130970,4.7000,4.7020,4.7000,4.7000,700
1483131039,4.7100,4.7100,4.7050,4.7072,800
1483131342,4.6900,4.6900,4.6900,4.6900,100
1483131439,4.7100,4.7100,4.7100,4.7100,1600
1483131510,4.7000,4.7000,4.7000,4.7000,600
1483131600,4.7100,4.7100,4.7100,4.7100,500
